2  5  1 
0.063895
3  6  4  1 
0.006450
3  6  5  1 
0.006450
4  1 
0.083326
5  1 
0.086411
6  4  1 
0.011349
6  5  1 
0.011349
7  4  1 
0.095586
8  11   1 
0.075585
9  7  4  1 
0.011443
10   3   6   4   1 
0.020291
10   3   6   5   1 
0.020291
10   9   7   4   1 
0.020291
11   1 
0.424253
1  5  2 
0.057873
3  6  5  2 
0.078690
4  1  5  2 
0.009276
4  6  5  2 
0.009276
5  2 
0.134762
6  5  2 
0.050846
7  4  1  5  2 
0.058394
7  4  6  5  2 
0.058394
8  2 
0.025972
9  3  6  5  2 
0.009759
10   3   6   5   2 
0.037129
11   8   2 
0.022269
1  4  6  3 
0.019453
1  5  6  3 
0.019453
2  5  6  3 
0.272375
4  6  3 
0.026851
5  6  3 
0.032895
6  3 
0.078004
7  9  3 
0.060156
8  2  5  6  3 
0.070859
9  3 
0.072062
10   3 
0.086048
11   1   4   6   3 
0.043064
11   1   5   6   3 
0.043064
1  4 
0.035138
2  5  1  4 
0.057481
2  5  6  4 
0.057481
3  6  4 
0.009040
5  1  4 
0.020226
5  6  4 
0.020226
6  4 
0.010050
7  4 
0.544115
8  11   1   4 
0.063665
9  7  4 
0.012728
10   3   6   4 
0.012975
10   9   7   4 
0.012975
11   1   4 
0.027734
1  5 
0.084695
2  5 
0.573169
3  6  5 
0.062061
4  1  5 
0.013977
4  6  5 
0.013977
6  5 
0.048356
7  4  1  5 
0.047523
7  4  6  5 
0.047523
8  2  5 
0.115889
9  3  6  5 
0.043568
10   3   6   5 
0.066721
11   1   5 
0.225514
1  4  6 
0.013904
1  5  6 
0.013904
2  5  6 
0.189439
3  6 
0.031531
4  6 
0.019202
5  6 
0.090261
7  4  6 
0.035087
8  2  5  6 
0.063520
9  3  6 
0.003647
10   3   6 
0.026519
11   1   4   6 
0.027153
11   1   5   6 
0.027153
1  4  7 
0.068487
2  5  1  4  7 
0.405386
2  5  6  4  7 
0.405386
3  9  7 
0.040259
4  7 
0.108902
5  1  4  7 
0.080637
5  6  4  7 
0.080637
6  4  7 
0.066007
8  11   1   4   7 
0.317939
9  7 
0.045000
10   9   7 
0.164256
11   1   4   7 
0.300485
1  11   8 
0.197131
2  8 
0.397105
3  6  5  2  8 
0.102807
4   1  11   8 
0.181527
5  2  8 
0.256569
6  5  2  8 
0.115594
7   4   1  11   8 
0.400540
9  3  6  5  2  8 
0.027567
9   7   4   1  11   8 
0.027567
10   3   6   5   2   8 
0.147982
11   8 
0.331344
1  4  7  9 
0.004404
2  5  6  3  9 
0.044620
3  9 
0.070333
4  7  9 
0.005557
5  6  3  9 
0.017194
6  3  9 
0.004158
7  9 
0.027732
8  2  5  6  3  9 
0.005608
8  11   1   4   7   9 
0.005608
10   9 
0.018374
11   1   4   7   9 
0.011487
1   4   6   3  10 
0.013335
1   4   7   9  10 
0.013335
1   5   6   3  10 
0.022484
2   5   6   3  10 
0.373144
3  10 
0.030740
4   6   3  10 
0.004556
4   7   9  10 
0.004556
5   6   3  10 
0.024399
6   3  10 
0.019323
7   9  10 
0.128035
8   2   5   6   3  10 
0.115573
9  10 
0.017339
11   1   4   6   3  10 
0.013252
11   1   4   7   9  10 
0.013252
11   1   5   6   3  10 
0.022254
1  11 
0.601030
2   8  11 
0.402461
3   6   4   1  11 
0.094791
3   6   5   1  11 
0.094791
4   1  11 
0.090200
5   1  11 
0.256275
6   4   1  11 
0.058582
6   5   1  11 
0.058582
7   4   1  11 
0.324216
8  11 
0.863076
9   7   4   1  11 
0.024739
10   3   6   4   1  11 
0.062058
10   3   6   5   1  11 
0.062058
10   9   7   4   1  11 
0.062058
