2 1 2 0.079160 * 2  5  1 
3 1 3 0.009205 * 3  6  4  1 
3 1 3 0.009205 * 3  6  5  1 
4 1 1 0.013869 * 4  1 
5 1 1 0.076384 * 5  1 
6 1 2 0.007048 * 6  4  1 
6 1 2 0.007048 * 6  5  1 
7 1 2 0.095853 * 7  4  1 
8 1 2 0.097416 * 8  11   1 
9 1 3 0.015661 * 9  7  4  1 
10 1 4 0.011950 * 10   3   6   4   1 
10 1 4 0.011950 * 10   3   6   5   1 
10 1 4 0.011950 * 10   9   7   4   1 
11 1 1 0.506002 * 11   1 
1 2 2 0.066622 * 1  5  2 
3 2 3 0.060637 * 3  6  5  2 
4 2 3 0.117032 * 4  1  5  2 
4 2 3 0.117032 * 4  6  5  2 
5 2 1 0.106719 * 5  2 
6 2 2 0.044384 * 6  5  2 
7 2 4 0.053915 * 7  4  1  5  2 
7 2 4 0.053915 * 7  4  6  5  2 
8 2 1 0.018995 * 8  2 
9 2 4 0.015120 * 9  3  6  5  2 
10 2 4 0.041761 * 10   3   6   5   2 
11 2 2 0.058104 * 11   8   2 
1 3 3 0.017584 * 1  4  6  3 
1 3 3 0.017584 * 1  5  6  3 
2 3 3 0.237133 * 2  5  6  3 
4 3 2 0.033029 * 4  6  3 
5 3 2 0.057849 * 5  6  3 
6 3 1 0.014486 * 6  3 
7 3 2 0.019506 * 7  9  3 
8 3 4 0.042392 * 8  2  5  6  3 
9 3 1 0.063623 * 9  3 
10 3 1 0.041897 * 10   3 
11 3 4 0.019540 * 11   1   4   6   3 
11 3 4 0.019540 * 11   1   5   6   3 
1 4 1 0.037902 * 1  4 
2 4 3 0.089671 * 2  5  1  4 
2 4 3 0.089671 * 2  5  6  4 
3 4 2 0.008701 * 3  6  4 
5 4 2 0.027328 * 5  1  4 
5 4 2 0.027328 * 5  6  4 
6 4 1 0.011329 * 6  4 
7 4 1 0.080039 * 7  4 
8 4 3 0.028747 * 8  11   1   4 
9 4 2 0.005832 * 9  7  4 
10 4 3 0.007196 * 10   3   6   4 
10 4 3 0.007196 * 10   9   7   4 
11 4 2 0.018451 * 11   1   4 
1 5 1 0.081648 * 1  5 
2 5 1 0.599278 * 2  5 
3 5 2 0.041620 * 3  6  5 
4 5 2 0.016547 * 4  1  5 
4 5 2 0.016547 * 4  6  5 
6 5 1 0.075114 * 6  5 
7 5 3 0.044093 * 7  4  1  5 
7 5 3 0.044093 * 7  4  6  5 
8 5 2 0.132261 * 8  2  5 
9 5 3 0.038246 * 9  3  6  5 
10 5 3 0.035928 * 10   3   6   5 
11 5 2 0.141750 * 11   1   5 
1 6 2 0.021894 * 1  4  6 
1 6 2 0.021894 * 1  5  6 
2 6 2 0.192904 * 2  5  6 
3 6 1 0.022547 * 3  6 
4 6 1 0.033499 * 4  6 
5 6 1 0.060290 * 5  6 
7 6 2 0.027468 * 7  4  6 
8 6 3 0.052095 * 8  2  5  6 
9 6 2 0.002523 * 9  3  6 
10 6 2 0.025797 * 10   3   6 
11 6 3 0.035516 * 11   1   4   6 
11 6 3 0.035516 * 11   1   5   6 
1 7 2 0.087615 * 1  4  7 
2 7 4 0.415312 * 2  5  1  4  7 
2 7 4 0.415312 * 2  5  6  4  7 
3 7 2 0.020302 * 3  9  7 
4 7 1 0.090458 * 4  7 
5 7 3 0.069074 * 5  1  4  7 
5 7 3 0.069074 * 5  6  4  7 
6 7 2 0.040913 * 6  4  7 
8 7 4 0.260079 * 8  11   1   4   7 
9 7 1 0.032112 * 9  7 
10 7 2 0.148020 * 10   9   7 
11 7 3 0.290261 * 11   1   4   7 
1 8 2 0.200888 * 1  11   8 
2 8 1 0.350168 * 2  8 
3 8 4 0.061571 * 3  6  5  2  8 
4 8 3 0.185031 * 4   1  11   8 
5 8 2 0.275974 * 5  2  8 
6 8 3 0.100540 * 6  5  2  8 
7 8 4 0.292952 * 7   4   1  11   8 
9 8 5 0.018181 * 9  3  6  5  2  8 
9 8 5 0.018181 * 9   7   4   1  11   8 
10 8 5 0.127108 * 10   3   6   5   2   8 
11 8 1 0.272373 * 11   8 
1 9 3 0.002353 * 1  4  7  9 
2 9 4 0.040106 * 2  5  6  3  9 
3 9 1 0.037086 * 3  9 
4 9 2 0.003876 * 4  7  9 
5 9 3 0.015265 * 5  6  3  9 
6 9 2 0.002248 * 6  3  9 
7 9 1 0.041017 * 7  9 
8 9 5 0.007408 * 8  2  5  6  3  9 
8 9 5 0.007408 * 8  11   1   4   7   9 
10 9 1 0.012398 * 10   9 
11 9 4 0.005571 * 11   1   4   7   9 
1 10 4 0.023754 * 1   4   6   3  10 
1 10 4 0.023754 * 1   4   7   9  10 
1 10 4 0.038976 * 1   5   6   3  10 
2 10 4 0.448229 * 2   5   6   3  10 
3 10 1 0.014308 * 3  10 
4 10 3 0.006669 * 4   6   3  10 
4 10 3 0.006669 * 4   7   9  10 
5 10 3 0.017959 * 5   6   3  10 
6 10 2 0.017744 * 6   3  10 
7 10 2 0.116256 * 7   9  10 
8 10 5 0.112111 * 8   2   5   6   3  10 
9 10 1 0.010411 * 9  10 
11 10 5 0.011796 * 11   1   4   6   3  10 
11 10 5 0.011796 * 11   1   4   7   9  10 
11 10 5 0.011796 * 11   1   5   6   3  10 
1 11 1 0.946121 * 1  11 
2 11 2 0.266538 * 2   8  11 
3 11 4 0.047702 * 3   6   4   1  11 
3 11 4 0.047702 * 3   6   5   1  11 
4 11 2 0.147101 * 4   1  11 
5 11 2 0.291907 * 5   1  11 
6 11 3 0.024672 * 6   4   1  11 
6 11 3 0.024672 * 6   5   1  11 
7 11 3 0.345599 * 7   4   1  11 
8 11 1 0.625198 * 8  11 
9 11 4 0.028530 * 9   7   4   1  11 
10 11 5 0.062184 * 10   3   6   4   1  11 
10 11 5 0.062184 * 10   3   6   5   1  11 
10 11 5 0.062184 * 10   9   7   4   1  11 
