2 1 0.252382 0.061271 * 2  5  1  0 
2 1 0.348618 0.007870 * 2   8  11   1 
3 1 0.350167 0.015773 * 3  6  4  1 
3 1 0.328122 0.012563 * 3  6  5  1 
4 1 0.123869 0.010865 * 4  1 
5 1 0.108454 0.110385 * 5  1 
6 1 0.240483 0.007033 * 6  4  1 
6 1 0.218438 0.005602 * 6  5  1 
7 1 0.240794 0.094037 * 7  4  1 
8 1 0.233085 0.088488 * 8  11   1 
9 1 0.451730 0.005412 * 9  3  6  4  1 
9 1 0.429686 0.005412 * 9  3  6  5  1 
9 1 0.345931 0.006269 * 9  7  4  1  0 
10 1 0.454209 0.013293 * 10   3   6   4   1   0 
10 1 0.432165 0.013293 * 10   3   6   5   1   0 
10 1 0.555646 0.010062 * 10   9   3   6   4   1 
10 1 0.533602 0.010062 * 10   9   3   6   5   1 
10 1 0.449847 0.011656 * 10   9   7   4   1   0 
11 1 0.116769 0.439653 * 11   1 
1 2 0.224063 0.039460 * 1  5  2  0 
1 2 0.354797 0.039460 * 1  11   8   2 
3 2 0.333964 0.052899 * 3  6  5  2 
4 2 0.347932 0.041392 * 4  1  5  2  0 
4 2 0.478666 0.041392 * 4   1  11   8   2 
4 2 0.325643 0.018210 * 4  6  5  2  0 
5 2 0.114296 0.121742 * 5  2 
6 2 0.224280 0.035007 * 6  5  2 
7 2 0.464857 0.046943 * 7  4  1  5  2  0 
7 2 0.595590 0.046943 * 7   4   1  11   8   2 
7 2 0.442567 0.022825 * 7  4  6  5  2  0 
7 2 0.537738 0.008469 * 7  9  3  6  5  2 
8 2 0.104710 0.042287 * 8  2 
9 2 0.435527 0.016054 * 9  3  6  5  2 
10 2 0.438006 0.029969 * 10   3   6   5   2   0 
10 2 0.539443 0.014400 * 10   9   3   6   5   2 
11 2 0.216987 0.048489 * 11   8   2 
1 3 0.328524 0.006868 * 1  4  6  3  0 
1 3 0.438328 0.005772 * 1  4  7  9  3 
1 3 0.355816 0.011122 * 1  5  6  3  0 
2 3 0.389977 0.279157 * 2  5  6  3 
4 3 0.215782 0.018033 * 4  6  3  0 
4 3 0.325586 0.013064 * 4  7  9  3 
5 3 0.246048 0.040604 * 5  6  3 
6 3 0.114419 0.018641 * 6  3 
7 3 0.203775 0.027245 * 7  9  3 
8 3 0.494687 0.019928 * 8  2  5  6  3  0  0 
8 3 0.561609 0.011170 * 8  11   1   4   6   3   0 
8 3 0.671413 0.011170 * 8  11   1   4   7   9   3 
8 3 0.588901 0.011170 * 8  11   1   5   6   3   0 
9 3 0.101564 0.034978 * 9  3 
10 3 0.205479 0.014598 * 10   9   3 
10 3 0.104042 0.030380 * 10   3   0 
11 3 0.445293 0.011114 * 11   1   4   6   3   0 
11 3 0.555097 0.009341 * 11   1   4   7   9   3 
11 3 0.472585 0.017997 * 11   1   5   6   3   0 
1 4 0.112742 0.031523 * 1  4 
2 4 0.365124 0.060319 * 2  5  1  4  0 
2 4 0.392171 0.140264 * 2  5  6  4  0 
2 4 0.461359 0.006659 * 2   8  11   1   4 
3 4 0.226298 0.008439 * 3  6  4  0 
3 4 0.323236 0.001416 * 3  9  7  4 
5 4 0.221196 0.009818 * 5  1  4 
5 4 0.248243 0.022830 * 5  6  4 
6 4 0.116614 0.036199 * 6  4 
7 4 0.116925 0.064762 * 7  4 
8 4 0.345827 0.035540 * 8  11   1   4 
9 4 0.222062 0.010224 * 9  7  4 
10 4 0.330340 0.011082 * 10   3   6   4   0 
10 4 0.427279 0.002837 * 10   3   9   7   4 
10 4 0.325978 0.009489 * 10   9   7   4   0 
11 4 0.229511 0.022876 * 11   1   4 
1 5 0.109767 0.091355 * 1  5 
2 5 0.143928 0.654033 * 2  5 
3 5 0.219668 0.040772 * 3  6  5 
4 5 0.233636 0.016347 * 4  1  5 
4 5 0.211347 0.010842 * 4  6  5 
6 5 0.109984 0.070643 * 6  5 
7 5 0.350561 0.061269 * 7  4  1  5  0 
7 5 0.328272 0.040637 * 7  4  6  5  0 
7 5 0.423443 0.022989 * 7  9  3  6  5 
8 5 0.248639 0.106070 * 8  2  5  0 
8 5 0.342853 0.036758 * 8  11   1   5 
9 5 0.321232 0.033721 * 9  3  6  5 
10 5 0.323711 0.031446 * 10   3   6   5   0 
10 5 0.425147 0.015110 * 10   9   3   6   5 
11 5 0.226537 0.154563 * 11   1   5 
1 6 0.214104 0.005044 * 1  4  6 
1 6 0.241396 0.014085 * 1  5  6 
2 6 0.275557 0.185797 * 2  5  6 
3 6 0.109684 0.018688 * 3  6 
4 6 0.101363 0.019625 * 4  6 
5 6 0.131629 0.070518 * 5  6 
7 6 0.218287 0.020532 * 7  4  6  0 
7 6 0.313459 0.014875 * 7  9  3  6 
8 6 0.380268 0.032125 * 8  2  5  6  0 
8 6 0.447190 0.015119 * 8  11   1   4   6 
8 6 0.474482 0.015119 * 8  11   1   5   6 
9 6 0.211247 0.003179 * 9  3  6 
10 6 0.213726 0.017733 * 10   3   6   0 
10 6 0.315163 0.008521 * 10   9   3   6 
11 6 0.330874 0.014109 * 11   1   4   6 
11 6 0.358166 0.039399 * 11   1   5   6 
1 7 0.234553 0.136213 * 1  4  7 
2 7 0.486936 0.202303 * 2  5  1  4  7  0 
2 7 0.596289 0.083906 * 2  5  6  3  9  7 
2 7 0.513983 0.500015 * 2  5  6  4  7  0 
2 7 0.583171 0.021162 * 2   8  11   1   4   7 
3 7 0.206312 0.025014 * 3  9  7 
4 7 0.121812 0.038934 * 4  7 
5 7 0.343007 0.045780 * 5  1  4  7  0 
5 7 0.452360 0.018988 * 5  6  3  9  7 
5 7 0.370054 0.113152 * 5  6  4  7  0 
6 7 0.320731 0.006331 * 6  3  9  7 
6 7 0.238425 0.037725 * 6  4  7  0 
8 7 0.467638 0.264018 * 8  11   1   4   7 
9 7 0.105138 0.047253 * 9  7 
10 7 0.310354 0.019653 * 10   3   9   7 
10 7 0.209054 0.117118 * 10   9   7   0 
11 7 0.351322 0.287809 * 11   1   4   7 
1 8 0.339596 0.049504 * 1  5  2  8 
1 8 0.250086 0.167675 * 1  11   8   0 
2 8 0.115533 0.364756 * 2  8 
3 8 0.449496 0.083285 * 3  6  5  2  8 
4 8 0.463465 0.037297 * 4  1  5  2  8 
4 8 0.373955 0.119936 * 4   1  11   8   0 
4 8 0.441175 0.018133 * 4  6  5  2  8 
5 8 0.229828 0.279052 * 5  2  8 
6 8 0.339812 0.102310 * 6  5  2  8 
7 8 0.580389 0.080606 * 7  4  1  5  2  8 
7 8 0.490880 0.222151 * 7   4   1  11   8   0 
7 8 0.558100 0.039188 * 7  4  6  5  2  8 
9 8 0.551060 0.001425 * 9  3  6  5  2  8  0 
9 8 0.685527 0.014982 * 9  7  4  1  5  2  8 
9 8 0.596018 0.014982 * 9   7   4   1  11   8   0 
9 8 0.663238 0.007989 * 9  7  4  6  5  2  8 
10 8 0.553539 0.010693 * 10   3   6   5   2   8   0   0 
10 8 0.654976 0.006526 * 10   9   3   6   5   2   8   0 
10 8 0.789443 0.059142 * 10   9   7   4   1   5   2   8 
10 8 0.699934 0.059142 * 10   9   7   4   1  11   8   0 
10 8 0.767154 0.036580 * 10   9   7   4   6   5   2   8 
11 8 0.112276 0.309862 * 11   8 
1 9 0.429698 0.000459 * 1  4  6  3  9 
1 9 0.336764 0.004120 * 1  4  7  9  0 
2 9 0.682080 0.003948 * 2  5  1  4  6  3  9 
2 9 0.589147 0.028028 * 2  5  1  4  7  9  0 
2 9 0.491151 0.009841 * 2  5  6  3  9  0  0 
3 9 0.101174 0.031965 * 3  9 
4 9 0.316956 0.000465 * 4  6  3  9 
4 9 0.224023 0.004177 * 4  7  9  0 
5 9 0.538152 0.001323 * 5  1  4  6  3  9 
5 9 0.445218 0.009395 * 5  1  4  7  9  0 
5 9 0.347222 0.003299 * 5  6  3  9  0  0 
6 9 0.215593 0.003179 * 6  3  9 
7 9 0.102211 0.043839 * 7  9 
8 9 0.786791 0.002501 * 8  2  5  1  4  6  3  9 
8 9 0.693857 0.002914 * 8  2  5  1  4  7  9  0 
8 9 0.595861 0.002914 * 8  2  5  6  3  9  0  0 
8 9 0.662783 0.000939 * 8  11   1   4   6   3   9   0 
8 9 0.569850 0.000939 * 8  11   1   4   7   9   0   0 
10 9 0.205217 0.002100 * 10   3   9 
10 9 0.103916 0.012512 * 10   9   0 
11 9 0.546467 0.002973 * 11   1   4   6   3   9 
11 9 0.453534 0.004443 * 11   1   4   7   9   0 
1 10 0.531037 0.010834 * 1   4   6   3   9  10 
1 10 0.436507 0.010834 * 1   4   6   3  10   0 
1 10 0.438104 0.013988 * 1   4   7   9  10   0 
1 10 0.558329 0.026673 * 1   5   6   3   9  10 
1 10 0.463799 0.026673 * 1   5   6   3  10   0 
2 10 0.592490 0.073999 * 2   5   6   3   9  10 
2 10 0.497960 0.374487 * 2   5   6   3  10   0 
3 10 0.202514 0.003435 * 3   9  10 
3 10 0.107983 0.020471 * 3  10   0 
4 10 0.418296 0.002968 * 4   6   3   9  10 
4 10 0.323765 0.002968 * 4   6   3  10   0 
4 10 0.325362 0.003831 * 4   7   9  10   0 
5 10 0.448562 0.003601 * 5   6   3   9  10 
5 10 0.354031 0.021457 * 5   6   3  10   0 
6 10 0.316933 0.002544 * 6   3   9  10 
6 10 0.222402 0.015163 * 6   3  10   0 
7 10 0.203551 0.108953 * 7   9  10 
8 10 0.697200 0.019831 * 8   2   5   6   3   9  10   0 
8 10 0.602670 0.019831 * 8   2   5   6   3  10   0   0 
8 10 0.764122 0.011601 * 8  11   1   4   6   3   9  10 
8 10 0.669592 0.011601 * 8  11   1   4   6   3  10   0 
8 10 0.671189 0.012511 * 8  11   1   4   7   9  10   0 
8 10 0.791414 0.012511 * 8  11   1   5   6   3   9  10 
8 10 0.696884 0.012511 * 8  11   1   5   6   3  10   0 
9 10 0.101339 0.013607 * 9  10 
11 10 0.647806 0.004590 * 11   1   4   6   3   9  10 
11 10 0.553276 0.004590 * 11   1   4   6   3  10   0 
11 10 0.554873 0.005925 * 11   1   4   7   9  10   0 
11 10 0.675098 0.009226 * 11   1   5   6   3   9  10 
11 10 0.580568 0.009226 * 11   1   5   6   3  10   0 
1 11 0.137810 0.733422 * 1  11 
2 11 0.231849 0.304077 * 2   8  11 
3 11 0.487977 0.093433 * 3   6   4   1  11   0 
3 11 0.465932 0.083978 * 3   6   5   1  11   0 
3 11 0.565812 0.021610 * 3   6   5   2   8  11 
4 11 0.261679 0.138190 * 4   1  11 
5 11 0.246264 0.218922 * 5   1  11   0 
5 11 0.346144 0.028121 * 5   2   8  11 
6 11 0.378293 0.027977 * 6   4   1  11   0 
6 11 0.356248 0.025146 * 6   5   1  11   0 
6 11 0.456128 0.006471 * 6   5   2   8  11 
7 11 0.378604 0.409987 * 7   4   1  11 
8 11 0.116316 0.700386 * 8  11 
9 11 0.589540 0.007742 * 9   3   6   4   1  11   0 
9 11 0.567496 0.007742 * 9   3   6   5   1  11   0 
9 11 0.667376 0.006480 * 9   3   6   5   2   8  11 
9 11 0.483742 0.008485 * 9   7   4   1  11   0   0 
10 11 0.592019 0.038043 * 10   3   6   4   1  11   0   0 
10 11 0.569975 0.038043 * 10   3   6   5   1  11   0   0 
10 11 0.669855 0.020162 * 10   3   6   5   2   8  11   0 
10 11 0.693456 0.024088 * 10   9   3   6   4   1  11   0 
10 11 0.671412 0.024088 * 10   9   3   6   5   1  11   0 
10 11 0.771292 0.020162 * 10   9   3   6   5   2   8  11 
10 11 0.587657 0.026401 * 10   9   7   4   1  11   0   0 
