2  5  1 
0.075650
3  6  4  1 
0.014594
3  6  5  1 
0.014594
4  1 
0.011658
5  1 
0.101176
6  4  1 
0.006965
6  5  1 
0.006965
7  4  1 
0.087127
8  11   1 
0.078921
9  7  4  1 
0.014624
10   3   6   4   1 
0.018970
10   3   6   5   1 
0.018970
10   9   7   4   1 
0.018970
11   1 
0.475214
1  5  2 
0.076940
3  6  5  2 
0.065995
4  1  5  2 
0.015744
4  6  5  2 
0.015744
5  2 
0.113939
6  5  2 
0.038544
7  4  1  5  2 
0.073547
7  4  6  5  2 
0.073547
8  2 
0.029428
9  3  6  5  2 
0.013820
10   3   6   5   2 
0.051775
11   8   2 
0.039077
1  4  6  3 
0.011930
1  5  6  3 
0.011930
2  5  6  3 
0.252952
4  6  3 
0.029500
5  6  3 
0.038073
6  3 
0.025287
7  9  3 
0.025605
8  2  5  6  3 
0.048389
9  3 
0.034447
10   3 
0.043206
11   1   4   6   3 
0.018221
11   1   5   6   3 
0.018221
1  4 
0.035207
2  5  1  4 
0.079416
2  5  6  4 
0.079416
3  6  4 
0.006576
5  1  4 
0.017691
5  6  4 
0.017691
6  4 
0.054125
7  4 
0.104240
8  11   1   4 
0.035708
9  7  4 
0.005507
10   3   6   4 
0.013500
10   9   7   4 
0.013500
11   1   4 
0.019570
1  5 
0.084003
2  5 
0.580236
3  6  5 
0.044304
4  1  5 
0.015550
4  6  5 
0.015550
6  5 
0.071935
7  4  1  5 
0.061242
7  4  6  5 
0.061242
8  2  5 
0.125166
9  3  6  5 
0.025823
10   3   6   5 
0.047067
11   1   5 
0.168285
1  4  6 
0.010590
1  5  6 
0.010590
2  5  6 
0.205053
3  6 
0.021501
4  6 
0.022395
5  6 
0.069949
7  4  6 
0.035133
8  2  5  6 
0.063258
9  3  6 
0.005324
10   3   6 
0.030248
11   1   4   6 
0.025379
11   1   5   6 
0.025379
1  4  7 
0.067426
2  5  1  4  7 
0.401516
2  5  6  4  7 
0.401516
3  9  7 
0.055838
4  7 
0.049112
5  1  4  7 
0.082113
5  6  4  7 
0.082113
6  4  7 
0.046563
8  11   1   4   7 
0.280974
9  7 
0.035636
10   9   7 
0.138926
11   1   4   7 
0.280014
1  11   8 
0.235815
2  8 
0.377547
3  6  5  2  8 
0.090069
4   1  11   8 
0.169171
5  2  8 
0.317211
6  5  2  8 
0.093754
7   4   1  11   8 
0.332976
9  3  6  5  2  8 
0.014660
9   7   4   1  11   8 
0.014660
10   3   6   5   2   8 
0.157340
11   8 
0.278089
1  4  7  9 
0.004818
2  5  6  3  9 
0.038402
3  9 
0.028804
4  7  9 
0.004784
5  6  3  9 
0.012234
6  3  9 
0.003384
7  9 
0.035646
8  2  5  6  3  9 
0.005198
8  11   1   4   7   9 
0.005198
10   9 
0.017919
11   1   4   7   9 
0.006605
1   4   6   3  10 
0.023456
1   4   7   9  10 
0.023456
1   5   6   3  10 
0.040104
2   5   6   3  10 
0.413473
3  10 
0.024516
4   6   3  10 
0.005202
4   7   9  10 
0.005202
5   6   3  10 
0.029887
6   3  10 
0.014847
7   9  10 
0.145084
8   2   5   6   3  10 
0.104178
9  10 
0.011840
11   1   4   6   3  10 
0.011851
11   1   4   7   9  10 
0.011851
11   1   5   6   3  10 
0.011851
1  11 
0.574489
2   8  11 
0.341569
3   6   4   1  11 
0.107402
3   6   5   1  11 
0.107402
4   1  11 
0.131169
5   1  11 
0.274727
6   4   1  11 
0.027849
6   5   1  11 
0.027849
7   4   1  11 
0.326717
8  11 
0.679476
9   7   4   1  11 
0.028823
10   3   6   4   1  11 
0.065308
10   3   6   5   1  11 
0.065308
10   9   7   4   1  11 
0.065308
