2 1 2 0.056727 * 2  5  1 
3 1 3 0.005247 * 3  6  4  1 
3 1 3 0.005247 * 3  6  5  1 
4 1 1 0.007680 * 4  1 
5 1 1 0.094796 * 5  1 
6 1 2 0.013207 * 6  4  1 
6 1 2 0.013207 * 6  5  1 
7 1 2 0.092115 * 7  4  1 
8 1 2 0.068277 * 8  11   1 
9 1 3 0.033396 * 9  7  4  1 
10 1 4 0.015639 * 10   3   6   4   1 
10 1 4 0.015639 * 10   3   6   5   1 
10 1 4 0.015639 * 10   9   7   4   1 
11 1 1 0.443049 * 11   1 
1 2 2 0.063003 * 1  5  2 
3 2 3 0.033069 * 3  6  5  2 
4 2 3 0.022862 * 4  1  5  2 
4 2 3 0.022862 * 4  6  5  2 
5 2 1 0.095128 * 5  2 
6 2 2 0.044881 * 6  5  2 
7 2 4 0.049925 * 7  4  1  5  2 
7 2 4 0.049925 * 7  4  6  5  2 
8 2 1 0.034488 * 8  2 
9 2 4 0.006679 * 9  3  6  5  2 
10 2 4 0.037108 * 10   3   6   5   2 
11 2 2 0.046611 * 11   8   2 
1 3 3 0.020363 * 1  4  6  3 
1 3 3 0.020363 * 1  5  6  3 
2 3 3 0.320635 * 2  5  6  3 
4 3 2 0.025804 * 4  6  3 
5 3 2 0.021773 * 5  6  3 
6 3 1 0.014317 * 6  3 
7 3 2 0.035739 * 7  9  3 
8 3 4 0.063817 * 8  2  5  6  3 
9 3 1 0.035824 * 9  3 
10 3 1 0.047917 * 10   3 
11 3 4 0.022579 * 11   1   4   6   3 
11 3 4 0.022579 * 11   1   5   6   3 
1 4 1 0.025916 * 1  4 
2 4 3 0.078793 * 2  5  1  4 
2 4 3 0.078793 * 2  5  6  4 
3 4 2 0.007420 * 3  6  4 
5 4 2 0.024909 * 5  1  4 
5 4 2 0.024909 * 5  6  4 
6 4 1 0.010626 * 6  4 
7 4 1 0.496991 * 7  4 
8 4 3 0.025979 * 8  11   1   4 
9 4 2 0.012176 * 9  7  4 
10 4 3 0.004702 * 10   3   6   4 
10 4 3 0.004702 * 10   9   7   4 
11 4 2 0.023046 * 11   1   4 
1 5 1 0.061792 * 1  5 
2 5 1 0.649579 * 2  5 
3 5 2 0.028809 * 3  6  5 
4 5 2 0.012817 * 4  1  5 
4 5 2 0.012817 * 4  6  5 
6 5 1 0.043366 * 6  5 
7 5 3 0.039036 * 7  4  1  5 
7 5 3 0.039036 * 7  4  6  5 
8 5 2 0.149805 * 8  2  5 
9 5 3 0.028378 * 9  3  6  5 
10 5 3 0.047697 * 10   3   6   5 
11 5 2 0.121919 * 11   1   5 
1 6 2 0.015783 * 1  4  6 
1 6 2 0.015783 * 1  5  6 
2 6 2 0.215908 * 2  5  6 
3 6 1 0.013940 * 3  6 
4 6 1 0.017373 * 4  6 
5 6 1 0.053066 * 5  6 
7 6 2 0.023043 * 7  4  6 
8 6 3 0.035328 * 8  2  5  6 
9 6 2 0.002820 * 9  3  6 
10 6 2 0.025754 * 10   3   6 
11 6 3 0.040680 * 11   1   4   6 
11 6 3 0.040680 * 11   1   5   6 
1 7 2 0.070882 * 1  4  7 
2 7 4 0.374610 * 2  5  1  4  7 
2 7 4 0.374610 * 2  5  6  4  7 
3 7 2 0.015720 * 3  9  7 
4 7 1 0.039513 * 4  7 
5 7 3 0.095541 * 5  1  4  7 
5 7 3 0.095541 * 5  6  4  7 
6 7 2 0.030869 * 6  4  7 
8 7 4 0.270669 * 8  11   1   4   7 
9 7 1 0.018101 * 9  7 
10 7 2 0.120233 * 10   9   7 
11 7 3 0.264440 * 11   1   4   7 
1 8 2 0.232622 * 1  11   8 
2 8 1 0.322989 * 2  8 
3 8 4 0.086234 * 3  6  5  2  8 
4 8 3 0.185436 * 4   1  11   8 
5 8 2 0.319351 * 5  2  8 
6 8 3 0.104403 * 6  5  2  8 
7 8 4 0.251764 * 7   4   1  11   8 
9 8 5 0.010825 * 9  3  6  5  2  8 
9 8 5 0.010825 * 9   7   4   1  11   8 
10 8 5 0.112870 * 10   3   6   5   2   8 
11 8 1 0.312152 * 11   8 
1 9 3 0.004739 * 1  4  7  9 
2 9 4 0.041079 * 2  5  6  3  9 
3 9 1 0.082302 * 3  9 
4 9 2 0.002906 * 4  7  9 
5 9 3 0.016174 * 5  6  3  9 
6 9 2 0.001558 * 6  3  9 
7 9 1 0.026452 * 7  9 
8 9 5 0.013473 * 8  2  5  6  3  9 
8 9 5 0.013473 * 8  11   1   4   7   9 
10 9 1 0.019219 * 10   9 
11 9 4 0.008539 * 11   1   4   7   9 
1 10 4 0.021631 * 1   4   6   3  10 
1 10 4 0.021631 * 1   4   7   9  10 
1 10 4 0.039104 * 1   5   6   3  10 
2 10 4 0.480402 * 2   5   6   3  10 
3 10 1 0.018923 * 3  10 
4 10 3 0.004106 * 4   6   3  10 
4 10 3 0.004106 * 4   7   9  10 
5 10 3 0.042983 * 5   6   3  10 
6 10 2 0.015987 * 6   3  10 
7 10 2 0.097522 * 7   9  10 
8 10 5 0.113939 * 8   2   5   6   3  10 
9 10 1 0.015715 * 9  10 
11 10 5 0.019548 * 11   1   4   6   3  10 
11 10 5 0.019548 * 11   1   4   7   9  10 
11 10 5 0.032985 * 11   1   5   6   3  10 
1 11 1 0.450174 * 1  11 
2 11 2 0.355974 * 2   8  11 
3 11 4 0.057591 * 3   6   4   1  11 
3 11 4 0.057591 * 3   6   5   1  11 
4 11 2 0.115526 * 4   1  11 
5 11 2 0.293116 * 5   1  11 
6 11 3 0.051517 * 6   4   1  11 
6 11 3 0.051517 * 6   5   1  11 
7 11 3 0.318007 * 7   4   1  11 
8 11 1 0.585378 * 8  11 
9 11 4 0.020274 * 9   7   4   1  11 
10 11 5 0.048284 * 10   3   6   4   1  11 
10 11 5 0.048284 * 10   3   6   5   1  11 
10 11 5 0.048284 * 10   9   7   4   1  11 
