2  5  1  0 
0.076512
2   8  11   1 
0.008476
3  6  4  1 
0.010332
3  6  5  1 
0.007238
4  1 
0.024151
5  1 
0.114458
6  4  1 
0.018688
6  5  1 
0.013092
7  4  1 
0.120407
8  11   1 
0.058290
9  3  6  4  1 
0.008095
9  3  6  5  1 
0.008095
9  7  4  1  0 
0.003676
10   3   6   4   1   0 
0.016839
10   3   6   5   1   0 
0.016839
10   9   3   6   4   1 
0.009508
10   9   3   6   5   1 
0.009508
10   9   7   4   1   0 
0.005765
11   1 
0.406192
1  5  2  0 
0.034010
1  11   8   2 
0.034010
3  6  5  2 
0.086333
4  1  5  2  0 
0.012574
4   1  11   8   2 
0.012574
4  6  5  2  0 
0.004556
5  2 
0.136308
6  5  2 
0.049765
7  4  1  5  2  0 
0.031068
7   4   1  11   8   2 
0.031068
7  4  6  5  2  0 
0.011767
7  9  3  6  5  2 
0.006475
8  2 
0.035779
9  3  6  5  2 
0.011525
10   3   6   5   2   0 
0.029060
10   9   3   6   5   2 
0.011285
11   8   2 
0.054712
1  4  6  3  0 
0.009505
1  4  7  9  3 
0.007566
1  5  6  3  0 
0.014079
2  5  6  3 
0.253444
4  6  3  0 
0.017227
4  7  9  3 
0.013713
5  6  3 
0.062775
6  3 
0.078872
7  9  3 
0.041706
8  2  5  6  3  0  0 
0.020930
8  11   1   4   6   3   0 
0.010599
8  11   1   4   7   9   3 
0.010599
8  11   1   5   6   3   0 
0.010599
9  3 
0.074868
10   9   3 
0.017930
10   3   0 
0.046175
11   1   4   6   3   0 
0.020924
11   1   4   7   9   3 
0.016656
11   1   5   6   3   0 
0.030993
1  4 
0.011823
2  5  1  4  0 
0.037742
2  5  6  4  0 
0.091372
2   8  11   1   4 
0.003375
3  6  4  0 
0.021865
3  9  7  4 
0.001966
5  1  4 
0.008950
5  6  4 
0.021668
6  4 
0.013980
7  4 
0.526129
8  11   1   4 
0.030694
9  7  4 
0.016742
10   3   6   4   0 
0.014787
10   3   9   7   4 
0.002922
10   9   7   4   0 
0.004068
11   1   4 
0.025619
1  5 
0.075782
2  5 
0.564963
3  6  5 
0.064425
4  1  5 
0.027713
4  6  5 
0.019659
6  5 
0.063960
7  4  1  5  0 
0.042222
7  4  6  5  0 
0.030293
7  9  3  6  5 
0.013948
8  2  5  0 
0.140636
8  11   1   5 
0.040669
9  3  6  5 
0.048382
10   3   6   5   0 
0.055237
10   9   3   6   5 
0.021449
11   1   5 
0.141220
1  4  6 
0.007987
1  5  6 
0.019096
2  5  6 
0.176857
3  6 
0.019224
4  6 
0.015905
5  6 
0.070279
7  4  6  0 
0.017495
7  9  3  6 
0.013926
8  2  5  6  0 
0.029983
8  11   1   4   6 
0.012297
8  11   1   5   6 
0.012297
9  3  6 
0.004290
10   3   6   0 
0.022632
10   9   3   6 
0.008788
11   1   4   6 
0.016406
11   1   5   6 
0.039221
1  4  7 
0.075793
2  5  1  4  7  0 
0.207774
2  5  6  3  9  7 
0.049335
2  5  6  4  7  0 
0.548236
2   8  11   1   4   7 
0.017989
3  9  7 
0.037069
4  7 
0.070367
5  1  4  7  0 
0.057610
5  6  3  9  7 
0.013679
5  6  4  7  0 
0.152011
6  3  9  7 
0.005565
6  4  7  0 
0.061906
8  11   1   4   7 
0.334046
9  7 
0.076779
10   3   9   7 
0.036879
10   9   7   0 
0.123010
11   1   4   7 
0.349953
1  5  2  8 
0.037568
1  11   8   0 
0.139995
2  8 
0.361776
3  6  5  2  8 
0.115224
4  1  5  2  8 
0.034934
4   1  11   8   0 
0.128437
4  6  5  2  8 
0.019277
5  2  8 
0.221026
6  5  2  8 
0.121962
7  4  1  5  2  8 
0.082691
7   4   1  11   8   0 
0.260349
7  4  6  5  2  8 
0.045631
9  3  6  5  2  8  0 
0.005198
9  7  4  1  5  2  8 
0.021820
9   7   4   1  11   8   0 
0.021820
9  7  4  6  5  2  8 
0.014159
10   3   6   5   2   8   0   0 
0.023663
10   9   3   6   5   2   8   0 
0.014218
10   9   7   4   1   5   2   8 
0.047758
10   9   7   4   1  11   8   0 
0.047758
10   9   7   4   6   5   2   8 
0.038726
11   8 
0.382295
1  4  6  3  9 
0.000545
1  4  7  9  0 
0.003727
2  5  1  4  6  3  9 
0.004196
2  5  1  4  7  9  0 
0.019077
2  5  6  3  9  0  0 
0.008307
3  9 
0.106197
4  6  3  9 
0.000916
4  7  9  0 
0.006265
5  1  4  6  3  9 
0.001798
5  1  4  7  9  0 
0.008175
5  6  3  9  0  0 
0.003560
6  3  9 
0.004079
7  9 
0.038638
8  2  5  1  4  6  3  9 
0.003116
8  2  5  1  4  7  9  0 
0.003533
8  2  5  6  3  9  0  0 
0.003533
8  11   1   4   6   3   9   0 
0.001016
8  11   1   4   7   9   0   0 
0.001016
10   3   9 
0.007901
10   9   0 
0.026353
11   1   4   6   3   9 
0.004570
11   1   4   7   9   0 
0.008785
1   4   6   3   9  10 
0.005502
1   4   6   3  10   0 
0.005502
1   4   7   9  10   0 
0.006430
1   5   6   3   9  10 
0.011541
1   5   6   3  10   0 
0.011541
2   5   6   3   9  10 
0.079763
2   5   6   3  10   0 
0.341850
3   9  10 
0.004487
3  10   0 
0.021765
4   6   3   9  10 
0.002851
4   6   3  10   0 
0.002851
4   7   9  10   0 
0.003332
5   6   3   9  10 
0.005442
5   6   3  10   0 
0.026398
6   3   9  10 
0.003395
6   3  10   0 
0.016466
7   9  10 
0.119246
8   2   5   6   3   9  10   0 
0.028097
8   2   5   6   3  10   0   0 
0.028097
8  11   1   4   6   3   9  10 
0.011876
8  11   1   4   6   3  10   0 
0.011876
8  11   1   4   7   9  10   0 
0.013880
8  11   1   5   6   3   9  10 
0.015495
8  11   1   5   6   3  10   0 
0.015495
9  10 
0.021870
11   1   4   6   3   9  10 
0.006948
11   1   4   6   3  10   0 
0.006948
11   1   4   7   9  10   0 
0.008120
11   1   5   6   3   9  10 
0.014576
11   1   5   6   3  10   0 
0.014576
1  11 
0.568383
2   8  11 
0.425398
3   6   4   1  11   0 
0.101467
3   6   5   1  11   0 
0.078956
3   6   5   2   8  11 
0.017789
4   1  11 
0.075693
5   1  11   0 
0.223702
5   2   8  11 
0.024780
6   4   1  11   0 
0.043808
6   5   1  11   0 
0.034089
6   5   2   8  11 
0.007681
7   4   1  11 
0.333345
8  11 
0.697584
9   3   6   4   1  11   0 
0.005621
9   3   6   5   1  11   0 
0.005621
9   3   6   5   2   8  11 
0.004474
9   7   4   1  11   0   0 
0.002441
10   3   6   4   1  11   0   0 
0.043073
10   3   6   5   1  11   0   0 
0.043073
10   3   6   5   2   8  11   0 
0.017213
10   9   3   6   4   1  11   0 
0.021627
10   9   3   6   5   1  11   0 
0.021627
10   9   3   6   5   2   8  11 
0.017213
10   9   7   4   1  11   0   0 
0.009392
