2 1 0.242609 0.096259 * 2  5  1  0 
2 1 0.358575 0.008456 * 2   8  11   1 
3 1 0.358637 0.016081 * 3  6  4  1 
3 1 0.336875 0.010182 * 3  6  5  1 
4 1 0.126403 0.065699 * 4  1 
5 1 0.110884 0.207511 * 5  1 
6 1 0.244922 0.022492 * 6  4  1 
6 1 0.223160 0.014241 * 6  5  1 
7 1 0.246845 0.096998 * 7  4  1 
8 1 0.240073 0.102715 * 8  11   1 
9 1 0.461767 0.010287 * 9  3  6  4  1 
9 1 0.440005 0.010287 * 9  3  6  5  1 
9 1 0.350656 0.002902 * 9  7  4  1  0 
10 1 0.465041 0.021493 * 10   3   6   4   1   0 
10 1 0.443279 0.021493 * 10   3   6   5   1   0 
10 1 0.563956 0.003665 * 10   9   3   6   4   1 
10 1 0.542194 0.003665 * 10   9   3   6   5   1 
10 1 0.452845 0.003233 * 10   9   7   4   1   0 
11 1 0.119339 0.360021 * 11   1 
1 2 0.229508 0.058888 * 1  5  2  0 
1 2 0.357344 0.058888 * 1  11   8   2 
3 2 0.342984 0.088214 * 3  6  5  2 
4 2 0.355911 0.017386 * 4  1  5  2  0 
4 2 0.483747 0.017386 * 4   1  11   8   2 
4 2 0.331186 0.005316 * 4  6  5  2  0 
5 2 0.116994 0.189732 * 5  2 
6 2 0.229270 0.064370 * 6  5  2 
7 2 0.476353 0.044509 * 7  4  1  5  2  0 
7 2 0.604189 0.044509 * 7   4   1  11   8   2 
7 2 0.451628 0.014917 * 7  4  6  5  2  0 
7 2 0.549419 0.010099 * 7  9  3  6  5  2 
8 2 0.105891 0.069547 * 8  2 
9 2 0.446114 0.014206 * 9  3  6  5  2 
10 2 0.449389 0.028407 * 10   3   6   5   2   0 
10 2 0.548303 0.003778 * 10   9   3   6   5   2 
11 2 0.221256 0.088623 * 11   8   2 
1 3 0.327861 0.007987 * 1  4  6  3  0 
1 3 0.440531 0.007740 * 1  4  7  9  3 
1 3 0.353513 0.011966 * 1  5  6  3  0 
2 3 0.372723 0.182421 * 2  5  6  3 
4 3 0.215022 0.020115 * 4  6  3  0 
4 3 0.327692 0.019492 * 4  7  9  3 
5 3 0.240999 0.040196 * 5  6  3 
6 3 0.113106 0.079150 * 6  3 
7 3 0.206435 0.128227 * 7  9  3 
8 3 0.478614 0.016786 * 8  2  5  6  3  0  0 
8 3 0.567935 0.012989 * 8  11   1   4   6   3   0 
8 3 0.680604 0.012989 * 8  11   1   4   7   9   3 
8 3 0.593586 0.012989 * 8  11   1   5   6   3   0 
9 3 0.103130 0.066867 * 9  3 
10 3 0.205319 0.008945 * 10   9   3 
10 3 0.106405 0.067254 * 10   3   0 
11 3 0.447200 0.023695 * 11   1   4   6   3   0 
11 3 0.559870 0.022961 * 11   1   4   7   9   3 
11 3 0.472852 0.035499 * 11   1   5   6   3   0 
1 4 0.112839 0.026162 * 1  4 
2 4 0.355448 0.037459 * 2  5  1  4  0 
2 4 0.378137 0.083976 * 2  5  6  4  0 
2 4 0.471414 0.002159 * 2   8  11   1   4 
3 4 0.232234 0.016502 * 3  6  4  0 
3 4 0.327166 0.003358 * 3  9  7  4 
5 4 0.223723 0.018486 * 5  1  4 
5 4 0.246412 0.044680 * 5  6  4 
6 4 0.118520 0.025704 * 6  4 
7 4 0.120442 0.347160 * 7  4 
8 4 0.352912 0.022954 * 8  11   1   4 
9 4 0.224254 0.014125 * 9  7  4 
10 4 0.338639 0.021955 * 10   3   6   4   0 
10 4 0.433571 0.006346 * 10   3   9   7   4 
10 4 0.326443 0.001118 * 10   9   7   4   0 
11 4 0.232178 0.048061 * 11   1   4 
1 5 0.112515 0.144685 * 1  5 
2 5 0.131725 0.500324 * 2  5 
3 5 0.225991 0.058357 * 3  6  5 
4 5 0.238917 0.027621 * 4  1  5 
4 5 0.214192 0.016890 * 4  6  5 
6 5 0.112276 0.082494 * 6  5 
7 5 0.359359 0.063304 * 7  4  1  5  0 
7 5 0.334634 0.038711 * 7  4  6  5  0 
7 5 0.432425 0.025383 * 7  9  3  6  5 
8 5 0.237615 0.137360 * 8  2  5  0 
8 5 0.352588 0.059489 * 8  11   1   5 
9 5 0.329121 0.041137 * 9  3  6  5 
10 5 0.332395 0.073039 * 10   3   6   5   0 
10 5 0.431310 0.009715 * 10   9   3   6   5 
11 5 0.231854 0.246696 * 11   1   5 
1 6 0.214755 0.019917 * 1  4  6 
1 6 0.240407 0.049842 * 1  5  6 
2 6 0.259617 0.224470 * 2  5  6 
3 6 0.113714 0.077662 * 3  6 
4 6 0.101916 0.023082 * 4  6 
5 6 0.127892 0.071946 * 5  6 
7 6 0.222358 0.031681 * 7  4  6  0 
7 6 0.320149 0.030699 * 7  9  3  6 
8 6 0.365508 0.017034 * 8  2  5  6  0 
8 6 0.454828 0.010325 * 8  11   1   4   6 
8 6 0.480480 0.010325 * 8  11   1   5   6 
9 6 0.216845 0.010293 * 9  3  6 
10 6 0.220119 0.019183 * 10   3   6   0 
10 6 0.319034 0.002551 * 10   9   3   6 
11 6 0.334094 0.023729 * 11   1   4   6 
11 6 0.359746 0.045193 * 11   1   5   6 
1 7 0.234096 0.070208 * 1  4  7 
2 7 0.476705 0.132300 * 2  5  1  4  7  0  0 
2 7 0.579447 0.093416 * 2  5  6  3  9  7  0 
2 7 0.684463 0.035702 * 2   5   6   3  10   9   7 
2 7 0.499393 0.352825 * 2  5  6  4  7  0  0 
2 7 0.592671 0.008206 * 2   8  11   1   4   7   0 
3 7 0.206724 0.075177 * 3  9  7  0 
3 7 0.311740 0.022639 * 3  10   9   7 
4 7 0.121257 0.066148 * 4  7 
5 7 0.344980 0.054641 * 5  1  4  7  0  0 
5 7 0.447723 0.038581 * 5  6  3  9  7  0 
5 7 0.552738 0.014745 * 5   6   3  10   9   7 
5 7 0.367669 0.145719 * 5  6  4  7  0  0 
6 7 0.319830 0.013029 * 6  3  9  7  0 
6 7 0.424846 0.004979 * 6   3  10   9   7 
6 7 0.239777 0.049209 * 6  4  7  0  0 
8 7 0.474169 0.285405 * 8  11   1   4   7 
9 7 0.103811 0.013511 * 9  7 
10 7 0.206000 0.184046 * 10   9   7 
11 7 0.353435 0.339115 * 11   1   4   7 
1 8 0.348010 0.033359 * 1  5  2  8 
1 8 0.251454 0.164455 * 1  11   8   0 
2 8 0.118502 0.359338 * 2  8 
3 8 0.461486 0.104141 * 3  6  5  2  8 
4 8 0.474413 0.034885 * 4  1  5  2  8 
4 8 0.377856 0.159146 * 4   1  11   8   0 
4 8 0.449688 0.016412 * 4  6  5  2  8 
5 8 0.235496 0.359634 * 5  2  8 
6 8 0.347772 0.162056 * 6  5  2  8 
7 8 0.594855 0.086731 * 7  4  1  5  2  8 
7 8 0.498298 0.310267 * 7   4   1  11   8   0 
7 8 0.570130 0.040803 * 7  4  6  5  2  8 
9 8 0.564616 0.002931 * 9  3  6  5  2  8  0 
9 8 0.698666 0.013952 * 9  7  4  1  5  2  8 
9 8 0.602110 0.013952 * 9   7   4   1  11   8   0 
9 8 0.673941 0.011933 * 9  7  4  6  5  2  8 
10 8 0.567891 0.034859 * 10   3   6   5   2   8   0   0 
10 8 0.666805 0.008343 * 10   9   3   6   5   2   8   0 
10 8 0.800855 0.026706 * 10   9   7   4   1   5   2   8 
10 8 0.704299 0.026706 * 10   9   7   4   1  11   8   0 
10 8 0.776130 0.026706 * 10   9   7   4   6   5   2   8 
11 8 0.115365 0.397156 * 11   8 
1 9 0.535789 0.001418 * 1   4   6   3  10   9 
1 9 0.430774 0.001562 * 1  4  6  3  9  0 
1 9 0.337401 0.002633 * 1  4  7  9  0  0 
2 9 0.778398 0.005666 * 2   5   1   4   6   3  10   9 
2 9 0.673383 0.006239 * 2  5  1  4  6  3  9  0 
2 9 0.580009 0.009219 * 2  5  1  4  7  9  0  0 
2 9 0.580651 0.005666 * 2   5   6   3  10   9   0   0 
2 9 0.475636 0.009219 * 2  5  6  3  9  0  0  0 
3 9 0.207928 0.009799 * 3  10   9 
3 9 0.102913 0.032540 * 3  9  0 
4 9 0.422950 0.002387 * 4   6   3  10   9 
4 9 0.317935 0.002629 * 4  6  3  9  0 
4 9 0.224561 0.004432 * 4  7  9  0  0 
5 9 0.646673 0.011186 * 5   1   4   6   3  10   9 
5 9 0.541658 0.012316 * 5  1  4  6  3  9  0 
5 9 0.448285 0.020768 * 5  1  4  7  9  0  0 
5 9 0.448927 0.011186 * 5   6   3  10   9   0   0 
5 9 0.343911 0.020473 * 5  6  3  9  0  0  0 
6 9 0.321034 0.001537 * 6   3  10   9 
6 9 0.216019 0.004783 * 6  3  9  0 
7 9 0.103305 0.009582 * 7  9 
8 9 0.884289 0.004527 * 8   2   5   1   4   6   3  10   9 
8 9 0.779273 0.004527 * 8  2  5  1  4  6  3  9  0 
8 9 0.685900 0.004527 * 8  2  5  1  4  7  9  0  0 
8 9 0.686542 0.004527 * 8   2   5   6   3  10   9   0   0 
8 9 0.581526 0.004527 * 8  2  5  6  3  9  0  0  0 
8 9 0.775863 0.001015 * 8  11   1   4   6   3  10   9   0 
8 9 0.670847 0.001015 * 8  11   1   4   6   3   9   0   0 
8 9 0.577474 0.001015 * 8  11   1   4   7   9   0   0   0 
10 9 0.102189 0.022291 * 10   9 
11 9 0.655129 0.005007 * 11   1   4   6   3  10   9 
11 9 0.550113 0.005007 * 11   1   4   6   3   9   0 
11 9 0.456740 0.005007 * 11   1   4   7   9   0   0 
1 10 0.532686 0.012599 * 1   4   6   3   9  10 
1 10 0.433601 0.012599 * 1   4   6   3  10   0 
1 10 0.439313 0.008862 * 1   4   7   9  10   0 
1 10 0.558338 0.024814 * 1   5   6   3   9  10 
1 10 0.459252 0.024814 * 1   5   6   3  10   0 
2 10 0.577548 0.084753 * 2   5   6   3   9  10 
2 10 0.478462 0.135798 * 2   5   6   3  10   0 
3 10 0.204825 0.010458 * 3   9  10 
3 10 0.105739 0.022159 * 3  10   0 
4 10 0.419847 0.006637 * 4   6   3   9  10 
4 10 0.320761 0.006637 * 4   6   3  10   0 
4 10 0.326474 0.004669 * 4   7   9  10   0 
5 10 0.445823 0.016002 * 5   6   3   9  10 
5 10 0.346738 0.033907 * 5   6   3  10   0 
6 10 0.317931 0.008177 * 6   3   9  10 
6 10 0.218845 0.017326 * 6   3  10   0 
7 10 0.205217 0.133845 * 7   9  10 
8 10 0.683439 0.014965 * 8   2   5   6   3   9  10   0 
8 10 0.584353 0.014965 * 8   2   5   6   3  10   0   0 
8 10 0.772759 0.010893 * 8  11   1   4   6   3   9  10 
8 10 0.673674 0.010893 * 8  11   1   4   6   3  10   0 
8 10 0.679386 0.010685 * 8  11   1   4   7   9  10   0 
8 10 0.798411 0.010893 * 8  11   1   5   6   3   9  10 
8 10 0.699325 0.010893 * 8  11   1   5   6   3  10   0 
9 10 0.101912 0.036448 * 9  10 
11 10 0.652025 0.007501 * 11   1   4   6   3   9  10 
11 10 0.552940 0.007501 * 11   1   4   6   3  10   0 
11 10 0.558652 0.005277 * 11   1   4   7   9  10   0 
11 10 0.677677 0.012137 * 11   1   5   6   3   9  10 
11 10 0.578591 0.012137 * 11   1   5   6   3  10   0 
1 11 0.136088 0.448000 * 1  11 
2 11 0.239236 0.410062 * 2   8  11 
3 11 0.494725 0.109398 * 3   6   4   1  11   0 
3 11 0.472963 0.075351 * 3   6   5   1  11   0 
3 11 0.582220 0.014531 * 3   6   5   2   8  11 
4 11 0.262491 0.071072 * 4   1  11 
5 11 0.246972 0.278883 * 5   1  11   0 
5 11 0.356230 0.024500 * 5   2   8  11 
6 11 0.381011 0.071615 * 6   4   1  11   0 
6 11 0.359249 0.049327 * 6   5   1  11   0 
6 11 0.468506 0.009512 * 6   5   2   8  11 
7 11 0.382933 0.435905 * 7   4   1  11 
8 11 0.120734 0.891101 * 8  11 
9 11 0.597855 0.007855 * 9   3   6   4   1  11   0 
9 11 0.576093 0.007855 * 9   3   6   5   1  11   0 
9 11 0.685350 0.007855 * 9   3   6   5   2   8  11 
9 11 0.486745 0.002143 * 9   7   4   1  11   0   0 
10 11 0.601130 0.067714 * 10   3   6   4   1  11   0   0 
10 11 0.579368 0.067714 * 10   3   6   5   1  11   0   0 
10 11 0.688625 0.017388 * 10   3   6   5   2   8  11   0 
10 11 0.700044 0.011464 * 10   9   3   6   4   1  11   0 
10 11 0.678282 0.011464 * 10   9   3   6   5   1  11   0 
10 11 0.787539 0.011464 * 10   9   3   6   5   2   8  11 
10 11 0.588934 0.004730 * 10   9   7   4   1  11   0   0 
