2  5  1  0 
0.067643
2   8  11   1 
0.008007
3  6  4  1 
0.015669
3  6  5  1 
0.013519
4  1 
0.011658
5  1 
0.101176
6  4  1 
0.007478
6  5  1 
0.006452
7  4  1 
0.087127
8  11   1 
0.078921
9  3  6  4  1 
0.004607
9  3  6  5  1 
0.004607
9  7  4  1  0 
0.005410
10   3   6   4   1   0 
0.013553
10   3   6   5   1   0 
0.013553
10   9   3   6   4   1 
0.009390
10   9   3   6   5   1 
0.009390
10   9   7   4   1   0 
0.011026
11   1 
0.475214
1  5  2  0 
0.038470
1  11   8   2 
0.038470
3  6  5  2 
0.065995
4  1  5  2  0 
0.012963
4   1  11   8   2 
0.012963
4  6  5  2  0 
0.005562
5  2 
0.113939
6  5  2 
0.038544
7  4  1  5  2  0 
0.055529
7   4   1  11   8   2 
0.055529
7  4  6  5  2  0 
0.023827
7  9  3  6  5  2 
0.012208
8  2 
0.029428
9  3  6  5  2 
0.013820
10   3   6   5   2   0 
0.035532
10   9   3   6   5   2 
0.016243
11   8   2 
0.039077
1  4  6  3  0 
0.006766
1  4  7  9  3 
0.005369
1  5  6  3  0 
0.011727
2  5  6  3 
0.252952
4  6  3  0 
0.017983
4  7  9  3 
0.011518
5  6  3 
0.038073
6  3 
0.025287
7  9  3 
0.025605
8  2  5  6  3  0  0 
0.017628
8  11   1   4   6   3   0 
0.010254
8  11   1   4   7   9   3 
0.010254
8  11   1   5   6   3   0 
0.010254
9  3 
0.034447
10   9   3 
0.013555
10   3   0 
0.029651
11   1   4   6   3   0 
0.010333
11   1   4   7   9   3 
0.008199
11   1   5   6   3   0 
0.017910
1  4 
0.035207
2  5  1  4  0 
0.046060
2  5  6  4  0 
0.108341
2   8  11   1   4 
0.004430
3  6  4  0 
0.005608
3  9  7  4 
0.000968
5  1  4 
0.010555
5  6  4 
0.024826
6  4 
0.054125
7  4 
0.104240
8  11   1   4 
0.035708
9  7  4 
0.005507
10   3   6   4   0 
0.013066
10   3   9   7   4 
0.002791
10   9   7   4   0 
0.011143
11   1   4 
0.019570
1  5 
0.084003
2  5 
0.580236
3  6  5 
0.044304
4  1  5 
0.018148
4  6  5 
0.012953
6  5 
0.071935
7  4  1  5  0 
0.059469
7  4  6  5  0 
0.042445
7  9  3  6  5 
0.020570
8  2  5  0 
0.091438
8  11   1   5 
0.033729
9  3  6  5 
0.025823
10   3   6   5   0 
0.032301
10   9   3   6   5 
0.014766
11   1   5 
0.168285
1  4  6 
0.005511
1  5  6 
0.015670
2  5  6 
0.205053
3  6 
0.021501
4  6 
0.022395
5  6 
0.069949
7  4  6  0 
0.021416
7  9  3  6 
0.013717
8  2  5  6  0 
0.031673
8  11   1   4   6 
0.015792
8  11   1   5   6 
0.015792
9  3  6 
0.005324
10   3   6   0 
0.020758
10   9   3   6 
0.009490
11   1   4   6 
0.013207
11   1   5   6 
0.037552
1  4  7 
0.067426
2  5  1  4  7  0 
0.198696
2  5  6  3  9  7 
0.086098
2  5  6  4  7  0 
0.498817
2   8  11   1   4   7 
0.019423
3  9  7 
0.055838
4  7 
0.049112
5  1  4  7  0 
0.041642
5  6  3  9  7 
0.018044
5  6  4  7  0 
0.104540
6  3  9  7 
0.006854
6  4  7  0 
0.039709
8  11   1   4   7 
0.280974
9  7 
0.035636
10   3   9   7 
0.020449
10   9   7   0 
0.118476
11   1   4   7 
0.280014
1  5  2  8 
0.051134
1  11   8   0 
0.184682
2  8 
0.377547
3  6  5  2  8 
0.090069
4  1  5  2  8 
0.035557
4   1  11   8   0 
0.115706
4  6  5  2  8 
0.017907
5  2  8 
0.317211
6  5  2  8 
0.093754
7  4  1  5  2  8 
0.077665
7   4   1  11   8   0 
0.216198
7  4  6  5  2  8 
0.039114
9  3  6  5  2  8  0 
0.000944
9  7  4  1  5  2  8 
0.010994
9   7   4   1  11   8   0 
0.010994
9  7  4  6  5  2  8 
0.006388
10   3   6   5   2   8   0   0 
0.009314
10   9   3   6   5   2   8   0 
0.005188
10   9   7   4   1   5   2   8 
0.053858
10   9   7   4   1  11   8   0 
0.053858
10   9   7   4   6   5   2   8 
0.035121
11   8 
0.278089
1  4  6  3  9 
0.000528
1  4  7  9  0 
0.004289
2  5  1  4  6  3  9 
0.003979
2  5  1  4  7  9  0 
0.025284
2  5  6  3  9  0  0 
0.009139
3  9 
0.028804
4  6  3  9 
0.000525
4  7  9  0 
0.004259
5  1  4  6  3  9 
0.001267
5  1  4  7  9  0 
0.008055
5  6  3  9  0  0 
0.002912
6  3  9 
0.003384
7  9 
0.035646
8  2  5  1  4  6  3  9 
0.002553
8  2  5  1  4  7  9  0 
0.002985
8  2  5  6  3  9  0  0 
0.002985
8  11   1   4   6   3   9   0 
0.000937
8  11   1   4   7   9   0   0 
0.000937
10   3   9 
0.002638
10   9   0 
0.015281
11   1   4   6   3   9 
0.002819
11   1   4   7   9   0 
0.003786
1   4   6   3   9  10 
0.010667
1   4   6   3  10   0 
0.010667
1   4   7   9  10   0 
0.012745
1   5   6   3   9  10 
0.026469
1   5   6   3  10   0 
0.026469
2   5   6   3   9  10 
0.071377
2   5   6   3  10   0 
0.342096
3   9  10 
0.003609
3  10   0 
0.020907
4   6   3   9  10 
0.003257
4   6   3  10   0 
0.003257
4   7   9  10   0 
0.003891
5   6   3   9  10 
0.004399
5   6   3  10   0 
0.025488
6   3   9  10 
0.002185
6   3  10   0 
0.012661
7   9  10 
0.145084
8   2   5   6   3   9  10   0 
0.020256
8   2   5   6   3  10   0   0 
0.020256
8  11   1   4   6   3   9  10 
0.011974
8  11   1   4   6   3  10   0 
0.011974
8  11   1   4   7   9  10   0 
0.013239
8  11   1   5   6   3   9  10 
0.013239
8  11   1   5   6   3  10   0 
0.013239
9  10 
0.011840
11   1   4   6   3   9  10 
0.004860
11   1   4   6   3  10   0 
0.004860
11   1   4   7   9  10   0 
0.005807
11   1   5   6   3   9  10 
0.010014
11   1   5   6   3  10   0 
0.010014
1  11 
0.574489
2   8  11 
0.341569
3   6   4   1  11   0 
0.097632
3   6   5   1  11   0 
0.094209
3   6   5   2   8  11 
0.022964
4   1  11 
0.131169
5   1  11   0 
0.245649
5   2   8  11 
0.029078
6   4   1  11   0 
0.025315
6   5   1  11   0 
0.024428
6   5   2   8  11 
0.005954
7   4   1  11 
0.326717
8  11 
0.679476
9   3   6   4   1  11   0 
0.007239
9   3   6   5   1  11   0 
0.007239
9   3   6   5   2   8  11 
0.006285
9   7   4   1  11   0   0 
0.008059
10   3   6   4   1  11   0   0 
0.040142
10   3   6   5   1  11   0   0 
0.040142
10   3   6   5   2   8  11   0 
0.020702
10   9   3   6   4   1  11   0 
0.023845
10   9   3   6   5   1  11   0 
0.023845
10   9   3   6   5   2   8  11 
0.020702
10   9   7   4   1  11   0   0 
0.026545
