2 1 0.245130 0.074849 * 2  5  1  0 
2 1 0.354138 0.010458 * 2   8  11   1 
3 1 0.351361 0.011680 * 3  6  4  1 
3 1 0.333783 0.008189 * 3  6  5  1 
4 1 0.122491 0.024287 * 4  1 
5 1 0.107738 0.078268 * 5  1 
6 1 0.238374 0.010901 * 6  4  1 
6 1 0.220796 0.007643 * 6  5  1 
7 1 0.239114 0.121202 * 7  4  1 
8 1 0.236824 0.077311 * 8  11   1 
9 1 0.454546 0.003999 * 9  3  6  4  1 
9 1 0.436969 0.003999 * 9  3  6  5  1 
9 1 0.344853 0.005197 * 9  7  4  1  0 
10 1 0.455952 0.012291 * 10   3   6   4   1   0 
10 1 0.438375 0.012291 * 10   3   6   5   1   0 
10 1 0.559221 0.008324 * 10   9   3   6   4   1 
10 1 0.541643 0.008324 * 10   9   3   6   5   1 
10 1 0.449527 0.010818 * 10   9   7   4   1   0 
11 1 0.118748 0.364492 * 11   1 
1 2 0.224583 0.045977 * 1  5  2  0 
1 2 0.355194 0.045977 * 1  11   8   2 
3 2 0.341349 0.100859 * 3  6  5  2 
4 2 0.347074 0.012082 * 4  1  5  2  0 
4 2 0.477684 0.012082 * 4   1  11   8   2 
4 2 0.329780 0.004197 * 4  6  5  2  0 
5 2 0.115303 0.142528 * 5  2 
6 2 0.228361 0.055002 * 6  5  2 
7 2 0.463698 0.048002 * 7  4  1  5  2  0 
7 2 0.594308 0.048002 * 7   4   1  11   8   2 
7 2 0.446404 0.016675 * 7  4  6  5  2  0 
7 2 0.547931 0.008847 * 7  9  3  6  5  2 
8 2 0.104587 0.028865 * 8  2 
9 2 0.444534 0.010872 * 9  3  6  5  2 
10 2 0.445940 0.031087 * 10   3   6   5   2   0 
10 2 0.549208 0.014061 * 10   9   3   6   5   2 
11 2 0.218220 0.047891 * 11   8   2 
1 3 0.330757 0.010637 * 1  4  6  3  0 
1 3 0.444406 0.007421 * 1  4  7  9  3 
1 3 0.354013 0.016102 * 1  5  6  3  0 
2 3 0.382125 0.244735 * 2  5  6  3 
4 3 0.216498 0.022991 * 4  6  3  0 
4 3 0.330146 0.015527 * 4  7  9  3 
5 3 0.244733 0.038065 * 5  6  3 
6 3 0.115079 0.109999 * 6  3 
7 3 0.206582 0.116296 * 7  9  3 
8 3 0.486712 0.012873 * 8  2  5  6  3  0  0 
8 3 0.567581 0.007644 * 8  11   1   4   6   3   0 
8 3 0.681229 0.007644 * 8  11   1   4   7   9   3 
8 3 0.590837 0.007644 * 8  11   1   5   6   3   0 
9 3 0.103185 0.081269 * 9  3 
10 3 0.207859 0.026627 * 10   9   3 
10 3 0.104591 0.058871 * 10   3   0 
11 3 0.449505 0.026464 * 11   1   4   6   3   0 
11 3 0.563154 0.018464 * 11   1   4   7   9   3 
11 3 0.472761 0.040061 * 11   1   5   6   3   0 
1 4 0.114260 0.038686 * 1  4 
2 4 0.359390 0.031962 * 2  5  1  4  0 
2 4 0.382930 0.077429 * 2  5  6  4  0 
2 4 0.468398 0.003340 * 2   8  11   1   4 
3 4 0.228871 0.021474 * 3  6  4  0 
3 4 0.324815 0.004283 * 3  9  7  4 
5 4 0.221998 0.010661 * 5  1  4 
5 4 0.245538 0.025825 * 5  6  4 
6 4 0.115883 0.017935 * 6  4 
7 4 0.116624 0.046978 * 7  4 
8 4 0.351084 0.038941 * 8  11   1   4 
9 4 0.222362 0.015980 * 9  7  4 
10 4 0.333462 0.012693 * 10   3   6   4   0 
10 4 0.429406 0.005567 * 10   3   9   7   4 
10 4 0.327037 0.010582 * 10   9   7   4   0 
11 4 0.233008 0.029705 * 11   1   4 
1 5 0.109280 0.065812 * 1  5 
2 5 0.137392 0.586401 * 2  5 
3 5 0.226046 0.102879 * 3  6  5 
4 5 0.231771 0.023917 * 4  1  5 
4 5 0.214477 0.016018 * 4  6  5 
6 5 0.113058 0.059051 * 6  5 
7 5 0.348395 0.044674 * 7  4  1  5  0 
7 5 0.331101 0.029920 * 7  4  6  5  0 
7 5 0.432628 0.012782 * 7  9  3  6  5 
8 5 0.241979 0.071914 * 8  2  5  0 
8 5 0.346104 0.025716 * 8  11   1   5 
9 5 0.329231 0.044834 * 9  3  6  5 
10 5 0.330637 0.062280 * 10   3   6   5   0 
10 5 0.433905 0.028169 * 10   9   3   6   5 
11 5 0.228028 0.194682 * 11   1   5 
1 6 0.215679 0.004633 * 1  4  6 
1 6 0.238935 0.011750 * 1  5  6 
2 6 0.267046 0.197885 * 2  5  6 
3 6 0.112987 0.033372 * 3  6 
4 6 0.101419 0.017168 * 4  6 
5 6 0.129654 0.082705 * 5  6 
7 6 0.218042 0.021958 * 7  4  6  0 
7 6 0.319569 0.014829 * 7  9  3  6 
8 6 0.371633 0.028458 * 8  2  5  6  0 
8 6 0.452502 0.014189 * 8  11   1   4   6 
8 6 0.475758 0.014189 * 8  11   1   5   6 
9 6 0.216173 0.003488 * 9  3  6 
10 6 0.217578 0.020420 * 10   3   6   0 
10 6 0.320847 0.009236 * 10   9   3   6 
11 6 0.334427 0.016480 * 11   1   4   6 
11 6 0.357683 0.041795 * 11   1   5   6 
1 7 0.237823 0.132448 * 1  4  7 
2 7 0.482953 0.171869 * 2  5  1  4  7  0 
2 7 0.590317 0.091258 * 2  5  6  3  9  7 
2 7 0.506493 0.457516 * 2  5  6  4  7  0 
2 7 0.591961 0.018395 * 2   8  11   1   4   7 
3 7 0.208192 0.052241 * 3  9  7 
4 7 0.123564 0.049998 * 4  7 
5 7 0.345561 0.051975 * 5  1  4  7  0 
5 7 0.452925 0.027597 * 5  6  3  9  7 
5 7 0.369101 0.138357 * 5  6  4  7  0 
6 7 0.323270 0.011393 * 6  3  9  7 
6 7 0.239447 0.057116 * 6  4  7  0 
8 7 0.474647 0.330144 * 8  11   1   4   7 
9 7 0.105739 0.029022 * 9  7 
10 7 0.312783 0.026187 * 10   3   9   7 
10 7 0.210413 0.131286 * 10   9   7   0 
11 7 0.356571 0.322508 * 11   1   4   7 
1 8 0.341898 0.043027 * 1  5  2  8 
1 8 0.250607 0.157067 * 1  11   8   0 
2 8 0.117314 0.365745 * 2  8 
3 8 0.458663 0.136985 * 3  6  5  2  8 
4 8 0.464388 0.037520 * 4  1  5  2  8 
4 8 0.373098 0.134419 * 4   1  11   8   0 
4 8 0.447094 0.019358 * 4  6  5  2  8 
5 8 0.232617 0.267314 * 5  2  8 
6 8 0.345675 0.109058 * 6  5  2  8 
7 8 0.581012 0.086735 * 7  4  1  5  2  8 
7 8 0.489722 0.266947 * 7   4   1  11   8   0 
7 8 0.563718 0.044751 * 7  4  6  5  2  8 
9 8 0.561848 0.001693 * 9  3  6  5  2  8  0 
9 8 0.686751 0.019911 * 9  7  4  1  5  2  8 
9 8 0.595460 0.019911 * 9   7   4   1  11   8   0 
9 8 0.669457 0.010797 * 9  7  4  6  5  2  8 
10 8 0.563254 0.009674 * 10   3   6   5   2   8   0   0 
10 8 0.666522 0.005997 * 10   9   3   6   5   2   8   0 
10 8 0.791425 0.055844 * 10   9   7   4   1   5   2   8 
10 8 0.700134 0.055844 * 10   9   7   4   1  11   8   0 
10 8 0.774131 0.038250 * 10   9   7   4   6   5   2   8 
11 8 0.113633 0.361685 * 11   8 
1 9 0.433210 0.000510 * 1  4  6  3  9 
1 9 0.341220 0.003821 * 1  4  7  9  0 
2 9 0.678340 0.004391 * 2  5  1  4  6  3  9 
2 9 0.586350 0.022756 * 2  5  1  4  7  9  0 
2 9 0.484578 0.009700 * 2  5  6  3  9  0  0 
3 9 0.102453 0.074342 * 3  9 
4 9 0.318950 0.000874 * 4  6  3  9 
4 9 0.226960 0.006541 * 4  7  9  0 
5 9 0.540948 0.001591 * 5  1  4  6  3  9 
5 9 0.448958 0.008244 * 5  1  4  7  9  0 
5 9 0.347186 0.003514 * 5  6  3  9  0  0 
6 9 0.217532 0.002077 * 6  3  9 
7 9 0.103397 0.054814 * 7  9 
8 9 0.782927 0.006984 * 8  2  5  1  4  6  3  9 
8 9 0.690937 0.024814 * 8  2  5  1  4  7  9  0 
8 9 0.589164 0.015427 * 8  2  5  6  3  9  0  0 
8 9 0.670034 0.006984 * 8  11   1   4   6   3   9   0 
8 9 0.578044 0.008873 * 8  11   1   4   7   9   0   0 
10 9 0.207044 0.006020 * 10   3   9 
10 9 0.104674 0.030183 * 10   9   0 
11 9 0.551958 0.004360 * 11   1   4   6   3   9 
11 9 0.459968 0.010488 * 11   1   4   7   9   0 
1 10 0.534753 0.005121 * 1   4   6   3   9  10 
1 10 0.437788 0.005121 * 1   4   6   3  10   0 
1 10 0.442763 0.006375 * 1   4   7   9  10   0 
1 10 0.558009 0.010790 * 1   5   6   3   9  10 
1 10 0.461044 0.010790 * 1   5   6   3  10   0 
2 10 0.586120 0.070655 * 2   5   6   3   9  10 
2 10 0.489156 0.301600 * 2   5   6   3  10   0 
3 10 0.203995 0.006038 * 3   9  10 
3 10 0.107031 0.030273 * 3  10   0 
4 10 0.420493 0.003900 * 4   6   3   9  10 
4 10 0.323528 0.003900 * 4   6   3  10   0 
4 10 0.328503 0.004854 * 4   7   9  10   0 
5 10 0.448728 0.003796 * 5   6   3   9  10 
5 10 0.351764 0.019030 * 5   6   3  10   0 
6 10 0.319074 0.002853 * 6   3   9  10 
6 10 0.222110 0.014303 * 6   3  10   0 
7 10 0.204940 0.122216 * 7   9  10 
8 10 0.690707 0.022867 * 8   2   5   6   3   9  10   0 
8 10 0.593743 0.022867 * 8   2   5   6   3  10   0   0 
8 10 0.771577 0.011271 * 8  11   1   4   6   3   9  10 
8 10 0.674612 0.011271 * 8  11   1   4   6   3  10   0 
8 10 0.679587 0.014031 * 8  11   1   4   7   9  10   0 
8 10 0.794833 0.015415 * 8  11   1   5   6   3   9  10 
8 10 0.697868 0.015415 * 8  11   1   5   6   3  10   0 
9 10 0.101543 0.025054 * 9  10 
11 10 0.653501 0.006509 * 11   1   4   6   3   9  10 
11 10 0.556536 0.006509 * 11   1   4   6   3  10   0 
11 10 0.561511 0.008103 * 11   1   4   7   9  10   0 
11 10 0.676757 0.013714 * 11   1   5   6   3   9  10 
11 10 0.579792 0.013714 * 11   1   5   6   3  10   0 
1 11 0.136974 0.761458 * 1  11 
2 11 0.235390 0.379159 * 2   8  11 
3 11 0.488335 0.121196 * 3   6   4   1  11   0 
3 11 0.470757 0.096848 * 3   6   5   1  11   0 
3 11 0.576739 0.024951 * 3   6   5   2   8  11 
4 11 0.259464 0.047032 * 4   1  11 
5 11 0.244712 0.200791 * 5   1  11   0 
5 11 0.350693 0.028054 * 5   2   8  11 
6 11 0.375348 0.038915 * 6   4   1  11   0 
6 11 0.357770 0.031097 * 6   5   1  11   0 
6 11 0.463751 0.008012 * 6   5   2   8  11 
7 11 0.376088 0.338321 * 7   4   1  11 
8 11 0.118076 0.691248 * 8  11 
9 11 0.591520 0.006039 * 9   3   6   4   1  11   0 
9 11 0.573943 0.006039 * 9   3   6   5   1  11   0 
9 11 0.679924 0.006033 * 9   3   6   5   2   8  11 
9 11 0.481827 0.007421 * 9   7   4   1  11   0   0 
10 11 0.592926 0.037347 * 10   3   6   4   1  11   0   0 
10 11 0.575349 0.037347 * 10   3   6   5   1  11   0   0 
10 11 0.681330 0.021465 * 10   3   6   5   2   8  11   0 
10 11 0.696194 0.021486 * 10   9   3   6   4   1  11   0 
10 11 0.678617 0.021486 * 10   9   3   6   5   1  11   0 
10 11 0.784598 0.021465 * 10   9   3   6   5   2   8  11 
10 11 0.586501 0.026404 * 10   9   7   4   1  11   0   0 
