2  5  1 
0.070318
3  6  4  1 
0.004964
3  6  5  1 
0.004964
4  1 
0.008105
5  1 
0.085918
6  4  1 
0.009117
6  5  1 
0.009117
7  4  1 
0.108956
8  11   1 
0.072253
9  7  4  1 
0.020702
10   3   6   4   1 
0.015193
10   3   6   5   1 
0.015193
10   9   7   4   1 
0.015193
11   1 
0.561029
1  5  2 
0.063176
3  6  5  2 
0.065266
4  1  5  2 
0.021129
4  6  5  2 
0.021129
5  2 
0.091628
6  5  2 
0.031029
7  4  1  5  2 
0.047123
7  4  6  5  2 
0.047123
8  2 
0.030012
9  3  6  5  2 
0.005821
10   3   6   5   2 
0.043766
11   8   2 
0.062366
1  4  6  3 
0.020314
1  5  6  3 
0.020314
2  5  6  3 
0.262817
4  6  3 
0.020762
5  6  3 
0.023954
6  3 
0.014690
7  9  3 
0.025686
8  2  5  6  3 
0.059320
9  3 
0.039668
10   3 
0.041383
11   1   4   6   3 
0.017458
11   1   5   6   3 
0.017458
1  4 
0.034273
2  5  1  4 
0.079861
2  5  6  4 
0.079861
3  6  4 
0.007953
5  1  4 
0.025038
5  6  4 
0.025038
6  4 
0.012777
7  4 
0.098454
8  11   1   4 
0.031072
9  7  4 
0.009747
10   3   6   4 
0.005051
10   9   7   4 
0.005051
11   1   4 
0.021958
1  5 
0.055299
2  5 
0.623099
3  6  5 
0.037319
4  1  5 
0.013536
4  6  5 
0.013536
6  5 
0.046196
7  4  1  5 
0.046235
7  4  6  5 
0.046235
8  2  5 
0.134295
9  3  6  5 
0.036808
10   3   6   5 
0.044148
11   1   5 
0.123640
1  4  6 
0.021669
1  5  6 
0.021669
2  5  6 
0.243340
3  6 
0.020798
4  6 
0.017609
5  6 
0.046492
7  4  6 
0.025342
8  2  5  6 
0.041430
9  3  6 
0.004886
10   3   6 
0.024848
11   1   4   6 
0.038254
11   1   5   6 
0.038254
1  4  7 
0.131080
2  5  1  4  7 
0.363167
2  5  6  4  7 
0.363167
3  9  7 
0.013717
4  7 
0.038008
5  1  4  7 
0.099979
5  6  4  7 
0.099979
6  4  7 
0.033390
8  11   1   4   7 
0.259920
9  7 
0.023658
10   9   7 
0.123494
11   1   4   7 
0.261027
1  11   8 
0.209950
2  8 
0.301251
3  6  5  2  8 
0.093714
4   1  11   8 
0.184135
5  2  8 
0.305582
6  5  2  8 
0.094716
7   4   1  11   8 
0.243468
9  3  6  5  2  8 
0.012840
9   7   4   1  11   8 
0.012840
10   3   6   5   2   8 
0.113103
11   8 
0.284430
1  4  7  9 
0.005796
2  5  6  3  9 
0.042290
3  9 
0.016189
4  7  9 
0.002827
5  6  3  9 
0.016070
6  3  9 
0.002006
7  9 
0.029614
8  2  5  6  3  9 
0.037275
8  11   1   4   7   9 
0.037275
10   9 
0.011060
11   1   4   7   9 
0.008633
1   4   6   3  10 
0.022995
1   4   7   9  10 
0.022995
1   5   6   3  10 
0.039446
2   5   6   3  10 
0.486444
3  10 
0.016905
4   6   3  10 
0.005460
4   7   9  10 
0.005460
5   6   3  10 
0.060134
6   3  10 
0.013509
7   9  10 
0.102009
8   2   5   6   3  10 
0.113763
9  10 
0.012176
11   1   4   6   3  10 
0.014425
11   1   4   7   9  10 
0.014425
11   1   5   6   3  10 
0.017375
1  11 
0.639757
2   8  11 
0.300741
3   6   4   1  11 
0.069238
3   6   5   1  11 
0.069238
4   1  11 
0.113767
5   1  11 
0.247197
6   4   1  11 
0.033030
6   5   1  11 
0.033030
7   4   1  11 
0.310000
8  11 
0.599439
9   7   4   1  11 
0.013474
10   3   6   4   1  11 
0.055475
10   3   6   5   1  11 
0.055475
10   9   7   4   1  11 
0.055475
