2 1 2 0.069271 * 2  5  1 
3 1 3 0.011120 * 3  6  4  1 
3 1 3 0.011120 * 3  6  5  1 
4 1 1 0.020509 * 4  1 
5 1 1 0.095567 * 5  1 
6 1 2 0.010248 * 6  4  1 
6 1 2 0.010248 * 6  5  1 
7 1 2 0.099243 * 7  4  1 
8 1 2 0.075227 * 8  11   1 
9 1 3 0.018355 * 9  7  4  1 
10 1 4 0.018922 * 10   3   6   4   1 
10 1 4 0.018922 * 10   3   6   5   1 
10 1 4 0.018922 * 10   9   7   4   1 
11 1 1 0.417698 * 11   1 
1 2 2 0.067816 * 1  5  2 
3 2 3 0.096052 * 3  6  5  2 
4 2 3 0.025212 * 4  1  5  2 
4 2 3 0.025212 * 4  6  5  2 
5 2 1 0.173979 * 5  2 
6 2 2 0.051866 * 6  5  2 
7 2 4 0.040744 * 7  4  1  5  2 
7 2 4 0.040744 * 7  4  6  5  2 
8 2 1 0.025389 * 8  2 
9 2 4 0.008579 * 9  3  6  5  2 
10 2 4 0.039230 * 10   3   6   5   2 
11 2 2 0.079397 * 11   8   2 
1 3 3 0.018564 * 1  4  6  3 
1 3 3 0.018564 * 1  5  6  3 
2 3 3 0.249709 * 2  5  6  3 
4 3 2 0.026615 * 4  6  3 
5 3 2 0.031911 * 5  6  3 
6 3 1 0.096428 * 6  3 
7 3 2 0.040223 * 7  9  3 
8 3 4 0.071258 * 8  2  5  6  3 
9 3 1 0.072847 * 9  3 
10 3 1 0.145057 * 10   3 
11 3 4 0.033894 * 11   1   4   6   3 
11 3 4 0.033894 * 11   1   5   6   3 
1 4 1 0.026170 * 1  4 
2 4 3 0.057205 * 2  5  1  4 
2 4 3 0.057205 * 2  5  6  4 
3 4 2 0.017694 * 3  6  4 
5 4 2 0.021108 * 5  1  4 
5 4 2 0.021108 * 5  6  4 
6 4 1 0.009763 * 6  4 
7 4 1 0.088915 * 7  4 
8 4 3 0.029784 * 8  11   1   4 
9 4 2 0.010962 * 9  7  4 
10 4 3 0.011148 * 10   3   6   4 
10 4 3 0.011148 * 10   9   7   4 
11 4 2 0.026037 * 11   1   4 
1 5 1 0.083757 * 1  5 
2 5 1 0.520713 * 2  5 
3 5 2 0.056231 * 3  6  5 
4 5 2 0.025227 * 4  1  5 
4 5 2 0.025227 * 4  6  5 
6 5 1 0.047657 * 6  5 
7 5 3 0.046551 * 7  4  1  5 
7 5 3 0.046551 * 7  4  6  5 
8 5 2 0.123174 * 8  2  5 
9 5 3 0.035801 * 9  3  6  5 
10 5 3 0.081121 * 10   3   6   5 
11 5 2 0.215594 * 11   1   5 
1 6 2 0.016261 * 1  4  6 
1 6 2 0.016261 * 1  5  6 
2 6 2 0.196229 * 2  5  6 
3 6 1 0.028338 * 3  6 
4 6 1 0.017034 * 4  6 
5 6 1 0.072494 * 5  6 
7 6 2 0.036624 * 7  4  6 
8 6 3 0.056066 * 8  2  5  6 
9 6 2 0.004348 * 9  3  6 
10 6 2 0.023427 * 10   3   6 
11 6 3 0.022985 * 11   1   4   6 
11 6 3 0.022985 * 11   1   5   6 
1 7 2 0.089345 * 1  4  7 
2 7 4 0.404328 * 2  5  1  4  7 
2 7 4 0.404328 * 2  5  6  4  7 
3 7 2 0.043423 * 3  9  7 
4 7 1 0.059223 * 4  7 
5 7 3 0.115914 * 5  1  4  7 
5 7 3 0.115914 * 5  6  4  7 
6 7 2 0.075294 * 6  4  7 
8 7 4 0.301988 * 8  11   1   4   7 
9 7 1 0.061683 * 9  7 
10 7 2 0.177920 * 10   9   7 
11 7 3 0.326666 * 11   1   4   7 
1 8 2 0.156782 * 1  11   8 
2 8 1 0.366520 * 2  8 
3 8 4 0.108003 * 3  6  5  2  8 
4 8 3 0.164932 * 4   1  11   8 
5 8 2 0.246007 * 5  2  8 
6 8 3 0.100022 * 6  5  2  8 
7 8 4 0.368822 * 7   4   1  11   8 
9 8 5 0.027264 * 9  3  6  5  2  8 
9 8 5 0.027264 * 9   7   4   1  11   8 
10 8 5 0.134271 * 10   3   6   5   2   8 
11 8 1 0.335377 * 11   8 
1 9 3 0.003270 * 1  4  7  9 
2 9 4 0.036435 * 2  5  6  3  9 
3 9 1 0.099767 * 3  9 
4 9 2 0.005390 * 4  7  9 
5 9 3 0.012701 * 5  6  3  9 
6 9 2 0.003675 * 6  3  9 
7 9 1 0.043748 * 7  9 
8 9 5 0.005684 * 8  2  5  6  3  9 
8 9 5 0.005684 * 8  11   1   4   7   9 
10 9 1 0.015231 * 10   9 
11 9 4 0.013776 * 11   1   4   7   9 
1 10 4 0.012156 * 1   4   6   3  10 
1 10 4 0.012156 * 1   4   7   9  10 
1 10 4 0.020575 * 1   5   6   3  10 
2 10 4 0.409489 * 2   5   6   3  10 
3 10 1 0.025488 * 3  10 
4 10 3 0.004457 * 4   6   3  10 
4 10 3 0.004457 * 4   7   9  10 
5 10 3 0.026076 * 5   6   3  10 
6 10 2 0.017299 * 6   3  10 
7 10 2 0.129399 * 7   9  10 
8 10 5 0.107341 * 8   2   5   6   3  10 
9 10 1 0.012348 * 9  10 
11 10 5 0.014419 * 11   1   4   6   3  10 
11 10 5 0.014419 * 11   1   4   7   9  10 
11 10 5 0.024405 * 11   1   5   6   3  10 
1 11 1 0.566081 * 1  11 
2 11 2 0.432695 * 2   8  11 
3 11 4 0.093525 * 3   6   4   1  11 
3 11 4 0.093525 * 3   6   5   1  11 
4 11 2 0.098518 * 4   1  11 
5 11 2 0.220595 * 5   1  11 
6 11 3 0.038798 * 6   4   1  11 
6 11 3 0.038798 * 6   5   1  11 
7 11 3 0.368180 * 7   4   1  11 
8 11 1 0.755091 * 8  11 
9 11 4 0.019188 * 9   7   4   1  11 
10 11 5 0.063326 * 10   3   6   4   1  11 
10 11 5 0.063326 * 10   3   6   5   1  11 
10 11 5 0.063326 * 10   9   7   4   1  11 
