2 1 0.242567 0.111045 * 2  5  1  0 
2 1 0.361140 0.010262 * 2   8  11   1 
3 1 0.356699 0.011005 * 3  6  4  1 
3 1 0.335093 0.007276 * 3  6  5  1 
4 1 0.125506 0.077808 * 4  1 
5 1 0.109263 0.105263 * 5  1 
6 1 0.243076 0.023164 * 6  4  1 
6 1 0.221470 0.015314 * 6  5  1 
7 1 0.247733 0.134822 * 7  4  1 
8 1 0.241976 0.110159 * 8  11   1 
9 1 0.459712 0.008182 * 9  3  6  4  1 
9 1 0.438107 0.008182 * 9  3  6  5  1 
9 1 0.350845 0.002511 * 9  7  4  1  0 
10 1 0.463562 0.020790 * 10   3   6   4   1   0 
10 1 0.441956 0.020790 * 10   3   6   5   1   0 
10 1 0.561620 0.003508 * 10   9   3   6   4   1 
10 1 0.540015 0.003508 * 10   9   3   6   5   1 
10 1 0.452753 0.002915 * 10   9   7   4   1   0 
11 1 0.120570 0.314476 * 11   1 
1 2 0.228971 0.057739 * 1  5  2  0 
1 2 0.354204 0.057739 * 1  11   8   2 
3 2 0.343291 0.095197 * 3  6  5  2 
4 2 0.354477 0.025321 * 4  1  5  2  0 
4 2 0.479710 0.025321 * 4   1  11   8   2 
4 2 0.331381 0.008400 * 4  6  5  2  0 
5 2 0.117461 0.214581 * 5  2 
6 2 0.229668 0.055448 * 6  5  2 
7 2 0.476704 0.050020 * 7  4  1  5  2  0 
7 2 0.601937 0.050020 * 7   4   1  11   8   2 
7 2 0.453609 0.019001 * 7  4  6  5  2  0 
7 2 0.549506 0.013344 * 7  9  3  6  5  2 
8 2 0.105258 0.043077 * 8  2 
9 2 0.446304 0.010539 * 9  3  6  5  2 
10 2 0.450153 0.032116 * 10   3   6   5   2   0 
10 2 0.548212 0.004146 * 10   9   3   6   5   2 
11 2 0.220165 0.074081 * 11   8   2 
1 3 0.330546 0.006672 * 1  4  6  3  0 
1 3 0.444084 0.007333 * 1  4  7  9  3 
1 3 0.353430 0.010098 * 1  5  6  3  0 
2 3 0.375223 0.212036 * 2  5  6  3 
4 3 0.215754 0.016230 * 4  6  3  0 
4 3 0.329292 0.017838 * 4  7  9  3 
5 3 0.241920 0.039278 * 5  6  3 
6 3 0.114040 0.094779 * 6  3 
7 3 0.206215 0.119650 * 7  9  3 
8 3 0.480481 0.020440 * 8  2  5  6  3  0  0 
8 3 0.572522 0.015344 * 8  11   1   4   6   3   0 
8 3 0.686060 0.015344 * 8  11   1   4   7   9   3 
8 3 0.595406 0.015344 * 8  11   1   5   6   3   0 
9 3 0.103013 0.071434 * 9  3 
10 3 0.204921 0.011981 * 10   9   3 
10 3 0.106863 0.092799 * 10   3   0 
11 3 0.451116 0.024696 * 11   1   4   6   3   0 
11 3 0.564654 0.027143 * 11   1   4   7   9   3 
11 3 0.474000 0.037377 * 11   1   5   6   3   0 
1 4 0.114792 0.023442 * 1  4 
2 4 0.357359 0.033819 * 2  5  1  4  0 
2 4 0.378753 0.066369 * 2  5  6  4  0 
2 4 0.475932 0.001916 * 2   8  11   1   4 
3 4 0.231193 0.013866 * 3  6  4  0 
3 4 0.327491 0.002653 * 3  9  7  4 
5 4 0.224056 0.019570 * 5  1  4 
5 4 0.245450 0.043080 * 5  6  4 
6 4 0.117570 0.024250 * 6  4 
7 4 0.122227 0.557463 * 7  4 
8 4 0.356768 0.020162 * 8  11   1   4 
9 4 0.225339 0.017803 * 9  7  4 
10 4 0.338056 0.022372 * 10   3   6   4   0 
10 4 0.434354 0.005727 * 10   3   9   7   4 
10 4 0.327247 0.001236 * 10   9   7   4   0 
11 4 0.235362 0.044492 * 11   1   4 
1 5 0.111510 0.090831 * 1  5 
2 5 0.133303 0.555048 * 2  5 
3 5 0.225830 0.055256 * 3  6  5 
4 5 0.237016 0.029936 * 4  1  5 
4 5 0.213921 0.019191 * 4  6  5 
6 5 0.112207 0.078887 * 6  5 
7 5 0.359243 0.048151 * 7  4  1  5  0 
7 5 0.336148 0.031921 * 7  4  6  5  0 
7 5 0.432045 0.020673 * 7  9  3  6  5 
8 5 0.238561 0.119023 * 8  2  5  0 
8 5 0.353486 0.046424 * 8  11   1   5 
9 5 0.328843 0.046511 * 9  3  6  5 
10 5 0.332693 0.061874 * 10   3   6   5   0 
10 5 0.430751 0.007988 * 10   9   3   6   5 
11 5 0.232080 0.219476 * 11   1   5 
1 6 0.216506 0.011044 * 1  4  6 
1 6 0.239390 0.025072 * 1  5  6 
2 6 0.261183 0.211973 * 2  5  6 
3 6 0.113623 0.062180 * 3  6 
4 6 0.101713 0.024242 * 4  6 
5 6 0.127880 0.081104 * 5  6 
7 6 0.223941 0.023818 * 7  4  6  0 
7 6 0.319838 0.026178 * 7  9  3  6 
8 6 0.366441 0.019910 * 8  2  5  6  0 
8 6 0.458482 0.011186 * 8  11   1   4   6 
8 6 0.481366 0.011186 * 8  11   1   5   6 
9 6 0.216636 0.004589 * 9  3  6 
10 6 0.220486 0.015548 * 10   3   6   0 
10 6 0.318544 0.002007 * 10   9   3   6 
11 6 0.337076 0.021258 * 11   1   4   6 
11 6 0.359960 0.048260 * 11   1   5   6 
1 7 0.237869 0.082845 * 1  4  7 
2 7 0.480435 0.136560 * 2  5  1  4  7  0  0 
2 7 0.580487 0.085242 * 2  5  6  3  9  7  0 
2 7 0.686682 0.031290 * 2   5   6   3  10   9   7 
2 7 0.501830 0.331513 * 2  5  6  4  7  0  0 
2 7 0.599009 0.008784 * 2   8  11   1   4   7   0 
3 7 0.205264 0.044497 * 3  9  7  0 
3 7 0.311459 0.015312 * 3  10   9   7 
4 7 0.123077 0.062863 * 4  7 
5 7 0.347132 0.059084 * 5  1  4  7  0  0 
5 7 0.447184 0.036881 * 5  6  3  9  7  0 
5 7 0.553378 0.013538 * 5   6   3  10   9   7 
5 7 0.368526 0.143432 * 5  6  4  7  0  0 
6 7 0.319304 0.011952 * 6  3  9  7  0 
6 7 0.425499 0.004387 * 6   3  10   9   7 
6 7 0.240646 0.046481 * 6  4  7  0  0 
8 7 0.479845 0.293355 * 8  11   1   4   7 
9 7 0.103111 0.018545 * 9  7 
10 7 0.205019 0.159232 * 10   9   7 
11 7 0.358439 0.481007 * 11   1   4   7 
1 8 0.348135 0.031334 * 1  5  2  8 
1 8 0.248946 0.146387 * 1  11   8   0 
2 8 0.119164 0.365643 * 2  8 
3 8 0.462455 0.099372 * 3  6  5  2  8 
4 8 0.473640 0.037118 * 4  1  5  2  8 
4 8 0.374452 0.163908 * 4   1  11   8   0 
4 8 0.450545 0.018526 * 4  6  5  2  8 
5 8 0.236625 0.320631 * 5  2  8 
6 8 0.348832 0.157687 * 6  5  2  8 
7 8 0.595868 0.080874 * 7  4  1  5  2  8 
7 8 0.496679 0.272000 * 7   4   1  11   8   0 
7 8 0.572772 0.040365 * 7  4  6  5  2  8 
9 8 0.565468 0.002933 * 9  3  6  5  2  8  0 
9 8 0.698979 0.012903 * 9  7  4  1  5  2  8 
9 8 0.599790 0.012903 * 9   7   4   1  11   8   0 
9 8 0.675884 0.011025 * 9  7  4  6  5  2  8 
10 8 0.569317 0.045456 * 10   3   6   5   2   8   0   0 
10 8 0.667376 0.009653 * 10   9   3   6   5   2   8   0 
10 8 0.800887 0.031683 * 10   9   7   4   1   5   2   8 
10 8 0.701699 0.031683 * 10   9   7   4   1  11   8   0 
10 8 0.777792 0.031683 * 10   9   7   4   6   5   2   8 
11 8 0.114907 0.432653 * 11   8 
1 9 0.538893 0.001427 * 1   4   6   3  10   9 
1 9 0.432699 0.001427 * 1  4  6  3  9  0 
1 9 0.341071 0.003111 * 1  4  7  9  0  0 
2 9 0.781460 0.006027 * 2   5   1   4   6   3  10   9 
2 9 0.675266 0.006027 * 2  5  1  4  6  3  9  0 
2 9 0.583637 0.010605 * 2  5  1  4  7  9  0  0 
2 9 0.583571 0.007617 * 2   5   6   3  10   9   0   0 
2 9 0.477376 0.008381 * 2  5  6  3  9  0  0  0 
3 9 0.208347 0.014366 * 3  10   9 
3 9 0.102153 0.041749 * 3  9  0 
4 9 0.424101 0.002046 * 4   6   3  10   9 
4 9 0.317907 0.002046 * 4  6  3  9  0 
4 9 0.226278 0.004459 * 4  7  9  0  0 
5 9 0.648157 0.003824 * 5   1   4   6   3  10   9 
5 9 0.541962 0.003824 * 5  1  4  6  3  9  0 
5 9 0.450334 0.006728 * 5  1  4  7  9  0  0 
5 9 0.450267 0.004833 * 5   6   3  10   9   0   0 
5 9 0.344073 0.005318 * 5  6  3  9  0  0  0 
6 9 0.322387 0.002980 * 6   3  10   9 
6 9 0.216193 0.006504 * 6  3  9  0 
7 9 0.103202 0.009744 * 7  9 
8 9 0.886717 0.003899 * 8   2   5   1   4   6   3  10   9 
8 9 0.780523 0.003899 * 8  2  5  1  4  6  3  9  0 
8 9 0.688895 0.003899 * 8  2  5  1  4  7  9  0  0 
8 9 0.688828 0.003899 * 8   2   5   6   3  10   9   0   0 
8 9 0.582634 0.003899 * 8  2  5  6  3  9  0  0  0 
8 9 0.780869 0.000940 * 8  11   1   4   6   3  10   9   0 
8 9 0.674675 0.000940 * 8  11   1   4   6   3   9   0   0 
8 9 0.583047 0.000940 * 8  11   1   4   7   9   0   0   0 
10 9 0.101908 0.020953 * 10   9 
11 9 0.659463 0.005910 * 11   1   4   6   3  10   9 
11 9 0.553269 0.005910 * 11   1   4   6   3   9   0 
11 9 0.461641 0.005910 * 11   1   4   7   9   0   0 
1 10 0.534553 0.013920 * 1   4   6   3   9  10 
1 10 0.436985 0.013920 * 1   4   6   3  10   0 
1 10 0.442925 0.011434 * 1   4   7   9  10   0 
1 10 0.557437 0.025767 * 1   5   6   3   9  10 
1 10 0.459869 0.025767 * 1   5   6   3  10   0 
2 10 0.579230 0.092436 * 2   5   6   3   9  10 
2 10 0.481662 0.189717 * 2   5   6   3  10   0 
3 10 0.204007 0.008371 * 3   9  10 
3 10 0.106439 0.021483 * 3  10   0 
4 10 0.419761 0.006154 * 4   6   3   9  10 
4 10 0.322193 0.006154 * 4   6   3  10   0 
4 10 0.328133 0.005055 * 4   7   9  10   0 
5 10 0.445927 0.014084 * 5   6   3   9  10 
5 10 0.348359 0.036142 * 5   6   3  10   0 
6 10 0.318047 0.005059 * 6   3   9  10 
6 10 0.220479 0.012982 * 6   3  10   0 
7 10 0.205056 0.132016 * 7   9  10 
8 10 0.684488 0.015590 * 8   2   5   6   3   9  10   0 
8 10 0.586920 0.015590 * 8   2   5   6   3  10   0   0 
8 10 0.776529 0.010960 * 8  11   1   4   6   3   9  10 
8 10 0.678961 0.010960 * 8  11   1   4   6   3  10   0 
8 10 0.684901 0.010960 * 8  11   1   4   7   9  10   0 
8 10 0.799413 0.010960 * 8  11   1   5   6   3   9  10 
8 10 0.701845 0.010960 * 8  11   1   5   6   3  10   0 
9 10 0.101854 0.033216 * 9  10 
11 10 0.655123 0.007694 * 11   1   4   6   3   9  10 
11 10 0.557555 0.007694 * 11   1   4   6   3  10   0 
11 10 0.563495 0.006320 * 11   1   4   7   9  10   0 
11 10 0.678007 0.012139 * 11   1   5   6   3   9  10 
11 10 0.580439 0.012139 * 11   1   5   6   3  10   0 
1 11 0.134039 0.480446 * 1  11 
2 11 0.240570 0.474964 * 2   8  11 
3 11 0.490737 0.115104 * 3   6   4   1  11   0 
3 11 0.469132 0.083132 * 3   6   5   1  11   0 
3 11 0.583860 0.016845 * 3   6   5   2   8  11 
4 11 0.259545 0.072593 * 4   1  11 
5 11 0.243302 0.271603 * 5   1  11   0 
5 11 0.358030 0.025099 * 5   2   8  11 
6 11 0.377115 0.048948 * 6   4   1  11   0 
6 11 0.355509 0.035352 * 6   5   1  11   0 
6 11 0.470237 0.007164 * 6   5   2   8  11 
7 11 0.381772 0.381272 * 7   4   1  11 
8 11 0.121406 0.864002 * 8  11 
9 11 0.593751 0.006052 * 9   3   6   4   1  11   0 
9 11 0.572145 0.006052 * 9   3   6   5   1  11   0 
9 11 0.686874 0.006052 * 9   3   6   5   2   8  11 
9 11 0.484883 0.001792 * 9   7   4   1  11   0   0 
10 11 0.597600 0.067595 * 10   3   6   4   1  11   0   0 
10 11 0.575995 0.067595 * 10   3   6   5   1  11   0   0 
10 11 0.690723 0.017767 * 10   3   6   5   2   8  11   0 
10 11 0.695659 0.011311 * 10   9   3   6   4   1  11   0 
10 11 0.674053 0.011311 * 10   9   3   6   5   1  11   0 
10 11 0.788782 0.011311 * 10   9   3   6   5   2   8  11 
10 11 0.586791 0.004463 * 10   9   7   4   1  11   0   0 
