2 1 0.244629 0.071899 * 2  5  1  0 
2 1 0.354746 0.009564 * 2   8  11   1 
3 1 0.356281 0.020593 * 3  6  4  1 
3 1 0.334849 0.014178 * 3  6  5  1 
4 1 0.122519 0.026697 * 4  1 
5 1 0.107578 0.073180 * 5  1 
6 1 0.241402 0.012091 * 6  4  1 
6 1 0.219970 0.008324 * 6  5  1 
7 1 0.243413 0.105870 * 7  4  1 
8 1 0.237111 0.056102 * 8  11   1 
9 1 0.459321 0.006353 * 9  3  6  4  1 
9 1 0.437889 0.006353 * 9  3  6  5  1 
9 1 0.346667 0.003369 * 9  7  4  1  0 
10 1 0.462682 0.013609 * 10   3   6   4   1   0 
10 1 0.441249 0.013609 * 10   3   6   5   1   0 
10 1 0.561309 0.007925 * 10   9   3   6   4   1 
10 1 0.539876 0.007925 * 10   9   3   6   5   1 
10 1 0.448654 0.005230 * 10   9   7   4   1   0 
11 1 0.118045 0.384320 * 11   1 
1 2 0.223212 0.035915 * 1  5  2  0 
1 2 0.353754 0.035915 * 1  11   8   2 
3 2 0.342058 0.096619 * 3  6  5  2 
4 2 0.345731 0.011588 * 4  1  5  2  0 
4 2 0.476273 0.011588 * 4   1  11   8   2 
4 2 0.328554 0.004467 * 4  6  5  2  0 
5 2 0.114787 0.145270 * 5  2 
6 2 0.227179 0.053622 * 6  5  2 
7 2 0.466626 0.035832 * 7  4  1  5  2  0 
7 2 0.597167 0.035832 * 7   4   1  11   8   2 
7 2 0.449448 0.013814 * 7  4  6  5  2  0 
7 2 0.548520 0.006868 * 7  9  3  6  5  2 
8 2 0.103862 0.033560 * 8  2 
9 2 0.445098 0.011916 * 9  3  6  5  2 
10 2 0.448458 0.028861 * 10   3   6   5   2   0 
10 2 0.547085 0.010983 * 10   9   3   6   5   2 
11 2 0.217225 0.028689 * 11   8   2 
1 3 0.328962 0.010819 * 1  4  6  3  0 
1 3 0.441072 0.007813 * 1  4  7  9  3 
1 3 0.353392 0.015129 * 1  5  6  3  0 
2 3 0.382018 0.283558 * 2  5  6  3 
4 3 0.216210 0.023612 * 4  6  3  0 
4 3 0.328320 0.015895 * 4  7  9  3 
5 3 0.244967 0.038975 * 5  6  3 
6 3 0.114835 0.109791 * 6  3 
7 3 0.206463 0.111162 * 7  9  3 
8 3 0.485880 0.009027 * 8  2  5  6  3  0  0 
8 3 0.566073 0.006329 * 8  11   1   4   6   3   0 
8 3 0.678183 0.006329 * 8  11   1   4   7   9   3 
8 3 0.590503 0.006329 * 8  11   1   5   6   3   0 
9 3 0.103040 0.082086 * 9  3 
10 3 0.205028 0.020804 * 10   9   3 
10 3 0.106401 0.054666 * 10   3   0 
11 3 0.447007 0.023685 * 11   1   4   6   3   0 
11 3 0.559117 0.017103 * 11   1   4   7   9   3 
11 3 0.471437 0.033119 * 11   1   5   6   3   0 
1 4 0.112752 0.016002 * 1  4 
2 4 0.357381 0.058074 * 2  5  1  4  0 
2 4 0.386066 0.147034 * 2  5  6  4  0 
2 4 0.467498 0.006499 * 2   8  11   1   4 
3 4 0.233762 0.023809 * 3  6  4  0 
3 4 0.326031 0.002505 * 3  9  7  4 
5 4 0.220330 0.010891 * 5  1  4 
5 4 0.249015 0.027575 * 5  6  4 
6 4 0.118883 0.017808 * 6  4 
7 4 0.120894 0.573237 * 7  4 
8 4 0.349863 0.029265 * 8  11   1   4 
9 4 0.224148 0.015392 * 9  7  4 
10 4 0.340163 0.020777 * 10   3   6   4   0 
10 4 0.432431 0.004151 * 10   3   9   7   4 
10 4 0.326136 0.006406 * 10   9   7   4   0 
11 4 0.230797 0.025240 * 11   1   4 
1 5 0.108425 0.056386 * 1  5 
2 5 0.137051 0.518418 * 2  5 
3 5 0.227271 0.118240 * 3  6  5 
4 5 0.230944 0.021711 * 4  1  5 
4 5 0.213767 0.016175 * 4  6  5 
6 5 0.112392 0.050730 * 6  5 
7 5 0.351839 0.040172 * 7  4  1  5  0 
7 5 0.334661 0.029929 * 7  4  6  5  0 
7 5 0.433733 0.012678 * 7  9  3  6  5 
8 5 0.240913 0.074663 * 8  2  5  0 
8 5 0.345536 0.030520 * 8  11   1   5 
9 5 0.330311 0.038386 * 9  3  6  5 
10 5 0.333671 0.049566 * 10   3   6   5   0 
10 5 0.432298 0.018863 * 10   9   3   6   5 
11 5 0.226470 0.175822 * 11   1   5 
1 6 0.214127 0.005764 * 1  4  6 
1 6 0.238557 0.013487 * 1  5  6 
2 6 0.267183 0.198892 * 2  5  6 
3 6 0.114879 0.037186 * 3  6 
4 6 0.101375 0.019290 * 4  6 
5 6 0.130132 0.064749 * 5  6 
7 6 0.222269 0.022648 * 7  4  6  0 
7 6 0.321341 0.015246 * 7  9  3  6 
8 6 0.371044 0.027305 * 8  2  5  6  0 
8 6 0.451238 0.015932 * 8  11   1   4   6 
8 6 0.475668 0.015932 * 8  11   1   5   6 
9 6 0.217919 0.008040 * 9  3  6 
10 6 0.221280 0.020836 * 10   3   6   0 
10 6 0.319907 0.007929 * 10   9   3   6 
11 6 0.332172 0.019097 * 11   1   4   6 
11 6 0.356602 0.044680 * 11   1   5   6 
1 7 0.234610 0.064542 * 1  4  7 
2 7 0.479238 0.166780 * 2  5  1  4  7  0 
2 7 0.587154 0.048577 * 2  5  6  3  9  7 
2 7 0.507923 0.461755 * 2  5  6  4  7  0 
2 7 0.589356 0.016472 * 2   8  11   1   4   7 
3 7 0.205136 0.051130 * 3  9  7 
4 7 0.121857 0.056036 * 4  7 
5 7 0.342187 0.057251 * 5  1  4  7  0 
5 7 0.450103 0.016675 * 5  6  3  9  7 
5 7 0.370872 0.158508 * 5  6  4  7  0 
6 7 0.319971 0.005919 * 6  3  9  7 
6 7 0.240741 0.056264 * 6  4  7  0 
8 7 0.471720 0.335648 * 8  11   1   4   7 
9 7 0.103254 0.042839 * 9  7 
10 7 0.311537 0.036014 * 10   3   9   7 
10 7 0.205241 0.116654 * 10   9   7   0 
11 7 0.352655 0.312423 * 11   1   4   7 
1 8 0.340848 0.033275 * 1  5  2  8 
1 8 0.249892 0.148521 * 1  11   8   0 
2 8 0.117635 0.370426 * 2  8 
3 8 0.459693 0.135198 * 3  6  5  2  8 
4 8 0.463367 0.033069 * 4  1  5  2  8 
4 8 0.372411 0.141361 * 4   1  11   8   0 
4 8 0.446189 0.019277 * 4  6  5  2  8 
5 8 0.232422 0.287748 * 5  2  8 
6 8 0.344814 0.125555 * 6  5  2  8 
7 8 0.584261 0.080574 * 7  4  1  5  2  8 
7 8 0.493305 0.289343 * 7   4   1  11   8   0 
7 8 0.567084 0.046969 * 7  4  6  5  2  8 
9 8 0.562734 0.002770 * 9  3  6  5  2  8  0 
9 8 0.687515 0.015398 * 9  7  4  1  5  2  8 
9 8 0.596559 0.015398 * 9   7   4   1  11   8   0 
9 8 0.670338 0.010376 * 9  7  4  6  5  2  8 
10 8 0.566094 0.018467 * 10   3   6   5   2   8   0   0 
10 8 0.664721 0.009781 * 10   9   3   6   5   2   8   0 
10 8 0.789502 0.046098 * 10   9   7   4   1   5   2   8 
10 8 0.698547 0.046098 * 10   9   7   4   1  11   8   0 
10 8 0.772325 0.036642 * 10   9   7   4   6   5   2   8 
11 8 0.113364 0.357260 * 11   8 
1 9 0.430845 0.000719 * 1  4  6  3  9 
1 9 0.338032 0.004121 * 1  4  7  9  0 
2 9 0.675473 0.005575 * 2  5  1  4  6  3  9 
2 9 0.582661 0.021185 * 2  5  1  4  7  9  0 
2 9 0.483900 0.010698 * 2  5  6  3  9  0  0 
3 9 0.101882 0.067811 * 3  9 
4 9 0.318092 0.001037 * 4  6  3  9 
4 9 0.225280 0.005942 * 4  7  9  0 
5 9 0.538422 0.001906 * 5  1  4  6  3  9 
5 9 0.445610 0.007241 * 5  1  4  7  9  0 
5 9 0.346849 0.003657 * 5  6  3  9  0  0 
6 9 0.216717 0.002410 * 6  3  9 
7 9 0.103422 0.060461 * 7  9 
8 9 0.779335 0.003572 * 8  2  5  1  4  6  3  9 
8 9 0.686522 0.003572 * 8  2  5  1  4  7  9  0 
8 9 0.587762 0.003572 * 8  2  5  6  3  9  0  0 
8 9 0.667955 0.001409 * 8  11   1   4   6   3   9   0 
8 9 0.575142 0.001409 * 8  11   1   4   7   9   0   0 
10 9 0.208283 0.006558 * 10   3   9 
10 9 0.101987 0.021242 * 10   9   0 
11 9 0.548890 0.005378 * 11   1   4   6   3   9 
11 9 0.456077 0.009694 * 11   1   4   7   9   0 
1 10 0.532392 0.005641 * 1   4   6   3   9  10 
1 10 0.435855 0.005641 * 1   4   6   3  10   0 
1 10 0.439579 0.006135 * 1   4   7   9  10   0 
1 10 0.556821 0.011233 * 1   5   6   3   9  10 
1 10 0.460285 0.011233 * 1   5   6   3  10   0 
2 10 0.585447 0.079026 * 2   5   6   3   9  10 
2 10 0.488910 0.293283 * 2   5   6   3  10   0 
3 10 0.203429 0.004698 * 3   9  10 
3 10 0.106892 0.020054 * 3  10   0 
4 10 0.419639 0.003728 * 4   6   3   9  10 
4 10 0.323103 0.003728 * 4   6   3  10   0 
4 10 0.326827 0.004054 * 4   7   9  10   0 
5 10 0.448396 0.005226 * 5   6   3   9  10 
5 10 0.351859 0.022309 * 5   6   3  10   0 
6 10 0.318264 0.003402 * 6   3   9  10 
6 10 0.221728 0.014524 * 6   3  10   0 
7 10 0.204969 0.123308 * 7   9  10 
8 10 0.689309 0.019052 * 8   2   5   6   3   9  10   0 
8 10 0.592772 0.019052 * 8   2   5   6   3  10   0   0 
8 10 0.769502 0.011970 * 8  11   1   4   6   3   9  10 
8 10 0.672966 0.011970 * 8  11   1   4   6   3  10   0 
8 10 0.676690 0.013017 * 8  11   1   4   7   9  10   0 
8 10 0.793932 0.014737 * 8  11   1   5   6   3   9  10 
8 10 0.697395 0.014737 * 8  11   1   5   6   3  10   0 
9 10 0.101547 0.020518 * 9  10 
11 10 0.650437 0.007647 * 11   1   4   6   3   9  10 
11 10 0.553900 0.007647 * 11   1   4   6   3  10   0 
11 10 0.557624 0.008316 * 11   1   4   7   9  10   0 
11 10 0.674866 0.015227 * 11   1   5   6   3   9  10 
11 10 0.578330 0.015227 * 11   1   5   6   3  10   0 
1 11 0.136529 0.746523 * 1  11 
2 11 0.236701 0.379589 * 2   8  11 
3 11 0.492810 0.112009 * 3   6   4   1  11   0 
3 11 0.471377 0.087373 * 3   6   5   1  11   0 
3 11 0.578759 0.021153 * 3   6   5   2   8  11 
4 11 0.259047 0.082311 * 4   1  11 
5 11 0.244106 0.190183 * 5   1  11   0 
5 11 0.351488 0.025299 * 5   2   8  11 
6 11 0.377931 0.040944 * 6   4   1  11   0 
6 11 0.356498 0.031938 * 6   5   1  11   0 
6 11 0.463880 0.007732 * 6   5   2   8  11 
7 11 0.379942 0.347711 * 7   4   1  11 
8 11 0.119066 0.797544 * 8  11 
9 11 0.595850 0.006418 * 9   3   6   4   1  11   0 
9 11 0.574417 0.006418 * 9   3   6   5   1  11   0 
9 11 0.681799 0.005720 * 9   3   6   5   2   8  11 
9 11 0.483196 0.003228 * 9   7   4   1  11   0   0 
10 11 0.599210 0.039822 * 10   3   6   4   1  11   0   0 
10 11 0.577778 0.039822 * 10   3   6   5   1  11   0   0 
10 11 0.685159 0.018328 * 10   3   6   5   2   8  11   0 
10 11 0.697837 0.020563 * 10   9   3   6   4   1  11   0 
10 11 0.676405 0.020563 * 10   9   3   6   5   1  11   0 
10 11 0.783786 0.018328 * 10   9   3   6   5   2   8  11 
10 11 0.585183 0.010344 * 10   9   7   4   1  11   0   0 
