2  5  1  0 
0.118734
2   8  11   1 
0.009920
3  6  4  1 
0.020969
3  6  5  1 
0.013805
4  1 
0.074947
5  1 
0.146962
6  4  1 
0.020121
6  5  1 
0.013247
7  4  1 
0.095789
8  11   1 
0.098350
9  3  6  4  1 
0.009721
9  3  6  5  1 
0.009721
9  7  4  1  0 
0.003302
10   3   6   4   1   0 
0.018260
10   3   6   5   1   0 
0.018260
10   9   3   6   4   1 
0.002943
10   9   3   6   5   1 
0.002943
10   9   7   4   1   0 
0.002943
11   1 
0.322913
1  5  2  0 
0.058893
1  11   8   2 
0.058893
3  6  5  2 
0.088454
4  1  5  2  0 
0.024583
4   1  11   8   2 
0.024583
4  6  5  2  0 
0.007723
5  2 
0.215969
6  5  2 
0.060211
7  4  1  5  2  0 
0.048328
7   4   1  11   8   2 
0.048328
7  4  6  5  2  0 
0.017744
7  9  3  6  5  2 
0.010641
8  2 
0.046038
9  3  6  5  2 
0.009772
10   3   6   5   2   0 
0.031516
10   9   3   6   5   2 
0.003792
11   8   2 
0.069128
1  4  6  3  0 
0.007413
1  4  7  9  3 
0.006913
1  5  6  3  0 
0.010743
2  5  6  3 
0.224380
4  6  3  0 
0.022780
4  7  9  3 
0.021246
5  6  3 
0.041413
6  3 
0.097489
7  9  3 
0.129359
8  2  5  6  3  0  0 
0.024184
8  11   1   4   6   3   0 
0.016893
8  11   1   4   7   9   3 
0.016893
8  11   1   5   6   3   0 
0.016893
9  3 
0.072203
10   9   3 
0.009068
10   3   0 
0.075366
11   1   4   6   3   0 
0.028122
11   1   4   7   9   3 
0.026228
11   1   5   6   3   0 
0.040757
1  4 
0.040446
2  5  1  4  0 
0.039940
2  5  6  4  0 
0.085196
2   8  11   1   4 
0.002191
3  6  4  0 
0.012935
3  9  7  4 
0.002576
5  1  4 
0.019993
5  6  4 
0.044974
6  4 
0.030944
7  4 
0.373353
8  11   1   4 
0.023818
9  7  4 
0.014959
10   3   6   4   0 
0.020788
10   3   9   7   4 
0.005512
10   9   7   4   0 
0.001175
11   1   4 
0.048380
1  5 
0.104939
2  5 
0.547298
3  6  5 
0.064375
4  1  5 
0.028502
4  6  5 
0.017617
6  5 
0.085067
7  4  1  5  0 
0.064405
7  4  6  5  0 
0.039809
7  9  3  6  5 
0.025019
8  2  5  0 
0.131171
8  11   1   5 
0.050716
9  3  6  5 
0.043045
10   3   6   5   0 
0.081757
10   9   3   6   5 
0.009837
11   1   5 
0.230555
1  4  6 
0.016718
1  5  6 
0.040056
2  5  6 
0.205357
3  6 
0.082651
4  6 
0.026725
5  6 
0.075045
7  4  6  0 
0.030945
7  9  3  6 
0.028861
8  2  5  6  0 
0.018077
8  11   1   4   6 
0.009906
8  11   1   5   6 
0.009906
9  3  6 
0.006319
10   3   6   0 
0.020239
10   9   3   6 
0.002435
11   1   4   6 
0.024647
11   1   5   6 
0.051148
1  4  7 
0.076842
2  5  1  4  7  0  0 
0.130340
2  5  6  3  9  7  0 
0.086837
2   5   6   3  10   9   7 
0.032478
2  5  6  4  7  0  0 
0.325289
2   8  11   1   4   7   0 
0.007492
3  9  7  0 
0.050623
3  10   9   7 
0.017226
4  7 
0.104941
5  1  4  7  0  0 
0.058615
5  6  3  9  7  0 
0.039051
5   6   3  10   9   7 
0.014606
5  6  4  7  0  0 
0.146285
6  3  9  7  0 
0.013114
6   3  10   9   7 
0.004905
6  4  7  0  0 
0.049124
8  11   1   4   7 
0.293387
9  7 
0.012779
10   9   7 
0.184559
11   1   4   7 
0.340345
1  5  2  8 
0.031204
1  11   8   0 
0.144398
2  8 
0.350760
3  6  5  2  8 
0.101380
4  1  5  2  8 
0.037668
4   1  11   8   0 
0.167296
4  6  5  2  8 
0.018375
5  2  8 
0.347131
6  5  2  8 
0.147880
7  4  1  5  2  8 
0.085195
7   4   1  11   8   0 
0.291415
7  4  6  5  2  8 
0.041560
9  3  6  5  2  8  0 
0.002667
9  7  4  1  5  2  8 
0.014253
9   7   4   1  11   8   0 
0.014253
9  7  4  6  5  2  8 
0.011668
10   3   6   5   2   8   0   0 
0.040926
10   9   3   6   5   2   8   0 
0.008333
10   9   7   4   1   5   2   8 
0.031238
10   9   7   4   1  11   8   0 
0.031238
10   9   7   4   6   5   2   8 
0.031238
11   8 
0.369628
1   4   6   3  10   9 
0.001355
1  4  6  3  9  0 
0.001355
1  4  7  9  0  0 
0.002667
2   5   1   4   6   3  10   9 
0.006436
2  5  1  4  6  3  9  0 
0.006436
2  5  1  4  7  9  0  0 
0.011267
2   5   6   3  10   9   0   0 
0.008584
2  5  6  3  9  0  0  0 
0.009096
3  10   9 
0.017653
3  9  0 
0.051878
4   6   3  10   9 
0.002186
4  6  3  9  0 
0.002186
4  7  9  0  0 
0.004303
5   1   4   6   3  10   9 
0.003471
5  1  4  6  3  9  0 
0.003471
5  1  4  7  9  0  0 
0.006077
5   6   3  10   9   0   0 
0.004630
5  6  3  9  0  0  0 
0.004906
6   3  10   9 
0.002180
6  3  9  0 
0.004342
7  9 
0.010339
8   2   5   1   4   6   3  10   9 
0.004376
8  2  5  1  4  6  3  9  0 
0.004376
8  2  5  1  4  7  9  0  0 
0.004376
8   2   5   6   3  10   9   0   0 
0.004376
8  2  5  6  3  9  0  0  0 
0.004376
8  11   1   4   6   3  10   9   0 
0.000936
8  11   1   4   6   3   9   0   0 
0.000936
8  11   1   4   7   9   0   0   0 
0.000936
10   9 
0.018864
11   1   4   6   3  10   9 
0.004731
11   1   4   6   3   9   0 
0.004731
11   1   4   7   9   0   0 
0.004731
1   4   6   3   9  10 
0.013026
1   4   6   3  10   0 
0.013026
1   4   7   9  10   0 
0.009883
1   5   6   3   9  10 
0.025700
1   5   6   3  10   0 
0.025700
2   5   6   3   9  10 
0.085913
2   5   6   3  10   0 
0.159728
3   9  10 
0.009869
3  10   0 
0.024440
4   6   3   9  10 
0.005827
4   6   3  10   0 
0.005827
4   7   9  10   0 
0.004421
5   6   3   9  10 
0.015771
5   6   3  10   0 
0.039054
6   3   9  10 
0.005742
6   3  10   0 
0.014219
7   9  10 
0.135734
8   2   5   6   3   9  10   0 
0.017714
8   2   5   6   3  10   0   0 
0.017714
8  11   1   4   6   3   9  10 
0.011877
8  11   1   4   6   3  10   0 
0.011877
8  11   1   4   7   9  10   0 
0.011877
8  11   1   5   6   3   9  10 
0.011877
8  11   1   5   6   3  10   0 
0.011877
9  10 
0.037694
11   1   4   6   3   9  10 
0.008312
11   1   4   6   3  10   0 
0.008312
11   1   4   7   9  10   0 
0.006307
11   1   5   6   3   9  10 
0.014420
11   1   5   6   3  10   0 
0.014420
1  11 
0.559791
2   8  11 
0.474809
3   6   4   1  11   0 
0.124758
3   6   5   1  11   0 
0.088999
3   6   5   2   8  11 
0.016774
4   1  11 
0.078415
5   1  11   0 
0.300466
5   2   8  11 
0.025105
6   4   1  11   0 
0.048824
6   5   1  11   0 
0.034830
6   5   2   8  11 
0.006564
7   4   1  11 
0.430835
8  11 
0.843773
9   3   6   4   1  11   0 
0.007432
9   3   6   5   1  11   0 
0.007432
9   3   6   5   2   8  11 
0.007432
9   7   4   1  11   0   0 
0.002443
10   3   6   4   1  11   0   0 
0.075024
10   3   6   5   1  11   0   0 
0.075024
10   3   6   5   2   8  11   0 
0.017672
10   9   3   6   4   1  11   0 
0.011995
10   9   3   6   5   1  11   0 
0.011995
10   9   3   6   5   2   8  11 
0.011995
10   9   7   4   1  11   0   0 
0.005514
