2  5  1  0 
0.072358
2   8  11   1 
0.008914
3  6  4  1 
0.011640
3  6  5  1 
0.008982
4  1 
0.019005
5  1 
0.084180
6  4  1 
0.011319
6  5  1 
0.008734
7  4  1 
0.119737
8  11   1 
0.064204
9  3  6  4  1 
0.005335
9  3  6  5  1 
0.005335
9  7  4  1  0 
0.006052
10   3   6   4   1   0 
0.011384
10   3   6   5   1   0 
0.011384
10   9   3   6   4   1 
0.009223
10   9   3   6   5   1 
0.009223
10   9   7   4   1   0 
0.010462
11   1 
0.385106
1  5  2  0 
0.036685
1  11   8   2 
0.036685
3  6  5  2 
0.095577
4  1  5  2  0 
0.010787
4   1  11   8   2 
0.010787
4  6  5  2  0 
0.003736
5  2 
0.138016
6  5  2 
0.053982
7  4  1  5  2  0 
0.037738
7   4   1  11   8   2 
0.037738
7  4  6  5  2  0 
0.013071
7  9  3  6  5  2 
0.007447
8  2 
0.032200
9  3  6  5  2 
0.013332
10   3   6   5   2   0 
0.033979
10   9   3   6   5   2 
0.016908
11   8   2 
0.065087
1  4  6  3  0 
0.011344
1  4  7  9  3 
0.008485
1  5  6  3  0 
0.018385
2  5  6  3 
0.231810
4  6  3  0 
0.019320
4  7  9  3 
0.014452
5  6  3 
0.058550
6  3 
0.095008
7  9  3 
0.082447
8  2  5  6  3  0  0 
0.017601
8  11   1   4   6   3   0 
0.008804
8  11   1   4   7   9   3 
0.008804
8  11   1   5   6   3   0 
0.008804
9  3 
0.081367
10   9   3 
0.024676
10   3   0 
0.049591
11   1   4   6   3   0 
0.022272
11   1   4   7   9   3 
0.016660
11   1   5   6   3   0 
0.036097
1  4 
0.027522
2  5  1  4  0 
0.038847
2  5  6  4  0 
0.090845
2   8  11   1   4 
0.003830
3  6  4  0 
0.014784
3  9  7  4 
0.002490
5  1  4 
0.009629
5  6  4 
0.022517
6  4 
0.015704
7  4 
0.041053
8  11   1   4 
0.029137
9  7  4 
0.015265
10   3   6   4   0 
0.010426
10   3   9   7   4 
0.003602
10   9   7   4   0 
0.008923
11   1   4 
0.026697
1  5 
0.071618
2  5 
0.573280
3  6  5 
0.077229
4  1  5 
0.026043
4  6  5 
0.017325
6  5 
0.074266
7  4  1  5  0 
0.048390
7  4  6  5  0 
0.032190
7  9  3  6  5 
0.015160
8  2  5  0 
0.137857
8  11   1   5 
0.041934
9  3  6  5 
0.036587
10   3   6   5   0 
0.060769
10   9   3   6   5 
0.030239
11   1   5 
0.157205
1  4  6 
0.004524
1  5  6 
0.012272
2  5  6 
0.182623
3  6 
0.035641
4  6 
0.016009
5  6 
0.074104
7  4  6  0 
0.017288
7  9  3  6 
0.012932
8  2  5  6  0 
0.029722
8  11   1   4   6 
0.012374
8  11   1   5   6 
0.012374
9  3  6 
0.003783
10   3   6   0 
0.020386
10   9   3   6 
0.010144
11   1   4   6 
0.015315
11   1   5   6 
0.041543
1  4  7 
0.055336
2  5  1  4  7  0 
0.178932
2  5  6  3  9  7 
0.077586
2  5  6  4  7  0 
0.460657
2   8  11   1   4   7 
0.016958
3  9  7 
0.045252
4  7 
0.077449
5  1  4  7  0 
0.053175
5  6  3  9  7 
0.023057
5  6  4  7  0 
0.136897
6  3  9  7 
0.009837
6  4  7  0 
0.058404
8  11   1   4   7 
0.306171
9  7 
0.032792
10   3   9   7 
0.025217
10   9   7   0 
0.149724
11   1   4   7 
0.313821
1  5  2  8 
0.046087
1  11   8   0 
0.147473
2  8 
0.367206
3  6  5  2  8 
0.116766
4  1  5  2  8 
0.042621
4   1  11   8   0 
0.136383
4  6  5  2  8 
0.021687
5  2  8 
0.239812
6  5  2  8 
0.110339
7  4  1  5  2  8 
0.082784
7   4   1  11   8   0 
0.223303
7  4  6  5  2  8 
0.042122
9  3  6  5  2  8  0 
0.002269
9  7  4  1  5  2  8 
0.022180
9   7   4   1  11   8   0 
0.022180
9  7  4  6  5  2  8 
0.012253
10   3   6   5   2   8   0   0 
0.010232
10   9   3   6   5   2   8   0 
0.007231
10   9   7   4   1   5   2   8 
0.054869
10   9   7   4   1  11   8   0 
0.054869
10   9   7   4   6   5   2   8 
0.039055
11   8 
0.363226
1  4  6  3  9 
0.000432
1  4  7  9  0 
0.003841
2  5  1  4  6  3  9 
0.003653
2  5  1  4  7  9  0 
0.021647
2  5  6  3  9  0  0 
0.007667
3  9 
0.078593
4  6  3  9 
0.000720
4  7  9  0 
0.006425
5  1  4  6  3  9 
0.001396
5  1  4  7  9  0 
0.008272
5  6  3  9  0  0 
0.002930
6  3  9 
0.003136
7  9 
0.061169
8  2  5  1  4  6  3  9 
0.002672
8  2  5  1  4  7  9  0 
0.003670
8  2  5  6  3  9  0  0 
0.003670
8  11   1   4   6   3   9   0 
0.001068
8  11   1   4   7   9   0   0 
0.001068
10   3   9 
0.004487
10   9   0 
0.026643
11   1   4   6   3   9 
0.003972
11   1   4   7   9   0 
0.009265
1   4   6   3   9  10 
0.005140
1   4   6   3  10   0 
0.005140
1   4   7   9  10   0 
0.006613
1   5   6   3   9  10 
0.011740
1   5   6   3  10   0 
0.011740
2   5   6   3   9  10 
0.066724
2   5   6   3  10   0 
0.339684
3   9  10 
0.003695
3  10   0 
0.021938
4   6   3   9  10 
0.003530
4   6   3  10   0 
0.003530
4   7   9  10   0 
0.004542
5   6   3   9  10 
0.003866
5   6   3  10   0 
0.022955
6   3   9  10 
0.002476
6   3  10   0 
0.014699
7   9  10 
0.110637
8   2   5   6   3   9  10   0 
0.026485
8   2   5   6   3  10   0   0 
0.026485
8  11   1   4   6   3   9  10 
0.011133
8  11   1   4   6   3  10   0 
0.011133
8  11   1   4   7   9  10   0 
0.014324
8  11   1   5   6   3   9  10 
0.014848
8  11   1   5   6   3  10   0 
0.014848
9  10 
0.022589
11   1   4   6   3   9  10 
0.006622
11   1   4   6   3  10   0 
0.006622
11   1   4   7   9  10   0 
0.008519
11   1   5   6   3   9  10 
0.015124
11   1   5   6   3  10   0 
0.015124
1  11 
0.562226
2   8  11 
0.378524
3   6   4   1  11   0 
0.107011
3   6   5   1  11   0 
0.092745
3   6   5   2   8  11 
0.022015
4   1  11 
0.041372
5   1  11   0 
0.206729
5   2   8  11 
0.025468
6   4   1  11   0 
0.034367
6   5   1  11   0 
0.029786
6   5   2   8  11 
0.007070
7   4   1  11 
0.320032
8  11 
0.683401
9   3   6   4   1  11   0 
0.004994
9   3   6   5   1  11   0 
0.004994
9   3   6   5   2   8  11 
0.004565
9   7   4   1  11   0   0 
0.005377
10   3   6   4   1  11   0   0 
0.034515
10   3   6   5   1  11   0   0 
0.034515
10   3   6   5   2   8  11   0 
0.019270
10   9   3   6   4   1  11   0 
0.021081
10   9   3   6   5   1  11   0 
0.021081
10   9   3   6   5   2   8  11 
0.019270
10   9   7   4   1  11   0   0 
0.022695
