2  5  1 
0.075513
3  6  4  1 
0.008464
3  6  5  1 
0.008464
4  1 
0.012845
5  1 
0.081281
6  4  1 
0.006874
6  5  1 
0.006874
7  4  1 
0.098294
8  11   1 
0.120122
9  7  4  1 
0.012262
10   3   6   4   1 
0.016766
10   3   6   5   1 
0.016766
10   9   7   4   1 
0.016766
11   1 
0.561760
1  5  2 
0.070308
3  6  5  2 
0.068051
4  1  5  2 
0.107455
4  6  5  2 
0.107455
5  2 
0.097993
6  5  2 
0.044189
7  4  1  5  2 
0.053013
7  4  6  5  2 
0.053013
8  2 
0.020702
9  3  6  5  2 
0.014364
10   3   6   5   2 
0.041338
11   8   2 
0.057922
1  4  6  3 
0.023856
1  5  6  3 
0.023856
2  5  6  3 
0.305863
4  6  3 
0.030563
5  6  3 
0.058577
6  3 
0.026016
7  9  3 
0.026402
8  2  5  6  3 
0.033434
9  3 
0.058594
10   3 
0.105747
11   1   4   6   3 
0.048862
11   1   5   6   3 
0.048862
1  4 
0.040639
2  5  1  4 
0.079734
2  5  6  4 
0.079734
3  6  4 
0.005271
5  1  4 
0.028339
5  6  4 
0.028339
6  4 
0.010631
7  4 
0.473766
8  11   1   4 
0.043305
9  7  4 
0.007916
10   3   6   4 
0.007384
10   9   7   4 
0.007384
11   1   4 
0.015304
1  5 
0.082201
2  5 
0.624800
3  6  5 
0.036432
4  1  5 
0.015774
4  6  5 
0.015774
6  5 
0.071005
7  4  1  5 
0.035430
7  4  6  5 
0.035430
8  2  5 
0.129983
9  3  6  5 
0.035672
10   3   6   5 
0.045186
11   1   5 
0.145194
1  4  6 
0.019165
1  5  6 
0.019165
2  5  6 
0.194089
3  6 
0.025451
4  6 
0.037622
5  6 
0.069115
7  4  6 
0.033976
8  2  5  6 
0.045000
9  3  6 
0.002374
10   3   6 
0.026768
11   1   4   6 
0.037380
11   1   5   6 
0.037380
1  4  7 
0.080851
2  5  1  4  7 
0.385034
2  5  6  4  7 
0.385034
3  9  7 
0.022124
4  7 
0.317464
5  1  4  7 
0.076238
5  6  4  7 
0.076238
6  4  7 
0.035856
8  11   1   4   7 
0.269892
9  7 
0.030825
10   9   7 
0.112779
11   1   4   7 
0.284598
1  11   8 
0.197343
2  8 
0.311395
3  6  5  2  8 
0.064562
4   1  11   8 
0.168038
5  2  8 
0.287576
6  5  2  8 
0.099687
7   4   1  11   8 
0.285907
9  3  6  5  2  8 
0.017582
9   7   4   1  11   8 
0.017582
10   3   6   5   2   8 
0.128006
11   8 
0.260974
1  4  7  9 
0.002447
2  5  6  3  9 
0.044042
3  9 
0.016413
4  7  9 
0.004216
5  6  3  9 
0.015638
6  3  9 
0.002027
7  9 
0.046846
8  2  5  6  3  9 
0.006963
8  11   1   4   7   9 
0.006963
10   9 
0.014393
11   1   4   7   9 
0.004809
1   4   6   3  10 
0.022513
1   4   7   9  10 
0.022513
1   5   6   3  10 
0.036400
2   5   6   3  10 
0.449363
3  10 
0.017682
4   6   3  10 
0.006887
4   7   9  10 
0.006887
5   6   3  10 
0.047714
6   3  10 
0.017078
7   9  10 
0.112473
8   2   5   6   3  10 
0.117918
9  10 
0.015777
11   1   4   6   3  10 
0.011607
11   1   4   7   9  10 
0.011607
11   1   5   6   3  10 
0.011607
1  11 
0.830270
2   8  11 
0.230082
3   6   4   1  11 
0.055258
3   6   5   1  11 
0.055258
4   1  11 
0.144912
5   1  11 
0.287100
6   4   1  11 
0.022582
6   5   1  11 
0.022582
7   4   1  11 
0.347202
8  11 
0.688766
9   7   4   1  11 
0.027600
10   3   6   4   1  11 
0.070331
10   3   6   5   1  11 
0.070331
10   9   7   4   1  11 
0.070331
