2  5  1  0 
0.070541
2   8  11   1 
0.008619
3  6  4  1 
0.009750
3  6  5  1 
0.008660
4  1 
0.013869
5  1 
0.076384
6  4  1 
0.007465
6  5  1 
0.006631
7  4  1 
0.095853
8  11   1 
0.097416
9  3  6  4  1 
0.005973
9  3  6  5  1 
0.005973
9  7  4  1  0 
0.003715
10   3   6   4   1   0 
0.008732
10   3   6   5   1   0 
0.008732
10   9   3   6   4   1 
0.006634
10   9   3   6   5   1 
0.006634
10   9   7   4   1   0 
0.005118
11   1 
0.506002
1  5  2  0 
0.033311
1  11   8   2 
0.033311
3  6  5  2 
0.060637
4  1  5  2  0 
0.092023
4   1  11   8   2 
0.092023
4  6  5  2  0 
0.050018
5  2 
0.106719
6  5  2 
0.044384
7  4  1  5  2  0 
0.034237
7   4   1  11   8   2 
0.034237
7  4  6  5  2  0 
0.032063
7  9  3  6  5  2 
0.007293
8  2 
0.018995
9  3  6  5  2 
0.015120
10   3   6   5   2   0 
0.028440
10   9   3   6   5   2 
0.013321
11   8   2 
0.058104
1  4  6  3  0 
0.009904
1  4  7  9  3 
0.008807
1  5  6  3  0 
0.016457
2  5  6  3 
0.237133
4  6  3  0 
0.018085
4  7  9  3 
0.014945
5  6  3 
0.057849
6  3 
0.014486
7  9  3 
0.019506
8  2  5  6  3  0  0 
0.014250
8  11   1   4   6   3   0 
0.009381
8  11   1   4   7   9   3 
0.009381
8  11   1   5   6   3   0 
0.009381
9  3 
0.063623
10   9   3 
0.013365
10   3   0 
0.028532
11   1   4   6   3   0 
0.011093
11   1   4   7   9   3 
0.009864
11   1   5   6   3   0 
0.018124
1  4 
0.037902
2  5  1  4  0 
0.051741
2  5  6  4  0 
0.122796
2   8  11   1   4 
0.004805
3  6  4  0 
0.007702
3  9  7  4 
0.000999
5  1  4 
0.016202
5  6  4 
0.038453
6  4 
0.011329
7  4 
0.080039
8  11   1   4 
0.028747
9  7  4 
0.005832
10   3   6   4   0 
0.008441
10   3   9   7   4 
0.001841
10   9   7   4   0 
0.004110
11   1   4 
0.018451
1  5 
0.081648
2  5 
0.599278
3  6  5 
0.041620
4  1  5 
0.019529
4  6  5 
0.013565
6  5 
0.075114
7  4  1  5  0 
0.042465
7  4  6  5  0 
0.029496
7  9  3  6  5 
0.016225
8  2  5  0 
0.093737
8  11   1   5 
0.038524
9  3  6  5 
0.038246
10   3   6   5   0 
0.024467
10   9   3   6   5 
0.011461
11   1   5 
0.141750
1  4  6 
0.010853
1  5  6 
0.032935
2  5  6 
0.192904
3  6 
0.022547
4  6 
0.033499
5  6 
0.060290
7  4  6  0 
0.015040
7  9  3  6 
0.012429
8  2  5  6  0 
0.024893
8  11   1   4   6 
0.013601
8  11   1   5   6 
0.013601
9  3  6 
0.002523
10   3   6   0 
0.017568
10   9   3   6 
0.008229
11   1   4   6 
0.019153
11   1   5   6 
0.051879
1  4  7 
0.087615
2  5  1  4  7  0 
0.210532
2  5  6  3  9  7 
0.068700
2  5  6  4  7  0 
0.529441
2   8  11   1   4   7 
0.021951
3  9  7 
0.020302
4  7 
0.090458
5  1  4  7  0 
0.035966
5  6  3  9  7 
0.011736
5  6  4  7  0 
0.090446
6  3  9  7 
0.004699
6  4  7  0 
0.036214
8  11   1   4   7 
0.260079
9  7 
0.032112
10   3   9   7 
0.028253
10   9   7   0 
0.119767
11   1   4   7 
0.290261
1  5  2  8 
0.041965
1  11   8   0 
0.158922
2  8 
0.350168
3  6  5  2  8 
0.061571
4  1  5  2  8 
0.037357
4   1  11   8   0 
0.128962
4  6  5  2  8 
0.018713
5  2  8 
0.275974
6  5  2  8 
0.100540
7  4  1  5  2  8 
0.069345
7   4   1  11   8   0 
0.188871
7  4  6  5  2  8 
0.034736
9  3  6  5  2  8  0 
0.002017
9  7  4  1  5  2  8 
0.012987
9   7   4   1  11   8   0 
0.012987
9  7  4  6  5  2  8 
0.008371
10   3   6   5   2   8   0   0 
0.011281
10   9   3   6   5   2   8   0 
0.007230
10   9   7   4   1   5   2   8 
0.039299
10   9   7   4   1  11   8   0 
0.039299
10   9   7   4   6   5   2   8 
0.029999
11   8 
0.272373
1  4  6  3  9 
0.000278
1  4  7  9  0 
0.002076
2  5  1  4  6  3  9 
0.004023
2  5  1  4  7  9  0 
0.025719
2  5  6  3  9  0  0 
0.010364
3  9 
0.037086
4  6  3  9 
0.000457
4  7  9  0 
0.003419
5  1  4  6  3  9 
0.001531
5  1  4  7  9  0 
0.009789
5  6  3  9  0  0 
0.003945
6  3  9 
0.002248
7  9 
0.041017
8  2  5  1  4  6  3  9 
0.002966
8  2  5  1  4  7  9  0 
0.004456
8  2  5  6  3  9  0  0 
0.004456
8  11   1   4   6   3   9   0 
0.001469
8  11   1   4   7   9   0   0 
0.001469
10   3   9 
0.002366
10   9   0 
0.010031
11   1   4   6   3   9 
0.002480
11   1   4   7   9   0 
0.003091
1   4   6   3   9  10 
0.010400
1   4   6   3  10   0 
0.010400
1   4   7   9  10   0 
0.012555
1   5   6   3   9  10 
0.026564
1   5   6   3  10   0 
0.026564
2   5   6   3   9  10 
0.080758
2   5   6   3  10   0 
0.367471
3   9  10 
0.002310
3  10   0 
0.011998
4   6   3   9  10 
0.004159
4   6   3  10   0 
0.004159
4   7   9  10   0 
0.005021
5   6   3   9  10 
0.002899
5   6   3  10   0 
0.015060
6   3   9  10 
0.002864
6   3  10   0 
0.014880
7   9  10 
0.116256
8   2   5   6   3   9  10   0 
0.021205
8   2   5   6   3  10   0   0 
0.021205
8  11   1   4   6   3   9  10 
0.012345
8  11   1   4   6   3  10   0 
0.012345
8  11   1   4   7   9  10   0 
0.014904
8  11   1   5   6   3   9  10 
0.015053
8  11   1   5   6   3  10   0 
0.015053
9  10 
0.010411
11   1   4   6   3   9  10 
0.004718
11   1   4   6   3  10   0 
0.004718
11   1   4   7   9  10   0 
0.005696
11   1   5   6   3   9  10 
0.010127
11   1   5   6   3  10   0 
0.010127
1  11 
0.946121
2   8  11 
0.266538
3   6   4   1  11   0 
0.041414
3   6   5   1  11   0 
0.041278
3   6   5   2   8  11 
0.012713
4   1  11 
0.147101
5   1  11   0 
0.260124
5   2   8  11 
0.031783
6   4   1  11   0 
0.021420
6   5   1  11   0 
0.021350
6   5   2   8  11 
0.006575
7   4   1  11 
0.345599
8  11 
0.625198
9   3   6   4   1  11   0 
0.008618
9   3   6   5   1  11   0 
0.008618
9   3   6   5   2   8  11 
0.006224
9   7   4   1  11   0   0 
0.005069
10   3   6   4   1  11   0   0 
0.040856
10   3   6   5   1  11   0   0 
0.040856
10   3   6   5   2   8  11   0 
0.018777
10   9   3   6   4   1  11   0 
0.025998
10   9   3   6   5   1  11   0 
0.025998
10   9   3   6   5   2   8  11 
0.018777
10   9   7   4   1  11   0   0 
0.015290
