2  5  1  0 
0.066795
2   8  11   1 
0.007871
3  6  4  1 
0.005210
3  6  5  1 
0.004168
4  1 
0.006952
5  1 
0.078427
6  4  1 
0.009603
6  5  1 
0.007683
7  4  1 
0.103526
8  11   1 
0.087555
9  3  6  4  1 
0.012309
9  3  6  5  1 
0.012309
9  7  4  1  0 
0.009209
10   3   6   4   1   0 
0.010269
10   3   6   5   1   0 
0.010269
10   9   3   6   4   1 
0.007571
10   9   3   6   5   1 
0.007571
10   9   7   4   1   0 
0.007571
11   1 
0.805609
1  5  2  0 
0.034037
1  11   8   2 
0.034037
3  6  5  2 
0.068029
4  1  5  2  0 
0.038867
4   1  11   8   2 
0.038867
4  6  5  2  0 
0.019020
5  2 
0.075298
6  5  2 
0.026906
7  4  1  5  2  0 
0.037277
7   4   1  11   8   2 
0.037277
7  4  6  5  2  0 
0.021482
7  9  3  6  5  2 
0.008299
8  2 
0.022617
9  3  6  5  2 
0.008459
10   3   6   5   2   0 
0.030231
10   9   3   6   5   2 
0.012749
11   8   2 
0.055010
1  4  6  3  0 
0.008374
1  4  7  9  3 
0.006903
1  5  6  3  0 
0.013583
2  5  6  3 
0.271190
4  6  3  0 
0.013135
4  7  9  3 
0.010828
5  6  3 
0.030234
6  3 
0.018352
7  9  3 
0.033443
8  2  5  6  3  0  0 
0.025670
8  11   1   4   6   3   0 
0.015588
8  11   1   4   7   9   3 
0.015588
8  11   1   5   6   3   0 
0.015588
9  3 
0.035071
10   9   3 
0.020356
10   3   0 
0.048268
11   1   4   6   3   0 
0.011099
11   1   4   7   9   3 
0.009149
11   1   5   6   3   0 
0.018002
1  4 
0.021466
2  5  1  4  0 
0.040838
2  5  6  4  0 
0.096559
2   8  11   1   4 
0.003319
3  6  4 
0.008999
5  1  4 
0.017853
5  6  4 
0.043350
6  4 
0.007409
7  4 
1.051560
8  11   1   4 
0.026263
9  3  6  4 
0.001549
9  7  4  0 
0.002085
10   3   6   4   0 
0.004221
10   9   3   6   4 
0.002948
10   9   7   4   0 
0.003970
11   1   4 
0.022243
1  5 
0.049669
2  5 
0.629138
3  6  5 
0.031182
4  1  5 
0.015033
4  6  5 
0.011124
6  5 
0.047772
7  4  1  5  0 
0.034261
7  4  6  5  0 
0.025353
7  9  3  6  5 
0.014130
8  2  5  0 
0.088907
8  11   1   5 
0.031854
9  3  6  5 
0.038166
10   3   6   5   0 
0.027430
10   9   3   6   5 
0.011568
11   1   5 
0.108135
1  4  6 
0.011377
1  5  6 
0.029869
2  5  6 
0.226235
3  6 
0.015842
4  6 
0.018118
5  6 
0.050154
7  4  6  0 
0.012952
7  9  3  6 
0.010677
8  2  5  6  0 
0.022218
8  11   1   4   6 
0.010992
8  11   1   5   6 
0.010992
9  3  6 
0.002958
10   3   6   0 
0.017794
10   9   3   6 
0.007504
11   1   4   6 
0.022180
11   1   5   6 
0.055597
1  4  7 
0.194599
2  5  1  4  7  0 
0.177925
2  5  6  3  9  7 
0.071121
2  5  6  4  7  0 
0.456916
2   8  11   1   4   7 
0.016845
3  9  7 
0.017418
4  7 
0.055429
5  1  4  7  0 
0.043234
5  6  3  9  7 
0.017282
5  6  4  7  0 
0.111026
6  3  9  7 
0.004989
6  4  7  0 
0.032055
8  11   1   4   7 
0.258570
9  7 
0.018727
10   3   9   7 
0.029017
10   9   7   0 
0.105874
11   1   4   7 
0.303088
1  5  2  8 
0.042436
1  11   8   0 
0.161260
2  8 
0.312433
3  6  5  2  8 
0.089968
4  1  5  2  8 
0.040592
4   1  11   8   0 
0.137749
4  6  5  2  8 
0.021235
5  2  8 
0.287344
6  5  2  8 
0.086381
7  4  1  5  2  8 
0.065395
7   4   1  11   8   0 
0.166008
7  4  6  5  2  8 
0.034211
9  3  6  5  2  8  0 
0.001024
9  7  4  1  5  2  8 
0.007641
9   7   4   1  11   8   0 
0.007641
9  7  4  6  5  2  8 
0.005675
10   3   6   5   2   8   0   0 
0.010392
10   9   3   6   5   2   8   0 
0.005411
10   9   7   4   1   5   2   8 
0.037081
10   9   7   4   1  11   8   0 
0.037081
10   9   7   4   6   5   2   8 
0.029984
11   8 
0.290452
1  4  6  3  9 
0.000534
1  4  7  9  0 
0.003810
2  5  1  4  6  3  9 
0.004229
2  5  1  4  7  9  0 
0.025317
2  5  6  3  9  0  0 
0.010216
3  9 
0.013852
4  6  3  9 
0.000359
4  7  9  0 
0.002563
5  1  4  6  3  9 
0.001803
5  1  4  7  9  0 
0.010791
5  6  3  9  0  0 
0.004354
6  3  9 
0.001890
7  9 
0.034449
8  2  5  1  4  6  3  9 
0.003146
8  2  5  1  4  7  9  0 
0.004270
8  2  5  6  3  9  0  0 
0.004270
8  11   1   4   6   3   9   0 
0.001362
8  11   1   4   7   9   0   0 
0.001362
10   3   9 
0.002277
10   9   0 
0.008307
11   1   4   6   3   9 
0.002907
11   1   4   7   9   0 
0.003614
1   4   6   3   9  10 
0.011526
1   4   6   3  10   0 
0.011526
1   4   7   9  10   0 
0.013094
1   5   6   3   9  10 
0.026237
1   5   6   3  10   0 
0.026237
2   5   6   3   9  10 
0.085418
2   5   6   3  10   0 
0.374027
3   9  10 
0.003149
3  10   0 
0.016618
4   6   3   9  10 
0.003822
4   6   3  10   0 
0.003822
4   7   9  10   0 
0.004342
5   6   3   9  10 
0.008758
5   6   3  10   0 
0.046221
6   3   9  10 
0.002517
6   3  10   0 
0.013283
7   9  10 
0.102791
8   2   5   6   3   9  10   0 
0.021743
8   2   5   6   3  10   0   0 
0.021743
8  11   1   4   6   3   9  10 
0.013433
8  11   1   4   6   3  10   0 
0.013433
8  11   1   4   7   9  10   0 
0.014129
8  11   1   5   6   3   9  10 
0.014129
8  11   1   5   6   3  10   0 
0.014129
9  10 
0.013636
11   1   4   6   3   9  10 
0.005738
11   1   4   6   3  10   0 
0.005738
11   1   4   7   9  10   0 
0.006519
11   1   5   6   3   9  10 
0.011645
11   1   5   6   3  10   0 
0.011645
1  11 
0.464123
2   8  11 
0.439522
3   6   4   1  11   0 
0.083974
3   6   5   1  11   0 
0.075102
3   6   5   2   8  11 
0.020691
4   1  11 
0.136389
5   1  11   0 
0.247393
5   2   8  11 
0.029153
6   4   1  11   0 
0.024367
6   5   1  11   0 
0.021792
6   5   2   8  11 
0.006004
7   4   1  11 
0.353900
8  11 
0.664024
9   3   6   4   1  11   0 
0.004207
9   3   6   5   1  11   0 
0.004207
9   3   6   5   2   8  11 
0.004207
9   7   4   1  11   0   0 
0.002990
10   3   6   4   1  11   0   0 
0.032758
10   3   6   5   1  11   0   0 
0.032758
10   3   6   5   2   8  11   0 
0.018026
10   9   3   6   4   1  11   0 
0.017298
10   9   3   6   5   1  11   0 
0.017298
10   9   3   6   5   2   8  11 
0.017298
10   9   7   4   1  11   0   0 
0.012297
