2 1 2 0.074290 * 2  5  1 
3 1 3 0.007573 * 3  6  4  1 
3 1 3 0.007573 * 3  6  5  1 
4 1 1 0.012472 * 4  1 
5 1 1 0.081728 * 5  1 
6 1 2 0.006686 * 6  4  1 
6 1 2 0.006686 * 6  5  1 
7 1 2 0.101427 * 7  4  1 
8 1 2 0.086168 * 8  11   1 
9 1 3 0.015461 * 9  7  4  1 
10 1 4 0.014165 * 10   3   6   4   1 
10 1 4 0.014165 * 10   3   6   5   1 
10 1 4 0.014165 * 10   9   7   4   1 
11 1 1 0.462015 * 11   1 
1 2 2 0.056544 * 1  5  2 
3 2 3 0.050035 * 3  6  5  2 
4 2 3 0.078516 * 4  1  5  2 
4 2 3 0.078516 * 4  6  5  2 
5 2 1 0.109347 * 5  2 
6 2 2 0.043847 * 6  5  2 
7 2 4 0.775093 * 7  4  1  5  2 
7 2 4 0.775093 * 7  4  6  5  2 
8 2 1 0.023175 * 8  2 
9 2 4 0.011411 * 9  3  6  5  2 
10 2 4 0.040105 * 10   3   6   5   2 
11 2 2 0.062701 * 11   8   2 
1 3 3 0.017905 * 1  4  6  3 
1 3 3 0.017905 * 1  5  6  3 
2 3 3 0.220287 * 2  5  6  3 
4 3 2 0.034017 * 4  6  3 
5 3 2 0.057840 * 5  6  3 
6 3 1 0.017136 * 6  3 
7 3 2 0.019367 * 7  9  3 
8 3 4 0.050623 * 8  2  5  6  3 
9 3 1 0.049849 * 9  3 
10 3 1 0.041621 * 10   3 
11 3 4 0.016329 * 11   1   4   6   3 
11 3 4 0.016329 * 11   1   5   6   3 
1 4 1 0.015249 * 1  4 
2 4 3 0.082599 * 2  5  1  4 
2 4 3 0.082599 * 2  5  6  4 
3 4 2 0.014734 * 3  6  4 
5 4 2 0.025971 * 5  1  4 
5 4 2 0.025971 * 5  6  4 
6 4 1 0.008999 * 6  4 
7 4 1 0.453652 * 7  4 
8 4 3 0.036952 * 8  11   1   4 
9 4 2 0.004154 * 9  7  4 
10 4 3 0.007617 * 10   3   6   4 
10 4 3 0.007617 * 10   9   7   4 
11 4 2 0.023902 * 11   1   4 
1 5 1 0.090936 * 1  5 
2 5 1 0.627550 * 2  5 
3 5 2 0.037608 * 3  6  5 
4 5 2 0.014782 * 4  1  5 
4 5 2 0.014782 * 4  6  5 
6 5 1 0.084644 * 6  5 
7 5 3 0.037559 * 7  4  1  5 
7 5 3 0.037559 * 7  4  6  5 
8 5 2 0.132170 * 8  2  5 
9 5 3 0.034204 * 9  3  6  5 
10 5 3 0.038898 * 10   3   6   5 
11 5 2 0.138069 * 11   1   5 
1 6 2 0.028625 * 1  4  6 
1 6 2 0.028625 * 1  5  6 
2 6 2 0.194051 * 2  5  6 
3 6 1 0.012454 * 3  6 
4 6 1 0.034815 * 4  6 
5 6 1 0.067371 * 5  6 
7 6 2 0.024524 * 7  4  6 
8 6 3 0.048999 * 8  2  5  6 
9 6 2 0.002528 * 9  3  6 
10 6 2 0.023651 * 10   3   6 
11 6 3 0.038445 * 11   1   4   6 
11 6 3 0.038445 * 11   1   5   6 
1 7 2 0.099224 * 1  4  7 
2 7 4 0.418191 * 2  5  1  4  7 
2 7 4 0.418191 * 2  5  6  4  7 
3 7 2 0.021579 * 3  9  7 
4 7 1 0.064430 * 4  7 
5 7 3 0.081309 * 5  1  4  7 
5 7 3 0.081309 * 5  6  4  7 
6 7 2 0.044967 * 6  4  7 
8 7 4 0.275732 * 8  11   1   4   7 
9 7 1 0.043357 * 9  7 
10 7 2 0.133644 * 10   9   7 
11 7 3 0.295739 * 11   1   4   7 
1 8 2 0.213724 * 1  11   8 
2 8 1 0.357026 * 2  8 
3 8 4 0.067307 * 3  6  5  2  8 
4 8 3 0.190338 * 4   1  11   8 
5 8 2 0.260089 * 5  2  8 
6 8 3 0.099832 * 6  5  2  8 
7 8 4 0.307965 * 7   4   1  11   8 
9 8 5 0.018596 * 9  3  6  5  2  8 
9 8 5 0.018596 * 9   7   4   1  11   8 
10 8 5 0.140754 * 10   3   6   5   2   8 
11 8 1 0.237428 * 11   8 
1 9 3 0.003014 * 1  4  7  9 
2 9 4 0.038431 * 2  5  6  3  9 
3 9 1 0.054733 * 3  9 
4 9 2 0.004675 * 4  7  9 
5 9 3 0.014924 * 5  6  3  9 
6 9 2 0.001747 * 6  3  9 
7 9 1 0.041877 * 7  9 
8 9 5 0.007197 * 8  2  5  6  3  9 
8 9 5 0.007197 * 8  11   1   4   7   9 
10 9 1 0.014346 * 10   9 
11 9 4 0.006128 * 11   1   4   7   9 
1 10 4 0.024858 * 1   4   6   3  10 
1 10 4 0.024858 * 1   4   7   9  10 
1 10 4 0.041316 * 1   5   6   3  10 
2 10 4 0.468830 * 2   5   6   3  10 
3 10 1 0.014657 * 3  10 
4 10 3 0.006291 * 4   6   3  10 
4 10 3 0.006291 * 4   7   9  10 
5 10 3 0.020107 * 5   6   3  10 
6 10 2 0.018875 * 6   3  10 
7 10 2 0.107698 * 7   9  10 
8 10 5 0.095856 * 8   2   5   6   3  10 
9 10 1 0.009771 * 9  10 
11 10 5 0.010914 * 11   1   4   6   3  10 
11 10 5 0.010914 * 11   1   4   7   9  10 
11 10 5 0.010914 * 11   1   5   6   3  10 
1 11 1 0.766504 * 1  11 
2 11 2 0.250605 * 2   8  11 
3 11 4 0.072352 * 3   6   4   1  11 
3 11 4 0.072352 * 3   6   5   1  11 
4 11 2 0.150705 * 4   1  11 
5 11 2 0.336991 * 5   1  11 
6 11 3 0.038054 * 6   4   1  11 
6 11 3 0.038054 * 6   5   1  11 
7 11 3 0.330446 * 7   4   1  11 
8 11 1 0.619235 * 8  11 
9 11 4 0.024462 * 9   7   4   1  11 
10 11 5 0.059386 * 10   3   6   4   1  11 
10 11 5 0.059386 * 10   3   6   5   1  11 
10 11 5 0.059386 * 10   9   7   4   1  11 
