2 1 0.255339 0.110949 * 2  5  1  0 
2 1 0.347301 0.012263 * 2   8  11   1 
3 1 0.353451 0.015245 * 3  6  4  1 
3 1 0.330960 0.011888 * 3  6  5  1 
4 1 0.122617 0.012253 * 4  1 
5 1 0.109032 0.101986 * 5  1 
6 1 0.241317 0.006354 * 6  4  1 
6 1 0.218826 0.004955 * 6  5  1 
7 1 0.242343 0.095026 * 7  4  1 
8 1 0.231937 0.071822 * 8  11   1 
9 1 0.455090 0.006400 * 9  3  6  4  1 
9 1 0.432599 0.006400 * 9  3  6  5  1 
9 1 0.345359 0.003491 * 9  7  4  1  0 
10 1 0.459803 0.014305 * 10   3   6   4   1   0 
10 1 0.437312 0.014305 * 10   3   6   5   1   0 
10 1 0.556620 0.007036 * 10   9   3   6   4   1 
10 1 0.534129 0.007036 * 10   9   3   6   5   1 
10 1 0.446888 0.005054 * 10   9   7   4   1   0 
11 1 0.116835 0.437137 * 11   1 
1 2 0.222994 0.050336 * 1  5  2  0 
1 2 0.353109 0.050336 * 1  11   8   2 
3 2 0.335526 0.044164 * 3  6  5  2 
4 2 0.345611 0.017668 * 4  1  5  2  0 
4 2 0.475726 0.017668 * 4   1  11   8   2 
4 2 0.324592 0.006498 * 4  6  5  2  0 
5 2 0.113598 0.116143 * 5  2 
6 2 0.223392 0.047237 * 6  5  2 
7 2 0.465338 0.036638 * 7  4  1  5  2  0 
7 2 0.595452 0.036638 * 7   4   1  11   8   2 
7 2 0.444318 0.015028 * 7  4  6  5  2  0 
7 2 0.539323 0.007409 * 7  9  3  6  5  2 
8 2 0.104704 0.030788 * 8  2 
9 2 0.437165 0.016464 * 9  3  6  5  2 
10 2 0.441878 0.035984 * 10   3   6   5   2   0 
10 2 0.538695 0.011452 * 10   9   3   6   5   2 
11 2 0.217726 0.046133 * 11   8   2 
1 3 0.327380 0.009822 * 1  4  6  3  0 
1 3 0.436608 0.007387 * 1  4  7  9  3 
1 3 0.355495 0.015429 * 1  5  6  3  0 
2 3 0.392406 0.285588 * 2  5  6  3 
4 3 0.215569 0.014298 * 4  6  3  0 
4 3 0.324798 0.010753 * 4  7  9  3 
5 3 0.246099 0.037104 * 5  6  3 
6 3 0.114369 0.022165 * 6  3 
7 3 0.203797 0.029417 * 7  9  3 
8 3 0.497110 0.022430 * 8  2  5  6  3  0  0 
8 3 0.559317 0.012945 * 8  11   1   4   6   3   0 
8 3 0.668545 0.012945 * 8  11   1   4   7   9   3 
8 3 0.587432 0.012945 * 8  11   1   5   6   3   0 
9 3 0.101639 0.039899 * 9  3 
10 3 0.203169 0.010113 * 10   9   3 
10 3 0.106352 0.031778 * 10   3   0 
11 3 0.444215 0.011432 * 11   1   4   6   3   0 
11 3 0.553443 0.008598 * 11   1   4   7   9   3 
11 3 0.472330 0.017959 * 11   1   5   6   3   0 
1 4 0.111811 0.018302 * 1  4 
2 4 0.367150 0.059020 * 2  5  1  4  0 
2 4 0.396736 0.146310 * 2  5  6  4  0 
2 4 0.459112 0.005559 * 2   8  11   1   4 
3 4 0.230834 0.010423 * 3  6  4  0 
3 4 0.324193 0.001107 * 3  9  7  4 
5 4 0.220842 0.010191 * 5  1  4 
5 4 0.250429 0.025264 * 5  6  4 
6 4 0.118699 0.009390 * 6  4 
7 4 0.119726 0.552736 * 7  4 
8 4 0.343747 0.037511 * 8  11   1   4 
9 4 0.222741 0.006584 * 9  7  4 
10 4 0.337185 0.006905 * 10   3   6   4   0 
10 4 0.430544 0.001600 * 10   3   9   7   4 
10 4 0.324271 0.001929 * 10   9   7   4   0 
11 4 0.228645 0.020311 * 11   1   4 
1 5 0.109397 0.078733 * 1  5 
2 5 0.146307 0.732419 * 2  5 
3 5 0.221929 0.042542 * 3  6  5 
4 5 0.232014 0.016655 * 4  1  5 
4 5 0.210995 0.012250 * 4  6  5 
6 5 0.109794 0.070804 * 6  5 
7 5 0.351740 0.058131 * 7  4  1  5  0 
7 5 0.330721 0.042756 * 7  4  6  5  0 
7 5 0.425726 0.024668 * 7  9  3  6  5 
8 5 0.251011 0.105862 * 8  2  5  0 
8 5 0.341333 0.036658 * 8  11   1   5 
9 5 0.323568 0.038073 * 9  3  6  5 
10 5 0.328280 0.037673 * 10   3   6   5   0 
10 5 0.425098 0.011990 * 10   9   3   6   5 
11 5 0.226231 0.169860 * 11   1   5 
1 6 0.213011 0.009233 * 1  4  6 
1 6 0.241126 0.024267 * 1  5  6 
2 6 0.278037 0.186028 * 2  5  6 
3 6 0.112134 0.022833 * 3  6 
4 6 0.101200 0.016054 * 4  6 
5 6 0.131730 0.064044 * 5  6 
7 6 0.220926 0.020189 * 7  4  6  0 
7 6 0.315932 0.015184 * 7  9  3  6 
8 6 0.382741 0.033651 * 8  2  5  6  0 
8 6 0.444948 0.016086 * 8  11   1   4   6 
8 6 0.473063 0.016086 * 8  11   1   5   6 
9 6 0.213774 0.004338 * 9  3  6 
10 6 0.218486 0.020474 * 10   3   6   0 
10 6 0.315304 0.006516 * 10   9   3   6 
11 6 0.329846 0.015949 * 11   1   4   6 
11 6 0.357961 0.040429 * 11   1   5   6 
1 7 0.232811 0.074594 * 1  4  7 
2 7 0.488150 0.195911 * 2  5  1  4  7  0 
2 7 0.596873 0.054841 * 2  5  6  3  9  7 
2 7 0.517737 0.516288 * 2  5  6  4  7  0 
2 7 0.580112 0.017247 * 2   8  11   1   4   7 
3 7 0.204466 0.054625 * 3  9  7 
4 7 0.121000 0.044751 * 4  7 
5 7 0.341843 0.049723 * 5  1  4  7  0 
5 7 0.450565 0.013919 * 5  6  3  9  7 
5 7 0.371429 0.131035 * 5  6  4  7  0 
6 7 0.318835 0.004244 * 6  3  9  7 
6 7 0.239700 0.039951 * 6  4  7  0 
8 7 0.464748 0.264351 * 8  11   1   4   7 
9 7 0.103015 0.053723 * 9  7 
10 7 0.310818 0.034391 * 10   3   9   7 
10 7 0.204545 0.100040 * 10   9   7   0 
11 7 0.349646 0.293504 * 11   1   4   7 
1 8 0.338359 0.038598 * 1  5  2  8 
1 8 0.248405 0.155064 * 1  11   8   0 
2 8 0.115365 0.355381 * 2  8 
3 8 0.450891 0.084290 * 3  6  5  2  8 
4 8 0.460976 0.034969 * 4  1  5  2  8 
4 8 0.371022 0.131258 * 4   1  11   8   0 
4 8 0.439957 0.019242 * 4  6  5  2  8 
5 8 0.228962 0.304604 * 5  2  8 
6 8 0.338757 0.097943 * 6  5  2  8 
7 8 0.580702 0.075328 * 7  4  1  5  2  8 
7 8 0.490748 0.233017 * 7   4   1  11   8   0 
7 8 0.559683 0.041449 * 7  4  6  5  2  8 
9 8 0.552530 0.002071 * 9  3  6  5  2  8  0 
9 8 0.683717 0.011569 * 9  7  4  1  5  2  8 
9 8 0.593763 0.011569 * 9   7   4   1  11   8   0 
9 8 0.662698 0.007854 * 9  7  4  6  5  2  8 
10 8 0.557243 0.023382 * 10   3   6   5   2   8   0   0 
10 8 0.654060 0.009612 * 10   9   3   6   5   2   8   0 
10 8 0.785247 0.049004 * 10   9   7   4   1   5   2   8 
10 8 0.695293 0.049004 * 10   9   7   4   1  11   8   0 
10 8 0.764228 0.036447 * 10   9   7   4   6   5   2   8 
11 8 0.113022 0.377066 * 11   8 
1 9 0.428831 0.000469 * 1  4  6  3  9 
1 9 0.334969 0.003225 * 1  4  7  9  0 
2 9 0.684171 0.004508 * 2  5  1  4  6  3  9 
2 9 0.590308 0.023411 * 2  5  1  4  7  9  0 
2 9 0.493858 0.010021 * 2  5  6  3  9  0  0 
3 9 0.101451 0.034304 * 3  9 
4 9 0.317021 0.000824 * 4  6  3  9 
4 9 0.223158 0.005664 * 4  7  9  0 
5 9 0.537863 0.001563 * 5  1  4  6  3  9 
5 9 0.444000 0.008116 * 5  1  4  7  9  0 
5 9 0.347550 0.003474 * 5  6  3  9  0  0 
6 9 0.215820 0.003012 * 6  3  9 
7 9 0.102158 0.040017 * 7  9 
8 9 0.788874 0.002373 * 8  2  5  1  4  6  3  9 
8 9 0.695012 0.002373 * 8  2  5  1  4  7  9  0 
8 9 0.598562 0.002373 * 8  2  5  6  3  9  0  0 
8 9 0.660768 0.000738 * 8  11   1   4   6   3   9   0 
8 9 0.566905 0.000738 * 8  11   1   4   7   9   0   0 
10 9 0.207803 0.004058 * 10   3   9 
10 9 0.101530 0.011803 * 10   9   0 
11 9 0.545666 0.003634 * 11   1   4   6   3   9 
11 9 0.451804 0.004980 * 11   1   4   7   9   0 
1 10 0.530099 0.011135 * 1   4   6   3   9  10 
1 10 0.435228 0.011135 * 1   4   6   3  10   0 
1 10 0.436237 0.012639 * 1   4   7   9  10   0 
1 10 0.558215 0.025279 * 1   5   6   3   9  10 
1 10 0.463343 0.025279 * 1   5   6   3  10   0 
2 10 0.595126 0.080980 * 2   5   6   3   9  10 
2 10 0.500254 0.351397 * 2   5   6   3  10   0 
3 10 0.202719 0.004522 * 3   9  10 
3 10 0.107848 0.022864 * 3  10   0 
4 10 0.418289 0.003604 * 4   6   3   9  10 
4 10 0.323417 0.003604 * 4   6   3  10   0 
4 10 0.324426 0.004091 * 4   7   9  10   0 
5 10 0.448818 0.004211 * 5   6   3   9  10 
5 10 0.353946 0.021293 * 5   6   3  10   0 
6 10 0.317088 0.002656 * 6   3   9  10 
6 10 0.222217 0.013430 * 6   3  10   0 
7 10 0.203426 0.105859 * 7   9  10 
8 10 0.699830 0.020092 * 8   2   5   6   3   9  10   0 
8 10 0.604958 0.020092 * 8   2   5   6   3  10   0   0 
8 10 0.762036 0.012366 * 8  11   1   4   6   3   9  10 
8 10 0.667164 0.012366 * 8  11   1   4   6   3  10   0 
8 10 0.668173 0.012609 * 8  11   1   4   7   9  10   0 
8 10 0.790151 0.012609 * 8  11   1   5   6   3   9  10 
8 10 0.695280 0.012609 * 8  11   1   5   6   3  10   0 
9 10 0.101268 0.010671 * 9  10 
11 10 0.646934 0.004994 * 11   1   4   6   3   9  10 
11 10 0.552063 0.004994 * 11   1   4   6   3  10   0 
11 10 0.553072 0.005668 * 11   1   4   7   9  10   0 
11 10 0.675049 0.009562 * 11   1   5   6   3   9  10 
11 10 0.580178 0.009562 * 11   1   5   6   3  10   0 
1 11 0.135382 0.642250 * 1  11 
2 11 0.230467 0.289126 * 2   8  11 
3 11 0.488833 0.099140 * 3   6   4   1  11   0 
3 11 0.466342 0.085858 * 3   6   5   1  11   0 
3 11 0.565993 0.018065 * 3   6   5   2   8  11 
4 11 0.258000 0.163543 * 4   1  11 
5 11 0.244414 0.216353 * 5   1  11   0 
5 11 0.344064 0.023914 * 5   2   8  11 
6 11 0.376699 0.029610 * 6   4   1  11   0 
6 11 0.354208 0.025643 * 6   5   1  11   0 
6 11 0.453858 0.005395 * 6   5   2   8  11 
7 11 0.377726 0.341607 * 7   4   1  11 
8 11 0.115102 0.640567 * 8  11 
9 11 0.590473 0.008106 * 9   3   6   4   1  11   0 
9 11 0.567982 0.008106 * 9   3   6   5   1  11   0 
9 11 0.667632 0.005962 * 9   3   6   5   2   8  11 
9 11 0.480741 0.004217 * 9   7   4   1  11   0   0 
10 11 0.595185 0.054871 * 10   3   6   4   1  11   0   0 
10 11 0.572694 0.054871 * 10   3   6   5   1  11   0   0 
10 11 0.672344 0.017873 * 10   3   6   5   2   8  11   0 
10 11 0.692002 0.024300 * 10   9   3   6   4   1  11   0 
10 11 0.669512 0.024300 * 10   9   3   6   5   1  11   0 
10 11 0.769162 0.017873 * 10   9   3   6   5   2   8  11 
10 11 0.582271 0.012643 * 10   9   7   4   1  11   0   0 
