2 1 0.246903 0.067653 * 2  5  1  0 
2 1 0.352555 0.008703 * 2   8  11   1 
3 1 0.349438 0.010500 * 3  6  4  1 
3 1 0.326871 0.008318 * 3  6  5  1 
4 1 0.123110 0.010482 * 4  1 
5 1 0.107750 0.086016 * 5  1 
6 1 0.239422 0.007991 * 6  4  1 
6 1 0.216854 0.006330 * 6  5  1 
7 1 0.245739 0.108060 * 7  4  1 
8 1 0.237620 0.092338 * 8  11   1 
9 1 0.450913 0.013635 * 9  3  6  4  1 
9 1 0.428345 0.013635 * 9  3  6  5  1 
9 1 0.348213 0.012317 * 9  7  4  1  0 
10 1 0.454490 0.010013 * 10   3   6   4   1   0 
10 1 0.431922 0.010013 * 10   3   6   5   1   0 
10 1 0.552459 0.007224 * 10   9   3   6   4   1 
10 1 0.529892 0.007224 * 10   9   3   6   5   1 
10 1 0.449759 0.007224 * 10   9   7   4   1   0 
11 1 0.121030 0.749758 * 11   1 
1 2 0.227859 0.033358 * 1  5  2  0 
1 2 0.344473 0.033358 * 1  11   8   2 
3 2 0.335238 0.067456 * 3  6  5  2 
4 2 0.350969 0.042483 * 4  1  5  2  0 
4 2 0.467583 0.042483 * 4   1  11   8   2 
4 2 0.326619 0.020670 * 4  6  5  2  0 
5 2 0.116118 0.089420 * 5  2 
6 2 0.225222 0.034695 * 6  5  2 
7 2 0.473597 0.142171 * 7  4  1  5  2  0 
7 2 0.590212 0.142171 * 7   4   1  11   8   2 
7 2 0.449247 0.069174 * 7  4  6  5  2  0 
7 2 0.538567 0.034392 * 7  9  3  6  5  2 
8 2 0.104313 0.018385 * 8  2 
9 2 0.436713 0.006611 * 9  3  6  5  2 
10 2 0.440289 0.031033 * 10   3   6   5   2   0 
10 2 0.538259 0.011763 * 10   9   3   6   5   2 
11 2 0.215251 0.040250 * 11   8   2 
1 3 0.328098 0.007759 * 1  4  6  3  0 
1 3 0.435443 0.005641 * 1  4  7  9  3 
1 3 0.357501 0.015645 * 1  5  6  3  0 
2 3 0.384913 0.229882 * 2  5  6  3 
4 3 0.216267 0.016984 * 4  6  3  0 
4 3 0.323612 0.011082 * 4  7  9  3 
5 3 0.245759 0.022929 * 5  6  3 
6 3 0.114870 0.035225 * 6  3 
7 3 0.203329 0.018464 * 7  9  3 
8 3 0.489226 0.031728 * 8  2  5  6  3  0  0 
8 3 0.565718 0.016672 * 8  11   1   4   6   3   0 
8 3 0.673063 0.014714 * 8  11   1   4   7   9   3 
8 3 0.595121 0.016672 * 8  11   1   5   6   3   0 
9 3 0.101475 0.052530 * 9  3 
10 3 0.203021 0.015045 * 10   9   3 
10 3 0.105051 0.039694 * 10   3   0 
11 3 0.449128 0.011782 * 11   1   4   6   3   0 
11 3 0.556473 0.008566 * 11   1   4   7   9   3 
11 3 0.478531 0.023756 * 11   1   5   6   3   0 
1 4 0.111830 0.037839 * 1  4 
2 4 0.358734 0.044750 * 2  5  1  4  0 
2 4 0.386354 0.109336 * 2  5  6  4  0 
2 4 0.464386 0.004236 * 2   8  11   1   4 
3 4 0.226328 0.005914 * 3  6  4  0 
3 4 0.326470 0.000801 * 3  9  7  4 
5 4 0.219581 0.015907 * 5  1  4 
5 4 0.247201 0.038865 * 5  6  4 
6 4 0.116312 0.005757 * 6  4 
7 4 0.122629 0.594880 * 7  4 
8 4 0.349451 0.028469 * 8  11   1   4 
9 4 0.225103 0.006333 * 9  7  4 
10 4 0.331380 0.006524 * 10   3   6   4   0 
10 4 0.431522 0.001477 * 10   3   9   7   4 
10 4 0.326649 0.003526 * 10   9   7   4   0 
11 4 0.232861 0.016720 * 11   1   4 
1 5 0.111741 0.059019 * 1  5 
2 5 0.139153 0.589692 * 2  5 
3 5 0.219121 0.028938 * 3  6  5 
4 5 0.234851 0.016479 * 4  1  5 
4 5 0.210501 0.009573 * 4  6  5 
6 5 0.109104 0.058726 * 6  5 
7 5 0.357480 0.043831 * 7  4  1  5  0 
7 5 0.333130 0.025462 * 7  4  6  5  0 
7 5 0.422449 0.011885 * 7  9  3  6  5 
8 5 0.243467 0.077974 * 8  2  5  0 
8 5 0.349361 0.027390 * 8  11   1   5 
9 5 0.320595 0.038485 * 9  3  6  5 
10 5 0.324172 0.031139 * 10   3   6   5   0 
10 5 0.422141 0.011803 * 10   9   3   6   5 
11 5 0.232771 0.114629 * 11   1   5 
1 6 0.213228 0.009520 * 1  4  6 
1 6 0.242630 0.031717 * 1  5  6 
2 6 0.270042 0.187190 * 2  5  6 
3 6 0.110016 0.018126 * 3  6 
4 6 0.101397 0.016390 * 4  6 
5 6 0.130889 0.046844 * 5  6 
7 6 0.224026 0.014962 * 7  4  6  0 
7 6 0.313345 0.009762 * 7  9  3  6 
8 6 0.374356 0.021860 * 8  2  5  6  0 
8 6 0.450848 0.009983 * 8  11   1   4   6 
8 6 0.480250 0.009983 * 8  11   1   5   6 
9 6 0.211491 0.003233 * 9  3  6 
10 6 0.215068 0.018664 * 10   3   6   0 
10 6 0.313037 0.007074 * 10   9   3   6 
11 6 0.334258 0.019895 * 11   1   4   6 
11 6 0.363661 0.059635 * 11   1   5   6 
1 7 0.232114 0.092298 * 1  4  7 
2 7 0.479018 0.180955 * 2  5  1  4  7  0 
2 7 0.588754 0.063372 * 2  5  6  3  9  7 
2 7 0.506638 0.467874 * 2  5  6  4  7  0 
2 7 0.584670 0.018970 * 2   8  11   1   4   7 
3 7 0.203842 0.019447 * 3  9  7 
4 7 0.120284 0.047977 * 4  7 
5 7 0.339864 0.040786 * 5  1  4  7  0 
5 7 0.449601 0.014284 * 5  6  3  9  7 
5 7 0.367485 0.105456 * 5  6  4  7  0 
6 7 0.318712 0.004430 * 6  3  9  7 
6 7 0.236596 0.032709 * 6  4  7  0 
8 7 0.469734 0.268418 * 8  11   1   4   7 
9 7 0.102474 0.023083 * 9  7 
10 7 0.308893 0.025473 * 10   3   9   7 
10 7 0.204021 0.115405 * 10   9   7   0 
11 7 0.353144 0.293445 * 11   1   4   7 
1 8 0.342794 0.043353 * 1  5  2  8 
1 8 0.240160 0.149442 * 1  11   8   0 
2 8 0.114935 0.299189 * 2  8 
3 8 0.450173 0.078124 * 3  6  5  2  8 
4 8 0.465904 0.041204 * 4  1  5  2  8 
4 8 0.363270 0.131539 * 4   1  11   8   0 
4 8 0.441554 0.017183 * 4  6  5  2  8 
5 8 0.231053 0.265102 * 5  2  8 
6 8 0.340157 0.097776 * 6  5  2  8 
7 8 0.588533 0.068254 * 7  4  1  5  2  8 
7 8 0.485898 0.161991 * 7   4   1  11   8   0 
7 8 0.564183 0.028463 * 7  4  6  5  2  8 
9 8 0.551648 0.001170 * 9  3  6  5  2  8  0 
9 8 0.691007 0.009521 * 9  7  4  1  5  2  8 
9 8 0.588373 0.009521 * 9   7   4   1  11   8   0 
9 8 0.666657 0.005757 * 9  7  4  6  5  2  8 
10 8 0.555225 0.011100 * 10   3   6   5   2   8   0   0 
10 8 0.653194 0.005382 * 10   9   3   6   5   2   8   0 
10 8 0.792553 0.038454 * 10   9   7   4   1   5   2   8 
10 8 0.689919 0.038454 * 10   9   7   4   1  11   8   0 
10 8 0.768203 0.026488 * 10   9   7   4   6   5   2   8 
11 8 0.110937 0.304128 * 11   8 
1 9 0.429465 0.000541 * 1  4  6  3  9 
1 9 0.333968 0.004222 * 1  4  7  9  0 
2 9 0.676368 0.004646 * 2  5  1  4  6  3  9 
2 9 0.580872 0.030142 * 2  5  1  4  7  9  0 
2 9 0.486280 0.014408 * 2  5  6  3  9  0  0 
3 9 0.101367 0.036530 * 3  9 
4 9 0.317635 0.000381 * 4  6  3  9 
4 9 0.222138 0.002972 * 4  7  9  0 
5 9 0.537215 0.001447 * 5  1  4  6  3  9 
5 9 0.441718 0.009387 * 5  1  4  7  9  0 
5 9 0.347127 0.004487 * 5  6  3  9  0  0 
6 9 0.216238 0.001368 * 6  3  9 
7 9 0.101854 0.034171 * 7  9 
8 9 0.780682 0.003013 * 8  2  5  1  4  6  3  9 
8 9 0.685185 0.003948 * 8  2  5  1  4  7  9  0 
8 9 0.590593 0.003948 * 8  2  5  6  3  9  0  0 
8 9 0.667085 0.001184 * 8  11   1   4   6   3   9   0 
8 9 0.571588 0.001184 * 8  11   1   4   7   9   0   0 
10 9 0.206419 0.001994 * 10   3   9 
10 9 0.101546 0.009034 * 10   9   0 
11 9 0.550495 0.003011 * 11   1   4   6   3   9 
11 9 0.454998 0.003823 * 11   1   4   7   9   0 
1 10 0.530748 0.009172 * 1   4   6   3   9  10 
1 10 0.436508 0.009172 * 1   4   6   3  10   0 
1 10 0.435251 0.012934 * 1   4   7   9  10   0 
1 10 0.560151 0.027449 * 1   5   6   3   9  10 
1 10 0.465911 0.027449 * 1   5   6   3  10   0 
2 10 0.587563 0.092325 * 2   5   6   3   9  10 
2 10 0.493323 0.348034 * 2   5   6   3  10   0 
3 10 0.202650 0.003335 * 3   9  10 
3 10 0.108411 0.015109 * 3  10   0 
4 10 0.418917 0.002370 * 4   6   3   9  10 
4 10 0.324678 0.002370 * 4   6   3  10   0 
4 10 0.323421 0.003342 * 4   7   9  10   0 
5 10 0.448409 0.014010 * 5   6   3   9  10 
5 10 0.354170 0.063473 * 5   6   3  10   0 
6 10 0.317520 0.002151 * 6   3   9  10 
6 10 0.223281 0.009744 * 6   3  10   0 
7 10 0.203137 0.101258 * 7   9  10 
8 10 0.691876 0.024428 * 8   2   5   6   3   9  10   0 
8 10 0.597637 0.024428 * 8   2   5   6   3  10   0   0 
8 10 0.768368 0.011177 * 8  11   1   4   6   3   9  10 
8 10 0.674129 0.011177 * 8  11   1   4   6   3  10   0 
8 10 0.672871 0.014788 * 8  11   1   4   7   9  10   0 
8 10 0.797771 0.014788 * 8  11   1   5   6   3   9  10 
8 10 0.703531 0.014788 * 8  11   1   5   6   3  10   0 
9 10 0.101283 0.014203 * 9  10 
11 10 0.651778 0.004724 * 11   1   4   6   3   9  10 
11 10 0.557539 0.004724 * 11   1   4   6   3  10   0 
11 10 0.556281 0.006661 * 11   1   4   7   9  10   0 
11 10 0.681181 0.012004 * 11   1   5   6   3   9  10 
11 10 0.586941 0.012004 * 11   1   5   6   3  10   0 
1 11 0.129222 0.519997 * 1  11 
2 11 0.231525 0.413460 * 2   8  11 
3 11 0.478661 0.089437 * 3   6   4   1  11   0 
3 11 0.456093 0.079964 * 3   6   5   1  11   0 
3 11 0.566763 0.023256 * 3   6   5   2   8  11 
4 11 0.252332 0.110937 * 4   1  11 
5 11 0.236972 0.234926 * 5   1  11   0 
5 11 0.347643 0.030220 * 5   2   8  11 
6 11 0.368644 0.022164 * 6   4   1  11   0 
6 11 0.346077 0.019816 * 6   5   1  11   0 
6 11 0.456747 0.005763 * 6   5   2   8  11 
7 11 0.374961 0.329362 * 7   4   1  11 
8 11 0.116590 0.617418 * 8  11 
9 11 0.580135 0.002989 * 9   3   6   4   1  11   0 
9 11 0.557568 0.002989 * 9   3   6   5   1  11   0 
9 11 0.668238 0.002989 * 9   3   6   5   2   8  11 
9 11 0.477435 0.002555 * 9   7   4   1  11   0   0 
10 11 0.583712 0.032820 * 10   3   6   4   1  11   0   0 
10 11 0.561144 0.032820 * 10   3   6   5   1  11   0   0 
10 11 0.671815 0.019494 * 10   3   6   5   2   8  11   0 
10 11 0.681682 0.014876 * 10   9   3   6   4   1  11   0 
10 11 0.659114 0.014876 * 10   9   3   6   5   1  11   0 
10 11 0.769784 0.014876 * 10   9   3   6   5   2   8  11 
10 11 0.578982 0.012716 * 10   9   7   4   1  11   0   0 
