2  5  1 
0.096517
3  6  4  1 
0.016216
3  6  5  1 
0.016216
4  1 
0.037057
5  1 
0.100802
6  4  1 
0.013115
6  5  1 
0.013115
7  4  1 
0.106427
8  11   1 
0.066850
9  7  4  1 
0.019162
10   3   6   4   1 
0.015420
10   3   6   5   1 
0.015420
10   9   7   4   1 
0.015420
11   1 
0.407530
1  5  2 
0.104223
3  6  5  2 
0.079245
4  1  5  2 
0.015289
4  6  5  2 
0.015289
5  2 
0.179263
6  5  2 
0.054320
7  4  1  5  2 
0.078212
7  4  6  5  2 
0.078212
8  2 
0.042131
9  3  6  5  2 
0.011764
10   3   6   5   2 
0.038559
11   8   2 
0.069781
1  4  6  3 
0.018185
1  5  6  3 
0.018185
2  5  6  3 
0.222852
4  6  3 
0.033446
5  6  3 
0.047018
6  3 
0.063790
7  9  3 
0.123245
8  2  5  6  3 
0.030123
9  3 
0.080979
10   3 
0.093311
11   1   4   6   3 
0.035492
11   1   5   6   3 
0.035492
1  4 
0.021728
2  5  1  4 
0.064295
2  5  6  4 
0.064295
3  6  4 
0.012763
5  1  4 
0.017921
5  6  4 
0.017921
6  4 
0.019522
7  4 
0.040812
8  11   1   4 
0.030508
9  7  4 
0.017648
10   3   6   4 
0.014942
10   9   7   4 
0.014942
11   1   4 
0.031051
1  5 
0.100318
2  5 
0.560948
3  6  5 
0.053538
4  1  5 
0.021867
4  6  5 
0.021867
6  5 
0.057236
7  4  1  5 
0.044553
7  4  6  5 
0.044553
8  2  5 
0.122408
9  3  6  5 
0.042756
10   3   6   5 
0.039576
11   1   5 
0.193361
1  4  6 
0.010223
1  5  6 
0.010223
2  5  6 
0.195521
3  6 
0.040488
4  6 
0.023119
5  6 
0.065055
7  4  6 
0.067561
8  2  5  6 
0.071532
9  3  6 
0.004579
10   3   6 
0.020088
11   1   4   6 
0.036595
11   1   5   6 
0.036595
1  4  7 
0.073380
2  5  1  4  7 
0.351371
2  5  6  4  7 
0.351371
3  9  7 
0.048991
4  7 
0.053349
5  1  4  7 
0.184424
5  6  4  7 
0.184424
6  4  7 
0.094276
8  11   1   4   7 
0.313043
9  7 
0.028441
10   9   7 
0.192752
11   1   4   7 
0.347005
1  11   8 
0.154828
2  8 
0.393374
3  6  5  2  8 
0.119360
4   1  11   8 
0.187275
5  2  8 
0.289801
6  5  2  8 
0.139880
7   4   1  11   8 
0.451016
9  3  6  5  2  8 
0.025274
9   7   4   1  11   8 
0.025274
10   3   6   5   2   8 
0.151750
11   8 
0.382955
1  4  7  9 
0.002431
2  5  6  3  9 
0.041290
3  9 
0.046629
4  7  9 
0.007577
5  6  3  9 
0.015492
6  3  9 
0.003160
7  9 
0.069727
8  2  5  6  3  9 
0.007607
8  11   1   4   7   9 
0.007607
10   9 
0.011503
11   1   4   7   9 
0.016019
1   4   6   3  10 
0.020652
1   4   7   9  10 
0.020652
1   5   6   3  10 
0.034652
2   5   6   3  10 
0.354122
3  10 
0.033998
4   6   3  10 
0.006166
4   7   9  10 
0.006166
5   6   3  10 
0.040779
6   3  10 
0.026035
7   9  10 
0.122717
8   2   5   6   3  10 
0.088999
9  10 
0.026932
11   1   4   6   3  10 
0.015583
11   1   4   7   9  10 
0.015583
11   1   5   6   3  10 
0.021386
1  11 
0.407594
2   8  11 
0.430440
3   6   4   1  11 
0.111861
3   6   5   1  11 
0.111861
4   1  11 
0.246528
5   1  11 
0.220610
6   4   1  11 
0.044880
6   5   1  11 
0.044880
7   4   1  11 
0.370080
8  11 
0.788020
9   7   4   1  11 
0.035087
10   3   6   4   1  11 
0.064812
10   3   6   5   1  11 
0.064812
10   9   7   4   1  11 
0.064812
