2  5  1  0 
0.074849
2   8  11   1 
0.010458
3  6  4  1 
0.011680
3  6  5  1 
0.008189
4  1 
0.024287
5  1 
0.078268
6  4  1 
0.010901
6  5  1 
0.007643
7  4  1 
0.121202
8  11   1 
0.077311
9  3  6  4  1 
0.003999
9  3  6  5  1 
0.003999
9  7  4  1  0 
0.005197
10   3   6   4   1   0 
0.012291
10   3   6   5   1   0 
0.012291
10   9   3   6   4   1 
0.008324
10   9   3   6   5   1 
0.008324
10   9   7   4   1   0 
0.010818
11   1 
0.364492
1  5  2  0 
0.045977
1  11   8   2 
0.045977
3  6  5  2 
0.100859
4  1  5  2  0 
0.012082
4   1  11   8   2 
0.012082
4  6  5  2  0 
0.004197
5  2 
0.142528
6  5  2 
0.055002
7  4  1  5  2  0 
0.048002
7   4   1  11   8   2 
0.048002
7  4  6  5  2  0 
0.016675
7  9  3  6  5  2 
0.008847
8  2 
0.028865
9  3  6  5  2 
0.010872
10   3   6   5   2   0 
0.031087
10   9   3   6   5   2 
0.014061
11   8   2 
0.047891
1  4  6  3  0 
0.010637
1  4  7  9  3 
0.007421
1  5  6  3  0 
0.016102
2  5  6  3 
0.244735
4  6  3  0 
0.022991
4  7  9  3 
0.015527
5  6  3 
0.038065
6  3 
0.109999
7  9  3 
0.116296
8  2  5  6  3  0  0 
0.012873
8  11   1   4   6   3   0 
0.007644
8  11   1   4   7   9   3 
0.007644
8  11   1   5   6   3   0 
0.007644
9  3 
0.081269
10   9   3 
0.026627
10   3   0 
0.058871
11   1   4   6   3   0 
0.026464
11   1   4   7   9   3 
0.018464
11   1   5   6   3   0 
0.040061
1  4 
0.038686
2  5  1  4  0 
0.031962
2  5  6  4  0 
0.077429
2   8  11   1   4 
0.003340
3  6  4  0 
0.021474
3  9  7  4 
0.004283
5  1  4 
0.010661
5  6  4 
0.025825
6  4 
0.017935
7  4 
0.046978
8  11   1   4 
0.038941
9  7  4 
0.015980
10   3   6   4   0 
0.012693
10   3   9   7   4 
0.005567
10   9   7   4   0 
0.010582
11   1   4 
0.029705
1  5 
0.065812
2  5 
0.586401
3  6  5 
0.102879
4  1  5 
0.023917
4  6  5 
0.016018
6  5 
0.059051
7  4  1  5  0 
0.044674
7  4  6  5  0 
0.029920
7  9  3  6  5 
0.012782
8  2  5  0 
0.071914
8  11   1   5 
0.025716
9  3  6  5 
0.044834
10   3   6   5   0 
0.062280
10   9   3   6   5 
0.028169
11   1   5 
0.194682
1  4  6 
0.004633
1  5  6 
0.011750
2  5  6 
0.197885
3  6 
0.033372
4  6 
0.017168
5  6 
0.082705
7  4  6  0 
0.021958
7  9  3  6 
0.014829
8  2  5  6  0 
0.028458
8  11   1   4   6 
0.014189
8  11   1   5   6 
0.014189
9  3  6 
0.003488
10   3   6   0 
0.020420
10   9   3   6 
0.009236
11   1   4   6 
0.016480
11   1   5   6 
0.041795
1  4  7 
0.132448
2  5  1  4  7  0 
0.171869
2  5  6  3  9  7 
0.091258
2  5  6  4  7  0 
0.457516
2   8  11   1   4   7 
0.018395
3  9  7 
0.052241
4  7 
0.049998
5  1  4  7  0 
0.051975
5  6  3  9  7 
0.027597
5  6  4  7  0 
0.138357
6  3  9  7 
0.011393
6  4  7  0 
0.057116
8  11   1   4   7 
0.330144
9  7 
0.029022
10   3   9   7 
0.026187
10   9   7   0 
0.131286
11   1   4   7 
0.322508
1  5  2  8 
0.043027
1  11   8   0 
0.157067
2  8 
0.365745
3  6  5  2  8 
0.136985
4  1  5  2  8 
0.037520
4   1  11   8   0 
0.134419
4  6  5  2  8 
0.019358
5  2  8 
0.267314
6  5  2  8 
0.109058
7  4  1  5  2  8 
0.086735
7   4   1  11   8   0 
0.266947
7  4  6  5  2  8 
0.044751
9  3  6  5  2  8  0 
0.001693
9  7  4  1  5  2  8 
0.019911
9   7   4   1  11   8   0 
0.019911
9  7  4  6  5  2  8 
0.010797
10   3   6   5   2   8   0   0 
0.009674
10   9   3   6   5   2   8   0 
0.005997
10   9   7   4   1   5   2   8 
0.055844
10   9   7   4   1  11   8   0 
0.055844
10   9   7   4   6   5   2   8 
0.038250
11   8 
0.361685
1  4  6  3  9 
0.000510
1  4  7  9  0 
0.003821
2  5  1  4  6  3  9 
0.004391
2  5  1  4  7  9  0 
0.022756
2  5  6  3  9  0  0 
0.009700
3  9 
0.074342
4  6  3  9 
0.000874
4  7  9  0 
0.006541
5  1  4  6  3  9 
0.001591
5  1  4  7  9  0 
0.008244
5  6  3  9  0  0 
0.003514
6  3  9 
0.002077
7  9 
0.054814
8  2  5  1  4  6  3  9 
0.006984
8  2  5  1  4  7  9  0 
0.024814
8  2  5  6  3  9  0  0 
0.015427
8  11   1   4   6   3   9   0 
0.006984
8  11   1   4   7   9   0   0 
0.008873
10   3   9 
0.006020
10   9   0 
0.030183
11   1   4   6   3   9 
0.004360
11   1   4   7   9   0 
0.010488
1   4   6   3   9  10 
0.005121
1   4   6   3  10   0 
0.005121
1   4   7   9  10   0 
0.006375
1   5   6   3   9  10 
0.010790
1   5   6   3  10   0 
0.010790
2   5   6   3   9  10 
0.070655
2   5   6   3  10   0 
0.301600
3   9  10 
0.006038
3  10   0 
0.030273
4   6   3   9  10 
0.003900
4   6   3  10   0 
0.003900
4   7   9  10   0 
0.004854
5   6   3   9  10 
0.003796
5   6   3  10   0 
0.019030
6   3   9  10 
0.002853
6   3  10   0 
0.014303
7   9  10 
0.122216
8   2   5   6   3   9  10   0 
0.022867
8   2   5   6   3  10   0   0 
0.022867
8  11   1   4   6   3   9  10 
0.011271
8  11   1   4   6   3  10   0 
0.011271
8  11   1   4   7   9  10   0 
0.014031
8  11   1   5   6   3   9  10 
0.015415
8  11   1   5   6   3  10   0 
0.015415
9  10 
0.025054
11   1   4   6   3   9  10 
0.006509
11   1   4   6   3  10   0 
0.006509
11   1   4   7   9  10   0 
0.008103
11   1   5   6   3   9  10 
0.013714
11   1   5   6   3  10   0 
0.013714
1  11 
0.761458
2   8  11 
0.379159
3   6   4   1  11   0 
0.121196
3   6   5   1  11   0 
0.096848
3   6   5   2   8  11 
0.024951
4   1  11 
0.047032
5   1  11   0 
0.200791
5   2   8  11 
0.028054
6   4   1  11   0 
0.038915
6   5   1  11   0 
0.031097
6   5   2   8  11 
0.008012
7   4   1  11 
0.338321
8  11 
0.691248
9   3   6   4   1  11   0 
0.006039
9   3   6   5   1  11   0 
0.006039
9   3   6   5   2   8  11 
0.006033
9   7   4   1  11   0   0 
0.007421
10   3   6   4   1  11   0   0 
0.037347
10   3   6   5   1  11   0   0 
0.037347
10   3   6   5   2   8  11   0 
0.021465
10   9   3   6   4   1  11   0 
0.021486
10   9   3   6   5   1  11   0 
0.021486
10   9   3   6   5   2   8  11 
0.021465
10   9   7   4   1  11   0   0 
0.026404
