2 1 0.248689 0.062804 * 2  5  1  0 
2 1 0.353548 0.006560 * 2   8  11   1 
3 1 0.352582 0.007446 * 3  6  4  1 
3 1 0.331822 0.005814 * 3  6  5  1 
4 1 0.121976 0.046532 * 4  1 
5 1 0.109131 0.086330 * 5  1 
6 1 0.240230 0.008933 * 6  4  1 
6 1 0.219470 0.006976 * 6  5  1 
7 1 0.240285 0.095143 * 7  4  1 
8 1 0.237752 0.081554 * 8  11   1 
9 1 0.454431 0.003719 * 9  3  6  4  1 
9 1 0.433671 0.003719 * 9  3  6  5  1 
9 1 0.344521 0.002327 * 9  7  4  1  0 
10 1 0.459147 0.017111 * 10   3   6   4   1   0 
10 1 0.438387 0.017074 * 10   3   6   5   1   0 
10 1 0.556176 0.008258 * 10   9   3   6   4   1 
10 1 0.535417 0.008258 * 10   9   3   6   5   1 
10 1 0.446266 0.005166 * 10   9   7   4   1   0 
11 1 0.119529 0.438505 * 11   1 
1 2 0.222042 0.033013 * 1  5  2  0 
1 2 0.352078 0.033013 * 1  11   8   2 
3 2 0.335329 0.072431 * 3  6  5  2 
4 2 0.344018 0.017470 * 4  1  5  2  0 
4 2 0.474055 0.017470 * 4   1  11   8   2 
4 2 0.324261 0.006846 * 4  6  5  2  0 
5 2 0.112638 0.128456 * 5  2 
6 2 0.222977 0.045963 * 6  5  2 
7 2 0.462326 0.034790 * 7  4  1  5  2  0 
7 2 0.592363 0.034790 * 7   4   1  11   8   2 
7 2 0.442570 0.013776 * 7  4  6  5  2  0 
7 2 0.539602 0.006125 * 7  9  3  6  5  2 
8 2 0.105118 0.040865 * 8  2 
9 2 0.437178 0.012431 * 9  3  6  5  2 
10 2 0.441894 0.040251 * 10   3   6   5   2   0 
10 2 0.538924 0.012850 * 10   9   3   6   5   2 
11 2 0.217608 0.077365 * 11   8   2 
1 3 0.329168 0.007640 * 1  4  6  3  0 
1 3 0.439777 0.005262 * 1  4  7  9  3 
1 3 0.354116 0.012439 * 1  5  6  3  0 
2 3 0.384270 0.204661 * 2  5  6  3 
4 3 0.215906 0.017415 * 4  6  3  0 
4 3 0.326515 0.011995 * 4  7  9  3 
5 3 0.244711 0.033226 * 5  6  3 
6 3 0.114622 0.096812 * 6  3 
7 3 0.204273 0.028077 * 7  9  3 
8 3 0.489388 0.025671 * 8  2  5  6  3  0  0 
8 3 0.566919 0.013977 * 8  11   1   4   6   3   0 
8 3 0.677528 0.013977 * 8  11   1   4   7   9   3 
8 3 0.591867 0.013977 * 8  11   1   5   6   3   0 
9 3 0.101849 0.065114 * 9  3 
10 3 0.203594 0.017718 * 10   9   3 
10 3 0.106565 0.055498 * 10   3   0 
11 3 0.448697 0.020857 * 11   1   4   6   3   0 
11 3 0.559306 0.014365 * 11   1   4   7   9   3 
11 3 0.473645 0.033959 * 11   1   5   6   3   0 
1 4 0.113262 0.015533 * 1  4 
2 4 0.361951 0.050858 * 2  5  1  4  0 
2 4 0.387902 0.119569 * 2  5  6  4  0 
2 4 0.466810 0.004506 * 2   8  11   1   4 
3 4 0.230606 0.012225 * 3  6  4  0 
3 4 0.323755 0.001345 * 3  9  7  4 
5 4 0.222393 0.009053 * 5  1  4 
5 4 0.248343 0.021283 * 5  6  4 
6 4 0.118254 0.036309 * 6  4 
7 4 0.118308 0.468298 * 7  4 
8 4 0.351014 0.047048 * 8  11   1   4 
9 4 0.222545 0.004152 * 9  7  4 
10 4 0.337171 0.016323 * 10   3   6   4   0 
10 4 0.430320 0.002808 * 10   3   9   7   4 
10 4 0.324290 0.005231 * 10   9   7   4   0 
11 4 0.232791 0.021321 * 11   1   4 
1 5 0.109404 0.069030 * 1  5 
2 5 0.139559 0.623593 * 2  5 
3 5 0.222692 0.066561 * 3  6  5 
4 5 0.231380 0.018878 * 4  1  5 
4 5 0.211624 0.012965 * 4  6  5 
6 5 0.110340 0.062799 * 6  5 
7 5 0.349689 0.066925 * 7  4  1  5  0 
7 5 0.329932 0.045963 * 7  4  6  5  0 
7 5 0.426964 0.024409 * 7  9  3  6  5 
8 5 0.244677 0.091755 * 8  2  5  0 
8 5 0.347156 0.030617 * 8  11   1   5 
9 5 0.324540 0.035147 * 9  3  6  5 
10 5 0.329257 0.039464 * 10   3   6   5   0 
10 5 0.426286 0.012599 * 10   9   3   6   5 
11 5 0.228933 0.194103 * 11   1   5 
1 6 0.214546 0.008303 * 1  4  6 
1 6 0.239494 0.022197 * 1  5  6 
2 6 0.269648 0.206870 * 2  5  6 
3 6 0.112352 0.018769 * 3  6 
4 6 0.101284 0.024137 * 4  6 
5 6 0.130090 0.083591 * 5  6 
7 6 0.219592 0.017364 * 7  4  6  0 
7 6 0.316625 0.011959 * 7  9  3  6 
8 6 0.374766 0.030570 * 8  2  5  6  0 
8 6 0.452298 0.014016 * 8  11   1   4   6 
8 6 0.477245 0.014016 * 8  11   1   5   6 
9 6 0.214201 0.007618 * 9  3  6 
10 6 0.218917 0.021413 * 10   3   6   0 
10 6 0.315946 0.006836 * 10   9   3   6 
11 6 0.334075 0.014180 * 11   1   4   6 
11 6 0.359023 0.036068 * 11   1   5   6 
1 7 0.235504 0.069114 * 1  4  7 
2 7 0.484193 0.188006 * 2  5  1  4  7  0 
2 7 0.589717 0.053334 * 2  5  6  3  9  7 
2 7 0.510144 0.484806 * 2  5  6  4  7  0 
2 7 0.589052 0.015546 * 2   8  11   1   4   7 
3 7 0.205446 0.038394 * 3  9  7 
4 7 0.122242 0.045531 * 4  7 
5 7 0.344635 0.049128 * 5  1  4  7  0 
5 7 0.450158 0.013937 * 5  6  3  9  7 
5 7 0.370585 0.126686 * 5  6  4  7  0 
6 7 0.320068 0.006318 * 6  3  9  7 
6 7 0.240496 0.057431 * 6  4  7  0 
8 7 0.473256 0.362960 * 8  11   1   4   7 
9 7 0.104236 0.162825 * 9  7 
10 7 0.312012 0.036393 * 10   3   9   7 
10 7 0.205982 0.117667 * 10   9   7   0 
11 7 0.355033 0.316587 * 11   1   4   7 
1 8 0.337838 0.034697 * 1  5  2  8 
1 8 0.246960 0.141939 * 1  11   8   0 
2 8 0.115796 0.388618 * 2  8 
3 8 0.451125 0.094753 * 3  6  5  2  8 
4 8 0.459814 0.034031 * 4  1  5  2  8 
4 8 0.368937 0.133898 * 4   1  11   8   0 
4 8 0.440057 0.018063 * 4  6  5  2  8 
5 8 0.228434 0.229728 * 5  2  8 
6 8 0.338773 0.106645 * 6  5  2  8 
7 8 0.578122 0.078961 * 7  4  1  5  2  8 
7 8 0.487245 0.256453 * 7   4   1  11   8   0 
7 8 0.558366 0.041912 * 7  4  6  5  2  8 
9 8 0.552974 0.001811 * 9  3  6  5  2  8  0 
9 8 0.682358 0.011659 * 9  7  4  1  5  2  8 
9 8 0.591481 0.011659 * 9   7   4   1  11   8   0 
9 8 0.662602 0.007956 * 9  7  4  6  5  2  8 
10 8 0.557690 0.018470 * 10   3   6   5   2   8   0   0 
10 8 0.654720 0.007769 * 10   9   3   6   5   2   8   0 
10 8 0.784104 0.043854 * 10   9   7   4   1   5   2   8 
10 8 0.693227 0.043854 * 10   9   7   4   1  11   8   0 
10 8 0.764347 0.034128 * 10   9   7   4   6   5   2   8 
11 8 0.112490 0.292920 * 11   8 
1 9 0.430378 0.000427 * 1  4  6  3  9 
1 9 0.337928 0.002976 * 1  4  7  9  0 
2 9 0.679067 0.004578 * 2  5  1  4  6  3  9 
2 9 0.586617 0.023269 * 2  5  1  4  7  9  0 
2 9 0.485481 0.009988 * 2  5  6  3  9  0  0 
3 9 0.101210 0.021544 * 3  9 
4 9 0.317116 0.000721 * 4  6  3  9 
4 9 0.224666 0.005032 * 4  7  9  0 
5 9 0.539509 0.001161 * 5  1  4  6  3  9 
5 9 0.447058 0.005903 * 5  1  4  7  9  0 
5 9 0.345922 0.002533 * 5  6  3  9  0  0 
6 9 0.215832 0.002760 * 6  3  9 
7 9 0.102424 0.039501 * 7  9 
8 9 0.784185 0.002666 * 8  2  5  1  4  6  3  9 
8 9 0.691735 0.002666 * 8  2  5  1  4  7  9  0 
8 9 0.590598 0.002666 * 8  2  5  6  3  9  0  0 
8 9 0.668130 0.000797 * 8  11   1   4   6   3   9   0 
8 9 0.575680 0.000797 * 8  11   1   4   7   9   0   0 
10 9 0.207775 0.003891 * 10   3   9 
10 9 0.101746 0.012580 * 10   9   0 
11 9 0.549907 0.003907 * 11   1   4   6   3   9 
11 9 0.457457 0.006563 * 11   1   4   7   9   0 
1 10 0.532053 0.010204 * 1   4   6   3   9  10 
1 10 0.436918 0.010204 * 1   4   6   3  10   0 
1 10 0.439603 0.012292 * 1   4   7   9  10   0 
1 10 0.557001 0.023554 * 1   5   6   3   9  10 
1 10 0.461866 0.023554 * 1   5   6   3  10   0 
2 10 0.587156 0.080897 * 2   5   6   3   9  10 
2 10 0.492020 0.328412 * 2   5   6   3  10   0 
3 10 0.202886 0.004931 * 3   9  10 
3 10 0.107750 0.023624 * 3  10   0 
4 10 0.418792 0.003600 * 4   6   3   9  10 
4 10 0.323656 0.003600 * 4   6   3  10   0 
4 10 0.326341 0.004336 * 4   7   9  10   0 
5 10 0.447597 0.004889 * 5   6   3   9  10 
5 10 0.352461 0.023423 * 5   6   3  10   0 
6 10 0.317508 0.003504 * 6   3   9  10 
6 10 0.222372 0.016788 * 6   3  10   0 
7 10 0.204099 0.138662 * 7   9  10 
8 10 0.692274 0.022537 * 8   2   5   6   3   9  10   0 
8 10 0.597138 0.022537 * 8   2   5   6   3  10   0   0 
8 10 0.769805 0.012499 * 8  11   1   4   6   3   9  10 
8 10 0.674669 0.012499 * 8  11   1   4   6   3  10   0 
8 10 0.677355 0.013722 * 8  11   1   4   7   9  10   0 
8 10 0.794753 0.013722 * 8  11   1   5   6   3   9  10 
8 10 0.699617 0.013722 * 8  11   1   5   6   3  10   0 
9 10 0.101675 0.015593 * 9  10 
11 10 0.651583 0.005305 * 11   1   4   6   3   9  10 
11 10 0.556447 0.005305 * 11   1   4   6   3  10   0 
11 10 0.559132 0.006390 * 11   1   4   7   9  10   0 
11 10 0.676530 0.011303 * 11   1   5   6   3   9  10 
11 10 0.581395 0.011303 * 11   1   5   6   3  10   0 
1 11 0.134471 0.589539 * 1  11 
2 11 0.234019 0.363201 * 2   8  11 
3 11 0.487053 0.091690 * 3   6   4   1  11   0 
3 11 0.466293 0.079079 * 3   6   5   1  11   0 
3 11 0.569348 0.019866 * 3   6   5   2   8  11 
4 11 0.256447 0.107569 * 4   1  11 
5 11 0.243601 0.312100 * 5   1  11   0 
5 11 0.346656 0.032600 * 5   2   8  11 
6 11 0.374701 0.036672 * 6   4   1  11   0 
6 11 0.353941 0.031628 * 6   5   1  11   0 
6 11 0.456996 0.007945 * 6   5   2   8  11 
7 11 0.374755 0.295759 * 7   4   1  11 
8 11 0.118223 0.684448 * 8  11 
9 11 0.588901 0.010152 * 9   3   6   4   1  11   0 
9 11 0.568142 0.010152 * 9   3   6   5   1  11   0 
9 11 0.671197 0.008726 * 9   3   6   5   2   8  11 
9 11 0.478991 0.006073 * 9   7   4   1  11   0   0 
10 11 0.593618 0.044220 * 10   3   6   4   1  11   0   0 
10 11 0.572858 0.044220 * 10   3   6   5   1  11   0   0 
10 11 0.675913 0.018993 * 10   3   6   5   2   8  11   0 
10 11 0.690647 0.022096 * 10   9   3   6   4   1  11   0 
10 11 0.669887 0.022096 * 10   9   3   6   5   1  11   0 
10 11 0.772942 0.018993 * 10   9   3   6   5   2   8  11 
10 11 0.580737 0.013219 * 10   9   7   4   1  11   0   0 
