2 1 0.250389 0.065926 * 2  5  1  0 
2 1 0.354739 0.007482 * 2   8  11   1 
3 1 0.354532 0.013413 * 3  6  4  1 
3 1 0.332389 0.009479 * 3  6  5  1 
4 1 0.122498 0.080871 * 4  1 
5 1 0.108461 0.096484 * 5  1 
6 1 0.241597 0.010319 * 6  4  1 
6 1 0.219453 0.007292 * 6  5  1 
7 1 0.240640 0.091611 * 7  4  1 
8 1 0.237979 0.066524 * 8  11   1 
9 1 0.457179 0.006245 * 9  3  6  4  1 
9 1 0.435035 0.006245 * 9  3  6  5  1 
9 1 0.344592 0.004490 * 9  7  4  1  0 
10 1 0.461157 0.017231 * 10   3   6   4   1   0 
10 1 0.439014 0.017231 * 10   3   6   5   1   0 
10 1 0.559613 0.010647 * 10   9   3   6   4   1 
10 1 0.537469 0.010647 * 10   9   3   6   5   1 
10 1 0.447026 0.007654 * 10   9   7   4   1   0 
11 1 0.119320 0.396310 * 11   1 
1 2 0.223301 0.036045 * 1  5  2  0 
1 2 0.353142 0.036045 * 1  11   8   2 
3 2 0.337611 0.089720 * 3  6  5  2 
4 2 0.345799 0.007765 * 4  1  5  2  0 
4 2 0.475640 0.007765 * 4   1  11   8   2 
4 2 0.325898 0.002699 * 4  6  5  2  0 
5 2 0.113684 0.180374 * 5  2 
6 2 0.224675 0.056969 * 6  5  2 
7 2 0.463941 0.037272 * 7  4  1  5  2  0 
7 2 0.593782 0.037272 * 7   4   1  11   8   2 
7 2 0.444039 0.012956 * 7  4  6  5  2  0 
7 2 0.542794 0.006380 * 7  9  3  6  5  2 
8 2 0.105407 0.025659 * 8  2 
9 2 0.440257 0.013100 * 9  3  6  5  2 
10 2 0.444236 0.033302 * 10   3   6   5   2   0 
10 2 0.542692 0.012138 * 10   9   3   6   5   2 
11 2 0.217911 0.080055 * 11   8   2 
1 3 0.330867 0.013029 * 1  4  6  3  0 
1 3 0.442524 0.007972 * 1  4  7  9  3 
1 3 0.358797 0.021506 * 1  5  6  3  0 
2 3 0.391107 0.230720 * 2  5  6  3 
4 3 0.217480 0.020899 * 4  6  3  0 
4 3 0.329137 0.012596 * 4  7  9  3 
5 3 0.249179 0.033208 * 5  6  3 
6 3 0.116257 0.102076 * 6  3 
7 3 0.205182 0.059907 * 7  9  3 
8 3 0.496515 0.031634 * 8  2  5  6  3  0  0 
8 3 0.568846 0.015358 * 8  11   1   4   6   3   0 
8 3 0.680503 0.015358 * 8  11   1   4   7   9   3 
8 3 0.596775 0.015358 * 8  11   1   5   6   3   0 
9 3 0.102646 0.099223 * 9  3 
10 3 0.205080 0.021770 * 10   9   3 
10 3 0.106625 0.059727 * 10   3   0 
11 3 0.450187 0.022585 * 11   1   4   6   3   0 
11 3 0.561844 0.013819 * 11   1   4   7   9   3 
11 3 0.478117 0.037280 * 11   1   5   6   3   0 
1 4 0.113387 0.020550 * 1  4 
2 4 0.363776 0.032429 * 2  5  1  4  0 
2 4 0.393948 0.078587 * 2  5  6  4  0 
2 4 0.468126 0.002501 * 2   8  11   1   4 
3 4 0.232034 0.019412 * 3  6  4  0 
3 4 0.323916 0.002053 * 3  9  7  4 
5 4 0.221848 0.014548 * 5  1  4 
5 4 0.252020 0.037331 * 5  6  4 
6 4 0.119098 0.008214 * 6  4 
7 4 0.118142 0.424990 * 7  4 
8 4 0.351366 0.061155 * 8  11   1   4 
9 4 0.222093 0.010894 * 9  7  4 
10 4 0.338659 0.014292 * 10   3   6   4   0 
10 4 0.430541 0.003142 * 10   3   9   7   4 
10 4 0.324528 0.005780 * 10   9   7   4   0 
11 4 0.232707 0.027718 * 11   1   4 
1 5 0.109617 0.084539 * 1  5 
2 5 0.141928 0.601662 * 2  5 
3 5 0.223928 0.074380 * 3  6  5 
4 5 0.232116 0.024929 * 4  1  5 
4 5 0.212214 0.017088 * 4  6  5 
6 5 0.110992 0.052535 * 6  5 
7 5 0.350257 0.045736 * 7  4  1  5  0 
7 5 0.330356 0.031350 * 7  4  6  5  0 
7 5 0.429110 0.011900 * 7  9  3  6  5 
8 5 0.247335 0.098610 * 8  2  5  0 
8 5 0.347596 0.029813 * 8  11   1   5 
9 5 0.326574 0.045682 * 9  3  6  5 
10 5 0.330553 0.064205 * 10   3   6   5   0 
10 5 0.429008 0.023402 * 10   9   3   6   5 
11 5 0.228937 0.238628 * 11   1   5 
1 6 0.214610 0.007592 * 1  4  6 
1 6 0.242539 0.020085 * 1  5  6 
2 6 0.274850 0.212364 * 2  5  6 
3 6 0.112936 0.038740 * 3  6 
4 6 0.101223 0.019335 * 4  6 
5 6 0.132922 0.075253 * 5  6 
7 6 0.219364 0.019091 * 7  4  6  0 
7 6 0.318118 0.011506 * 7  9  3  6 
8 6 0.380257 0.034490 * 8  2  5  6  0 
8 6 0.452589 0.014369 * 8  11   1   4   6 
8 6 0.480518 0.014369 * 8  11   1   5   6 
9 6 0.215582 0.004243 * 9  3  6 
10 6 0.219561 0.022304 * 10   3   6   0 
10 6 0.318016 0.008130 * 10   9   3   6 
11 6 0.333930 0.014858 * 11   1   4   6 
11 6 0.361860 0.039226 * 11   1   5   6 
1 7 0.237342 0.067249 * 1  4  7 
2 7 0.487731 0.202970 * 2  5  1  4  7  0 
2 7 0.596882 0.060203 * 2  5  6  3  9  7 
2 7 0.517903 0.569337 * 2  5  6  4  7  0 
2 7 0.592081 0.018118 * 2   8  11   1   4   7 
3 7 0.205774 0.044184 * 3  9  7 
4 7 0.123954 0.052673 * 4  7 
5 7 0.345803 0.054676 * 5  1  4  7  0 
5 7 0.454953 0.016217 * 5  6  3  9  7 
5 7 0.375975 0.153367 * 5  6  4  7  0 
6 7 0.322031 0.006917 * 6  3  9  7 
6 7 0.243053 0.065418 * 6  4  7  0 
8 7 0.475320 0.310969 * 8  11   1   4   7 
9 7 0.103952 0.059044 * 9  7 
10 7 0.312399 0.038655 * 10   3   9   7 
10 7 0.206386 0.163470 * 10   9   7   0 
11 7 0.356662 0.323623 * 11   1   4   7 
1 8 0.340061 0.031334 * 1  5  2  8 
1 8 0.247735 0.118117 * 1  11   8   0 
2 8 0.116760 0.401392 * 2  8 
3 8 0.454371 0.103304 * 3  6  5  2  8 
4 8 0.462559 0.030918 * 4  1  5  2  8 
4 8 0.370233 0.116547 * 4   1  11   8   0 
4 8 0.442658 0.016865 * 4  6  5  2  8 
5 8 0.230444 0.258801 * 5  2  8 
6 8 0.341435 0.100724 * 6  5  2  8 
7 8 0.580701 0.079742 * 7  4  1  5  2  8 
7 8 0.488375 0.260776 * 7   4   1  11   8   0 
7 8 0.560800 0.043499 * 7  4  6  5  2  8 
9 8 0.557017 0.001860 * 9  3  6  5  2  8  0 
9 8 0.684653 0.012447 * 9  7  4  1  5  2  8 
9 8 0.592326 0.012447 * 9   7   4   1  11   8   0 
9 8 0.664751 0.008844 * 9  7  4  6  5  2  8 
10 8 0.560996 0.014324 * 10   3   6   5   2   8   0   0 
10 8 0.659452 0.007083 * 10   9   3   6   5   2   8   0 
10 8 0.787087 0.040163 * 10   9   7   4   1   5   2   8 
10 8 0.694761 0.040163 * 10   9   7   4   1  11   8   0 
10 8 0.767186 0.033681 * 10   9   7   4   6   5   2   8 
11 8 0.112503 0.333462 * 11   8 
1 9 0.432689 0.000422 * 1  4  6  3  9 
1 9 0.339878 0.002952 * 1  4  7  9  0 
2 9 0.683079 0.004590 * 2  5  1  4  6  3  9 
2 9 0.590267 0.021565 * 2  5  1  4  7  9  0 
2 9 0.492930 0.012235 * 2  5  6  3  9  0  0 
3 9 0.101823 0.044832 * 3  9 
4 9 0.319302 0.000801 * 4  6  3  9 
4 9 0.226491 0.005601 * 4  7  9  0 
5 9 0.541151 0.003913 * 5  1  4  6  3  9 
5 9 0.448339 0.022268 * 5  1  4  7  9  0 
5 9 0.351002 0.010429 * 5  6  3  9  0  0 
6 9 0.218080 0.004117 * 6  3  9 
7 9 0.102536 0.035139 * 7  9 
8 9 0.788486 0.003108 * 8  2  5  1  4  6  3  9 
8 9 0.695674 0.003108 * 8  2  5  1  4  7  9  0 
8 9 0.598337 0.003108 * 8  2  5  6  3  9  0  0 
8 9 0.670668 0.000906 * 8  11   1   4   6   3   9   0 
8 9 0.577857 0.000906 * 8  11   1   4   7   9   0   0 
10 9 0.208448 0.002469 * 10   3   9 
10 9 0.102434 0.010442 * 10   9   0 
11 9 0.552010 0.004623 * 11   1   4   6   3   9 
11 9 0.459198 0.006127 * 11   1   4   7   9   0 
1 10 0.534189 0.006442 * 1   4   6   3   9  10 
1 10 0.438949 0.006442 * 1   4   6   3  10   0 
1 10 0.441377 0.007776 * 1   4   7   9  10   0 
1 10 0.562119 0.014821 * 1   5   6   3   9  10 
1 10 0.466879 0.014821 * 1   5   6   3  10   0 
2 10 0.594429 0.083320 * 2   5   6   3   9  10 
2 10 0.499190 0.345654 * 2   5   6   3  10   0 
3 10 0.203322 0.005454 * 3   9  10 
3 10 0.108082 0.026143 * 3  10   0 
4 10 0.420802 0.003170 * 4   6   3   9  10 
4 10 0.325562 0.003170 * 4   6   3  10   0 
4 10 0.327990 0.003826 * 4   7   9  10   0 
5 10 0.452501 0.004986 * 5   6   3   9  10 
5 10 0.357262 0.023898 * 5   6   3  10   0 
6 10 0.319579 0.004424 * 6   3   9  10 
6 10 0.224340 0.021206 * 6   3  10   0 
7 10 0.204036 0.121763 * 7   9  10 
8 10 0.699837 0.028460 * 8   2   5   6   3   9  10   0 
8 10 0.604597 0.028460 * 8   2   5   6   3  10   0   0 
8 10 0.772168 0.012234 * 8  11   1   4   6   3   9  10 
8 10 0.676928 0.012234 * 8  11   1   4   6   3  10   0 
8 10 0.679356 0.014767 * 8  11   1   4   7   9  10   0 
8 10 0.800097 0.015783 * 8  11   1   5   6   3   9  10 
8 10 0.704858 0.015783 * 8  11   1   5   6   3  10   0 
9 10 0.101500 0.016262 * 9  10 
11 10 0.653509 0.006809 * 11   1   4   6   3   9  10 
11 10 0.558270 0.006809 * 11   1   4   6   3  10   0 
11 10 0.560698 0.008219 * 11   1   4   7   9  10   0 
11 10 0.681439 0.015664 * 11   1   5   6   3   9  10 
11 10 0.586199 0.015664 * 11   1   5   6   3  10   0 
1 11 0.135231 0.720277 * 1  11 
2 11 0.235419 0.400182 * 2   8  11 
3 11 0.489764 0.079334 * 3   6   4   1  11   0 
3 11 0.467620 0.062427 * 3   6   5   1  11   0 
3 11 0.573030 0.014784 * 3   6   5   2   8  11 
4 11 0.257730 0.116419 * 4   1  11 
5 11 0.243693 0.227125 * 5   1  11   0 
5 11 0.349102 0.025777 * 5   2   8  11 
6 11 0.376828 0.057530 * 6   4   1  11   0 
6 11 0.354684 0.045269 * 6   5   1  11   0 
6 11 0.460094 0.010721 * 6   5   2   8  11 
7 11 0.375871 0.346611 * 7   4   1  11 
8 11 0.118659 0.731083 * 8  11 
9 11 0.592410 0.006886 * 9   3   6   4   1  11   0 
9 11 0.570266 0.006886 * 9   3   6   5   1  11   0 
9 11 0.675676 0.005739 * 9   3   6   5   2   8  11 
9 11 0.479823 0.004728 * 9   7   4   1  11   0   0 
10 11 0.596389 0.042540 * 10   3   6   4   1  11   0   0 
10 11 0.574245 0.042540 * 10   3   6   5   1  11   0   0 
10 11 0.679655 0.017574 * 10   3   6   5   2   8  11   0 
10 11 0.694844 0.021087 * 10   9   3   6   4   1  11   0 
10 11 0.672701 0.021087 * 10   9   3   6   5   1  11   0 
10 11 0.778110 0.017574 * 10   9   3   6   5   2   8  11 
10 11 0.582257 0.014478 * 10   9   7   4   1  11   0   0 
