2  5  1 
0.072488
3  6  4  1 
0.011175
3  6  5  1 
0.011175
4  1 
0.017086
5  1 
0.088322
6  4  1 
0.007602
6  5  1 
0.007602
7  4  1 
0.118622
8  11   1 
0.078310
9  7  4  1 
0.017113
10   3   6   4   1 
0.014571
10   3   6   5   1 
0.014571
10   9   7   4   1 
0.014571
11   1 
0.429196
1  5  2 
0.046314
3  6  5  2 
0.055357
4  1  5  2 
0.081393
4  6  5  2 
0.081393
5  2 
0.120545
6  5  2 
0.049998
7  4  1  5  2 
0.059813
7  4  6  5  2 
0.059813
8  2 
0.041037
9  3  6  5  2 
0.009934
10   3   6   5   2 
0.048827
11   8   2 
0.048412
1  4  6  3 
0.017199
1  5  6  3 
0.017199
2  5  6  3 
0.293511
4  6  3 
0.031158
5  6  3 
0.054084
6  3 
0.015585
7  9  3 
0.019454
8  2  5  6  3 
0.042515
9  3 
0.063918
10   3 
0.044272
11   1   4   6   3 
0.019079
11   1   5   6   3 
0.019079
1  4 
0.035778
2  5  1  4 
0.086496
2  5  6  4 
0.086496
3  6  4 
0.014141
5  1  4 
0.024789
5  6  4 
0.024789
6  4 
0.010211
7  4 
0.060437
8  11   1   4 
0.029572
9  7  4 
0.005080
10   3   6   4 
0.018239
10   9   7   4 
0.018239
11   1   4 
0.027574
1  5 
0.060499
2  5 
0.606821
3  6  5 
0.038060
4  1  5 
0.014593
4  6  5 
0.014593
6  5 
0.086391
7  4  1  5 
0.041451
7  4  6  5 
0.041451
8  2  5 
0.123595
9  3  6  5 
0.035992
10   3   6   5 
0.049431
11   1   5 
0.147871
1  4  6 
0.038871
1  5  6 
0.038871
2  5  6 
0.168999
3  6 
0.017456
4  6 
0.015779
5  6 
0.054326
7  4  6 
0.031300
8  2  5  6 
0.054794
9  3  6 
0.004295
10   3   6 
0.021451
11   1   4   6 
0.025972
11   1   5   6 
0.025972
1  4  7 
0.203470
2  5  1  4  7 
0.396036
2  5  6  4  7 
0.396036
3  9  7 
0.025655
4  7 
0.031386
5  1  4  7 
0.092963
5  6  4  7 
0.092963
6  4  7 
0.050019
8  11   1   4   7 
0.286419
9  7 
0.052529
10   9   7 
0.116648
11   1   4   7 
0.313258
1  11   8 
0.200813
2  8 
0.346824
3  6  5  2  8 
0.068214
4   1  11   8 
0.202754
5  2  8 
0.224072
6  5  2  8 
0.101005
7   4   1  11   8 
0.330710
9  3  6  5  2  8 
0.020292
9   7   4   1  11   8 
0.020292
10   3   6   5   2   8 
0.141287
11   8 
0.280829
1  4  7  9 
0.004474
2  5  6  3  9 
0.048152
3  9 
0.017279
4  7  9 
0.005082
5  6  3  9 
0.014205
6  3  9 
0.001995
7  9 
0.036373
8  2  5  6  3  9 
0.033087
8  11   1   4   7   9 
0.033087
10   9 
0.014844
11   1   4   7   9 
0.006692
1   4   6   3  10 
0.022834
1   4   7   9  10 
0.022834
1   5   6   3  10 
0.040116
2   5   6   3  10 
0.409323
3  10 
0.015327
4   6   3  10 
0.004438
4   7   9  10 
0.004438
5   6   3  10 
0.020122
6   3  10 
0.016338
7   9  10 
0.115547
8   2   5   6   3  10 
0.101988
9  10 
0.011437
11   1   4   6   3  10 
0.013425
11   1   4   7   9  10 
0.013425
11   1   5   6   3  10 
0.015621
1  11 
0.691327
2   8  11 
0.253992
3   6   4   1  11 
0.105105
3   6   5   1  11 
0.105105
4   1  11 
0.119617
5   1  11 
0.330562
6   4   1  11 
0.025854
6   5   1  11 
0.025854
7   4   1  11 
0.332868
8  11 
0.594717
9   7   4   1  11 
0.027880
10   3   6   4   1  11 
0.059568
10   3   6   5   1  11 
0.059568
10   9   7   4   1  11 
0.059568
