2  5  1  0 
0.094179
2   8  11   1 
0.010220
3  6  4  1 
0.017155
3  6  5  1 
0.012145
4  1 
0.177834
5  1 
0.137618
6  4  1 
0.022001
6  5  1 
0.015575
7  4  1 
0.107897
8  11   1 
0.075819
9  3  6  4  1 
0.009111
9  3  6  5  1 
0.009111
9  7  4  1  0 
0.008115
10   3   6   4   1   0 
0.016523
10   3   6   5   1   0 
0.016523
10   9   3   6   4   1 
0.010117
10   9   3   6   5   1 
0.010117
10   9   7   4   1   0 
0.009990
11   1 
0.369770
1  5  2  0 
0.051260
1  11   8   2 
0.051260
3  6  5  2 
0.090239
4  1  5  2  0 
0.017253
4   1  11   8   2 
0.017253
4  6  5  2  0 
0.005572
5  2 
0.165320
6  5  2 
0.050535
7  4  1  5  2  0 
0.051890
7   4   1  11   8   2 
0.051890
7  4  6  5  2  0 
0.016759
7  9  3  6  5  2 
0.006630
8  2 
0.057646
9  3  6  5  2 
0.028526
10   3   6   5   2   0 
0.024015
10   9   3   6   5   2 
0.007777
11   8   2 
0.093838
1  4  6  3  0 
0.008708
1  4  7  9  3 
0.005600
1  5  6  3  0 
0.015334
2  5  6  3 
0.216887
4  6  3  0 
0.025819
4  7  9  3 
0.013834
5  6  3 
0.040108
6  3 
0.074226
7  9  3 
0.118539
8  2  5  6  3  0  0 
0.021112
8  11   1   4   6   3   0 
0.011022
8  11   1   4   7   9   3 
0.011022
8  11   1   5   6   3   0 
0.011022
9  3 
0.064415
10   9   3 
0.034114
10   3   0 
0.105335
11   1   4   6   3   0 
0.023964
11   1   4   7   9   3 
0.015412
11   1   5   6   3   0 
0.042199
1  4 
0.025708
2  5  1  4  0 
0.037268
2  5  6  4  0 
0.084022
2   8  11   1   4 
0.002755
3  6  4  0 
0.019642
3  9  7  4 
0.002557
5  1  4 
0.016977
5  6  4 
0.039200
6  4 
0.026533
7  4 
0.042582
8  11   1   4 
0.023712
9  7  4 
0.014526
10   3   6   4   0 
0.014643
10   3   9   7   4 
0.003848
10   9   7   4   0 
0.006383
11   1   4 
0.039847
1  5 
0.130767
2  5 
0.540884
3  6  5 
0.050260
4  1  5 
0.027239
4  6  5 
0.016464
6  5 
0.095992
7  4  1  5  0 
0.075019
7  4  6  5  0 
0.045343
7  9  3  6  5 
0.017596
8  2  5  0 
0.143815
8  11   1   5 
0.047887
9  3  6  5 
0.051867
10   3   6   5   0 
0.049894
10   9   3   6   5 
0.016159
11   1   5 
0.205953
1  4  6 
0.016570
1  5  6 
0.044812
2  5  6 
0.209846
3  6 
0.056829
4  6 
0.032424
5  6 
0.063969
7  4  6  0 
0.028056
7  9  3  6 
0.015033
8  2  5  6  0 
0.024932
8  11   1   4   6 
0.011372
8  11   1   5   6 
0.011372
9  3  6 
0.017109
10   3   6   0 
0.012932
10   9   3   6 
0.004188
11   1   4   6 
0.021734
11   1   5   6 
0.046270
1  4  7 
0.127650
2  5  1  4  7  0 
0.150653
2  5  6  3  9  7 
0.050786
2  5  6  4  7  0 
0.390072
2   8  11   1   4   7 
0.012118
3  9  7 
0.082998
4  7 
0.060330
5  1  4  7  0 
0.052099
5  6  3  9  7 
0.017563
5  6  4  7  0 
0.134895
6  3  9  7 
0.007988
6  4  7  0 
0.061353
8  11   1   4   7 
0.301074
9  7 
0.014999
10   3   9   7 
0.037233
10   9   7   0 
0.140882
11   1   4   7 
0.322830
1  5  2  8 
0.045190
1  11   8   0 
0.195874
2  8 
0.422965
3  6  5  2  8 
0.099087
4  1  5  2  8 
0.041156
4   1  11   8   0 
0.161302
4  6  5  2  8 
0.018277
5  2  8 
0.375819
6  5  2  8 
0.142661
7  4  1  5  2  8 
0.087629
7   4   1  11   8   0 
0.268802
7  4  6  5  2  8 
0.038914
9  3  6  5  2  8  0 
0.001845
9  7  4  1  5  2  8 
0.016666
9   7   4   1  11   8   0 
0.016666
9  7  4  6  5  2  8 
0.009912
10   3   6   5   2   8   0   0 
0.011943
10   9   3   6   5   2   8   0 
0.005681
10   9   7   4   1   5   2   8 
0.038810
10   9   7   4   1  11   8   0 
0.038810
10   9   7   4   6   5   2   8 
0.030526
11   8 
0.398783
1  4  6  3  9 
0.000684
1  4  7  9  0 
0.004281
2  5  1  4  6  3  9 
0.003693
2  5  1  4  7  9  0 
0.015433
2  5  6  3  9  0  0 
0.008153
3  9 
0.045839
4  6  3  9 
0.001096
4  7  9  0 
0.006864
5  1  4  6  3  9 
0.003094
5  1  4  7  9  0 
0.012981
5  6  3  9  0  0 
0.006830
6  3  9 
0.004974
7  9 
0.012850
8  2  5  1  4  6  3  9 
0.004119
8  2  5  1  4  7  9  0 
0.006301
8  2  5  6  3  9  0  0 
0.006301
8  11   1   4   6   3   9   0 
0.001942
8  11   1   4   7   9   0   0 
0.001942
10   3   9 
0.004810
10   9   0 
0.018201
11   1   4   6   3   9 
0.004904
11   1   4   7   9   0 
0.008874
1   4   6   3   9  10 
0.011407
1   4   6   3  10   0 
0.011407
1   4   7   9  10   0 
0.014928
1   5   6   3   9  10 
0.024926
1   5   6   3  10   0 
0.024926
2   5   6   3   9  10 
0.066333
2   5   6   3  10   0 
0.166920
3   9  10 
0.005864
3  10   0 
0.022189
4   6   3   9  10 
0.005976
4   6   3  10   0 
0.005976
4   7   9  10   0 
0.007820
5   6   3   9  10 
0.013265
5   6   3  10   0 
0.050191
6   3   9  10 
0.006480
6   3  10   0 
0.024521
7   9  10 
0.138707
8   2   5   6   3   9  10   0 
0.019189
8   2   5   6   3  10   0   0 
0.019189
8  11   1   4   6   3   9  10 
0.011844
8  11   1   4   6   3  10   0 
0.011844
8  11   1   4   7   9  10   0 
0.011844
8  11   1   5   6   3   9  10 
0.011844
8  11   1   5   6   3  10   0 
0.011844
9  10 
0.041159
11   1   4   6   3   9  10 
0.007457
11   1   4   6   3  10   0 
0.007457
11   1   4   7   9  10   0 
0.009759
11   1   5   6   3   9  10 
0.015557
11   1   5   6   3  10   0 
0.015557
1  11 
0.582817
2   8  11 
0.479586
3   6   4   1  11   0 
0.111810
3   6   5   1  11   0 
0.087743
3   6   5   2   8  11 
0.019370
4   1  11 
0.095061
5   1  11   0 
0.251624
5   2   8  11 
0.027305
6   4   1  11   0 
0.044230
6   5   1  11   0 
0.034709
6   5   2   8  11 
0.007662
7   4   1  11 
0.503550
8  11 
0.873477
9   3   6   4   1  11   0 
0.006849
9   3   6   5   1  11   0 
0.006849
9   3   6   5   2   8  11 
0.005678
9   7   4   1  11   0   0 
0.005838
10   3   6   4   1  11   0   0 
0.057765
10   3   6   5   1  11   0   0 
0.057765
10   3   6   5   2   8  11   0 
0.020141
10   9   3   6   4   1  11   0 
0.024296
10   9   3   6   5   1  11   0 
0.024296
10   9   3   6   5   2   8  11 
0.020141
10   9   7   4   1  11   0   0 
0.020708
