2  5  1  0 
0.061347
2   8  11   1 
0.007924
3  6  4  1 
0.012550
3  6  5  1 
0.009690
4  1 
0.020509
5  1 
0.095567
6  4  1 
0.011567
6  5  1 
0.008930
7  4  1 
0.099243
8  11   1 
0.075227
9  3  6  4  1 
0.005657
9  3  6  5  1 
0.005657
9  7  4  1  0 
0.007042
10   3   6   4   1   0 
0.012861
10   3   6   5   1   0 
0.012861
10   9   3   6   4   1 
0.009567
10   9   3   6   5   1 
0.009567
10   9   7   4   1   0 
0.011910
11   1 
0.417698
1  5  2  0 
0.033908
1  11   8   2 
0.033908
3  6  5  2 
0.096052
4  1  5  2  0 
0.021174
4   1  11   8   2 
0.021174
4  6  5  2  0 
0.008076
5  2 
0.173979
6  5  2 
0.051866
7  4  1  5  2  0 
0.031318
7   4   1  11   8   2 
0.031318
7  4  6  5  2  0 
0.013531
7  9  3  6  5  2 
0.005319
8  2 
0.025389
9  3  6  5  2 
0.008579
10   3   6   5   2   0 
0.026993
10   9   3   6   5   2 
0.012236
11   8   2 
0.079397
1  4  6  3  0 
0.010815
1  4  7  9  3 
0.007329
1  5  6  3  0 
0.018984
2  5  6  3 
0.249709
4  6  3  0 
0.015864
4  7  9  3 
0.010751
5  6  3 
0.031911
6  3 
0.096428
7  9  3 
0.040223
8  2  5  6  3  0  0 
0.027382
8  11   1   4   6   3   0 
0.014625
8  11   1   4   7   9   3 
0.014625
8  11   1   5   6   3   0 
0.014625
9  3 
0.072847
10   9   3 
0.045246
10   3   0 
0.099811
11   1   4   6   3   0 
0.019746
11   1   4   7   9   3 
0.013382
11   1   5   6   3   0 
0.034660
1  4 
0.026170
2  5  1  4  0 
0.033384
2  5  6  4  0 
0.077910
2   8  11   1   4 
0.003117
3  6  4  0 
0.015197
3  9  7  4 
0.002497
5  1  4 
0.012664
5  6  4 
0.029553
6  4 
0.009763
7  4 
0.088915
8  11   1   4 
0.029784
9  7  4 
0.010962
10   3   6   4   0 
0.010097
10   3   9   7   4 
0.003526
10   9   7   4   0 
0.008672
11   1   4 
0.026037
1  5 
0.083757
2  5 
0.520713
3  6  5 
0.056231
4  1  5 
0.030231
4  6  5 
0.020222
6  5 
0.047657
7  4  1  5  0 
0.047778
7  4  6  5  0 
0.032346
7  9  3  6  5 
0.012978
8  2  5  0 
0.092673
8  11   1   5 
0.030501
9  3  6  5 
0.035801
10   3   6   5   0 
0.055818
10   9   3   6   5 
0.025303
11   1   5 
0.215594
1  4  6 
0.008805
1  5  6 
0.023717
2  5  6 
0.196229
3  6 
0.028338
4  6 
0.017034
5  6 
0.072494
7  4  6  0 
0.021830
7  9  3  6 
0.014794
8  2  5  6  0 
0.029467
8  11   1   4   6 
0.013299
8  11   1   5   6 
0.013299
9  3  6 
0.004348
10   3   6   0 
0.016119
10   9   3   6 
0.007307
11   1   4   6 
0.013358
11   1   5   6 
0.032613
1  4  7 
0.089345
2  5  1  4  7  0 
0.197574
2  5  6  3  9  7 
0.083448
2  5  6  4  7  0 
0.507955
2   8  11   1   4   7 
0.019681
3  9  7 
0.043423
4  7 
0.059223
5  1  4  7  0 
0.058054
5  6  3  9  7 
0.024520
5  6  4  7  0 
0.149254
6  3  9  7 
0.010624
6  4  7  0 
0.064670
8  11   1   4   7 
0.301988
9  7 
0.061683
10   3   9   7 
0.025105
10   9   7   0 
0.152816
11   1   4   7 
0.326666
1  5  2  8 
0.036457
1  11   8   0 
0.120325
2  8 
0.366520
3  6  5  2  8 
0.108003
4  1  5  2  8 
0.034148
4   1  11   8   0 
0.112705
4  6  5  2  8 
0.018079
5  2  8 
0.246007
6  5  2  8 
0.100022
7  4  1  5  2  8 
0.081613
7   4   1  11   8   0 
0.244001
7  4  6  5  2  8 
0.043208
9  3  6  5  2  8  0 
0.001847
9  7  4  1  5  2  8 
0.020249
9   7   4   1  11   8   0 
0.020249
9  7  4  6  5  2  8 
0.012181
10   3   6   5   2   8   0   0 
0.007924
10   9   3   6   5   2   8   0 
0.005320
10   9   7   4   1   5   2   8 
0.042971
10   9   7   4   1  11   8   0 
0.042971
10   9   7   4   6   5   2   8 
0.035084
11   8 
0.335377
1  4  6  3  9 
0.000324
1  4  7  9  0 
0.002946
2  5  1  4  6  3  9 
0.003809
2  5  1  4  7  9  0 
0.024250
2  5  6  3  9  0  0 
0.008377
3  9 
0.099767
4  6  3  9 
0.000534
4  7  9  0 
0.004857
5  1  4  6  3  9 
0.001328
5  1  4  7  9  0 
0.008454
5  6  3  9  0  0 
0.002920
6  3  9 
0.003675
7  9 
0.043748
8  2  5  1  4  6  3  9 
0.002600
8  2  5  1  4  7  9  0 
0.003329
8  2  5  6  3  9  0  0 
0.003329
8  11   1   4   6   3   9   0 
0.001055
8  11   1   4   7   9   0   0 
0.001055
10   3   9 
0.002149
10   9   0 
0.013082
11   1   4   6   3   9 
0.003995
11   1   4   7   9   0 
0.009781
1   4   6   3   9  10 
0.005604
1   4   6   3  10   0 
0.005604
1   4   7   9  10   0 
0.007196
1   5   6   3   9  10 
0.013242
1   5   6   3  10   0 
0.013242
2   5   6   3   9  10 
0.066292
2   5   6   3  10   0 
0.343197
3   9  10 
0.003596
3  10   0 
0.021891
4   6   3   9  10 
0.002714
4   6   3  10   0 
0.002714
4   7   9  10   0 
0.003485
5   6   3   9  10 
0.003679
5   6   3  10   0 
0.022396
6   3   9  10 
0.002441
6   3  10   0 
0.014858
7   9  10 
0.129399
8   2   5   6   3   9  10   0 
0.022472
8   2   5   6   3  10   0   0 
0.022472
8  11   1   4   6   3   9  10 
0.010697
8  11   1   4   6   3  10   0 
0.010697
8  11   1   4   7   9  10   0 
0.013668
8  11   1   5   6   3   9  10 
0.013668
8  11   1   5   6   3  10   0 
0.013668
9  10 
0.012348
11   1   4   6   3   9  10 
0.006648
11   1   4   6   3  10   0 
0.006648
11   1   4   7   9  10   0 
0.008536
11   1   5   6   3   9  10 
0.015706
11   1   5   6   3  10   0 
0.015706
1  11 
0.566081
2   8  11 
0.432695
3   6   4   1  11   0 
0.089668
3   6   5   1  11   0 
0.078170
3   6   5   2   8  11 
0.019212
4   1  11 
0.098518
5   1  11   0 
0.195362
5   2   8  11 
0.025234
6   4   1  11   0 
0.037198
6   5   1  11   0 
0.032428
6   5   2   8  11 
0.007970
7   4   1  11 
0.368180
8  11 
0.755091
9   3   6   4   1  11   0 
0.004698
9   3   6   5   1  11   0 
0.004698
9   3   6   5   2   8  11 
0.004254
9   7   4   1  11   0   0 
0.005537
10   3   6   4   1  11   0   0 
0.040237
10   3   6   5   1  11   0   0 
0.040237
10   3   6   5   2   8  11   0 
0.019871
10   9   3   6   4   1  11   0 
0.021948
10   9   3   6   5   1  11   0 
0.021948
10   9   3   6   5   2   8  11 
0.019871
10   9   7   4   1  11   0   0 
0.025867
