2  5  1  0 
0.088526
2   8  11   1 
0.009914
3  6  4  1 
0.011458
3  6  5  1 
0.009669
4  1 
0.008714
5  1 
0.110890
6  4  1 
0.030442
6  5  1 
0.023989
7  4  1 
0.090259
8  11   1 
0.077362
9  3  6  4  1 
0.002487
9  3  6  5  1 
0.002487
9  7  4  1  0 
0.001261
10   3   6   4   1   0 
0.011256
10   3   6   5   1   0 
0.011256
10   9   3   6   4   1 
0.006754
10   9   3   6   5   1 
0.006754
10   9   7   4   1   0 
0.003423
11   1 
0.463289
1  5  2  0 
0.046632
1  11   8   2 
0.046632
3  6  5  2 
0.037691
4  1  5  2  0 
0.020106
4   1  11   8   2 
0.020106
4  6  5  2  0 
0.006877
5  2 
0.092580
6  5  2 
0.074430
7  4  1  5  2  0 
0.031154
7   4   1  11   8   2 
0.031154
7  4  6  5  2  0 
0.013520
7  9  3  6  5  2 
0.007669
8  2 
0.030006
9  3  6  5  2 
0.006639
10   3   6   5   2   0 
0.022614
10   9   3   6   5   2 
0.009668
11   8   2 
0.079307
1  4  6  3  0 
0.010027
1  4  7  9  3 
0.009684
1  5  6  3  0 
0.018942
2  5  6  3 
0.259243
4  6  3  0 
0.014695
4  7  9  3 
0.014193
5  6  3 
0.028875
6  3 
0.083917
7  9  3 
0.061623
8  2  5  6  3  0  0 
0.019251
8  11   1   4   6   3   0 
0.011184
8  11   1   4   7   9   3 
0.011184
8  11   1   5   6   3   0 
0.011184
9  3 
0.061501
10   9   3 
0.024797
10   3   0 
0.058003
11   1   4   6   3   0 
0.023057
11   1   4   7   9   3 
0.022269
11   1   5   6   3   0 
0.043558
1  4 
0.044848
2  5  1  4  0 
0.034483
2  5  6  4  0 
0.083426
2   8  11   1   4 
0.002810
3  6  4  0 
0.006835
3  9  7  4 
0.000814
5  1  4 
0.012794
5  6  4 
0.030954
6  4 
0.018060
7  4 
0.961400
8  11   1   4 
0.030590
9  7  4 
0.007590
10   3   6   4   0 
0.006121
10   3   9   7   4 
0.001350
10   9   7   4   0 
0.002119
11   1   4 
0.067092
1  5 
0.089653
2  5 
0.678739
3  6  5 
0.040650
4  1  5 
0.026573
4  6  5 
0.018177
6  5 
0.047760
7  4  1  5  0 
0.040590
7  4  6  5  0 
0.028562
7  9  3  6  5 
0.015924
8  2  5  0 
0.112474
8  11   1   5 
0.038316
9  3  6  5 
0.012917
10   3   6   5   0 
0.017964
10   9   3   6   5 
0.007680
11   1   5 
0.276332
1  4  6 
0.009115
1  5  6 
0.025404
2  5  6 
0.217763
3  6 
0.020750
4  6 
0.014355
5  6 
0.068002
7  4  6  0 
0.008256
7  9  3  6 
0.007974
8  2  5  6  0 
0.022206
8  11   1   4   6 
0.010279
8  11   1   5   6 
0.010279
9  3  6 
0.003610
10   3   6   0 
0.017442
10   9   3   6 
0.007457
11   1   4   6 
0.023219
11   1   5   6 
0.064712
1  4  7 
0.083411
2  5  1  4  7  0 
0.194813
2  5  6  3  9  7 
0.058470
2  5  6  4  7  0 
0.491065
2   8  11   1   4   7 
0.016856
3  9  7 
0.023030
4  7 
0.043857
5  1  4  7  0 
0.056926
5  6  3  9  7 
0.017085
5  6  4  7  0 
0.143493
6  3  9  7 
0.003113
6  4  7  0 
0.026149
8  11   1   4   7 
0.291921
9  7 
0.018174
10   3   9   7 
0.025644
10   9   7   0 
0.083436
11   1   4   7 
0.276375
1  5  2  8 
0.054611
1  11   8   0 
0.198422
2  8 
0.330768
3  6  5  2  8 
0.091555
4  1  5  2  8 
0.037542
4   1  11   8   0 
0.113028
4  6  5  2  8 
0.016687
5  2  8 
0.400571
6  5  2  8 
0.085273
7  4  1  5  2  8 
0.067507
7   4   1  11   8   0 
0.160836
7  4  6  5  2  8 
0.030006
9  3  6  5  2  8  0 
0.002365
9  7  4  1  5  2  8 
0.012109
9   7   4   1  11   8   0 
0.012109
9  7  4  6  5  2  8 
0.007417
10   3   6   5   2   8   0   0 
0.016289
10   9   3   6   5   2   8   0 
0.009302
10   9   7   4   1   5   2   8 
0.042612
10   9   7   4   1  11   8   0 
0.042612
10   9   7   4   6   5   2   8 
0.029164
11   8 
0.435028
1  4  6  3  9 
0.001157
1  4  7  9  0 
0.008508
2  5  1  4  6  3  9 
0.003598
2  5  1  4  7  9  0 
0.018390
2  5  6  3  9  0  0 
0.007612
3  9 
0.020198
4  6  3  9 
0.000313
4  7  9  0 
0.002302
5  1  4  6  3  9 
0.002003
5  1  4  7  9  0 
0.010631
5  6  3  9  0  0 
0.004238
6  3  9 
0.001905
7  9 
0.026127
8  2  5  1  4  6  3  9 
0.002671
8  2  5  1  4  7  9  0 
0.002823
8  2  5  6  3  9  0  0 
0.002823
8  11   1   4   6   3   9   0 
0.000821
8  11   1   4   7   9   0   0 
0.000821
10   3   9 
0.002805
10   9   0 
0.009128
11   1   4   6   3   9 
0.003257
11   1   4   7   9   0 
0.004433
1   4   6   3   9  10 
0.011393
1   4   6   3  10   0 
0.011393
1   4   7   9  10   0 
0.013205
1   5   6   3   9  10 
0.029099
1   5   6   3  10   0 
0.029099
2   5   6   3   9  10 
0.090321
2   5   6   3  10   0 
0.398481
3   9  10 
0.002845
3  10   0 
0.015197
4   6   3   9  10 
0.002514
4   6   3  10   0 
0.002514
4   7   9  10   0 
0.002914
5   6   3   9  10 
0.007767
5   6   3  10   0 
0.041492
6   3   9  10 
0.003105
6   3  10   0 
0.016586
7   9  10 
0.086428
8   2   5   6   3   9  10   0 
0.021571
8   2   5   6   3  10   0   0 
0.021571
8  11   1   4   6   3   9  10 
0.013041
8  11   1   4   6   3  10   0 
0.013041
8  11   1   4   7   9  10   0 
0.013041
8  11   1   5   6   3   9  10 
0.013041
8  11   1   5   6   3  10   0 
0.013041
9  10 
0.026969
11   1   4   6   3   9  10 
0.008116
11   1   4   6   3  10   0 
0.008116
11   1   4   7   9  10   0 
0.009406
11   1   5   6   3   9  10 
0.019417
11   1   5   6   3  10   0 
0.019417
1  11 
0.616033
2   8  11 
0.358805
3   6   4   1  11   0 
0.126807
3   6   5   1  11   0 
0.111118
3   6   5   2   8  11 
0.025450
4   1  11 
0.055458
5   1  11   0 
0.259290
5   2   8  11 
0.029038
6   4   1  11   0 
0.034263
6   5   1  11   0 
0.030024
6   5   2   8  11 
0.006877
7   4   1  11 
0.278183
8  11 
0.786582
9   3   6   4   1  11   0 
0.006450
9   3   6   5   1  11   0 
0.006450
9   3   6   5   2   8  11 
0.006041
9   7   4   1  11   0   0 
0.003115
10   3   6   4   1  11   0   0 
0.034018
10   3   6   5   1  11   0   0 
0.034018
10   3   6   5   2   8  11   0 
0.018626
10   9   3   6   4   1  11   0 
0.019888
10   9   3   6   5   1  11   0 
0.019888
10   9   3   6   5   2   8  11 
0.018626
10   9   7   4   1  11   0   0 
0.009605
