2  5  1 
0.069271
3  6  4  1 
0.011120
3  6  5  1 
0.011120
4  1 
0.020509
5  1 
0.095567
6  4  1 
0.010248
6  5  1 
0.010248
7  4  1 
0.099243
8  11   1 
0.075227
9  7  4  1 
0.018355
10   3   6   4   1 
0.018922
10   3   6   5   1 
0.018922
10   9   7   4   1 
0.018922
11   1 
0.417698
1  5  2 
0.067816
3  6  5  2 
0.096052
4  1  5  2 
0.025212
4  6  5  2 
0.025212
5  2 
0.173979
6  5  2 
0.051866
7  4  1  5  2 
0.040744
7  4  6  5  2 
0.040744
8  2 
0.025389
9  3  6  5  2 
0.008579
10   3   6   5   2 
0.039230
11   8   2 
0.079397
1  4  6  3 
0.018564
1  5  6  3 
0.018564
2  5  6  3 
0.249709
4  6  3 
0.026615
5  6  3 
0.031911
6  3 
0.096428
7  9  3 
0.040223
8  2  5  6  3 
0.071258
9  3 
0.072847
10   3 
0.145057
11   1   4   6   3 
0.033894
11   1   5   6   3 
0.033894
1  4 
0.026170
2  5  1  4 
0.057205
2  5  6  4 
0.057205
3  6  4 
0.017694
5  1  4 
0.021108
5  6  4 
0.021108
6  4 
0.009763
7  4 
0.088915
8  11   1   4 
0.029784
9  7  4 
0.010962
10   3   6   4 
0.011148
10   9   7   4 
0.011148
11   1   4 
0.026037
1  5 
0.083757
2  5 
0.520713
3  6  5 
0.056231
4  1  5 
0.025227
4  6  5 
0.025227
6  5 
0.047657
7  4  1  5 
0.046551
7  4  6  5 
0.046551
8  2  5 
0.123174
9  3  6  5 
0.035801
10   3   6   5 
0.081121
11   1   5 
0.215594
1  4  6 
0.016261
1  5  6 
0.016261
2  5  6 
0.196229
3  6 
0.028338
4  6 
0.017034
5  6 
0.072494
7  4  6 
0.036624
8  2  5  6 
0.056066
9  3  6 
0.004348
10   3   6 
0.023427
11   1   4   6 
0.022985
11   1   5   6 
0.022985
1  4  7 
0.089345
2  5  1  4  7 
0.404328
2  5  6  4  7 
0.404328
3  9  7 
0.043423
4  7 
0.059223
5  1  4  7 
0.115914
5  6  4  7 
0.115914
6  4  7 
0.075294
8  11   1   4   7 
0.301988
9  7 
0.061683
10   9   7 
0.177920
11   1   4   7 
0.326666
1  11   8 
0.156782
2  8 
0.366520
3  6  5  2  8 
0.108003
4   1  11   8 
0.164932
5  2  8 
0.246007
6  5  2  8 
0.100022
7   4   1  11   8 
0.368822
9  3  6  5  2  8 
0.027264
9   7   4   1  11   8 
0.027264
10   3   6   5   2   8 
0.134271
11   8 
0.335377
1  4  7  9 
0.003270
2  5  6  3  9 
0.036435
3  9 
0.099767
4  7  9 
0.005390
5  6  3  9 
0.012701
6  3  9 
0.003675
7  9 
0.043748
8  2  5  6  3  9 
0.005684
8  11   1   4   7   9 
0.005684
10   9 
0.015231
11   1   4   7   9 
0.013776
1   4   6   3  10 
0.012156
1   4   7   9  10 
0.012156
1   5   6   3  10 
0.020575
2   5   6   3  10 
0.409489
3  10 
0.025488
4   6   3  10 
0.004457
4   7   9  10 
0.004457
5   6   3  10 
0.026076
6   3  10 
0.017299
7   9  10 
0.129399
8   2   5   6   3  10 
0.107341
9  10 
0.012348
11   1   4   6   3  10 
0.014419
11   1   4   7   9  10 
0.014419
11   1   5   6   3  10 
0.024405
1  11 
0.566081
2   8  11 
0.432695
3   6   4   1  11 
0.093525
3   6   5   1  11 
0.093525
4   1  11 
0.098518
5   1  11 
0.220595
6   4   1  11 
0.038798
6   5   1  11 
0.038798
7   4   1  11 
0.368180
8  11 
0.755091
9   7   4   1  11 
0.019188
10   3   6   4   1  11 
0.063326
10   3   6   5   1  11 
0.063326
10   9   7   4   1  11 
0.063326
