2 1 2 0.093410 * 2  5  1 
3 1 3 0.011103 * 3  6  4  1 
3 1 3 0.011103 * 3  6  5  1 
4 1 1 0.012007 * 4  1 
5 1 1 0.118426 * 5  1 
6 1 2 0.026669 * 6  4  1 
6 1 2 0.026669 * 6  5  1 
7 1 2 0.086961 * 7  4  1 
8 1 2 0.098492 * 8  11   1 
9 1 3 0.005874 * 9  7  4  1 
10 1 4 0.012124 * 10   3   6   4   1 
10 1 4 0.012124 * 10   3   6   5   1 
10 1 4 0.012124 * 10   9   7   4   1 
11 1 1 0.481810 * 11   1 
1 2 2 0.079657 * 1  5  2 
3 2 3 0.055536 * 3  6  5  2 
4 2 3 0.032074 * 4  1  5  2 
4 2 3 0.032074 * 4  6  5  2 
5 2 1 0.117071 * 5  2 
6 2 2 0.068995 * 6  5  2 
7 2 4 0.171643 * 7  4  1  5  2 
7 2 4 0.171643 * 7  4  6  5  2 
8 2 1 0.035344 * 8  2 
9 2 4 0.007718 * 9  3  6  5  2 
10 2 4 0.032210 * 10   3   6   5   2 
11 2 2 0.075800 * 11   8   2 
1 3 3 0.020304 * 1  4  6  3 
1 3 3 0.020304 * 1  5  6  3 
2 3 3 0.301069 * 2  5  6  3 
4 3 2 0.032908 * 4  6  3 
5 3 2 0.038397 * 5  6  3 
6 3 1 0.098445 * 6  3 
7 3 2 0.022354 * 7  9  3 
8 3 4 0.040277 * 8  2  5  6  3 
9 3 1 0.055740 * 9  3 
10 3 1 0.121750 * 10   3 
11 3 4 0.065395 * 11   1   4   6   3 
11 3 4 0.065395 * 11   1   5   6   3 
1 4 1 0.033492 * 1  4 
2 4 3 0.079381 * 2  5  1  4 
2 4 3 0.079381 * 2  5  6  4 
3 4 2 0.008959 * 3  6  4 
5 4 2 0.017819 * 5  1  4 
5 4 2 0.017819 * 5  6  4 
6 4 1 0.021626 * 6  4 
7 4 1 0.570146 * 7  4 
8 4 3 0.033102 * 8  11   1   4 
9 4 2 0.005187 * 9  7  4 
10 4 3 0.005463 * 10   3   6   4 
10 4 3 0.005463 * 10   9   7   4 
11 4 2 0.070477 * 11   1   4 
1 5 1 0.085284 * 1  5 
2 5 1 0.652057 * 2  5 
3 5 2 0.035636 * 3  6  5 
4 5 2 0.022653 * 4  1  5 
4 5 2 0.022653 * 4  6  5 
6 5 1 0.050634 * 6  5 
7 5 3 0.042327 * 7  4  1  5 
7 5 3 0.042327 * 7  4  6  5 
8 5 2 0.150957 * 8  2  5 
9 5 3 0.013754 * 9  3  6  5 
10 5 3 0.030474 * 10   3   6   5 
11 5 2 0.276902 * 11   1   5 
1 6 2 0.031422 * 1  4  6 
1 6 2 0.031422 * 1  5  6 
2 6 2 0.202310 * 2  5  6 
3 6 1 0.021708 * 3  6 
4 6 1 0.013760 * 4  6 
5 6 1 0.055788 * 5  6 
7 6 2 0.017174 * 7  4  6 
8 6 3 0.046268 * 8  2  5  6 
9 6 2 0.006708 * 9  3  6 
10 6 2 0.024522 * 10   3   6 
11 6 3 0.048351 * 11   1   4   6 
11 6 3 0.048351 * 11   1   5   6 
1 7 2 0.086577 * 1  4  7 
2 7 4 0.379858 * 2  5  1  4  7 
2 7 4 0.379858 * 2  5  6  4  7 
3 7 2 0.017567 * 3  9  7 
4 7 1 0.041088 * 4  7 
5 7 3 0.160262 * 5  1  4  7 
5 7 3 0.160262 * 5  6  4  7 
6 7 2 0.027966 * 6  4  7 
8 7 4 0.301025 * 8  11   1   4   7 
9 7 1 0.030886 * 9  7 
10 7 2 0.112569 * 10   9   7 
11 7 3 0.255960 * 11   1   4   7 
1 8 2 0.269908 * 1  11   8 
2 8 1 0.341538 * 2  8 
3 8 4 0.085522 * 3  6  5  2  8 
4 8 3 0.170982 * 4   1  11   8 
5 8 2 0.393248 * 5  2  8 
6 8 3 0.084579 * 6  5  2  8 
7 8 4 0.254413 * 7   4   1  11   8 
9 8 5 0.014449 * 9  3  6  5  2  8 
9 8 5 0.014449 * 9   7   4   1  11   8 
10 8 5 0.131618 * 10   3   6   5   2   8 
11 8 1 0.420077 * 11   8 
1 9 3 0.009583 * 1  4  7  9 
2 9 4 0.033715 * 2  5  6  3  9 
3 9 1 0.016148 * 3  9 
4 9 2 0.002591 * 4  7  9 
5 9 3 0.012413 * 5  6  3  9 
6 9 2 0.002242 * 6  3  9 
7 9 1 0.036436 * 7  9 
8 9 5 0.005477 * 8  2  5  6  3  9 
8 9 5 0.005477 * 8  11   1   4   7   9 
10 9 1 0.018028 * 10   9 
11 9 4 0.008331 * 11   1   4   7   9 
1 10 4 0.026379 * 1   4   6   3  10 
1 10 4 0.026379 * 1   4   7   9  10 
1 10 4 0.044482 * 1   5   6   3  10 
2 10 4 0.488406 * 2   5   6   3  10 
3 10 1 0.018149 * 3  10 
4 10 3 0.007078 * 4   6   3  10 
4 10 3 0.007078 * 4   7   9  10 
5 10 3 0.058257 * 5   6   3  10 
6 10 2 0.016884 * 6   3  10 
7 10 2 0.077147 * 7   9  10 
8 10 5 0.103617 * 8   2   5   6   3  10 
9 10 1 0.023533 * 9  10 
11 10 5 0.017076 * 11   1   4   6   3  10 
11 10 5 0.017076 * 11   1   4   7   9  10 
11 10 5 0.020791 * 11   1   5   6   3  10 
1 11 1 0.671206 * 1  11 
2 11 2 0.355387 * 2   8  11 
3 11 4 0.109059 * 3   6   4   1  11 
3 11 4 0.109059 * 3   6   5   1  11 
4 11 2 0.051393 * 4   1  11 
5 11 2 0.285294 * 5   1  11 
6 11 3 0.038836 * 6   4   1  11 
6 11 3 0.038836 * 6   5   1  11 
7 11 3 0.290018 * 7   4   1  11 
8 11 1 0.808557 * 8  11 
9 11 4 0.016063 * 9   7   4   1  11 
10 11 5 0.050161 * 10   3   6   4   1  11 
10 11 5 0.050161 * 10   3   6   5   1  11 
10 11 5 0.050161 * 10   9   7   4   1  11 
