2 1 2 0.079647 * 2  5  1 
3 1 3 0.004803 * 3  6  4  1 
3 1 3 0.004803 * 3  6  5  1 
4 1 1 0.010442 * 4  1 
5 1 1 0.127304 * 5  1 
6 1 2 0.026605 * 6  4  1 
6 1 2 0.026605 * 6  5  1 
7 1 2 0.076461 * 7  4  1 
8 1 2 0.078698 * 8  11   1 
9 1 3 0.005930 * 9  7  4  1 
10 1 4 0.014057 * 10   3   6   4   1 
10 1 4 0.014057 * 10   3   6   5   1 
10 1 4 0.014057 * 10   9   7   4   1 
11 1 1 0.519168 * 11   1 
1 2 2 0.069185 * 1  5  2 
3 2 3 0.045666 * 3  6  5  2 
4 2 3 0.017584 * 4  1  5  2 
4 2 3 0.017584 * 4  6  5  2 
5 2 1 0.103209 * 5  2 
6 2 2 0.075234 * 6  5  2 
7 2 4 0.048126 * 7  4  1  5  2 
7 2 4 0.048126 * 7  4  6  5  2 
8 2 1 0.027455 * 8  2 
9 2 4 0.006727 * 9  3  6  5  2 
10 2 4 0.034848 * 10   3   6   5   2 
11 2 2 0.084454 * 11   8   2 
1 3 3 0.018368 * 1  4  6  3 
1 3 3 0.018368 * 1  5  6  3 
2 3 3 0.263416 * 2  5  6  3 
4 3 2 0.025939 * 4  6  3 
5 3 2 0.036537 * 5  6  3 
6 3 1 0.095934 * 6  3 
7 3 2 0.049297 * 7  9  3 
8 3 4 0.075734 * 8  2  5  6  3 
9 3 1 0.058284 * 9  3 
10 3 1 0.070255 * 10   3 
11 3 4 0.046479 * 11   1   4   6   3 
11 3 4 0.046479 * 11   1   5   6   3 
1 4 1 0.040383 * 1  4 
2 4 3 0.061824 * 2  5  1  4 
2 4 3 0.061824 * 2  5  6  4 
3 4 2 0.006359 * 3  6  4 
5 4 2 0.022172 * 5  1  4 
5 4 2 0.022172 * 5  6  4 
6 4 1 0.018743 * 6  4 
7 4 1 0.485656 * 7  4 
8 4 3 0.037831 * 8  11   1   4 
9 4 2 0.007962 * 9  7  4 
10 4 3 0.006208 * 10   3   6   4 
10 4 3 0.006208 * 10   9   7   4 
11 4 2 0.068676 * 11   1   4 
1 5 1 0.085118 * 1  5 
2 5 1 0.664378 * 2  5 
3 5 2 0.044780 * 3  6  5 
4 5 2 0.035852 * 4  1  5 
4 5 2 0.035852 * 4  6  5 
6 5 1 0.047051 * 6  5 
7 5 3 0.045079 * 7  4  1  5 
7 5 3 0.045079 * 7  4  6  5 
8 5 2 0.140399 * 8  2  5 
9 5 3 0.010625 * 9  3  6  5 
10 5 3 0.035567 * 10   3   6   5 
11 5 2 0.266532 * 11   1   5 
1 6 2 0.016983 * 1  4  6 
1 6 2 0.016983 * 1  5  6 
2 6 2 0.214110 * 2  5  6 
3 6 1 0.019471 * 3  6 
4 6 1 0.015612 * 4  6 
5 6 1 0.059418 * 5  6 
7 6 2 0.017943 * 7  4  6 
8 6 3 0.039497 * 8  2  5  6 
9 6 2 0.003135 * 9  3  6 
10 6 2 0.023521 * 10   3   6 
11 6 3 0.047014 * 11   1   4   6 
11 6 3 0.047014 * 11   1   5   6 
1 7 2 0.090649 * 1  4  7 
2 7 4 0.382310 * 2  5  1  4  7 
2 7 4 0.382310 * 2  5  6  4  7 
3 7 2 0.016546 * 3  9  7 
4 7 1 0.094481 * 4  7 
5 7 3 0.105479 * 5  1  4  7 
5 7 3 0.105479 * 5  6  4  7 
6 7 2 0.025289 * 6  4  7 
8 7 4 0.300061 * 8  11   1   4   7 
9 7 1 0.025873 * 9  7 
10 7 2 0.107000 * 10   9   7 
11 7 3 0.281376 * 11   1   4   7 
1 8 2 0.260225 * 1  11   8 
2 8 1 0.332614 * 2  8 
3 8 4 0.091991 * 3  6  5  2  8 
4 8 3 0.183007 * 4   1  11   8 
5 8 2 0.360254 * 5  2  8 
6 8 3 0.092928 * 6  5  2  8 
7 8 4 0.273900 * 7   4   1  11   8 
9 8 5 0.017656 * 9  3  6  5  2  8 
9 8 5 0.017656 * 9   7   4   1  11   8 
10 8 5 0.117689 * 10   3   6   5   2   8 
11 8 1 0.376188 * 11   8 
1 9 3 0.008045 * 1  4  7  9 
2 9 4 0.029491 * 2  5  6  3  9 
3 9 1 0.044562 * 3  9 
4 9 2 0.002576 * 4  7  9 
5 9 3 0.011928 * 5  6  3  9 
6 9 2 0.002387 * 6  3  9 
7 9 1 0.030926 * 7  9 
8 9 5 0.005029 * 8  2  5  6  3  9 
8 9 5 0.005029 * 8  11   1   4   7   9 
10 9 1 0.011558 * 10   9 
11 9 4 0.010096 * 11   1   4   7   9 
1 10 4 0.026428 * 1   4   6   3  10 
1 10 4 0.026428 * 1   4   7   9  10 
1 10 4 0.049060 * 1   5   6   3  10 
2 10 4 0.474028 * 2   5   6   3  10 
3 10 1 0.016618 * 3  10 
4 10 3 0.003146 * 4   6   3  10 
4 10 3 0.003146 * 4   7   9  10 
5 10 3 0.050732 * 5   6   3  10 
6 10 2 0.022925 * 6   3  10 
7 10 2 0.092748 * 7   9  10 
8 10 5 0.142269 * 8   2   5   6   3  10 
9 10 1 0.023871 * 9  10 
11 10 5 0.017934 * 11   1   4   6   3  10 
11 10 5 0.017934 * 11   1   4   7   9  10 
11 10 5 0.024863 * 11   1   5   6   3  10 
1 11 1 0.669000 * 1  11 
2 11 2 0.334643 * 2   8  11 
3 11 4 0.104984 * 3   6   4   1  11 
3 11 4 0.104984 * 3   6   5   1  11 
4 11 2 0.051943 * 4   1  11 
5 11 2 0.269517 * 5   1  11 
6 11 3 0.034980 * 6   4   1  11 
6 11 3 0.034980 * 6   5   1  11 
7 11 3 0.311696 * 7   4   1  11 
8 11 1 0.735269 * 8  11 
9 11 4 0.011907 * 9   7   4   1  11 
10 11 5 0.047691 * 10   3   6   4   1  11 
10 11 5 0.047691 * 10   3   6   5   1  11 
10 11 5 0.047691 * 10   9   7   4   1  11 
