2  5  1 
0.076074
3  6  4  1 
0.026944
3  6  5  1 
0.026944
4  1 
0.011929
5  1 
0.095318
6  4  1 
0.006181
6  5  1 
0.006181
7  4  1 
0.099934
8  11   1 
0.080333
9  7  4  1 
0.029673
10   3   6   4   1 
0.015551
10   3   6   5   1 
0.015551
10   9   7   4   1 
0.015551
11   1 
0.399029
1  5  2 
0.045658
3  6  5  2 
0.072434
4  1  5  2 
0.108732
4  6  5  2 
0.108732
5  2 
0.138782
6  5  2 
0.045531
7  4  1  5  2 
0.061371
7  4  6  5  2 
0.061371
8  2 
0.035076
9  3  6  5  2 
0.015647
10   3   6   5   2 
0.047262
11   8   2 
0.046601
1  4  6  3 
0.013142
1  5  6  3 
0.013142
2  5  6  3 
0.303123
4  6  3 
0.013786
5  6  3 
0.053635
6  3 
0.054654
7  9  3 
0.017242
8  2  5  6  3 
0.066736
9  3 
0.051454
10   3 
0.060969
11   1   4   6   3 
0.022943
11   1   5   6   3 
0.022943
1  4 
0.017551
2  5  1  4 
0.084081
2  5  6  4 
0.084081
3  6  4 
0.012693
5  1  4 
0.024907
5  6  4 
0.024907
6  4 
0.008455
7  4 
0.531874
8  11   1   4 
0.032556
9  7  4 
0.004036
10   3   6   4 
0.019903
10   9   7   4 
0.019903
11   1   4 
0.021376
1  5 
0.070721
2  5 
0.599054
3  6  5 
0.038919
4  1  5 
0.014592
4  6  5 
0.014592
6  5 
0.087072
7  4  1  5 
0.041418
7  4  6  5 
0.041418
8  2  5 
0.127895
9  3  6  5 
0.031770
10   3   6   5 
0.044778
11   1   5 
0.159002
1  4  6 
0.032269
1  5  6 
0.032269
2  5  6 
0.179918
3  6 
0.017751
4  6 
0.015774
5  6 
0.072063
7  4  6 
0.030912
8  2  5  6 
0.052100
9  3  6 
0.005130
10   3   6 
0.023035
11   1   4   6 
0.024169
11   1   5   6 
0.024169
1  4  7 
0.085926
2  5  1  4  7 
0.409288
2  5  6  4  7 
0.409288
3  9  7 
0.022488
4  7 
0.038299
5  1  4  7 
0.095833
5  6  4  7 
0.095833
6  4  7 
0.044964
8  11   1   4   7 
0.276049
9  7 
0.069565
10   9   7 
0.142877
11   1   4   7 
0.301223
1  11   8 
0.177000
2  8 
0.380995
3  6  5  2  8 
0.076753
4   1  11   8 
0.188800
5  2  8 
0.242463
6  5  2  8 
0.103206
7   4   1  11   8 
0.368188
9  3  6  5  2  8 
0.021779
9   7   4   1  11   8 
0.021779
10   3   6   5   2   8 
0.160360
11   8 
0.358461
1  4  7  9 
0.004896
2  5  6  3  9 
0.070602
3  9 
0.017453
4  7  9 
0.003681
5  6  3  9 
0.013055
6  3  9 
0.002329
7  9 
0.033268
8  2  5  6  3  9 
0.007010
8  11   1   4   7   9 
0.007010
10   9 
0.015001
11   1   4   7   9 
0.005520
1   4   6   3  10 
0.022697
1   4   7   9  10 
0.022697
1   5   6   3  10 
0.038641
2   5   6   3  10 
0.400768
3  10 
0.019438
4   6   3  10 
0.005235
4   7   9  10 
0.005235
5   6   3  10 
0.020871
6   3  10 
0.014997
7   9  10 
0.110041
8   2   5   6   3  10 
0.103985
9  10 
0.015144
11   1   4   6   3  10 
0.011853
11   1   4   7   9  10 
0.011853
11   1   5   6   3  10 
0.012046
1  11 
0.686894
2   8  11 
0.302557
3   6   4   1  11 
0.147777
3   6   5   1  11 
0.147777
4   1  11 
0.203956
5   1  11 
0.389618
6   4   1  11 
0.021532
6   5   1  11 
0.021532
7   4   1  11 
0.374034
8  11 
0.696668
9   7   4   1  11 
0.024095
10   3   6   4   1  11 
0.059649
10   3   6   5   1  11 
0.059649
10   9   7   4   1  11 
0.059649
