2 1 2 0.144532 * 2  5  1 
3 1 3 0.020682 * 3  6  4  1 
3 1 3 0.020682 * 3  6  5  1 
4 1 1 0.026705 * 4  1 
5 1 1 0.176438 * 5  1 
6 1 2 0.028860 * 6  4  1 
6 1 2 0.028860 * 6  5  1 
7 1 2 0.121407 * 7  4  1 
8 1 2 0.093332 * 8  11   1 
9 1 3 0.015294 * 9  7  4  1 
10 1 4 0.020373 * 10   3   6   4   1 
10 1 4 0.020373 * 10   3   6   5   1 
10 1 4 0.020373 * 10   9   7   4   1 
11 1 1 0.325560 * 11   1 
1 2 2 0.104451 * 1  5  2 
3 2 3 0.100934 * 3  6  5  2 
4 2 3 0.024502 * 4  1  5  2 
4 2 3 0.024502 * 4  6  5  2 
5 2 1 0.162774 * 5  2 
6 2 2 0.062066 * 6  5  2 
7 2 4 0.082676 * 7  4  1  5  2 
7 2 4 0.082676 * 7  4  6  5  2 
8 2 1 0.026533 * 8  2 
9 2 4 0.021240 * 9  3  6  5  2 
10 2 4 0.037379 * 10   3   6   5   2 
11 2 2 0.071754 * 11   8   2 
1 3 3 0.015094 * 1  4  6  3 
1 3 3 0.015094 * 1  5  6  3 
2 3 3 0.192249 * 2  5  6  3 
4 3 2 0.022994 * 4  6  3 
5 3 2 0.061164 * 5  6  3 
6 3 1 0.055570 * 6  3 
7 3 2 0.130747 * 7  9  3 
8 3 4 0.075111 * 8  2  5  6  3 
9 3 1 0.062161 * 9  3 
10 3 1 0.105705 * 10   3 
11 3 4 0.041804 * 11   1   4   6   3 
11 3 4 0.041804 * 11   1   5   6   3 
1 4 1 0.022637 * 1  4 
2 4 3 0.068453 * 2  5  1  4 
2 4 3 0.068453 * 2  5  6  4 
3 4 2 0.030409 * 3  6  4 
5 4 2 0.032740 * 5  1  4 
5 4 2 0.032740 * 5  6  4 
6 4 1 0.027520 * 6  4 
7 4 1 0.042571 * 7  4 
8 4 3 0.033372 * 8  11   1   4 
9 4 2 0.017947 * 9  7  4 
10 4 3 0.010438 * 10   3   6   4 
10 4 3 0.010438 * 10   9   7   4 
11 4 2 0.044047 * 11   1   4 
1 5 1 0.103651 * 1  5 
2 5 1 0.574642 * 2  5 
3 5 2 0.035312 * 3  6  5 
4 5 2 0.021432 * 4  1  5 
4 5 2 0.021432 * 4  6  5 
6 5 1 0.071784 * 6  5 
7 5 3 0.064717 * 7  4  1  5 
7 5 3 0.064717 * 7  4  6  5 
8 5 2 0.201233 * 8  2  5 
9 5 3 0.022555 * 9  3  6  5 
10 5 3 0.057967 * 10   3   6   5 
11 5 2 0.195313 * 11   1   5 
1 6 2 0.023625 * 1  4  6 
1 6 2 0.023625 * 1  5  6 
2 6 2 0.191403 * 2  5  6 
3 6 1 0.051676 * 3  6 
4 6 1 0.037605 * 4  6 
5 6 1 0.071643 * 5  6 
7 6 2 0.052766 * 7  4  6 
8 6 3 0.061329 * 8  2  5  6 
9 6 2 0.008202 * 9  3  6 
10 6 2 0.017863 * 10   3   6 
11 6 3 0.044876 * 11   1   4   6 
11 6 3 0.044876 * 11   1   5   6 
1 7 2 0.098865 * 1  4  7 
2 7 4 0.289350 * 2  5  1  4  7 
2 7 4 0.289350 * 2  5  6  4  7 
3 7 2 0.055151 * 3  9  7 
4 7 1 0.055631 * 4  7 
5 7 3 0.142600 * 5  1  4  7 
5 7 3 0.142600 * 5  6  4  7 
6 7 2 0.076226 * 6  4  7 
8 7 4 0.315096 * 8  11   1   4   7 
9 7 1 0.019541 * 9  7 
10 7 2 0.149786 * 10   9   7 
11 7 3 0.336603 * 11   1   4   7 
1 8 2 0.217541 * 1  11   8 
2 8 1 0.497222 * 2  8 
3 8 4 0.095896 * 3  6  5  2  8 
4 8 3 0.248116 * 4   1  11   8 
5 8 2 0.305980 * 5  2  8 
6 8 3 0.146158 * 6  5  2  8 
7 8 4 0.412882 * 7   4   1  11   8 
9 8 5 0.023354 * 9  3  6  5  2  8 
9 8 5 0.023354 * 9   7   4   1  11   8 
10 8 5 0.134034 * 10   3   6   5   2   8 
11 8 1 0.423690 * 11   8 
1 9 3 0.004852 * 1  4  7  9 
2 9 4 0.029847 * 2  5  6  3  9 
3 9 1 0.057744 * 3  9 
4 9 2 0.006882 * 4  7  9 
5 9 3 0.018112 * 5  6  3  9 
6 9 2 0.011315 * 6  3  9 
7 9 1 0.016428 * 7  9 
8 9 5 0.008513 * 8  2  5  6  3  9 
8 9 5 0.008513 * 8  11   1   4   7   9 
10 9 1 0.023159 * 10   9 
11 9 4 0.015642 * 11   1   4   7   9 
1 10 4 0.025366 * 1   4   6   3  10 
1 10 4 0.025366 * 1   4   7   9  10 
1 10 4 0.038688 * 1   5   6   3  10 
2 10 4 0.227876 * 2   5   6   3  10 
3 10 1 0.033030 * 3  10 
4 10 3 0.011635 * 4   6   3  10 
4 10 3 0.011635 * 4   7   9  10 
5 10 3 0.068465 * 5   6   3  10 
6 10 2 0.026811 * 6   3  10 
7 10 2 0.133553 * 7   9  10 
8 10 5 0.099579 * 8   2   5   6   3  10 
9 10 1 0.016339 * 9  10 
11 10 5 0.018625 * 11   1   4   6   3  10 
11 10 5 0.018625 * 11   1   4   7   9  10 
11 10 5 0.022833 * 11   1   5   6   3  10 
1 11 1 0.677962 * 1  11 
2 11 2 0.509145 * 2   8  11 
3 11 4 0.084936 * 3   6   4   1  11 
3 11 4 0.084936 * 3   6   5   1  11 
4 11 2 0.098780 * 4   1  11 
5 11 2 0.272403 * 5   1  11 
6 11 3 0.097274 * 6   4   1  11 
6 11 3 0.097274 * 6   5   1  11 
7 11 3 0.458613 * 7   4   1  11 
8 11 1 0.894430 * 8  11 
9 11 4 0.031081 * 9   7   4   1  11 
10 11 5 0.052747 * 10   3   6   4   1  11 
10 11 5 0.052747 * 10   3   6   5   1  11 
10 11 5 0.052747 * 10   9   7   4   1  11 
