2  5  1  0 
0.083793
2   8  11   1 
0.010184
3  6  4  1 
0.026349
3  6  5  1 
0.017824
4  1 
0.022252
5  1 
0.099941
6  4  1 
0.012296
6  5  1 
0.008317
7  4  1 
0.115212
8  11   1 
0.066498
9  3  6  4  1 
0.006960
9  3  6  5  1 
0.006960
9  7  4  1  0 
0.003419
10   3   6   4   1   0 
0.014500
10   3   6   5   1   0 
0.014500
10   9   3   6   4   1 
0.007812
10   9   3   6   5   1 
0.007812
10   9   7   4   1   0 
0.005134
11   1 
0.375311
1  5  2  0 
0.034117
1  11   8   2 
0.034117
3  6  5  2 
0.095405
4  1  5  2  0 
0.011637
4   1  11   8   2 
0.011637
4  6  5  2  0 
0.004234
5  2 
0.120749
6  5  2 
0.060822
7  4  1  5  2  0 
0.032166
7   4   1  11   8   2 
0.032166
7  4  6  5  2  0 
0.011812
7  9  3  6  5  2 
0.006161
8  2 
0.036220
9  3  6  5  2 
0.014770
10   3   6   5   2   0 
0.032917
10   9   3   6   5   2 
0.011893
11   8   2 
0.036824
1  4  6  3  0 
0.011278
1  4  7  9  3 
0.008224
1  5  6  3  0 
0.016665
2  5  6  3 
0.253619
4  6  3  0 
0.018621
4  7  9  3 
0.013579
5  6  3 
0.037995
6  3 
0.104548
7  9  3 
0.116361
8  2  5  6  3  0  0 
0.016617
8  11   1   4   6   3   0 
0.010160
8  11   1   4   7   9   3 
0.010160
8  11   1   5   6   3   0 
0.010160
9  3 
0.083165
10   9   3 
0.026911
10   3   0 
0.074485
11   1   4   6   3   0 
0.022961
11   1   4   7   9   3 
0.016743
11   1   5   6   3   0 
0.033928
1  4 
0.026761
2  5  1  4  0 
0.033667
2  5  6  4  0 
0.083627
2   8  11   1   4 
0.002998
3  6  4  0 
0.011742
3  9  7  4 
0.001193
5  1  4 
0.012178
5  6  4 
0.030248
6  4 
0.015075
7  4 
1.028308
8  11   1   4 
0.027229
9  7  4 
0.015983
10   3   6   4   0 
0.022474
10   3   9   7   4 
0.003147
10   9   7   4   0 
0.006069
11   1   4 
0.028952
1  5 
0.045655
2  5 
0.519231
3  6  5 
0.093455
4  1  5 
0.023508
4  6  5 
0.016746
6  5 
0.063649
7  4  1  5  0 
0.041662
7  4  6  5  0 
0.029679
7  9  3  6  5 
0.013365
8  2  5  0 
0.089879
8  11   1   5 
0.031710
9  3  6  5 
0.041372
10   3   6   5   0 
0.043859
10   9   3   6   5 
0.015846
11   1   5 
0.174193
1  4  6 
0.005708
1  5  6 
0.013463
2  5  6 
0.203069
3  6 
0.033237
4  6 
0.018462
5  6 
0.068012
7  4  6  0 
0.022424
7  9  3  6 
0.016352
8  2  5  6  0 
0.030653
8  11   1   4   6 
0.015400
8  11   1   5   6 
0.015400
9  3  6 
0.003380
10   3   6   0 
0.021261
10   9   3   6 
0.007682
11   1   4   6 
0.019157
11   1   5   6 
0.045184
1  4  7 
0.145914
2  5  1  4  7  0 
0.170057
2  5  6  3  9  7 
0.046865
2  5  6  4  7  0 
0.461354
2   8  11   1   4   7 
0.015859
3  9  7 
0.060108
4  7 
0.059058
5  1  4  7  0 
0.051105
5  6  3  9  7 
0.014084
5  6  4  7  0 
0.138645
6  3  9  7 
0.005455
6  4  7  0 
0.053698
8  11   1   4   7 
0.332053
9  7 
0.040438
10   3   9   7 
0.039672
10   9   7   0 
0.116187
11   1   4   7 
0.297204
1  5  2  8 
0.030763
1  11   8   0 
0.132020
2  8 
0.375876
3  6  5  2  8 
0.163441
4  1  5  2  8 
0.033034
4   1  11   8   0 
0.139936
4  6  5  2  8 
0.018839
5  2  8 
0.270311
6  5  2  8 
0.126553
7  4  1  5  2  8 
0.082003
7   4   1  11   8   0 
0.292168
7  4  6  5  2  8 
0.046766
9  3  6  5  2  8  0 
0.003513
9  7  4  1  5  2  8 
0.017366
9   7   4   1  11   8   0 
0.017366
9  7  4  6  5  2  8 
0.011877
10   3   6   5   2   8   0   0 
0.020058
10   9   3   6   5   2   8   0 
0.010722
10   9   7   4   1   5   2   8 
0.043074
10   9   7   4   1  11   8   0 
0.043074
10   9   7   4   6   5   2   8 
0.036253
11   8 
0.352690
1  4  6  3  9 
0.000660
1  4  7  9  0 
0.003900
2  5  1  4  6  3  9 
0.005438
2  5  1  4  7  9  0 
0.021202
2  5  6  3  9  0  0 
0.010697
3  9 
0.054766
4  6  3  9 
0.001050
4  7  9  0 
0.006208
5  1  4  6  3  9 
0.002319
5  1  4  7  9  0 
0.009043
5  6  3  9  0  0 
0.004562
6  3  9 
0.002490
7  9 
0.060604
8  2  5  1  4  6  3  9 
0.003578
8  2  5  1  4  7  9  0 
0.003578
8  2  5  6  3  9  0  0 
0.003578
8  11   1   4   6   3   9   0 
0.001240
8  11   1   4   7   9   0   0 
0.001240
10   3   9 
0.007333
10   9   0 
0.021476
11   1   4   6   3   9 
0.005894
11   1   4   7   9   0 
0.011276
1   4   6   3   9  10 
0.009241
1   4   6   3  10   0 
0.009241
1   4   7   9  10   0 
0.010483
1   5   6   3   9  10 
0.018597
1   5   6   3  10   0 
0.018597
2   5   6   3   9  10 
0.078561
2   5   6   3  10   0 
0.276814
3   9  10 
0.005852
3  10   0 
0.024643
4   6   3   9  10 
0.004156
4   6   3  10   0 
0.004156
4   7   9  10   0 
0.004715
5   6   3   9  10 
0.005405
5   6   3  10   0 
0.022759
6   3   9  10 
0.003262
6   3  10   0 
0.013736
7   9  10 
0.122279
8   2   5   6   3   9  10   0 
0.020182
8   2   5   6   3  10   0   0 
0.020182
8  11   1   4   6   3   9  10 
0.013084
8  11   1   4   6   3  10   0 
0.013084
8  11   1   4   7   9  10   0 
0.013564
8  11   1   5   6   3   9  10 
0.013564
8  11   1   5   6   3  10   0 
0.013564
9  10 
0.021000
11   1   4   6   3   9  10 
0.007000
11   1   4   6   3  10   0 
0.007000
11   1   4   7   9  10   0 
0.007940
11   1   5   6   3   9  10 
0.014086
11   1   5   6   3  10   0 
0.014086
1  11 
0.533603
2   8  11 
0.454085
3   6   4   1  11   0 
0.133443
3   6   5   1  11   0 
0.101238
3   6   5   2   8  11 
0.023092
4   1  11 
0.148871
5   1  11   0 
0.217594
5   2   8  11 
0.026445
6   4   1  11   0 
0.048295
6   5   1  11   0 
0.036639
6   5   2   8  11 
0.008357
7   4   1  11 
0.366158
8  11 
0.758713
9   3   6   4   1  11   0 
0.005954
9   3   6   5   1  11   0 
0.005954
9   3   6   5   2   8  11 
0.005670
9   7   4   1  11   0   0 
0.002788
10   3   6   4   1  11   0   0 
0.039913
10   3   6   5   1  11   0   0 
0.039913
10   3   6   5   2   8  11   0 
0.018616
10   9   3   6   4   1  11   0 
0.019546
10   9   3   6   5   1  11   0 
0.019546
10   9   3   6   5   2   8  11 
0.018616
10   9   7   4   1  11   0   0 
0.009152
