2  5  1 
0.121306
3  6  4  1 
0.009141
3  6  5  1 
0.009141
4  1 
0.077808
5  1 
0.105263
6  4  1 
0.019239
6  5  1 
0.019239
7  4  1 
0.134822
8  11   1 
0.110159
9  7  4  1 
0.018875
10   3   6   4   1 
0.017171
10   3   6   5   1 
0.017171
10   9   7   4   1 
0.017171
11   1 
0.314476
1  5  2 
0.115478
3  6  5  2 
0.095197
4  1  5  2 
0.029521
4  6  5  2 
0.029521
5  2 
0.214581
6  5  2 
0.055448
7  4  1  5  2 
0.066193
7  4  6  5  2 
0.066193
8  2 
0.043077
9  3  6  5  2 
0.010539
10   3   6   5   2 
0.036262
11   8   2 
0.074081
1  4  6  3 
0.012052
1  5  6  3 
0.012052
2  5  6  3 
0.212036
4  6  3 
0.034069
5  6  3 
0.039278
6  3 
0.094779
7  9  3 
0.119650
8  2  5  6  3 
0.066471
9  3 
0.071434
10   3 
0.104781
11   1   4   6   3 
0.044608
11   1   5   6   3 
0.044608
1  4 
0.023442
2  5  1  4 
0.051052
2  5  6  4 
0.051052
3  6  4 
0.016518
5  1  4 
0.031325
5  6  4 
0.031325
6  4 
0.024250
7  4 
0.557463
8  11   1   4 
0.020162
9  7  4 
0.017803
10   3   6   4 
0.014668
10   9   7   4 
0.014668
11   1   4 
0.044492
1  5 
0.090831
2  5 
0.555048
3  6  5 
0.055256
4  1  5 
0.024564
4  6  5 
0.024564
6  5 
0.078887
7  4  1  5 
0.050373
7  4  6  5 
0.050373
8  2  5 
0.165447
9  3  6  5 
0.046511
10   3   6   5 
0.069862
11   1   5 
0.219476
1  4  6 
0.018058
1  5  6 
0.018058
2  5  6 
0.211973
3  6 
0.062180
4  6 
0.024242
5  6 
0.081104
7  4  6 
0.049996
8  2  5  6 
0.042282
9  3  6 
0.004589
10   3   6 
0.017556
11   1   4   6 
0.034759
11   1   5   6 
0.034759
1  4  7 
0.082845
2  5  1  4  7 
0.296694
2  5  6  4  7 
0.296694
3  9  7 
0.059808
4  7 
0.062863
5  1  4  7 
0.126467
5  6  4  7 
0.126467
6  4  7 
0.062820
8  11   1   4   7 
0.293355
9  7 
0.018545
10   9   7 
0.159232
11   1   4   7 
0.481007
1  11   8 
0.177721
2  8 
0.365643
3  6  5  2  8 
0.099372
4   1  11   8 
0.219553
5  2  8 
0.320631
6  5  2  8 
0.157687
7   4   1  11   8 
0.393238
9  3  6  5  2  8 
0.019882
9   7   4   1  11   8 
0.019882
10   3   6   5   2   8 
0.150156
11   8 
0.432653
1  4  7  9 
0.005966
2  5  6  3  9 
0.038658
3  9 
0.056115
4  7  9 
0.008551
5  6  3  9 
0.024527
6  3  9 
0.009483
7  9 
0.009744
8  2  5  6  3  9 
0.011157
8  11   1   4   7   9 
0.011157
10   9 
0.020953
11   1   4   7   9 
0.017731
1   4   6   3  10 
0.025259
1   4   7   9  10 
0.025259
1   5   6   3  10 
0.040290
2   5   6   3  10 
0.282154
3  10 
0.029855
4   6   3  10 
0.008681
4   7   9  10 
0.008681
5   6   3  10 
0.050226
6   3  10 
0.018041
7   9  10 
0.132016
8   2   5   6   3  10 
0.085979
9  10 
0.033216
11   1   4   6   3  10 
0.014967
11   1   4   7   9  10 
0.014967
11   1   5   6   3  10 
0.016051
1  11 
0.480446
2   8  11 
0.474964
3   6   4   1  11 
0.107541
3   6   5   1  11 
0.107541
4   1  11 
0.072593
5   1  11 
0.296702
6   4   1  11 
0.045732
6   5   1  11 
0.045732
7   4   1  11 
0.381272
8  11 
0.864002
9   7   4   1  11 
0.019947
10   3   6   4   1  11 
0.063784
10   3   6   5   1  11 
0.063784
10   9   7   4   1  11 
0.063784
