2 1 2 0.067033 * 2  5  1 
3 1 3 0.009035 * 3  6  4  1 
3 1 3 0.009035 * 3  6  5  1 
4 1 1 0.014863 * 4  1 
5 1 1 0.080953 * 5  1 
6 1 2 0.006645 * 6  4  1 
6 1 2 0.006645 * 6  5  1 
7 1 2 0.108065 * 7  4  1 
8 1 2 0.090133 * 8  11   1 
9 1 3 0.024282 * 9  7  4  1 
10 1 4 0.017075 * 10   3   6   4   1 
10 1 4 0.017075 * 10   3   6   5   1 
10 1 4 0.017075 * 10   9   7   4   1 
11 1 1 0.721751 * 11   1 
1 2 2 0.066730 * 1  5  2 
3 2 3 0.101016 * 3  6  5  2 
4 2 3 0.072005 * 4  1  5  2 
4 2 3 0.072005 * 4  6  5  2 
5 2 1 0.085052 * 5  2 
6 2 2 0.039462 * 6  5  2 
7 2 4 0.051038 * 7  4  1  5  2 
7 2 4 0.051038 * 7  4  6  5  2 
8 2 1 0.027824 * 8  2 
9 2 4 0.022797 * 9  3  6  5  2 
10 2 4 0.042104 * 10   3   6   5   2 
11 2 2 0.037526 * 11   8   2 
1 3 3 0.018126 * 1  4  6  3 
1 3 3 0.018126 * 1  5  6  3 
2 3 3 0.260033 * 2  5  6  3 
4 3 2 0.024668 * 4  6  3 
5 3 2 0.031896 * 5  6  3 
6 3 1 0.013772 * 6  3 
7 3 2 0.018633 * 7  9  3 
8 3 4 0.043949 * 8  2  5  6  3 
9 3 1 0.041394 * 9  3 
10 3 1 0.039793 * 10   3 
11 3 4 0.019850 * 11   1   4   6   3 
11 3 4 0.019850 * 11   1   5   6   3 
1 4 1 0.028367 * 1  4 
2 4 3 0.070626 * 2  5  1  4 
2 4 3 0.070626 * 2  5  6  4 
3 4 2 0.015223 * 3  6  4 
5 4 2 0.026791 * 5  1  4 
5 4 2 0.026791 * 5  6  4 
6 4 1 0.006614 * 6  4 
7 4 1 0.047780 * 7  4 
8 4 3 0.030918 * 8  11   1   4 
9 4 2 0.005000 * 9  7  4 
10 4 3 0.007402 * 10   3   6   4 
10 4 3 0.007402 * 10   9   7   4 
11 4 2 0.014542 * 11   1   4 
1 5 1 0.061919 * 1  5 
2 5 1 0.596815 * 2  5 
3 5 2 0.030238 * 3  6  5 
4 5 2 0.012674 * 4  1  5 
4 5 2 0.012674 * 4  6  5 
6 5 1 0.063501 * 6  5 
7 5 3 0.034932 * 7  4  1  5 
7 5 3 0.034932 * 7  4  6  5 
8 5 2 0.129937 * 8  2  5 
9 5 3 0.044082 * 9  3  6  5 
10 5 3 0.037083 * 10   3   6   5 
11 5 2 0.144966 * 11   1   5 
1 6 2 0.019594 * 1  4  6 
1 6 2 0.019594 * 1  5  6 
2 6 2 0.188418 * 2  5  6 
3 6 1 0.017507 * 3  6 
4 6 1 0.032726 * 4  6 
5 6 1 0.067503 * 5  6 
7 6 2 0.025435 * 7  4  6 
8 6 3 0.043473 * 8  2  5  6 
9 6 2 0.002514 * 9  3  6 
10 6 2 0.023633 * 10   3   6 
11 6 3 0.035651 * 11   1   4   6 
11 6 3 0.035651 * 11   1   5   6 
1 7 2 0.095757 * 1  4  7 
2 7 4 0.388282 * 2  5  1  4  7 
2 7 4 0.388282 * 2  5  6  4  7 
3 7 2 0.025261 * 3  9  7 
4 7 1 0.029955 * 4  7 
5 7 3 0.093719 * 5  1  4  7 
5 7 3 0.093719 * 5  6  4  7 
6 7 2 0.034638 * 6  4  7 
8 7 4 0.295262 * 8  11   1   4   7 
9 7 1 0.023681 * 9  7 
10 7 2 0.151703 * 10   9   7 
11 7 3 0.263325 * 11   1   4   7 
1 8 2 0.185509 * 1  11   8 
2 8 1 0.299479 * 2  8 
3 8 4 0.074717 * 3  6  5  2  8 
4 8 3 0.187370 * 4   1  11   8 
5 8 2 0.266830 * 5  2  8 
6 8 3 0.099770 * 6  5  2  8 
7 8 4 0.269980 * 7   4   1  11   8 
9 8 5 0.013162 * 9  3  6  5  2  8 
9 8 5 0.013162 * 9   7   4   1  11   8 
10 8 5 0.114650 * 10   3   6   5   2   8 
11 8 1 0.267744 * 11   8 
1 9 3 0.006514 * 1  4  7  9 
2 9 4 0.067231 * 2  5  6  3  9 
3 9 1 0.032445 * 3  9 
4 9 2 0.007220 * 4  7  9 
5 9 3 0.017197 * 5  6  3  9 
6 9 2 0.002136 * 6  3  9 
7 9 1 0.046226 * 7  9 
8 9 5 0.006282 * 8  2  5  6  3  9 
8 9 5 0.006282 * 8  11   1   4   7   9 
10 9 1 0.010916 * 10   9 
11 9 4 0.004857 * 11   1   4   7   9 
1 10 4 0.022991 * 1   4   6   3  10 
1 10 4 0.022991 * 1   4   7   9  10 
1 10 4 0.038762 * 1   5   6   3  10 
2 10 4 0.457655 * 2   5   6   3  10 
3 10 1 0.017185 * 3  10 
4 10 3 0.005618 * 4   6   3  10 
4 10 3 0.005618 * 4   7   9  10 
5 10 3 0.057582 * 5   6   3  10 
6 10 2 0.016321 * 6   3  10 
7 10 2 0.095650 * 7   9  10 
8 10 5 0.116492 * 8   2   5   6   3  10 
9 10 1 0.010467 * 9  10 
11 10 5 0.011952 * 11   1   4   6   3  10 
11 10 5 0.011952 * 11   1   4   7   9  10 
11 10 5 0.011992 * 11   1   5   6   3  10 
1 11 1 0.700145 * 1  11 
2 11 2 0.320866 * 2   8  11 
3 11 4 0.067739 * 3   6   4   1  11 
3 11 4 0.067739 * 3   6   5   1  11 
4 11 2 0.154964 * 4   1  11 
5 11 2 0.305054 * 5   1  11 
6 11 3 0.026761 * 6   4   1  11 
6 11 3 0.026761 * 6   5   1  11 
7 11 3 0.422331 * 7   4   1  11 
8 11 1 0.771000 * 8  11 
9 11 4 0.028412 * 9   7   4   1  11 
10 11 5 0.060092 * 10   3   6   4   1  11 
10 11 5 0.060092 * 10   3   6   5   1  11 
10 11 5 0.060092 * 10   9   7   4   1  11 
