2  5  1  0 
0.062804
2   8  11   1 
0.006560
3  6  4  1 
0.007446
3  6  5  1 
0.005814
4  1 
0.046532
5  1 
0.086330
6  4  1 
0.008933
6  5  1 
0.006976
7  4  1 
0.095143
8  11   1 
0.081554
9  3  6  4  1 
0.003719
9  3  6  5  1 
0.003719
9  7  4  1  0 
0.002327
10   3   6   4   1   0 
0.017111
10   3   6   5   1   0 
0.017074
10   9   3   6   4   1 
0.008258
10   9   3   6   5   1 
0.008258
10   9   7   4   1   0 
0.005166
11   1 
0.438505
1  5  2  0 
0.033013
1  11   8   2 
0.033013
3  6  5  2 
0.072431
4  1  5  2  0 
0.017470
4   1  11   8   2 
0.017470
4  6  5  2  0 
0.006846
5  2 
0.128456
6  5  2 
0.045963
7  4  1  5  2  0 
0.034790
7   4   1  11   8   2 
0.034790
7  4  6  5  2  0 
0.013776
7  9  3  6  5  2 
0.006125
8  2 
0.040865
9  3  6  5  2 
0.012431
10   3   6   5   2   0 
0.040251
10   9   3   6   5   2 
0.012850
11   8   2 
0.077365
1  4  6  3  0 
0.007640
1  4  7  9  3 
0.005262
1  5  6  3  0 
0.012439
2  5  6  3 
0.204661
4  6  3  0 
0.017415
4  7  9  3 
0.011995
5  6  3 
0.033226
6  3 
0.096812
7  9  3 
0.028077
8  2  5  6  3  0  0 
0.025671
8  11   1   4   6   3   0 
0.013977
8  11   1   4   7   9   3 
0.013977
8  11   1   5   6   3   0 
0.013977
9  3 
0.065114
10   9   3 
0.017718
10   3   0 
0.055498
11   1   4   6   3   0 
0.020857
11   1   4   7   9   3 
0.014365
11   1   5   6   3   0 
0.033959
1  4 
0.015533
2  5  1  4  0 
0.050858
2  5  6  4  0 
0.119569
2   8  11   1   4 
0.004506
3  6  4  0 
0.012225
3  9  7  4 
0.001345
5  1  4 
0.009053
5  6  4 
0.021283
6  4 
0.036309
7  4 
0.468298
8  11   1   4 
0.047048
9  7  4 
0.004152
10   3   6   4   0 
0.016323
10   3   9   7   4 
0.002808
10   9   7   4   0 
0.005231
11   1   4 
0.021321
1  5 
0.069030
2  5 
0.623593
3  6  5 
0.066561
4  1  5 
0.018878
4  6  5 
0.012965
6  5 
0.062799
7  4  1  5  0 
0.066925
7  4  6  5  0 
0.045963
7  9  3  6  5 
0.024409
8  2  5  0 
0.091755
8  11   1   5 
0.030617
9  3  6  5 
0.035147
10   3   6   5   0 
0.039464
10   9   3   6   5 
0.012599
11   1   5 
0.194103
1  4  6 
0.008303
1  5  6 
0.022197
2  5  6 
0.206870
3  6 
0.018769
4  6 
0.024137
5  6 
0.083591
7  4  6  0 
0.017364
7  9  3  6 
0.011959
8  2  5  6  0 
0.030570
8  11   1   4   6 
0.014016
8  11   1   5   6 
0.014016
9  3  6 
0.007618
10   3   6   0 
0.021413
10   9   3   6 
0.006836
11   1   4   6 
0.014180
11   1   5   6 
0.036068
1  4  7 
0.069114
2  5  1  4  7  0 
0.188006
2  5  6  3  9  7 
0.053334
2  5  6  4  7  0 
0.484806
2   8  11   1   4   7 
0.015546
3  9  7 
0.038394
4  7 
0.045531
5  1  4  7  0 
0.049128
5  6  3  9  7 
0.013937
5  6  4  7  0 
0.126686
6  3  9  7 
0.006318
6  4  7  0 
0.057431
8  11   1   4   7 
0.362960
9  7 
0.162825
10   3   9   7 
0.036393
10   9   7   0 
0.117667
11   1   4   7 
0.316587
1  5  2  8 
0.034697
1  11   8   0 
0.141939
2  8 
0.388618
3  6  5  2  8 
0.094753
4  1  5  2  8 
0.034031
4   1  11   8   0 
0.133898
4  6  5  2  8 
0.018063
5  2  8 
0.229728
6  5  2  8 
0.106645
7  4  1  5  2  8 
0.078961
7   4   1  11   8   0 
0.256453
7  4  6  5  2  8 
0.041912
9  3  6  5  2  8  0 
0.001811
9  7  4  1  5  2  8 
0.011659
9   7   4   1  11   8   0 
0.011659
9  7  4  6  5  2  8 
0.007956
10   3   6   5   2   8   0   0 
0.018470
10   9   3   6   5   2   8   0 
0.007769
10   9   7   4   1   5   2   8 
0.043854
10   9   7   4   1  11   8   0 
0.043854
10   9   7   4   6   5   2   8 
0.034128
11   8 
0.292920
1  4  6  3  9 
0.000427
1  4  7  9  0 
0.002976
2  5  1  4  6  3  9 
0.004578
2  5  1  4  7  9  0 
0.023269
2  5  6  3  9  0  0 
0.009988
3  9 
0.021544
4  6  3  9 
0.000721
4  7  9  0 
0.005032
5  1  4  6  3  9 
0.001161
5  1  4  7  9  0 
0.005903
5  6  3  9  0  0 
0.002533
6  3  9 
0.002760
7  9 
0.039501
8  2  5  1  4  6  3  9 
0.002666
8  2  5  1  4  7  9  0 
0.002666
8  2  5  6  3  9  0  0 
0.002666
8  11   1   4   6   3   9   0 
0.000797
8  11   1   4   7   9   0   0 
0.000797
10   3   9 
0.003891
10   9   0 
0.012580
11   1   4   6   3   9 
0.003907
11   1   4   7   9   0 
0.006563
1   4   6   3   9  10 
0.010204
1   4   6   3  10   0 
0.010204
1   4   7   9  10   0 
0.012292
1   5   6   3   9  10 
0.023554
1   5   6   3  10   0 
0.023554
2   5   6   3   9  10 
0.080897
2   5   6   3  10   0 
0.328412
3   9  10 
0.004931
3  10   0 
0.023624
4   6   3   9  10 
0.003600
4   6   3  10   0 
0.003600
4   7   9  10   0 
0.004336
5   6   3   9  10 
0.004889
5   6   3  10   0 
0.023423
6   3   9  10 
0.003504
6   3  10   0 
0.016788
7   9  10 
0.138662
8   2   5   6   3   9  10   0 
0.022537
8   2   5   6   3  10   0   0 
0.022537
8  11   1   4   6   3   9  10 
0.012499
8  11   1   4   6   3  10   0 
0.012499
8  11   1   4   7   9  10   0 
0.013722
8  11   1   5   6   3   9  10 
0.013722
8  11   1   5   6   3  10   0 
0.013722
9  10 
0.015593
11   1   4   6   3   9  10 
0.005305
11   1   4   6   3  10   0 
0.005305
11   1   4   7   9  10   0 
0.006390
11   1   5   6   3   9  10 
0.011303
11   1   5   6   3  10   0 
0.011303
1  11 
0.589539
2   8  11 
0.363201
3   6   4   1  11   0 
0.091690
3   6   5   1  11   0 
0.079079
3   6   5   2   8  11 
0.019866
4   1  11 
0.107569
5   1  11   0 
0.312100
5   2   8  11 
0.032600
6   4   1  11   0 
0.036672
6   5   1  11   0 
0.031628
6   5   2   8  11 
0.007945
7   4   1  11 
0.295759
8  11 
0.684448
9   3   6   4   1  11   0 
0.010152
9   3   6   5   1  11   0 
0.010152
9   3   6   5   2   8  11 
0.008726
9   7   4   1  11   0   0 
0.006073
10   3   6   4   1  11   0   0 
0.044220
10   3   6   5   1  11   0   0 
0.044220
10   3   6   5   2   8  11   0 
0.018993
10   9   3   6   4   1  11   0 
0.022096
10   9   3   6   5   1  11   0 
0.022096
10   9   3   6   5   2   8  11 
0.018993
10   9   7   4   1  11   0   0 
0.013219
