2 1 2 0.128129 * 2  5  1 
3 1 3 0.015562 * 3  6  4  1 
3 1 3 0.015562 * 3  6  5  1 
4 1 1 0.077671 * 4  1 
5 1 1 0.138544 * 5  1 
6 1 2 0.020096 * 6  4  1 
6 1 2 0.020096 * 6  5  1 
7 1 2 0.111311 * 7  4  1 
8 1 2 0.070382 * 8  11   1 
9 1 3 0.025091 * 9  7  4  1 
10 1 4 0.018520 * 10   3   6   4   1 
10 1 4 0.018520 * 10   3   6   5   1 
10 1 4 0.018520 * 10   9   7   4   1 
11 1 1 0.356779 * 11   1 
1 2 2 0.101228 * 1  5  2 
3 2 3 0.076485 * 3  6  5  2 
4 2 3 0.027462 * 4  1  5  2 
4 2 3 0.027462 * 4  6  5  2 
5 2 1 0.153358 * 5  2 
6 2 2 0.055952 * 6  5  2 
7 2 4 0.067271 * 7  4  1  5  2 
7 2 4 0.067271 * 7  4  6  5  2 
8 2 1 0.046886 * 8  2 
9 2 4 0.022653 * 9  3  6  5  2 
10 2 4 0.036904 * 10   3   6   5   2 
11 2 2 0.085871 * 11   8   2 
1 3 3 0.015608 * 1  4  6  3 
1 3 3 0.015608 * 1  5  6  3 
2 3 3 0.174155 * 2  5  6  3 
4 3 2 0.025354 * 4  6  3 
5 3 2 0.041767 * 5  6  3 
6 3 1 0.068288 * 6  3 
7 3 2 0.129784 * 7  9  3 
8 3 4 0.073353 * 8  2  5  6  3 
9 3 1 0.058493 * 9  3 
10 3 1 0.068246 * 10   3 
11 3 4 0.056485 * 11   1   4   6   3 
11 3 4 0.056485 * 11   1   5   6   3 
1 4 1 0.030955 * 1  4 
2 4 3 0.076230 * 2  5  1  4 
2 4 3 0.076230 * 2  5  6  4 
3 4 2 0.018049 * 3  6  4 
5 4 2 0.023848 * 5  1  4 
5 4 2 0.023848 * 5  6  4 
6 4 1 0.014196 * 6  4 
7 4 1 0.033390 * 7  4 
8 4 3 0.031342 * 8  11   1   4 
9 4 2 0.017289 * 9  7  4 
10 4 3 0.013752 * 10   3   6   4 
10 4 3 0.013752 * 10   9   7   4 
11 4 2 0.042347 * 11   1   4 
1 5 1 0.115664 * 1  5 
2 5 1 0.537535 * 2  5 
3 5 2 0.053591 * 3  6  5 
4 5 2 0.020953 * 4  1  5 
4 5 2 0.020953 * 4  6  5 
6 5 1 0.103994 * 6  5 
7 5 3 0.058613 * 7  4  1  5 
7 5 3 0.058613 * 7  4  6  5 
8 5 2 0.197597 * 8  2  5 
9 5 3 0.051908 * 9  3  6  5 
10 5 3 0.059269 * 10   3   6   5 
11 5 2 0.189224 * 11   1   5 
1 6 2 0.024322 * 1  4  6 
1 6 2 0.024322 * 1  5  6 
2 6 2 0.212910 * 2  5  6 
3 6 1 0.046533 * 3  6 
4 6 1 0.032415 * 4  6 
5 6 1 0.070807 * 5  6 
7 6 2 0.057671 * 7  4  6 
8 6 3 0.056299 * 8  2  5  6 
9 6 2 0.010242 * 9  3  6 
10 6 2 0.015914 * 10   3   6 
11 6 3 0.034708 * 11   1   4   6 
11 6 3 0.034708 * 11   1   5   6 
1 7 2 0.102346 * 1  4  7 
2 7 4 0.274400 * 2  5  1  4  7 
2 7 4 0.274400 * 2  5  6  4  7 
3 7 2 0.047871 * 3  9  7 
4 7 1 0.048219 * 4  7 
5 7 3 0.104151 * 5  1  4  7 
5 7 3 0.104151 * 5  6  4  7 
6 7 2 0.077259 * 6  4  7 
8 7 4 0.295916 * 8  11   1   4   7 
9 7 1 0.017510 * 9  7 
10 7 2 0.180657 * 10   9   7 
11 7 3 0.341933 * 11   1   4   7 
1 8 2 0.247681 * 1  11   8 
2 8 1 0.436337 * 2  8 
3 8 4 0.093395 * 3  6  5  2  8 
4 8 3 0.228081 * 4   1  11   8 
5 8 2 0.388548 * 5  2  8 
6 8 3 0.155278 * 6  5  2  8 
7 8 4 0.430343 * 7   4   1  11   8 
9 8 5 0.020382 * 9  3  6  5  2  8 
9 8 5 0.020382 * 9   7   4   1  11   8 
10 8 5 0.126407 * 10   3   6   5   2   8 
11 8 1 0.400547 * 11   8 
1 9 3 0.003985 * 1  4  7  9 
2 9 4 0.029211 * 2  5  6  3  9 
3 9 1 0.055963 * 3  9 
4 9 2 0.007293 * 4  7  9 
5 9 3 0.024199 * 5  6  3  9 
6 9 2 0.005998 * 6  3  9 
7 9 1 0.014155 * 7  9 
8 9 5 0.009412 * 8  2  5  6  3  9 
8 9 5 0.009412 * 8  11   1   4   7   9 
10 9 1 0.023375 * 10   9 
11 9 4 0.012521 * 11   1   4   7   9 
1 10 4 0.025818 * 1   4   6   3  10 
1 10 4 0.025818 * 1   4   7   9  10 
1 10 4 0.040292 * 1   5   6   3  10 
2 10 4 0.237725 * 2   5   6   3  10 
3 10 1 0.026591 * 3  10 
4 10 3 0.010901 * 4   6   3  10 
4 10 3 0.010901 * 4   7   9  10 
5 10 3 0.084576 * 5   6   3  10 
6 10 2 0.029715 * 6   3  10 
7 10 2 0.125806 * 7   9  10 
8 10 5 0.095204 * 8   2   5   6   3  10 
9 10 1 0.031323 * 9  10 
11 10 5 0.019262 * 11   1   4   6   3  10 
11 10 5 0.019262 * 11   1   4   7   9  10 
11 10 5 0.024439 * 11   1   5   6   3  10 
1 11 1 0.657107 * 1  11 
2 11 2 0.505433 * 2   8  11 
3 11 4 0.111020 * 3   6   4   1  11 
3 11 4 0.111020 * 3   6   5   1  11 
4 11 2 0.094109 * 4   1  11 
5 11 2 0.261397 * 5   1  11 
6 11 3 0.057227 * 6   4   1  11 
6 11 3 0.057227 * 6   5   1  11 
7 11 3 0.424630 * 7   4   1  11 
8 11 1 0.856482 * 8  11 
9 11 4 0.024655 * 9   7   4   1  11 
10 11 5 0.071257 * 10   3   6   4   1  11 
10 11 5 0.071257 * 10   3   6   5   1  11 
10 11 5 0.071257 * 10   9   7   4   1  11 
