2  5  1 
0.067778
3  6  4  1 
0.008967
3  6  5  1 
0.008967
4  1 
0.009196
5  1 
0.103135
6  4  1 
0.005423
6  5  1 
0.005423
7  4  1 
0.116322
8  11   1 
0.054369
9  7  4  1 
0.021297
10   3   6   4   1 
0.015358
10   3   6   5   1 
0.015358
10   9   7   4   1 
0.015358
11   1 
0.730322
1  5  2 
0.061710
3  6  5  2 
0.070462
4  1  5  2 
0.046604
4  6  5  2 
0.046604
5  2 
0.090188
6  5  2 
0.037896
7  4  1  5  2 
0.796028
7  4  6  5  2 
0.796028
8  2 
0.019319
9  3  6  5  2 
0.009192
10   3   6   5   2 
0.042773
11   8   2 
0.052931
1  4  6  3 
0.015885
1  5  6  3 
0.015885
2  5  6  3 
0.246209
4  6  3 
0.022476
5  6  3 
0.025372
6  3 
0.018408
7  9  3 
0.026211
8  2  5  6  3 
0.067710
9  3 
0.049344
10   3 
0.038572
11   1   4   6   3 
0.018212
11   1   5   6   3 
0.018212
1  4 
0.012605
2  5  1  4 
0.082546
2  5  6  4 
0.082546
3  6  4 
0.013502
5  1  4 
0.019905
5  6  4 
0.019905
6  4 
0.006258
7  4 
0.556698
8  11   1   4 
0.030170
9  7  4 
0.002738
10   3   6   4 
0.005490
10   9   7   4 
0.005490
11   1   4 
0.016478
1  5 
0.073575
2  5 
0.576327
3  6  5 
0.033154
4  1  5 
0.013108
4  6  5 
0.013108
6  5 
0.066640
7  4  1  5 
0.036006
7  4  6  5 
0.036006
8  2  5 
0.125870
9  3  6  5 
0.034870
10   3   6   5 
0.036111
11   1   5 
0.123598
1  4  6 
0.020076
1  5  6 
0.020076
2  5  6 
0.190611
3  6 
0.018167
4  6 
0.032889
5  6 
0.065421
7  4  6 
0.023168
8  2  5  6 
0.032329
9  3  6 
0.002522
10   3   6 
0.023084
11   1   4   6 
0.037808
11   1   5   6 
0.037808
1  4  7 
0.086415
2  5  1  4  7 
0.399456
2  5  6  4  7 
0.399456
3  9  7 
0.020120
4  7 
0.040768
5  1  4  7 
0.087039
5  6  4  7 
0.087039
6  4  7 
0.034240
8  11   1   4   7 
0.280962
9  7 
0.033319
10   9   7 
0.157129
11   1   4   7 
0.253666
1  11   8 
0.187814
2  8 
0.310608
3  6  5  2  8 
0.074811
4   1  11   8 
0.183148
5  2  8 
0.264833
6  5  2  8 
0.098376
7   4   1  11   8 
0.269782
9  3  6  5  2  8 
0.013535
9   7   4   1  11   8 
0.013535
10   3   6   5   2   8 
0.128055
11   8 
0.262693
1  4  7  9 
0.005989
2  5  6  3  9 
0.063537
3  9 
0.064382
4  7  9 
0.005036
5  6  3  9 
0.016793
6  3  9 
0.001851
7  9 
0.046483
8  2  5  6  3  9 
0.006765
8  11   1   4   7   9 
0.006765
10   9 
0.012716
11   1   4   7   9 
0.007889
1   4   6   3  10 
0.022818
1   4   7   9  10 
0.022818
1   5   6   3  10 
0.038580
2   5   6   3  10 
0.473279
3  10 
0.016058
4   6   3  10 
0.005495
4   7   9  10 
0.005495
5   6   3  10 
0.093825
6   3  10 
0.014750
7   9  10 
0.097508
8   2   5   6   3  10 
0.101777
9  10 
0.012159
11   1   4   6   3  10 
0.011940
11   1   4   7   9  10 
0.011940
11   1   5   6   3  10 
0.012081
1  11 
0.536877
2   8  11 
0.317424
3   6   4   1  11 
0.069328
3   6   5   1  11 
0.069328
4   1  11 
0.176300
5   1  11 
0.287349
6   4   1  11 
0.022925
6   5   1  11 
0.022925
7   4   1  11 
0.368655
8  11 
0.675457
9   7   4   1  11 
0.020352
10   3   6   4   1  11 
0.047157
10   3   6   5   1  11 
0.047157
10   9   7   4   1  11 
0.047157
