2 1 2 0.104633 * 2  5  1 
3 1 3 0.012035 * 3  6  4  1 
3 1 3 0.012035 * 3  6  5  1 
4 1 1 0.016848 * 4  1 
5 1 1 0.116804 * 5  1 
6 1 2 0.012201 * 6  4  1 
6 1 2 0.012201 * 6  5  1 
7 1 2 0.084006 * 7  4  1 
8 1 2 0.078395 * 8  11   1 
9 1 3 0.007021 * 9  7  4  1 
10 1 4 0.012875 * 10   3   6   4   1 
10 1 4 0.012875 * 10   3   6   5   1 
10 1 4 0.012875 * 10   9   7   4   1 
11 1 1 0.518388 * 11   1 
1 2 2 0.073817 * 1  5  2 
3 2 3 0.036425 * 3  6  5  2 
4 2 3 0.013341 * 4  1  5  2 
4 2 3 0.013341 * 4  6  5  2 
5 2 1 0.099361 * 5  2 
6 2 2 0.082645 * 6  5  2 
7 2 4 0.254087 * 7  4  1  5  2 
7 2 4 0.254087 * 7  4  6  5  2 
8 2 1 0.037877 * 8  2 
9 2 4 0.005487 * 9  3  6  5  2 
10 2 4 0.036339 * 10   3   6   5   2 
11 2 2 0.073669 * 11   8   2 
1 3 3 0.022765 * 1  4  6  3 
1 3 3 0.022765 * 1  5  6  3 
2 3 3 0.245868 * 2  5  6  3 
4 3 2 0.036299 * 4  6  3 
5 3 2 0.043635 * 5  6  3 
6 3 1 0.049699 * 6  3 
7 3 2 0.031498 * 7  9  3 
8 3 4 0.042590 * 8  2  5  6  3 
9 3 1 0.057173 * 9  3 
10 3 1 0.053774 * 10   3 
11 3 4 0.047834 * 11   1   4   6   3 
11 3 4 0.047834 * 11   1   5   6   3 
1 4 1 0.033337 * 1  4 
2 4 3 0.082628 * 2  5  1  4 
2 4 3 0.082628 * 2  5  6  4 
3 4 2 0.069186 * 3  6  4 
5 4 2 0.015683 * 5  1  4 
5 4 2 0.015683 * 5  6  4 
6 4 1 0.029401 * 6  4 
7 4 1 0.045638 * 7  4 
8 4 3 0.037126 * 8  11   1   4 
9 4 2 0.005472 * 9  7  4 
10 4 3 0.004662 * 10   3   6   4 
10 4 3 0.004662 * 10   9   7   4 
11 4 2 0.058740 * 11   1   4 
1 5 1 0.087961 * 1  5 
2 5 1 0.694262 * 2  5 
3 5 2 0.048578 * 3  6  5 
4 5 2 0.016047 * 4  1  5 
4 5 2 0.016047 * 4  6  5 
6 5 1 0.064729 * 6  5 
7 5 3 0.055744 * 7  4  1  5 
7 5 3 0.055744 * 7  4  6  5 
8 5 2 0.193139 * 8  2  5 
9 5 3 0.013364 * 9  3  6  5 
10 5 3 0.031216 * 10   3   6   5 
11 5 2 0.229296 * 11   1   5 
1 6 2 0.024806 * 1  4  6 
1 6 2 0.024806 * 1  5  6 
2 6 2 0.244350 * 2  5  6 
3 6 1 0.019027 * 3  6 
4 6 1 0.019246 * 4  6 
5 6 1 0.058257 * 5  6 
7 6 2 0.022856 * 7  4  6 
8 6 3 0.050503 * 8  2  5  6 
9 6 2 0.003745 * 9  3  6 
10 6 2 0.025442 * 10   3   6 
11 6 3 0.033168 * 11   1   4   6 
11 6 3 0.033168 * 11   1   5   6 
1 7 2 0.095674 * 1  4  7 
2 7 4 0.377184 * 2  5  1  4  7 
2 7 4 0.377184 * 2  5  6  4  7 
3 7 2 0.017389 * 3  9  7 
4 7 1 0.160403 * 4  7 
5 7 3 0.088732 * 5  1  4  7 
5 7 3 0.088732 * 5  6  4  7 
6 7 2 0.030196 * 6  4  7 
8 7 4 0.273162 * 8  11   1   4   7 
9 7 1 0.018408 * 9  7 
10 7 2 0.096353 * 10   9   7 
11 7 3 0.260336 * 11   1   4   7 
1 8 2 0.281126 * 1  11   8 
2 8 1 0.366067 * 2  8 
3 8 4 0.086894 * 3  6  5  2  8 
4 8 3 0.179392 * 4   1  11   8 
5 8 2 0.363402 * 5  2  8 
6 8 3 0.100634 * 6  5  2  8 
7 8 4 0.247537 * 7   4   1  11   8 
9 8 5 0.011365 * 9  3  6  5  2  8 
9 8 5 0.011365 * 9   7   4   1  11   8 
10 8 5 0.122972 * 10   3   6   5   2   8 
11 8 1 0.363981 * 11   8 
1 9 3 0.007167 * 1  4  7  9 
2 9 4 0.031449 * 2  5  6  3  9 
3 9 1 0.017819 * 3  9 
4 9 2 0.002438 * 4  7  9 
5 9 3 0.017721 * 5  6  3  9 
6 9 2 0.003075 * 6  3  9 
7 9 1 0.030751 * 7  9 
8 9 5 0.006820 * 8  2  5  6  3  9 
8 9 5 0.006820 * 8  11   1   4   7   9 
10 9 1 0.010030 * 10   9 
11 9 4 0.011531 * 11   1   4   7   9 
1 10 4 0.026365 * 1   4   6   3  10 
1 10 4 0.026365 * 1   4   7   9  10 
1 10 4 0.047734 * 1   5   6   3  10 
2 10 4 0.413694 * 2   5   6   3  10 
3 10 1 0.015406 * 3  10 
4 10 3 0.004304 * 4   6   3  10 
4 10 3 0.004304 * 4   7   9  10 
5 10 3 0.049685 * 5   6   3  10 
6 10 2 0.021161 * 6   3  10 
7 10 2 0.073328 * 7   9  10 
8 10 5 0.128308 * 8   2   5   6   3  10 
9 10 1 0.020958 * 9  10 
11 10 5 0.018786 * 11   1   4   6   3  10 
11 10 5 0.018786 * 11   1   4   7   9  10 
11 10 5 0.026487 * 11   1   5   6   3  10 
1 11 1 0.531880 * 1  11 
2 11 2 0.290648 * 2   8  11 
3 11 4 0.091152 * 3   6   4   1  11 
3 11 4 0.091152 * 3   6   5   1  11 
4 11 2 0.062938 * 4   1  11 
5 11 2 0.311489 * 5   1  11 
6 11 3 0.060855 * 6   4   1  11 
6 11 3 0.060855 * 6   5   1  11 
7 11 3 0.260795 * 7   4   1  11 
8 11 1 0.730560 * 8  11 
9 11 4 0.017746 * 9   7   4   1  11 
10 11 5 0.054930 * 10   3   6   4   1  11 
10 11 5 0.054930 * 10   3   6   5   1  11 
10 11 5 0.054930 * 10   9   7   4   1  11 
