2  5  1 
0.062000
3  6  4  1 
0.022561
3  6  5  1 
0.022561
4  1 
0.010729
5  1 
0.107196
6  4  1 
0.007240
6  5  1 
0.007240
7  4  1 
0.084824
8  11   1 
0.071126
9  7  4  1 
0.021280
10   3   6   4   1 
0.013299
10   3   6   5   1 
0.013299
10   9   7   4   1 
0.013299
11   1 
0.395211
1  5  2 
0.055433
3  6  5  2 
0.068368
4  1  5  2 
0.125338
4  6  5  2 
0.125338
5  2 
0.094053
6  5  2 
0.055009
7  4  1  5  2 
0.052794
7  4  6  5  2 
0.052794
8  2 
0.027948
9  3  6  5  2 
0.018260
10   3   6   5   2 
0.045470
11   8   2 
0.067728
1  4  6  3 
0.012509
1  5  6  3 
0.012509
2  5  6  3 
0.316280
4  6  3 
0.024869
5  6  3 
0.037304
6  3 
0.064837
7  9  3 
0.021639
8  2  5  6  3 
0.077868
9  3 
0.072751
10   3 
0.063948
11   1   4   6   3 
0.024606
11   1   5   6   3 
0.024606
1  4 
0.038393
2  5  1  4 
0.093213
2  5  6  4 
0.093213
3  6  4 
0.012340
5  1  4 
0.020413
5  6  4 
0.020413
6  4 
0.006655
7  4 
0.574933
8  11   1   4 
0.037754
9  7  4 
0.004898
10   3   6   4 
0.009545
10   9   7   4 
0.009545
11   1   4 
0.027199
1  5 
0.067915
2  5 
0.641393
3  6  5 
0.037776
4  1  5 
0.013304
4  6  5 
0.013304
6  5 
0.087169
7  4  1  5 
0.047213
7  4  6  5 
0.047213
8  2  5 
0.132500
9  3  6  5 
0.030633
10   3   6   5 
0.042478
11   1   5 
0.161417
1  4  6 
0.026441
1  5  6 
0.026441
2  5  6 
0.169159
3  6 
0.018467
4  6 
0.017712
5  6 
0.072546
7  4  6 
0.030299
8  2  5  6 
0.063104
9  3  6 
0.003015
10   3   6 
0.021343
11   1   4   6 
0.029059
11   1   5   6 
0.029059
1  4  7 
0.082199
2  5  1  4  7 
0.375338
2  5  6  4  7 
0.375338
3  9  7 
0.030034
4  7 
0.074471
5  1  4  7 
0.089975
5  6  4  7 
0.089975
6  4  7 
0.040648
8  11   1   4   7 
0.271164
9  7 
0.051550
10   9   7 
0.126153
11   1   4   7 
0.335098
1  11   8 
0.201784
2  8 
0.353637
3  6  5  2  8 
0.073332
4   1  11   8 
0.180901
5  2  8 
0.298095
6  5  2  8 
0.099189
7   4   1  11   8 
0.370108
9  3  6  5  2  8 
0.018088
9   7   4   1  11   8 
0.018088
10   3   6   5   2   8 
0.162012
11   8 
0.341991
1  4  7  9 
0.005145
2  5  6  3  9 
0.059207
3  9 
0.116426
4  7  9 
0.005504
5  6  3  9 
0.013617
6  3  9 
0.002950
7  9 
0.040754
8  2  5  6  3  9 
0.007120
8  11   1   4   7   9 
0.007120
10   9 
0.015317
11   1   4   7   9 
0.005734
1   4   6   3  10 
0.022937
1   4   7   9  10 
0.022937
1   5   6   3  10 
0.039388
2   5   6   3  10 
0.387025
3  10 
0.021396
4   6   3  10 
0.005074
4   7   9  10 
0.005074
5   6   3  10 
0.022982
6   3  10 
0.017693
7   9  10 
0.120145
8   2   5   6   3  10 
0.105740
9  10 
0.013940
11   1   4   6   3  10 
0.012422
11   1   4   7   9  10 
0.012422
11   1   5   6   3  10 
0.013151
1  11 
0.655778
2   8  11 
0.316651
3   6   4   1  11 
0.120066
3   6   5   1  11 
0.120066
4   1  11 
0.262215
5   1  11 
0.314277
6   4   1  11 
0.023406
6   5   1  11 
0.023406
7   4   1  11 
0.379999
8  11 
0.686508
9   7   4   1  11 
0.024752
10   3   6   4   1  11 
0.061682
10   3   6   5   1  11 
0.061682
10   9   7   4   1  11 
0.061682
