2 1 0.249490 0.069545 * 2  5  1  0 
2 1 0.349314 0.008046 * 2   8  11   1 
3 1 0.347280 0.009975 * 3  6  4  1 
3 1 0.328177 0.008867 * 3  6  5  1 
4 1 0.121929 0.020157 * 4  1 
5 1 0.108489 0.084099 * 5  1 
6 1 0.237476 0.008305 * 6  4  1 
6 1 0.218372 0.007383 * 6  5  1 
7 1 0.238281 0.098680 * 7  4  1 
8 1 0.234495 0.074461 * 8  11   1 
9 1 0.448877 0.003008 * 9  3  6  4  1 
9 1 0.429774 0.003008 * 9  3  6  5  1 
9 1 0.343687 0.003629 * 9  7  4  1  0 
10 1 0.451894 0.015046 * 10   3   6   4   1   0 
10 1 0.432791 0.015046 * 10   3   6   5   1   0 
10 1 0.552921 0.008819 * 10   9   3   6   4   1 
10 1 0.533818 0.008819 * 10   9   3   6   5   1 
10 1 0.447731 0.010640 * 10   9   7   4   1   0 
11 1 0.118209 0.492841 * 11   1 
1 2 0.221173 0.030758 * 1  5  2  0 
1 2 0.349983 0.030758 * 1  11   8   2 
3 2 0.331945 0.076454 * 3  6  5  2 
4 2 0.343101 0.012915 * 4  1  5  2  0 
4 2 0.471911 0.012915 * 4   1  11   8   2 
4 2 0.323466 0.005045 * 4  6  5  2  0 
5 2 0.112257 0.108972 * 5  2 
6 2 0.222140 0.040213 * 6  5  2 
7 2 0.459454 0.036788 * 7  4  1  5  2  0 
7 2 0.588264 0.036788 * 7   4   1  11   8   2 
7 2 0.439818 0.014372 * 7  4  6  5  2  0 
7 2 0.535895 0.006750 * 7  9  3  6  5  2 
8 2 0.104662 0.037700 * 8  2 
9 2 0.433542 0.017028 * 9  3  6  5  2 
10 2 0.436559 0.037110 * 10   3   6   5   2   0 
10 2 0.537586 0.016284 * 10   9   3   6   5   2 
11 2 0.216871 0.054386 * 11   8   2 
1 3 0.327151 0.008003 * 1  4  6  3  0 
1 3 0.435596 0.005268 * 1  4  7  9  3 
1 3 0.353137 0.014743 * 1  5  6  3  0 
2 3 0.385222 0.224925 * 2  5  6  3 
4 3 0.215453 0.016569 * 4  6  3  0 
4 3 0.323897 0.010735 * 4  7  9  3 
5 3 0.244221 0.031735 * 5  6  3 
6 3 0.114127 0.059412 * 6  3 
7 3 0.203950 0.020389 * 7  9  3 
8 3 0.489884 0.024016 * 8  2  5  6  3  0  0 
8 3 0.561646 0.013954 * 8  11   1   4   6   3   0 
8 3 0.670090 0.013954 * 8  11   1   4   7   9   3 
8 3 0.587632 0.013954 * 8  11   1   5   6   3   0 
9 3 0.101597 0.046360 * 9  3 
10 3 0.205641 0.035864 * 10   9   3 
10 3 0.104614 0.081734 * 10   3   0 
11 3 0.445360 0.017959 * 11   1   4   6   3   0 
11 3 0.553805 0.011821 * 11   1   4   7   9   3 
11 3 0.471347 0.033084 * 11   1   5   6   3   0 
1 4 0.111699 0.036790 * 1  4 
2 4 0.361188 0.047182 * 2  5  1  4  0 
2 4 0.386642 0.109129 * 2  5  6  4  0 
2 4 0.461013 0.004588 * 2   8  11   1   4 
3 4 0.225351 0.007480 * 3  6  4  0 
3 4 0.323211 0.001299 * 3  9  7  4 
5 4 0.220188 0.008908 * 5  1  4 
5 4 0.245641 0.020603 * 5  6  4 
6 4 0.115547 0.058905 * 6  4 
7 4 0.116353 0.102986 * 7  4 
8 4 0.346193 0.039109 * 8  11   1   4 
9 4 0.221758 0.003531 * 9  7  4 
10 4 0.329965 0.018621 * 10   3   6   4   0 
10 4 0.427824 0.003921 * 10   3   9   7   4 
10 4 0.325802 0.015865 * 10   9   7   4   0 
11 4 0.229908 0.023297 * 11   1   4 
1 5 0.108916 0.065548 * 1  5 
2 5 0.141001 0.660603 * 2  5 
3 5 0.219688 0.055413 * 3  6  5 
4 5 0.230844 0.022162 * 4  1  5 
4 5 0.211209 0.015011 * 4  6  5 
6 5 0.109883 0.062773 * 6  5 
7 5 0.347197 0.061623 * 7  4  1  5  0 
7 5 0.327561 0.041738 * 7  4  6  5  0 
7 5 0.423638 0.019573 * 7  9  3  6  5 
8 5 0.245663 0.088183 * 8  2  5  0 
8 5 0.343411 0.033209 * 8  11   1   5 
9 5 0.321285 0.027897 * 9  3  6  5 
10 5 0.324301 0.031580 * 10   3   6   5   0 
10 5 0.425329 0.013857 * 10   9   3   6   5 
11 5 0.227125 0.167327 * 11   1   5 
1 6 0.213024 0.008022 * 1  4  6 
1 6 0.239010 0.024353 * 1  5  6 
2 6 0.271095 0.219342 * 2  5  6 
3 6 0.109804 0.019530 * 3  6 
4 6 0.101325 0.030876 * 4  6 
5 6 0.130094 0.074249 * 5  6 
7 6 0.217678 0.018558 * 7  4  6  0 
7 6 0.313755 0.012023 * 7  9  3  6 
8 6 0.375757 0.029086 * 8  2  5  6  0 
8 6 0.447519 0.014562 * 8  11   1   4   6 
8 6 0.473505 0.014562 * 8  11   1   5   6 
9 6 0.211401 0.008916 * 9  3  6 
10 6 0.214418 0.018572 * 10   3   6   0 
10 6 0.315446 0.008149 * 10   9   3   6 
11 6 0.331233 0.013829 * 11   1   4   6 
11 6 0.357219 0.038448 * 11   1   5   6 
1 7 0.231645 0.052711 * 1  4  7 
2 7 0.481135 0.193267 * 2  5  1  4  7  0 
2 7 0.592080 0.082364 * 2  5  6  3  9  7 
2 7 0.506589 0.474288 * 2  5  6  4  7  0 
2 7 0.580960 0.018336 * 2   8  11   1   4   7 
3 7 0.206858 0.065372 * 3  9  7 
4 7 0.119947 0.034144 * 4  7 
5 7 0.340134 0.042150 * 5  1  4  7  0 
5 7 0.451079 0.017963 * 5  6  3  9  7 
5 7 0.365588 0.103439 * 5  6  4  7  0 
6 7 0.320985 0.005995 * 6  3  9  7 
6 7 0.235494 0.034520 * 6  4  7  0 
8 7 0.466140 0.308958 * 8  11   1   4   7 
9 7 0.105405 0.034370 * 9  7 
10 7 0.311472 0.020860 * 10   3   9   7 
10 7 0.209449 0.120120 * 10   9   7   0 
11 7 0.349855 0.263191 * 11   1   4   7 
1 8 0.335993 0.036825 * 1  5  2  8 
1 8 0.245321 0.134838 * 1  11   8   0 
2 8 0.114820 0.377020 * 2  8 
3 8 0.446764 0.091761 * 3  6  5  2  8 
4 8 0.457921 0.034908 * 4  1  5  2  8 
4 8 0.367249 0.127364 * 4   1  11   8   0 
4 8 0.438285 0.018505 * 4  6  5  2  8 
5 8 0.227077 0.232491 * 5  2  8 
6 8 0.336960 0.103607 * 6  5  2  8 
7 8 0.574274 0.081849 * 7  4  1  5  2  8 
7 8 0.483602 0.254715 * 7   4   1  11   8   0 
7 8 0.554638 0.043390 * 7  4  6  5  2  8 
9 8 0.548361 0.001117 * 9  3  6  5  2  8  0 
9 8 0.679679 0.013586 * 9  7  4  1  5  2  8 
9 8 0.589007 0.013586 * 9   7   4   1  11   8   0 
9 8 0.660043 0.008279 * 9  7  4  6  5  2  8 
10 8 0.551378 0.008318 * 10   3   6   5   2   8   0   0 
10 8 0.652406 0.004735 * 10   9   3   6   5   2   8   0 
10 8 0.783723 0.048056 * 10   9   7   4   1   5   2   8 
10 8 0.693052 0.048056 * 10   9   7   4   1  11   8   0 
10 8 0.764088 0.035105 * 10   9   7   4   6   5   2   8 
11 8 0.112209 0.301247 * 11   8 
1 9 0.428604 0.000219 * 1  4  6  3  9 
1 9 0.333999 0.001858 * 1  4  7  9  0 
2 9 0.678093 0.004104 * 2  5  1  4  6  3  9 
2 9 0.583488 0.028355 * 2  5  1  4  7  9  0 
2 9 0.486675 0.010190 * 2  5  6  3  9  0  0 
3 9 0.101453 0.020794 * 3  9 
4 9 0.316905 0.000484 * 4  6  3  9 
4 9 0.222300 0.004119 * 4  7  9  0 
5 9 0.537093 0.001036 * 5  1  4  6  3  9 
5 9 0.442488 0.007158 * 5  1  4  7  9  0 
5 9 0.345674 0.002572 * 5  6  3  9  0  0 
6 9 0.215580 0.003460 * 6  3  9 
7 9 0.102353 0.031843 * 7  9 
8 9 0.782756 0.002464 * 8  2  5  1  4  6  3  9 
8 9 0.688150 0.002926 * 8  2  5  1  4  7  9  0 
8 9 0.591337 0.002926 * 8  2  5  6  3  9  0  0 
8 9 0.663098 0.000912 * 8  11   1   4   6   3   9   0 
8 9 0.568493 0.000912 * 8  11   1   4   7   9   0   0 
10 9 0.206066 0.002252 * 10   3   9 
10 9 0.104044 0.012969 * 10   9   0 
11 9 0.546813 0.003036 * 11   1   4   6   3   9 
11 9 0.452208 0.004757 * 11   1   4   7   9   0 
1 10 0.530267 0.009820 * 1   4   6   3   9  10 
1 10 0.434753 0.009820 * 1   4   6   3  10   0 
1 10 0.435662 0.012353 * 1   4   7   9  10   0 
1 10 0.556253 0.026390 * 1   5   6   3   9  10 
1 10 0.460739 0.026390 * 1   5   6   3  10   0 
2 10 0.588338 0.070310 * 2   5   6   3   9  10 
2 10 0.492824 0.329952 * 2   5   6   3  10   0 
3 10 0.203115 0.003905 * 3   9  10 
3 10 0.107602 0.022486 * 3  10   0 
4 10 0.418568 0.002810 * 4   6   3   9  10 
4 10 0.323055 0.002810 * 4   6   3  10   0 
4 10 0.323963 0.003535 * 4   7   9  10   0 
5 10 0.447337 0.004564 * 5   6   3   9  10 
5 10 0.351824 0.026281 * 5   6   3  10   0 
6 10 0.317243 0.002550 * 6   3   9  10 
6 10 0.221729 0.014685 * 6   3  10   0 
7 10 0.204016 0.144302 * 7   9  10 
8 10 0.693000 0.021308 * 8   2   5   6   3   9  10   0 
8 10 0.597486 0.021308 * 8   2   5   6   3  10   0   0 
8 10 0.764761 0.011580 * 8  11   1   4   6   3   9  10 
8 10 0.669248 0.011580 * 8  11   1   4   6   3  10   0 
8 10 0.670156 0.013993 * 8  11   1   4   7   9  10   0 
8 10 0.790747 0.013993 * 8  11   1   5   6   3   9  10 
8 10 0.695234 0.013993 * 8  11   1   5   6   3  10   0 
9 10 0.101663 0.010242 * 9  10 
11 10 0.648476 0.004872 * 11   1   4   6   3   9  10 
11 10 0.552963 0.004872 * 11   1   4   6   3  10   0 
11 10 0.553871 0.006129 * 11   1   4   7   9  10   0 
11 10 0.674462 0.011149 * 11   1   5   6   3   9  10 
11 10 0.578949 0.011149 * 11   1   5   6   3  10   0 
1 11 0.133112 0.542712 * 1  11 
2 11 0.231105 0.304925 * 2   8  11 
3 11 0.480392 0.086813 * 3   6   4   1  11   0 
3 11 0.461288 0.086101 * 3   6   5   1  11   0 
3 11 0.563050 0.022573 * 3   6   5   2   8  11 
4 11 0.255040 0.125477 * 4   1  11 
5 11 0.241601 0.269006 * 5   1  11   0 
5 11 0.343362 0.031123 * 5   2   8  11 
6 11 0.370587 0.022180 * 6   4   1  11   0 
6 11 0.351484 0.021998 * 6   5   1  11   0 
6 11 0.453245 0.005767 * 6   5   2   8  11 
7 11 0.371393 0.328893 * 7   4   1  11 
8 11 0.116286 0.662890 * 8  11 
9 11 0.581989 0.007577 * 9   3   6   4   1  11   0 
9 11 0.562885 0.007577 * 9   3   6   5   1  11   0 
9 11 0.664647 0.007037 * 9   3   6   5   2   8  11 
9 11 0.476798 0.008670 * 9   7   4   1  11   0   0 
10 11 0.585005 0.036574 * 10   3   6   4   1  11   0   0 
10 11 0.565902 0.036574 * 10   3   6   5   1  11   0   0 
10 11 0.667664 0.020131 * 10   3   6   5   2   8  11   0 
10 11 0.686033 0.021675 * 10   9   3   6   4   1  11   0 
10 11 0.666930 0.021675 * 10   9   3   6   5   1  11   0 
10 11 0.768691 0.020131 * 10   9   3   6   5   2   8  11 
10 11 0.580842 0.024801 * 10   9   7   4   1  11   0   0 
