2 1 2 0.065514 * 2  5  1 
3 1 3 0.011902 * 3  6  4  1 
3 1 3 0.011902 * 3  6  5  1 
4 1 1 0.012344 * 4  1 
5 1 1 0.109446 * 5  1 
6 1 2 0.007763 * 6  4  1 
6 1 2 0.007763 * 6  5  1 
7 1 2 0.085277 * 7  4  1 
8 1 2 0.079853 * 8  11   1 
9 1 3 0.026224 * 9  7  4  1 
10 1 4 0.013657 * 10   3   6   4   1 
10 1 4 0.013657 * 10   3   6   5   1 
10 1 4 0.013657 * 10   9   7   4   1 
11 1 1 0.417776 * 11   1 
1 2 2 0.064568 * 1  5  2 
3 2 3 0.076709 * 3  6  5  2 
4 2 3 0.075700 * 4  1  5  2 
4 2 3 0.075700 * 4  6  5  2 
5 2 1 0.115573 * 5  2 
6 2 2 0.048953 * 6  5  2 
7 2 4 0.058867 * 7  4  1  5  2 
7 2 4 0.058867 * 7  4  6  5  2 
8 2 1 0.027901 * 8  2 
9 2 4 0.015927 * 9  3  6  5  2 
10 2 4 0.046047 * 10   3   6   5   2 
11 2 2 0.046843 * 11   8   2 
1 3 3 0.013681 * 1  4  6  3 
1 3 3 0.013681 * 1  5  6  3 
2 3 3 0.283443 * 2  5  6  3 
4 3 2 0.026982 * 4  6  3 
5 3 2 0.054948 * 5  6  3 
6 3 1 0.090682 * 6  3 
7 3 2 0.030796 * 7  9  3 
8 3 4 0.076400 * 8  2  5  6  3 
9 3 1 0.071185 * 9  3 
10 3 1 0.098086 * 10   3 
11 3 4 0.031829 * 11   1   4   6   3 
11 3 4 0.031829 * 11   1   5   6   3 
1 4 1 0.019242 * 1  4 
2 4 3 0.081469 * 2  5  1  4 
2 4 3 0.081469 * 2  5  6  4 
3 4 2 0.011781 * 3  6  4 
5 4 2 0.022532 * 5  1  4 
5 4 2 0.022532 * 5  6  4 
6 4 1 0.007377 * 6  4 
7 4 1 1.005075 * 7  4 
8 4 3 0.026078 * 8  11   1   4 
9 4 2 0.006688 * 9  7  4 
10 4 3 0.018747 * 10   3   6   4 
10 4 3 0.018747 * 10   9   7   4 
11 4 2 0.025327 * 11   1   4 
1 5 1 0.074517 * 1  5 
2 5 1 0.628892 * 2  5 
3 5 2 0.039978 * 3  6  5 
4 5 2 0.014756 * 4  1  5 
4 5 2 0.014756 * 4  6  5 
6 5 1 0.086696 * 6  5 
7 5 3 0.041672 * 7  4  1  5 
7 5 3 0.041672 * 7  4  6  5 
8 5 2 0.144442 * 8  2  5 
9 5 3 0.027727 * 9  3  6  5 
10 5 3 0.041513 * 10   3   6   5 
11 5 2 0.159082 * 11   1   5 
1 6 2 0.030659 * 1  4  6 
1 6 2 0.030659 * 1  5  6 
2 6 2 0.180230 * 2  5  6 
3 6 1 0.019986 * 3  6 
4 6 1 0.017613 * 4  6 
5 6 1 0.081956 * 5  6 
7 6 2 0.025466 * 7  4  6 
8 6 3 0.064135 * 8  2  5  6 
9 6 2 0.004409 * 9  3  6 
10 6 2 0.020650 * 10   3   6 
11 6 3 0.027300 * 11   1   4   6 
11 6 3 0.027300 * 11   1   5   6 
1 7 2 0.094718 * 1  4  7 
2 7 4 0.406585 * 2  5  1  4  7 
2 7 4 0.406585 * 2  5  6  4  7 
3 7 2 0.027830 * 3  9  7 
4 7 1 0.049720 * 4  7 
5 7 3 0.094532 * 5  1  4  7 
5 7 3 0.094532 * 5  6  4  7 
6 7 2 0.038671 * 6  4  7 
8 7 4 0.274839 * 8  11   1   4   7 
9 7 1 0.047000 * 9  7 
10 7 2 0.135144 * 10   9   7 
11 7 3 0.454880 * 11   1   4   7 
1 8 2 0.184481 * 1  11   8 
2 8 1 0.351926 * 2  8 
3 8 4 0.072523 * 3  6  5  2  8 
4 8 3 0.182351 * 4   1  11   8 
5 8 2 0.279917 * 5  2  8 
6 8 3 0.108666 * 6  5  2  8 
7 8 4 0.355216 * 7   4   1  11   8 
9 8 5 0.017443 * 9  3  6  5  2  8 
9 8 5 0.017443 * 9   7   4   1  11   8 
10 8 5 0.154931 * 10   3   6   5   2   8 
11 8 1 0.274087 * 11   8 
1 9 3 0.003746 * 1  4  7  9 
2 9 4 0.066583 * 2  5  6  3  9 
3 9 1 0.027862 * 3  9 
4 9 2 0.004352 * 4  7  9 
5 9 3 0.013155 * 5  6  3  9 
6 9 2 0.002567 * 6  3  9 
7 9 1 0.045468 * 7  9 
8 9 5 0.007434 * 8  2  5  6  3  9 
8 9 5 0.007434 * 8  11   1   4   7   9 
10 9 1 0.016583 * 10   9 
11 9 4 0.005303 * 11   1   4   7   9 
1 10 4 0.022654 * 1   4   6   3  10 
1 10 4 0.022654 * 1   4   7   9  10 
1 10 4 0.038510 * 1   5   6   3  10 
2 10 4 0.390740 * 2   5   6   3  10 
3 10 1 0.023704 * 3  10 
4 10 3 0.005615 * 4   6   3  10 
4 10 3 0.005615 * 4   7   9  10 
5 10 3 0.023582 * 5   6   3  10 
6 10 2 0.014265 * 6   3  10 
7 10 2 0.112296 * 7   9  10 
8 10 5 0.107014 * 8   2   5   6   3  10 
9 10 1 0.015663 * 9  10 
11 10 5 0.013737 * 11   1   4   6   3  10 
11 10 5 0.013737 * 11   1   4   7   9  10 
11 10 5 0.015934 * 11   1   5   6   3  10 
1 11 1 0.593014 * 1  11 
2 11 2 0.354946 * 2   8  11 
3 11 4 0.157055 * 3   6   4   1  11 
3 11 4 0.157055 * 3   6   5   1  11 
4 11 2 0.230235 * 4   1  11 
5 11 2 0.372004 * 5   1  11 
6 11 3 0.028605 * 6   4   1  11 
6 11 3 0.028605 * 6   5   1  11 
7 11 3 0.324807 * 7   4   1  11 
8 11 1 0.693138 * 8  11 
9 11 4 0.022586 * 9   7   4   1  11 
10 11 5 0.055007 * 10   3   6   4   1  11 
10 11 5 0.055007 * 10   3   6   5   1  11 
10 11 5 0.055007 * 10   9   7   4   1  11 
