1  5  2  0  0  0  0  0  0  0 
7.030824e-002
1  11   8   2   0   0   0   0   0   0 
2.437453e-013
1  4  6  5  2  0  0  0  0  0 
1.222119e-013
1  4  6  3  0  0  0  0  0  0 
2.537308e-002
1  5  6  3  0  0  0  0  0  0 
2.233898e-002
1  4  7  9  3  0  0  0  0  0 
2.423259e-013
1  4  0  0  0  0  0  0  0  0 
4.063863e-002
1  5  6  4  0  0  0  0  0  0 
1.221372e-013
1  5  0  0  0  0  0  0  0  0 
8.220109e-002
1  4  6  5  0  0  0  0  0  0 
1.223494e-013
1  11   8   2   5   0   0   0   0   0 
8.161066e-014
1  4  6  0  0  0  0  0  0  0 
1.993412e-002
1  5  6  0  0  0  0  0  0  0 
1.839597e-002
1  4  7  0  0  0  0  0  0  0 
8.085063e-002
1  5  6  4  7  0  0  0  0  0 
1.224040e-013
1  11   8   0   0   0   0   0   0   0 
1.973427e-001
1  5  2  8  0  0  0  0  0  0 
2.449146e-013
1  4  6  5  2  8  0  0  0  0 
8.174689e-014
1  4  7  9  0  0  0  0  0  0 
2.447430e-003
1  4  6  3  9  0  0  0  0  0 
2.775223e-013
1  5  6  3  9  0  0  0  0  0 
2.821755e-013
1   4   6   3  10   0   0   0   0   0 
2.441783e-002
1   5   6   3  10   0   0   0   0   0 
2.190424e-002
1   4   7   9  10   0   0   0   0   0 
3.510398e-002
1  11   0   0   0   0   0   0   0   0 
8.302699e-001
1   5   2   8  11   0   0   0   0   0 
8.182951e-014
2  5  1  0  0  0  0  0  0  0 
7.551267e-002
2   8  11   1   0   0   0   0   0   0 
2.440702e-013
2  5  6  4  1  0  0  0  0  0 
1.222619e-013
2  5  6  3  0  0  0  0  0  0 
3.058628e-001
2  5  1  4  6  3  0  0  0  0 
1.226517e-013
2  5  1  4  0  0  0  0  0  0 
8.329690e-002
2  5  6  4  0  0  0  0  0  0 
7.617206e-002
2   8  11   1   4   0   0   0   0   0 
2.445402e-013
2  5  0  0  0  0  0  0  0  0 
6.248005e-001
2   8  11   1   5   0   0   0   0   0 
8.182159e-014
2   8  11   1   4   6   5   0   0   0 
4.909296e-014
2  5  6  0  0  0  0  0  0  0 
1.940886e-001
2  5  1  4  6  0  0  0  0  0 
1.225916e-013
2  5  1  4  7  0  0  0  0  0 
3.879417e-001
2  5  6  4  7  0  0  0  0  0 
3.821266e-001
2   8  11   1   4   7   0   0   0   0 
2.453622e-013
2  8  0  0  0  0  0  0  0  0 
3.113948e-001
2   5   1  11   8   0   0   0   0   0 
8.173395e-014
2  5  6  3  9  0  0  0  0  0 
4.404213e-002
2   5   6   3  10   9   0   0   0   0 
2.442211e-013
2  5  1  4  7  9  0  0  0  0 
2.442996e-013
2   5   6   3  10   0   0   0   0   0 
4.493632e-001
2   5   6   3   9  10   0   0   0   0 
2.445411e-013
2   8  11   0   0   0   0   0   0   0 
2.300820e-001
2   5   1  11   0   0   0   0   0   0 
2.446841e-013
3  6  4  1  0  0  0  0  0  0 
8.253194e-003
3  6  5  1  0  0  0  0  0  0 
8.674501e-003
3  9  7  4  1  0  0  0  0  0 
2.406691e-013
3  6  5  2  0  0  0  0  0  0 
6.805102e-002
3  6  4  1  5  2  0  0  0  0 
1.223513e-013
3  6  4  0  0  0  0  0  0  0 
5.270865e-003
3  9  7  4  0  0  0  0  0  0 
2.336004e-013
3  6  5  0  0  0  0  0  0  0 
3.643227e-002
3  6  4  1  5  0  0  0  0  0 
1.220739e-013
3  6  0  0  0  0  0  0  0  0 
2.545113e-002
3  9  7  4  6  0  0  0  0  0 
8.109579e-014
3  10   9   7   4   6   0   0   0   0 
6.102906e-014
3  9  7  0  0  0  0  0  0  0 
2.212441e-002
3  10   9   7   0   0   0   0   0   0 
2.422943e-013
3  6  4  7  0  0  0  0  0  0 
2.431560e-013
3  6  5  2  8  0  0  0  0  0 
6.456238e-002
3   6   4   1  11   8   0   0   0   0 
2.433805e-013
3   6   5   1  11   8   0   0   0   0 
2.433686e-013
3  9  0  0  0  0  0  0  0  0 
1.641295e-002
3  10   9   0   0   0   0   0   0   0 
2.424713e-013
3  6  4  7  9  0  0  0  0  0 
8.093397e-014
3  10   0   0   0   0   0   0   0   0 
1.768242e-002
3   9  10   0   0   0   0   0   0   0 
2.381359e-013
3   6   4   1  11   0   0   0   0   0 
5.302506e-002
3   6   5   1  11   0   0   0   0   0 
5.749134e-002
3   9   7   4   1  11   0   0   0   0 
2.425081e-013
4  1  0  0  0  0  0  0  0  0 
1.284510e-002
4  6  5  1  0  0  0  0  0  0 
1.212634e-013
4  1  5  2  0  0  0  0  0  0 
9.842000e-002
4  6  5  2  0  0  0  0  0  0 
1.164903e-001
4   1  11   8   2   0   0   0   0   0 
2.446145e-013
4  6  3  0  0  0  0  0  0  0 
3.056305e-002
4  7  9  3  0  0  0  0  0  0 
2.409562e-013
4  1  5  6  3  0  0  0  0  0 
1.214471e-013
4  1  5  0  0  0  0  0  0  0 
1.565022e-002
4  6  5  0  0  0  0  0  0  0 
1.589721e-002
4  6  0  0  0  0  0  0  0  0 
3.762246e-002
4  1  5  6  0  0  0  0  0  0 
1.219187e-013
4  7  9  3  6  0  0  0  0  0 
8.139567e-014
4  7  0  0  0  0  0  0  0  0 
3.174644e-001
4  6  3  9  7  0  0  0  0  0 
8.171244e-014
4   6   3  10   9   7   0   0   0   0 
6.139208e-014
4   1  11   8   0   0   0   0   0   0 
1.680382e-001
4  1  5  2  8  0  0  0  0  0 
2.448712e-013
4  6  5  2  8  0  0  0  0  0 
2.449090e-013
4  7  9  0  0  0  0  0  0  0 
4.215975e-003
4  6  3  9  0  0  0  0  0  0 
2.196343e-013
4   6   3  10   9   0   0   0   0   0 
1.069840e-013
4   7   9  10   0   0   0   0   0   0 
7.312097e-003
4   6   3  10   0   0   0   0   0   0 
6.462148e-003
4   6   3   9  10   0   0   0   0   0 
2.420515e-013
4   1  11   0   0   0   0   0   0   0 
1.449118e-001
4   6   5   1  11   0   0   0   0   0 
1.225401e-013
5  1  0  0  0  0  0  0  0  0 
8.128072e-002
5  6  4  1  0  0  0  0  0  0 
1.223493e-013
5   2   8  11   1   0   0   0   0   0 
8.162775e-014
5  2  0  0  0  0  0  0  0  0 
9.799341e-002
5   1  11   8   2   0   0   0   0   0 
8.168593e-014
5  6  3  0  0  0  0  0  0  0 
5.857686e-002
5  1  4  6  3  0  0  0  0  0 
1.223015e-013
5  1  4  0  0  0  0  0  0  0 
2.999659e-002
5  6  4  0  0  0  0  0  0  0 
2.668205e-002
5  6  0  0  0  0  0  0  0  0 
6.911491e-002
5  1  4  6  0  0  0  0  0  0 
1.223576e-013
5  1  4  7  0  0  0  0  0  0 
7.436481e-002
5  6  4  7  0  0  0  0  0  0 
7.811111e-002
5  6  3  9  7  0  0  0  0  0 
2.431945e-013
5  2  8  0  0  0  0  0  0  0 
2.875759e-001
5   1  11   8   0   0   0   0   0   0 
2.449187e-013
5  6  3  9  0  0  0  0  0  0 
1.563844e-002
5  1  4  7  9  0  0  0  0  0 
2.398489e-013
5  6  4  7  9  0  0  0  0  0 
2.398186e-013
5   6   3  10   0   0   0   0   0   0 
4.771369e-002
5   6   3   9  10   0   0   0   0   0 
2.412310e-013
5   1  11   0   0   0   0   0   0   0 
2.870999e-001
5   2   8  11   0   0   0   0   0   0 
2.451870e-013
6  4  1  0  0  0  0  0  0  0 
6.701072e-003
6  5  1  0  0  0  0  0  0  0 
7.046473e-003
6  5  2  0  0  0  0  0  0  0 
4.418869e-002
6  4  1  5  2  0  0  0  0  0 
1.221791e-013
6  3  0  0  0  0  0  0  0  0 
2.601571e-002
6  4  7  9  3  0  0  0  0  0 
8.125053e-014
6   4   7   9  10   3   0   0   0   0 
6.102500e-014
6  4  0  0  0  0  0  0  0  0 
1.063093e-002
6  5  1  4  0  0  0  0  0  0 
1.203963e-013
6  3  9  7  4  0  0  0  0  0 
8.033110e-014
6  5  0  0  0  0  0  0  0  0 
7.100523e-002
6  4  1  5  0  0  0  0  0  0 
1.223644e-013
6  4  7  0  0  0  0  0  0  0 
3.585561e-002
6  3  9  7  0  0  0  0  0  0 
2.411998e-013
6  5  2  8  0  0  0  0  0  0 
9.968656e-002
6   4   1  11   8   0   0   0   0   0 
2.441099e-013
6   5   1  11   8   0   0   0   0   0 
2.441186e-013
6  3  9  0  0  0  0  0  0  0 
2.026800e-003
6   3  10   9   0   0   0   0   0   0 
1.882658e-013
6  4  7  9  0  0  0  0  0  0 
2.053759e-013
6   3  10   0   0   0   0   0   0   0 
1.707751e-002
6   3   9  10   0   0   0   0   0   0 
2.364360e-013
6   4   7   9  10   0   0   0   0   0 
1.206528e-013
6   4   1  11   0   0   0   0   0   0 
2.136577e-002
6   5   1  11   0   0   0   0   0   0 
2.379786e-002
6   5   2   8  11   0   0   0   0   0 
2.433843e-013
7  4  1  0  0  0  0  0  0  0 
9.829423e-002
7  4  6  5  1  0  0  0  0  0 
1.224553e-013
7  4  6  5  2  0  0  0  0  0 
5.559221e-002
7  4  1  5  2  0  0  0  0  0 
5.043455e-002
7  9  3  6  5  2  0  0  0  0 
2.437075e-013
7  9  3  0  0  0  0  0  0  0 
2.640219e-002
7  4  6  3  0  0  0  0  0  0 
2.425808e-013
7   9  10   3   0   0   0   0   0   0 
2.412364e-013
7  4  0  0  0  0  0  0  0  0 
4.737660e-001
7  9  3  6  4  0  0  0  0  0 
8.182949e-014
7   9  10   3   6   4   0   0   0   0 
6.137954e-014
7  4  6  5  0  0  0  0  0  0 
3.625787e-002
7  4  1  5  0  0  0  0  0  0 
3.460117e-002
7  9  3  6  5  0  0  0  0  0 
2.429628e-013
7  4  6  0  0  0  0  0  0  0 
3.397600e-002
7  9  3  6  0  0  0  0  0  0 
2.422099e-013
7   4   1  11   8   0   0   0   0   0 
2.859069e-001
7  4  6  5  2  8  0  0  0  0 
2.450407e-013
7  4  1  5  2  8  0  0  0  0 
2.450378e-013
7  9  0  0  0  0  0  0  0  0 
4.684560e-002
7  4  6  3  9  0  0  0  0  0 
8.136147e-014
7   4   6   3  10   9   0   0   0   0 
6.119317e-014
7   9  10   0   0   0   0   0   0   0 
1.124733e-001
7   9   3  10   0   0   0   0   0   0 
2.445118e-013
7   4   6   3  10   0   0   0   0   0 
1.224784e-013
7   4   1  11   0   0   0   0   0   0 
3.472021e-001
8  11   1   0   0   0   0   0   0   0 
1.201217e-001
8  2  5  1  0  0  0  0  0  0 
2.445503e-013
8  2  0  0  0  0  0  0  0  0 
2.070213e-002
8  11   1   5   2   0   0   0   0   0 
8.115966e-014
8  11   1   4   6   5   2   0   0   0 
4.880639e-014
8  2  5  6  3  0  0  0  0  0 
3.343431e-002
8  11   1   5   6   3   0   0   0   0 
2.420488e-013
8  11   1   4   6   3   0   0   0   0 
2.419392e-013
8  11   1   4   0   0   0   0   0   0 
4.330533e-002
8  2  5  1  4  0  0  0  0  0 
2.422821e-013
8  2  5  6  4  0  0  0  0  0 
2.423115e-013
8  2  5  0  0  0  0  0  0  0 
1.299834e-001
8  11   1   5   0   0   0   0   0   0 
2.446877e-013
8  2  5  6  0  0  0  0  0  0 
4.499956e-002
8  11   1   5   6   0   0   0   0   0 
2.426517e-013
8  11   1   4   6   0   0   0   0   0 
2.425782e-013
8  11   1   4   7   0   0   0   0   0 
2.698925e-001
8  2  5  1  4  7  0  0  0  0 
2.449293e-013
8  2  5  6  4  7  0  0  0  0 
2.449325e-013
8  11   1   4   7   9   0   0   0   0 
6.550230e-003
8  2  5  6  3  9  0  0  0  0 
7.376025e-003
8  11   1   5   6   3   9   0   0   0 
2.458680e-013
8   2   5   6   3  10   0   0   0   0 
1.179175e-001
8   2   5   6   3   9  10   0   0   0 
2.433458e-013
8  11   1   4   7   9  10   0   0   0 
2.445245e-013
8  11   0   0   0   0   0   0   0   0 
6.887655e-001
8   2   5   1  11   0   0   0   0   0 
8.176824e-014
9  7  4  1  0  0  0  0  0  0 
1.226236e-002
9  3  6  4  1  0  0  0  0  0 
2.312869e-013
9  3  6  5  1  0  0  0  0  0 
2.312937e-013
9  3  6  5  2  0  0  0  0  0 
1.436448e-002
9  10   3   6   5   2   0   0   0   0 
2.360425e-013
9  7  4  6  5  2  0  0  0  0 
2.372501e-013
9  3  0  0  0  0  0  0  0  0 
5.859382e-002
9  10   3   0   0   0   0   0   0   0 
2.436861e-013
9  7  4  6  3  0  0  0  0  0 
8.158610e-014
9  7  4  0  0  0  0  0  0  0 
7.916415e-003
9  3  6  4  0  0  0  0  0  0 
2.279300e-013
9  10   3   6   4   0   0   0   0   0 
1.158759e-013
9  3  6  5  0  0  0  0  0  0 
3.567187e-002
9  10   3   6   5   0   0   0   0   0 
2.422345e-013
9  7  4  6  5  0  0  0  0  0 
2.429022e-013
9  3  6  0  0  0  0  0  0  0 
2.373735e-003
9  10   3   6   0   0   0   0   0   0 
4.268434e-013
9  7  4  6  0  0  0  0  0  0 
4.263400e-013
9  7  0  0  0  0  0  0  0  0 
3.082498e-002
9  3  6  4  7  0  0  0  0  0 
8.131749e-014
9  10   3   6   4   7   0   0   0   0 
6.107575e-014
9   7   4   1  11   8   0   0   0   0 
1.524482e-002
9  3  6  5  2  8  0  0  0  0 
1.991974e-002
9  10   3   6   5   2   8   0   0   0 
2.429009e-013
9  10   0   0   0   0   0   0   0   0 
1.577725e-002
9   3  10   0   0   0   0   0   0   0 
2.409233e-013
9   7   4   1  11   0   0   0   0   0 
2.759998e-002
9   3   6   4   1  11   0   0   0   0 
2.405690e-013
9   3   6   5   1  11   0   0   0   0 
2.406173e-013
10   3   6   4   1   0   0   0   0   0 
1.540031e-002
10   9   7   4   1   0   0   0   0   0 
1.814687e-002
10   3   6   5   1   0   0   0   0   0 
1.674984e-002
10   3   6   5   2   0   0   0   0   0 
4.133836e-002
10   9   3   6   5   2   0   0   0   0 
2.425154e-013
10   3   0   0   0   0   0   0   0   0 
1.057471e-001
10   9   3   0   0   0   0   0   0   0 
2.443087e-013
10   3   6   4   0   0   0   0   0   0 
7.117828e-003
10   9   7   4   0   0   0   0   0   0 
7.649927e-003
10   3   9   7   4   0   0   0   0   0 
2.423018e-013
10   3   6   5   0   0   0   0   0   0 
4.518592e-002
10   9   3   6   5   0   0   0   0   0 
2.426778e-013
10   3   6   0   0   0   0   0   0   0 
2.676787e-002
10   9   3   6   0   0   0   0   0   0 
2.416319e-013
10   9   7   0   0   0   0   0   0   0 
1.127794e-001
10   3   9   7   0   0   0   0   0   0 
2.432022e-013
10   3   6   5   2   8   0   0   0   0 
1.280057e-001
10   9   3   6   5   2   8   0   0   0 
2.443214e-013
10   3   6   5   1  11   8   0   0   0 
2.443666e-013
10   9   0   0   0   0   0   0   0   0 
1.439256e-002
10   3   9   0   0   0   0   0   0   0 
2.381484e-013
10   3   6   4   1  11   0   0   0   0 
5.874471e-002
10   3   6   5   1  11   0   0   0   0 
6.035728e-002
10   9   7   4   1  11   0   0   0   0 
9.189239e-002
11   1   0   0   0   0   0   0   0   0 
5.617598e-001
11   8   2   5   1   0   0   0   0   0 
8.179879e-014
11   8   2   0   0   0   0   0   0   0 
5.792152e-002
11   1   5   2   0   0   0   0   0   0 
2.438748e-013
11   1   4   6   3   0   0   0   0   0 
5.339880e-002
11   1   5   6   3   0   0   0   0   0 
4.432472e-002
11   8   2   5   6   3   0   0   0   0 
2.440007e-013
11   1   4   0   0   0   0   0   0   0 
1.530397e-002
11   1   5   6   4   0   0   0   0   0 
1.214572e-013
11   1   5   0   0   0   0   0   0   0 
1.451937e-001
11   8   2   5   0   0   0   0   0   0 
2.446173e-013
11   1   4   6   5   0   0   0   0   0 
1.224589e-013
11   1   4   6   0   0   0   0   0   0 
4.065584e-002
11   1   5   6   0   0   0   0   0   0 
3.410487e-002
11   8   2   5   6   0   0   0   0   0 
2.437860e-013
11   1   4   7   0   0   0   0   0   0 
2.845978e-001
11   8   0   0   0   0   0   0   0   0 
2.609740e-001
11   1   5   2   8   0   0   0   0   0 
8.176485e-014
11   1   4   7   9   0   0   0   0   0 
4.808685e-003
11   1   4   6   3   9   0   0   0   0 
2.105704e-013
11   1   5   6   3   9   0   0   0   0 
2.114741e-013
11   1   4   7   9  10   0   0   0   0 
1.338619e-002
11   1   5   6   3  10   0   0   0   0 
1.042335e-002
11   1   4   6   3  10   0   0   0   0 
1.101233e-002
