2 1 0.245590 0.071760 * 2  5  1  0 
2 1 0.356457 0.007958 * 2   8  11   1 
3 1 0.352822 0.010910 * 3  6  4  1 
3 1 0.332388 0.007680 * 3  6  5  1 
4 1 0.121912 0.021141 * 4  1 
5 1 0.108127 0.120528 * 5  1 
6 1 0.239825 0.011698 * 6  4  1 
6 1 0.219391 0.008236 * 6  5  1 
7 1 0.240887 0.107182 * 7  4  1 
8 1 0.239788 0.058195 * 8  11   1 
9 1 0.455247 0.006188 * 9  3  6  4  1 
9 1 0.434813 0.006188 * 9  3  6  5  1 
9 1 0.344052 0.001725 * 9  7  4  1  0 
10 1 0.459484 0.021046 * 10   3   6   4   1   0 
10 1 0.439050 0.019932 * 10   3   6   5   1   0 
10 1 0.557226 0.003862 * 10   9   3   6   4   1 
10 1 0.536792 0.003862 * 10   9   3   6   5   1 
10 1 0.446031 0.002341 * 10   9   7   4   1   0 
11 1 0.121314 0.455242 * 11   1 
1 2 0.225390 0.039099 * 1  5  2  0 
1 2 0.346583 0.039099 * 1  11   8   2 
3 2 0.339136 0.095188 * 3  6  5  2 
4 2 0.347301 0.047903 * 4  1  5  2  0 
4 2 0.468495 0.047903 * 4   1  11   8   2 
4 2 0.327555 0.021406 * 4  6  5  2  0 
5 2 0.114875 0.150067 * 5  2 
6 2 0.226139 0.051833 * 6  5  2 
7 2 0.466276 0.029197 * 7  4  1  5  2  0 
7 2 0.587470 0.029197 * 7   4   1  11   8   2 
7 2 0.446531 0.020725 * 7  4  6  5  2  0 
7 2 0.544096 0.008669 * 7  9  3  6  5  2 
8 2 0.104526 0.027770 * 8  2 
9 2 0.441561 0.009555 * 9  3  6  5  2 
10 2 0.445798 0.038620 * 10   3   6   5   2   0 
10 2 0.543540 0.005542 * 10   9   3   6   5   2 
11 2 0.216513 0.052362 * 11   8   2 
1 3 0.330877 0.010696 * 1  4  6  3  0 
1 3 0.447326 0.012221 * 1  4  7  9  3 
1 3 0.356986 0.018963 * 1  5  6  3  0 
2 3 0.383934 0.252264 * 2  5  6  3 
4 3 0.216625 0.011985 * 4  6  3  0 
4 3 0.333075 0.013694 * 4  7  9  3 
5 3 0.246471 0.037259 * 5  6  3 
6 3 0.115209 0.087776 * 6  3 
7 3 0.204960 0.054584 * 7  9  3 
8 3 0.488460 0.012395 * 8  2  5  6  3  0  0 
8 3 0.570665 0.009669 * 8  11   1   4   6   3   0 
8 3 0.687115 0.009669 * 8  11   1   4   7   9   3 
8 3 0.596774 0.009669 * 8  11   1   5   6   3   0 
9 3 0.102426 0.083477 * 9  3 
10 3 0.204405 0.009649 * 10   9   3 
10 3 0.106662 0.067236 * 10   3   0 
11 3 0.452191 0.032886 * 11   1   4   6   3   0 
11 3 0.568640 0.037574 * 11   1   4   7   9   3 
11 3 0.478300 0.058299 * 11   1   5   6   3   0 
1 4 0.114251 0.020412 * 1  4 
2 4 0.359842 0.036366 * 2  5  1  4  0 
2 4 0.386639 0.082317 * 2  5  6  4  0 
2 4 0.470709 0.002925 * 2   8  11   1   4 
3 4 0.230910 0.013559 * 3  6  4  0 
3 4 0.324132 0.002203 * 3  9  7  4 
5 4 0.222378 0.013653 * 5  1  4 
5 4 0.249176 0.030904 * 5  6  4 
6 4 0.117913 0.009130 * 6  4 
7 4 0.118975 0.519666 * 7  4 
8 4 0.354040 0.030500 * 8  11   1   4 
9 4 0.222140 0.009773 * 9  7  4 
10 4 0.337572 0.015413 * 10   3   6   4   0 
10 4 0.430794 0.003929 * 10   3   9   7   4 
10 4 0.324119 0.000904 * 10   9   7   4   0 
11 4 0.235566 0.025413 * 11   1   4 
1 5 0.110515 0.075619 * 1  5 
2 5 0.137463 0.533988 * 2  5 
3 5 0.224261 0.061522 * 3  6  5 
4 5 0.232426 0.027219 * 4  1  5 
4 5 0.212681 0.019113 * 4  6  5 
6 5 0.111264 0.054304 * 6  5 
7 5 0.351401 0.038594 * 7  4  1  5  0 
7 5 0.331656 0.028628 * 7  4  6  5  0 
7 5 0.429221 0.018191 * 7  9  3  6  5 
8 5 0.241989 0.094473 * 8  2  5  0 
8 5 0.350303 0.037906 * 8  11   1   5 
9 5 0.326686 0.032184 * 9  3  6  5 
10 5 0.330923 0.070087 * 10   3   6   5   0 
10 5 0.428665 0.010058 * 10   9   3   6   5 
11 5 0.231829 0.196062 * 11   1   5 
1 6 0.215668 0.009494 * 1  4  6 
1 6 0.241777 0.021546 * 1  5  6 
2 6 0.268726 0.202396 * 2  5  6 
3 6 0.112997 0.026559 * 3  6 
4 6 0.101417 0.019293 * 4  6 
5 6 0.131263 0.127614 * 5  6 
7 6 0.220392 0.015879 * 7  4  6  0 
7 6 0.317957 0.018143 * 7  9  3  6 
8 6 0.373252 0.026708 * 8  2  5  6  0 
8 6 0.455457 0.015438 * 8  11   1   4   6 
8 6 0.481566 0.015438 * 8  11   1   5   6 
9 6 0.215423 0.003862 * 9  3  6 
10 6 0.219659 0.025817 * 10   3   6   0 
10 6 0.317402 0.003705 * 10   9   3   6 
11 6 0.336982 0.013748 * 11   1   4   6 
11 6 0.363091 0.030468 * 11   1   5   6 
1 7 0.242366 0.060424 * 1  4  7 
2 7 0.487956 0.178967 * 2  5  1  4  7  0  0 
2 7 0.589091 0.091456 * 2  5  6  3  9  7  0 
2 7 0.696341 0.038369 * 2   5   6   3  10   9   7 
2 7 0.514753 0.444765 * 2  5  6  4  7  0  0 
2 7 0.598823 0.015539 * 2   8  11   1   4   7   0 
3 7 0.205157 0.027053 * 3  9  7  0 
3 7 0.312407 0.011350 * 3  10   9   7 
4 7 0.128114 0.317337 * 4  7 
5 7 0.350493 0.049185 * 5  1  4  7  0  0 
5 7 0.451628 0.025135 * 5  6  3  9  7  0 
5 7 0.558878 0.010545 * 5   6   3  10   9   7 
5 7 0.377290 0.122233 * 5  6  4  7  0  0 
6 7 0.320366 0.010942 * 6  3  9  7  0 
6 7 0.427615 0.004591 * 6   3  10   9   7 
6 7 0.246027 0.053214 * 6  4  7  0  0 
8 7 0.482154 0.307404 * 8  11   1   4   7 
9 7 0.103165 0.059561 * 9  7 
10 7 0.205144 0.151087 * 10   9   7 
11 7 0.363680 0.440918 * 11   1   4   7 
1 8 0.342059 0.030439 * 1  5  2  8 
1 8 0.242057 0.125515 * 1  11   8   0 
2 8 0.116669 0.360639 * 2  8 
3 8 0.455804 0.109455 * 3  6  5  2  8 
4 8 0.463970 0.029744 * 4  1  5  2  8 
4 8 0.363969 0.117722 * 4   1  11   8   0 
4 8 0.444224 0.016134 * 4  6  5  2  8 
5 8 0.231544 0.246747 * 5  2  8 
6 8 0.342808 0.113801 * 6  5  2  8 
7 8 0.582945 0.073808 * 7  4  1  5  2  8 
7 8 0.482944 0.241907 * 7   4   1  11   8   0 
7 8 0.563200 0.040037 * 7  4  6  5  2  8 
9 8 0.558230 0.004861 * 9  3  6  5  2  8  0 
9 8 0.686110 0.016761 * 9  7  4  1  5  2  8 
9 8 0.586109 0.016761 * 9   7   4   1  11   8   0 
9 8 0.666365 0.014700 * 9  7  4  6  5  2  8 
10 8 0.562467 0.043037 * 10   3   6   5   2   8   0   0 
10 8 0.660209 0.012285 * 10   9   3   6   5   2   8   0 
10 8 0.788089 0.027473 * 10   9   7   4   1   5   2   8 
10 8 0.688088 0.027473 * 10   9   7   4   1  11   8   0 
10 8 0.768344 0.027473 * 10   9   7   4   6   5   2   8 
11 8 0.111987 0.342652 * 11   8 
1 9 0.540119 0.000621 * 1   4   6   3  10   9 
1 9 0.432869 0.000621 * 1  4  6  3  9  0 
1 9 0.344901 0.001460 * 1  4  7  9  0  0 
2 9 0.785709 0.004795 * 2   5   1   4   6   3  10   9 
2 9 0.678459 0.004795 * 2  5  1  4  6  3  9  0 
2 9 0.590491 0.009785 * 2  5  1  4  7  9  0  0 
2 9 0.593176 0.007548 * 2   5   6   3  10   9   0   0 
2 9 0.485926 0.007548 * 2  5  6  3  9  0  0  0 
3 9 0.209242 0.027603 * 3  10   9 
3 9 0.101992 0.065794 * 3  9  0 
4 9 0.425867 0.001352 * 4   6   3  10   9 
4 9 0.318617 0.001352 * 4  6  3  9  0 
4 9 0.230649 0.003181 * 4  7  9  0  0 
5 9 0.648246 0.001973 * 5   1   4   6   3  10   9 
5 9 0.540996 0.001973 * 5  1  4  6  3  9  0 
5 9 0.453028 0.004027 * 5  1  4  7  9  0  0 
5 9 0.455713 0.003106 * 5   6   3  10   9   0   0 
5 9 0.348463 0.003106 * 5  6  3  9  0  0  0 
6 9 0.324450 0.001702 * 6   3  10   9 
6 9 0.217201 0.001867 * 6  3  9  0 
7 9 0.102535 0.044596 * 7  9 
8 9 0.890235 0.002020 * 8   2   5   1   4   6   3  10   9 
8 9 0.782985 0.002020 * 8  2  5  1  4  6  3  9  0 
8 9 0.695017 0.002020 * 8  2  5  1  4  7  9  0  0 
8 9 0.697702 0.002020 * 8   2   5   6   3  10   9   0   0 
8 9 0.590452 0.002020 * 8  2  5  6  3  9  0  0  0 
8 9 0.779907 0.000521 * 8  11   1   4   6   3  10   9   0 
8 9 0.672657 0.000521 * 8  11   1   4   6   3   9   0   0 
8 9 0.584689 0.000521 * 8  11   1   4   7   9   0   0   0 
10 9 0.101979 0.025239 * 10   9 
11 9 0.661433 0.003349 * 11   1   4   6   3  10   9 
11 9 0.554183 0.003349 * 11   1   4   6   3   9   0 
11 9 0.466215 0.003349 * 11   1   4   7   9   0   0 
1 10 0.534385 0.006187 * 1   4   6   3   9  10 
1 10 0.438139 0.006187 * 1   4   6   3  10   0 
1 10 0.446417 0.005267 * 1   4   7   9  10   0 
1 10 0.560494 0.012283 * 1   5   6   3   9  10 
1 10 0.464248 0.012283 * 1   5   6   3  10   0 
2 10 0.587443 0.102784 * 2   5   6   3   9  10 
2 10 0.491197 0.278943 * 2   5   6   3  10   0 
3 10 0.203509 0.008612 * 3   9  10 
3 10 0.107263 0.025174 * 3  10   0 
4 10 0.420134 0.003293 * 4   6   3   9  10 
4 10 0.323888 0.003293 * 4   6   3  10   0 
4 10 0.332166 0.002803 * 4   7   9  10   0 
5 10 0.449980 0.006344 * 5   6   3   9  10 
5 10 0.353734 0.018545 * 5   6   3  10   0 
6 10 0.318717 0.004819 * 6   3   9  10 
6 10 0.222471 0.014088 * 6   3  10   0 
7 10 0.204051 0.126724 * 7   9  10 
8 10 0.691969 0.021035 * 8   2   5   6   3   9  10   0 
8 10 0.595723 0.021035 * 8   2   5   6   3  10   0   0 
8 10 0.774174 0.013320 * 8  11   1   4   6   3   9  10 
8 10 0.677928 0.013320 * 8  11   1   4   6   3  10   0 
8 10 0.686206 0.011340 * 8  11   1   4   7   9  10   0 
8 10 0.800283 0.015325 * 8  11   1   5   6   3   9  10 
8 10 0.704037 0.015325 * 8  11   1   5   6   3  10   0 
9 10 0.101517 0.020541 * 9  10 
11 10 0.655700 0.008404 * 11   1   4   6   3   9  10 
11 10 0.559454 0.008404 * 11   1   4   6   3  10   0 
11 10 0.567731 0.007155 * 11   1   4   7   9  10   0 
11 10 0.681809 0.016687 * 11   1   5   6   3   9  10 
11 10 0.585563 0.016687 * 11   1   5   6   3  10   0 
1 11 0.130071 0.505812 * 1  11 
2 11 0.235143 0.407226 * 2   8  11 
3 11 0.482892 0.090879 * 3   6   4   1  11   0 
3 11 0.462458 0.071072 * 3   6   5   1  11   0 
3 11 0.574279 0.015117 * 3   6   5   2   8  11 
4 11 0.251983 0.091831 * 4   1  11 
5 11 0.238198 0.203761 * 5   1  11   0 
5 11 0.350018 0.022596 * 5   2   8  11 
6 11 0.369895 0.035984 * 6   4   1  11   0 
6 11 0.349462 0.028142 * 6   5   1  11   0 
6 11 0.461282 0.005986 * 6   5   2   8  11 
7 11 0.370958 0.346473 * 7   4   1  11 
8 11 0.118474 0.753386 * 8  11 
9 11 0.585318 0.004911 * 9   3   6   4   1  11   0 
9 11 0.564884 0.004911 * 9   3   6   5   1  11   0 
9 11 0.676704 0.004911 * 9   3   6   5   2   8  11 
9 11 0.474123 0.001309 * 9   7   4   1  11   0   0 
10 11 0.589554 0.071148 * 10   3   6   4   1  11   0   0 
10 11 0.569121 0.071148 * 10   3   6   5   1  11   0   0 
10 11 0.680941 0.017648 * 10   3   6   5   2   8  11   0 
10 11 0.687297 0.012932 * 10   9   3   6   4   1  11   0 
10 11 0.666863 0.012932 * 10   9   3   6   5   1  11   0 
10 11 0.778684 0.012932 * 10   9   3   6   5   2   8  11 
10 11 0.576102 0.004120 * 10   9   7   4   1  11   0   0 
