2 1 0.249063 0.058312 * 2  5  1  0 
2 1 0.345380 0.007398 * 2   8  11   1 
3 1 0.346663 0.009444 * 3  6  4  1 
3 1 0.326540 0.007848 * 3  6  5  1 
4 1 0.122544 0.016925 * 4  1 
5 1 0.108386 0.085994 * 5  1 
6 1 0.238021 0.008450 * 6  4  1 
6 1 0.217898 0.007022 * 6  5  1 
7 1 0.236385 0.098501 * 7  4  1 
8 1 0.232097 0.074966 * 8  11   1 
9 1 0.448217 0.005206 * 9  3  6  4  1 
9 1 0.428093 0.005206 * 9  3  6  5  1 
9 1 0.340960 0.004890 * 9  7  4  1  0 
10 1 0.449954 0.008923 * 10   3   6   4   1   0 
10 1 0.429830 0.008923 * 10   3   6   5   1   0 
10 1 0.551890 0.008650 * 10   9   3   6   4   1 
10 1 0.531767 0.008650 * 10   9   3   6   5   1 
10 1 0.444634 0.008125 * 10   9   7   4   1   0 
11 1 0.116916 0.435942 * 11   1 
1 2 0.225010 0.030265 * 1  5  2  0 
1 2 0.350980 0.030265 * 1  11   8   2 
3 2 0.332501 0.050421 * 3  6  5  2 
4 2 0.347553 0.091532 * 4  1  5  2  0 
4 2 0.473524 0.091532 * 4   1  11   8   2 
4 2 0.325311 0.048268 * 4  6  5  2  0 
5 2 0.114348 0.121445 * 5  2 
6 2 0.223860 0.047607 * 6  5  2 
7 2 0.461395 0.033035 * 7  4  1  5  2  0 
7 2 0.587365 0.033035 * 7   4   1  11   8   2 
7 2 0.439152 0.030509 * 7  4  6  5  2  0 
7 2 0.536142 0.007217 * 7  9  3  6  5  2 
8 2 0.104273 0.035097 * 8  2 
9 2 0.434055 0.011274 * 9  3  6  5  2 
10 2 0.435792 0.025714 * 10   3   6   5   2   0 
10 2 0.537728 0.014951 * 10   9   3   6   5   2 
11 2 0.215389 0.038875 * 11   8   2 
1 3 0.328179 0.010277 * 1  4  6  3  0 
1 3 0.437065 0.009130 * 1  4  7  9  3 
1 3 0.355948 0.015841 * 1  5  6  3  0 
2 3 0.385964 0.255114 * 2  5  6  3 
4 3 0.215804 0.016921 * 4  6  3  0 
4 3 0.324690 0.014872 * 4  7  9  3 
5 3 0.245287 0.058383 * 5  6  3 
6 3 0.114353 0.022378 * 6  3 
7 3 0.203641 0.024243 * 7  9  3 
8 3 0.490237 0.015957 * 8  2  5  6  3  0  0 
8 3 0.560276 0.009998 * 8  11   1   4   6   3   0 
8 3 0.669162 0.009998 * 8  11   1   4   7   9   3 
8 3 0.588045 0.009998 * 8  11   1   5   6   3   0 
9 3 0.101554 0.049448 * 9  3 
10 3 0.205227 0.016210 * 10   9   3 
10 3 0.103291 0.027879 * 10   3   0 
11 3 0.445095 0.010765 * 11   1   4   6   3   0 
11 3 0.553981 0.009563 * 11   1   4   7   9   3 
11 3 0.472864 0.016593 * 11   1   5   6   3   0 
1 4 0.112376 0.021259 * 1  4 
2 4 0.361439 0.051731 * 2  5  1  4  0 
2 4 0.387089 0.119260 * 2  5  6  4  0 
2 4 0.457755 0.005095 * 2   8  11   1   4 
3 4 0.224119 0.016371 * 3  6  4  0 
3 4 0.319407 0.002876 * 3  9  7  4 
5 4 0.220762 0.014780 * 5  1  4 
5 4 0.246412 0.034073 * 5  6  4 
6 4 0.115478 0.009473 * 6  4 
7 4 0.113842 0.057531 * 7  4 
8 4 0.344472 0.027881 * 8  11   1   4 
9 4 0.218416 0.004089 * 9  7  4 
10 4 0.327410 0.006030 * 10   3   6   4   0 
10 4 0.422698 0.003145 * 10   3   9   7   4 
10 4 0.322090 0.005129 * 10   9   7   4   0 
11 4 0.229291 0.032019 * 11   1   4 
1 5 0.110662 0.076756 * 1  5 
2 5 0.140677 0.633103 * 2  5 
3 5 0.218153 0.031292 * 3  6  5 
4 5 0.233205 0.017085 * 4  1  5 
4 5 0.210963 0.011302 * 4  6  5 
6 5 0.109512 0.090134 * 6  5 
7 5 0.347047 0.036960 * 7  4  1  5  0 
7 5 0.324805 0.024450 * 7  4  6  5  0 
7 5 0.421794 0.014266 * 7  9  3  6  5 
8 5 0.244950 0.095746 * 8  2  5  0 
8 5 0.342759 0.036384 * 8  11   1   5 
9 5 0.319707 0.030259 * 9  3  6  5 
10 5 0.321444 0.030299 * 10   3   6   5   0 
10 5 0.423381 0.017617 * 10   9   3   6   5 
11 5 0.227577 0.140310 * 11   1   5 
1 6 0.213827 0.018889 * 1  4  6 
1 6 0.241596 0.054702 * 1  5  6 
2 6 0.271611 0.175264 * 2  5  6 
3 6 0.108641 0.017921 * 3  6 
4 6 0.101451 0.016406 * 4  6 
5 6 0.130934 0.062528 * 5  6 
7 6 0.215293 0.014924 * 7  4  6  0 
7 6 0.312282 0.013117 * 7  9  3  6 
8 6 0.375884 0.025471 * 8  2  5  6  0 
8 6 0.445923 0.013021 * 8  11   1   4   6 
8 6 0.473693 0.013021 * 8  11   1   5   6 
9 6 0.210195 0.003748 * 9  3  6 
10 6 0.211932 0.012879 * 10   3   6   0 
10 6 0.313869 0.007488 * 10   9   3   6 
11 6 0.330742 0.022869 * 11   1   4   6 
11 6 0.358511 0.048793 * 11   1   5   6 
1 7 0.233424 0.097402 * 1  4  7 
2 7 0.482488 0.190859 * 2  5  1  4  7  0 
2 7 0.591529 0.083280 * 2  5  6  3  9  7 
2 7 0.508137 0.474020 * 2  5  6  4  7  0 
2 7 0.578804 0.019968 * 2   8  11   1   4   7 
3 7 0.205565 0.019021 * 3  9  7 
4 7 0.121049 0.055509 * 4  7 
5 7 0.341810 0.040283 * 5  1  4  7  0 
5 7 0.450852 0.017577 * 5  6  3  9  7 
5 7 0.367460 0.100047 * 5  6  4  7  0 
6 7 0.319918 0.007602 * 6  3  9  7 
6 7 0.236527 0.043269 * 6  4  7  0 
8 7 0.465521 0.275420 * 8  11   1   4   7 
9 7 0.104575 0.044467 * 9  7 
10 7 0.308856 0.017070 * 10   3   9   7 
10 7 0.208248 0.097160 * 10   9   7   0 
11 7 0.350340 0.297764 * 11   1   4   7 
1 8 0.338293 0.049900 * 1  5  2  8 
1 8 0.246707 0.179859 * 1  11   8   0 
2 8 0.113283 0.335354 * 2  8 
3 8 0.445784 0.066661 * 3  6  5  2  8 
4 8 0.460836 0.040150 * 4  1  5  2  8 
4 8 0.369251 0.130386 * 4   1  11   8   0 
4 8 0.438594 0.018733 * 4  6  5  2  8 
5 8 0.227631 0.245451 * 5  2  8 
6 8 0.337143 0.094853 * 6  5  2  8 
7 8 0.574678 0.072899 * 7  4  1  5  2  8 
7 8 0.483092 0.189264 * 7   4   1  11   8   0 
7 8 0.552435 0.034013 * 7  4  6  5  2  8 
9 8 0.547338 0.001411 * 9  3  6  5  2  8  0 
9 8 0.679253 0.012775 * 9  7  4  1  5  2  8 
9 8 0.587667 0.012775 * 9   7   4   1  11   8   0 
9 8 0.657010 0.007037 * 9  7  4  6  5  2  8 
10 8 0.549075 0.008568 * 10   3   6   5   2   8   0   0 
10 8 0.651011 0.006334 * 10   9   3   6   5   2   8   0 
10 8 0.782926 0.050101 * 10   9   7   4   1   5   2   8 
10 8 0.691341 0.050101 * 10   9   7   4   1  11   8   0 
10 8 0.760684 0.031596 * 10   9   7   4   6   5   2   8 
11 8 0.111116 0.246234 * 11   8 
1 9 0.429170 0.000434 * 1  4  6  3  9 
1 9 0.335511 0.003738 * 1  4  7  9  0 
2 9 0.678233 0.003770 * 2  5  1  4  6  3  9 
2 9 0.584575 0.026205 * 2  5  1  4  7  9  0 
2 9 0.486954 0.009508 * 2  5  6  3  9  0  0 
3 9 0.100991 0.020822 * 3  9 
4 9 0.316794 0.000464 * 4  6  3  9 
4 9 0.223136 0.003989 * 4  7  9  0 
5 9 0.537556 0.001374 * 5  1  4  6  3  9 
5 9 0.443898 0.009551 * 5  1  4  7  9  0 
5 9 0.346277 0.003466 * 5  6  3  9  0  0 
6 9 0.215343 0.001801 * 6  3  9 
7 9 0.102087 0.030974 * 7  9 
8 9 0.782506 0.002758 * 8  2  5  1  4  6  3  9 
8 9 0.688848 0.004355 * 8  2  5  1  4  7  9  0 
8 9 0.591227 0.004355 * 8  2  5  6  3  9  0  0 
8 9 0.661267 0.001461 * 8  11   1   4   6   3   9   0 
8 9 0.567608 0.001461 * 8  11   1   4   7   9   0   0 
10 9 0.204281 0.002046 * 10   3   9 
10 9 0.103673 0.011643 * 10   9   0 
11 9 0.546085 0.002453 * 11   1   4   6   3   9 
11 9 0.452427 0.003406 * 11   1   4   7   9   0 
1 10 0.530531 0.009977 * 1   4   6   3   9  10 
1 10 0.436025 0.009977 * 1   4   6   3  10   0 
1 10 0.436872 0.012828 * 1   4   7   9  10   0 
1 10 0.558300 0.024730 * 1   5   6   3   9  10 
1 10 0.463794 0.024730 * 1   5   6   3  10   0 
2 10 0.588315 0.075291 * 2   5   6   3   9  10 
2 10 0.493810 0.367974 * 2   5   6   3  10   0 
3 10 0.202351 0.002518 * 3   9  10 
3 10 0.107846 0.014330 * 3  10   0 
4 10 0.418155 0.003617 * 4   6   3   9  10 
4 10 0.323650 0.003617 * 4   6   3  10   0 
4 10 0.324496 0.004651 * 4   7   9  10   0 
5 10 0.447638 0.003099 * 5   6   3   9  10 
5 10 0.353133 0.017640 * 5   6   3  10   0 
6 10 0.316704 0.003493 * 6   3   9  10 
6 10 0.222199 0.019879 * 6   3  10   0 
7 10 0.203448 0.111275 * 7   9  10 
8 10 0.692588 0.019940 * 8   2   5   6   3   9  10   0 
8 10 0.598083 0.019940 * 8   2   5   6   3  10   0   0 
8 10 0.762627 0.011641 * 8  11   1   4   6   3   9  10 
8 10 0.668122 0.011641 * 8  11   1   4   6   3  10   0 
8 10 0.668969 0.013558 * 8  11   1   4   7   9  10   0 
8 10 0.790396 0.013558 * 8  11   1   5   6   3   9  10 
8 10 0.695891 0.013558 * 8  11   1   5   6   3  10   0 
9 10 0.101361 0.011262 * 9  10 
11 10 0.647446 0.004708 * 11   1   4   6   3   9  10 
11 10 0.552941 0.004708 * 11   1   4   6   3  10   0 
11 10 0.553788 0.006054 * 11   1   4   7   9  10   0 
11 10 0.675215 0.010151 * 11   1   5   6   3   9  10 
11 10 0.580710 0.010151 * 11   1   5   6   3  10   0 
1 11 0.135591 0.690148 * 1  11 
2 11 0.228464 0.249498 * 2   8  11 
3 11 0.482254 0.101934 * 3   6   4   1  11   0 
3 11 0.462131 0.095456 * 3   6   5   1  11   0 
3 11 0.560966 0.026222 * 3   6   5   2   8  11 
4 11 0.258135 0.131736 * 4   1  11 
5 11 0.243978 0.259738 * 5   1  11   0 
5 11 0.342812 0.032952 * 5   2   8  11 
6 11 0.373613 0.023117 * 6   4   1  11   0 
6 11 0.353489 0.021648 * 6   5   1  11   0 
6 11 0.452324 0.005947 * 6   5   2   8  11 
7 11 0.371977 0.321957 * 7   4   1  11 
8 11 0.115181 0.677987 * 8  11 
9 11 0.583808 0.004505 * 9   3   6   4   1  11   0 
9 11 0.563685 0.004505 * 9   3   6   5   1  11   0 
9 11 0.662519 0.004231 * 9   3   6   5   2   8  11 
9 11 0.476552 0.004001 * 9   7   4   1  11   0   0 
10 11 0.585545 0.034422 * 10   3   6   4   1  11   0   0 
10 11 0.565422 0.034422 * 10   3   6   5   1  11   0   0 
10 11 0.664256 0.022208 * 10   3   6   5   2   8  11   0 
10 11 0.687481 0.023646 * 10   9   3   6   4   1  11   0 
10 11 0.667358 0.023646 * 10   9   3   6   5   1  11   0 
10 11 0.766193 0.022208 * 10   9   3   6   5   2   8  11 
10 11 0.580225 0.021001 * 10   9   7   4   1  11   0   0 
