2 1 0.258187 0.120824 * 2  5  1  0 
2 1 0.362847 0.023709 * 2   8  11   1 
3 1 0.337061 0.012310 * 3  6  4  1 
3 1 0.356982 0.029054 * 3  6  5  1 
4 1 0.120362 0.026705 * 4  1 
5 1 0.124468 0.176438 * 5  1 
6 1 0.224792 0.015489 * 6  4  1 
6 1 0.244713 0.042230 * 6  5  1 
7 1 0.237560 0.121407 * 7  4  1 
8 1 0.241854 0.093332 * 8  11   1 
9 1 0.440065 0.005333 * 9  3  6  4  1 
9 1 0.459986 0.005333 * 9  3  6  5  1 
9 1 0.340745 0.004629 * 9  7  4  1  0 
10 1 0.443153 0.017023 * 10   3   6   4   1   0 
10 1 0.463074 0.017023 * 10   3   6   5   1   0 
10 1 0.542035 0.009439 * 10   9   3   6   4   1 
10 1 0.561957 0.009439 * 10   9   3   6   5   1 
10 1 0.442715 0.008194 * 10   9   7   4   1   0 
11 1 0.119080 0.325560 * 11   1 
1 2 0.222069 0.033992 * 1  5  2  0 
1 2 0.363299 0.070459 * 1  11   8   2 
3 2 0.349226 0.100934 * 3  6  5  2 
4 2 0.342431 0.013226 * 4  1  5  2  0 
4 2 0.483662 0.021366 * 4   1  11   8   2 
4 2 0.346229 0.014413 * 4  6  5  2  0 
5 2 0.116712 0.162774 * 5  2 
6 2 0.236957 0.062066 * 6  5  2 
7 2 0.459629 0.041434 * 7  4  1  5  2  0 
7 2 0.600859 0.066937 * 7   4   1  11   8   2 
7 2 0.463427 0.045153 * 7  4  6  5  2  0 
7 2 0.555552 0.011827 * 7  9  3  6  5  2 
8 2 0.105721 0.026533 * 8  2 
9 2 0.452230 0.021240 * 9  3  6  5  2 
10 2 0.455318 0.027971 * 10   3   6   5   2   0 
10 2 0.554201 0.009408 * 10   9   3   6   5   2 
11 2 0.221651 0.071754 * 11   8   2 
1 3 0.347798 0.017199 * 1  4  6  3  0 
1 3 0.453287 0.006029 * 1  4  7  9  3 
1 3 0.335983 0.006960 * 1  5  6  3  0 
2 3 0.364346 0.192249 * 2  5  6  3 
4 3 0.222626 0.017026 * 4  6  3  0 
4 3 0.328115 0.005968 * 4  7  9  3 
5 3 0.230626 0.061164 * 5  6  3 
6 3 0.113354 0.055570 * 6  3 
7 3 0.206326 0.130747 * 7  9  3 
8 3 0.470066 0.012858 * 8  2  5  6  3  0  0 
8 3 0.589652 0.023568 * 8  11   1   4   6   3   0 
8 3 0.695141 0.017955 * 8  11   1   4   7   9   3 
8 3 0.577837 0.020729 * 8  11   1   5   6   3   0 
9 3 0.103004 0.062161 * 9  3 
10 3 0.204974 0.026605 * 10   9   3 
10 3 0.106092 0.079100 * 10   3   0 
11 3 0.466878 0.047635 * 11   1   4   6   3   0 
11 3 0.572367 0.016697 * 11   1   4   7   9   3 
11 3 0.455063 0.019276 * 11   1   5   6   3   0 
1 4 0.125172 0.022637 * 1  4 
2 4 0.383359 0.099144 * 2  5  1  4 
2 4 0.355421 0.037761 * 2  5  6  4 
3 4 0.216699 0.030409 * 3  6  4 
5 4 0.249640 0.047908 * 5  1  4 
5 4 0.221702 0.017572 * 5  6  4 
6 4 0.104430 0.027520 * 6  4 
7 4 0.117198 0.042571 * 7  4 
8 4 0.489080 0.012217 * 8  2  5  1  4 
8 4 0.461142 0.012217 * 8  2  5  6  4 
8 4 0.367026 0.008938 * 8  11   1   4   0 
9 4 0.319703 0.004238 * 9  3  6  4 
9 4 0.220383 0.013709 * 9  7  4  0 
10 4 0.322791 0.006417 * 10   3   6   4   0 
10 4 0.421673 0.005317 * 10   9   3   6   4 
10 4 0.322353 0.009141 * 10   9   7   4   0 
11 4 0.244252 0.044047 * 11   1   4 
1 5 0.105357 0.103651 * 1  5 
2 5 0.133719 0.574642 * 2  5 
3 5 0.232514 0.035312 * 3  6  5 
4 5 0.225719 0.013949 * 4  1  5 
4 5 0.229518 0.028915 * 4  6  5 
6 5 0.120245 0.071784 * 6  5 
7 5 0.342917 0.036071 * 7  4  1  5  0 
7 5 0.346715 0.074769 * 7  4  6  5  0 
7 5 0.438841 0.018595 * 7  9  3  6  5 
8 5 0.239440 0.135745 * 8  2  5  0 
8 5 0.347211 0.065488 * 8  11   1   5 
9 5 0.335518 0.022555 * 9  3  6  5 
10 5 0.338606 0.043377 * 10   3   6   5   0 
10 5 0.437489 0.014590 * 10   9   3   6   5 
11 5 0.224437 0.195313 * 11   1   5 
1 6 0.234444 0.031874 * 1  4  6 
1 6 0.222629 0.015377 * 1  5  6 
2 6 0.250991 0.191403 * 2  5  6 
3 6 0.112269 0.051676 * 3  6 
4 6 0.109272 0.037605 * 4  6 
5 6 0.117272 0.071643 * 5  6 
7 6 0.226470 0.039071 * 7  4  6  0 
7 6 0.318595 0.013695 * 7  9  3  6 
8 6 0.356712 0.015468 * 8  2  5  6  0 
8 6 0.476298 0.022931 * 8  11   1   4   6 
8 6 0.464483 0.022931 * 8  11   1   5   6 
9 6 0.215273 0.008202 * 9  3  6 
10 6 0.218361 0.013367 * 10   3   6   0 
10 6 0.317243 0.004496 * 10   9   3   6 
11 6 0.353524 0.060544 * 11   1   4   6 
11 6 0.341709 0.029209 * 11   1   5   6 
1 7 0.246961 0.098865 * 1  4  7 
2 7 0.505148 0.372902 * 2  5  1  4  7  0 
2 7 0.569333 0.038126 * 2  5  6  3  9  7 
2 7 0.477210 0.167672 * 2  5  6  4  7  0 
3 7 0.204987 0.055151 * 3  9  7 
4 7 0.121789 0.055631 * 4  7 
5 7 0.371429 0.183777 * 5  1  4  7  0 
5 7 0.435614 0.018790 * 5  6  3  9  7 
5 7 0.343491 0.082634 * 5  6  4  7  0 
6 7 0.318341 0.014046 * 6  3  9  7 
6 7 0.226218 0.062179 * 6  4  7  0 
8 7 0.610868 0.102068 * 8  2  5  1  4  7  0 
8 7 0.675054 0.040551 * 8  2  5  6  3  9  7 
8 7 0.582931 0.102068 * 8  2  5  6  4  7  0 
8 7 0.488814 0.070409 * 8  11   1   4   7   0   0 
9 7 0.103185 0.019541 * 9  7 
10 7 0.311079 0.025751 * 10   3   9   7 
10 7 0.205156 0.124035 * 10   9   7   0 
11 7 0.366041 0.336603 * 11   1   4   7 
1 8 0.343062 0.018813 * 1  5  2  8 
1 8 0.257579 0.198729 * 1  11   8   0 
2 8 0.120993 0.497222 * 2  8 
3 8 0.470219 0.095896 * 3  6  5  2  8 
4 8 0.463424 0.021962 * 4  1  5  2  8 
4 8 0.377941 0.191776 * 4   1  11   8   0 
4 8 0.467223 0.034377 * 4  6  5  2  8 
5 8 0.237705 0.305980 * 5  2  8 
6 8 0.357950 0.146158 * 6  5  2  8 
7 8 0.580622 0.042858 * 7  4  1  5  2  8 
7 8 0.495139 0.302938 * 7   4   1  11   8   0 
7 8 0.584420 0.067086 * 7  4  6  5  2  8 
9 8 0.573223 0.002265 * 9  3  6  5  2  8  0 
9 8 0.683807 0.010432 * 9  7  4  1  5  2  8 
9 8 0.598324 0.017681 * 9   7   4   1  11   8   0 
9 8 0.687606 0.016330 * 9  7  4  6  5  2  8 
10 8 0.576311 0.013835 * 10   3   6   5   2   8   0   0 
10 8 0.675194 0.006823 * 10   9   3   6   5   2   8   0 
10 8 0.785777 0.031422 * 10   9   7   4   1   5   2   8 
10 8 0.700294 0.040977 * 10   9   7   4   1  11   8   0 
10 8 0.789576 0.040977 * 10   9   7   4   6   5   2   8 
11 8 0.115931 0.423690 * 11   8 
1 9 0.449600 0.000762 * 1  4  6  3  9 
1 9 0.350283 0.003787 * 1  4  7  9  0 
1 9 0.437785 0.000303 * 1  5  6  3  9 
2 9 0.466147 0.029847 * 2  5  6  3  9 
3 9 0.101802 0.057744 * 3  9 
4 9 0.324428 0.001143 * 4  6  3  9 
4 9 0.225111 0.005739 * 4  7  9  0 
5 9 0.332428 0.018112 * 5  6  3  9 
6 9 0.215156 0.011315 * 6  3  9 
7 9 0.103322 0.016428 * 7  9 
8 9 0.571868 0.001474 * 8  2  5  6  3  9  0 
8 9 0.691454 0.004265 * 8  11   1   4   6   3   9 
8 9 0.592137 0.009587 * 8  11   1   4   7   9   0 
8 9 0.679639 0.001699 * 8  11   1   5   6   3   9 
10 9 0.207894 0.003981 * 10   3   9 
10 9 0.101970 0.019177 * 10   9   0 
11 9 0.568680 0.002594 * 11   1   4   6   3   9 
11 9 0.469363 0.012014 * 11   1   4   7   9   0 
11 9 0.556865 0.001034 * 11   1   5   6   3   9 
1 10 0.551131 0.021213 * 1   4   6   3   9  10 
1 10 0.454478 0.025407 * 1   4   6   3  10   0 
1 10 0.451813 0.021186 * 1   4   7   9  10   0 
1 10 0.539316 0.010807 * 1   5   6   3   9  10 
1 10 0.442663 0.010807 * 1   5   6   3  10   0 
2 10 0.567678 0.058733 * 2   5   6   3   9  10 
2 10 0.471025 0.169143 * 2   5   6   3  10   0 
3 10 0.203332 0.005487 * 3   9  10 
3 10 0.106679 0.027543 * 3  10   0 
4 10 0.425959 0.007280 * 4   6   3   9  10 
4 10 0.329306 0.008720 * 4   6   3  10   0 
4 10 0.326641 0.007271 * 4   7   9  10   0 
5 10 0.433959 0.013284 * 5   6   3   9  10 
5 10 0.337306 0.055181 * 5   6   3  10   0 
6 10 0.316686 0.004454 * 6   3   9  10 
6 10 0.220033 0.022357 * 6   3  10   0 
7 10 0.204852 0.133553 * 7   9  10 
8 10 0.673398 0.008307 * 8   2   5   6   3   9  10   0 
8 10 0.576745 0.008307 * 8   2   5   6   3  10   0   0 
8 10 0.792984 0.019241 * 8  11   1   4   6   3   9  10 
8 10 0.696331 0.019241 * 8  11   1   4   6   3  10   0 
8 10 0.693667 0.019241 * 8  11   1   4   7   9  10   0 
8 10 0.781169 0.012621 * 8  11   1   5   6   3   9  10 
8 10 0.684516 0.012621 * 8  11   1   5   6   3  10   0 
9 10 0.101530 0.016339 * 9  10 
11 10 0.670210 0.014253 * 11   1   4   6   3   9  10 
11 10 0.573557 0.017071 * 11   1   4   6   3  10   0 
11 10 0.570893 0.014235 * 11   1   4   7   9  10   0 
11 10 0.658396 0.007261 * 11   1   5   6   3   9  10 
11 10 0.561742 0.007261 * 11   1   5   6   3  10   0 
1 11 0.141648 0.677962 * 1  11 
2 11 0.243767 0.509145 * 2   8  11 
3 11 0.478709 0.037284 * 3   6   4   1  11   0 
3 11 0.498630 0.098854 * 3   6   5   1  11   0 
3 11 0.592993 0.033733 * 3   6   5   2   8  11 
4 11 0.262010 0.098780 * 4   1  11 
5 11 0.266116 0.227719 * 5   1  11   0 
5 11 0.360479 0.044684 * 5   2   8  11 
6 11 0.366440 0.037658 * 6   4   1  11   0 
6 11 0.386361 0.122818 * 6   5   1  11   0 
6 11 0.480724 0.034072 * 6   5   2   8  11 
7 11 0.379208 0.458613 * 7   4   1  11 
8 11 0.122774 0.894430 * 8  11 
9 11 0.581713 0.008268 * 9   3   6   4   1  11   0 
9 11 0.601634 0.008268 * 9   3   6   5   1  11   0 
9 11 0.695997 0.008268 * 9   3   6   5   2   8  11 
9 11 0.482393 0.006277 * 9   7   4   1  11   0   0 
10 11 0.584801 0.032082 * 10   3   6   4   1  11   0   0 
10 11 0.604722 0.032082 * 10   3   6   5   1  11   0   0 
10 11 0.699085 0.032082 * 10   3   6   5   2   8  11   0 
10 11 0.683683 0.016492 * 10   9   3   6   4   1  11   0 
10 11 0.703605 0.016492 * 10   9   3   6   5   1  11   0 
10 11 0.797968 0.016492 * 10   9   3   6   5   2   8  11 
10 11 0.584364 0.012520 * 10   9   7   4   1  11   0   0 
