2  5  1 
0.098326
3  6  4  1 
0.015185
3  6  5  1 
0.015185
4  1 
0.035175
5  1 
0.091451
6  4  1 
0.012301
6  5  1 
0.012301
7  4  1 
0.108908
8  11   1 
0.070129
9  7  4  1 
0.018489
10   3   6   4   1 
0.015134
10   3   6   5   1 
0.015134
10   9   7   4   1 
0.015134
11   1 
0.414235
1  5  2 
0.124753
3  6  5  2 
0.078948
4  1  5  2 
0.043592
4  6  5  2 
0.043592
5  2 
0.185782
6  5  2 
0.059241
7  4  1  5  2 
0.070381
7  4  6  5  2 
0.070381
8  2 
0.040206
9  3  6  5  2 
0.010828
10   3   6   5   2 
0.032276
11   8   2 
0.076355
1  4  6  3 
0.015029
1  5  6  3 
0.015029
2  5  6  3 
0.247575
4  6  3 
0.029833
5  6  3 
0.051002
6  3 
0.045914
7  9  3 
0.119169
8  2  5  6  3 
0.028159
9  3 
0.087792
10   3 
0.083531
11   1   4   6   3 
0.030092
11   1   5   6   3 
0.030092
1  4 
0.036467
2  5  1  4 
0.094805
2  5  6  4 
0.094805
3  6  4 
0.018044
5  1  4 
0.019577
5  6  4 
0.019577
6  4 
0.027898
7  4 
0.045232
8  11   1   4 
0.032564
9  7  4 
0.014704
10   3   6   4 
0.017440
10   9   7   4 
0.017440
11   1   4 
0.028022
1  5 
0.075207
2  5 
0.518012
3  6  5 
0.056880
4  1  5 
0.016713
4  6  5 
0.016713
6  5 
0.060357
7  4  1  5 
0.049275
7  4  6  5 
0.049275
8  2  5 
0.111255
9  3  6  5 
0.032395
10   3   6   5 
0.059592
11   1   5 
0.197183
1  4  6 
0.010284
1  5  6 
0.010284
2  5  6 
0.186323
3  6 
0.049377
4  6 
0.021082
5  6 
0.059527
7  4  6 
0.063067
8  2  5  6 
0.064082
9  3  6 
0.005167
10   3   6 
0.024958
11   1   4   6 
0.030780
11   1   5   6 
0.030780
1  4  7 
0.085409
2  5  1  4  7 
0.343403
2  5  6  4  7 
0.343403
3  9  7 
0.051174
4  7 
0.044414
5  1  4  7 
0.119083
5  6  4  7 
0.119083
6  4  7 
0.072657
8  11   1   4   7 
0.309826
9  7 
0.028692
10   9   7 
0.169218
11   1   4   7 
0.325719
1  11   8 
0.161432
2  8 
0.387587
3  6  5  2  8 
0.133160
4   1  11   8 
0.192170
5  2  8 
0.288618
6  5  2  8 
0.140908
7   4   1  11   8 
0.447264
9  3  6  5  2  8 
0.023989
9   7   4   1  11   8 
0.023989
10   3   6   5   2   8 
0.151346
11   8 
0.359658
1  4  7  9 
0.005289
2  5  6  3  9 
0.042203
3  9 
0.043077
4  7  9 
0.006853
5  6  3  9 
0.014150
6  3  9 
0.002474
7  9 
0.066527
8  2  5  6  3  9 
0.006552
8  11   1   4   7   9 
0.006552
10   9 
0.030261
11   1   4   7   9 
0.019151
1   4   6   3  10 
0.020658
1   4   7   9  10 
0.020658
1   5   6   3  10 
0.035019
2   5   6   3  10 
0.348430
3  10 
0.033099
4   6   3  10 
0.006017
4   7   9  10 
0.006017
5   6   3  10 
0.045739
6   3  10 
0.022243
7   9  10 
0.119898
8   2   5   6   3  10 
0.085881
9  10 
0.018867
11   1   4   6   3  10 
0.016639
11   1   4   7   9  10 
0.016639
11   1   5   6   3  10 
0.024241
1  11 
0.331216
2   8  11 
0.362870
3   6   4   1  11 
0.139180
3   6   5   1  11 
0.139180
4   1  11 
0.128164
5   1  11 
0.212493
6   4   1  11 
0.043709
6   5   1  11 
0.043709
7   4   1  11 
0.429560
8  11 
0.703385
9   7   4   1  11 
0.031067
10   3   6   4   1  11 
0.069745
10   3   6   5   1  11 
0.069745
10   9   7   4   1  11 
0.069745
