2 1 2 0.098326 * 2  5  1 
3 1 3 0.015185 * 3  6  4  1 
3 1 3 0.015185 * 3  6  5  1 
4 1 1 0.035175 * 4  1 
5 1 1 0.091451 * 5  1 
6 1 2 0.012301 * 6  4  1 
6 1 2 0.012301 * 6  5  1 
7 1 2 0.108908 * 7  4  1 
8 1 2 0.070129 * 8  11   1 
9 1 3 0.018489 * 9  7  4  1 
10 1 4 0.015134 * 10   3   6   4   1 
10 1 4 0.015134 * 10   3   6   5   1 
10 1 4 0.015134 * 10   9   7   4   1 
11 1 1 0.414235 * 11   1 
1 2 2 0.124753 * 1  5  2 
3 2 3 0.078948 * 3  6  5  2 
4 2 3 0.043592 * 4  1  5  2 
4 2 3 0.043592 * 4  6  5  2 
5 2 1 0.185782 * 5  2 
6 2 2 0.059241 * 6  5  2 
7 2 4 0.070381 * 7  4  1  5  2 
7 2 4 0.070381 * 7  4  6  5  2 
8 2 1 0.040206 * 8  2 
9 2 4 0.010828 * 9  3  6  5  2 
10 2 4 0.032276 * 10   3   6   5   2 
11 2 2 0.076355 * 11   8   2 
1 3 3 0.015029 * 1  4  6  3 
1 3 3 0.015029 * 1  5  6  3 
2 3 3 0.247575 * 2  5  6  3 
4 3 2 0.029833 * 4  6  3 
5 3 2 0.051002 * 5  6  3 
6 3 1 0.045914 * 6  3 
7 3 2 0.119169 * 7  9  3 
8 3 4 0.028159 * 8  2  5  6  3 
9 3 1 0.087792 * 9  3 
10 3 1 0.083531 * 10   3 
11 3 4 0.030092 * 11   1   4   6   3 
11 3 4 0.030092 * 11   1   5   6   3 
1 4 1 0.036467 * 1  4 
2 4 3 0.094805 * 2  5  1  4 
2 4 3 0.094805 * 2  5  6  4 
3 4 2 0.018044 * 3  6  4 
5 4 2 0.019577 * 5  1  4 
5 4 2 0.019577 * 5  6  4 
6 4 1 0.027898 * 6  4 
7 4 1 0.045232 * 7  4 
8 4 3 0.032564 * 8  11   1   4 
9 4 2 0.014704 * 9  7  4 
10 4 3 0.017440 * 10   3   6   4 
10 4 3 0.017440 * 10   9   7   4 
11 4 2 0.028022 * 11   1   4 
1 5 1 0.075207 * 1  5 
2 5 1 0.518012 * 2  5 
3 5 2 0.056880 * 3  6  5 
4 5 2 0.016713 * 4  1  5 
4 5 2 0.016713 * 4  6  5 
6 5 1 0.060357 * 6  5 
7 5 3 0.049275 * 7  4  1  5 
7 5 3 0.049275 * 7  4  6  5 
8 5 2 0.111255 * 8  2  5 
9 5 3 0.032395 * 9  3  6  5 
10 5 3 0.059592 * 10   3   6   5 
11 5 2 0.197183 * 11   1   5 
1 6 2 0.010284 * 1  4  6 
1 6 2 0.010284 * 1  5  6 
2 6 2 0.186323 * 2  5  6 
3 6 1 0.049377 * 3  6 
4 6 1 0.021082 * 4  6 
5 6 1 0.059527 * 5  6 
7 6 2 0.063067 * 7  4  6 
8 6 3 0.064082 * 8  2  5  6 
9 6 2 0.005167 * 9  3  6 
10 6 2 0.024958 * 10   3   6 
11 6 3 0.030780 * 11   1   4   6 
11 6 3 0.030780 * 11   1   5   6 
1 7 2 0.085409 * 1  4  7 
2 7 4 0.343403 * 2  5  1  4  7 
2 7 4 0.343403 * 2  5  6  4  7 
3 7 2 0.051174 * 3  9  7 
4 7 1 0.044414 * 4  7 
5 7 3 0.119083 * 5  1  4  7 
5 7 3 0.119083 * 5  6  4  7 
6 7 2 0.072657 * 6  4  7 
8 7 4 0.309826 * 8  11   1   4   7 
9 7 1 0.028692 * 9  7 
10 7 2 0.169218 * 10   9   7 
11 7 3 0.325719 * 11   1   4   7 
1 8 2 0.161432 * 1  11   8 
2 8 1 0.387587 * 2  8 
3 8 4 0.133160 * 3  6  5  2  8 
4 8 3 0.192170 * 4   1  11   8 
5 8 2 0.288618 * 5  2  8 
6 8 3 0.140908 * 6  5  2  8 
7 8 4 0.447264 * 7   4   1  11   8 
9 8 5 0.023989 * 9  3  6  5  2  8 
9 8 5 0.023989 * 9   7   4   1  11   8 
10 8 5 0.151346 * 10   3   6   5   2   8 
11 8 1 0.359658 * 11   8 
1 9 3 0.005289 * 1  4  7  9 
2 9 4 0.042203 * 2  5  6  3  9 
3 9 1 0.043077 * 3  9 
4 9 2 0.006853 * 4  7  9 
5 9 3 0.014150 * 5  6  3  9 
6 9 2 0.002474 * 6  3  9 
7 9 1 0.066527 * 7  9 
8 9 5 0.006552 * 8  2  5  6  3  9 
8 9 5 0.006552 * 8  11   1   4   7   9 
10 9 1 0.030261 * 10   9 
11 9 4 0.019151 * 11   1   4   7   9 
1 10 4 0.020658 * 1   4   6   3  10 
1 10 4 0.020658 * 1   4   7   9  10 
1 10 4 0.035019 * 1   5   6   3  10 
2 10 4 0.348430 * 2   5   6   3  10 
3 10 1 0.033099 * 3  10 
4 10 3 0.006017 * 4   6   3  10 
4 10 3 0.006017 * 4   7   9  10 
5 10 3 0.045739 * 5   6   3  10 
6 10 2 0.022243 * 6   3  10 
7 10 2 0.119898 * 7   9  10 
8 10 5 0.085881 * 8   2   5   6   3  10 
9 10 1 0.018867 * 9  10 
11 10 5 0.016639 * 11   1   4   6   3  10 
11 10 5 0.016639 * 11   1   4   7   9  10 
11 10 5 0.024241 * 11   1   5   6   3  10 
1 11 1 0.331216 * 1  11 
2 11 2 0.362870 * 2   8  11 
3 11 4 0.139180 * 3   6   4   1  11 
3 11 4 0.139180 * 3   6   5   1  11 
4 11 2 0.128164 * 4   1  11 
5 11 2 0.212493 * 5   1  11 
6 11 3 0.043709 * 6   4   1  11 
6 11 3 0.043709 * 6   5   1  11 
7 11 3 0.429560 * 7   4   1  11 
8 11 1 0.703385 * 8  11 
9 11 4 0.031067 * 9   7   4   1  11 
10 11 5 0.069745 * 10   3   6   4   1  11 
10 11 5 0.069745 * 10   3   6   5   1  11 
10 11 5 0.069745 * 10   9   7   4   1  11 
