2 1 2 0.075513 * 2  5  1 
3 1 3 0.008464 * 3  6  4  1 
3 1 3 0.008464 * 3  6  5  1 
4 1 1 0.012845 * 4  1 
5 1 1 0.081281 * 5  1 
6 1 2 0.006874 * 6  4  1 
6 1 2 0.006874 * 6  5  1 
7 1 2 0.098294 * 7  4  1 
8 1 2 0.120122 * 8  11   1 
9 1 3 0.012262 * 9  7  4  1 
10 1 4 0.016766 * 10   3   6   4   1 
10 1 4 0.016766 * 10   3   6   5   1 
10 1 4 0.016766 * 10   9   7   4   1 
11 1 1 0.561760 * 11   1 
1 2 2 0.070308 * 1  5  2 
3 2 3 0.068051 * 3  6  5  2 
4 2 3 0.107455 * 4  1  5  2 
4 2 3 0.107455 * 4  6  5  2 
5 2 1 0.097993 * 5  2 
6 2 2 0.044189 * 6  5  2 
7 2 4 0.053013 * 7  4  1  5  2 
7 2 4 0.053013 * 7  4  6  5  2 
8 2 1 0.020702 * 8  2 
9 2 4 0.014364 * 9  3  6  5  2 
10 2 4 0.041338 * 10   3   6   5   2 
11 2 2 0.057922 * 11   8   2 
1 3 3 0.023856 * 1  4  6  3 
1 3 3 0.023856 * 1  5  6  3 
2 3 3 0.305863 * 2  5  6  3 
4 3 2 0.030563 * 4  6  3 
5 3 2 0.058577 * 5  6  3 
6 3 1 0.026016 * 6  3 
7 3 2 0.026402 * 7  9  3 
8 3 4 0.033434 * 8  2  5  6  3 
9 3 1 0.058594 * 9  3 
10 3 1 0.105747 * 10   3 
11 3 4 0.048862 * 11   1   4   6   3 
11 3 4 0.048862 * 11   1   5   6   3 
1 4 1 0.040639 * 1  4 
2 4 3 0.079734 * 2  5  1  4 
2 4 3 0.079734 * 2  5  6  4 
3 4 2 0.005271 * 3  6  4 
5 4 2 0.028339 * 5  1  4 
5 4 2 0.028339 * 5  6  4 
6 4 1 0.010631 * 6  4 
7 4 1 0.473766 * 7  4 
8 4 3 0.043305 * 8  11   1   4 
9 4 2 0.007916 * 9  7  4 
10 4 3 0.007384 * 10   3   6   4 
10 4 3 0.007384 * 10   9   7   4 
11 4 2 0.015304 * 11   1   4 
1 5 1 0.082201 * 1  5 
2 5 1 0.624800 * 2  5 
3 5 2 0.036432 * 3  6  5 
4 5 2 0.015774 * 4  1  5 
4 5 2 0.015774 * 4  6  5 
6 5 1 0.071005 * 6  5 
7 5 3 0.035430 * 7  4  1  5 
7 5 3 0.035430 * 7  4  6  5 
8 5 2 0.129983 * 8  2  5 
9 5 3 0.035672 * 9  3  6  5 
10 5 3 0.045186 * 10   3   6   5 
11 5 2 0.145194 * 11   1   5 
1 6 2 0.019165 * 1  4  6 
1 6 2 0.019165 * 1  5  6 
2 6 2 0.194089 * 2  5  6 
3 6 1 0.025451 * 3  6 
4 6 1 0.037622 * 4  6 
5 6 1 0.069115 * 5  6 
7 6 2 0.033976 * 7  4  6 
8 6 3 0.045000 * 8  2  5  6 
9 6 2 0.002374 * 9  3  6 
10 6 2 0.026768 * 10   3   6 
11 6 3 0.037380 * 11   1   4   6 
11 6 3 0.037380 * 11   1   5   6 
1 7 2 0.080851 * 1  4  7 
2 7 4 0.385034 * 2  5  1  4  7 
2 7 4 0.385034 * 2  5  6  4  7 
3 7 2 0.022124 * 3  9  7 
4 7 1 0.317464 * 4  7 
5 7 3 0.076238 * 5  1  4  7 
5 7 3 0.076238 * 5  6  4  7 
6 7 2 0.035856 * 6  4  7 
8 7 4 0.269892 * 8  11   1   4   7 
9 7 1 0.030825 * 9  7 
10 7 2 0.112779 * 10   9   7 
11 7 3 0.284598 * 11   1   4   7 
1 8 2 0.197343 * 1  11   8 
2 8 1 0.311395 * 2  8 
3 8 4 0.064562 * 3  6  5  2  8 
4 8 3 0.168038 * 4   1  11   8 
5 8 2 0.287576 * 5  2  8 
6 8 3 0.099687 * 6  5  2  8 
7 8 4 0.285907 * 7   4   1  11   8 
9 8 5 0.017582 * 9  3  6  5  2  8 
9 8 5 0.017582 * 9   7   4   1  11   8 
10 8 5 0.128006 * 10   3   6   5   2   8 
11 8 1 0.260974 * 11   8 
1 9 3 0.002447 * 1  4  7  9 
2 9 4 0.044042 * 2  5  6  3  9 
3 9 1 0.016413 * 3  9 
4 9 2 0.004216 * 4  7  9 
5 9 3 0.015638 * 5  6  3  9 
6 9 2 0.002027 * 6  3  9 
7 9 1 0.046846 * 7  9 
8 9 5 0.006963 * 8  2  5  6  3  9 
8 9 5 0.006963 * 8  11   1   4   7   9 
10 9 1 0.014393 * 10   9 
11 9 4 0.004809 * 11   1   4   7   9 
1 10 4 0.022513 * 1   4   6   3  10 
1 10 4 0.022513 * 1   4   7   9  10 
1 10 4 0.036400 * 1   5   6   3  10 
2 10 4 0.449363 * 2   5   6   3  10 
3 10 1 0.017682 * 3  10 
4 10 3 0.006887 * 4   6   3  10 
4 10 3 0.006887 * 4   7   9  10 
5 10 3 0.047714 * 5   6   3  10 
6 10 2 0.017078 * 6   3  10 
7 10 2 0.112473 * 7   9  10 
8 10 5 0.117918 * 8   2   5   6   3  10 
9 10 1 0.015777 * 9  10 
11 10 5 0.011607 * 11   1   4   6   3  10 
11 10 5 0.011607 * 11   1   4   7   9  10 
11 10 5 0.011607 * 11   1   5   6   3  10 
1 11 1 0.830270 * 1  11 
2 11 2 0.230082 * 2   8  11 
3 11 4 0.055258 * 3   6   4   1  11 
3 11 4 0.055258 * 3   6   5   1  11 
4 11 2 0.144912 * 4   1  11 
5 11 2 0.287100 * 5   1  11 
6 11 3 0.022582 * 6   4   1  11 
6 11 3 0.022582 * 6   5   1  11 
7 11 3 0.347202 * 7   4   1  11 
8 11 1 0.688766 * 8  11 
9 11 4 0.027600 * 9   7   4   1  11 
10 11 5 0.070331 * 10   3   6   4   1  11 
10 11 5 0.070331 * 10   3   6   5   1  11 
10 11 5 0.070331 * 10   9   7   4   1  11 
