2  5  1 
0.071823
3  6  4  1 
0.005778
3  6  5  1 
0.005778
4  1 
0.005508
5  1 
0.087398
6  4  1 
0.008106
6  5  1 
0.008106
7  4  1 
0.101785
8  11   1 
0.077855
9  7  4  1 
0.046791
10   3   6   4   1 
0.012533
10   3   6   5   1 
0.012533
10   9   7   4   1 
0.012533
11   1 
0.724863
1  5  2 
0.067995
3  6  5  2 
0.062819
4  1  5  2 
0.075036
4  6  5  2 
0.075036
5  2 
0.078979
6  5  2 
0.026217
7  4  1  5  2 
0.054387
7  4  6  5  2 
0.054387
8  2 
0.027882
9  3  6  5  2 
0.009941
10   3   6   5   2 
0.037636
11   8   2 
0.044876
1  4  6  3 
0.015579
1  5  6  3 
0.015579
2  5  6  3 
0.260018
4  6  3 
0.018496
5  6  3 
0.030866
6  3 
0.019243
7  9  3 
0.030580
8  2  5  6  3 
0.065417
9  3 
0.034187
10   3 
0.095683
11   1   4   6   3 
0.018351
11   1   5   6   3 
0.018351
1  4 
0.016732
2  5  1  4 
0.077082
2  5  6  4 
0.077082
3  6  4 
0.009334
5  1  4 
0.025305
5  6  4 
0.025305
6  4 
0.007415
7  4 
0.567056
8  11   1   4 
0.029896
9  7  4 
0.006333
10   3   6   4 
0.004896
10   9   7   4 
0.004896
11   1   4 
0.022493
1  5 
0.061591
2  5 
0.604791
3  6  5 
0.037523
4  1  5 
0.012959
4  6  5 
0.012959
6  5 
0.046716
7  4  1  5 
0.043128
7  4  6  5 
0.043128
8  2  5 
0.128068
9  3  6  5 
0.033897
10   3   6   5 
0.033251
11   1   5 
0.134374
1  4  6 
0.020745
1  5  6 
0.020745
2  5  6 
0.215708
3  6 
0.019173
4  6 
0.014817
5  6 
0.046086
7  4  6 
0.027632
8  2  5  6 
0.046935
9  3  6 
0.002821
10   3   6 
0.025822
11   1   4   6 
0.040774
11   1   5   6 
0.040774
1  4  7 
0.081488
2  5  1  4  7 
0.363795
2  5  6  4  7 
0.363795
3  9  7 
0.017491
4  7 
0.045884
5  1  4  7 
0.079950
5  6  4  7 
0.079950
6  4  7 
0.033352
8  11   1   4   7 
0.262380
9  7 
0.032841
10   9   7 
0.132714
11   1   4   7 
0.288055
1  11   8 
0.208734
2  8 
0.313232
3  6  5  2  8 
0.089180
4   1  11   8 
0.188702
5  2  8 
0.291624
6  5  2  8 
0.094622
7   4   1  11   8 
0.246616
9  3  6  5  2  8 
0.011914
9   7   4   1  11   8 
0.011914
10   3   6   5   2   8 
0.117620
11   8 
0.278894
1  4  7  9 
0.004703
2  5  6  3  9 
0.037825
3  9 
0.014784
4  7  9 
0.002848
5  6  3  9 
0.016424
6  3  9 
0.002215
7  9 
0.035446
8  2  5  6  3  9 
0.012659
8  11   1   4   7   9 
0.012659
10   9 
0.011530
11   1   4   7   9 
0.006900
1   4   6   3  10 
0.022510
1   4   7   9  10 
0.022510
1   5   6   3  10 
0.039664
2   5   6   3  10 
0.435790
3  10 
0.017587
4   6   3  10 
0.004361
4   7   9  10 
0.004361
5   6   3  10 
0.057641
6   3  10 
0.013756
7   9  10 
0.095742
8   2   5   6   3  10 
0.128002
9  10 
0.013472
11   1   4   6   3  10 
0.013851
11   1   4   7   9  10 
0.013851
11   1   5   6   3  10 
0.016821
1  11 
0.674997
2   8  11 
0.312789
3   6   4   1  11 
0.062508
3   6   5   1  11 
0.062508
4   1  11 
0.112073
5   1  11 
0.255545
6   4   1  11 
0.025317
6   5   1  11 
0.025317
7   4   1  11 
0.351498
8  11 
0.724518
9   7   4   1  11 
0.028362
10   3   6   4   1  11 
0.052447
10   3   6   5   1  11 
0.052447
10   9   7   4   1  11 
0.052447
