2  5  1 
0.089983
3  6  4  1 
0.020474
3  6  5  1 
0.020474
4  1 
0.018456
5  1 
0.096933
6  4  1 
0.010191
6  5  1 
0.010191
7  4  1 
0.100625
8  11   1 
0.079349
9  7  4  1 
0.027596
10   3   6   4   1 
0.019021
10   3   6   5   1 
0.019021
10   9   7   4   1 
0.019021
11   1 
0.390883
1  5  2 
0.069012
3  6  5  2 
0.093424
4  1  5  2 
0.013455
4  6  5  2 
0.013455
5  2 
0.141182
6  5  2 
0.055636
7  4  1  5  2 
0.041062
7  4  6  5  2 
0.041062
8  2 
0.034346
9  3  6  5  2 
0.020082
10   3   6   5   2 
0.043250
11   8   2 
0.033555
1  4  6  3 
0.019246
1  5  6  3 
0.019246
2  5  6  3 
0.273145
4  6  3 
0.033511
5  6  3 
0.040161
6  3 
0.086079
7  9  3 
0.124639
8  2  5  6  3 
0.050318
9  3 
0.085019
10   3 
0.151630
11   1   4   6   3 
0.040097
11   1   5   6   3 
0.040097
1  4 
0.033308
2  5  1  4 
0.065238
2  5  6  4 
0.065238
3  6  4 
0.013809
5  1  4 
0.020468
5  6  4 
0.020468
6  4 
0.012628
7  4 
0.484876
8  11   1   4 
0.027304
9  7  4 
0.013856
10   3   6   4 
0.016445
10   9   7   4 
0.016445
11   1   4 
0.033920
1  5 
0.042523
2  5 
0.522108
3  6  5 
0.060811
4  1  5 
0.020813
4  6  5 
0.020813
6  5 
0.128708
7  4  1  5 
0.044363
7  4  6  5 
0.044363
8  2  5 
0.113317
9  3  6  5 
0.041989
10   3   6   5 
0.047284
11   1   5 
0.174439
1  4  6 
0.009933
1  5  6 
0.009933
2  5  6 
0.209503
3  6 
0.048827
4  6 
0.019429
5  6 
0.061845
7  4  6 
0.043476
8  2  5  6 
0.056530
9  3  6 
0.005721
10   3   6 
0.027353
11   1   4   6 
0.034858
11   1   5   6 
0.034858
1  4  7 
0.059090
2  5  1  4  7 
0.347671
2  5  6  4  7 
0.347671
3  9  7 
0.062116
4  7 
0.047952
5  1  4  7 
0.111435
5  6  4  7 
0.111435
6  4  7 
0.069175
8  11   1   4   7 
0.319261
9  7 
0.028404
10   9   7 
0.182852
11   1   4   7 
0.320750
1  11   8 
0.163757
2  8 
0.363576
3  6  5  2  8 
0.133937
4   1  11   8 
0.194007
5  2  8 
0.264758
6  5  2  8 
0.142458
7   4   1  11   8 
0.401950
9  3  6  5  2  8 
0.022518
9   7   4   1  11   8 
0.022518
10   3   6   5   2   8 
0.141656
11   8 
0.375719
1  4  7  9 
0.005402
2  5  6  3  9 
0.036879
3  9 
0.072613
4  7  9 
0.007289
5  6  3  9 
0.016031
6  3  9 
0.002116
7  9 
0.058187
8  2  5  6  3  9 
0.006875
8  11   1   4   7   9 
0.006875
10   9 
0.031243
11   1   4   7   9 
0.017028
1   4   6   3  10 
0.022516
1   4   7   9  10 
0.022516
1   5   6   3  10 
0.038201
2   5   6   3  10 
0.342481
3  10 
0.035460
4   6   3  10 
0.006178
4   7   9  10 
0.006178
5   6   3  10 
0.033365
6   3  10 
0.014594
7   9  10 
0.120661
8   2   5   6   3  10 
0.090463
9  10 
0.024033
11   1   4   6   3  10 
0.016408
11   1   4   7   9  10 
0.016408
11   1   5   6   3  10 
0.022141
1  11 
0.518782
2   8  11 
0.390301
3   6   4   1  11 
0.110641
3   6   5   1  11 
0.110641
4   1  11 
0.136219
5   1  11 
0.247541
6   4   1  11 
0.055936
6   5   1  11 
0.055936
7   4   1  11 
0.363782
8  11 
0.749452
9   7   4   1  11 
0.020277
10   3   6   4   1  11 
0.062754
10   3   6   5   1  11 
0.062754
10   9   7   4   1  11 
0.062754
