2 1 0.252544 0.088526 * 2  5  1  0 
2 1 0.356126 0.009914 * 2   8  11   1 
3 1 0.347671 0.011458 * 3  6  4  1 
3 1 0.328432 0.009669 * 3  6  5  1 
4 1 0.118763 0.008714 * 4  1 
5 1 0.109363 0.110890 * 5  1 
6 1 0.236991 0.030442 * 6  4  1 
6 1 0.217752 0.023989 * 6  5  1 
7 1 0.240883 0.090259 * 7  4  1 
8 1 0.239291 0.077362 * 8  11   1 
9 1 0.449507 0.002487 * 9  3  6  4  1 
9 1 0.430268 0.002487 * 9  3  6  5  1 
9 1 0.342785 0.001261 * 9  7  4  1  0 
10 1 0.453028 0.011256 * 10   3   6   4   1   0 
10 1 0.433788 0.011256 * 10   3   6   5   1   0 
10 1 0.550735 0.006754 * 10   9   3   6   4   1 
10 1 0.531496 0.006754 * 10   9   3   6   5   1 
10 1 0.444012 0.003423 * 10   9   7   4   1   0 
11 1 0.120983 0.463289 * 11   1 
1 2 0.225480 0.046632 * 1  5  2  0 
1 2 0.350577 0.046632 * 1  11   8   2 
3 2 0.332949 0.037691 * 3  6  5  2 
4 2 0.344243 0.020106 * 4  1  5  2  0 
4 2 0.469341 0.020106 * 4   1  11   8   2 
4 2 0.323247 0.006877 * 4  6  5  2  0 
5 2 0.113880 0.092580 * 5  2 
6 2 0.222269 0.074430 * 6  5  2 
7 2 0.466363 0.031154 * 7  4  1  5  2  0 
7 2 0.591461 0.031154 * 7   4   1  11   8   2 
7 2 0.445367 0.013520 * 7  4  6  5  2  0 
7 2 0.536867 0.007669 * 7  9  3  6  5  2 
8 2 0.104967 0.030006 * 8  2 
9 2 0.434785 0.006639 * 9  3  6  5  2 
10 2 0.438305 0.022614 * 10   3   6   5   2   0 
10 2 0.536012 0.009668 * 10   9   3   6   5   2 
11 2 0.218513 0.079307 * 11   8   2 
1 3 0.330959 0.010027 * 1  4  6  3  0 
1 3 0.438608 0.009684 * 1  4  7  9  3 
1 3 0.361534 0.018942 * 1  5  6  3  0 
2 3 0.393115 0.259243 * 2  5  6  3 
4 3 0.217742 0.014695 * 4  6  3  0 
4 3 0.325391 0.014193 * 4  7  9  3 
5 3 0.249934 0.028875 * 5  6  3 
6 3 0.116764 0.083917 * 6  3 
7 3 0.203919 0.061623 * 7  9  3 
8 3 0.498081 0.019251 * 8  2  5  6  3  0  0 
8 3 0.570250 0.011184 * 8  11   1   4   6   3   0 
8 3 0.677899 0.011184 * 8  11   1   4   7   9   3 
8 3 0.600825 0.011184 * 8  11   1   5   6   3   0 
9 3 0.101836 0.061501 * 9  3 
10 3 0.203064 0.024797 * 10   9   3 
10 3 0.105357 0.058003 * 10   3   0 
11 3 0.451942 0.023057 * 11   1   4   6   3   0 
11 3 0.559591 0.022269 * 11   1   4   7   9   3 
11 3 0.482517 0.043558 * 11   1   5   6   3   0 
1 4 0.113217 0.044848 * 1  4 
2 4 0.365761 0.034483 * 2  5  1  4  0 
2 4 0.394579 0.083426 * 2  5  6  4  0 
2 4 0.469343 0.002810 * 2   8  11   1   4 
3 4 0.228908 0.006835 * 3  6  4  0 
3 4 0.325046 0.000814 * 3  9  7  4 
5 4 0.222580 0.012794 * 5  1  4 
5 4 0.251398 0.030954 * 5  6  4 
6 4 0.118228 0.018060 * 6  4 
7 4 0.122120 0.961400 * 7  4 
8 4 0.352508 0.030590 * 8  11   1   4 
9 4 0.224021 0.007590 * 9  7  4 
10 4 0.334265 0.006121 * 10   3   6   4   0 
10 4 0.430402 0.001350 * 10   3   9   7   4 
10 4 0.325249 0.002119 * 10   9   7   4   0 
11 4 0.234199 0.067092 * 11   1   4 
1 5 0.111600 0.089653 * 1  5 
2 5 0.143181 0.678739 * 2  5 
3 5 0.219069 0.040650 * 3  6  5 
4 5 0.230363 0.026573 * 4  1  5 
4 5 0.209367 0.018177 * 4  6  5 
6 5 0.108389 0.047760 * 6  5 
7 5 0.352483 0.040590 * 7  4  1  5  0 
7 5 0.331487 0.028562 * 7  4  6  5  0 
7 5 0.422987 0.015924 * 7  9  3  6  5 
8 5 0.248147 0.112474 * 8  2  5  0 
8 5 0.350891 0.038316 * 8  11   1   5 
9 5 0.320905 0.012917 * 9  3  6  5 
10 5 0.324425 0.017964 * 10   3   6   5   0 
10 5 0.422132 0.007680 * 10   9   3   6   5 
11 5 0.232583 0.276332 * 11   1   5 
1 6 0.214195 0.009115 * 1  4  6 
1 6 0.244770 0.025404 * 1  5  6 
2 6 0.276351 0.217763 * 2  5  6 
3 6 0.110680 0.020750 * 3  6 
4 6 0.100978 0.014355 * 4  6 
5 6 0.133170 0.068002 * 5  6 
7 6 0.223098 0.008256 * 7  4  6  0 
7 6 0.314598 0.007974 * 7  9  3  6 
8 6 0.381317 0.022206 * 8  2  5  6  0 
8 6 0.453486 0.010279 * 8  11   1   4   6 
8 6 0.484061 0.010279 * 8  11   1   5   6 
9 6 0.212516 0.003610 * 9  3  6 
10 6 0.216036 0.017442 * 10   3   6   0 
10 6 0.313744 0.007457 * 10   9   3   6 
11 6 0.335178 0.023219 * 11   1   4   6 
11 6 0.365753 0.064712 * 11   1   5   6 
1 7 0.234689 0.083411 * 1  4  7 
2 7 0.487233 0.194813 * 2  5  1  4  7  0 
2 7 0.596040 0.058470 * 2  5  6  3  9  7 
2 7 0.516052 0.491065 * 2  5  6  4  7  0 
2 7 0.590815 0.016856 * 2   8  11   1   4   7 
3 7 0.202925 0.023030 * 3  9  7 
4 7 0.121473 0.043857 * 4  7 
5 7 0.344053 0.056926 * 5  1  4  7  0 
5 7 0.452860 0.017085 * 5  6  3  9  7 
5 7 0.372871 0.143493 * 5  6  4  7  0 
6 7 0.319689 0.003113 * 6  3  9  7 
6 7 0.239701 0.026149 * 6  4  7  0 
8 7 0.473980 0.291921 * 8  11   1   4   7 
9 7 0.101901 0.018174 * 9  7 
10 7 0.308282 0.025644 * 10   3   9   7 
10 7 0.203129 0.083436 * 10   9   7   0 
11 7 0.355672 0.276375 * 11   1   4   7 
1 8 0.342315 0.054611 * 1  5  2  8 
1 8 0.245611 0.198422 * 1  11   8   0 
2 8 0.116835 0.330768 * 2  8 
3 8 0.449784 0.091555 * 3  6  5  2  8 
4 8 0.461078 0.037542 * 4  1  5  2  8 
4 8 0.364374 0.113028 * 4   1  11   8   0 
4 8 0.440082 0.016687 * 4  6  5  2  8 
5 8 0.230715 0.400571 * 5  2  8 
6 8 0.339104 0.085273 * 6  5  2  8 
7 8 0.583198 0.067507 * 7  4  1  5  2  8 
7 8 0.486494 0.160836 * 7   4   1  11   8   0 
7 8 0.562203 0.030006 * 7  4  6  5  2  8 
9 8 0.551620 0.002365 * 9  3  6  5  2  8  0 
9 8 0.685100 0.012109 * 9  7  4  1  5  2  8 
9 8 0.588395 0.012109 * 9   7   4   1  11   8   0 
9 8 0.664104 0.007417 * 9  7  4  6  5  2  8 
10 8 0.555140 0.016289 * 10   3   6   5   2   8   0   0 
10 8 0.652848 0.009302 * 10   9   3   6   5   2   8   0 
10 8 0.786327 0.042612 * 10   9   7   4   1   5   2   8 
10 8 0.689623 0.042612 * 10   9   7   4   1  11   8   0 
10 8 0.765332 0.029164 * 10   9   7   4   6   5   2   8 
11 8 0.113546 0.435028 * 11   8 
1 9 0.431983 0.001157 * 1  4  6  3  9 
1 9 0.336772 0.008508 * 1  4  7  9  0 
2 9 0.684527 0.003598 * 2  5  1  4  6  3  9 
2 9 0.589316 0.018390 * 2  5  1  4  7  9  0 
2 9 0.494139 0.007612 * 2  5  6  3  9  0  0 
3 9 0.101024 0.020198 * 3  9 
4 9 0.318766 0.000313 * 4  6  3  9 
4 9 0.223555 0.002302 * 4  7  9  0 
5 9 0.541346 0.002003 * 5  1  4  6  3  9 
5 9 0.446135 0.010631 * 5  1  4  7  9  0 
5 9 0.350958 0.004238 * 5  6  3  9  0  0 
6 9 0.217788 0.001905 * 6  3  9 
7 9 0.102083 0.026127 * 7  9 
8 9 0.789494 0.002671 * 8  2  5  1  4  6  3  9 
8 9 0.694282 0.002823 * 8  2  5  1  4  7  9  0 
8 9 0.599106 0.002823 * 8  2  5  6  3  9  0  0 
8 9 0.671274 0.000821 * 8  11   1   4   6   3   9   0 
8 9 0.576063 0.000821 * 8  11   1   4   7   9   0   0 
10 9 0.206381 0.002805 * 10   3   9 
10 9 0.101228 0.009128 * 10   9   0 
11 9 0.552966 0.003257 * 11   1   4   6   3   9 
11 9 0.457755 0.004433 * 11   1   4   7   9   0 
1 10 0.533200 0.011393 * 1   4   6   3   9  10 
1 10 0.439997 0.011393 * 1   4   6   3  10   0 
1 10 0.437989 0.013205 * 1   4   7   9  10   0 
1 10 0.563775 0.029099 * 1   5   6   3   9  10 
1 10 0.470572 0.029099 * 1   5   6   3  10   0 
2 10 0.595356 0.090321 * 2   5   6   3   9  10 
2 10 0.502152 0.398481 * 2   5   6   3  10   0 
3 10 0.202241 0.002845 * 3   9  10 
3 10 0.109038 0.015197 * 3  10   0 
4 10 0.419983 0.002514 * 4   6   3   9  10 
4 10 0.326780 0.002514 * 4   6   3  10   0 
4 10 0.324772 0.002914 * 4   7   9  10   0 
5 10 0.452175 0.007767 * 5   6   3   9  10 
5 10 0.358972 0.041492 * 5   6   3  10   0 
6 10 0.319005 0.003105 * 6   3   9  10 
6 10 0.225802 0.016586 * 6   3  10   0 
7 10 0.203299 0.086428 * 7   9  10 
8 10 0.700322 0.021571 * 8   2   5   6   3   9  10   0 
8 10 0.607119 0.021571 * 8   2   5   6   3  10   0   0 
8 10 0.772491 0.013041 * 8  11   1   4   6   3   9  10 
8 10 0.679287 0.013041 * 8  11   1   4   6   3  10   0 
8 10 0.677279 0.013041 * 8  11   1   4   7   9  10   0 
8 10 0.803066 0.013041 * 8  11   1   5   6   3   9  10 
8 10 0.709862 0.013041 * 8  11   1   5   6   3  10   0 
9 10 0.101217 0.026969 * 9  10 
11 10 0.654183 0.008116 * 11   1   4   6   3   9  10 
11 10 0.560979 0.008116 * 11   1   4   6   3  10   0 
11 10 0.558971 0.009406 * 11   1   4   7   9  10   0 
11 10 0.684758 0.019417 * 11   1   5   6   3   9  10 
11 10 0.591554 0.019417 * 11   1   5   6   3  10   0 
1 11 0.132065 0.616033 * 1  11 
2 11 0.235143 0.358805 * 2   8  11 
3 11 0.479736 0.126807 * 3   6   4   1  11   0 
3 11 0.460497 0.111118 * 3   6   5   1  11   0 
3 11 0.568092 0.025450 * 3   6   5   2   8  11 
4 11 0.250828 0.055458 * 4   1  11 
5 11 0.241428 0.259290 * 5   1  11   0 
5 11 0.349023 0.029038 * 5   2   8  11 
6 11 0.369056 0.034263 * 6   4   1  11   0 
6 11 0.349817 0.030024 * 6   5   1  11   0 
6 11 0.457412 0.006877 * 6   5   2   8  11 
7 11 0.372948 0.278183 * 7   4   1  11 
8 11 0.118308 0.786582 * 8  11 
9 11 0.581572 0.006450 * 9   3   6   4   1  11   0 
9 11 0.562333 0.006450 * 9   3   6   5   1  11   0 
9 11 0.669928 0.006041 * 9   3   6   5   2   8  11 
9 11 0.474849 0.003115 * 9   7   4   1  11   0   0 
10 11 0.585092 0.034018 * 10   3   6   4   1  11   0   0 
10 11 0.565853 0.034018 * 10   3   6   5   1  11   0   0 
10 11 0.673449 0.018626 * 10   3   6   5   2   8  11   0 
10 11 0.682800 0.019888 * 10   9   3   6   4   1  11   0 
10 11 0.663560 0.019888 * 10   9   3   6   5   1  11   0 
10 11 0.771156 0.018626 * 10   9   3   6   5   2   8  11 
10 11 0.576077 0.009605 * 10   9   7   4   1  11   0   0 
