2  5  1  0 
0.080209
2   8  11   1 
0.010147
3  6  4  1 
0.012886
3  6  5  1 
0.009313
4  1 
0.076087
5  1 
0.117415
6  4  1 
0.018438
6  5  1 
0.013325
7  4  1 
0.100545
8  11   1 
0.093726
9  3  6  4  1 
0.007815
9  3  6  5  1 
0.007815
9  7  4  1  0 
0.005912
10   3   6   4   1   0 
0.014480
10   3   6   5   1   0 
0.014480
10   9   3   6   4   1 
0.008954
10   9   3   6   5   1 
0.008954
10   9   7   4   1   0 
0.007832
11   1 
0.343673
1  5  2  0 
0.054635
1  11   8   2 
0.054635
3  6  5  2 
0.086691
4  1  5  2  0 
0.012303
4   1  11   8   2 
0.012303
4  6  5  2  0 
0.004312
5  2 
0.199506
6  5  2 
0.049769
7  4  1  5  2  0 
0.058797
7   4   1  11   8   2 
0.058797
7  4  6  5  2  0 
0.020607
7  9  3  6  5  2 
0.008821
8  2 
0.020651
9  3  6  5  2 
0.009866
10   3   6   5   2   0 
0.028289
10   9   3   6   5   2 
0.009959
11   8   2 
0.094754
1  4  6  3  0 
0.006633
1  4  7  9  3 
0.003471
1  5  6  3  0 
0.011748
2  5  6  3 
0.191982
4  6  3  0 
0.015477
4  7  9  3 
0.008100
5  6  3 
0.045069
6  3 
0.084490
7  9  3 
0.147051
8  2  5  6  3  0  0 
0.015904
8  11   1   4   6   3   0 
0.009991
8  11   1   4   7   9   3 
0.009991
8  11   1   5   6   3   0 
0.009991
9  3 
0.084827
10   9   3 
0.021079
10   3   0 
0.059874
11   1   4   6   3   0 
0.033030
11   1   4   7   9   3 
0.017287
11   1   5   6   3   0 
0.058503
1  4 
0.017547
2  5  1  4  0 
0.039020
2  5  6  4  0 
0.091445
2   8  11   1   4 
0.003649
3  6  4  0 
0.009772
3  9  7  4 
0.001114
5  1  4 
0.013639
5  6  4 
0.031964
6  4 
0.020631
7  4 
0.048152
8  11   1   4 
0.022988
9  7  4 
0.020307
10   3   6   4   0 
0.015419
10   3   9   7   4 
0.002573
10   9   7   4   0 
0.006351
11   1   4 
0.027654
1  5 
0.104026
2  5 
0.671136
3  6  5 
0.042733
4  1  5 
0.026952
4  6  5 
0.018130
6  5 
0.061095
7  4  1  5  0 
0.061918
7  4  6  5  0 
0.041650
7  9  3  6  5 
0.014925
8  2  5  0 
0.084914
8  11   1   5 
0.033235
9  3  6  5 
0.042661
10   3   6   5   0 
0.043459
10   9   3   6   5 
0.015300
11   1   5 
0.190199
1  4  6 
0.009542
1  5  6 
0.024026
2  5  6 
0.201795
3  6 
0.056375
4  6 
0.023163
5  6 
0.071912
7  4  6  0 
0.040931
7  9  3  6 
0.021422
8  2  5  6  0 
0.031702
8  11   1   4   6 
0.017336
8  11   1   5   6 
0.017336
9  3  6 
0.005468
10   3   6   0 
0.020283
10   9   3   6 
0.007141
11   1   4   6 
0.016958
11   1   5   6 
0.042460
1  4  7 
0.082972
2  5  1  4  7  0 
0.171428
2  5  6  3  9  7 
0.050988
2  5  6  4  7  0 
0.414487
2   8  11   1   4   7 
0.014523
3  9  7 
0.040749
4  7 
0.049349
5  1  4  7  0 
0.079454
5  6  3  9  7 
0.023632
5  6  4  7  0 
0.207381
6  3  9  7 
0.007907
6  4  7  0 
0.069385
8  11   1   4   7 
0.314646
9  7 
0.025177
10   3   9   7 
0.039072
10   9   7   0 
0.157319
11   1   4   7 
0.375643
1  5  2  8 
0.031485
1  11   8   0 
0.134778
2  8 
0.351648
3  6  5  2  8 
0.124544
4  1  5  2  8 
0.037921
4   1  11   8   0 
0.159817
4  6  5  2  8 
0.020358
5  2  8 
0.433367
6  5  2  8 
0.178216
7  4  1  5  2  8 
0.080791
7   4   1  11   8   0 
0.270865
7  4  6  5  2  8 
0.043373
9  3  6  5  2  8  0 
0.001730
9  7  4  1  5  2  8 
0.013420
9   7   4   1  11   8   0 
0.013420
9  7  4  6  5  2  8 
0.008793
10   3   6   5   2   8   0   0 
0.014070
10   9   3   6   5   2   8   0 
0.006685
10   9   7   4   1   5   2   8 
0.043386
10   9   7   4   1  11   8   0 
0.043386
10   9   7   4   6   5   2   8 
0.033987
11   8 
0.418532
1  4  6  3  9 
0.000557
1  4  7  9  0 
0.003334
2  5  1  4  6  3  9 
0.004480
2  5  1  4  7  9  0 
0.016543
2  5  6  3  9  0  0 
0.008250
3  9 
0.043181
4  6  3  9 
0.000914
4  7  9  0 
0.005473
5  1  4  6  3  9 
0.001924
5  1  4  7  9  0 
0.007106
5  6  3  9  0  0 
0.003544
6  3  9 
0.004542
7  9 
0.013721
8  2  5  1  4  6  3  9 
0.003749
8  2  5  1  4  7  9  0 
0.004623
8  2  5  6  3  9  0  0 
0.004623
8  11   1   4   6   3   9   0 
0.001670
8  11   1   4   7   9   0   0 
0.001670
10   3   9 
0.002806
10   9   0 
0.011299
11   1   4   6   3   9 
0.005384
11   1   4   7   9   0 
0.012042
1   4   6   3   9  10 
0.011707
1   4   6   3  10   0 
0.011707
1   4   7   9  10   0 
0.013941
1   5   6   3   9  10 
0.024875
1   5   6   3  10   0 
0.024875
2   5   6   3   9  10 
0.068126
2   5   6   3  10   0 
0.200327
3   9  10 
0.005120
3  10   0 
0.020616
4   6   3   9  10 
0.004582
4   6   3  10   0 
0.004582
4   7   9  10   0 
0.005456
5   6   3   9  10 
0.008596
5   6   3  10   0 
0.034611
6   3   9  10 
0.004540
6   3  10   0 
0.018279
7   9  10 
0.126342
8   2   5   6   3   9  10   0 
0.015071
8   2   5   6   3  10   0   0 
0.015071
8  11   1   4   6   3   9  10 
0.011031
8  11   1   4   6   3  10   0 
0.011031
8  11   1   4   7   9  10   0 
0.011031
8  11   1   5   6   3   9  10 
0.011031
8  11   1   5   6   3  10   0 
0.011031
9  10 
0.030844
11   1   4   6   3   9  10 
0.006617
11   1   4   6   3  10   0 
0.006617
11   1   4   7   9  10   0 
0.007879
11   1   5   6   3   9  10 
0.012812
11   1   5   6   3  10   0 
0.012812
1  11 
0.522321
2   8  11 
0.403878
3   6   4   1  11   0 
0.113787
3   6   5   1  11   0 
0.092640
3   6   5   2   8  11 
0.022060
4   1  11 
0.092885
5   1  11   0 
0.213083
5   2   8  11 
0.026957
6   4   1  11   0 
0.033919
6   5   1  11   0 
0.027615
6   5   2   8  11 
0.006576
7   4   1  11 
0.424677
8  11 
0.967592
9   3   6   4   1  11   0 
0.006248
9   3   6   5   1  11   0 
0.006248
9   3   6   5   2   8  11 
0.005611
9   7   4   1  11   0   0 
0.004488
10   3   6   4   1  11   0   0 
0.048922
10   3   6   5   1  11   0   0 
0.048922
10   3   6   5   2   8  11   0 
0.020128
10   9   3   6   4   1  11   0 
0.022411
10   9   3   6   5   1  11   0 
0.022411
10   9   3   6   5   2   8  11 
0.020128
10   9   7   4   1  11   0   0 
0.016100
