2 1 0.244104 0.118734 * 2  5  1  0 
2 1 0.359257 0.009920 * 2   8  11   1 
3 1 0.359713 0.020969 * 3  6  4  1 
3 1 0.337886 0.013805 * 3  6  5  1 
4 1 0.126841 0.074947 * 4  1 
5 1 0.110585 0.146962 * 5  1 
6 1 0.245046 0.020121 * 6  4  1 
6 1 0.223218 0.013247 * 6  5  1 
7 1 0.247476 0.095789 * 7  4  1 
8 1 0.240099 0.098350 * 8  11   1 
9 1 0.462844 0.009721 * 9  3  6  4  1 
9 1 0.441016 0.009721 * 9  3  6  5  1 
9 1 0.351004 0.003302 * 9  7  4  1  0 
10 1 0.466610 0.018260 * 10   3   6   4   1   0 
10 1 0.444782 0.018260 * 10   3   6   5   1   0 
10 1 0.565055 0.002943 * 10   9   3   6   4   1 
10 1 0.543227 0.002943 * 10   9   3   6   5   1 
10 1 0.453215 0.002943 * 10   9   7   4   1   0 
11 1 0.119042 0.322913 * 11   1 
1 2 0.229884 0.058893 * 1  5  2  0 
1 2 0.358175 0.058893 * 1  11   8   2 
3 2 0.344832 0.088454 * 3  6  5  2 
4 2 0.356724 0.024583 * 4  1  5  2  0 
4 2 0.485015 0.024583 * 4   1  11   8   2 
4 2 0.332213 0.007723 * 4  6  5  2  0 
5 2 0.117532 0.215969 * 5  2 
6 2 0.230165 0.060211 * 6  5  2 
7 2 0.477359 0.048328 * 7  4  1  5  2  0 
7 2 0.605650 0.048328 * 7   4   1  11   8   2 
7 2 0.452849 0.017744 * 7  4  6  5  2  0 
7 2 0.551270 0.010641 * 7  9  3  6  5  2 
8 2 0.105567 0.046038 * 8  2 
9 2 0.447963 0.009772 * 9  3  6  5  2 
10 2 0.451729 0.031516 * 10   3   6   5   2   0 
10 2 0.550173 0.003792 * 10   9   3   6   5   2 
11 2 0.219930 0.069128 * 11   8   2 
1 3 0.329580 0.007413 * 1  4  6  3  0 
1 3 0.441165 0.006913 * 1  4  7  9  3 
1 3 0.354930 0.010743 * 1  5  6  3  0 
2 3 0.376097 0.224380 * 2  5  6  3 
4 3 0.216350 0.022780 * 4  6  3  0 
4 3 0.327935 0.021246 * 4  7  9  3 
5 3 0.242578 0.041413 * 5  6  3 
6 3 0.114302 0.097489 * 6  3 
7 3 0.206438 0.129359 * 7  9  3 
8 3 0.481664 0.024184 * 8  2  5  6  3  0  0 
8 3 0.569679 0.016893 * 8  11   1   4   6   3   0 
8 3 0.681264 0.016893 * 8  11   1   4   7   9   3 
8 3 0.595029 0.016893 * 8  11   1   5   6   3   0 
9 3 0.103131 0.072203 * 9  3 
10 3 0.205341 0.009068 * 10   9   3 
10 3 0.106897 0.075366 * 10   3   0 
11 3 0.448622 0.028122 * 11   1   4   6   3   0 
11 3 0.560207 0.026228 * 11   1   4   7   9   3 
11 3 0.473972 0.040757 * 11   1   5   6   3   0 
1 4 0.113229 0.040446 * 1  4 
2 4 0.357333 0.039940 * 2  5  1  4  0 
2 4 0.380001 0.085196 * 2  5  6  4  0 
2 4 0.472486 0.002191 * 2   8  11   1   4 
3 4 0.232873 0.012935 * 3  6  4  0 
3 4 0.326539 0.002576 * 3  9  7  4 
5 4 0.223815 0.019993 * 5  1  4 
5 4 0.246482 0.044974 * 5  6  4 
6 4 0.118205 0.030944 * 6  4 
7 4 0.120635 0.373353 * 7  4 
8 4 0.353328 0.023818 * 8  11   1   4 
9 4 0.224164 0.014959 * 9  7  4 
10 4 0.339769 0.020788 * 10   3   6   4   0 
10 4 0.433436 0.005512 * 10   3   9   7   4 
10 4 0.326374 0.001175 * 10   9   7   4   0 
11 4 0.232271 0.048380 * 11   1   4 
1 5 0.112352 0.104939 * 1  5 
2 5 0.133519 0.547298 * 2  5 
3 5 0.227300 0.064375 * 3  6  5 
4 5 0.239193 0.028502 * 4  1  5 
4 5 0.214682 0.017617 * 4  6  5 
6 5 0.112633 0.085067 * 6  5 
7 5 0.359828 0.064405 * 7  4  1  5  0 
7 5 0.335317 0.039809 * 7  4  6  5  0 
7 5 0.433738 0.025019 * 7  9  3  6  5 
8 5 0.239086 0.131171 * 8  2  5  0 
8 5 0.352451 0.050716 * 8  11   1   5 
9 5 0.330431 0.043045 * 9  3  6  5 
10 5 0.334197 0.081757 * 10   3   6   5   0 
10 5 0.432642 0.009837 * 10   9   3   6   5 
11 5 0.231394 0.230555 * 11   1   5 
1 6 0.215278 0.016718 * 1  4  6 
1 6 0.240628 0.040056 * 1  5  6 
2 6 0.261795 0.205357 * 2  5  6 
3 6 0.114667 0.082651 * 3  6 
4 6 0.102049 0.026725 * 4  6 
5 6 0.128276 0.075045 * 5  6 
7 6 0.222684 0.030945 * 7  4  6  0 
7 6 0.321105 0.028861 * 7  9  3  6 
8 6 0.367362 0.018077 * 8  2  5  6  0 
8 6 0.455377 0.009906 * 8  11   1   4   6 
8 6 0.480727 0.009906 * 8  11   1   5   6 
9 6 0.217798 0.006319 * 9  3  6 
10 6 0.221564 0.020239 * 10   3   6   0 
10 6 0.320009 0.002435 * 10   9   3   6 
11 6 0.334320 0.024647 * 11   1   4   6 
11 6 0.359670 0.051148 * 11   1   5   6 
1 7 0.234727 0.076842 * 1  4  7 
2 7 0.478831 0.130340 * 2  5  1  4  7  0  0 
2 7 0.582001 0.086837 * 2  5  6  3  9  7  0 
2 7 0.688110 0.032478 * 2   5   6   3  10   9   7 
2 7 0.501499 0.325289 * 2  5  6  4  7  0  0 
2 7 0.593984 0.007492 * 2   8  11   1   4   7   0 
3 7 0.205904 0.050623 * 3  9  7  0 
3 7 0.312013 0.017226 * 3  10   9   7 
4 7 0.121498 0.104941 * 4  7 
5 7 0.345312 0.058615 * 5  1  4  7  0  0 
5 7 0.448482 0.039051 * 5  6  3  9  7  0 
5 7 0.554591 0.014606 * 5   6   3  10   9   7 
5 7 0.367980 0.146285 * 5  6  4  7  0  0 
6 7 0.320206 0.013114 * 6  3  9  7  0 
6 7 0.426315 0.004905 * 6   3  10   9   7 
6 7 0.239703 0.049124 * 6  4  7  0  0 
8 7 0.474826 0.293387 * 8  11   1   4   7 
9 7 0.103528 0.012779 * 9  7 
10 7 0.205739 0.184559 * 10   9   7 
11 7 0.353769 0.340345 * 11   1   4   7 
1 8 0.349042 0.031204 * 1  5  2  8 
1 8 0.252608 0.144398 * 1  11   8   0 
2 8 0.119158 0.350760 * 2  8 
3 8 0.463990 0.101380 * 3  6  5  2  8 
4 8 0.475882 0.037668 * 4  1  5  2  8 
4 8 0.379448 0.167296 * 4   1  11   8   0 
4 8 0.451372 0.018375 * 4  6  5  2  8 
5 8 0.236690 0.347131 * 5  2  8 
6 8 0.349323 0.147880 * 6  5  2  8 
7 8 0.596517 0.085195 * 7  4  1  5  2  8 
7 8 0.500084 0.291415 * 7   4   1  11   8   0 
7 8 0.572007 0.041560 * 7  4  6  5  2  8 
9 8 0.567121 0.002667 * 9  3  6  5  2  8  0 
9 8 0.700046 0.014253 * 9  7  4  1  5  2  8 
9 8 0.603612 0.014253 * 9   7   4   1  11   8   0 
9 8 0.675535 0.011668 * 9  7  4  6  5  2  8 
10 8 0.570887 0.040926 * 10   3   6   5   2   8   0   0 
10 8 0.669331 0.008333 * 10   9   3   6   5   2   8   0 
10 8 0.802257 0.031238 * 10   9   7   4   1   5   2   8 
10 8 0.705823 0.031238 * 10   9   7   4   1  11   8   0 
10 8 0.777746 0.031238 * 10   9   7   4   6   5   2   8 
11 8 0.114363 0.369628 * 11   8 
1 9 0.538064 0.001355 * 1   4   6   3  10   9 
1 9 0.431955 0.001355 * 1  4  6  3  9  0 
1 9 0.338034 0.002667 * 1  4  7  9  0  0 
2 9 0.782168 0.006436 * 2   5   1   4   6   3  10   9 
2 9 0.676060 0.006436 * 2  5  1  4  6  3  9  0 
2 9 0.582138 0.011267 * 2  5  1  4  7  9  0  0 
2 9 0.584582 0.008584 * 2   5   6   3  10   9   0   0 
2 9 0.478473 0.009096 * 2  5  6  3  9  0  0  0 
3 9 0.208485 0.017653 * 3  10   9 
3 9 0.102376 0.051878 * 3  9  0 
4 9 0.424835 0.002186 * 4   6   3  10   9 
4 9 0.318726 0.002186 * 4  6  3  9  0 
4 9 0.224805 0.004303 * 4  7  9  0  0 
5 9 0.648650 0.003471 * 5   1   4   6   3  10   9 
5 9 0.542541 0.003471 * 5  1  4  6  3  9  0 
5 9 0.448619 0.006077 * 5  1  4  7  9  0  0 
5 9 0.451063 0.004630 * 5   6   3  10   9   0   0 
5 9 0.344954 0.004906 * 5  6  3  9  0  0  0 
6 9 0.322786 0.002180 * 6   3  10   9 
6 9 0.216677 0.004342 * 6  3  9  0 
7 9 0.103307 0.010339 * 7  9 
8 9 0.887735 0.004376 * 8   2   5   1   4   6   3  10   9 
8 9 0.781626 0.004376 * 8  2  5  1  4  6  3  9  0 
8 9 0.687705 0.004376 * 8  2  5  1  4  7  9  0  0 
8 9 0.690148 0.004376 * 8   2   5   6   3  10   9   0   0 
8 9 0.584039 0.004376 * 8  2  5  6  3  9  0  0  0 
8 9 0.778163 0.000936 * 8  11   1   4   6   3  10   9   0 
8 9 0.672054 0.000936 * 8  11   1   4   6   3   9   0   0 
8 9 0.578133 0.000936 * 8  11   1   4   7   9   0   0   0 
10 9 0.102211 0.018864 * 10   9 
11 9 0.657106 0.004731 * 11   1   4   6   3  10   9 
11 9 0.550997 0.004731 * 11   1   4   6   3   9   0 
11 9 0.457076 0.004731 * 11   1   4   7   9   0   0 
1 10 0.533882 0.013026 * 1   4   6   3   9  10 
1 10 0.435854 0.013026 * 1   4   6   3  10   0 
1 10 0.439960 0.009883 * 1   4   7   9  10   0 
1 10 0.559232 0.025700 * 1   5   6   3   9  10 
1 10 0.461204 0.025700 * 1   5   6   3  10   0 
2 10 0.580399 0.085913 * 2   5   6   3   9  10 
2 10 0.482371 0.159728 * 2   5   6   3  10   0 
3 10 0.204302 0.009869 * 3   9  10 
3 10 0.106274 0.024440 * 3  10   0 
4 10 0.420652 0.005827 * 4   6   3   9  10 
4 10 0.322624 0.005827 * 4   6   3  10   0 
4 10 0.326731 0.004421 * 4   7   9  10   0 
5 10 0.446880 0.015771 * 5   6   3   9  10 
5 10 0.348852 0.039054 * 5   6   3  10   0 
6 10 0.318603 0.005742 * 6   3   9  10 
6 10 0.220575 0.014219 * 6   3  10   0 
7 10 0.205233 0.135734 * 7   9  10 
8 10 0.685966 0.017714 * 8   2   5   6   3   9  10   0 
8 10 0.587938 0.017714 * 8   2   5   6   3  10   0   0 
8 10 0.773981 0.011877 * 8  11   1   4   6   3   9  10 
8 10 0.675953 0.011877 * 8  11   1   4   6   3  10   0 
8 10 0.680059 0.011877 * 8  11   1   4   7   9  10   0 
8 10 0.799331 0.011877 * 8  11   1   5   6   3   9  10 
8 10 0.701303 0.011877 * 8  11   1   5   6   3  10   0 
9 10 0.101926 0.037694 * 9  10 
11 10 0.652924 0.008312 * 11   1   4   6   3   9  10 
11 10 0.554896 0.008312 * 11   1   4   6   3  10   0 
11 10 0.559002 0.006307 * 11   1   4   7   9  10   0 
11 10 0.678274 0.014420 * 11   1   5   6   3   9  10 
11 10 0.580246 0.014420 * 11   1   5   6   3  10   0 
1 11 0.138245 0.559791 * 1  11 
2 11 0.240215 0.474809 * 2   8  11 
3 11 0.497958 0.124758 * 3   6   4   1  11   0 
3 11 0.476131 0.088999 * 3   6   5   1  11   0 
3 11 0.585047 0.016774 * 3   6   5   2   8  11 
4 11 0.265086 0.078415 * 4   1  11 
5 11 0.248830 0.300466 * 5   1  11   0 
5 11 0.357747 0.025105 * 5   2   8  11 
6 11 0.383291 0.048824 * 6   4   1  11   0 
6 11 0.361463 0.034830 * 6   5   1  11   0 
6 11 0.470380 0.006564 * 6   5   2   8  11 
7 11 0.385721 0.430835 * 7   4   1  11 
8 11 0.121057 0.843773 * 8  11 
9 11 0.601089 0.007432 * 9   3   6   4   1  11   0 
9 11 0.579261 0.007432 * 9   3   6   5   1  11   0 
9 11 0.688178 0.007432 * 9   3   6   5   2   8  11 
9 11 0.489249 0.002443 * 9   7   4   1  11   0   0 
10 11 0.604855 0.075024 * 10   3   6   4   1  11   0   0 
10 11 0.583027 0.075024 * 10   3   6   5   1  11   0   0 
10 11 0.691944 0.017672 * 10   3   6   5   2   8  11   0 
10 11 0.703300 0.011995 * 10   9   3   6   4   1  11   0 
10 11 0.681472 0.011995 * 10   9   3   6   5   1  11   0 
10 11 0.790388 0.011995 * 10   9   3   6   5   2   8  11 
10 11 0.591460 0.005514 * 10   9   7   4   1  11   0   0 
