2 1 2 0.069364 * 2  5  1 
3 1 3 0.006630 * 3  6  4  1 
3 1 3 0.006630 * 3  6  5  1 
4 1 1 0.046532 * 4  1 
5 1 1 0.086330 * 5  1 
6 1 2 0.007954 * 6  4  1 
6 1 2 0.007954 * 6  5  1 
7 1 2 0.095143 * 7  4  1 
8 1 2 0.081554 * 8  11   1 
9 1 3 0.009766 * 9  7  4  1 
10 1 4 0.018622 * 10   3   6   4   1 
10 1 4 0.018622 * 10   3   6   5   1 
10 1 4 0.018622 * 10   9   7   4   1 
11 1 1 0.438505 * 11   1 
1 2 2 0.066025 * 1  5  2 
3 2 3 0.072431 * 3  6  5  2 
4 2 3 0.020893 * 4  1  5  2 
4 2 3 0.020893 * 4  6  5  2 
5 2 1 0.128456 * 5  2 
6 2 2 0.045963 * 6  5  2 
7 2 4 0.044740 * 7  4  1  5  2 
7 2 4 0.044740 * 7  4  6  5  2 
8 2 1 0.040865 * 8  2 
9 2 4 0.012431 * 9  3  6  5  2 
10 2 4 0.053102 * 10   3   6   5   2 
11 2 2 0.077365 * 11   8   2 
1 3 3 0.012671 * 1  4  6  3 
1 3 3 0.012671 * 1  5  6  3 
2 3 3 0.204661 * 2  5  6  3 
4 3 2 0.029410 * 4  6  3 
5 3 2 0.033226 * 5  6  3 
6 3 1 0.096812 * 6  3 
7 3 2 0.028077 * 7  9  3 
8 3 4 0.067604 * 8  2  5  6  3 
9 3 1 0.065114 * 9  3 
10 3 1 0.073216 * 10   3 
11 3 4 0.034590 * 11   1   4   6   3 
11 3 4 0.034590 * 11   1   5   6   3 
1 4 1 0.015533 * 1  4 
2 4 3 0.087467 * 2  5  1  4 
2 4 3 0.087467 * 2  5  6  4 
3 4 2 0.013570 * 3  6  4 
5 4 2 0.015168 * 5  1  4 
5 4 2 0.015168 * 5  6  4 
6 4 1 0.036309 * 6  4 
7 4 1 0.468298 * 7  4 
8 4 3 0.047048 * 8  11   1   4 
9 4 2 0.004152 * 9  7  4 
10 4 3 0.012181 * 10   3   6   4 
10 4 3 0.012181 * 10   9   7   4 
11 4 2 0.021321 * 11   1   4 
1 5 1 0.069030 * 1  5 
2 5 1 0.623593 * 2  5 
3 5 2 0.066561 * 3  6  5 
4 5 2 0.015921 * 4  1  5 
4 5 2 0.015921 * 4  6  5 
6 5 1 0.062799 * 6  5 
7 5 3 0.068649 * 7  4  1  5 
7 5 3 0.068649 * 7  4  6  5 
8 5 2 0.122373 * 8  2  5 
9 5 3 0.035147 * 9  3  6  5 
10 5 3 0.052062 * 10   3   6   5 
11 5 2 0.194103 * 11   1   5 
1 6 2 0.015250 * 1  4  6 
1 6 2 0.015250 * 1  5  6 
2 6 2 0.206870 * 2  5  6 
3 6 1 0.018769 * 3  6 
4 6 1 0.024137 * 4  6 
5 6 1 0.083591 * 5  6 
7 6 2 0.029323 * 7  4  6 
8 6 3 0.058602 * 8  2  5  6 
9 6 2 0.007618 * 9  3  6 
10 6 2 0.028249 * 10   3   6 
11 6 3 0.025124 * 11   1   4   6 
11 6 3 0.025124 * 11   1   5   6 
1 7 2 0.069114 * 1  4  7 
2 7 4 0.370846 * 2  5  1  4  7 
2 7 4 0.370846 * 2  5  6  4  7 
3 7 2 0.038394 * 3  9  7 
4 7 1 0.045531 * 4  7 
5 7 3 0.094876 * 5  1  4  7 
5 7 3 0.094876 * 5  6  4  7 
6 7 2 0.063749 * 6  4  7 
8 7 4 0.362960 * 8  11   1   4   7 
9 7 1 0.162825 * 9  7 
10 7 2 0.154060 * 10   9   7 
11 7 3 0.316587 * 11   1   4   7 
1 8 2 0.176635 * 1  11   8 
2 8 1 0.388618 * 2  8 
3 8 4 0.094753 * 3  6  5  2  8 
4 8 3 0.185992 * 4   1  11   8 
5 8 2 0.229728 * 5  2  8 
6 8 3 0.106645 * 6  5  2  8 
7 8 4 0.377325 * 7   4   1  11   8 
9 8 5 0.016542 * 9  3  6  5  2  8 
9 8 5 0.016542 * 9   7   4   1  11   8 
10 8 5 0.148076 * 10   3   6   5   2   8 
11 8 1 0.292920 * 11   8 
1 9 3 0.003402 * 1  4  7  9 
2 9 4 0.037835 * 2  5  6  3  9 
3 9 1 0.021544 * 3  9 
4 9 2 0.005753 * 4  7  9 
5 9 3 0.009597 * 5  6  3  9 
6 9 2 0.002760 * 6  3  9 
7 9 1 0.039501 * 7  9 
8 9 5 0.004796 * 8  2  5  6  3  9 
8 9 5 0.004796 * 8  11   1   4   7   9 
10 9 1 0.016471 * 10   9 
11 9 4 0.010469 * 11   1   4   7   9 
1 10 4 0.021710 * 1   4   6   3  10 
1 10 4 0.021710 * 1   4   7   9  10 
1 10 4 0.036389 * 1   5   6   3  10 
2 10 4 0.409310 * 2   5   6   3  10 
3 10 1 0.028555 * 3  10 
4 10 3 0.005768 * 4   6   3  10 
4 10 3 0.005768 * 4   7   9  10 
5 10 3 0.028313 * 5   6   3  10 
6 10 2 0.020292 * 6   3  10 
7 10 2 0.138662 * 7   9  10 
8 10 5 0.111239 * 8   2   5   6   3  10 
9 10 1 0.015593 * 9  10 
11 10 5 0.012727 * 11   1   4   6   3  10 
11 10 5 0.012727 * 11   1   4   7   9  10 
11 10 5 0.014151 * 11   1   5   6   3  10 
1 11 1 0.589539 * 1  11 
2 11 2 0.363201 * 2   8  11 
3 11 4 0.095317 * 3   6   4   1  11 
3 11 4 0.095317 * 3   6   5   1  11 
4 11 2 0.107569 * 4   1  11 
5 11 2 0.344700 * 5   1  11 
6 11 3 0.038123 * 6   4   1  11 
6 11 3 0.038123 * 6   5   1  11 
7 11 3 0.295759 * 7   4   1  11 
8 11 1 0.684448 * 8  11 
9 11 4 0.035104 * 9   7   4   1  11 
10 11 5 0.061279 * 10   3   6   4   1  11 
10 11 5 0.061279 * 10   3   6   5   1  11 
10 11 5 0.061279 * 10   9   7   4   1  11 
