2 1 0.240555 0.096312 * 2  5  1 
3 1 0.356514 0.016946 * 3  6  4  1 
3 1 0.333882 0.007884 * 3  6  5  1 
4 1 0.126266 0.055859 * 4  1 
5 1 0.109022 0.132422 * 5  1 
6 1 0.243420 0.026008 * 6  4  1 
6 1 0.220787 0.012099 * 6  5  1 
7 1 0.243455 0.096576 * 7  4  1 
8 1 0.346529 0.026879 * 8  2  5  1 
8 1 0.240607 0.057778 * 8  11   1   0 
9 1 0.459624 0.009044 * 9  3  6  4  1 
9 1 0.436992 0.009044 * 9  3  6  5  1 
9 1 0.347306 0.007159 * 9  7  4  1  0 
10 1 0.462683 0.016976 * 10   3   6   4   1   0 
10 1 0.440050 0.016976 * 10   3   6   5   1   0 
10 1 0.562141 0.010311 * 10   9   3   6   4   1 
10 1 0.539508 0.010311 * 10   9   3   6   5   1 
10 1 0.449823 0.009319 * 10   9   7   4   1   0 
11 1 0.119259 0.391003 * 11   1 
1 2 0.228442 0.063129 * 1  5  2  0 
1 2 0.358223 0.063129 * 1  11   8   2 
3 2 0.341246 0.093261 * 3  6  5  2 
4 2 0.354708 0.016898 * 4  1  5  2  0 
4 2 0.484489 0.016898 * 4   1  11   8   2 
4 2 0.330025 0.004442 * 4  6  5  2  0 
5 2 0.116387 0.146642 * 5  2 
6 2 0.228151 0.048302 * 6  5  2 
7 2 0.471897 0.045530 * 7  4  1  5  2  0 
7 2 0.601678 0.045530 * 7   4   1  11   8   2 
7 2 0.447214 0.013196 * 7  4  6  5  2  0 
7 2 0.547765 0.005947 * 7  9  3  6  5  2 
8 2 0.105974 0.069689 * 8  2 
9 2 0.444356 0.016786 * 9  3  6  5  2 
10 2 0.447415 0.023541 * 10   3   6   5   2   0 
10 2 0.546873 0.007981 * 10   9   3   6   5   2 
11 2 0.222084 0.087347 * 11   8   2 
1 3 0.327069 0.008256 * 1  4  6  3  0 
1 3 0.439150 0.005240 * 1  4  7  9  3 
1 3 0.350985 0.009649 * 1  5  6  3  0 
2 3 0.370463 0.196861 * 2  5  6  3 
4 3 0.214631 0.025501 * 4  6  3  0 
4 3 0.326712 0.016001 * 4  7  9  3 
5 3 0.238930 0.043313 * 5  6  3 
6 3 0.112757 0.070016 * 6  3 
7 3 0.206519 0.119376 * 7  9  3 
8 3 0.476437 0.007385 * 8  2  5  6  3  0  0 
8 3 0.567676 0.013704 * 8  11   1   4   6   3   0 
8 3 0.679756 0.013704 * 8  11   1   4   7   9   3 
8 3 0.591592 0.013704 * 8  11   1   5   6   3   0 
9 3 0.103110 0.063760 * 9  3 
10 3 0.205627 0.018487 * 10   9   3 
10 3 0.106168 0.054530 * 10   3   0 
11 3 0.446328 0.030178 * 11   1   4   6   3   0 
11 3 0.558409 0.019155 * 11   1   4   7   9   3 
11 3 0.470244 0.035269 * 11   1   5   6   3   0 
1 4 0.112438 0.015963 * 1  4 
2 4 0.352993 0.036722 * 2  5  1  4 
2 4 0.374860 0.078937 * 2  5  6  4 
3 4 0.230249 0.019353 * 3  6  4  0 
3 4 0.322978 0.002169 * 3  9  7  4 
5 4 0.221460 0.016944 * 5  1  4 
5 4 0.243326 0.036421 * 5  6  4 
6 4 0.117154 0.023300 * 6  4 
7 4 0.117189 0.140512 * 7  4 
8 4 0.458967 0.007714 * 8  2  5  1  4 
8 4 0.480833 0.007714 * 8  2  5  6  4 
8 4 0.353045 0.005264 * 8  11   1   4   0 
9 4 0.221041 0.016274 * 9  7  4 
10 4 0.336417 0.015747 * 10   3   6   4   0 
10 4 0.429146 0.003454 * 10   3   9   7   4 
10 4 0.323557 0.005567 * 10   9   7   4   0 
11 4 0.231697 0.049113 * 11   1   4 
1 5 0.112055 0.124053 * 1  5 
2 5 0.131533 0.526826 * 2  5 
3 5 0.224860 0.049314 * 3  6  5 
4 5 0.238321 0.028689 * 4  1  5 
4 5 0.213638 0.015084 * 4  6  5 
6 5 0.111765 0.089991 * 6  5 
7 5 0.355510 0.081386 * 7  4  1  5  0 
7 5 0.330827 0.042790 * 7  4  6  5  0 
7 5 0.431379 0.019593 * 7  9  3  6  5 
8 5 0.237507 0.105357 * 8  2  5  0 
8 5 0.352662 0.105357 * 8  11   1   5 
9 5 0.327969 0.045083 * 9  3  6  5 
10 5 0.331028 0.048320 * 10   3   6   5   0 
10 5 0.430486 0.016382 * 10   9   3   6   5 
11 5 0.231314 0.207239 * 11   1   5 
1 6 0.214312 0.018346 * 1  4  6 
1 6 0.238228 0.034893 * 1  5  6 
2 6 0.257706 0.202985 * 2  5  6 
3 6 0.113095 0.070576 * 3  6 
4 6 0.101874 0.027722 * 4  6 
5 6 0.126173 0.060585 * 5  6 
7 6 0.219062 0.030836 * 7  4  6  0 
7 6 0.319614 0.019349 * 7  9  3  6 
8 6 0.363680 0.010225 * 8  2  5  6  0 
8 6 0.454918 0.015600 * 8  11   1   4   6 
8 6 0.478835 0.015600 * 8  11   1   5   6 
9 6 0.216205 0.010391 * 9  3  6 
10 6 0.219263 0.018080 * 10   3   6   0 
10 6 0.318721 0.006129 * 10   9   3   6 
11 6 0.333571 0.026884 * 11   1   4   6 
11 6 0.357487 0.051134 * 11   1   5   6 
1 7 0.232631 0.073775 * 1  4  7 
2 7 0.473186 0.165420 * 2  5  1  4  7  0 
2 7 0.576252 0.043239 * 2  5  6  3  9  7 
2 7 0.495052 0.385808 * 2  5  6  4  7  0 
3 7 0.205789 0.062973 * 3  9  7 
4 7 0.120193 0.051455 * 4  7 
5 7 0.341653 0.062536 * 5  1  4  7  0 
5 7 0.444719 0.016346 * 5  6  3  9  7 
5 7 0.363519 0.145854 * 5  6  4  7  0 
6 7 0.318546 0.006055 * 6  3  9  7 
6 7 0.237346 0.054030 * 6  4  7  0 
8 7 0.579160 0.097996 * 8  2  5  1  4  7  0 
8 7 0.682226 0.041327 * 8  2  5  6  3  9  7 
8 7 0.601026 0.097996 * 8  2  5  6  4  7  0 
8 7 0.473237 0.062129 * 8  11   1   4   7   0   0 
9 7 0.103852 0.020258 * 9  7 
10 7 0.311957 0.042746 * 10   3   9   7 
10 7 0.206369 0.149959 * 10   9   7   0 
11 7 0.351890 0.325967 * 11   1   4   7 
1 8 0.348015 0.034920 * 1  5  2  8 
1 8 0.252249 0.194670 * 1  11   8   0 
2 8 0.119573 0.384669 * 2  8 
3 8 0.460819 0.098218 * 3  6  5  2  8 
4 8 0.474280 0.034846 * 4  1  5  2  8 
4 8 0.378515 0.173303 * 4   1  11   8   0 
4 8 0.449598 0.013859 * 4  6  5  2  8 
5 8 0.235959 0.374060 * 5  2  8 
6 8 0.347724 0.146890 * 6  5  2  8 
7 8 0.591469 0.080083 * 7  4  1  5  2  8 
7 8 0.495704 0.306121 * 7   4   1  11   8   0 
7 8 0.566787 0.031849 * 7  4  6  5  2  8 
9 8 0.563929 0.002191 * 9  3  6  5  2  8  0 
9 8 0.695321 0.018043 * 9  7  4  1  5  2  8 
9 8 0.599556 0.018043 * 9   7   4   1  11   8   0 
9 8 0.670638 0.007915 * 9  7  4  6  5  2  8 
10 8 0.566987 0.013755 * 10   3   6   5   2   8   0   0 
10 8 0.666446 0.006827 * 10   9   3   6   5   2   8   0 
10 8 0.797838 0.043064 * 10   9   7   4   1   5   2   8 
10 8 0.702072 0.043064 * 10   9   7   4   1  11   8   0 
10 8 0.773155 0.024661 * 10   9   7   4   6   5   2   8 
11 8 0.116111 0.430477 * 11   8 
1 9 0.429006 0.000655 * 1  4  6  3  9 
1 9 0.336040 0.004253 * 1  4  7  9  0 
2 9 0.669562 0.004457 * 2  5  1  4  6  3  9 
2 9 0.576595 0.015226 * 2  5  1  4  7  9  0 
2 9 0.472400 0.008808 * 2  5  6  3  9  0  0 
3 9 0.101937 0.046319 * 3  9 
4 9 0.316568 0.001436 * 4  6  3  9 
4 9 0.223602 0.009327 * 4  7  9  0 
5 9 0.538028 0.003764 * 5  1  4  6  3  9 
5 9 0.445062 0.013632 * 5  1  4  7  9  0 
5 9 0.340867 0.007438 * 5  6  3  9  0  0 
6 9 0.214695 0.003288 * 6  3  9 
7 9 0.103409 0.013547 * 7  9 
8 9 0.775535 0.004530 * 8  2  5  1  4  6  3  9 
8 9 0.682569 0.004530 * 8  2  5  1  4  7  9  0 
8 9 0.578374 0.004530 * 8  2  5  6  3  9  0  0 
8 9 0.669613 0.004960 * 8  11   1   4   6   3   9   0 
8 9 0.576647 0.006299 * 8  11   1   4   7   9   0   0 
10 9 0.208106 0.004641 * 10   3   9 
10 9 0.102517 0.016280 * 10   9   0 
11 9 0.548265 0.003987 * 11   1   4   6   3   9 
11 9 0.455299 0.009942 * 11   1   4   7   9   0 
1 10 0.531084 0.012752 * 1   4   6   3   9  10 
1 10 0.433198 0.012752 * 1   4   6   3  10   0 
1 10 0.438118 0.018366 * 1   4   7   9  10   0 
1 10 0.555000 0.020475 * 1   5   6   3   9  10 
1 10 0.457114 0.020475 * 1   5   6   3  10   0 
2 10 0.574478 0.071746 * 2   5   6   3   9  10 
2 10 0.476592 0.161339 * 2   5   6   3  10   0 
3 10 0.204015 0.007420 * 3   9  10 
3 10 0.106129 0.026032 * 3  10   0 
4 10 0.418646 0.005976 * 4   6   3   9  10 
4 10 0.320759 0.005976 * 4   6   3  10   0 
4 10 0.325680 0.008607 * 4   7   9  10   0 
5 10 0.442945 0.011399 * 5   6   3   9  10 
5 10 0.345059 0.039273 * 5   6   3  10   0 
6 10 0.316772 0.007680 * 6   3   9  10 
6 10 0.218886 0.026944 * 6   3  10   0 
7 10 0.205487 0.146590 * 7   9  10 
8 10 0.680452 0.006337 * 8   2   5   6   3   9  10   0 
8 10 0.582565 0.006337 * 8   2   5   6   3  10   0   0 
8 10 0.771691 0.013530 * 8  11   1   4   6   3   9  10 
8 10 0.673804 0.013530 * 8  11   1   4   6   3  10   0 
8 10 0.678724 0.014467 * 8  11   1   4   7   9  10   0 
8 10 0.795607 0.014467 * 8  11   1   5   6   3   9  10 
8 10 0.697721 0.014467 * 8  11   1   5   6   3  10   0 
9 10 0.102078 0.037127 * 9  10 
11 10 0.650343 0.008354 * 11   1   4   6   3   9  10 
11 10 0.552457 0.008354 * 11   1   4   6   3  10   0 
11 10 0.557377 0.012031 * 11   1   4   7   9  10   0 
11 10 0.674259 0.013413 * 11   1   5   6   3   9  10 
11 10 0.576373 0.013413 * 11   1   5   6   3  10   0 
1 11 0.136139 0.465685 * 1  11 
2 11 0.240920 0.455469 * 2   8  11 
3 11 0.492653 0.082655 * 3   6   4   1  11   0 
3 11 0.470020 0.053279 * 3   6   5   1  11   0 
3 11 0.582167 0.037232 * 3   6   5   2   8  11 
4 11 0.262404 0.113042 * 4   1  11 
5 11 0.245161 0.202260 * 5   1  11   0 
5 11 0.357307 0.077989 * 5   2   8  11 
6 11 0.379558 0.056555 * 6   4   1  11   0 
6 11 0.356926 0.036455 * 6   5   1  11   0 
6 11 0.469072 0.025475 * 6   5   2   8  11 
7 11 0.379593 0.413589 * 7   4   1  11 
8 11 0.121348 0.894014 * 8  11 
9 11 0.595763 0.005862 * 9   3   6   4   1  11   0 
9 11 0.573130 0.005862 * 9   3   6   5   1  11   0 
9 11 0.685276 0.005862 * 9   3   6   5   2   8  11 
9 11 0.483445 0.004134 * 9   7   4   1  11   0   0 
10 11 0.598821 0.042958 * 10   3   6   4   1  11   0   0 
10 11 0.576189 0.042958 * 10   3   6   5   1  11   0   0 
10 11 0.688335 0.042958 * 10   3   6   5   2   8  11   0 
10 11 0.698280 0.018904 * 10   9   3   6   4   1  11   0 
10 11 0.675647 0.018904 * 10   9   3   6   5   1  11   0 
10 11 0.787793 0.018904 * 10   9   3   6   5   2   8  11 
10 11 0.585962 0.013331 * 10   9   7   4   1  11   0   0 
