2  5  1  0 
0.116634
2   8  11   1 
0.011495
3  6  4  1 
0.017643
3  6  5  1 
0.013481
4  1 
0.077671
5  1 
0.138544
6  4  1 
0.022783
6  5  1 
0.017409
7  4  1 
0.111311
8  11   1 
0.070382
9  3  6  4  1 
0.007444
9  3  6  5  1 
0.007444
9  7  4  1  0 
0.010202
10   3   6   4   1   0 
0.012178
10   3   6   5   1   0 
0.012178
10   9   3   6   4   1 
0.009632
10   9   3   6   5   1 
0.009632
10   9   7   4   1   0 
0.011940
11   1 
0.356779
1  5  2  0 
0.050614
1  11   8   2 
0.050614
3  6  5  2 
0.076485
4  1  5  2  0 
0.023357
4   1  11   8   2 
0.023357
4  6  5  2  0 
0.008209
5  2 
0.153358
6  5  2 
0.055952
7  4  1  5  2  0 
0.053610
7   4   1  11   8   2 
0.053610
7  4  6  5  2  0 
0.018843
7  9  3  6  5  2 
0.008479
8  2 
0.046886
9  3  6  5  2 
0.022653
10   3   6   5   2   0 
0.026106
10   9   3   6   5   2 
0.010798
11   8   2 
0.085871
1  4  6  3  0 
0.008501
1  4  7  9  3 
0.005633
1  5  6  3  0 
0.017081
2  5  6  3 
0.174155
4  6  3  0 
0.015249
4  7  9  3 
0.010105
5  6  3 
0.041767
6  3 
0.068288
7  9  3 
0.129784
8  2  5  6  3  0  0 
0.028885
8  11   1   4   6   3   0 
0.014823
8  11   1   4   7   9   3 
0.014823
8  11   1   5   6   3   0 
0.014823
9  3 
0.058493
10   9   3 
0.019969
10   3   0 
0.048277
11   1   4   6   3   0 
0.030767
11   1   4   7   9   3 
0.020387
11   1   5   6   3   0 
0.061816
1  4 
0.030955
2  5  1  4  0 
0.045108
2  5  6  4  0 
0.103990
2   8  11   1   4 
0.003362
3  6  4  0 
0.015019
3  9  7  4 
0.003031
5  1  4 
0.014430
5  6  4 
0.033267
6  4 
0.014196
7  4 
0.033390
8  11   1   4 
0.031342
9  7  4 
0.017289
10   3   6   4   0 
0.012491
10   3   9   7   4 
0.004619
10   9   7   4   0 
0.010394
11   1   4 
0.042347
1  5 
0.115664
2  5 
0.537535
3  6  5 
0.053591
4  1  5 
0.025801
4  6  5 
0.016106
6  5 
0.103994
7  4  1  5  0 
0.061381
7  4  6  5  0 
0.038317
7  9  3  6  5 
0.017528
8  2  5  0 
0.149366
8  11   1   5 
0.048231
9  3  6  5 
0.051908
10   3   6   5   0 
0.041926
10   9   3   6   5 
0.017343
11   1   5 
0.189224
1  4  6 
0.012728
1  5  6 
0.035917
2  5  6 
0.212910
3  6 
0.046533
4  6 
0.032415
5  6 
0.070807
7  4  6  0 
0.034687
7  9  3  6 
0.022984
8  2  5  6  0 
0.030031
8  11   1   4   6 
0.013134
8  11   1   5   6 
0.013134
9  3  6 
0.010242
10   3   6   0 
0.011257
10   9   3   6 
0.004657
11   1   4   6 
0.020140
11   1   5   6 
0.049277
1  4  7 
0.102346
2  5  1  4  7  0 
0.129632
2  5  6  3  9  7 
0.068841
2  5  6  4  7  0 
0.341132
2   8  11   1   4   7 
0.009195
3  9  7 
0.047871
4  7 
0.048219
5  1  4  7  0 
0.050042
5  6  3  9  7 
0.026575
5  6  4  7  0 
0.131687
6  3  9  7 
0.012973
6  4  7  0 
0.064286
8  11   1   4   7 
0.295916
9  7 
0.017510
10   3   9   7 
0.030335
10   9   7   0 
0.150322
11   1   4   7 
0.341933
1  5  2  8 
0.046840
1  11   8   0 
0.200841
2  8 
0.436337
3  6  5  2  8 
0.093395
4  1  5  2  8 
0.042317
4   1  11   8   0 
0.166149
4  6  5  2  8 
0.019614
5  2  8 
0.388548
6  5  2  8 
0.155278
7  4  1  5  2  8 
0.093564
7   4   1  11   8   0 
0.293411
7  4  6  5  2  8 
0.043368
9  3  6  5  2  8  0 
0.001068
9  7  4  1  5  2  8 
0.015258
9   7   4   1  11   8   0 
0.015258
9  7  4  6  5  2  8 
0.009182
10   3   6   5   2   8   0   0 
0.006616
10   9   3   6   5   2   8   0 
0.003759
10   9   7   4   1   5   2   8 
0.041851
10   9   7   4   1  11   8   0 
0.041851
10   9   7   4   6   5   2   8 
0.032329
11   8 
0.400547
1  4  6  3  9 
0.000446
1  4  7  9  0 
0.003539
2  5  1  4  6  3  9 
0.003454
2  5  1  4  7  9  0 
0.017711
2  5  6  3  9  0  0 
0.008046
3  9 
0.055963
4  6  3  9 
0.000816
4  7  9  0 
0.006477
5  1  4  6  3  9 
0.002699
5  1  4  7  9  0 
0.015214
5  6  3  9  0  0 
0.006286
6  3  9 
0.005998
7  9 
0.014155
8  2  5  1  4  6  3  9 
0.003475
8  2  5  1  4  7  9  0 
0.005908
8  2  5  6  3  9  0  0 
0.005908
8  11   1   4   6   3   9   0 
0.001767
8  11   1   4   7   9   0   0 
0.001767
10   3   9 
0.003925
10   9   0 
0.019450
11   1   4   6   3   9 
0.004205
11   1   4   7   9   0 
0.008316
1   4   6   3   9  10 
0.011904
1   4   6   3  10   0 
0.011904
1   4   7   9  10   0 
0.015867
1   5   6   3   9  10 
0.025452
1   5   6   3  10   0 
0.026803
2   5   6   3   9  10 
0.059286
2   5   6   3  10   0 
0.178439
3   9  10 
0.004465
3  10   0 
0.022126
4   6   3   9  10 
0.006542
4   6   3  10   0 
0.006542
4   7   9  10   0 
0.008720
5   6   3   9  10 
0.014291
5   6   3  10   0 
0.070285
6   3   9  10 
0.004990
6   3  10   0 
0.024725
7   9  10 
0.125806
8   2   5   6   3   9  10   0 
0.019236
8   2   5   6   3  10   0   0 
0.019236
8  11   1   4   6   3   9  10 
0.011347
8  11   1   4   6   3  10   0 
0.011347
8  11   1   4   7   9  10   0 
0.011347
8  11   1   5   6   3   9  10 
0.011347
8  11   1   5   6   3  10   0 
0.011347
9  10 
0.031323
11   1   4   6   3   9  10 
0.008303
11   1   4   6   3  10   0 
0.008303
11   1   4   7   9  10   0 
0.011067
11   1   5   6   3   9  10 
0.017645
11   1   5   6   3  10   0 
0.017645
1  11 
0.657107
2   8  11 
0.505433
3   6   4   1  11   0 
0.110978
3   6   5   1  11   0 
0.093159
3   6   5   2   8  11 
0.017903
4   1  11 
0.094109
5   1  11   0 
0.237946
5   2   8  11 
0.023451
6   4   1  11   0 
0.057205
6   5   1  11   0 
0.048020
6   5   2   8  11 
0.009228
7   4   1  11 
0.424630
8  11 
0.856482
9   3   6   4   1  11   0 
0.006010
9   3   6   5   1  11   0 
0.006010
9   3   6   5   2   8  11 
0.004735
9   7   4   1  11   0   0 
0.007899
10   3   6   4   1  11   0   0 
0.047508
10   3   6   5   1  11   0   0 
0.047508
10   3   6   5   2   8  11   0 
0.019133
10   9   3   6   4   1  11   0 
0.024286
10   9   3   6   5   1  11   0 
0.024286
10   9   3   6   5   2   8  11 
0.019133
10   9   7   4   1  11   0   0 
0.031918
