2 1 0.249590 0.059494 * 2  5  1  0 
2 1 0.348182 0.010824 * 2   8  11   1 
3 1 0.340886 0.006495 * 3  6  4  1 
3 1 0.323380 0.003433 * 3  6  5  1 
4 1 0.118513 0.008105 * 4  1 
5 1 0.107479 0.085918 * 5  1 
6 1 0.233077 0.011929 * 6  4  1 
6 1 0.215571 0.006305 * 6  5  1 
7 1 0.231889 0.108956 * 7  4  1 
8 1 0.234094 0.072253 * 8  11   1 
9 1 0.442292 0.006554 * 9  3  6  4  1 
9 1 0.424786 0.006554 * 9  3  6  5  1 
9 1 0.335931 0.007595 * 9  7  4  1  0 
10 1 0.444067 0.008668 * 10   3   6   4   1   0 
10 1 0.426561 0.008668 * 10   3   6   5   1   0 
10 1 0.545602 0.008940 * 10   9   3   6   4   1 
10 1 0.528096 0.008940 * 10   9   3   6   5   1 
10 1 0.439241 0.010360 * 10   9   7   4   1   0 
11 1 0.118648 0.561029 * 11   1 
1 2 0.219176 0.031588 * 1  5  2  0 
1 2 0.345963 0.031588 * 1  11   8   2 
3 2 0.327883 0.065266 * 3  6  5  2 
4 2 0.337689 0.017869 * 4  1  5  2  0 
4 2 0.464476 0.017869 * 4   1  11   8   2 
4 2 0.321118 0.006521 * 4  6  5  2  0 
5 2 0.111982 0.091628 * 5  2 
6 2 0.220073 0.031029 * 6  5  2 
7 2 0.451065 0.036514 * 7  4  1  5  2  0 
7 2 0.577852 0.036514 * 7   4   1  11   8   2 
7 2 0.434494 0.013325 * 7  4  6  5  2  0 
7 2 0.533100 0.007894 * 7  9  3  6  5  2 
8 2 0.104617 0.030012 * 8  2 
9 2 0.429288 0.005821 * 9  3  6  5  2 
10 2 0.431064 0.027974 * 10   3   6   5   2   0 
10 2 0.532598 0.015792 * 10   9   3   6   5   2 
11 2 0.215536 0.062366 * 11   8   2 
1 3 0.329392 0.012779 * 1  4  6  3  0 
1 3 0.441821 0.011697 * 1  4  7  9  3 
1 3 0.352707 0.016151 * 1  5  6  3  0 
2 3 0.387623 0.262817 * 2  5  6  3 
4 3 0.215165 0.010840 * 4  6  3  0 
4 3 0.327594 0.009922 * 4  7  9  3 
5 3 0.245513 0.023954 * 5  6  3 
6 3 0.114120 0.014690 * 6  3 
7 3 0.205218 0.025686 * 7  9  3 
8 3 0.492240 0.017395 * 8  2  5  6  3  0  0 
8 3 0.563486 0.013975 * 8  11   1   4   6   3   0 
8 3 0.675916 0.013975 * 8  11   1   4   7   9   3 
8 3 0.586801 0.013975 * 8  11   1   5   6   3   0 
9 3 0.101405 0.039668 * 9  3 
10 3 0.204715 0.014932 * 10   9   3 
10 3 0.103181 0.026450 * 10   3   0 
11 3 0.448040 0.010982 * 11   1   4   6   3   0 
11 3 0.560469 0.010053 * 11   1   4   7   9   3 
11 3 0.471355 0.013880 * 11   1   5   6   3   0 
1 4 0.114227 0.034273 * 1  4 
2 4 0.363817 0.050116 * 2  5  1  4  0 
2 4 0.388067 0.102763 * 2  5  6  4  0 
2 4 0.462409 0.006844 * 2   8  11   1   4 
3 4 0.222373 0.006830 * 3  6  4  0 
3 4 0.318330 0.001123 * 3  9  7  4 
5 4 0.221707 0.016416 * 5  1  4 
5 4 0.245956 0.033661 * 5  6  4 
6 4 0.114564 0.012777 * 6  4 
7 4 0.113376 0.098454 * 7  4 
8 4 0.348322 0.031072 * 8  11   1   4 
9 4 0.217418 0.009747 * 9  7  4 
10 4 0.325554 0.004578 * 10   3   6   4   0 
10 4 0.421511 0.001593 * 10   3   9   7   4 
10 4 0.320728 0.003931 * 10   9   7   4   0 
11 4 0.232875 0.021958 * 11   1   4 
1 5 0.107195 0.055299 * 1  5 
2 5 0.142111 0.623099 * 2  5 
3 5 0.215901 0.037319 * 3  6  5 
4 5 0.225708 0.016745 * 4  1  5 
4 5 0.209136 0.010327 * 4  6  5 
6 5 0.108091 0.046196 * 6  5 
7 5 0.339084 0.045745 * 7  4  1  5  0 
7 5 0.322512 0.028213 * 7  4  6  5  0 
7 5 0.421119 0.018512 * 7  9  3  6  5 
8 5 0.246728 0.097005 * 8  2  5  0 
8 5 0.341289 0.037290 * 8  11   1   5 
9 5 0.317306 0.036808 * 9  3  6  5 
10 5 0.319082 0.028218 * 10   3   6   5   0 
10 5 0.420616 0.015930 * 10   9   3   6   5 
11 5 0.225843 0.123640 * 11   1   5 
1 6 0.215272 0.015718 * 1  4  6 
1 6 0.238587 0.027621 * 1  5  6 
2 6 0.273503 0.243340 * 2  5  6 
3 6 0.107810 0.020798 * 3  6 
4 6 0.101045 0.017609 * 4  6 
5 6 0.131393 0.046492 * 5  6 
7 6 0.214421 0.013231 * 7  4  6  0 
7 6 0.313027 0.012111 * 7  9  3  6 
8 6 0.378120 0.018778 * 8  2  5  6  0 
8 6 0.449366 0.011326 * 8  11   1   4   6 
8 6 0.472682 0.011326 * 8  11   1   5   6 
9 6 0.209215 0.004886 * 9  3  6 
10 6 0.210991 0.015882 * 10   3   6   0 
10 6 0.312525 0.008966 * 10   9   3   6 
11 6 0.333920 0.027748 * 11   1   4   6 
11 6 0.357235 0.048760 * 11   1   5   6 
1 7 0.236604 0.131080 * 1  4  7 
2 7 0.486194 0.198672 * 2  5  1  4  7  0 
2 7 0.592577 0.070561 * 2  5  6  3  9  7 
2 7 0.510444 0.429082 * 2  5  6  4  7  0 
2 7 0.584786 0.028018 * 2   8  11   1   4   7 
3 7 0.204954 0.013717 * 3  9  7 
4 7 0.122377 0.038008 * 4  7 
5 7 0.344083 0.056888 * 5  1  4  7  0 
5 7 0.450467 0.020205 * 5  6  3  9  7 
5 7 0.368333 0.122864 * 5  6  4  7  0 
6 7 0.319074 0.004715 * 6  3  9  7 
6 7 0.236940 0.028675 * 6  4  7  0 
8 7 0.470698 0.259920 * 8  11   1   4   7 
9 7 0.104041 0.023658 * 9  7 
10 7 0.308135 0.017440 * 10   3   9   7 
10 7 0.207352 0.106054 * 10   9   7   0 
11 7 0.355252 0.261027 * 11   1   4   7 
1 8 0.333263 0.042011 * 1  5  2  8 
1 8 0.241346 0.167940 * 1  11   8   0 
2 8 0.114087 0.301251 * 2  8 
3 8 0.441970 0.093714 * 3  6  5  2  8 
4 8 0.451777 0.037531 * 4  1  5  2  8 
4 8 0.359859 0.130499 * 4   1  11   8   0 
4 8 0.435205 0.016105 * 4  6  5  2  8 
5 8 0.226069 0.305582 * 5  2  8 
6 8 0.334160 0.094716 * 6  5  2  8 
7 8 0.565153 0.060839 * 7  4  1  5  2  8 
7 8 0.473235 0.156522 * 7   4   1  11   8   0 
7 8 0.548581 0.026107 * 7  4  6  5  2  8 
9 8 0.543375 0.000982 * 9  3  6  5  2  8  0 
9 8 0.669194 0.009762 * 9  7  4  1  5  2  8 
9 8 0.577277 0.009762 * 9   7   4   1  11   8   0 
9 8 0.652623 0.005174 * 9  7  4  6  5  2  8 
10 8 0.545151 0.006343 * 10   3   6   5   2   8   0   0 
10 8 0.646685 0.004525 * 10   9   3   6   5   2   8   0 
10 8 0.772504 0.039190 * 10   9   7   4   1   5   2   8 
10 8 0.680587 0.039190 * 10   9   7   4   1  11   8   0 
10 8 0.755933 0.023854 * 10   9   7   4   6   5   2   8 
11 8 0.110919 0.284430 * 11   8 
1 9 0.430305 0.000534 * 1  4  6  3  9 
1 9 0.340416 0.005262 * 1  4  7  9  0 
2 9 0.679895 0.004142 * 2  5  1  4  6  3  9 
2 9 0.590006 0.029207 * 2  5  1  4  7  9  0 
2 9 0.488536 0.008942 * 2  5  6  3  9  0  0 
3 9 0.100913 0.016189 * 3  9 
4 9 0.316078 0.000260 * 4  6  3  9 
4 9 0.226189 0.002567 * 4  7  9  0 
5 9 0.537784 0.001574 * 5  1  4  6  3  9 
5 9 0.447896 0.011099 * 5  1  4  7  9  0 
5 9 0.346425 0.003398 * 5  6  3  9  0  0 
6 9 0.215033 0.002006 * 6  3  9 
7 9 0.103812 0.029614 * 7  9 
8 9 0.784512 0.007018 * 8  2  5  1  4  6  3  9 
8 9 0.694623 0.029137 * 8  2  5  1  4  7  9  0 
8 9 0.593153 0.015153 * 8  2  5  6  3  9  0  0 
8 9 0.664399 0.007018 * 8  11   1   4   6   3   9   0 
8 9 0.574511 0.016224 * 8  11   1   4   7   9   0   0 
10 9 0.204094 0.001562 * 10   3   9 
10 9 0.103310 0.009498 * 10   9   0 
11 9 0.548953 0.002126 * 11   1   4   6   3   9 
11 9 0.459064 0.006506 * 11   1   4   7   9   0 
1 10 0.532719 0.012981 * 1   4   6   3   9  10 
1 10 0.437220 0.012981 * 1   4   6   3  10   0 
1 10 0.442830 0.018075 * 1   4   7   9  10   0 
1 10 0.556034 0.020700 * 1   5   6   3   9  10 
1 10 0.460535 0.020700 * 1   5   6   3  10   0 
2 10 0.590950 0.080311 * 2   5   6   3   9  10 
2 10 0.495451 0.406132 * 2   5   6   3  10   0 
3 10 0.203327 0.002387 * 3   9  10 
3 10 0.107828 0.014517 * 3  10   0 
4 10 0.418491 0.003219 * 4   6   3   9  10 
4 10 0.322993 0.003219 * 4   6   3  10   0 
4 10 0.328603 0.004482 * 4   7   9  10   0 
5 10 0.448839 0.008492 * 5   6   3   9  10 
5 10 0.353341 0.051641 * 5   6   3  10   0 
6 10 0.317447 0.001908 * 6   3   9  10 
6 10 0.221948 0.011601 * 6   3  10   0 
7 10 0.206226 0.102009 * 7   9  10 
8 10 0.695567 0.017837 * 8   2   5   6   3   9  10   0 
8 10 0.600068 0.017837 * 8   2   5   6   3  10   0   0 
8 10 0.766813 0.014757 * 8  11   1   4   6   3   9  10 
8 10 0.671314 0.014757 * 8  11   1   4   6   3  10   0 
8 10 0.676925 0.016192 * 8  11   1   4   7   9  10   0 
8 10 0.790128 0.016192 * 8  11   1   5   6   3   9  10 
8 10 0.694630 0.016192 * 8  11   1   5   6   3  10   0 
9 10 0.102414 0.012176 * 9  10 
11 10 0.651367 0.007023 * 11   1   4   6   3   9  10 
11 10 0.555868 0.007023 * 11   1   4   6   3  10   0 
11 10 0.561478 0.009779 * 11   1   4   7   9  10   0 
11 10 0.674682 0.011199 * 11   1   5   6   3   9  10 
11 10 0.579183 0.011199 * 11   1   5   6   3  10   0 
1 11 0.130426 0.639757 * 1  11 
2 11 0.229534 0.300741 * 2   8  11 
3 11 0.471313 0.072578 * 3   6   4   1  11   0 
3 11 0.453807 0.045340 * 3   6   5   1  11   0 
3 11 0.557416 0.020559 * 3   6   5   2   8  11 
4 11 0.248940 0.113767 * 4   1  11 
5 11 0.237906 0.209146 * 5   1  11   0 
5 11 0.341515 0.038051 * 5   2   8  11 
6 11 0.363503 0.034623 * 6   4   1  11   0 
6 11 0.345997 0.021630 * 6   5   1  11   0 
6 11 0.449607 0.009808 * 6   5   2   8  11 
7 11 0.362316 0.310000 * 7   4   1  11 
8 11 0.115446 0.599439 * 8  11 
9 11 0.572718 0.003294 * 9   3   6   4   1  11   0 
9 11 0.555212 0.003294 * 9   3   6   5   1  11   0 
9 11 0.658821 0.003294 * 9   3   6   5   2   8  11 
9 11 0.466357 0.003592 * 9   7   4   1  11   0   0 
10 11 0.574494 0.030768 * 10   3   6   4   1  11   0   0 
10 11 0.556988 0.030768 * 10   3   6   5   1  11   0   0 
10 11 0.660597 0.023218 * 10   3   6   5   2   8  11   0 
10 11 0.676028 0.019967 * 10   9   3   6   4   1  11   0 
10 11 0.658522 0.019967 * 10   9   3   6   5   1  11   0 
10 11 0.762132 0.019967 * 10   9   3   6   5   2   8  11 
10 11 0.569667 0.021770 * 10   9   7   4   1  11   0   0 
