1  5  2  0  0  0  0  0  0  0 
1.262589e-001
1  11   8   2   0   0   0   0   0   0 
2.460110e-014
1  4  6  5  2  0  0  0  0  0 
1.233457e-014
1  4  6  3  0  0  0  0  0  0 
1.167659e-002
1  5  6  3  0  0  0  0  0  0 
1.146904e-002
1  4  7  9  3  0  0  0  0  0 
2.413504e-014
1  4  0  0  0  0  0  0  0  0 
1.596339e-002
1  5  6  4  0  0  0  0  0  0 
1.215655e-014
1  5  0  0  0  0  0  0  0  0 
1.240525e-001
1  4  6  5  0  0  0  0  0  0 
1.233658e-014
1  11   8   2   5   0   0   0   0   0 
8.226350e-015
1  4  6  0  0  0  0  0  0  0 
2.764292e-002
1  5  6  0  0  0  0  0  0  0 
2.559595e-002
1  4  7  0  0  0  0  0  0  0 
7.377543e-002
1  5  6  4  7  0  0  0  0  0 
1.232036e-014
1  11   8   0   0   0   0   0   0   0 
2.295902e-001
1  5  2  8  0  0  0  0  0  0 
2.469840e-014
1  4  6  5  2  8  0  0  0  0 
8.240131e-015
1  4  7  9  0  0  0  0  0  0 
4.907955e-003
1  4  6  3  9  0  0  0  0  0 
1.987044e-014
1  5  6  3  9  0  0  0  0  0 
2.048260e-014
1   4   6   3  10   0   0   0   0   0 
2.731440e-002
1   5   6   3  10   0   0   0   0   0 
2.514106e-002
1   4   7   9  10   0   0   0   0   0 
3.236569e-002
1  11   0   0   0   0   0   0   0   0 
4.656850e-001
1   5   2   8  11   0   0   0   0   0 
8.242190e-015
2  5  1  0  0  0  0  0  0  0 
9.631242e-002
2   8  11   1   0   0   0   0   0   0 
2.457025e-014
2  5  6  4  1  0  0  0  0  0 
1.232004e-014
2  5  6  3  0  0  0  0  0  0 
1.968610e-001
2  5  1  4  6  3  0  0  0  0 
1.235225e-014
2  5  1  4  0  0  0  0  0  0 
6.138504e-002
2  5  6  4  0  0  0  0  0  0 
5.427456e-002
2   8  11   1   4   0   0   0   0   0 
2.451532e-014
2  5  0  0  0  0  0  0  0  0 
5.268261e-001
2   8  11   1   5   0   0   0   0   0 
8.241116e-015
2   8  11   1   4   6   5   0   0   0 
4.945378e-015
2  5  6  0  0  0  0  0  0  0 
2.029855e-001
2  5  1  4  6  0  0  0  0  0 
1.235280e-014
2  5  1  4  7  0  0  0  0  0 
2.794827e-001
2  5  6  4  7  0  0  0  0  0 
3.149843e-001
2   8  11   1   4   7   0   0   0   0 
2.467984e-014
2  8  0  0  0  0  0  0  0  0 
3.846693e-001
2   5   1  11   8   0   0   0   0   0 
8.234168e-015
2  5  6  3  9  0  0  0  0  0 
2.849046e-002
2   5   6   3  10   9   0   0   0   0 
2.413173e-014
2  5  1  4  7  9  0  0  0  0 
2.413547e-014
2   5   6   3  10   0   0   0   0   0 
2.330852e-001
2   5   6   3   9  10   0   0   0   0 
2.473230e-014
2   8  11   0   0   0   0   0   0   0 
4.554687e-001
2   5   1  11   0   0   0   0   0   0 
2.466824e-014
3  6  4  1  0  0  0  0  0  0 
1.153653e-002
3  6  5  1  0  0  0  0  0  0 
1.329357e-002
3  9  7  4  1  0  0  0  0  0 
2.406332e-014
3  6  5  2  0  0  0  0  0  0 
9.326098e-002
3  6  4  1  5  2  0  0  0  0 
1.232898e-014
3  6  4  0  0  0  0  0  0  0 
2.152164e-002
3  9  7  4  0  0  0  0  0  0 
2.407363e-014
3  6  5  0  0  0  0  0  0  0 
4.931388e-002
3  6  4  1  5  0  0  0  0  0 
1.229525e-014
3  6  0  0  0  0  0  0  0  0 
7.057575e-002
3  9  7  4  6  0  0  0  0  0 
8.228645e-015
3  10   9   7   4   6   0   0   0   0 
6.176313e-015
3  9  7  0  0  0  0  0  0  0 
6.297328e-002
3  10   9   7   0   0   0   0   0   0 
2.449202e-014
3  6  4  7  0  0  0  0  0  0 
2.445285e-014
3  6  5  2  8  0  0  0  0  0 
9.821791e-002
3   6   4   1  11   8   0   0   0   0 
2.454312e-014
3   6   5   1  11   8   0   0   0   0 
2.454401e-014
3  9  0  0  0  0  0  0  0  0 
4.631871e-002
3  10   9   0   0   0   0   0   0   0 
2.444307e-014
3  6  4  7  9  0  0  0  0  0 
8.200524e-015
3  10   0   0   0   0   0   0   0   0 
3.345285e-002
3   9  10   0   0   0   0   0   0   0 
2.428802e-014
3   6   4   1  11   0   0   0   0   0 
8.170986e-002
3   6   5   1  11   0   0   0   0   0 
9.145554e-002
3   9   7   4   1  11   0   0   0   0 
2.462134e-014
4  1  0  0  0  0  0  0  0  0 
5.585938e-002
4  6  5  1  0  0  0  0  0  0 
1.230719e-014
4  1  5  2  0  0  0  0  0  0 
1.851814e-002
4  6  5  2  0  0  0  0  0  0 
1.972066e-002
4   1  11   8   2   0   0   0   0   0 
2.426081e-014
4  6  3  0  0  0  0  0  0  0 
4.150177e-002
4  7  9  3  0  0  0  0  0  0 
2.433839e-014
4  1  5  6  3  0  0  0  0  0 
1.224506e-014
4  1  5  0  0  0  0  0  0  0 
2.139219e-002
4  6  5  0  0  0  0  0  0  0 
2.238057e-002
4  6  0  0  0  0  0  0  0  0 
2.772217e-002
4  1  5  6  0  0  0  0  0  0 
1.220588e-014
4  7  9  3  6  0  0  0  0  0 
8.171845e-015
4  7  0  0  0  0  0  0  0  0 
5.145496e-002
4  6  3  9  7  0  0  0  0  0 
8.220061e-015
4   6   3  10   9   7   0   0   0   0 
6.171479e-015
4   1  11   8   0   0   0   0   0   0 
2.220081e-001
4  1  5  2  8  0  0  0  0  0 
2.469185e-014
4  6  5  2  8  0  0  0  0  0 
2.471079e-014
4  7  9  0  0  0  0  0  0  0 
1.076332e-002
4  6  3  9  0  0  0  0  0  0 
2.290056e-014
4   6   3  10   9   0   0   0   0   0 
1.175615e-014
4   7   9  10   0   0   0   0   0   0 
1.058946e-002
4   6   3  10   0   0   0   0   0   0 
9.969568e-003
4   6   3   9  10   0   0   0   0   0 
2.402666e-014
4   1  11   0   0   0   0   0   0   0 
1.130424e-001
4   6   5   1  11   0   0   0   0   0 
1.234038e-014
5  1  0  0  0  0  0  0  0  0 
1.324224e-001
5  6  4  1  0  0  0  0  0  0 
1.233531e-014
5   2   8  11   1   0   0   0   0   0 
8.228429e-015
5  2  0  0  0  0  0  0  0  0 
1.466425e-001
5   1  11   8   2   0   0   0   0   0 
8.232067e-015
5  6  3  0  0  0  0  0  0  0 
4.331263e-002
5  1  4  6  3  0  0  0  0  0 
1.228708e-014
5  1  4  0  0  0  0  0  0  0 
2.840561e-002
5  6  4  0  0  0  0  0  0  0 
2.495938e-002
5  6  0  0  0  0  0  0  0  0 
6.058492e-002
5  1  4  6  0  0  0  0  0  0 
1.231092e-014
5  1  4  7  0  0  0  0  0  0 
1.088922e-001
5  6  4  7  0  0  0  0  0  0 
1.158441e-001
5  6  3  9  7  0  0  0  0  0 
2.468788e-014
5  2  8  0  0  0  0  0  0  0 
3.740604e-001
5   1  11   8   0   0   0   0   0   0 
2.467015e-014
5  6  3  9  0  0  0  0  0  0 
2.483395e-002
5  1  4  7  9  0  0  0  0  0 
2.403778e-014
5  6  4  7  9  0  0  0  0  0 
2.403770e-014
5   6   3  10   0   0   0   0   0   0 
5.067220e-002
5   6   3   9  10   0   0   0   0   0 
2.445188e-014
5   1  11   0   0   0   0   0   0   0 
2.802494e-001
5   2   8  11   0   0   0   0   0   0 
2.469082e-014
6  4  1  0  0  0  0  0  0  0 
1.783492e-002
6  5  1  0  0  0  0  0  0  0 
2.027178e-002
6  5  2  0  0  0  0  0  0  0 
4.830169e-002
6  4  1  5  2  0  0  0  0  0 
1.229377e-014
6  3  0  0  0  0  0  0  0  0 
7.001566e-002
6  4  7  9  3  0  0  0  0  0 
8.227836e-015
6   4   7   9  10   3   0   0   0   0 
6.175378e-015
6  4  0  0  0  0  0  0  0  0 
2.330008e-002
6  5  1  4  0  0  0  0  0  0 
1.216878e-014
6  3  9  7  4  0  0  0  0  0 
8.150108e-015
6  5  0  0  0  0  0  0  0  0 
8.999086e-002
6  4  1  5  0  0  0  0  0  0 
1.232760e-014
6  4  7  0  0  0  0  0  0  0 
6.008587e-002
6  3  9  7  0  0  0  0  0  0 
2.453339e-014
6  5  2  8  0  0  0  0  0  0 
1.468902e-001
6   4   1  11   8   0   0   0   0   0 
2.460335e-014
6   5   1  11   8   0   0   0   0   0 
2.460452e-014
6  3  9  0  0  0  0  0  0  0 
3.287595e-003
6   3  10   9   0   0   0   0   0   0 
2.484716e-014
6  4  7  9  0  0  0  0  0  0 
2.476337e-014
6   3  10   0   0   0   0   0   0   0 
3.462384e-002
6   3   9  10   0   0   0   0   0   0 
2.421472e-014
6   4   7   9  10   0   0   0   0   0 
1.223204e-014
6   4   1  11   0   0   0   0   0   0 
5.599894e-002
6   5   1  11   0   0   0   0   0   0 
6.248666e-002
6   5   2   8  11   0   0   0   0   0 
2.452948e-014
7  4  1  0  0  0  0  0  0  0 
9.657634e-002
7  4  6  5  1  0  0  0  0  0 
1.233488e-014
7  4  6  5  2  0  0  0  0  0 
5.898909e-002
7  4  1  5  2  0  0  0  0  0 
5.121307e-002
7  9  3  6  5  2  0  0  0  0 
2.455506e-014
7  9  3  0  0  0  0  0  0  0 
1.193758e-001
7  4  6  3  0  0  0  0  0  0 
2.455089e-014
7   9  10   3   0   0   0   0   0   0 
2.461171e-014
7  4  0  0  0  0  0  0  0  0 
1.405124e-001
7  9  3  6  4  0  0  0  0  0 
8.243181e-015
7   9  10   3   6   4   0   0   0   0 
6.184336e-015
7  4  6  5  0  0  0  0  0  0 
7.855963e-002
7  4  1  5  0  0  0  0  0  0 
6.520911e-002
7  9  3  6  5  0  0  0  0  0 
2.461238e-014
7  4  6  0  0  0  0  0  0  0 
5.018514e-002
7  9  3  6  0  0  0  0  0  0 
2.448768e-014
7   4   1  11   8   0   0   0   0   0 
4.180539e-001
7  4  6  5  2  8  0  0  0  0 
2.474687e-014
7  4  1  5  2  8  0  0  0  0 
2.472701e-014
7  9  0  0  0  0  0  0  0  0 
1.354690e-002
7  4  6  3  9  0  0  0  0  0 
8.096755e-015
7   4   6   3  10   9   0   0   0   0 
6.098445e-015
7   9  10   0   0   0   0   0   0   0 
1.465902e-001
7   9   3  10   0   0   0   0   0   0 
2.465996e-014
7   4   6   3  10   0   0   0   0   0 
1.233184e-014
7   4   1  11   0   0   0   0   0   0 
4.135886e-001
8  11   1   0   0   0   0   0   0   0 
8.465680e-002
8  2  5  1  0  0  0  0  0  0 
2.457680e-014
8  2  0  0  0  0  0  0  0  0 
6.968881e-002
8  11   1   5   2   0   0   0   0   0 
8.216931e-015
8  11   1   4   6   5   2   0   0   0 
4.936257e-015
8  2  5  6  3  0  0  0  0  0 
4.849734e-002
8  11   1   5   6   3   0   0   0   0 
2.435777e-014
8  11   1   4   6   3   0   0   0   0 
2.435948e-014
8  11   1   4   0   0   0   0   0   0 
2.069169e-002
8  2  5  1  4  0  0  0  0  0 
2.377732e-014
8  2  5  6  4  0  0  0  0  0 
2.377696e-014
8  2  5  0  0  0  0  0  0  0 
2.107131e-001
8  11   1   5   0   0   0   0   0   0 
2.465399e-014
8  2  5  6  0  0  0  0  0  0 
4.142493e-002
8  11   1   5   6   0   0   0   0   0 
2.429305e-014
8  11   1   4   6   0   0   0   0   0 
2.429345e-014
8  11   1   4   7   0   0   0   0   0 
2.994477e-001
8  2  5  1  4  7  0  0  0  0 
2.470033e-014
8  2  5  6  4  7  0  0  0  0 
2.470507e-014
8  11   1   4   7   9   0   0   0   0 
1.177690e-002
8  2  5  6  3  9  0  0  0  0 
1.307135e-002
8  11   1   5   6   3   9   0   0   0 
2.414903e-014
8   2   5   6   3  10   0   0   0   0 
8.313688e-002
8   2   5   6   3   9  10   0   0   0 
2.453438e-014
8  11   1   4   7   9  10   0   0   0 
2.451957e-014
8  11   0   0   0   0   0   0   0   0 
8.940140e-001
8   2   5   1  11   0   0   0   0   0 
8.239922e-015
9  7  4  1  0  0  0  0  0  0 
2.524770e-002
9  3  6  4  1  0  0  0  0  0 
2.396004e-014
9  3  6  5  1  0  0  0  0  0 
2.395814e-014
9  3  6  5  2  0  0  0  0  0 
1.678557e-002
9  10   3   6   5   2   0   0   0   0 
2.349238e-014
9  7  4  6  5  2  0  0  0  0 
2.355040e-014
9  3  0  0  0  0  0  0  0  0 
6.375969e-002
9  10   3   0   0   0   0   0   0   0 
2.450014e-014
9  7  4  6  3  0  0  0  0  0 
8.213736e-015
9  7  4  0  0  0  0  0  0  0 
1.627416e-002
9  3  6  4  0  0  0  0  0  0 
2.369706e-014
9  10   3   6   4   0   0   0   0   0 
1.200502e-014
9  3  6  5  0  0  0  0  0  0 
4.508256e-002
9  10   3   6   5   0   0   0   0   0 
2.433934e-014
9  7  4  6  5  0  0  0  0  0 
2.434602e-014
9  3  6  0  0  0  0  0  0  0 
1.039077e-002
9  10   3   6   0   0   0   0   0   0 
2.236337e-014
9  7  4  6  0  0  0  0  0  0 
2.248994e-014
9  7  0  0  0  0  0  0  0  0 
2.025777e-002
9  3  6  4  7  0  0  0  0  0 
8.148064e-015
9  10   3   6   4   7   0   0   0   0 
6.127021e-015
9   7   4   1  11   8   0   0   0   0 
2.124512e-002
9  3  6  5  2  8  0  0  0  0 
2.494794e-002
9  10   3   6   5   2   8   0   0   0 
2.427929e-014
9  10   0   0   0   0   0   0   0   0 
3.712680e-002
9   3  10   0   0   0   0   0   0   0 
2.438558e-014
9   7   4   1  11   0   0   0   0   0 
2.171853e-002
9   3   6   4   1  11   0   0   0   0 
2.380392e-014
9   3   6   5   1  11   0   0   0   0 
2.380248e-014
10   3   6   4   1   0   0   0   0   0 
1.927685e-002
10   9   7   4   1   0   0   0   0   0 
2.231965e-002
10   3   6   5   1   0   0   0   0   0 
2.229570e-002
10   3   6   5   2   0   0   0   0   0 
3.152128e-002
10   9   3   6   5   2   0   0   0   0 
2.430119e-014
10   3   0   0   0   0   0   0   0   0 
7.301676e-002
10   9   3   0   0   0   0   0   0   0 
2.457048e-014
10   3   6   4   0   0   0   0   0   0 
1.196261e-002
10   9   7   4   0   0   0   0   0   0 
1.280573e-002
10   3   9   7   4   0   0   0   0   0 
2.407961e-014
10   3   6   5   0   0   0   0   0   0 
6.470187e-002
10   9   3   6   5   0   0   0   0   0 
2.454241e-014
10   3   6   0   0   0   0   0   0   0 
2.420943e-002
10   9   3   6   0   0   0   0   0   0 
2.416960e-014
10   9   7   0   0   0   0   0   0   0 
1.927051e-001
10   3   9   7   0   0   0   0   0   0 
2.468133e-014
10   3   6   5   2   8   0   0   0   0 
1.313705e-001
10   9   3   6   5   2   8   0   0   0 
2.465420e-014
10   3   6   5   1  11   8   0   0   0 
2.458795e-014
10   9   0   0   0   0   0   0   0   0 
2.092114e-002
10   3   9   0   0   0   0   0   0   0 
2.406361e-014
10   3   6   4   1  11   0   0   0   0 
6.011635e-002
10   3   6   5   1  11   0   0   0   0 
6.354525e-002
10   9   7   4   1  11   0   0   0   0 
7.525825e-002
11   1   0   0   0   0   0   0   0   0 
3.910025e-001
11   8   2   5   1   0   0   0   0   0 
8.240161e-015
11   8   2   0   0   0   0   0   0   0 
8.734741e-002
11   1   5   2   0   0   0   0   0   0 
2.455506e-014
11   1   4   6   3   0   0   0   0   0 
4.522235e-002
11   1   5   6   3   0   0   0   0   0 
3.938028e-002
11   8   2   5   6   3   0   0   0   0 
2.445389e-014
11   1   4   0   0   0   0   0   0   0 
4.911336e-002
11   1   5   6   4   0   0   0   0   0 
1.229624e-014
11   1   5   0   0   0   0   0   0   0 
2.072391e-001
11   8   2   5   0   0   0   0   0   0 
2.465983e-014
11   1   4   6   5   0   0   0   0   0 
1.234781e-014
11   1   4   6   0   0   0   0   0   0 
4.161723e-002
11   1   5   6   0   0   0   0   0   0 
3.640128e-002
11   8   2   5   6   0   0   0   0   0 
2.443575e-014
11   1   4   7   0   0   0   0   0   0 
3.259675e-001
11   8   0   0   0   0   0   0   0   0 
4.304767e-001
11   1   5   2   8   0   0   0   0   0 
8.239415e-015
11   1   4   7   9   0   0   0   0   0 
1.392849e-002
11   1   4   6   3   9   0   0   0   0 
2.298271e-014
11   1   5   6   3   9   0   0   0   0 
2.301990e-014
11   1   4   7   9  10   0   0   0   0 
2.046060e-002
11   1   5   6   3  10   0   0   0   0 
1.708661e-002
11   1   4   6   3  10   0   0   0   0 
1.801664e-002
