2  5  1  0 
0.058297
2   8  11   1 
0.015871
3  6  4  1 
0.011767
3  6  5  1 
0.004735
4  1 
0.015870
5  1 
0.106023
6  4  1 
0.022625
6  5  1 
0.008879
7  4  1 
0.086868
8  11   1 
0.070674
9  3  6  4  1 
0.011590
9  3  6  5  1 
0.011590
9  7  4  1  0 
0.020080
10   3   6   4   1   0 
0.019715
10   3   6   5   1   0 
0.015113
10   9   3   6   4   1 
0.003681
10   9   3   6   5   1 
0.003681
10   9   7   4   1   0 
0.003681
11   1 
0.497256
1  5  2  0 
0.050708
1  11   8   2 
0.015231
3  6  5  2 
0.040158
4  1  5  2  0 
0.020678
4   1  11   8   2 
0.006211
4  6  5  2  0 
0.004038
5  2 
0.136875
6  5  2 
0.043824
7  4  1  5  2  0 
0.768301
7   4   1  11   8   2 
0.230778
7  4  6  5  2  0 
0.150046
7  9  3  6  5  2 
0.106187
8  2 
0.032416
9  3  6  5  2 
0.004718
10   3   6   5   2   0 
0.033450
10   9   3   6   5   2 
0.002285
11   8   2 
0.048684
1  4  6  3  0 
0.008924
1  4  7  9  3 
0.007681
1  5  6  3  0 
0.019960
2  5  6  3 
0.274883
4  6  3  0 
0.019407
4  7  9  3 
0.014107
5  6  3 
0.024826
6  3 
0.051894
7  9  3 
0.025449
8  2  5  6  3  0  0 
0.035659
8  11   1   4   6   3   0 
0.007948
8  11   1   4   7   9   3 
0.007948
8  11   1   5   6   3   0 
0.007948
9  3 
0.050255
10   9   3 
0.005129
10   3   0 
0.075079
11   1   4   6   3   0 
0.014254
11   1   4   7   9   3 
0.012269
11   1   5   6   3   0 
0.029887
1  4 
0.040699
2  5  1  4  0 
0.046398
2  5  6  4  0 
0.095002
2   8  11   1   4 
0.009640
3  6  4 
0.008830
5  1  4 
0.014121
5  6  4 
0.028914
6  4 
0.023271
7  4 
0.105612
8  11   1   4 
0.025193
9  3  6  4 
0.002960
9  7  4  0 
0.007140
10   3   6   4   0 
0.006741
10   9   3   6   4 
0.001572
10   9   7   4   0 
0.001572
11   1   4 
0.029196
1  5 
0.062066
2  5 
0.670154
3  6  5 
0.036905
4  1  5 
0.031384
4  6  5 
0.006529
6  5 
0.050210
7  4  1  5  0 
0.058600
7  4  6  5  0 
0.015386
7  9  3  6  5 
0.007336
8  2  5  0 
0.172587
8  11   1   5 
0.026583
9  3  6  5 
0.042147
10   3   6   5   0 
0.039856
10   9   3   6   5 
0.002723
11   1   5 
0.100370
1  4  6 
0.006165
1  5  6 
0.023814
2  5  6 
0.224210
3  6 
0.016213
4  6 
0.015365
5  6 
0.053588
7  4  6  0 
0.010793
7  9  3  6 
0.007845
8  2  5  6  0 
0.026692
8  11   1   4   6 
0.005176
8  11   1   5   6 
0.005176
9  3  6 
0.003498
10   3   6   0 
0.023269
10   9   3   6 
0.001590
11   1   4   6 
0.018222
11   1   5   6 
0.066620
1  4  7 
0.064514
2  5  1  4  7  0  0 
0.170676
2  5  6  3  9  7  0 
0.087060
2   5   6   3  10   9   7 
0.065905
2  5  6  4  7  0  0 
0.365899
2   8  11   1   4   7   0 
0.037054
3  9  7  0 
0.009619
3  10   9   7 
0.007282
4  7 
0.071449
5  1  4  7  0  0 
0.042655
5  6  3  9  7  0 
0.021758
5   6   3  10   9   7 
0.016471
5  6  4  7  0  0 
0.091444
6  3  9  7  0 
0.004958
6   3  10   9   7 
0.003753
6  4  7  0  0 
0.020839
8  11   1   4   7 
0.258015
9  7 
0.020873
10   9   7 
0.124723
11   1   4   7 
0.267303
1  11   8 
0.216864
2  8 
0.325694
3   6   5   1  11   8 
0.031595
3  6  5  2  8  0 
0.053892
4   1  11   8   0   0 
0.088501
4   6   5   1  11   8 
0.038928
4  6  5  2  8  0 
0.061906
5   1  11   8 
0.046763
5  2  8  0 
0.275177
6   5   1  11   8 
0.020388
6  5  2  8  0 
0.085279
7   4   1  11   8   0   0 
0.116520
7   4   6   5   1  11   8 
0.051252
7  4  6  5  2  8  0 
0.081505
9   3   6   5   1  11   8   0 
0.002804
9  3  6  5  2  8  0  0 
0.002804
9   7   4   1  11   8   0   0 
0.004255
9   7   4   6   5   1  11   8 
0.004255
9  7  4  6  5  2  8  0 
0.004255
10   3   6   5   1  11   8   0   0 
0.043377
10   3   6   5   2   8   0   0   0 
0.043377
10   9   3   6   5   1  11   8   0 
0.006025
10   9   3   6   5   2   8   0   0 
0.006025
10   9   7   4   1  11   8   0   0 
0.007461
10   9   7   4   6   5   1  11   8 
0.007461
10   9   7   4   6   5   2   8   0 
0.007461
11   8 
0.338643
1   4   6   3  10   9 
0.000622
1  4  6  3  9  0 
0.000622
1  4  7  9  0  0 
0.002849
2   5   1   4   6   3  10   9 
0.002771
2  5  1  4  6  3  9  0 
0.002771
2  5  1  4  7  9  0  0 
0.009899
2   5   6   3  10   9   0   0 
0.014020
2  5  6  3  9  0  0  0 
0.014020
3  10   9 
0.029751
3  9  0 
0.039301
4   6   3  10   9 
0.000440
4  6  3  9  0 
0.000440
4  7  9  0  0 
0.002015
5   1   4   6   3  10   9 
0.000921
5  1  4  6  3  9  0 
0.000921
5  1  4  7  9  0  0 
0.003290
5   6   3  10   9   0   0 
0.004660
5  6  3  9  0  0  0 
0.004660
6   3  10   9 
0.001252
6  3  9  0 
0.001300
7  9 
0.037293
8   2   5   1   4   6   3  10   9 
0.002279
8  2  5  1  4  6  3  9  0 
0.002279
8  2  5  1  4  7  9  0  0 
0.004673
8   2   5   6   3  10   9   0   0 
0.004673
8  2  5  6  3  9  0  0  0 
0.004673
8  11   1   4   6   3  10   9   0 
0.000610
8  11   1   4   6   3   9   0   0 
0.000610
8  11   1   4   7   9   0   0   0 
0.000610
10   9 
0.011801
11   1   4   6   3  10   9 
0.002598
11   1   4   6   3   9   0 
0.002598
11   1   4   7   9   0   0 
0.003164
1   4   6   3   9  10 
0.008661
1   4   6   3  10   0 
0.008661
1   4   7   9  10   0 
0.013717
1   5   6   3   9  10 
0.030158
1   5   6   3  10   0 
0.030158
2   5   6   3   9  10 
0.106875
2   5   6   3  10   0 
0.384408
3   9  10 
0.003578
3  10   0 
0.014616
4   6   3   9  10 
0.002463
4   6   3  10   0 
0.002463
4   7   9  10   0 
0.003900
5   6   3   9  10 
0.009645
5   6   3  10   0 
0.039402
6   3   9  10 
0.003521
6   3  10   0 
0.014385
7   9  10 
0.099544
8   2   5   6   3   9  10   0 
0.034500
8   2   5   6   3  10   0   0 
0.034500
8  11   1   4   6   3   9  10 
0.008869
8  11   1   4   6   3  10   0 
0.008869
8  11   1   4   7   9  10   0 
0.008869
8  11   1   5   6   3   9  10 
0.008869
8  11   1   5   6   3  10   0 
0.008869
9  10 
0.014466
11   1   4   6   3   9  10 
0.008759
11   1   4   6   3  10   0 
0.008759
11   1   4   7   9  10   0 
0.013872
11   1   5   6   3   9  10 
0.027834
11   1   5   6   3  10   0 
0.027834
1  11 
0.544712
2   8  11 
0.313345
3   6   4   1  11   0 
0.066647
3   6   5   1  11   0 
0.033276
3   6   5   2   8  11 
0.022944
4   1  11 
0.077082
5   1  11   0 
0.190064
5   2   8  11 
0.051744
6   4   1  11   0 
0.038555
6   5   1  11   0 
0.019250
6   5   2   8  11 
0.013273
7   4   1  11 
0.318207
8  11 
0.618534
9   3   6   4   1  11   0 
0.002079
9   3   6   5   1  11   0 
0.002079
9   3   6   5   2   8  11 
0.002079
9   7   4   1  11   0   0 
0.003346
10   3   6   4   1  11   0   0 
0.047863
10   3   6   5   1  11   0   0 
0.043085
10   3   6   5   2   8  11   0 
0.029708
10   9   3   6   4   1  11   0 
0.004724
10   9   3   6   5   1  11   0 
0.004724
10   9   3   6   5   2   8  11 
0.004724
10   9   7   4   1  11   0   0 
0.007602
