2  5  1  0 
0.065926
2   8  11   1 
0.007482
3  6  4  1 
0.013413
3  6  5  1 
0.009479
4  1 
0.080871
5  1 
0.096484
6  4  1 
0.010319
6  5  1 
0.007292
7  4  1 
0.091611
8  11   1 
0.066524
9  3  6  4  1 
0.006245
9  3  6  5  1 
0.006245
9  7  4  1  0 
0.004490
10   3   6   4   1   0 
0.017231
10   3   6   5   1   0 
0.017231
10   9   3   6   4   1 
0.010647
10   9   3   6   5   1 
0.010647
10   9   7   4   1   0 
0.007654
11   1 
0.396310
1  5  2  0 
0.036045
1  11   8   2 
0.036045
3  6  5  2 
0.089720
4  1  5  2  0 
0.007765
4   1  11   8   2 
0.007765
4  6  5  2  0 
0.002699
5  2 
0.180374
6  5  2 
0.056969
7  4  1  5  2  0 
0.037272
7   4   1  11   8   2 
0.037272
7  4  6  5  2  0 
0.012956
7  9  3  6  5  2 
0.006380
8  2 
0.025659
9  3  6  5  2 
0.013100
10   3   6   5   2   0 
0.033302
10   9   3   6   5   2 
0.012138
11   8   2 
0.080055
1  4  6  3  0 
0.013029
1  4  7  9  3 
0.007972
1  5  6  3  0 
0.021506
2  5  6  3 
0.230720
4  6  3  0 
0.020899
4  7  9  3 
0.012596
5  6  3 
0.033208
6  3 
0.102076
7  9  3 
0.059907
8  2  5  6  3  0  0 
0.031634
8  11   1   4   6   3   0 
0.015358
8  11   1   4   7   9   3 
0.015358
8  11   1   5   6   3   0 
0.015358
9  3 
0.099223
10   9   3 
0.021770
10   3   0 
0.059727
11   1   4   6   3   0 
0.022585
11   1   4   7   9   3 
0.013819
11   1   5   6   3   0 
0.037280
1  4 
0.020550
2  5  1  4  0 
0.032429
2  5  6  4  0 
0.078587
2   8  11   1   4 
0.002501
3  6  4  0 
0.019412
3  9  7  4 
0.002053
5  1  4 
0.014548
5  6  4 
0.037331
6  4 
0.008214
7  4 
0.424990
8  11   1   4 
0.061155
9  7  4 
0.010894
10   3   6   4   0 
0.014292
10   3   9   7   4 
0.003142
10   9   7   4   0 
0.005780
11   1   4 
0.027718
1  5 
0.084539
2  5 
0.601662
3  6  5 
0.074380
4  1  5 
0.024929
4  6  5 
0.017088
6  5 
0.052535
7  4  1  5  0 
0.045736
7  4  6  5  0 
0.031350
7  9  3  6  5 
0.011900
8  2  5  0 
0.098610
8  11   1   5 
0.029813
9  3  6  5 
0.045682
10   3   6   5   0 
0.064205
10   9   3   6   5 
0.023402
11   1   5 
0.238628
1  4  6 
0.007592
1  5  6 
0.020085
2  5  6 
0.212364
3  6 
0.038740
4  6 
0.019335
5  6 
0.075253
7  4  6  0 
0.019091
7  9  3  6 
0.011506
8  2  5  6  0 
0.034490
8  11   1   4   6 
0.014369
8  11   1   5   6 
0.014369
9  3  6 
0.004243
10   3   6   0 
0.022304
10   9   3   6 
0.008130
11   1   4   6 
0.014858
11   1   5   6 
0.039226
1  4  7 
0.067249
2  5  1  4  7  0 
0.202970
2  5  6  3  9  7 
0.060203
2  5  6  4  7  0 
0.569337
2   8  11   1   4   7 
0.018118
3  9  7 
0.044184
4  7 
0.052673
5  1  4  7  0 
0.054676
5  6  3  9  7 
0.016217
5  6  4  7  0 
0.153367
6  3  9  7 
0.006917
6  4  7  0 
0.065418
8  11   1   4   7 
0.310969
9  7 
0.059044
10   3   9   7 
0.038655
10   9   7   0 
0.163470
11   1   4   7 
0.323623
1  5  2  8 
0.031334
1  11   8   0 
0.118117
2  8 
0.401392
3  6  5  2  8 
0.103304
4  1  5  2  8 
0.030918
4   1  11   8   0 
0.116547
4  6  5  2  8 
0.016865
5  2  8 
0.258801
6  5  2  8 
0.100724
7  4  1  5  2  8 
0.079742
7   4   1  11   8   0 
0.260776
7  4  6  5  2  8 
0.043499
9  3  6  5  2  8  0 
0.001860
9  7  4  1  5  2  8 
0.012447
9   7   4   1  11   8   0 
0.012447
9  7  4  6  5  2  8 
0.008844
10   3   6   5   2   8   0   0 
0.014324
10   9   3   6   5   2   8   0 
0.007083
10   9   7   4   1   5   2   8 
0.040163
10   9   7   4   1  11   8   0 
0.040163
10   9   7   4   6   5   2   8 
0.033681
11   8 
0.333462
1  4  6  3  9 
0.000422
1  4  7  9  0 
0.002952
2  5  1  4  6  3  9 
0.004590
2  5  1  4  7  9  0 
0.021565
2  5  6  3  9  0  0 
0.012235
3  9 
0.044832
4  6  3  9 
0.000801
4  7  9  0 
0.005601
5  1  4  6  3  9 
0.003913
5  1  4  7  9  0 
0.022268
5  6  3  9  0  0 
0.010429
6  3  9 
0.004117
7  9 
0.035139
8  2  5  1  4  6  3  9 
0.003108
8  2  5  1  4  7  9  0 
0.003108
8  2  5  6  3  9  0  0 
0.003108
8  11   1   4   6   3   9   0 
0.000906
8  11   1   4   7   9   0   0 
0.000906
10   3   9 
0.002469
10   9   0 
0.010442
11   1   4   6   3   9 
0.004623
11   1   4   7   9   0 
0.006127
1   4   6   3   9  10 
0.006442
1   4   6   3  10   0 
0.006442
1   4   7   9  10   0 
0.007776
1   5   6   3   9  10 
0.014821
1   5   6   3  10   0 
0.014821
2   5   6   3   9  10 
0.083320
2   5   6   3  10   0 
0.345654
3   9  10 
0.005454
3  10   0 
0.026143
4   6   3   9  10 
0.003170
4   6   3  10   0 
0.003170
4   7   9  10   0 
0.003826
5   6   3   9  10 
0.004986
5   6   3  10   0 
0.023898
6   3   9  10 
0.004424
6   3  10   0 
0.021206
7   9  10 
0.121763
8   2   5   6   3   9  10   0 
0.028460
8   2   5   6   3  10   0   0 
0.028460
8  11   1   4   6   3   9  10 
0.012234
8  11   1   4   6   3  10   0 
0.012234
8  11   1   4   7   9  10   0 
0.014767
8  11   1   5   6   3   9  10 
0.015783
8  11   1   5   6   3  10   0 
0.015783
9  10 
0.016262
11   1   4   6   3   9  10 
0.006809
11   1   4   6   3  10   0 
0.006809
11   1   4   7   9  10   0 
0.008219
11   1   5   6   3   9  10 
0.015664
11   1   5   6   3  10   0 
0.015664
1  11 
0.720277
2   8  11 
0.400182
3   6   4   1  11   0 
0.079334
3   6   5   1  11   0 
0.062427
3   6   5   2   8  11 
0.014784
4   1  11 
0.116419
5   1  11   0 
0.227125
5   2   8  11 
0.025777
6   4   1  11   0 
0.057530
6   5   1  11   0 
0.045269
6   5   2   8  11 
0.010721
7   4   1  11 
0.346611
8  11 
0.731083
9   3   6   4   1  11   0 
0.006886
9   3   6   5   1  11   0 
0.006886
9   3   6   5   2   8  11 
0.005739
9   7   4   1  11   0   0 
0.004728
10   3   6   4   1  11   0   0 
0.042540
10   3   6   5   1  11   0   0 
0.042540
10   3   6   5   2   8  11   0 
0.017574
10   9   3   6   4   1  11   0 
0.021087
10   9   3   6   5   1  11   0 
0.021087
10   9   3   6   5   2   8  11 
0.017574
10   9   7   4   1  11   0   0 
0.014478
