2 1 2 0.096517 * 2  5  1 
3 1 3 0.016216 * 3  6  4  1 
3 1 3 0.016216 * 3  6  5  1 
4 1 1 0.037057 * 4  1 
5 1 1 0.100802 * 5  1 
6 1 2 0.013115 * 6  4  1 
6 1 2 0.013115 * 6  5  1 
7 1 2 0.106427 * 7  4  1 
8 1 2 0.066850 * 8  11   1 
9 1 3 0.019162 * 9  7  4  1 
10 1 4 0.015420 * 10   3   6   4   1 
10 1 4 0.015420 * 10   3   6   5   1 
10 1 4 0.015420 * 10   9   7   4   1 
11 1 1 0.407530 * 11   1 
1 2 2 0.104223 * 1  5  2 
3 2 3 0.079245 * 3  6  5  2 
4 2 3 0.015289 * 4  1  5  2 
4 2 3 0.015289 * 4  6  5  2 
5 2 1 0.179263 * 5  2 
6 2 2 0.054320 * 6  5  2 
7 2 4 0.078212 * 7  4  1  5  2 
7 2 4 0.078212 * 7  4  6  5  2 
8 2 1 0.042131 * 8  2 
9 2 4 0.011764 * 9  3  6  5  2 
10 2 4 0.038559 * 10   3   6   5   2 
11 2 2 0.069781 * 11   8   2 
1 3 3 0.018185 * 1  4  6  3 
1 3 3 0.018185 * 1  5  6  3 
2 3 3 0.222852 * 2  5  6  3 
4 3 2 0.033446 * 4  6  3 
5 3 2 0.047018 * 5  6  3 
6 3 1 0.063790 * 6  3 
7 3 2 0.123245 * 7  9  3 
8 3 4 0.030123 * 8  2  5  6  3 
9 3 1 0.080979 * 9  3 
10 3 1 0.093311 * 10   3 
11 3 4 0.035492 * 11   1   4   6   3 
11 3 4 0.035492 * 11   1   5   6   3 
1 4 1 0.021728 * 1  4 
2 4 3 0.064295 * 2  5  1  4 
2 4 3 0.064295 * 2  5  6  4 
3 4 2 0.012763 * 3  6  4 
5 4 2 0.017921 * 5  1  4 
5 4 2 0.017921 * 5  6  4 
6 4 1 0.019522 * 6  4 
7 4 1 0.040812 * 7  4 
8 4 3 0.030508 * 8  11   1   4 
9 4 2 0.017648 * 9  7  4 
10 4 3 0.014942 * 10   3   6   4 
10 4 3 0.014942 * 10   9   7   4 
11 4 2 0.031051 * 11   1   4 
1 5 1 0.100318 * 1  5 
2 5 1 0.560948 * 2  5 
3 5 2 0.053538 * 3  6  5 
4 5 2 0.021867 * 4  1  5 
4 5 2 0.021867 * 4  6  5 
6 5 1 0.057236 * 6  5 
7 5 3 0.044553 * 7  4  1  5 
7 5 3 0.044553 * 7  4  6  5 
8 5 2 0.122408 * 8  2  5 
9 5 3 0.042756 * 9  3  6  5 
10 5 3 0.039576 * 10   3   6   5 
11 5 2 0.193361 * 11   1   5 
1 6 2 0.010223 * 1  4  6 
1 6 2 0.010223 * 1  5  6 
2 6 2 0.195521 * 2  5  6 
3 6 1 0.040488 * 3  6 
4 6 1 0.023119 * 4  6 
5 6 1 0.065055 * 5  6 
7 6 2 0.067561 * 7  4  6 
8 6 3 0.071532 * 8  2  5  6 
9 6 2 0.004579 * 9  3  6 
10 6 2 0.020088 * 10   3   6 
11 6 3 0.036595 * 11   1   4   6 
11 6 3 0.036595 * 11   1   5   6 
1 7 2 0.073380 * 1  4  7 
2 7 4 0.351371 * 2  5  1  4  7 
2 7 4 0.351371 * 2  5  6  4  7 
3 7 2 0.048991 * 3  9  7 
4 7 1 0.053349 * 4  7 
5 7 3 0.184424 * 5  1  4  7 
5 7 3 0.184424 * 5  6  4  7 
6 7 2 0.094276 * 6  4  7 
8 7 4 0.313043 * 8  11   1   4   7 
9 7 1 0.028441 * 9  7 
10 7 2 0.192752 * 10   9   7 
11 7 3 0.347005 * 11   1   4   7 
1 8 2 0.154828 * 1  11   8 
2 8 1 0.393374 * 2  8 
3 8 4 0.119360 * 3  6  5  2  8 
4 8 3 0.187275 * 4   1  11   8 
5 8 2 0.289801 * 5  2  8 
6 8 3 0.139880 * 6  5  2  8 
7 8 4 0.451016 * 7   4   1  11   8 
9 8 5 0.025274 * 9  3  6  5  2  8 
9 8 5 0.025274 * 9   7   4   1  11   8 
10 8 5 0.151750 * 10   3   6   5   2   8 
11 8 1 0.382955 * 11   8 
1 9 3 0.002431 * 1  4  7  9 
2 9 4 0.041290 * 2  5  6  3  9 
3 9 1 0.046629 * 3  9 
4 9 2 0.007577 * 4  7  9 
5 9 3 0.015492 * 5  6  3  9 
6 9 2 0.003160 * 6  3  9 
7 9 1 0.069727 * 7  9 
8 9 5 0.007607 * 8  2  5  6  3  9 
8 9 5 0.007607 * 8  11   1   4   7   9 
10 9 1 0.011503 * 10   9 
11 9 4 0.016019 * 11   1   4   7   9 
1 10 4 0.020652 * 1   4   6   3  10 
1 10 4 0.020652 * 1   4   7   9  10 
1 10 4 0.034652 * 1   5   6   3  10 
2 10 4 0.354122 * 2   5   6   3  10 
3 10 1 0.033998 * 3  10 
4 10 3 0.006166 * 4   6   3  10 
4 10 3 0.006166 * 4   7   9  10 
5 10 3 0.040779 * 5   6   3  10 
6 10 2 0.026035 * 6   3  10 
7 10 2 0.122717 * 7   9  10 
8 10 5 0.088999 * 8   2   5   6   3  10 
9 10 1 0.026932 * 9  10 
11 10 5 0.015583 * 11   1   4   6   3  10 
11 10 5 0.015583 * 11   1   4   7   9  10 
11 10 5 0.021386 * 11   1   5   6   3  10 
1 11 1 0.407594 * 1  11 
2 11 2 0.430440 * 2   8  11 
3 11 4 0.111861 * 3   6   4   1  11 
3 11 4 0.111861 * 3   6   5   1  11 
4 11 2 0.246528 * 4   1  11 
5 11 2 0.220610 * 5   1  11 
6 11 3 0.044880 * 6   4   1  11 
6 11 3 0.044880 * 6   5   1  11 
7 11 3 0.370080 * 7   4   1  11 
8 11 1 0.788020 * 8  11 
9 11 4 0.035087 * 9   7   4   1  11 
10 11 5 0.064812 * 10   3   6   4   1  11 
10 11 5 0.064812 * 10   3   6   5   1  11 
10 11 5 0.064812 * 10   9   7   4   1  11 
