2 1 0.249268 0.054701 * 2  5  1  0 
2 1 0.349687 0.013078 * 2   8  11   1 
3 1 0.363447 0.012713 * 3  6  4  1 
3 1 0.331281 0.005221 * 3  6  5  1 
4 1 0.137407 0.009196 * 4  1 
5 1 0.108227 0.103135 * 5  1 
6 1 0.253931 0.007689 * 6  4  1 
6 1 0.221765 0.003158 * 6  5  1 
7 1 0.281148 0.116322 * 7  4  1 
8 1 0.235776 0.054369 * 8  11   1 
9 1 0.464963 0.003744 * 9  3  6  4  1 
9 1 0.432797 0.003744 * 9  3  6  5  1 
9 1 0.383765 0.013809 * 9  7  4  1  0 
10 1 0.468348 0.015650 * 10   3   6   4   1   0 
10 1 0.436182 0.010653 * 10   3   6   5   1   0 
10 1 0.566691 0.004748 * 10   9   3   6   4   1 
10 1 0.534525 0.004748 * 10   9   3   6   5   1 
10 1 0.485493 0.010275 * 10   9   7   4   1   0 
11 1 0.119883 0.730322 * 11   1 
1 2 0.257659 0.049905 * 1  5  2  0 
1 2 0.345576 0.011805 * 1  11   8   2 
3 2 0.358019 0.070462 * 3  6  5  2 
4 2 0.395066 0.062262 * 4  1  5  2  0 
4 2 0.482983 0.014728 * 4   1  11   8   2 
4 2 0.353251 0.016218 * 4  6  5  2  0 
5 2 0.134964 0.090188 * 5  2 
6 2 0.248503 0.037896 * 6  5  2 
7 2 0.538808 0.981216 * 7  4  1  5  2  0 
7 2 0.626724 0.232101 * 7   4   1  11   8   2 
7 2 0.496992 0.255586 * 7  4  6  5  2  0 
7 2 0.562911 0.123153 * 7  9  3  6  5  2 
8 2 0.104173 0.019319 * 8  2 
9 2 0.459534 0.009192 * 9  3  6  5  2 
10 2 0.462919 0.037519 * 10   3   6   5   2   0 
10 2 0.561263 0.005254 * 10   9   3   6   5   2 
11 2 0.214749 0.052931 * 11   8   2 
1 3 0.331588 0.007788 * 1  4  6  3  0 
1 3 0.439530 0.005131 * 1  4  7  9  3 
1 3 0.367935 0.018850 * 1  5  6  3  0 
2 3 0.386282 0.246209 * 2  5  6  3 
4 3 0.218905 0.014858 * 4  6  3  0 
4 3 0.326846 0.007617 * 4  7  9  3 
5 3 0.245240 0.025372 * 5  6  3 
6 3 0.114157 0.018408 * 6  3 
7 3 0.204892 0.026211 * 7  9  3 
8 3 0.490455 0.039157 * 8  2  5  6  3  0  0 
8 3 0.567365 0.009518 * 8  11   1   4   6   3   0 
8 3 0.675306 0.009518 * 8  11   1   4   7   9   3 
8 3 0.603712 0.009518 * 8  11   1   5   6   3   0 
9 3 0.101515 0.049344 * 9  3 
10 3 0.203243 0.004738 * 10   9   3 
10 3 0.104900 0.033834 * 10   3   0 
11 3 0.451471 0.009727 * 11   1   4   6   3   0 
11 3 0.559412 0.006408 * 11   1   4   7   9   3 
11 3 0.487818 0.020289 * 11   1   5   6   3   0 
1 4 0.112684 0.012605 * 1  4 
2 4 0.361952 0.045543 * 2  5  1  4  0 
2 4 0.388649 0.110894 * 2  5  6  4  0 
2 4 0.462371 0.008656 * 2   8  11   1   4 
3 4 0.226040 0.013502 * 3  6  4 
5 4 0.220910 0.011590 * 5  1  4 
5 4 0.247607 0.028220 * 5  6  4 
6 4 0.116524 0.006258 * 6  4 
7 4 0.143741 0.556698 * 7  4 
8 4 0.348460 0.030170 * 8  11   1   4 
9 4 0.327556 0.000441 * 9  3  6  4 
9 4 0.246358 0.002297 * 9  7  4  0 
10 4 0.330941 0.005269 * 10   3   6   4   0 
10 4 0.429284 0.001134 * 10   9   3   6   4 
10 4 0.348086 0.004577 * 10   9   7   4   0 
11 4 0.232566 0.016478 * 11   1   4 
1 5 0.122695 0.073575 * 1  5 
2 5 0.141042 0.576327 * 2  5 
3 5 0.223055 0.033154 * 3  6  5 
4 5 0.260102 0.020592 * 4  1  5 
4 5 0.218287 0.005624 * 4  6  5 
6 5 0.113539 0.066640 * 6  5 
7 5 0.403843 0.051028 * 7  4  1  5  0 
7 5 0.362028 0.015371 * 7  4  6  5  0 
7 5 0.427947 0.005612 * 7  9  3  6  5 
8 5 0.245215 0.107398 * 8  2  5  0 
8 5 0.358471 0.018472 * 8  11   1   5 
9 5 0.324570 0.034870 * 9  3  6  5 
10 5 0.327955 0.031675 * 10   3   6   5   0 
10 5 0.426298 0.004436 * 10   9   3   6   5 
11 5 0.242578 0.123598 * 11   1   5 
1 6 0.217432 0.008614 * 1  4  6 
1 6 0.253778 0.031538 * 1  5  6 
2 6 0.272125 0.190611 * 2  5  6 
3 6 0.109516 0.018167 * 3  6 
4 6 0.104748 0.032889 * 4  6 
5 6 0.131083 0.065421 * 5  6 
7 6 0.248489 0.015316 * 7  4  6  0 
7 6 0.314408 0.007852 * 7  9  3  6 
8 6 0.376298 0.022482 * 8  2  5  6  0 
8 6 0.453208 0.004923 * 8  11   1   4   6 
8 6 0.489555 0.004923 * 8  11   1   5   6 
9 6 0.211032 0.002522 * 9  3  6 
10 6 0.214417 0.020248 * 10   3   6   0 
10 6 0.312760 0.002835 * 10   9   3   6 
11 6 0.337314 0.018346 * 11   1   4   6 
11 6 0.373661 0.057270 * 11   1   5   6 
1 7 0.234638 0.086415 * 1  4  7 
2 7 0.483906 0.193631 * 2  5  1  4  7  0 
2 7 0.590600 0.072537 * 2  5  6  3  9  7 
2 7 0.510603 0.495159 * 2  5  6  4  7  0 
2 7 0.584325 0.037587 * 2   8  11   1   4   7 
3 7 0.204318 0.020120 * 3  9  7 
4 7 0.121954 0.040768 * 4  7 
5 7 0.342864 0.044274 * 5  1  4  7  0 
5 7 0.449559 0.016586 * 5  6  3  9  7 
5 7 0.369562 0.113219 * 5  6  4  7  0 
6 7 0.318475 0.004375 * 6  3  9  7 
6 7 0.238478 0.029865 * 6  4  7  0 
8 7 0.470414 0.280962 * 8  11   1   4   7 
9 7 0.102616 0.033319 * 9  7 
10 7 0.309219 0.026304 * 10   3   9   7 
10 7 0.204344 0.130826 * 10   9   7   0 
11 7 0.354520 0.253666 * 11   1   4   7 
1 8 0.241402 0.187814 * 1  11   8 
2 8 0.113911 0.310608 * 2  8 
3 8 0.572684 0.029160 * 3   6   5   1  11   8 
3 8 0.471930 0.045651 * 3  6  5  2  8  0 
4 8 0.378810 0.085027 * 4   1  11   8   0   0 
4 8 0.567916 0.032535 * 4   6   5   1  11   8 
4 8 0.467161 0.065586 * 4  6  5  2  8  0 
5 8 0.349629 0.038514 * 5   1  11   8 
5 8 0.248875 0.226319 * 5  2  8  0 
6 8 0.463168 0.017972 * 6   5   1  11   8 
6 8 0.362413 0.080404 * 6  5  2  8  0 
7 8 0.522551 0.125247 * 7   4   1  11   8   0   0 
7 8 0.711657 0.047925 * 7   4   6   5   1  11   8 
7 8 0.610903 0.096610 * 7  4  6  5  2  8  0 
9 8 0.674199 0.002296 * 9   3   6   5   1  11   8   0 
9 8 0.573445 0.002296 * 9  3  6  5  2  8  0  0 
9 8 0.625167 0.007493 * 9   7   4   1  11   8   0   0 
9 8 0.814273 0.007493 * 9   7   4   6   5   1  11   8 
9 8 0.713519 0.007493 * 9  7  4  6  5  2  8  0 
10 8 0.677584 0.030276 * 10   3   6   5   1  11   8   0   0 
10 8 0.576830 0.030276 * 10   3   6   5   2   8   0   0   0 
10 8 0.775927 0.006637 * 10   9   3   6   5   1  11   8   0 
10 8 0.675173 0.006637 * 10   9   3   6   5   2   8   0   0 
10 8 0.726895 0.018076 * 10   9   7   4   1  11   8   0   0 
10 8 0.916001 0.018076 * 10   9   7   4   6   5   1  11   8 
10 8 0.815247 0.018076 * 10   9   7   4   6   5   2   8   0 
11 8 0.110576 0.262693 * 11   8 
1 9 0.433291 0.000314 * 1  4  6  3  9 
1 9 0.338014 0.005675 * 1  4  7  9  0 
2 9 0.682559 0.002917 * 2  5  1  4  6  3  9 
2 9 0.587282 0.041405 * 2  5  1  4  7  9  0 
2 9 0.487984 0.019215 * 2  5  6  3  9  0  0 
3 9 0.101702 0.064382 * 3  9 
4 9 0.320607 0.000262 * 4  6  3  9 
4 9 0.225331 0.004774 * 4  7  9  0 
5 9 0.541517 0.000771 * 5  1  4  6  3  9 
5 9 0.446241 0.010944 * 5  1  4  7  9  0 
5 9 0.346942 0.005079 * 5  6  3  9  0  0 
6 9 0.215859 0.001851 * 6  3  9 
7 9 0.103376 0.046483 * 7  9 
8 9 0.786732 0.001882 * 8  2  5  1  4  6  3  9 
8 9 0.691455 0.004529 * 8  2  5  1  4  7  9  0 
8 9 0.592157 0.004529 * 8  2  5  6  3  9  0  0 
8 9 0.669067 0.001295 * 8  11   1   4   6   3   9   0 
8 9 0.573791 0.001295 * 8  11   1   4   7   9   0   0 
10 9 0.206602 0.002129 * 10   3   9 
10 9 0.101728 0.010588 * 10   9   0 
11 9 0.553173 0.002259 * 11   1   4   6   3   9 
11 9 0.457897 0.005631 * 11   1   4   7   9   0 
1 10 0.535712 0.007349 * 1   4   6   3   9  10 
1 10 0.439307 0.007349 * 1   4   6   3  10   0 
1 10 0.440436 0.022402 * 1   4   7   9  10   0 
1 10 0.572059 0.023558 * 1   5   6   3   9  10 
1 10 0.475654 0.023558 * 1   5   6   3  10   0 
2 10 0.590406 0.089590 * 2   5   6   3   9  10 
2 10 0.494000 0.383689 * 2   5   6   3  10   0 
3 10 0.204124 0.002688 * 3   9  10 
3 10 0.107719 0.013370 * 3  10   0 
4 10 0.423029 0.002177 * 4   6   3   9  10 
4 10 0.326623 0.002177 * 4   6   3  10   0 
4 10 0.327752 0.006636 * 4   7   9  10   0 
5 10 0.449364 0.015706 * 5   6   3   9  10 
5 10 0.352959 0.078118 * 5   6   3  10   0 
6 10 0.318281 0.002469 * 6   3   9  10 
6 10 0.221875 0.012281 * 6   3  10   0 
7 10 0.205798 0.097508 * 7   9  10 
8 10 0.694579 0.027729 * 8   2   5   6   3   9  10   0 
8 10 0.598173 0.027729 * 8   2   5   6   3  10   0   0 
8 10 0.771489 0.008095 * 8  11   1   4   6   3   9  10 
8 10 0.675083 0.008095 * 8  11   1   4   6   3  10   0 
8 10 0.676212 0.010043 * 8  11   1   4   7   9  10   0 
8 10 0.807835 0.010043 * 8  11   1   5   6   3   9  10 
8 10 0.711430 0.010043 * 8  11   1   5   6   3  10   0 
9 10 0.102422 0.012159 * 9  10 
11 10 0.655595 0.003371 * 11   1   4   6   3   9  10 
11 10 0.559190 0.003371 * 11   1   4   6   3  10   0 
11 10 0.560318 0.009739 * 11   1   4   7   9  10   0 
11 10 0.691942 0.009739 * 11   1   5   6   3   9  10 
11 10 0.595536 0.009739 * 11   1   5   6   3  10   0 
1 11 0.130827 0.536877 * 1  11 
2 11 0.229805 0.317424 * 2   8  11 
3 11 0.494274 0.073088 * 3   6   4   1  11   0 
3 11 0.462108 0.037193 * 3   6   5   1  11   0 
3 11 0.587824 0.028373 * 3   6   5   2   8  11 
4 11 0.268234 0.176300 * 4   1  11 
5 11 0.239053 0.231906 * 5   1  11   0 
5 11 0.364769 0.055444 * 5   2   8  11 
6 11 0.384758 0.024168 * 6   4   1  11   0 
6 11 0.352592 0.012299 * 6   5   1  11   0 
6 11 0.478307 0.009382 * 6   5   2   8  11 
7 11 0.411975 0.368655 * 7   4   1  11 
8 11 0.115894 0.675457 * 8  11 
9 11 0.595790 0.003156 * 9   3   6   4   1  11   0 
9 11 0.563624 0.003156 * 9   3   6   5   1  11   0 
9 11 0.689339 0.003156 * 9   3   6   5   2   8  11 
9 11 0.514592 0.010883 * 9   7   4   1  11   0   0 
10 11 0.599175 0.034915 * 10   3   6   4   1  11   0   0 
10 11 0.567009 0.034915 * 10   3   6   5   1  11   0   0 
10 11 0.692724 0.029726 * 10   3   6   5   2   8  11   0 
10 11 0.697518 0.006722 * 10   9   3   6   4   1  11   0 
10 11 0.665352 0.006722 * 10   9   3   6   5   1  11   0 
10 11 0.791067 0.006722 * 10   9   3   6   5   2   8  11 
10 11 0.616320 0.021749 * 10   9   7   4   1  11   0   0 
