2 1 2 0.160568 * 2  5  1 
3 1 3 0.028064 * 3  6  4  1 
3 1 3 0.028064 * 3  6  5  1 
4 1 1 0.036955 * 4  1 
5 1 1 0.176011 * 5  1 
6 1 2 0.025265 * 6  4  1 
6 1 2 0.025265 * 6  5  1 
7 1 2 0.113664 * 7  4  1 
8 1 2 0.097456 * 8  11   1 
9 1 3 0.021095 * 9  7  4  1 
10 1 4 0.019739 * 10   3   6   4   1 
10 1 4 0.019739 * 10   3   6   5   1 
10 1 4 0.019739 * 10   9   7   4   1 
11 1 1 0.366595 * 11   1 
1 2 2 0.127304 * 1  5  2 
3 2 3 0.085002 * 3  6  5  2 
4 2 3 0.036593 * 4  1  5  2 
4 2 3 0.036593 * 4  6  5  2 
5 2 1 0.168511 * 5  2 
6 2 2 0.059544 * 6  5  2 
7 2 4 0.081097 * 7  4  1  5  2 
7 2 4 0.081097 * 7  4  6  5  2 
8 2 1 0.040286 * 8  2 
9 2 4 0.019437 * 9  3  6  5  2 
10 2 4 0.039156 * 10   3   6   5   2 
11 2 2 0.103029 * 11   8   2 
1 3 3 0.018555 * 1  4  6  3 
1 3 3 0.018555 * 1  5  6  3 
2 3 3 0.179402 * 2  5  6  3 
4 3 2 0.041254 * 4  6  3 
5 3 2 0.057854 * 5  6  3 
6 3 1 0.069075 * 6  3 
7 3 2 0.139352 * 7  9  3 
8 3 4 0.074546 * 8  2  5  6  3 
9 3 1 0.062423 * 9  3 
10 3 1 0.081931 * 10   3 
11 3 4 0.049606 * 11   1   4   6   3 
11 3 4 0.049606 * 11   1   5   6   3 
1 4 1 0.043275 * 1  4 
2 4 3 0.074388 * 2  5  1  4 
2 4 3 0.074388 * 2  5  6  4 
3 4 2 0.030568 * 3  6  4 
5 4 2 0.027340 * 5  1  4 
5 4 2 0.027340 * 5  6  4 
6 4 1 0.023390 * 6  4 
7 4 1 0.040178 * 7  4 
8 4 3 0.035815 * 8  11   1   4 
9 4 2 0.022432 * 9  7  4 
10 4 3 0.013269 * 10   3   6   4 
10 4 3 0.013269 * 10   9   7   4 
11 4 2 0.040432 * 11   1   4 
1 5 1 0.113402 * 1  5 
2 5 1 0.572451 * 2  5 
3 5 2 0.041449 * 3  6  5 
4 5 2 0.019701 * 4  1  5 
4 5 2 0.019701 * 4  6  5 
6 5 1 0.090701 * 6  5 
7 5 3 0.055522 * 7  4  1  5 
7 5 3 0.055522 * 7  4  6  5 
8 5 2 0.214238 * 8  2  5 
9 5 3 0.024626 * 9  3  6  5 
10 5 3 0.056047 * 10   3   6   5 
11 5 2 0.184040 * 11   1   5 
1 6 2 0.024953 * 1  4  6 
1 6 2 0.024953 * 1  5  6 
2 6 2 0.223027 * 2  5  6 
3 6 1 0.058099 * 3  6 
4 6 1 0.029503 * 4  6 
5 6 1 0.090252 * 5  6 
7 6 2 0.041413 * 7  4  6 
8 6 3 0.061376 * 8  2  5  6 
9 6 2 0.008696 * 9  3  6 
10 6 2 0.013240 * 10   3   6 
11 6 3 0.033449 * 11   1   4   6 
11 6 3 0.033449 * 11   1   5   6 
1 7 2 0.094407 * 1  4  7 
2 7 4 0.302364 * 2  5  1  4  7 
2 7 4 0.302364 * 2  5  6  4  7 
3 7 2 0.052474 * 3  9  7 
4 7 1 0.064798 * 4  7 
5 7 3 0.137952 * 5  1  4  7 
5 7 3 0.137952 * 5  6  4  7 
6 7 2 0.074577 * 6  4  7 
8 7 4 0.325322 * 8  11   1   4   7 
9 7 1 0.020153 * 9  7 
10 7 2 0.157288 * 10   9   7 
11 7 3 0.339515 * 11   1   4   7 
1 8 2 0.207414 * 1  11   8 
2 8 1 0.474928 * 2  8 
3 8 4 0.098713 * 3  6  5  2  8 
4 8 3 0.231801 * 4   1  11   8 
5 8 2 0.330607 * 5  2  8 
6 8 3 0.150236 * 6  5  2  8 
7 8 4 0.403400 * 7   4   1  11   8 
9 8 5 0.020974 * 9  3  6  5  2  8 
9 8 5 0.020974 * 9   7   4   1  11   8 
10 8 5 0.134901 * 10   3   6   5   2   8 
11 8 1 0.441646 * 11   8 
1 9 3 0.006732 * 1  4  7  9 
2 9 4 0.032041 * 2  5  6  3  9 
3 9 1 0.082324 * 3  9 
4 9 2 0.009569 * 4  7  9 
5 9 3 0.018642 * 5  6  3  9 
6 9 2 0.009447 * 6  3  9 
7 9 1 0.010832 * 7  9 
8 9 5 0.007985 * 8  2  5  6  3  9 
8 9 5 0.007985 * 8  11   1   4   7   9 
10 9 1 0.029165 * 10   9 
11 9 4 0.016864 * 11   1   4   7   9 
1 10 4 0.025423 * 1   4   6   3  10 
1 10 4 0.025423 * 1   4   7   9  10 
1 10 4 0.039361 * 1   5   6   3  10 
2 10 4 0.218323 * 2   5   6   3  10 
3 10 1 0.028577 * 3  10 
4 10 3 0.011296 * 4   6   3  10 
4 10 3 0.011296 * 4   7   9  10 
5 10 3 0.065067 * 5   6   3  10 
6 10 2 0.026622 * 6   3  10 
7 10 2 0.132713 * 7   9  10 
8 10 5 0.096031 * 8   2   5   6   3  10 
9 10 1 0.042827 * 9  10 
11 10 5 0.019635 * 11   1   4   6   3  10 
11 10 5 0.019635 * 11   1   4   7   9  10 
11 10 5 0.025384 * 11   1   5   6   3  10 
1 11 1 0.704073 * 1  11 
2 11 2 0.481648 * 2   8  11 
3 11 4 0.091819 * 3   6   4   1  11 
3 11 4 0.091819 * 3   6   5   1  11 
4 11 2 0.100945 * 4   1  11 
5 11 2 0.319204 * 5   1  11 
6 11 3 0.102246 * 6   4   1  11 
6 11 3 0.102246 * 6   5   1  11 
7 11 3 0.464747 * 7   4   1  11 
8 11 1 0.885767 * 8  11 
9 11 4 0.025768 * 9   7   4   1  11 
10 11 5 0.055336 * 10   3   6   4   1  11 
10 11 5 0.055336 * 10   3   6   5   1  11 
10 11 5 0.055336 * 10   9   7   4   1  11 
