2  5  1 
0.093977
3  6  4  1 
0.022087
3  6  5  1 
0.022087
4  1 
0.022252
5  1 
0.099941
6  4  1 
0.010307
6  5  1 
0.010307
7  4  1 
0.115212
8  11   1 
0.066498
9  7  4  1 
0.017339
10   3   6   4   1 
0.016586
10   3   6   5   1 
0.016586
10   9   7   4   1 
0.016586
11   1 
0.375311
1  5  2 
0.068235
3  6  5  2 
0.095405
4  1  5  2 
0.013754
4  6  5  2 
0.013754
5  2 
0.120749
6  5  2 
0.060822
7  4  1  5  2 
0.041153
7  4  6  5  2 
0.041153
8  2 
0.036220
9  3  6  5  2 
0.014770
10   3   6   5   2 
0.044810
11   8   2 
0.036824
1  4  6  3 
0.018083
1  5  6  3 
0.018083
2  5  6  3 
0.253619
4  6  3 
0.032199
5  6  3 
0.037995
6  3 
0.104548
7  9  3 
0.116361
8  2  5  6  3 
0.047098
9  3 
0.083165
10   3 
0.101396
11   1   4   6   3 
0.036816
11   1   5   6   3 
0.036816
1  4 
0.026761
2  5  1  4 
0.060146
2  5  6  4 
0.060146
3  6  4 
0.012934
5  1  4 
0.021213
5  6  4 
0.021213
6  4 
0.015075
7  4 
1.028308
8  11   1   4 
0.027229
9  7  4 
0.015983
10   3   6   4 
0.015845
10   9   7   4 
0.015845
11   1   4 
0.028952
1  5 
0.045655
2  5 
0.519231
3  6  5 
0.093455
4  1  5 
0.020127
4  6  5 
0.020127
6  5 
0.063649
7  4  1  5 
0.042353
7  4  6  5 
0.042353
8  2  5 
0.121589
9  3  6  5 
0.041372
10   3   6   5 
0.059705
11   1   5 
0.174193
1  4  6 
0.009585
1  5  6 
0.009585
2  5  6 
0.203069
3  6 
0.033237
4  6 
0.018462
5  6 
0.068012
7  4  6 
0.038775
8  2  5  6 
0.061453
9  3  6 
0.003380
10   3   6 
0.028943
11   1   4   6 
0.032170
11   1   5   6 
0.032170
1  4  7 
0.145914
2  5  1  4  7 
0.347067
2  5  6  4  7 
0.347067
3  9  7 
0.060108
4  7 
0.059058
5  1  4  7 
0.101917
5  6  4  7 
0.101917
6  4  7 
0.059153
8  11   1   4   7 
0.332053
9  7 
0.040438
10   9   7 
0.155858
11   1   4   7 
0.297204
1  11   8 
0.162783
2  8 
0.375876
3  6  5  2  8 
0.163441
4   1  11   8 
0.191808
5  2  8 
0.270311
6  5  2  8 
0.126553
7   4   1  11   8 
0.420937
9  3  6  5  2  8 
0.025060
9   7   4   1  11   8 
0.025060
10   3   6   5   2   8 
0.153181
11   8 
0.352690
1  4  7  9 
0.004560
2  5  6  3  9 
0.037336
3  9 
0.054766
4  7  9 
0.007259
5  6  3  9 
0.015924
6  3  9 
0.002490
7  9 
0.060604
8  2  5  6  3  9 
0.006607
8  11   1   4   7   9 
0.006607
10   9 
0.028809
11   1   4   7   9 
0.017170
1   4   6   3  10 
0.018207
1   4   7   9  10 
0.018207
1   5   6   3  10 
0.029748
2   5   6   3  10 
0.355375
3  10 
0.030495
4   6   3  10 
0.006513
4   7   9  10 
0.006513
5   6   3  10 
0.028163
6   3  10 
0.016998
7   9  10 
0.122279
8   2   5   6   3  10 
0.107225
9  10 
0.021000
11   1   4   6   3  10 
0.014703
11   1   4   7   9  10 
0.014703
11   1   5   6   3  10 
0.020707
1  11 
0.533603
2   8  11 
0.454085
3   6   4   1  11 
0.128887
3   6   5   1  11 
0.128887
4   1  11 
0.148871
5   1  11 
0.244038
6   4   1  11 
0.046645
6   5   1  11 
0.046645
7   4   1  11 
0.366158
8  11 
0.758713
9   7   4   1  11 
0.020365
10   3   6   4   1  11 
0.055101
10   3   6   5   1  11 
0.055101
10   9   7   4   1  11 
0.055101
