2 1 2 0.071823 * 2  5  1 
3 1 3 0.005778 * 3  6  4  1 
3 1 3 0.005778 * 3  6  5  1 
4 1 1 0.005508 * 4  1 
5 1 1 0.087398 * 5  1 
6 1 2 0.008106 * 6  4  1 
6 1 2 0.008106 * 6  5  1 
7 1 2 0.101785 * 7  4  1 
8 1 2 0.077855 * 8  11   1 
9 1 3 0.046791 * 9  7  4  1 
10 1 4 0.012533 * 10   3   6   4   1 
10 1 4 0.012533 * 10   3   6   5   1 
10 1 4 0.012533 * 10   9   7   4   1 
11 1 1 0.724863 * 11   1 
1 2 2 0.067995 * 1  5  2 
3 2 3 0.062819 * 3  6  5  2 
4 2 3 0.075036 * 4  1  5  2 
4 2 3 0.075036 * 4  6  5  2 
5 2 1 0.078979 * 5  2 
6 2 2 0.026217 * 6  5  2 
7 2 4 0.054387 * 7  4  1  5  2 
7 2 4 0.054387 * 7  4  6  5  2 
8 2 1 0.027882 * 8  2 
9 2 4 0.009941 * 9  3  6  5  2 
10 2 4 0.037636 * 10   3   6   5   2 
11 2 2 0.044876 * 11   8   2 
1 3 3 0.015579 * 1  4  6  3 
1 3 3 0.015579 * 1  5  6  3 
2 3 3 0.260018 * 2  5  6  3 
4 3 2 0.018496 * 4  6  3 
5 3 2 0.030866 * 5  6  3 
6 3 1 0.019243 * 6  3 
7 3 2 0.030580 * 7  9  3 
8 3 4 0.065417 * 8  2  5  6  3 
9 3 1 0.034187 * 9  3 
10 3 1 0.095683 * 10   3 
11 3 4 0.018351 * 11   1   4   6   3 
11 3 4 0.018351 * 11   1   5   6   3 
1 4 1 0.016732 * 1  4 
2 4 3 0.077082 * 2  5  1  4 
2 4 3 0.077082 * 2  5  6  4 
3 4 2 0.009334 * 3  6  4 
5 4 2 0.025305 * 5  1  4 
5 4 2 0.025305 * 5  6  4 
6 4 1 0.007415 * 6  4 
7 4 1 0.567056 * 7  4 
8 4 3 0.029896 * 8  11   1   4 
9 4 2 0.006333 * 9  7  4 
10 4 3 0.004896 * 10   3   6   4 
10 4 3 0.004896 * 10   9   7   4 
11 4 2 0.022493 * 11   1   4 
1 5 1 0.061591 * 1  5 
2 5 1 0.604791 * 2  5 
3 5 2 0.037523 * 3  6  5 
4 5 2 0.012959 * 4  1  5 
4 5 2 0.012959 * 4  6  5 
6 5 1 0.046716 * 6  5 
7 5 3 0.043128 * 7  4  1  5 
7 5 3 0.043128 * 7  4  6  5 
8 5 2 0.128068 * 8  2  5 
9 5 3 0.033897 * 9  3  6  5 
10 5 3 0.033251 * 10   3   6   5 
11 5 2 0.134374 * 11   1   5 
1 6 2 0.020745 * 1  4  6 
1 6 2 0.020745 * 1  5  6 
2 6 2 0.215708 * 2  5  6 
3 6 1 0.019173 * 3  6 
4 6 1 0.014817 * 4  6 
5 6 1 0.046086 * 5  6 
7 6 2 0.027632 * 7  4  6 
8 6 3 0.046935 * 8  2  5  6 
9 6 2 0.002821 * 9  3  6 
10 6 2 0.025822 * 10   3   6 
11 6 3 0.040774 * 11   1   4   6 
11 6 3 0.040774 * 11   1   5   6 
1 7 2 0.081488 * 1  4  7 
2 7 4 0.363795 * 2  5  1  4  7 
2 7 4 0.363795 * 2  5  6  4  7 
3 7 2 0.017491 * 3  9  7 
4 7 1 0.045884 * 4  7 
5 7 3 0.079950 * 5  1  4  7 
5 7 3 0.079950 * 5  6  4  7 
6 7 2 0.033352 * 6  4  7 
8 7 4 0.262380 * 8  11   1   4   7 
9 7 1 0.032841 * 9  7 
10 7 2 0.132714 * 10   9   7 
11 7 3 0.288055 * 11   1   4   7 
1 8 2 0.208734 * 1  11   8 
2 8 1 0.313232 * 2  8 
3 8 4 0.089180 * 3  6  5  2  8 
4 8 3 0.188702 * 4   1  11   8 
5 8 2 0.291624 * 5  2  8 
6 8 3 0.094622 * 6  5  2  8 
7 8 4 0.246616 * 7   4   1  11   8 
9 8 5 0.011914 * 9  3  6  5  2  8 
9 8 5 0.011914 * 9   7   4   1  11   8 
10 8 5 0.117620 * 10   3   6   5   2   8 
11 8 1 0.278894 * 11   8 
1 9 3 0.004703 * 1  4  7  9 
2 9 4 0.037825 * 2  5  6  3  9 
3 9 1 0.014784 * 3  9 
4 9 2 0.002848 * 4  7  9 
5 9 3 0.016424 * 5  6  3  9 
6 9 2 0.002215 * 6  3  9 
7 9 1 0.035446 * 7  9 
8 9 5 0.012659 * 8  2  5  6  3  9 
8 9 5 0.012659 * 8  11   1   4   7   9 
10 9 1 0.011530 * 10   9 
11 9 4 0.006900 * 11   1   4   7   9 
1 10 4 0.022510 * 1   4   6   3  10 
1 10 4 0.022510 * 1   4   7   9  10 
1 10 4 0.039664 * 1   5   6   3  10 
2 10 4 0.435790 * 2   5   6   3  10 
3 10 1 0.017587 * 3  10 
4 10 3 0.004361 * 4   6   3  10 
4 10 3 0.004361 * 4   7   9  10 
5 10 3 0.057641 * 5   6   3  10 
6 10 2 0.013756 * 6   3  10 
7 10 2 0.095742 * 7   9  10 
8 10 5 0.128002 * 8   2   5   6   3  10 
9 10 1 0.013472 * 9  10 
11 10 5 0.013851 * 11   1   4   6   3  10 
11 10 5 0.013851 * 11   1   4   7   9  10 
11 10 5 0.016821 * 11   1   5   6   3  10 
1 11 1 0.674997 * 1  11 
2 11 2 0.312789 * 2   8  11 
3 11 4 0.062508 * 3   6   4   1  11 
3 11 4 0.062508 * 3   6   5   1  11 
4 11 2 0.112073 * 4   1  11 
5 11 2 0.255545 * 5   1  11 
6 11 3 0.025317 * 6   4   1  11 
6 11 3 0.025317 * 6   5   1  11 
7 11 3 0.351498 * 7   4   1  11 
8 11 1 0.724518 * 8  11 
9 11 4 0.028362 * 9   7   4   1  11 
10 11 5 0.052447 * 10   3   6   4   1  11 
10 11 5 0.052447 * 10   3   6   5   1  11 
10 11 5 0.052447 * 10   9   7   4   1  11 
