2  5  1  0 
0.068482
2   8  11   1 
0.007592
3  6  4  1 
0.030559
3  6  5  1 
0.023330
4  1 
0.011929
5  1 
0.095318
6  4  1 
0.007010
6  5  1 
0.005352
7  4  1 
0.099934
8  11   1 
0.080333
9  3  6  4  1 
0.011880
9  3  6  5  1 
0.011880
9  7  4  1  0 
0.005913
10   3   6   4   1   0 
0.012855
10   3   6   5   1   0 
0.012855
10   9   3   6   4   1 
0.007166
10   9   3   6   5   1 
0.007166
10   9   7   4   1   0 
0.006613
11   1 
0.399029
1  5  2  0 
0.022829
1  11   8   2 
0.022829
3  6  5  2 
0.072434
4  1  5  2  0 
0.085993
4   1  11   8   2 
0.085993
4  6  5  2  0 
0.045479
5  2 
0.138782
6  5  2 
0.045531
7  4  1  5  2  0 
0.041481
7   4   1  11   8   2 
0.041481
7  4  6  5  2  0 
0.031144
7  9  3  6  5  2 
0.008637
8  2 
0.035076
9  3  6  5  2 
0.015647
10   3   6   5   2   0 
0.034444
10   9   3   6   5   2 
0.012819
11   8   2 
0.046601
1  4  6  3  0 
0.006438
1  4  7  9  3 
0.005608
1  5  6  3  0 
0.014238
2  5  6  3 
0.303123
4  6  3  0 
0.007368
4  7  9  3 
0.006418
5  6  3 
0.053635
6  3 
0.054654
7  9  3 
0.017242
8  2  5  6  3  0  0 
0.025055
8  11   1   4   6   3   0 
0.013985
8  11   1   4   7   9   3 
0.013711
8  11   1   5   6   3   0 
0.013985
9  3 
0.051454
10   9   3 
0.016536
10   3   0 
0.044433
11   1   4   6   3   0 
0.011240
11   1   4   7   9   3 
0.009790
11   1   5   6   3   0 
0.024856
1  4 
0.017551
2  5  1  4  0 
0.046827
2  5  6  4  0 
0.117359
2   8  11   1   4 
0.003976
3  6  4  0 
0.011429
3  9  7  4 
0.001264
5  1  4 
0.014207
5  6  4 
0.035606
6  4 
0.008455
7  4 
0.531874
8  11   1   4 
0.032556
9  7  4 
0.004036
10   3   6   4   0 
0.027744
10   3   9   7   4 
0.003903
10   9   7   4   0 
0.008160
11   1   4 
0.021376
1  5 
0.070721
2  5 
0.599054
3  6  5 
0.038919
4  1  5 
0.017922
4  6  5 
0.011261
6  5 
0.087072
7  4  1  5  0 
0.041409
7  4  6  5  0 
0.026018
7  9  3  6  5 
0.015408
8  2  5  0 
0.095038
8  11   1   5 
0.032858
9  3  6  5 
0.031770
10   3   6   5   0 
0.032633
10   9   3   6   5 
0.012145
11   1   5 
0.159002
1  4  6 
0.015954
1  5  6 
0.048584
2  5  6 
0.179918
3  6 
0.017751
4  6 
0.015774
5  6 
0.072063
7  4  6  0 
0.016522
7  9  3  6 
0.014390
8  2  5  6  0 
0.027156
8  11   1   4   6 
0.012472
8  11   1   5   6 
0.012472
9  3  6 
0.005130
10   3   6   0 
0.016788
10   9   3   6 
0.006248
11   1   4   6 
0.015976
11   1   5   6 
0.032362
1  4  7 
0.085926
2  5  1  4  7  0 
0.202362
2  5  6  3  9  7 
0.059566
2  5  6  4  7  0 
0.538570
2   8  11   1   4   7 
0.018078
3  9  7 
0.022488
4  7 
0.038299
5  1  4  7  0 
0.048452
5  6  3  9  7 
0.014262
5  6  4  7  0 
0.128951
6  3  9  7 
0.004478
6  4  7  0 
0.040486
8  11   1   4   7 
0.276049
9  7 
0.069565
10   3   9   7 
0.036139
10   9   7   0 
0.106738
11   1   4   7 
0.301223
1  5  2  8 
0.034811
1  11   8   0 
0.142189
2  8 
0.380995
3  6  5  2  8 
0.076753
4  1  5  2  8 
0.034779
4   1  11   8   0 
0.137081
4  6  5  2  8 
0.016940
5  2  8 
0.242463
6  5  2  8 
0.103206
7  4  1  5  2  8 
0.078399
7   4   1  11   8   0 
0.251603
7  4  6  5  2  8 
0.038186
9  3  6  5  2  8  0 
0.003119
9  7  4  1  5  2  8 
0.015638
9   7   4   1  11   8   0 
0.015638
9  7  4  6  5  2  8 
0.009162
10   3   6   5   2   8   0   0 
0.021330
10   9   3   6   5   2   8   0 
0.011058
10   9   7   4   1   5   2   8 
0.047744
10   9   7   4   1  11   8   0 
0.047744
10   9   7   4   6   5   2   8 
0.032485
11   8 
0.358461
1  4  6  3  9 
0.000619
1  4  7  9  0 
0.004277
2  5  1  4  6  3  9 
0.006838
2  5  1  4  7  9  0 
0.042393
2  5  6  3  9  0  0 
0.021371
3  9 
0.017453
4  6  3  9 
0.000465
4  7  9  0 
0.003216
5  1  4  6  3  9 
0.001264
5  1  4  7  9  0 
0.007839
5  6  3  9  0  0 
0.003952
6  3  9 
0.002329
7  9 
0.033268
8  2  5  1  4  6  3  9 
0.003720
8  2  5  1  4  7  9  0 
0.003958
8  2  5  6  3  9  0  0 
0.003958
8  11   1   4   6   3   9   0 
0.001192
8  11   1   4   7   9   0   0 
0.001192
10   3   9 
0.003794
10   9   0 
0.011207
11   1   4   6   3   9 
0.002760
11   1   4   7   9   0 
0.002760
1   4   6   3   9  10 
0.009800
1   4   6   3  10   0 
0.009800
1   4   7   9  10   0 
0.012678
1   5   6   3   9  10 
0.025878
1   5   6   3  10   0 
0.025878
2   5   6   3   9  10 
0.082616
2   5   6   3  10   0 
0.318152
3   9  10 
0.003638
3  10   0 
0.015800
4   6   3   9  10 
0.003179
4   6   3  10   0 
0.003179
4   7   9  10   0 
0.004112
5   6   3   9  10 
0.003906
5   6   3  10   0 
0.016965
6   3   9  10 
0.002807
6   3  10   0 
0.012190
7   9  10 
0.110041
8   2   5   6   3   9  10   0 
0.021310
8   2   5   6   3  10   0   0 
0.021310
8  11   1   4   6   3   9  10 
0.011307
8  11   1   4   6   3  10   0 
0.011307
8  11   1   4   7   9  10   0 
0.012917
8  11   1   5   6   3   9  10 
0.012917
8  11   1   5   6   3  10   0 
0.012917
9  10 
0.015144
11   1   4   6   3   9  10 
0.004667
11   1   4   6   3  10   0 
0.004667
11   1   4   7   9  10   0 
0.006038
11   1   5   6   3   9  10 
0.010190
11   1   5   6   3  10   0 
0.010190
1  11 
0.686894
2   8  11 
0.302557
3   6   4   1  11   0 
0.142594
3   6   5   1  11   0 
0.120934
3   6   5   2   8  11 
0.032026
4   1  11 
0.203956
5   1  11   0 
0.350734
5   2   8  11 
0.038885
6   4   1  11   0 
0.020777
6   5   1  11   0 
0.017621
6   5   2   8  11 
0.004666
7   4   1  11 
0.374034
8  11 
0.696668
9   3   6   4   1  11   0 
0.006934
9   3   6   5   1  11   0 
0.006934
9   3   6   5   2   8  11 
0.006934
9   7   4   1  11   0   0 
0.003293
10   3   6   4   1  11   0   0 
0.041377
10   3   6   5   1  11   0   0 
0.041377
10   3   6   5   2   8  11   0 
0.022349
10   9   3   6   4   1  11   0 
0.021250
10   9   3   6   5   1  11   0 
0.021250
10   9   3   6   5   2   8  11 
0.021250
10   9   7   4   1  11   0   0 
0.010092
