2  5  1  0 
0.071600
2   8  11   1 
0.007783
3  6  4  1 
0.011013
3  6  5  1 
0.008247
4  1 
0.015340
5  1 
0.101465
6  4  1 
0.007875
6  5  1 
0.005897
7  4  1 
0.093542
8  11   1 
0.078733
9  3  6  4  1 
0.003839
9  3  6  5  1 
0.003839
9  7  4  1  0 
0.002526
10   3   6   4   1   0 
0.016800
10   3   6   5   1   0 
0.016800
10   9   3   6   4   1 
0.008280
10   9   3   6   5   1 
0.008280
10   9   7   4   1   0 
0.005449
11   1 
0.544635
1  5  2  0 
0.041834
1  11   8   2 
0.041834
3  6  5  2 
0.075244
4  1  5  2  0 
0.013799
4   1  11   8   2 
0.013799
4  6  5  2  0 
0.005307
5  2 
0.118035
6  5  2 
0.042848
7  4  1  5  2  0 
0.046168
7   4   1  11   8   2 
0.046168
7  4  6  5  2  0 
0.017757
7  9  3  6  5  2 
0.008252
8  2 
0.033120
9  3  6  5  2 
0.022146
10   3   6   5   2   0 
0.039043
10   9   3   6   5   2 
0.012609
11   8   2 
0.054406
1  4  6  3  0 
0.009636
1  4  7  9  3 
0.005924
1  5  6  3  0 
0.015598
2  5  6  3 
0.259755
4  6  3  0 
0.020312
4  7  9  3 
0.012486
5  6  3 
0.036284
6  3 
0.031119
7  9  3 
0.030697
8  2  5  6  3  0  0 
0.020634
8  11   1   4   6   3   0 
0.011408
8  11   1   4   7   9   3 
0.011408
8  11   1   5   6   3   0 
0.011408
9  3 
0.048575
10   9   3 
0.012042
10   3   0 
0.037286
11   1   4   6   3   0 
0.031285
11   1   4   7   9   3 
0.019231
11   1   5   6   3   0 
0.050641
1  4 
0.028466
2  5  1  4  0 
0.047440
2  5  6  4  0 
0.112633
2   8  11   1   4 
0.004245
3  6  4  0 
0.006610
3  9  7  4 
0.000735
5  1  4 
0.010131
5  6  4 
0.024053
6  4 
0.062388
7  4 
0.494863
8  11   1   4 
0.035920
9  7  4 
0.003973
10   3   6   4   0 
0.022833
10   3   9   7   4 
0.002957
10   9   7   4   0 
0.007636
11   1   4 
0.026253
1  5 
0.069975
2  5 
0.666310
3  6  5 
0.043165
4  1  5 
0.020446
4  6  5 
0.014468
6  5 
0.067694
7  4  1  5  0 
0.060396
7  4  6  5  0 
0.042738
7  9  3  6  5 
0.019351
8  2  5  0 
0.098229
8  11   1   5 
0.033061
9  3  6  5 
0.025635
10   3   6   5   0 
0.029772
10   9   3   6   5 
0.009615
11   1   5 
0.161197
1  4  6 
0.009076
1  5  6 
0.022803
2  5  6 
0.212278
3  6 
0.024969
4  6 
0.024443
5  6 
0.078477
7  4  6  0 
0.021708
7  9  3  6 
0.013344
8  2  5  6  0 
0.032346
8  11   1   4   6 
0.015220
8  11   1   5   6 
0.015220
9  3  6 
0.006232
10   3   6   0 
0.021320
10   9   3   6 
0.006885
11   1   4   6 
0.015598
11   1   5   6 
0.038286
1  4  7 
0.176162
2  5  1  4  7  0 
0.203380
2  5  6  3  9  7 
0.057303
2  5  6  4  7  0 
0.515001
2   8  11   1   4   7 
0.017982
3  9  7 
0.065061
4  7 
0.327904
5  1  4  7  0 
0.046361
5  6  3  9  7 
0.013062
5  6  4  7  0 
0.117396
6  3  9  7 
0.004578
6  4  7  0 
0.041145
8  11   1   4   7 
0.314361
9  7 
0.032771
10   3   9   7 
0.030436
10   9   7   0 
0.101661
11   1   4   7 
0.289899
1  5  2  8 
0.042776
1  11   8   0 
0.176877
2  8 
0.372480
3  6  5  2  8 
0.088126
4  1  5  2  8 
0.034053
4   1  11   8   0 
0.126202
4  6  5  2  8 
0.017392
5  2  8 
0.263510
6  5  2  8 
0.097509
7  4  1  5  2  8 
0.076775
7   4   1  11   8   0 
0.235022
7  4  6  5  2  8 
0.039211
9  3  6  5  2  8  0 
0.001709
9  7  4  1  5  2  8 
0.011488
9   7   4   1  11   8   0 
0.011488
9  7  4  6  5  2  8 
0.007543
10   3   6   5   2   8   0   0 
0.017800
10   9   3   6   5   2   8   0 
0.007511
10   9   7   4   1   5   2   8 
0.044400
10   9   7   4   1  11   8   0 
0.044400
10   9   7   4   6   5   2   8 
0.033159
11   8 
0.282794
1  4  6  3  9 
0.000583
1  4  7  9  0 
0.003707
2  5  1  4  6  3  9 
0.004658
2  5  1  4  7  9  0 
0.022878
2  5  6  3  9  0  0 
0.010433
3  9 
0.023085
4  6  3  9 
0.000629
4  7  9  0 
0.004002
5  1  4  6  3  9 
0.001513
5  1  4  7  9  0 
0.007428
5  6  3  9  0  0 
0.003387
6  3  9 
0.003009
7  9 
0.037119
8  2  5  1  4  6  3  9 
0.002702
8  2  5  1  4  7  9  0 
0.002702
8  2  5  6  3  9  0  0 
0.002702
8  11   1   4   6   3   9   0 
0.000834
8  11   1   4   7   9   0   0 
0.000834
10   3   9 
0.003658
10   9   0 
0.012217
11   1   4   6   3   9 
0.003645
11   1   4   7   9   0 
0.004892
1   4   6   3   9  10 
0.011996
1   4   6   3  10   0 
0.011996
1   4   7   9  10   0 
0.013870
1   5   6   3   9  10 
0.026395
1   5   6   3  10   0 
0.026395
2   5   6   3   9  10 
0.084197
2   5   6   3  10   0 
0.321159
3   9  10 
0.004835
3  10   0 
0.021755
4   6   3   9  10 
0.003545
4   6   3  10   0 
0.003545
4   7   9  10   0 
0.004099
5   6   3   9  10 
0.005598
5   6   3  10   0 
0.025184
6   3   9  10 
0.002930
6   3  10   0 
0.013183
7   9  10 
0.161960
8   2   5   6   3   9  10   0 
0.020186
8   2   5   6   3  10   0   0 
0.020186
8  11   1   4   6   3   9  10 
0.012625
8  11   1   4   6   3  10   0 
0.012625
8  11   1   4   7   9  10   0 
0.012625
8  11   1   5   6   3   9  10 
0.012625
8  11   1   5   6   3  10   0 
0.012625
9  10 
0.014120
11   1   4   6   3   9  10 
0.005761
11   1   4   6   3  10   0 
0.005761
11   1   4   7   9  10   0 
0.006661
11   1   5   6   3   9  10 
0.011049
11   1   5   6   3  10   0 
0.011049
1  11 
0.374105
2   8  11 
0.327631
3   6   4   1  11   0 
0.111283
3   6   5   1  11   0 
0.092388
3   6   5   2   8  11 
0.020882
4   1  11 
0.134025
5   1  11   0 
0.267614
5   2   8  11 
0.029090
6   4   1  11   0 
0.027925
6   5   1  11   0 
0.023184
6   5   2   8  11 
0.005240
7   4   1  11 
0.327529
8  11 
0.705704
9   3   6   4   1  11   0 
0.007614
9   3   6   5   1  11   0 
0.007614
9   3   6   5   2   8  11 
0.005945
9   7   4   1  11   0   0 
0.004787
10   3   6   4   1  11   0   0 
0.062224
10   3   6   5   1  11   0   0 
0.062224
10   3   6   5   2   8  11   0 
0.020708
10   9   3   6   4   1  11   0 
0.026520
10   9   3   6   5   1  11   0 
0.026520
10   9   3   6   5   2   8  11 
0.020708
10   9   7   4   1  11   0   0 
0.016675
