2  5  1  0 
0.058295
2   8  11   1 
0.005600
3  6  4  1 
0.007827
3  6  5  1 
0.005074
4  1 
0.083326
5  1 
0.086411
6  4  1 
0.013771
6  5  1 
0.008927
7  4  1 
0.095586
8  11   1 
0.075585
9  3  6  4  1 
0.005072
9  3  6  5  1 
0.005072
9  7  4  1  0 
0.001299
10   3   6   4   1   0 
0.027527
10   3   6   5   1   0 
0.021637
10   9   3   6   4   1 
0.004752
10   9   3   6   5   1 
0.004752
10   9   7   4   1   0 
0.002206
11   1 
0.424253
1  5  2  0 
0.028936
1  11   8   2 
0.028936
3  6  5  2 
0.078690
4  1  5  2  0 
0.007699
4   1  11   8   2 
0.007699
4  6  5  2  0 
0.003154
5  2 
0.134762
6  5  2 
0.050846
7  4  1  5  2  0 
0.042161
7   4   1  11   8   2 
0.042161
7  4  6  5  2  0 
0.017272
7  9  3  6  5  2 
0.015194
8  2 
0.025972
9  3  6  5  2 
0.009759
10   3   6   5   2   0 
0.032643
10   9   3   6   5   2 
0.004486
11   8   2 
0.022269
1  4  6  3  0 
0.010519
1  4  7  9  3 
0.011126
1  5  6  3  0 
0.017261
2  5  6  3 
0.272375
4  6  3  0 
0.013049
4  7  9  3 
0.013802
5  6  3 
0.032895
6  3 
0.078004
7  9  3 
0.060156
8  2  5  6  3  0  0 
0.022179
8  11   1   4   6   3   0 
0.016227
8  11   1   4   7   9   3 
0.016227
8  11   1   5   6   3   0 
0.016227
9  3 
0.072062
10   9   3 
0.010396
10   3   0 
0.075651
11   1   4   6   3   0 
0.023286
11   1   4   7   9   3 
0.024630
11   1   5   6   3   0 
0.038211
1  4 
0.035138
2  5  1  4  0 
0.033003
2  5  6  4  0 
0.079631
2   8  11   1   4 
0.002328
3  6  4  0 
0.007863
3  9  7  4 
0.001177
5  1  4 
0.011853
5  6  4 
0.028600
6  4 
0.010050
7  4 
0.544115
8  11   1   4 
0.063665
9  7  4 
0.012728
10   3   6   4   0 
0.021126
10   3   9   7   4 
0.003758
10   9   7   4   0 
0.001066
11   1   4 
0.027734
1  5 
0.084695
2  5 
0.573169
3  6  5 
0.062061
4  1  5 
0.016442
4  6  5 
0.011512
6  5 
0.048356
7  4  1  5  0 
0.042797
7  4  6  5  0 
0.029964
7  9  3  6  5 
0.022285
8  2  5  0 
0.083927
8  11   1   5 
0.031962
9  3  6  5 
0.043568
10   3   6   5   0 
0.058660
10   9   3   6   5 
0.008061
11   1   5 
0.225514
1  4  6 
0.008599
1  5  6 
0.019209
2  5  6 
0.189439
3  6 
0.031531
4  6 
0.019202
5  6 
0.090261
7  4  6  0 
0.017051
7  9  3  6 
0.018035
8  2  5  6  0 
0.030210
8  11   1   4   6 
0.016655
8  11   1   5   6 
0.016655
9  3  6 
0.003647
10   3   6   0 
0.023315
10   9   3   6 
0.003204
11   1   4   6 
0.016793
11   1   5   6 
0.037514
1  4  7 
0.068487
2  5  1  4  7  0  0 
0.182994
2  5  6  3  9  7  0 
0.094089
2   5   6   3  10   9   7 
0.036455
2  5  6  4  7  0  0 
0.482632
2   8  11   1   4   7   0 
0.014604
3  9  7  0 
0.029017
3  10   9   7 
0.011243
4  7 
0.108902
5  1  4  7  0  0 
0.037068
5  6  3  9  7  0 
0.019059
5   6   3  10   9   7 
0.007384
5  6  4  7  0  0 
0.097764
6  3  9  7  0 
0.010128
6   3  10   9   7 
0.003924
6  4  7  0  0 
0.051954
8  11   1   4   7 
0.317939
9  7 
0.045000
10   9   7 
0.164256
11   1   4   7 
0.300485
1  5  2  8 
0.035656
1  11   8   0 
0.161475
2  8 
0.397105
3  6  5  2  8 
0.102807
4  1  5  2  8 
0.031974
4   1  11   8   0 
0.132742
4  6  5  2  8 
0.016810
5  2  8 
0.256569
6  5  2  8 
0.115594
7  4  1  5  2  8 
0.081165
7   4   1  11   8   0 
0.276703
7  4  6  5  2  8 
0.042672
9  3  6  5  2  8  0 
0.004941
9  7  4  1  5  2  8 
0.017547
9   7   4   1  11   8   0 
0.017547
9  7  4  6  5  2  8 
0.015100
10   3   6   5   2   8   0   0 
0.047027
10   9   3   6   5   2   8   0 
0.012720
10   9   7   4   1   5   2   8 
0.029412
10   9   7   4   1  11   8   0 
0.029412
10   9   7   4   6   5   2   8 
0.029412
11   8 
0.331344
1   4   6   3  10   9 
0.001061
1  4  6  3  9  0 
0.001061
1  4  7  9  0  0 
0.002281
2   5   1   4   6   3  10   9 
0.006243
2  5  1  4  6  3  9  0 
0.006243
2  5  1  4  7  9  0  0 
0.012262
2   5   6   3  10   9   0   0 
0.009936
2  5  6  3  9  0  0  0 
0.009936
3  10   9 
0.019641
3  9  0 
0.050692
4   6   3  10   9 
0.001339
4  6  3  9  0 
0.001339
4  7  9  0  0 
0.002878
5   1   4   6   3  10   9 
0.002406
5  1  4  6  3  9  0 
0.002406
5  1  4  7  9  0  0 
0.004725
5   6   3  10   9   0   0 
0.003829
5  6  3  9  0  0  0 
0.003829
6   3  10   9 
0.001609
6  3  9  0 
0.002549
7  9 
0.027732
8   2   5   1   4   6   3  10   9 
0.001961
8  2  5  1  4  6  3  9  0 
0.001961
8  2  5  1  4  7  9  0  0 
0.001961
8   2   5   6   3  10   9   0   0 
0.001961
8  2  5  6  3  9  0  0  0 
0.001961
8  11   1   4   6   3  10   9   0 
0.000471
8  11   1   4   6   3   9   0   0 
0.000471
8  11   1   4   7   9   0   0   0 
0.000471
10   9 
0.018374
11   1   4   6   3  10   9 
0.003829
11   1   4   6   3   9   0 
0.003829
11   1   4   7   9   0   0 
0.003829
1   4   6   3   9  10 
0.007343
1   4   6   3  10   0 
0.007343
1   4   7   9  10   0 
0.005733
1   5   6   3   9  10 
0.014367
1   5   6   3  10   0 
0.014367
2   5   6   3   9  10 
0.102386
2   5   6   3  10   0 
0.270758
3   9  10 
0.008048
3  10   0 
0.022692
4   6   3   9  10 
0.003277
4   6   3  10   0 
0.003277
4   7   9  10   0 
0.002559
5   6   3   9  10 
0.006388
5   6   3  10   0 
0.018011
6   3   9  10 
0.005059
6   3  10   0 
0.014264
7   9  10 
0.128035
8   2   5   6   3   9  10   0 
0.022937
8   2   5   6   3  10   0   0 
0.022937
8  11   1   4   6   3   9  10 
0.013774
8  11   1   4   6   3  10   0 
0.013774
8  11   1   4   7   9  10   0 
0.010754
8  11   1   5   6   3   9  10 
0.015698
8  11   1   5   6   3  10   0 
0.015698
9  10 
0.017339
11   1   4   6   3   9  10 
0.007284
11   1   4   6   3  10   0 
0.007284
11   1   4   7   9  10   0 
0.005687
11   1   5   6   3   9  10 
0.014251
11   1   5   6   3  10   0 
0.014251
1  11 
0.601030
2   8  11 
0.402461
3   6   4   1  11   0 
0.102561
3   6   5   1  11   0 
0.072868
3   6   5   2   8  11 
0.014153
4   1  11 
0.090200
5   1  11   0 
0.233812
5   2   8  11 
0.022462
6   4   1  11   0 
0.063384
6   5   1  11   0 
0.045034
6   5   2   8  11 
0.008747
7   4   1  11 
0.324216
8  11 
0.863076
9   3   6   4   1  11   0 
0.007662
9   3   6   5   1  11   0 
0.007662
9   3   6   5   2   8  11 
0.007524
9   7   4   1  11   0   0 
0.001891
10   3   6   4   1  11   0   0 
0.065640
10   3   6   5   1  11   0   0 
0.065640
10   3   6   5   2   8  11   0 
0.016905
10   9   3   6   4   1  11   0 
0.011247
10   9   3   6   5   1  11   0 
0.011247
10   9   3   6   5   2   8  11 
0.011247
10   9   7   4   1  11   0   0 
0.004249
