2 1 2 0.065145 * 2  5  1 
3 1 3 0.007660 * 3  6  4  1 
3 1 3 0.007660 * 3  6  5  1 
4 1 1 0.007748 * 4  1 
5 1 1 0.109960 * 5  1 
6 1 2 0.006336 * 6  4  1 
6 1 2 0.006336 * 6  5  1 
7 1 2 0.108196 * 7  4  1 
8 1 2 0.063926 * 8  11   1 
9 1 3 0.030957 * 9  7  4  1 
10 1 4 0.016665 * 10   3   6   4   1 
10 1 4 0.016665 * 10   3   6   5   1 
10 1 4 0.016665 * 10   9   7   4   1 
11 1 1 0.770421 * 11   1 
1 2 2 0.061847 * 1  5  2 
3 2 3 0.078567 * 3  6  5  2 
4 2 3 0.070880 * 4  1  5  2 
4 2 3 0.070880 * 4  6  5  2 
5 2 1 0.100500 * 5  2 
6 2 2 0.038982 * 6  5  2 
7 2 4 0.947462 * 7  4  1  5  2 
7 2 4 0.947462 * 7  4  6  5  2 
8 2 1 0.024940 * 8  2 
9 2 4 0.008991 * 9  3  6  5  2 
10 2 4 0.042930 * 10   3   6   5   2 
11 2 2 0.054928 * 11   8   2 
1 3 3 0.017185 * 1  4  6  3 
1 3 3 0.017185 * 1  5  6  3 
2 3 3 0.221331 * 2  5  6  3 
4 3 2 0.024776 * 4  6  3 
5 3 2 0.025327 * 5  6  3 
6 3 1 0.040241 * 6  3 
7 3 2 0.028943 * 7  9  3 
8 3 4 0.065073 * 8  2  5  6  3 
9 3 1 0.074145 * 9  3 
10 3 1 0.052939 * 10   3 
11 3 4 0.022525 * 11   1   4   6   3 
11 3 4 0.022525 * 11   1   5   6   3 
1 4 1 0.013994 * 1  4 
2 4 3 0.076688 * 2  5  1  4 
2 4 3 0.076688 * 2  5  6  4 
3 4 2 0.013592 * 3  6  4 
5 4 2 0.024343 * 5  1  4 
5 4 2 0.024343 * 5  6  4 
6 4 1 0.005610 * 6  4 
7 4 1 0.581130 * 7  4 
8 4 3 0.035501 * 8  11   1   4 
9 4 2 0.003511 * 9  7  4 
10 4 3 0.004876 * 10   3   6   4 
10 4 3 0.004876 * 10   9   7   4 
11 4 2 0.015294 * 11   1   4 
1 5 1 0.048568 * 1  5 
2 5 1 0.575727 * 2  5 
3 5 2 0.032042 * 3  6  5 
4 5 2 0.012783 * 4  1  5 
4 5 2 0.012783 * 4  6  5 
6 5 1 0.064663 * 6  5 
7 5 3 0.036403 * 7  4  1  5 
7 5 3 0.036403 * 7  4  6  5 
8 5 2 0.119395 * 8  2  5 
9 5 3 0.027699 * 9  3  6  5 
10 5 3 0.041574 * 10   3   6   5 
11 5 2 0.135592 * 11   1   5 
1 6 2 0.017333 * 1  4  6 
1 6 2 0.017333 * 1  5  6 
2 6 2 0.190766 * 2  5  6 
3 6 1 0.015988 * 3  6 
4 6 1 0.019877 * 4  6 
5 6 1 0.074702 * 5  6 
7 6 2 0.028973 * 7  4  6 
8 6 3 0.035941 * 8  2  5  6 
9 6 2 0.002341 * 9  3  6 
10 6 2 0.026230 * 10   3   6 
11 6 3 0.038005 * 11   1   4   6 
11 6 3 0.038005 * 11   1   5   6 
1 7 2 0.090558 * 1  4  7 
2 7 4 0.387604 * 2  5  1  4  7 
2 7 4 0.387604 * 2  5  6  4  7 
3 7 2 0.022363 * 3  9  7 
4 7 1 0.043956 * 4  7 
5 7 3 0.086980 * 5  1  4  7 
5 7 3 0.086980 * 5  6  4  7 
6 7 2 0.032694 * 6  4  7 
8 7 4 0.274787 * 8  11   1   4   7 
9 7 1 0.023906 * 9  7 
10 7 2 0.189711 * 10   9   7 
11 7 3 0.307023 * 11   1   4   7 
1 8 2 0.189118 * 1  11   8 
2 8 1 0.295697 * 2  8 
3 8 4 0.076464 * 3  6  5  2  8 
4 8 3 0.195048 * 4   1  11   8 
5 8 2 0.289185 * 5  2  8 
6 8 3 0.084493 * 6  5  2  8 
7 8 4 0.252725 * 7   4   1  11   8 
9 8 5 0.014081 * 9  3  6  5  2  8 
9 8 5 0.014081 * 9   7   4   1  11   8 
10 8 5 0.126835 * 10   3   6   5   2   8 
11 8 1 0.265664 * 11   8 
1 9 3 0.004254 * 1  4  7  9 
2 9 4 0.047654 * 2  5  6  3  9 
3 9 1 0.033875 * 3  9 
4 9 2 0.003885 * 4  7  9 
5 9 3 0.070602 * 5  6  3  9 
6 9 2 0.001893 * 6  3  9 
7 9 1 0.040989 * 7  9 
8 9 5 0.007528 * 8  2  5  6  3  9 
8 9 5 0.007528 * 8  11   1   4   7   9 
10 9 1 0.012345 * 10   9 
11 9 4 0.006108 * 11   1   4   7   9 
1 10 4 0.023196 * 1   4   6   3  10 
1 10 4 0.023196 * 1   4   7   9  10 
1 10 4 0.039849 * 1   5   6   3  10 
2 10 4 0.464723 * 2   5   6   3  10 
3 10 1 0.019050 * 3  10 
4 10 3 0.005377 * 4   6   3  10 
4 10 3 0.005377 * 4   7   9  10 
5 10 3 0.088800 * 5   6   3  10 
6 10 2 0.014820 * 6   3  10 
7 10 2 0.105737 * 7   9  10 
8 10 5 0.104422 * 8   2   5   6   3  10 
9 10 1 0.013577 * 9  10 
11 10 5 0.014099 * 11   1   4   6   3  10 
11 10 5 0.014099 * 11   1   4   7   9  10 
11 10 5 0.016549 * 11   1   5   6   3  10 
1 11 1 0.483671 * 1  11 
2 11 2 0.401699 * 2   8  11 
3 11 4 0.092401 * 3   6   4   1  11 
3 11 4 0.092401 * 3   6   5   1  11 
4 11 2 0.145429 * 4   1  11 
5 11 2 0.272743 * 5   1  11 
6 11 3 0.022337 * 6   4   1  11 
6 11 3 0.022337 * 6   5   1  11 
7 11 3 0.388188 * 7   4   1  11 
8 11 1 0.664414 * 8  11 
9 11 4 0.011905 * 9   7   4   1  11 
10 11 5 0.048339 * 10   3   6   4   1  11 
10 11 5 0.048339 * 10   3   6   5   1  11 
10 11 5 0.048339 * 10   9   7   4   1  11 
