2 1 2 0.089983 * 2  5  1 
3 1 3 0.020474 * 3  6  4  1 
3 1 3 0.020474 * 3  6  5  1 
4 1 1 0.018456 * 4  1 
5 1 1 0.096933 * 5  1 
6 1 2 0.010191 * 6  4  1 
6 1 2 0.010191 * 6  5  1 
7 1 2 0.100625 * 7  4  1 
8 1 2 0.079349 * 8  11   1 
9 1 3 0.027596 * 9  7  4  1 
10 1 4 0.019021 * 10   3   6   4   1 
10 1 4 0.019021 * 10   3   6   5   1 
10 1 4 0.019021 * 10   9   7   4   1 
11 1 1 0.390883 * 11   1 
1 2 2 0.069012 * 1  5  2 
3 2 3 0.093424 * 3  6  5  2 
4 2 3 0.013455 * 4  1  5  2 
4 2 3 0.013455 * 4  6  5  2 
5 2 1 0.141182 * 5  2 
6 2 2 0.055636 * 6  5  2 
7 2 4 0.041062 * 7  4  1  5  2 
7 2 4 0.041062 * 7  4  6  5  2 
8 2 1 0.034346 * 8  2 
9 2 4 0.020082 * 9  3  6  5  2 
10 2 4 0.043250 * 10   3   6   5   2 
11 2 2 0.033555 * 11   8   2 
1 3 3 0.019246 * 1  4  6  3 
1 3 3 0.019246 * 1  5  6  3 
2 3 3 0.273145 * 2  5  6  3 
4 3 2 0.033511 * 4  6  3 
5 3 2 0.040161 * 5  6  3 
6 3 1 0.086079 * 6  3 
7 3 2 0.124639 * 7  9  3 
8 3 4 0.050318 * 8  2  5  6  3 
9 3 1 0.085019 * 9  3 
10 3 1 0.151630 * 10   3 
11 3 4 0.040097 * 11   1   4   6   3 
11 3 4 0.040097 * 11   1   5   6   3 
1 4 1 0.033308 * 1  4 
2 4 3 0.065238 * 2  5  1  4 
2 4 3 0.065238 * 2  5  6  4 
3 4 2 0.013809 * 3  6  4 
5 4 2 0.020468 * 5  1  4 
5 4 2 0.020468 * 5  6  4 
6 4 1 0.012628 * 6  4 
7 4 1 0.484876 * 7  4 
8 4 3 0.027304 * 8  11   1   4 
9 4 2 0.013856 * 9  7  4 
10 4 3 0.016445 * 10   3   6   4 
10 4 3 0.016445 * 10   9   7   4 
11 4 2 0.033920 * 11   1   4 
1 5 1 0.042523 * 1  5 
2 5 1 0.522108 * 2  5 
3 5 2 0.060811 * 3  6  5 
4 5 2 0.020813 * 4  1  5 
4 5 2 0.020813 * 4  6  5 
6 5 1 0.128708 * 6  5 
7 5 3 0.044363 * 7  4  1  5 
7 5 3 0.044363 * 7  4  6  5 
8 5 2 0.113317 * 8  2  5 
9 5 3 0.041989 * 9  3  6  5 
10 5 3 0.047284 * 10   3   6   5 
11 5 2 0.174439 * 11   1   5 
1 6 2 0.009933 * 1  4  6 
1 6 2 0.009933 * 1  5  6 
2 6 2 0.209503 * 2  5  6 
3 6 1 0.048827 * 3  6 
4 6 1 0.019429 * 4  6 
5 6 1 0.061845 * 5  6 
7 6 2 0.043476 * 7  4  6 
8 6 3 0.056530 * 8  2  5  6 
9 6 2 0.005721 * 9  3  6 
10 6 2 0.027353 * 10   3   6 
11 6 3 0.034858 * 11   1   4   6 
11 6 3 0.034858 * 11   1   5   6 
1 7 2 0.059090 * 1  4  7 
2 7 4 0.347671 * 2  5  1  4  7 
2 7 4 0.347671 * 2  5  6  4  7 
3 7 2 0.062116 * 3  9  7 
4 7 1 0.047952 * 4  7 
5 7 3 0.111435 * 5  1  4  7 
5 7 3 0.111435 * 5  6  4  7 
6 7 2 0.069175 * 6  4  7 
8 7 4 0.319261 * 8  11   1   4   7 
9 7 1 0.028404 * 9  7 
10 7 2 0.182852 * 10   9   7 
11 7 3 0.320750 * 11   1   4   7 
1 8 2 0.163757 * 1  11   8 
2 8 1 0.363576 * 2  8 
3 8 4 0.133937 * 3  6  5  2  8 
4 8 3 0.194007 * 4   1  11   8 
5 8 2 0.264758 * 5  2  8 
6 8 3 0.142458 * 6  5  2  8 
7 8 4 0.401950 * 7   4   1  11   8 
9 8 5 0.022518 * 9  3  6  5  2  8 
9 8 5 0.022518 * 9   7   4   1  11   8 
10 8 5 0.141656 * 10   3   6   5   2   8 
11 8 1 0.375719 * 11   8 
1 9 3 0.005402 * 1  4  7  9 
2 9 4 0.036879 * 2  5  6  3  9 
3 9 1 0.072613 * 3  9 
4 9 2 0.007289 * 4  7  9 
5 9 3 0.016031 * 5  6  3  9 
6 9 2 0.002116 * 6  3  9 
7 9 1 0.058187 * 7  9 
8 9 5 0.006875 * 8  2  5  6  3  9 
8 9 5 0.006875 * 8  11   1   4   7   9 
10 9 1 0.031243 * 10   9 
11 9 4 0.017028 * 11   1   4   7   9 
1 10 4 0.022516 * 1   4   6   3  10 
1 10 4 0.022516 * 1   4   7   9  10 
1 10 4 0.038201 * 1   5   6   3  10 
2 10 4 0.342481 * 2   5   6   3  10 
3 10 1 0.035460 * 3  10 
4 10 3 0.006178 * 4   6   3  10 
4 10 3 0.006178 * 4   7   9  10 
5 10 3 0.033365 * 5   6   3  10 
6 10 2 0.014594 * 6   3  10 
7 10 2 0.120661 * 7   9  10 
8 10 5 0.090463 * 8   2   5   6   3  10 
9 10 1 0.024033 * 9  10 
11 10 5 0.016408 * 11   1   4   6   3  10 
11 10 5 0.016408 * 11   1   4   7   9  10 
11 10 5 0.022141 * 11   1   5   6   3  10 
1 11 1 0.518782 * 1  11 
2 11 2 0.390301 * 2   8  11 
3 11 4 0.110641 * 3   6   4   1  11 
3 11 4 0.110641 * 3   6   5   1  11 
4 11 2 0.136219 * 4   1  11 
5 11 2 0.247541 * 5   1  11 
6 11 3 0.055936 * 6   4   1  11 
6 11 3 0.055936 * 6   5   1  11 
7 11 3 0.363782 * 7   4   1  11 
8 11 1 0.749452 * 8  11 
9 11 4 0.020277 * 9   7   4   1  11 
10 11 5 0.062754 * 10   3   6   4   1  11 
10 11 5 0.062754 * 10   3   6   5   1  11 
10 11 5 0.062754 * 10   9   7   4   1  11 
