2 1 0.249678 0.055846 * 2  5  1  0 
2 1 0.345625 0.007785 * 2   8  11   1 
3 1 0.339927 0.005748 * 3  6  4  1 
3 1 0.322574 0.005053 * 3  6  5  1 
4 1 0.118533 0.007664 * 4  1 
5 1 0.107458 0.084697 * 5  1 
6 1 0.232509 0.006999 * 6  4  1 
6 1 0.215155 0.006154 * 6  5  1 
7 1 0.232035 0.098433 * 7  4  1 
8 1 0.231972 0.083033 * 8  11   1 
9 1 0.441280 0.010734 * 9  3  6  4  1 
9 1 0.423926 0.010734 * 9  3  6  5  1 
9 1 0.336198 0.009960 * 9  7  4  1  0 
10 1 0.442770 0.008373 * 10   3   6   4   1   0 
10 1 0.425416 0.008373 * 10   3   6   5   1   0 
10 1 0.544637 0.009258 * 10   9   3   6   4   1 
10 1 0.527283 0.009258 * 10   9   3   6   5   1 
10 1 0.439555 0.009258 * 10   9   7   4   1   0 
11 1 0.116928 0.475897 * 11   1 
1 2 0.220403 0.028646 * 1  5  2  0 
1 2 0.344006 0.028646 * 1  11   8   2 
3 2 0.327145 0.071320 * 3  6  5  2 
4 2 0.338936 0.023887 * 4  1  5  2  0 
4 2 0.462539 0.023887 * 4   1  11   8   2 
4 2 0.320691 0.011504 * 4  6  5  2  0 
5 2 0.112029 0.093591 * 5  2 
6 2 0.219726 0.042966 * 6  5  2 
7 2 0.452437 0.036057 * 7  4  1  5  2  0 
7 2 0.576041 0.036057 * 7   4   1  11   8   2 
7 2 0.434193 0.017365 * 7  4  6  5  2  0 
7 2 0.530647 0.007604 * 7  9  3  6  5  2 
8 2 0.104177 0.029701 * 8  2 
9 2 0.428497 0.006927 * 9  3  6  5  2 
10 2 0.429987 0.022101 * 10   3   6   5   2   0 
10 2 0.531854 0.012674 * 10   9   3   6   5   2 
11 2 0.214925 0.037090 * 11   8   2 
1 3 0.327174 0.011750 * 1  4  6  3  0 
1 3 0.434009 0.008941 * 1  4  7  9  3 
1 3 0.355380 0.020419 * 1  5  6  3  0 
2 3 0.389227 0.266711 * 2  5  6  3 
4 3 0.215998 0.014711 * 4  6  3  0 
4 3 0.322833 0.011194 * 4  7  9  3 
5 3 0.247006 0.019352 * 5  6  3 
6 3 0.115033 0.020346 * 6  3 
7 3 0.203502 0.034446 * 7  9  3 
8 3 0.493404 0.015935 * 8  2  5  6  3  0  0 
8 3 0.559146 0.011367 * 8  11   1   4   6   3   0 
8 3 0.665981 0.011367 * 8  11   1   4   7   9   3 
8 3 0.587352 0.011367 * 8  11   1   5   6   3   0 
9 3 0.101352 0.034708 * 9  3 
10 3 0.204709 0.014954 * 10   9   3 
10 3 0.102842 0.026076 * 10   3   0 
11 3 0.444102 0.011698 * 11   1   4   6   3   0 
11 3 0.550937 0.008902 * 11   1   4   7   9   3 
11 3 0.472308 0.019490 * 11   1   5   6   3   0 
1 4 0.111176 0.031170 * 1  4 
2 4 0.360854 0.046670 * 2  5  1  4  0 
2 4 0.388169 0.116316 * 2  5  6  4  0 
2 4 0.456801 0.004974 * 2   8  11   1   4 
3 4 0.221394 0.004220 * 3  6  4  0 
3 4 0.318915 0.000719 * 3  9  7  4 
5 4 0.218634 0.014248 * 5  1  4 
5 4 0.245949 0.035511 * 5  6  4 
6 4 0.113976 0.009888 * 6  4 
7 4 0.113502 0.100171 * 7  4 
8 4 0.343148 0.025660 * 8  11   1   4 
9 4 0.217665 0.008707 * 9  7  4 
10 4 0.324237 0.003573 * 10   3   6   4   0 
10 4 0.421757 0.001135 * 10   3   9   7   4 
10 4 0.321022 0.003053 * 10   9   7   4   0 
11 4 0.228105 0.019482 * 11   1   4 
1 5 0.108374 0.048328 * 1  5 
2 5 0.142221 0.625203 * 2  5 
3 5 0.215116 0.034591 * 3  6  5 
4 5 0.226907 0.014116 * 4  1  5 
4 5 0.208662 0.010639 * 4  6  5 
6 5 0.107697 0.030062 * 6  5 
7 5 0.340408 0.038140 * 7  4  1  5  0 
7 5 0.322164 0.028746 * 7  4  6  5  0 
7 5 0.418618 0.015646 * 7  9  3  6  5 
8 5 0.246398 0.091176 * 8  2  5  0 
8 5 0.340346 0.040506 * 8  11   1   5 
9 5 0.316468 0.030357 * 9  3  6  5 
10 5 0.317958 0.027637 * 10   3   6   5   0 
10 5 0.419825 0.015850 * 10   9   3   6   5 
11 5 0.225302 0.131612 * 11   1   5 
1 6 0.212141 0.010876 * 1  4  6 
1 6 0.240347 0.031619 * 1  5  6 
2 6 0.274194 0.248012 * 2  5  6 
3 6 0.107419 0.015403 * 3  6 
4 6 0.100965 0.015521 * 4  6 
5 6 0.131973 0.044522 * 5  6 
7 6 0.214466 0.013614 * 7  4  6  0 
7 6 0.310920 0.010359 * 7  9  3  6 
8 6 0.378371 0.015568 * 8  2  5  6  0 
8 6 0.444113 0.009295 * 8  11   1   4   6 
8 6 0.472319 0.009295 * 8  11   1   5   6 
9 6 0.208771 0.004260 * 9  3  6 
10 6 0.210261 0.017961 * 10   3   6   0 
10 6 0.312128 0.010300 * 10   9   3   6 
11 6 0.329069 0.020723 * 11   1   4   6 
11 6 0.357275 0.054627 * 11   1   5   6 
1 7 0.230507 0.071406 * 1  4  7 
2 7 0.480185 0.176112 * 2  5  1  4  7  0 
2 7 0.594640 0.078072 * 2  5  6  3  9  7 
2 7 0.507501 0.458021 * 2  5  6  4  7  0 
2 7 0.576132 0.019972 * 2   8  11   1   4   7 
3 7 0.205413 0.015265 * 3  9  7 
4 7 0.119331 0.033701 * 4  7 
5 7 0.337965 0.040078 * 5  1  4  7  0 
5 7 0.452419 0.017767 * 5  6  3  9  7 
5 7 0.365280 0.104232 * 5  6  4  7  0 
6 7 0.320446 0.004101 * 6  3  9  7 
6 7 0.233307 0.024062 * 6  4  7  0 
8 7 0.462479 0.261721 * 8  11   1   4   7 
9 7 0.104163 0.016300 * 9  7 
10 7 0.308255 0.016462 * 10   3   9   7 
10 7 0.207520 0.096580 * 10   9   7   0 
11 7 0.347436 0.258699 * 11   1   4   7 
1 8 0.334056 0.045410 * 1  5  2  8 
1 8 0.239829 0.164602 * 1  11   8   0 
2 8 0.113653 0.298924 * 2  8 
3 8 0.440798 0.085484 * 3  6  5  2  8 
4 8 0.452589 0.040282 * 4  1  5  2  8 
4 8 0.358362 0.126602 * 4   1  11   8   0 
4 8 0.434344 0.020632 * 4  6  5  2  8 
5 8 0.225682 0.298914 * 5  2  8 
6 8 0.333379 0.092315 * 6  5  2  8 
7 8 0.566091 0.058261 * 7  4  1  5  2  8 
7 8 0.471863 0.135863 * 7   4   1  11   8   0 
7 8 0.547846 0.029841 * 7  4  6  5  2  8 
9 8 0.542151 0.000869 * 9  3  6  5  2  8  0 
9 8 0.670254 0.008154 * 9  7  4  1  5  2  8 
9 8 0.576026 0.008154 * 9   7   4   1  11   8   0 
9 8 0.652009 0.005557 * 9  7  4  6  5  2  8 
10 8 0.543640 0.006121 * 10   3   6   5   2   8   0   0 
10 8 0.645507 0.004349 * 10   9   3   6   5   2   8   0 
10 8 0.773611 0.036431 * 10   9   7   4   1   5   2   8 
10 8 0.679383 0.036431 * 10   9   7   4   1  11   8   0 
10 8 0.755366 0.027794 * 10   9   7   4   6   5   2   8 
11 8 0.110747 0.311723 * 11   8 
1 9 0.428424 0.000421 * 1  4  6  3  9 
1 9 0.332657 0.003274 * 1  4  7  9  0 
2 9 0.678102 0.004688 * 2  5  1  4  6  3  9 
2 9 0.582335 0.030666 * 2  5  1  4  7  9  0 
2 9 0.490477 0.011545 * 2  5  6  3  9  0  0 
3 9 0.101250 0.043245 * 3  9 
4 9 0.317248 0.000345 * 4  6  3  9 
4 9 0.221480 0.002688 * 4  7  9  0 
5 9 0.535881 0.001538 * 5  1  4  6  3  9 
5 9 0.440114 0.010061 * 5  1  4  7  9  0 
5 9 0.348256 0.003788 * 5  6  3  9  0  0 
6 9 0.216283 0.002622 * 6  3  9 
7 9 0.102149 0.029288 * 7  9 
8 9 0.782280 0.003754 * 8  2  5  1  4  6  3  9 
8 9 0.686512 0.007484 * 8  2  5  1  4  7  9  0 
8 9 0.594654 0.007484 * 8  2  5  6  3  9  0  0 
8 9 0.660396 0.002748 * 8  11   1   4   6   3   9   0 
8 9 0.564628 0.002748 * 8  11   1   4   7   9   0   0 
10 9 0.204092 0.001726 * 10   3   9 
10 9 0.103357 0.010126 * 10   9   0 
11 9 0.545352 0.002693 * 11   1   4   6   3   9 
11 9 0.449585 0.003999 * 11   1   4   7   9   0 
1 10 0.529684 0.009910 * 1   4   6   3   9  10 
1 10 0.435929 0.009910 * 1   4   6   3  10   0 
1 10 0.433916 0.011234 * 1   4   7   9  10   0 
1 10 0.557889 0.026137 * 1   5   6   3   9  10 
1 10 0.464135 0.026137 * 1   5   6   3  10   0 
2 10 0.591736 0.082795 * 2   5   6   3   9  10 
2 10 0.497982 0.401040 * 2   5   6   3  10   0 
3 10 0.202510 0.002634 * 3   9  10 
3 10 0.108755 0.015450 * 3  10   0 
4 10 0.418507 0.002489 * 4   6   3   9  10 
4 10 0.324753 0.002489 * 4   6   3  10   0 
4 10 0.322740 0.002821 * 4   7   9  10   0 
5 10 0.449516 0.007212 * 5   6   3   9  10 
5 10 0.355761 0.042309 * 5   6   3  10   0 
6 10 0.317543 0.002785 * 6   3   9  10 
6 10 0.223788 0.016340 * 6   3  10   0 
7 10 0.203409 0.098883 * 7   9  10 
8 10 0.695914 0.021964 * 8   2   5   6   3   9  10   0 
8 10 0.602159 0.021964 * 8   2   5   6   3  10   0   0 
8 10 0.761655 0.012942 * 8  11   1   4   6   3   9  10 
8 10 0.667901 0.012942 * 8  11   1   4   6   3  10   0 
8 10 0.665888 0.014671 * 8  11   1   4   7   9  10   0 
8 10 0.789861 0.016919 * 8  11   1   5   6   3   9  10 
8 10 0.696107 0.016919 * 8  11   1   5   6   3  10   0 
9 10 0.101260 0.017327 * 9  10 
11 10 0.646612 0.005626 * 11   1   4   6   3   9  10 
11 10 0.552857 0.005626 * 11   1   4   6   3  10   0 
11 10 0.550845 0.006378 * 11   1   4   7   9  10   0 
11 10 0.674818 0.013825 * 11   1   5   6   3   9  10 
11 10 0.581063 0.013825 * 11   1   5   6   3  10   0 
1 11 0.129082 0.546672 * 1  11 
2 11 0.228697 0.291845 * 2   8  11 
3 11 0.469009 0.067510 * 3   6   4   1  11   0 
3 11 0.451655 0.067628 * 3   6   5   1  11   0 
3 11 0.555842 0.020893 * 3   6   5   2   8  11 
4 11 0.247615 0.103576 * 4   1  11 
5 11 0.236539 0.228652 * 5   1  11   0 
5 11 0.340726 0.031875 * 5   2   8  11 
6 11 0.361590 0.023353 * 6   4   1  11   0 
6 11 0.344236 0.023394 * 6   5   1  11   0 
6 11 0.448423 0.007227 * 6   5   2   8  11 
7 11 0.361116 0.332222 * 7   4   1  11 
8 11 0.115043 0.621107 * 8  11 
9 11 0.570361 0.004614 * 9   3   6   4   1  11   0 
9 11 0.553007 0.004614 * 9   3   6   5   1  11   0 
9 11 0.657194 0.004517 * 9   3   6   5   2   8  11 
9 11 0.465279 0.004019 * 9   7   4   1  11   0   0 
10 11 0.571851 0.029943 * 10   3   6   4   1  11   0   0 
10 11 0.554497 0.029943 * 10   3   6   5   1  11   0   0 
10 11 0.658684 0.020405 * 10   3   6   5   2   8  11   0 
10 11 0.673718 0.020843 * 10   9   3   6   4   1  11   0 
10 11 0.656364 0.020843 * 10   9   3   6   5   1  11   0 
10 11 0.760551 0.020405 * 10   9   3   6   5   2   8  11 
10 11 0.568636 0.018156 * 10   9   7   4   1  11   0   0 
