2  5  1  0 
0.059494
2   8  11   1 
0.010824
3  6  4  1 
0.006495
3  6  5  1 
0.003433
4  1 
0.008105
5  1 
0.085918
6  4  1 
0.011929
6  5  1 
0.006305
7  4  1 
0.108956
8  11   1 
0.072253
9  3  6  4  1 
0.006554
9  3  6  5  1 
0.006554
9  7  4  1  0 
0.007595
10   3   6   4   1   0 
0.008668
10   3   6   5   1   0 
0.008668
10   9   3   6   4   1 
0.008940
10   9   3   6   5   1 
0.008940
10   9   7   4   1   0 
0.010360
11   1 
0.561029
1  5  2  0 
0.031588
1  11   8   2 
0.031588
3  6  5  2 
0.065266
4  1  5  2  0 
0.017869
4   1  11   8   2 
0.017869
4  6  5  2  0 
0.006521
5  2 
0.091628
6  5  2 
0.031029
7  4  1  5  2  0 
0.036514
7   4   1  11   8   2 
0.036514
7  4  6  5  2  0 
0.013325
7  9  3  6  5  2 
0.007894
8  2 
0.030012
9  3  6  5  2 
0.005821
10   3   6   5   2   0 
0.027974
10   9   3   6   5   2 
0.015792
11   8   2 
0.062366
1  4  6  3  0 
0.012779
1  4  7  9  3 
0.011697
1  5  6  3  0 
0.016151
2  5  6  3 
0.262817
4  6  3  0 
0.010840
4  7  9  3 
0.009922
5  6  3 
0.023954
6  3 
0.014690
7  9  3 
0.025686
8  2  5  6  3  0  0 
0.017395
8  11   1   4   6   3   0 
0.013975
8  11   1   4   7   9   3 
0.013975
8  11   1   5   6   3   0 
0.013975
9  3 
0.039668
10   9   3 
0.014932
10   3   0 
0.026450
11   1   4   6   3   0 
0.010982
11   1   4   7   9   3 
0.010053
11   1   5   6   3   0 
0.013880
1  4 
0.034273
2  5  1  4  0 
0.050116
2  5  6  4  0 
0.102763
2   8  11   1   4 
0.006844
3  6  4  0 
0.006830
3  9  7  4 
0.001123
5  1  4 
0.016416
5  6  4 
0.033661
6  4 
0.012777
7  4 
0.098454
8  11   1   4 
0.031072
9  7  4 
0.009747
10   3   6   4   0 
0.004578
10   3   9   7   4 
0.001593
10   9   7   4   0 
0.003931
11   1   4 
0.021958
1  5 
0.055299
2  5 
0.623099
3  6  5 
0.037319
4  1  5 
0.016745
4  6  5 
0.010327
6  5 
0.046196
7  4  1  5  0 
0.045745
7  4  6  5  0 
0.028213
7  9  3  6  5 
0.018512
8  2  5  0 
0.097005
8  11   1   5 
0.037290
9  3  6  5 
0.036808
10   3   6   5   0 
0.028218
10   9   3   6   5 
0.015930
11   1   5 
0.123640
1  4  6 
0.015718
1  5  6 
0.027621
2  5  6 
0.243340
3  6 
0.020798
4  6 
0.017609
5  6 
0.046492
7  4  6  0 
0.013231
7  9  3  6 
0.012111
8  2  5  6  0 
0.018778
8  11   1   4   6 
0.011326
8  11   1   5   6 
0.011326
9  3  6 
0.004886
10   3   6   0 
0.015882
10   9   3   6 
0.008966
11   1   4   6 
0.027748
11   1   5   6 
0.048760
1  4  7 
0.131080
2  5  1  4  7  0 
0.198672
2  5  6  3  9  7 
0.070561
2  5  6  4  7  0 
0.429082
2   8  11   1   4   7 
0.028018
3  9  7 
0.013717
4  7 
0.038008
5  1  4  7  0 
0.056888
5  6  3  9  7 
0.020205
5  6  4  7  0 
0.122864
6  3  9  7 
0.004715
6  4  7  0 
0.028675
8  11   1   4   7 
0.259920
9  7 
0.023658
10   3   9   7 
0.017440
10   9   7   0 
0.106054
11   1   4   7 
0.261027
1  5  2  8 
0.042011
1  11   8   0 
0.167940
2  8 
0.301251
3  6  5  2  8 
0.093714
4  1  5  2  8 
0.037531
4   1  11   8   0 
0.130499
4  6  5  2  8 
0.016105
5  2  8 
0.305582
6  5  2  8 
0.094716
7  4  1  5  2  8 
0.060839
7   4   1  11   8   0 
0.156522
7  4  6  5  2  8 
0.026107
9  3  6  5  2  8  0 
0.000982
9  7  4  1  5  2  8 
0.009762
9   7   4   1  11   8   0 
0.009762
9  7  4  6  5  2  8 
0.005174
10   3   6   5   2   8   0   0 
0.006343
10   9   3   6   5   2   8   0 
0.004525
10   9   7   4   1   5   2   8 
0.039190
10   9   7   4   1  11   8   0 
0.039190
10   9   7   4   6   5   2   8 
0.023854
11   8 
0.284430
1  4  6  3  9 
0.000534
1  4  7  9  0 
0.005262
2  5  1  4  6  3  9 
0.004142
2  5  1  4  7  9  0 
0.029207
2  5  6  3  9  0  0 
0.008942
3  9 
0.016189
4  6  3  9 
0.000260
4  7  9  0 
0.002567
5  1  4  6  3  9 
0.001574
5  1  4  7  9  0 
0.011099
5  6  3  9  0  0 
0.003398
6  3  9 
0.002006
7  9 
0.029614
8  2  5  1  4  6  3  9 
0.007018
8  2  5  1  4  7  9  0 
0.029137
8  2  5  6  3  9  0  0 
0.015153
8  11   1   4   6   3   9   0 
0.007018
8  11   1   4   7   9   0   0 
0.016224
10   3   9 
0.001562
10   9   0 
0.009498
11   1   4   6   3   9 
0.002126
11   1   4   7   9   0 
0.006506
1   4   6   3   9  10 
0.012981
1   4   6   3  10   0 
0.012981
1   4   7   9  10   0 
0.018075
1   5   6   3   9  10 
0.020700
1   5   6   3  10   0 
0.020700
2   5   6   3   9  10 
0.080311
2   5   6   3  10   0 
0.406132
3   9  10 
0.002387
3  10   0 
0.014517
4   6   3   9  10 
0.003219
4   6   3  10   0 
0.003219
4   7   9  10   0 
0.004482
5   6   3   9  10 
0.008492
5   6   3  10   0 
0.051641
6   3   9  10 
0.001908
6   3  10   0 
0.011601
7   9  10 
0.102009
8   2   5   6   3   9  10   0 
0.017837
8   2   5   6   3  10   0   0 
0.017837
8  11   1   4   6   3   9  10 
0.014757
8  11   1   4   6   3  10   0 
0.014757
8  11   1   4   7   9  10   0 
0.016192
8  11   1   5   6   3   9  10 
0.016192
8  11   1   5   6   3  10   0 
0.016192
9  10 
0.012176
11   1   4   6   3   9  10 
0.007023
11   1   4   6   3  10   0 
0.007023
11   1   4   7   9  10   0 
0.009779
11   1   5   6   3   9  10 
0.011199
11   1   5   6   3  10   0 
0.011199
1  11 
0.639757
2   8  11 
0.300741
3   6   4   1  11   0 
0.072578
3   6   5   1  11   0 
0.045340
3   6   5   2   8  11 
0.020559
4   1  11 
0.113767
5   1  11   0 
0.209146
5   2   8  11 
0.038051
6   4   1  11   0 
0.034623
6   5   1  11   0 
0.021630
6   5   2   8  11 
0.009808
7   4   1  11 
0.310000
8  11 
0.599439
9   3   6   4   1  11   0 
0.003294
9   3   6   5   1  11   0 
0.003294
9   3   6   5   2   8  11 
0.003294
9   7   4   1  11   0   0 
0.003592
10   3   6   4   1  11   0   0 
0.030768
10   3   6   5   1  11   0   0 
0.030768
10   3   6   5   2   8  11   0 
0.023218
10   9   3   6   4   1  11   0 
0.019967
10   9   3   6   5   1  11   0 
0.019967
10   9   3   6   5   2   8  11 
0.019967
10   9   7   4   1  11   0   0 
0.021770
