2  5  1 
0.078618
3  6  4  1 
0.008514
3  6  5  1 
0.008514
4  1 
0.080211
5  1 
0.092124
6  4  1 
0.011152
6  5  1 
0.011152
7  4  1 
0.086313
8  11   1 
0.072629
9  7  4  1 
0.010960
10   3   6   4   1 
0.021357
10   3   6   5   1 
0.021357
10   9   7   4   1 
0.021357
11   1 
0.407199
1  5  2 
0.077210
3  6  5  2 
0.078224
4  1  5  2 
0.009125
4  6  5  2 
0.009125
5  2 
0.143208
6  5  2 
0.046204
7  4  1  5  2 
0.041670
7  4  6  5  2 
0.041670
8  2 
0.025249
9  3  6  5  2 
0.012098
10   3   6   5   2 
0.045435
11   8   2 
0.055832
1  4  6  3 
0.021526
1  5  6  3 
0.021526
2  5  6  3 
0.247712
4  6  3 
0.024663
5  6  3 
0.041954
6  3 
0.084815
7  9  3 
0.059210
8  2  5  6  3 
0.064374
9  3 
0.077785
10   3 
0.072811
11   1   4   6   3 
0.041061
11   1   5   6   3 
0.041061
1  4 
0.023466
2  5  1  4 
0.056026
2  5  6  4 
0.056026
3  6  4 
0.015588
5  1  4 
0.021906
5  6  4 
0.021906
6  4 
0.008125
7  4 
0.606044
8  11   1   4 
0.059448
9  7  4 
0.007748
10   3   6   4 
0.013896
10   9   7   4 
0.013896
11   1   4 
0.026713
1  5 
0.086373
2  5 
0.576897
3  6  5 
0.061339
4  1  5 
0.019686
4  6  5 
0.019686
6  5 
0.050797
7  4  1  5 
0.046470
7  4  6  5 
0.046470
8  2  5 
0.131166
9  3  6  5 
0.046080
10   3   6   5 
0.086443
11   1   5 
0.243193
1  4  6 
0.013720
1  5  6 
0.013720
2  5  6 
0.207340
3  6 
0.045259
4  6 
0.018423
5  6 
0.070698
7  4  6 
0.031805
8  2  5  6 
0.072455
9  3  6 
0.004509
10   3   6 
0.028948
11   1   4   6 
0.029500
11   1   5   6 
0.029500
1  4  7 
0.062323
2  5  1  4  7 
0.410768
2  5  6  4  7 
0.410768
3  9  7 
0.036456
4  7 
0.077494
5  1  4  7 
0.090906
5  6  4  7 
0.090906
6  4  7 
0.067250
8  11   1   4   7 
0.311193
9  7 
0.054462
10   9   7 
0.156611
11   1   4   7 
0.327049
1  11   8 
0.162011
2  8 
0.385371
3  6  5  2  8 
0.102251
4   1  11   8 
0.173339
5  2  8 
0.277158
6  5  2  8 
0.106281
7   4   1  11   8 
0.396519
9  3  6  5  2  8 
0.024346
9   7   4   1  11   8 
0.024346
10   3   6   5   2   8 
0.139623
11   8 
0.327810
1  4  7  9 
0.002259
2  5  6  3  9 
0.042500
3  9 
0.043499
4  7  9 
0.006489
5  6  3  9 
0.050849
6  3  9 
0.004437
7  9 
0.030469
8  2  5  6  3  9 
0.007370
8  11   1   4   7   9 
0.007370
10   9 
0.013184
11   1   4   7   9 
0.010874
1   4   6   3  10 
0.013056
1   4   7   9  10 
0.013056
1   5   6   3  10 
0.022054
2   5   6   3  10 
0.391342
3  10 
0.035406
4   6   3  10 
0.004936
4   7   9  10 
0.004936
5   6   3  10 
0.040192
6   3  10 
0.023158
7   9  10 
0.122179
8   2   5   6   3  10 
0.131021
9  10 
0.013586
11   1   4   6   3  10 
0.016029
11   1   4   7   9  10 
0.016029
11   1   5   6   3  10 
0.027075
1  11 
0.608319
2   8  11 
0.445231
3   6   4   1  11 
0.088497
3   6   5   1  11 
0.088497
4   1  11 
0.088270
5   1  11 
0.258200
6   4   1  11 
0.052294
6   5   1  11 
0.052294
7   4   1  11 
0.329262
8  11 
0.718108
9   7   4   1  11 
0.025961
10   3   6   4   1  11 
0.059452
10   3   6   5   1  11 
0.059452
10   9   7   4   1  11 
0.059452
