2 1 2 0.081272 * 2  5  1 
3 1 3 0.010311 * 3  6  4  1 
3 1 3 0.010311 * 3  6  5  1 
4 1 1 0.019005 * 4  1 
5 1 1 0.084180 * 5  1 
6 1 2 0.010027 * 6  4  1 
6 1 2 0.010027 * 6  5  1 
7 1 2 0.119737 * 7  4  1 
8 1 2 0.064204 * 8  11   1 
9 1 3 0.016721 * 9  7  4  1 
10 1 4 0.017226 * 10   3   6   4   1 
10 1 4 0.017226 * 10   3   6   5   1 
10 1 4 0.017226 * 10   9   7   4   1 
11 1 1 0.385106 * 11   1 
1 2 2 0.073371 * 1  5  2 
3 2 3 0.095577 * 3  6  5  2 
4 2 3 0.012655 * 4  1  5  2 
4 2 3 0.012655 * 4  6  5  2 
5 2 1 0.138016 * 5  2 
6 2 2 0.053982 * 6  5  2 
7 2 4 0.047997 * 7  4  1  5  2 
7 2 4 0.047997 * 7  4  6  5  2 
8 2 1 0.032200 * 8  2 
9 2 4 0.013332 * 9  3  6  5  2 
10 2 4 0.050886 * 10   3   6   5   2 
11 2 2 0.065087 * 11   8   2 
1 3 3 0.019107 * 1  4  6  3 
1 3 3 0.019107 * 1  5  6  3 
2 3 3 0.231810 * 2  5  6  3 
4 3 2 0.033772 * 4  6  3 
5 3 2 0.058550 * 5  6  3 
6 3 1 0.095008 * 6  3 
7 3 2 0.082447 * 7  9  3 
8 3 4 0.044014 * 8  2  5  6  3 
9 3 1 0.081367 * 9  3 
10 3 1 0.074267 * 10   3 
11 3 4 0.037515 * 11   1   4   6   3 
11 3 4 0.037515 * 11   1   5   6   3 
1 4 1 0.027522 * 1  4 
2 4 3 0.066761 * 2  5  1  4 
2 4 3 0.066761 * 2  5  6  4 
3 4 2 0.017274 * 3  6  4 
5 4 2 0.016073 * 5  1  4 
5 4 2 0.016073 * 5  6  4 
6 4 1 0.015704 * 6  4 
7 4 1 0.041053 * 7  4 
8 4 3 0.029137 * 8  11   1   4 
9 4 2 0.015265 * 9  7  4 
10 4 3 0.011475 * 10   3   6   4 
10 4 3 0.011475 * 10   9   7   4 
11 4 2 0.026697 * 11   1   4 
1 5 1 0.071618 * 1  5 
2 5 1 0.573280 * 2  5 
3 5 2 0.077229 * 3  6  5 
4 5 2 0.021684 * 4  1  5 
4 5 2 0.021684 * 4  6  5 
6 5 1 0.074266 * 6  5 
7 5 3 0.047870 * 7  4  1  5 
7 5 3 0.047870 * 7  4  6  5 
8 5 2 0.179791 * 8  2  5 
9 5 3 0.036587 * 9  3  6  5 
10 5 3 0.091008 * 10   3   6   5 
11 5 2 0.157205 * 11   1   5 
1 6 2 0.008398 * 1  4  6 
1 6 2 0.008398 * 1  5  6 
2 6 2 0.182623 * 2  5  6 
3 6 1 0.035641 * 3  6 
4 6 1 0.016009 * 4  6 
5 6 1 0.074104 * 5  6 
7 6 2 0.030219 * 7  4  6 
8 6 3 0.054470 * 8  2  5  6 
9 6 2 0.003783 * 9  3  6 
10 6 2 0.030531 * 10   3   6 
11 6 3 0.028429 * 11   1   4   6 
11 6 3 0.028429 * 11   1   5   6 
1 7 2 0.055336 * 1  4  7 
2 7 4 0.367066 * 2  5  1  4  7 
2 7 4 0.367066 * 2  5  6  4  7 
3 7 2 0.045252 * 3  9  7 
4 7 1 0.077449 * 4  7 
5 7 3 0.106564 * 5  1  4  7 
5 7 3 0.106564 * 5  6  4  7 
6 7 2 0.068241 * 6  4  7 
8 7 4 0.306171 * 8  11   1   4   7 
9 7 1 0.032792 * 9  7 
10 7 2 0.174941 * 10   9   7 
11 7 3 0.313821 * 11   1   4   7 
1 8 2 0.193560 * 1  11   8 
2 8 1 0.367206 * 2  8 
3 8 4 0.116766 * 3  6  5  2  8 
4 8 3 0.200691 * 4   1  11   8 
5 8 2 0.239812 * 5  2  8 
6 8 3 0.110339 * 6  5  2  8 
7 8 4 0.348209 * 7   4   1  11   8 
9 8 5 0.029441 * 9  3  6  5  2  8 
9 8 5 0.029441 * 9   7   4   1  11   8 
10 8 5 0.166255 * 10   3   6   5   2   8 
11 8 1 0.363226 * 11   8 
1 9 3 0.004274 * 1  4  7  9 
2 9 4 0.032966 * 2  5  6  3  9 
3 9 1 0.078593 * 3  9 
4 9 2 0.007145 * 4  7  9 
5 9 3 0.012597 * 5  6  3  9 
6 9 2 0.003136 * 6  3  9 
7 9 1 0.061169 * 7  9 
8 9 5 0.006074 * 8  2  5  6  3  9 
8 9 5 0.006074 * 8  11   1   4   7   9 
10 9 1 0.031131 * 10   9 
11 9 4 0.013237 * 11   1   4   7   9 
1 10 4 0.011219 * 1   4   6   3  10 
1 10 4 0.011219 * 1   4   7   9  10 
1 10 4 0.017934 * 1   5   6   3  10 
2 10 4 0.406408 * 2   5   6   3  10 
3 10 1 0.025633 * 3  10 
4 10 3 0.005801 * 4   6   3  10 
4 10 3 0.005801 * 4   7   9  10 
5 10 3 0.026821 * 5   6   3  10 
6 10 2 0.017175 * 6   3  10 
7 10 2 0.110637 * 7   9  10 
8 10 5 0.119256 * 8   2   5   6   3  10 
9 10 1 0.022589 * 9  10 
11 10 5 0.014453 * 11   1   4   6   3  10 
11 10 5 0.014453 * 11   1   4   7   9  10 
11 10 5 0.023104 * 11   1   5   6   3  10 
1 11 1 0.562226 * 1  11 
2 11 2 0.378524 * 2   8  11 
3 11 4 0.110886 * 3   6   4   1  11 
3 11 4 0.110886 * 3   6   5   1  11 
4 11 2 0.041372 * 4   1  11 
5 11 2 0.232197 * 5   1  11 
6 11 3 0.035611 * 6   4   1  11 
6 11 3 0.035611 * 6   5   1  11 
7 11 3 0.320032 * 7   4   1  11 
8 11 1 0.683401 * 8  11 
9 11 4 0.019930 * 9   7   4   1  11 
10 11 5 0.057476 * 10   3   6   4   1  11 
10 11 5 0.057476 * 10   3   6   5   1  11 
10 11 5 0.057476 * 10   9   7   4   1  11 
