2  5  1  0 
0.083357
2   8  11   1 
0.010053
3  6  4  1 
0.011984
3  6  5  1 
0.010221
4  1 
0.012007
5  1 
0.118426
6  4  1 
0.030001
6  5  1 
0.023338
7  4  1 
0.086961
8  11   1 
0.098492
9  3  6  4  1 
0.002153
9  3  6  5  1 
0.002153
9  7  4  1  0 
0.001567
10   3   6   4   1   0 
0.010796
10   3   6   5   1   0 
0.010796
10   9   3   6   4   1 
0.005418
10   9   3   6   5   1 
0.005418
10   9   7   4   1   0 
0.003944
11   1 
0.481810
1  5  2  0 
0.039829
1  11   8   2 
0.039829
3  6  5  2 
0.055536
4  1  5  2  0 
0.026428
4   1  11   8   2 
0.026428
4  6  5  2  0 
0.011293
5  2 
0.117071
6  5  2 
0.068995
7  4  1  5  2  0 
0.128943
7   4   1  11   8   2 
0.128943
7  4  6  5  2  0 
0.055100
7  9  3  6  5  2 
0.030300
8  2 
0.035344
9  3  6  5  2 
0.007718
10   3   6   5   2   0 
0.023831
10   9   3   6   5   2 
0.008379
11   8   2 
0.075800
1  4  6  3  0 
0.010711
1  4  7  9  3 
0.007149
1  5  6  3  0 
0.022748
2  5  6  3 
0.301069
4  6  3  0 
0.019736
4  7  9  3 
0.013172
5  6  3 
0.038397
6  3 
0.098445
7  9  3 
0.022354
8  2  5  6  3  0  0 
0.015659
8  11   1   4   6   3   0 
0.008206
8  11   1   4   7   9   3 
0.008206
8  11   1   5   6   3   0 
0.008206
9  3 
0.055740
10   9   3 
0.031671
10   3   0 
0.090078
11   1   4   6   3   0 
0.034499
11   1   4   7   9   3 
0.023024
11   1   5   6   3   0 
0.073267
1  4 
0.033492
2  5  1  4  0 
0.047144
2  5  6  4  0 
0.107005
2   8  11   1   4 
0.004612
3  6  4  0 
0.008147
3  9  7  4 
0.000812
5  1  4 
0.010899
5  6  4 
0.024738
6  4 
0.021626
7  4 
0.570146
8  11   1   4 
0.033102
9  7  4 
0.005187
10   3   6   4   0 
0.006789
10   3   9   7   4 
0.001329
10   9   7   4   0 
0.002809
11   1   4 
0.070477
1  5 
0.085284
2  5 
0.652057
3  6  5 
0.035636
4  1  5 
0.029301
4  6  5 
0.016005
6  5 
0.050634
7  4  1  5  0 
0.046445
7  4  6  5  0 
0.027259
7  9  3  6  5 
0.010950
8  2  5  0 
0.112177
8  11   1   5 
0.038780
9  3  6  5 
0.013754
10   3   6   5   0 
0.022547
10   9   3   6   5 
0.007927
11   1   5 
0.276902
1  4  6 
0.014848
1  5  6 
0.047995
2  5  6 
0.202310
3  6 
0.021708
4  6 
0.013760
5  6 
0.055788
7  4  6  0 
0.010300
7  9  3  6 
0.006874
8  2  5  6  0 
0.024284
8  11   1   4   6 
0.010992
8  11   1   5   6 
0.010992
9  3  6 
0.006708
10   3   6   0 
0.018143
10   9   3   6 
0.006379
11   1   4   6 
0.026111
11   1   5   6 
0.070591
1  4  7 
0.086577
2  5  1  4  7  0 
0.206851
2  5  6  3  9  7 
0.048561
2  5  6  4  7  0 
0.486937
2   8  11   1   4   7 
0.017368
3  9  7 
0.017567
4  7 
0.041088
5  1  4  7  0 
0.089312
5  6  3  9  7 
0.020967
5  6  4  7  0 
0.210245
6  3  9  7 
0.002536
6  4  7  0 
0.025430
8  11   1   4   7 
0.301025
9  7 
0.030886
10   3   9   7 
0.020238
10   9   7   0 
0.092331
11   1   4   7 
0.255960
1  5  2  8 
0.057613
1  11   8   0 
0.212294
2  8 
0.341538
3  6  5  2  8 
0.085522
4  1  5  2  8 
0.039351
4   1  11   8   0 
0.117886
4  6  5  2  8 
0.013745
5  2  8 
0.393248
6  5  2  8 
0.084579
7  4  1  5  2  8 
0.070196
7   4   1  11   8   0 
0.159698
7  4  6  5  2  8 
0.024519
9  3  6  5  2  8  0 
0.001605
9  7  4  1  5  2  8 
0.010867
9   7   4   1  11   8   0 
0.010867
9  7  4  6  5  2  8 
0.005558
10   3   6   5   2   8   0   0 
0.015479
10   9   3   6   5   2   8   0 
0.007075
10   9   7   4   1   5   2   8 
0.042284
10   9   7   4   1  11   8   0 
0.042284
10   9   7   4   6   5   2   8 
0.024496
11   8 
0.420077
1  4  6  3  9 
0.000992
1  4  7  9  0 
0.008591
2  5  1  4  6  3  9 
0.003512
2  5  1  4  7  9  0 
0.021119
2  5  6  3  9  0  0 
0.009084
3  9 
0.016148
4  6  3  9 
0.000268
4  7  9  0 
0.002323
5  1  4  6  3  9 
0.001293
5  1  4  7  9  0 
0.007775
5  6  3  9  0  0 
0.003345
6  3  9 
0.002242
7  9 
0.036436
8  2  5  1  4  6  3  9 
0.002457
8  2  5  1  4  7  9  0 
0.003241
8  2  5  6  3  9  0  0 
0.003241
8  11   1   4   6   3   9   0 
0.001007
8  11   1   4   7   9   0   0 
0.001007
10   3   9 
0.003241
10   9   0 
0.014787
11   1   4   6   3   9 
0.003057
11   1   4   7   9   0 
0.005273
1   4   6   3   9  10 
0.010755
1   4   6   3  10   0 
0.010755
1   4   7   9  10   0 
0.016253
1   5   6   3   9  10 
0.029739
1   5   6   3  10   0 
0.029739
2   5   6   3   9  10 
0.097788
2   5   6   3  10   0 
0.390619
3   9  10 
0.003167
3  10   0 
0.014982
4   6   3   9  10 
0.004032
4   6   3  10   0 
0.004032
4   7   9  10   0 
0.006093
5   6   3   9  10 
0.010166
5   6   3  10   0 
0.048091
6   3   9  10 
0.002946
6   3  10   0 
0.013938
7   9  10 
0.077147
8   2   5   6   3   9  10   0 
0.020486
8   2   5   6   3  10   0   0 
0.020486
8  11   1   4   6   3   9  10 
0.012447
8  11   1   4   6   3  10   0 
0.012447
8  11   1   4   7   9  10   0 
0.012584
8  11   1   5   6   3   9  10 
0.012584
8  11   1   5   6   3  10   0 
0.012584
9  10 
0.023533
11   1   4   6   3   9  10 
0.006579
11   1   4   6   3  10   0 
0.006579
11   1   4   7   9  10   0 
0.009943
11   1   5   6   3   9  10 
0.015921
11   1   5   6   3  10   0 
0.015921
1  11 
0.671206
2   8  11 
0.355387
3   6   4   1  11   0 
0.103949
3   6   5   1  11   0 
0.090613
3   6   5   2   8  11 
0.023555
4   1  11 
0.051393
5   1  11   0 
0.254589
5   2   8  11 
0.030705
6   4   1  11   0 
0.037016
6   5   1  11   0 
0.032268
6   5   2   8  11 
0.008388
7   4   1  11 
0.290018
8  11 
0.808557
9   3   6   4   1  11   0 
0.004351
9   3   6   5   1  11   0 
0.004351
9   3   6   5   2   8  11 
0.004351
9   7   4   1  11   0   0 
0.003009
10   3   6   4   1  11   0   0 
0.035620
10   3   6   5   1  11   0   0 
0.035620
10   3   6   5   2   8  11   0 
0.019780
10   9   3   6   4   1  11   0 
0.016109
10   9   3   6   5   1  11   0 
0.016109
10   9   3   6   5   2   8  11 
0.016109
10   9   7   4   1  11   0   0 
0.011137
