2  5  1  0 
0.086580
2   8  11   1 
0.011746
3  6  4  1 
0.017579
3  6  5  1 
0.012791
4  1 
0.035175
5  1 
0.091451
6  4  1 
0.014240
6  5  1 
0.010362
7  4  1 
0.108908
8  11   1 
0.070129
9  3  6  4  1 
0.005608
9  3  6  5  1 
0.005608
9  7  4  1  0 
0.007273
10   3   6   4   1   0 
0.009794
10   3   6   5   1   0 
0.009794
10   9   3   6   4   1 
0.007887
10   9   3   6   5   1 
0.007887
10   9   7   4   1   0 
0.010040
11   1 
0.414235
1  5  2  0 
0.062377
1  11   8   2 
0.062377
3  6  5  2 
0.078948
4  1  5  2  0 
0.036742
4   1  11   8   2 
0.036742
4  6  5  2  0 
0.013700
5  2 
0.185782
6  5  2 
0.059241
7  4  1  5  2  0 
0.054133
7   4   1  11   8   2 
0.054133
7  4  6  5  2  0 
0.023454
7  9  3  6  5  2 
0.009042
8  2 
0.040206
9  3  6  5  2 
0.010828
10   3   6   5   2   0 
0.022317
10   9   3   6   5   2 
0.009960
11   8   2 
0.076355
1  4  6  3  0 
0.009252
1  4  7  9  3 
0.006463
1  5  6  3  0 
0.014343
2  5  6  3 
0.247575
4  6  3  0 
0.017926
4  7  9  3 
0.011906
5  6  3 
0.051002
6  3 
0.045914
7  9  3 
0.119169
8  2  5  6  3  0  0 
0.009501
8  11   1   4   6   3   0 
0.006220
8  11   1   4   7   9   3 
0.006220
8  11   1   5   6   3   0 
0.006220
9  3 
0.087792
10   9   3 
0.025776
10   3   0 
0.057755
11   1   4   6   3   0 
0.018524
11   1   4   7   9   3 
0.012941
11   1   5   6   3   0 
0.028718
1  4 
0.036467
2  5  1  4  0 
0.054264
2  5  6  4  0 
0.129286
2   8  11   1   4 
0.006060
3  6  4  0 
0.015319
3  9  7  4 
0.002725
5  1  4 
0.011575
5  6  4 
0.027578
6  4 
0.027898
7  4 
0.045232
8  11   1   4 
0.032564
9  7  4 
0.014704
10   3   6   4   0 
0.016265
10   3   9   7   4 
0.004806
10   9   7   4   0 
0.013809
11   1   4 
0.028022
1  5 
0.075207
2  5 
0.518012
3  6  5 
0.056880
4  1  5 
0.019993
4  6  5 
0.013434
6  5 
0.060357
7  4  1  5  0 
0.049670
7  4  6  5  0 
0.033375
7  9  3  6  5 
0.015505
8  2  5  0 
0.079584
8  11   1   5 
0.031671
9  3  6  5 
0.032395
10   3   6   5   0 
0.041203
10   9   3   6   5 
0.018389
11   1   5 
0.197183
1  4  6 
0.005745
1  5  6 
0.014822
2  5  6 
0.186323
3  6 
0.049377
4  6 
0.021082
5  6 
0.059527
7  4  6  0 
0.037897
7  9  3  6 
0.025171
8  2  5  6  0 
0.030451
8  11   1   4   6 
0.016815
8  11   1   5   6 
0.016815
9  3  6 
0.005167
10   3   6   0 
0.017256
10   9   3   6 
0.007701
11   1   4   6 
0.017195
11   1   5   6 
0.044365
1  4  7 
0.085409
2  5  1  4  7  0 
0.163019
2  5  6  3  9  7 
0.076649
2  5  6  4  7  0 
0.430864
2   8  11   1   4   7 
0.016273
3  9  7 
0.051174
4  7 
0.044414
5  1  4  7  0 
0.057903
5  6  3  9  7 
0.027225
5  6  4  7  0 
0.153038
6  3  9  7 
0.010973
6  4  7  0 
0.061683
8  11   1   4   7 
0.309826
9  7 
0.028692
10   3   9   7 
0.025557
10   9   7   0 
0.143661
11   1   4   7 
0.325719
1  5  2  8 
0.032087
1  11   8   0 
0.129346
2  8 
0.387587
3  6  5  2  8 
0.133160
4  1  5  2  8 
0.034448
4   1  11   8   0 
0.138864
4  6  5  2  8 
0.018858
5  2  8 
0.288618
6  5  2  8 
0.140908
7  4  1  5  2  8 
0.087972
7   4   1  11   8   0 
0.311133
7  4  6  5  2  8 
0.048159
9  3  6  5  2  8  0 
0.001416
9  7  4  1  5  2  8 
0.018091
9   7   4   1  11   8   0 
0.018091
9  7  4  6  5  2  8 
0.010380
10   3   6   5   2   8   0   0 
0.008231
10   9   3   6   5   2   8   0 
0.005027
10   9   7   4   1   5   2   8 
0.050614
10   9   7   4   1  11   8   0 
0.050614
10   9   7   4   6   5   2   8 
0.036861
11   8 
0.359658
1  4  6  3  9 
0.000565
1  4  7  9  0 
0.004724
2  5  1  4  6  3  9 
0.004998
2  5  1  4  7  9  0 
0.026988
2  5  6  3  9  0  0 
0.010217
3  9 
0.043077
4  6  3  9 
0.000732
4  7  9  0 
0.006121
5  1  4  6  3  9 
0.001676
5  1  4  7  9  0 
0.009048
5  6  3  9  0  0 
0.003426
6  3  9 
0.002474
7  9 
0.066527
8  2  5  1  4  6  3  9 
0.003302
8  2  5  1  4  7  9  0 
0.003509
8  2  5  6  3  9  0  0 
0.003509
8  11   1   4   6   3   9   0 
0.001392
8  11   1   4   7   9   0   0 
0.001392
10   3   9 
0.004570
10   9   0 
0.025691
11   1   4   6   3   9 
0.005334
11   1   4   7   9   0 
0.013817
1   4   6   3   9  10 
0.009854
1   4   6   3  10   0 
0.009854
1   4   7   9  10   0 
0.012450
1   5   6   3   9  10 
0.022089
1   5   6   3  10   0 
0.022089
2   5   6   3   9  10 
0.067288
2   5   6   3  10   0 
0.281141
3   9  10 
0.004999
3  10   0 
0.028100
4   6   3   9  10 
0.003688
4   6   3  10   0 
0.003688
4   7   9  10   0 
0.004659
5   6   3   9  10 
0.006916
5   6   3  10   0 
0.038823
6   3   9  10 
0.003359
6   3  10   0 
0.018884
7   9  10 
0.119898
8   2   5   6   3   9  10   0 
0.014974
8   2   5   6   3  10   0   0 
0.014974
8  11   1   4   6   3   9  10 
0.011187
8  11   1   4   6   3  10   0 
0.011187
8  11   1   4   7   9  10   0 
0.011187
8  11   1   5   6   3   9  10 
0.011187
8  11   1   5   6   3  10   0 
0.011187
9  10 
0.018867
11   1   4   6   3   9  10 
0.007425
11   1   4   6   3  10   0 
0.007425
11   1   4   7   9  10   0 
0.009381
11   1   5   6   3   9  10 
0.016644
11   1   5   6   3  10   0 
0.016644
1  11 
0.331216
2   8  11 
0.362870
3   6   4   1  11   0 
0.138328
3   6   5   1  11   0 
0.114311
3   6   5   2   8  11 
0.025722
4   1  11 
0.128164
5   1  11   0 
0.187108
5   2   8  11 
0.025385
6   4   1  11   0 
0.043441
6   5   1  11   0 
0.035899
6   5   2   8  11 
0.008078
7   4   1  11 
0.429560
8  11 
0.703385
9   3   6   4   1  11   0 
0.007546
9   3   6   5   1  11   0 
0.007546
9   3   6   5   2   8  11 
0.006718
9   7   4   1  11   0   0 
0.009258
10   3   6   4   1  11   0   0 
0.042697
10   3   6   5   1  11   0   0 
0.042697
10   3   6   5   2   8  11   0 
0.022017
10   9   3   6   4   1  11   0 
0.024732
10   9   3   6   5   1  11   0 
0.024732
10   9   3   6   5   2   8  11 
0.022017
10   9   7   4   1  11   0   0 
0.030342
