2 1 2 0.070815 * 2  5  1 
3 1 3 0.005968 * 3  6  4  1 
3 1 3 0.005968 * 3  6  5  1 
4 1 1 0.012386 * 4  1 
5 1 1 0.086498 * 5  1 
6 1 2 0.011165 * 6  4  1 
6 1 2 0.011165 * 6  5  1 
7 1 2 0.090037 * 7  4  1 
8 1 2 0.053404 * 8  11   1 
9 1 3 0.035465 * 9  7  4  1 
10 1 4 0.014937 * 10   3   6   4   1 
10 1 4 0.014937 * 10   3   6   5   1 
10 1 4 0.014937 * 10   9   7   4   1 
11 1 1 0.557524 * 11   1 
1 2 2 0.066717 * 1  5  2 
3 2 3 0.058549 * 3  6  5  2 
4 2 3 0.015470 * 4  1  5  2 
4 2 3 0.015470 * 4  6  5  2 
5 2 1 0.147841 * 5  2 
6 2 2 0.048950 * 6  5  2 
7 2 4 0.546739 * 7  4  1  5  2 
7 2 4 0.546739 * 7  4  6  5  2 
8 2 1 0.033741 * 8  2 
9 2 4 0.005591 * 9  3  6  5  2 
10 2 4 0.048240 * 10   3   6   5   2 
11 2 2 0.043725 * 11   8   2 
1 3 3 0.015788 * 1  4  6  3 
1 3 3 0.015788 * 1  5  6  3 
2 3 3 0.262696 * 2  5  6  3 
4 3 2 0.035967 * 4  6  3 
5 3 2 0.026065 * 5  6  3 
6 3 1 0.092036 * 6  3 
7 3 2 0.023976 * 7  9  3 
8 3 4 0.092432 * 8  2  5  6  3 
9 3 1 0.069497 * 9  3 
10 3 1 0.067207 * 10   3 
11 3 4 0.064504 * 11   1   4   6   3 
11 3 4 0.064504 * 11   1   5   6   3 
1 4 1 0.030570 * 1  4 
2 4 3 0.063209 * 2  5  1  4 
2 4 3 0.063209 * 2  5  6  4 
3 4 2 0.006635 * 3  6  4 
5 4 2 0.022000 * 5  1  4 
5 4 2 0.022000 * 5  6  4 
6 4 1 0.018368 * 6  4 
7 4 1 0.527790 * 7  4 
8 4 3 0.028794 * 8  11   1   4 
9 4 2 0.010194 * 9  7  4 
10 4 3 0.006099 * 10   3   6   4 
10 4 3 0.006099 * 10   9   7   4 
11 4 2 0.022752 * 11   1   4 
1 5 1 0.057244 * 1  5 
2 5 1 0.643499 * 2  5 
3 5 2 0.036171 * 3  6  5 
4 5 2 0.021710 * 4  1  5 
4 5 2 0.021710 * 4  6  5 
6 5 1 0.050031 * 6  5 
7 5 3 0.046979 * 7  4  1  5 
7 5 3 0.046979 * 7  4  6  5 
8 5 2 0.153500 * 8  2  5 
9 5 3 0.029760 * 9  3  6  5 
10 5 3 0.044050 * 10   3   6   5 
11 5 2 0.126887 * 11   1   5 
1 6 2 0.013843 * 1  4  6 
1 6 2 0.013843 * 1  5  6 
2 6 2 0.226283 * 2  5  6 
3 6 1 0.016880 * 3  6 
4 6 1 0.016589 * 4  6 
5 6 1 0.047403 * 5  6 
7 6 2 0.019820 * 7  4  6 
8 6 3 0.037346 * 8  2  5  6 
9 6 2 0.002533 * 9  3  6 
10 6 2 0.026461 * 10   3   6 
11 6 3 0.042787 * 11   1   4   6 
11 6 3 0.042787 * 11   1   5   6 
1 7 2 0.078571 * 1  4  7 
2 7 4 0.353560 * 2  5  1  4  7 
2 7 4 0.353560 * 2  5  6  4  7 
3 7 2 0.016887 * 3  9  7 
4 7 1 0.321794 * 4  7 
5 7 3 0.084125 * 5  1  4  7 
5 7 3 0.084125 * 5  6  4  7 
6 7 2 0.030428 * 6  4  7 
8 7 4 0.238993 * 8  11   1   4   7 
9 7 1 0.024261 * 9  7 
10 7 2 0.110217 * 10   9   7 
11 7 3 0.389764 * 11   1   4   7 
1 8 2 0.210586 * 1  11   8 
2 8 1 0.313445 * 2  8 
3 8 4 0.090426 * 3  6  5  2  8 
4 8 3 0.184079 * 4   1  11   8 
5 8 2 0.301067 * 5  2  8 
6 8 3 0.101779 * 6  5  2  8 
7 8 4 0.233707 * 7   4   1  11   8 
9 8 5 0.011746 * 9  3  6  5  2  8 
9 8 5 0.011746 * 9   7   4   1  11   8 
10 8 5 0.122290 * 10   3   6   5   2   8 
11 8 1 0.383849 * 11   8 
1 9 3 0.005967 * 1  4  7  9 
2 9 4 0.036939 * 2  5  6  3  9 
3 9 1 0.077315 * 3  9 
4 9 2 0.003671 * 4  7  9 
5 9 3 0.017512 * 5  6  3  9 
6 9 2 0.002147 * 6  3  9 
7 9 1 0.029115 * 7  9 
8 9 5 0.008696 * 8  2  5  6  3  9 
8 9 5 0.008696 * 8  11   1   4   7   9 
10 9 1 0.011201 * 10   9 
11 9 4 0.009269 * 11   1   4   7   9 
1 10 4 0.023823 * 1   4   6   3  10 
1 10 4 0.023823 * 1   4   7   9  10 
1 10 4 0.041939 * 1   5   6   3  10 
2 10 4 0.492733 * 2   5   6   3  10 
3 10 1 0.018090 * 3  10 
4 10 3 0.006133 * 4   6   3  10 
4 10 3 0.006133 * 4   7   9  10 
5 10 3 0.056710 * 5   6   3  10 
6 10 2 0.022928 * 6   3  10 
7 10 2 0.089554 * 7   9  10 
8 10 5 0.118676 * 8   2   5   6   3  10 
9 10 1 0.013499 * 9  10 
11 10 5 0.024111 * 11   1   4   6   3  10 
11 10 5 0.024111 * 11   1   4   7   9  10 
11 10 5 0.042446 * 11   1   5   6   3  10 
1 11 1 0.403481 * 1  11 
2 11 2 0.315704 * 2   8  11 
3 11 4 0.083013 * 3   6   4   1  11 
3 11 4 0.083013 * 3   6   5   1  11 
4 11 2 0.084628 * 4   1  11 
5 11 2 0.303502 * 5   1  11 
6 11 3 0.038806 * 6   4   1  11 
6 11 3 0.038806 * 6   5   1  11 
7 11 3 0.322688 * 7   4   1  11 
8 11 1 0.600419 * 8  11 
9 11 4 0.014152 * 9   7   4   1  11 
10 11 5 0.064228 * 10   3   6   4   1  11 
10 11 5 0.064228 * 10   3   6   5   1  11 
10 11 5 0.064228 * 10   9   7   4   1  11 
