1  5  2  0  0  0  0  0  0  0 
8.863513e-002
1  11   8   2   0   0   0   0   0   0 
3.231797e-013
1  4  6  5  2  0  0  0  0  0 
1.622222e-013
1  4  6  3  0  0  0  0  0  0 
2.091894e-002
1  5  6  3  0  0  0  0  0  0 
1.834157e-002
1  4  7  9  3  0  0  0  0  0 
3.184907e-013
1  4  0  0  0  0  0  0  0  0 
3.193452e-002
1  5  6  4  0  0  0  0  0  0 
1.613462e-013
1  5  0  0  0  0  0  0  0  0 
7.257757e-002
1  4  6  5  0  0  0  0  0  0 
1.621714e-013
1  11   8   2   5   0   0   0   0   0 
1.082552e-013
1  4  6  0  0  0  0  0  0  0 
1.630472e-002
1  5  6  0  0  0  0  0  0  0 
1.462825e-002
1  4  7  0  0  0  0  0  0  0 
6.399484e-002
1  5  6  4  7  0  0  0  0  0 
1.622157e-013
1  11   8   0   0   0   0   0   0   0 
1.727082e-001
1  5  2  8  0  0  0  0  0  0 
3.251304e-013
1  4  6  5  2  8  0  0  0  0 
1.085967e-013
1  4  7  9  0  0  0  0  0  0 
3.974925e-003
1  4  6  3  9  0  0  0  0  0 
3.977670e-013
1  5  6  3  9  0  0  0  0  0 
4.008544e-013
1   4   6   3  10   0   0   0   0   0 
1.393211e-002
1   5   6   3  10   0   0   0   0   0 
1.250654e-002
1   4   7   9  10   0   0   0   0   0 
1.576692e-002
1  11   0   0   0   0   0   0   0   0 
5.679042e-001
1   5   2   8  11   0   0   0   0   0 
1.087155e-013
2  5  1  0  0  0  0  0  0  0 
1.859362e-001
2   8  11   1   0   0   0   0   0   0 
3.251281e-013
2  5  6  4  1  0  0  0  0  0 
1.626867e-013
2  5  6  3  0  0  0  0  0  0 
2.414217e-001
2  5  1  4  6  3  0  0  0  0 
1.629291e-013
2  5  1  4  0  0  0  0  0  0 
6.685372e-002
2  5  6  4  0  0  0  0  0  0 
6.404926e-002
2   8  11   1   4   0   0   0   0   0 
3.233637e-013
2  5  0  0  0  0  0  0  0  0 
5.616490e-001
2   8  11   1   5   0   0   0   0   0 
1.087325e-013
2   8  11   1   4   6   5   0   0   0 
6.523500e-014
2  5  6  0  0  0  0  0  0  0 
1.982602e-001
2  5  1  4  6  0  0  0  0  0 
1.628747e-013
2  5  1  4  7  0  0  0  0  0 
3.863468e-001
2  5  6  4  7  0  0  0  0  0 
3.705908e-001
2   8  11   1   4   7   0   0   0   0 
3.258892e-013
2  8  0  0  0  0  0  0  0  0 
3.673924e-001
2   5   1  11   8   0   0   0   0   0 
1.085525e-013
2  5  6  3  9  0  0  0  0  0 
3.373522e-002
2   5   6   3  10   9   0   0   0   0 
3.181184e-013
2  5  1  4  7  9  0  0  0  0 
3.183203e-013
2   5   6   3  10   0   0   0   0   0 
3.684759e-001
2   5   6   3   9  10   0   0   0   0 
3.261446e-013
2   8  11   0   0   0   0   0   0   0 
3.986242e-001
2   5   1  11   0   0   0   0   0   0 
3.248940e-013
3  6  4  1  0  0  0  0  0  0 
9.901528e-003
3  6  5  1  0  0  0  0  0  0 
1.023152e-002
3  9  7  4  1  0  0  0  0  0 
3.189822e-013
3  6  5  2  0  0  0  0  0  0 
9.596805e-002
3  6  4  1  5  2  0  0  0  0 
1.625199e-013
3  6  4  0  0  0  0  0  0  0 
3.042874e-002
3  9  7  4  0  0  0  0  0  0 
3.181908e-013
3  6  5  0  0  0  0  0  0  0 
6.017418e-002
3  6  4  1  5  0  0  0  0  0 
1.621580e-013
3  6  0  0  0  0  0  0  0  0 
3.046911e-002
3  9  7  4  6  0  0  0  0  0 
1.077414e-013
3  10   9   7   4   6   0   0   0   0 
8.102842e-014
3  9  7  0  0  0  0  0  0  0 
3.476107e-002
3  10   9   7   0   0   0   0   0   0 
3.183834e-013
3  6  4  7  0  0  0  0  0  0 
3.193275e-013
3  6  5  2  8  0  0  0  0  0 
1.278637e-001
3   6   4   1  11   8   0   0   0   0 
3.238051e-013
3   6   5   1  11   8   0   0   0   0 
3.237825e-013
3  9  0  0  0  0  0  0  0  0 
1.026759e-001
3  10   9   0   0   0   0   0   0   0 
3.246146e-013
3  6  4  7  9  0  0  0  0  0 
1.084836e-013
3  10   0   0   0   0   0   0   0   0 
2.833711e-002
3   9  10   0   0   0   0   0   0   0 
3.163260e-013
3   6   4   1  11   0   0   0   0   0 
8.940358e-002
3   6   5   1  11   0   0   0   0   0 
9.021446e-002
3   9   7   4   1  11   0   0   0   0 
3.242381e-013
4  1  0  0  0  0  0  0  0  0 
2.715483e-002
4  6  5  1  0  0  0  0  0  0 
1.610236e-013
4  1  5  2  0  0  0  0  0  0 
1.504395e-002
4  6  5  2  0  0  0  0  0  0 
1.630968e-002
4   1  11   8   2   0   0   0   0   0 
3.207722e-013
4  6  3  0  0  0  0  0  0  0 
1.957764e-002
4  7  9  3  0  0  0  0  0  0 
3.110879e-013
4  1  5  6  3  0  0  0  0  0 
1.582697e-013
4  1  5  0  0  0  0  0  0  0 
2.125976e-002
4  6  5  0  0  0  0  0  0  0 
2.353993e-002
4  6  0  0  0  0  0  0  0  0 
1.728312e-002
4  1  5  6  0  0  0  0  0  0 
1.592115e-013
4  7  9  3  6  0  0  0  0  0 
1.066564e-013
4  7  0  0  0  0  0  0  0  0 
7.071127e-002
4  6  3  9  7  0  0  0  0  0 
1.084576e-013
4   6   3  10   9   7   0   0   0   0 
8.144324e-014
4   1  11   8   0   0   0   0   0   0 
1.656220e-001
4  1  5  2  8  0  0  0  0  0 
3.249491e-013
4  6  5  2  8  0  0  0  0  0 
3.251142e-013
4  7  9  0  0  0  0  0  0  0 
5.582820e-003
4  6  3  9  0  0  0  0  0  0 
2.871561e-013
4   6   3  10   9   0   0   0   0   0 
1.386798e-013
4   7   9  10   0   0   0   0   0   0 
4.599610e-003
4   6   3  10   0   0   0   0   0   0 
4.350860e-003
4   6   3   9  10   0   0   0   0   0 
3.538899e-013
4   1  11   0   0   0   0   0   0   0 
8.510077e-002
4   6   5   1  11   0   0   0   0   0 
1.624642e-013
5  1  0  0  0  0  0  0  0  0 
1.073065e-001
5  6  4  1  0  0  0  0  0  0 
1.624587e-013
5   2   8  11   1   0   0   0   0   0 
1.084301e-013
5  2  0  0  0  0  0  0  0  0 
1.404775e-001
5   1  11   8   2   0   0   0   0   0 
1.085561e-013
5  6  3  0  0  0  0  0  0  0 
6.600100e-002
5  1  4  6  3  0  0  0  0  0 
1.622564e-013
5  1  4  0  0  0  0  0  0  0 
2.773553e-002
5  6  4  0  0  0  0  0  0  0 
2.518617e-002
5  6  0  0  0  0  0  0  0  0 
6.567948e-002
5  1  4  6  0  0  0  0  0  0 
1.622519e-013
5  1  4  7  0  0  0  0  0  0 
8.829060e-002
5  6  4  7  0  0  0  0  0  0 
9.253559e-002
5  6  3  9  7  0  0  0  0  0 
3.244578e-013
5  2  8  0  0  0  0  0  0  0 
2.229648e-001
5   1  11   8   0   0   0   0   0   0 
3.248691e-013
5  6  3  9  0  0  0  0  0  0 
1.179922e-002
5  1  4  7  9  0  0  0  0  0 
2.971403e-013
5  6  4  7  9  0  0  0  0  0 
2.970675e-013
5   6   3  10   0   0   0   0   0   0 
2.770876e-002
5   6   3   9  10   0   0   0   0   0 
3.161223e-013
5   1  11   0   0   0   0   0   0   0 
1.990275e-001
5   2   8  11   0   0   0   0   0   0 
3.251657e-013
6  4  1  0  0  0  0  0  0  0 
1.311632e-002
6  5  1  0  0  0  0  0  0  0 
1.367892e-002
6  5  2  0  0  0  0  0  0  0 
4.890760e-002
6  4  1  5  2  0  0  0  0  0 
1.619395e-013
6  3  0  0  0  0  0  0  0  0 
6.954207e-002
6  4  7  9  3  0  0  0  0  0 
1.084508e-013
6   4   7   9  10   3   0   0   0   0 
8.138316e-014
6  4  0  0  0  0  0  0  0  0 
1.185328e-002
6  5  1  4  0  0  0  0  0  0 
1.572547e-013
6  3  9  7  4  0  0  0  0  0 
1.053707e-013
6  5  0  0  0  0  0  0  0  0 
5.942449e-002
6  4  1  5  0  0  0  0  0  0 
1.621459e-013
6  4  7  0  0  0  0  0  0  0 
5.597190e-002
6  3  9  7  0  0  0  0  0  0 
3.221098e-013
6  5  2  8  0  0  0  0  0  0 
1.193757e-001
6   4   1  11   8   0   0   0   0   0 
3.236311e-013
6   5   1  11   8   0   0   0   0   0 
3.236093e-013
6  3  9  0  0  0  0  0  0  0 
3.686715e-003
6   3  10   9   0   0   0   0   0   0 
3.957804e-013
6  4  7  9  0  0  0  0  0  0 
3.882081e-013
6   3  10   0   0   0   0   0   0   0 
1.852308e-002
6   3   9  10   0   0   0   0   0   0 
3.072529e-013
6   4   7   9  10   0   0   0   0   0 
1.573625e-013
6   4   1  11   0   0   0   0   0   0 
4.669138e-002
6   5   1  11   0   0   0   0   0   0 
4.816542e-002
6   5   2   8  11   0   0   0   0   0 
3.224129e-013
7  4  1  0  0  0  0  0  0  0 
1.104472e-001
7  4  6  5  1  0  0  0  0  0 
1.626298e-013
7  4  6  5  2  0  0  0  0  0 
4.795277e-002
7  4  1  5  2  0  0  0  0  0 
3.991012e-002
7  9  3  6  5  2  0  0  0  0 
3.221420e-013
7  9  3  0  0  0  0  0  0  0 
4.722261e-002
7  4  6  3  0  0  0  0  0  0 
3.204950e-013
7   9  10   3   0   0   0   0   0   0 
3.195311e-013
7  4  0  0  0  0  0  0  0  0 
8.328045e-002
7  9  3  6  4  0  0  0  0  0 
1.085580e-013
7   9  10   3   6   4   0   0   0   0 
8.144470e-014
7  4  6  5  0  0  0  0  0  0 
4.541669e-002
7  4  1  5  0  0  0  0  0  0 
3.819190e-002
7  9  3  6  5  0  0  0  0  0 
3.219164e-013
7  4  6  0  0  0  0  0  0  0 
3.087870e-002
7  9  3  6  0  0  0  0  0  0 
3.188904e-013
7   4   1  11   8   0   0   0   0   0 
3.689424e-001
7  4  6  5  2  8  0  0  0  0 
3.262015e-013
7  4  1  5  2  8  0  0  0  0 
3.259644e-013
7  9  0  0  0  0  0  0  0  0 
5.145790e-002
7  4  6  3  9  0  0  0  0  0 
1.081012e-013
7   4   6   3  10   9   0   0   0   0 
8.123786e-014
7   9  10   0   0   0   0   0   0   0 
1.260944e-001
7   9   3  10   0   0   0   0   0   0 
3.249536e-013
7   4   6   3  10   0   0   0   0   0 
1.625341e-013
7   4   1  11   0   0   0   0   0   0 
3.364990e-001
8  11   1   0   0   0   0   0   0   0 
5.868957e-002
8  2  5  1  0  0  0  0  0  0 
3.223826e-013
8  2  0  0  0  0  0  0  0  0 
2.855487e-002
8  11   1   5   2   0   0   0   0   0 
1.076595e-013
8  11   1   4   6   5   2   0   0   0 
6.480701e-014
8  2  5  6  3  0  0  0  0  0 
4.448157e-002
8  11   1   5   6   3   0   0   0   0 
3.195220e-013
8  11   1   4   6   3   0   0   0   0 
3.193117e-013
8  11   1   4   0   0   0   0   0   0 
3.792072e-002
8  2  5  1  4  0  0  0  0  0 
3.183702e-013
8  2  5  6  4  0  0  0  0  0 
3.183880e-013
8  2  5  0  0  0  0  0  0  0 
1.327004e-001
8  11   1   5   0   0   0   0   0   0 
3.244350e-013
8  2  5  6  0  0  0  0  0  0 
5.760618e-002
8  11   1   5   6   0   0   0   0   0 
3.210815e-013
8  11   1   4   6   0   0   0   0   0 
3.209660e-013
8  11   1   4   7   0   0   0   0   0 
3.272596e-001
8  2  5  1  4  7  0  0  0  0 
3.255137e-013
8  2  5  6  4  7  0  0  0  0 
3.255414e-013
8  11   1   4   7   9   0   0   0   0 
5.240724e-003
8  2  5  6  3  9  0  0  0  0 
5.418276e-003
8  11   1   5   6   3   9   0   0   0 
3.460918e-013
8   2   5   6   3  10   0   0   0   0 
1.119549e-001
8   2   5   6   3   9  10   0   0   0 
3.230478e-013
8  11   1   4   7   9  10   0   0   0 
3.233473e-013
8  11   0   0   0   0   0   0   0   0 
6.926387e-001
8   2   5   1  11   0   0   0   0   0 
1.086478e-013
9  7  4  1  0  0  0  0  0  0 
2.017056e-002
9  3  6  4  1  0  0  0  0  0 
3.074359e-013
9  3  6  5  1  0  0  0  0  0 
3.074782e-013
9  3  6  5  2  0  0  0  0  0 
1.141699e-002
9  10   3   6   5   2   0   0   0   0 
2.921764e-013
9  7  4  6  5  2  0  0  0  0 
2.948717e-013
9  3  0  0  0  0  0  0  0  0 
6.447699e-002
9  10   3   0   0   0   0   0   0   0 
3.218093e-013
9  7  4  6  3  0  0  0  0  0 
1.082241e-013
9  7  4  0  0  0  0  0  0  0 
1.874493e-002
9  3  6  4  0  0  0  0  0  0 
3.105903e-013
9  10   3   6   4   0   0   0   0   0 
1.575200e-013
9  3  6  5  0  0  0  0  0  0 
3.858322e-002
9  10   3   6   5   0   0   0   0   0 
3.179387e-013
9  7  4  6  5  0  0  0  0  0 
3.188904e-013
9  3  6  0  0  0  0  0  0  0 
4.954605e-003
9  10   3   6   0   0   0   0   0   0 
2.796324e-013
9  7  4  6  0  0  0  0  0  0 
2.840694e-013
9  7  0  0  0  0  0  0  0  0 
3.046056e-002
9  3  6  4  7  0  0  0  0  0 
1.076764e-013
9  10   3   6   4   7   0   0   0   0 
8.091587e-014
9   7   4   1  11   8   0   0   0   0 
2.426490e-002
9  3  6  5  2  8  0  0  0  0 
3.257279e-002
9  10   3   6   5   2   8   0   0   0 
3.198209e-013
9  10   0   0   0   0   0   0   0   0 
1.957306e-002
9   3  10   0   0   0   0   0   0   0 
3.171607e-013
9   7   4   1  11   0   0   0   0   0 
1.768771e-002
9   3   6   4   1  11   0   0   0   0 
3.027571e-013
9   3   6   5   1  11   0   0   0   0 
3.027422e-013
10   3   6   4   1   0   0   0   0   0 
1.800105e-002
10   9   7   4   1   0   0   0   0   0 
2.029828e-002
10   3   6   5   1   0   0   0   0   0 
1.892549e-002
10   3   6   5   2   0   0   0   0   0 
3.524443e-002
10   9   3   6   5   2   0   0   0   0 
3.194047e-013
10   3   0   0   0   0   0   0   0   0 
6.528213e-002
10   9   3   0   0   0   0   0   0   0 
3.228229e-013
10   3   6   4   0   0   0   0   0   0 
1.157195e-002
10   9   7   4   0   0   0   0   0   0 
1.237368e-002
10   3   9   7   4   0   0   0   0   0 
3.186735e-013
10   3   6   5   0   0   0   0   0   0 
7.882029e-002
10   9   3   6   5   0   0   0   0   0 
3.235678e-013
10   3   6   0   0   0   0   0   0   0 
3.380434e-002
10   9   3   6   0   0   0   0   0   0 
3.191041e-013
10   9   7   0   0   0   0   0   0   0 
1.357275e-001
10   3   9   7   0   0   0   0   0   0 
3.242421e-013
10   3   6   5   2   8   0   0   0   0 
1.392345e-001
10   9   3   6   5   2   8   0   0   0 
3.249263e-013
10   3   6   5   1  11   8   0   0   0 
3.239535e-013
10   9   0   0   0   0   0   0   0   0 
3.841216e-002
10   3   9   0   0   0   0   0   0   0 
3.198181e-013
10   3   6   4   1  11   0   0   0   0 
5.125767e-002
10   3   6   5   1  11   0   0   0   0 
5.262641e-002
10   9   7   4   1  11   0   0   0   0 
6.674237e-002
11   1   0   0   0   0   0   0   0   0 
4.207882e-001
11   8   2   5   1   0   0   0   0   0 
1.086607e-013
11   8   2   0   0   0   0   0   0   0 
3.758329e-002
11   1   5   2   0   0   0   0   0   0 
3.204535e-013
11   1   4   6   3   0   0   0   0   0 
4.397750e-002
11   1   5   6   3   0   0   0   0   0 
3.406917e-002
11   8   2   5   6   3   0   0   0   0 
3.219282e-013
11   1   4   0   0   0   0   0   0   0 
2.653327e-002
11   1   5   6   4   0   0   0   0   0 
1.610126e-013
11   1   5   0   0   0   0   0   0   0 
1.511182e-001
11   8   2   5   0   0   0   0   0   0 
3.243908e-013
11   1   4   6   5   0   0   0   0   0 
1.626208e-013
11   1   4   6   0   0   0   0   0   0 
3.010925e-002
11   1   5   6   0   0   0   0   0   0 
2.435521e-002
11   8   2   5   6   0   0   0   0   0 
3.210186e-013
11   1   4   7   0   0   0   0   0   0 
2.842923e-001
11   8   0   0   0   0   0   0   0   0 
3.498619e-001
11   1   5   2   8   0   0   0   0   0 
1.086499e-013
11   1   4   7   9   0   0   0   0   0 
1.199703e-002
11   1   4   6   3   9   0   0   0   0 
2.904803e-013
11   1   5   6   3   9   0   0   0   0 
2.919065e-013
11   1   4   7   9  10   0   0   0   0 
1.872244e-002
11   1   5   6   3  10   0   0   0   0 
1.441068e-002
11   1   4   6   3  10   0   0   0   0 
1.629665e-002
