2  5  1  0 
0.094371
2   8  11   1 
0.009336
3  6  4  1 
0.014242
3  6  5  1 
0.009316
4  1 
0.015221
5  1 
0.113427
6  4  1 
0.012494
6  5  1 
0.008172
7  4  1 
0.082488
8  11   1 
0.083620
9  3  6  4  1 
0.002598
9  3  6  5  1 
0.002598
9  7  4  1  0 
0.001344
10   3   6   4   1   0 
0.013995
10   3   6   5   1   0 
0.013995
10   9   3   6   4   1 
0.002605
10   9   3   6   5   1 
0.002605
10   9   7   4   1   0 
0.001942
11   1 
0.486993
1  5  2  0 
0.039914
1  11   8   2 
0.026615
3  6  5  2 
0.040024
4  1  5  2  0 
0.022244
4   1  11   8   2 
0.014832
4  6  5  2  0 
0.008742
5  2 
0.136884
6  5  2 
0.067353
7  4  1  5  2  0 
0.431888
7   4   1  11   8   2 
0.287986
7  4  6  5  2  0 
0.169738
7  9  3  6  5  2 
0.088149
8  2 
0.055874
9  3  6  5  2 
0.005886
10   3   6   5   2   0 
0.029555
10   9   3   6   5   2 
0.003626
11   8   2 
0.078196
1  4  6  3  0 
0.012263
1  4  7  9  3 
0.006700
1  5  6  3  0 
0.023537
2  5  6  3 
0.304345
4  6  3  0 
0.023606
4  7  9  3 
0.012898
5  6  3 
0.034597
6  3 
0.049238
7  9  3 
0.025528
8  2  5  6  3  0  0 
0.015928
8  11   1   4   6   3   0 
0.009320
8  11   1   4   7   9   3 
0.009320
8  11   1   5   6   3   0 
0.009320
9  3 
0.049498
10   9   3 
0.005982
10   3   0 
0.048759
11   1   4   6   3   0 
0.043676
11   1   4   7   9   3 
0.023863
11   1   5   6   3   0 
0.083828
1  4 
0.045007
2  5  1  4  0 
0.048941
2  5  6  4  0 
0.092101
2   8  11   1   4 
0.003695
3  6  4  0 
0.023181
3  9  7  4 
0.003690
5  1  4 
0.015071
5  6  4 
0.028361
6  4 
0.024344
7  4 
0.056422
8  11   1   4 
0.034011
9  7  4 
0.008201
10   3   6   4   0 
0.007371
10   3   9   7   4 
0.003568
10   9   7   4   0 
0.000668
11   1   4 
0.069231
1  5 
0.082287
2  5 
0.691488
3  6  5 
0.037679
4  1  5 
0.028356
4  6  5 
0.012152
6  5 
0.053445
7  4  1  5  0 
0.070522
7  4  6  5  0 
0.030221
7  9  3  6  5 
0.011632
8  2  5  0 
0.128221
8  11   1   5 
0.048771
9  3  6  5 
0.010214
10   3   6   5   0 
0.030274
10   9   3   6   5 
0.003714
11   1   5 
0.231256
1  4  6 
0.025482
1  5  6 
0.073196
2  5  6 
0.225904
3  6 
0.019096
4  6 
0.017299
5  6 
0.053243
7  4  6  0 
0.012375
7  9  3  6 
0.006761
8  2  5  6  0 
0.021256
8  11   1   4   6 
0.010900
8  11   1   5   6 
0.010900
9  3  6 
0.004170
10   3   6   0 
0.018673
10   9   3   6 
0.002291
11   1   4   6 
0.033628
11   1   5   6 
0.071342
1  4  7 
0.102278
2  5  1  4  7  0  0 
0.212130
2  5  6  3  9  7  0 
0.074372
2   5   6   3  10   9   7 
0.049060
2  5  6  4  7  0  0 
0.419530
2   8  11   1   4   7   0 
0.016755
3  9  7  0 
0.009940
3  10   9   7 
0.006557
4  7 
0.082927
5  1  4  7  0  0 
0.053199
5  6  3  9  7  0 
0.018652
5   6   3  10   9   7 
0.012304
5  6  4  7  0  0 
0.105212
6  3  9  7  0 
0.004612
6   3  10   9   7 
0.003042
6  4  7  0  0 
0.026017
8  11   1   4   7 
0.283177
9  7 
0.013356
10   9   7 
0.100899
11   1   4   7 
0.278576
1  5  2  8 
0.052159
1  11   8   0 
0.204442
2  8 
0.334568
3  6  5  2  8 
0.081233
4  1  5  2  8 
0.038663
4   1  11   8   0 
0.119410
4  6  5  2  8 
0.010402
5  2  8 
0.396549
6  5  2  8 
0.103576
7  4  1  5  2  8 
0.071512
7   4   1  11   8   0 
0.154128
7  4  6  5  2  8 
0.019239
9  3  6  5  2  8  0 
0.001664
9  7  4  1  5  2  8 
0.007618
9   7   4   1  11   8   0 
0.007618
9  7  4  6  5  2  8 
0.005025
10   3   6   5   2   8   0   0 
0.038030
10   9   3   6   5   2   8   0 
0.006809
10   9   7   4   1   5   2   8 
0.026024
10   9   7   4   1  11   8   0 
0.026024
10   9   7   4   6   5   2   8 
0.020561
11   8 
0.374317
1   4   6   3  10   9 
0.002315
1  4  6  3  9  0 
0.002315
1  4  7  9  0  0 
0.004099
2   5   1   4   6   3  10   9 
0.004247
2  5  1  4  6  3  9  0 
0.004247
2  5  1  4  7  9  0  0 
0.006645
2   5   6   3  10   9   0   0 
0.007231
2  5  6  3  9  0  0  0 
0.010534
3  10   9 
0.007147
3  9  0 
0.010834
4   6   3  10   9 
0.000748
4  6  3  9  0 
0.000748
4  7  9  0  0 
0.001325
5   1   4   6   3  10   9 
0.002565
5  1  4  6  3  9  0 
0.002565
5  1  4  7  9  0  0 
0.004013
5   6   3  10   9   0   0 
0.004368
5  6  3  9  0  0  0 
0.006363
6   3  10   9 
0.001042
6  3  9  0 
0.001579
7  9 
0.030727
8   2   5   1   4   6   3  10   9 
0.007257
8  2  5  1  4  6  3  9  0 
0.007257
8  2  5  1  4  7  9  0  0 
0.011354
8   2   5   6   3  10   9   0   0 
0.012357
8  2  5  6  3  9  0  0  0 
0.014413
8  11   1   4   6   3  10   9   0 
0.003242
8  11   1   4   6   3   9   0   0 
0.003242
8  11   1   4   7   9   0   0   0 
0.003242
10   9 
0.013492
11   1   4   6   3  10   9 
0.002634
11   1   4   6   3   9   0 
0.002634
11   1   4   7   9   0   0 
0.002634
1   4   6   3   9  10 
0.011850
1   4   6   3  10   0 
0.011850
1   4   7   9  10   0 
0.008316
1   5   6   3   9  10 
0.030524
1   5   6   3  10   0 
0.030524
2   5   6   3   9  10 
0.113996
2   5   6   3  10   0 
0.314142
3   9  10 
0.004073
3  10   0 
0.012976
4   6   3   9  10 
0.003149
4   6   3  10   0 
0.003149
4   7   9  10   0 
0.002210
5   6   3   9  10 
0.012326
5   6   3  10   0 
0.039269
6   3   9  10 
0.003965
6   3  10   0 
0.012633
7   9  10 
0.076006
8   2   5   6   3   9  10   0 
0.022872
8   2   5   6   3  10   0   0 
0.022872
8  11   1   4   6   3   9  10 
0.013854
8  11   1   4   6   3  10   0 
0.013854
8  11   1   4   7   9  10   0 
0.011121
8  11   1   5   6   3   9  10 
0.013854
8  11   1   5   6   3  10   0 
0.013854
9  10 
0.021924
11   1   4   6   3   9  10 
0.008962
11   1   4   6   3  10   0 
0.008962
11   1   4   7   9  10   0 
0.006290
11   1   5   6   3   9  10 
0.019546
11   1   5   6   3  10   0 
0.019546
1  11 
0.582488
2   8  11 
0.339145
3   6   4   1  11   0 
0.087175
3   6   5   1  11   0 
0.062662
3   6   5   2   8  11 
0.016265
4   1  11 
0.054709
5   1  11   0 
0.289914
5   2   8  11 
0.028681
6   4   1  11   0 
0.048416
6   5   1  11   0 
0.034801
6   5   2   8  11 
0.009034
7   4   1  11 
0.323418
8  11 
0.715088
9   3   6   4   1  11   0 
0.005232
9   3   6   5   1  11   0 
0.005232
9   3   6   5   2   8  11 
0.005232
9   7   4   1  11   0   0 
0.002606
10   3   6   4   1  11   0   0 
0.046581
10   3   6   5   1  11   0   0 
0.046581
10   3   6   5   2   8  11   0 
0.017146
10   9   3   6   4   1  11   0 
0.008561
10   9   3   6   5   1  11   0 
0.008561
10   9   3   6   5   2   8  11 
0.008561
10   9   7   4   1  11   0   0 
0.005222
