2  5  1 
0.091155
3  6  4  1 
0.021183
3  6  5  1 
0.009849
4  1 
0.081390
5  1 
0.105147
6  4  1 
0.029852
6  5  1 
0.013217
7  4  1 
0.104952
8  2  5  1 
0.031863
8  11   1   0 
0.071966
9  3  6  4  1 
0.008424
9  3  6  5  1 
0.008424
9  7  4  1  0 
0.005962
10   3   6   4   1   0 
0.012673
10   3   6   5   1   0 
0.012673
10   9   3   6   4   1 
0.006855
10   9   3   6   5   1 
0.006855
10   9   7   4   1   0 
0.006855
11   1 
0.354885
1  5  2  0 
0.056902
1  11   8   2 
0.056902
3  6  5  2 
0.081209
4  1  5  2  0 
0.012529
4   1  11   8   2 
0.012529
4  6  5  2  0 
0.003772
5  2 
0.144104
6  5  2 
0.048601
7  4  1  5  2  0 
0.064531
7   4   1  11   8   2 
0.064531
7  4  6  5  2  0 
0.019428
7  9  3  6  5  2 
0.008841
8  2 
0.017823
9  3  6  5  2 
0.012145
10   3   6   5   2   0 
0.030927
10   9   3   6   5   2 
0.009796
11   8   2 
0.096306
1  4  6  3  0 
0.011927
1  4  7  9  3 
0.006542
1  5  6  3  0 
0.015152
2  5  6  3 
0.190752
4  6  3  0 
0.018853
4  7  9  3 
0.010340
5  6  3 
0.044157
6  3 
0.063531
7  9  3 
0.143297
8  2  5  6  3  0  0 
0.007212
8  11   1   4   6   3   0 
0.013467
8  11   1   4   7   9   3 
0.013467
8  11   1   5   6   3   0 
0.013467
9  3 
0.091287
10   9   3 
0.020000
10   3   0 
0.063142
11   1   4   6   3   0 
0.032078
11   1   4   7   9   3 
0.017594
11   1   5   6   3   0 
0.040752
1  4 
0.019534
2  5  1  4 
0.042535
2  5  6  4 
0.096071
3  6  4  0 
0.014319
3  9  7  4 
0.001212
5  1  4 
0.013796
5  6  4 
0.031160
6  4 
0.015978
7  4 
0.527668
8  2  5  1  4 
0.019600
8  2  5  6  4 
0.019600
8  11   1   4   0 
0.013585
9  7  4 
0.024186
10   3   6   4   0 
0.022057
10   3   9   7   4 
0.002824
10   9   7   4   0 
0.006577
11   1   4 
0.028115
1  5 
0.076167
2  5 
0.598791
3  6  5 
0.040046
4  1  5 
0.026298
4  6  5 
0.014729
6  5 
0.063516
7  4  1  5  0 
0.071361
7  4  6  5  0 
0.039970
7  9  3  6  5 
0.015815
8  2  5  0 
0.057555
8  11   1   5 
0.057555
9  3  6  5 
0.032733
10   3   6   5   0 
0.050007
10   9   3   6   5 
0.015840
11   1   5 
0.176454
1  4  6 
0.008397
1  5  6 
0.014992
2  5  6 
0.199646
3  6 
0.051005
4  6 
0.020609
5  6 
0.063667
7  4  6  0 
0.042504
7  9  3  6 
0.023312
8  2  5  6  0 
0.017375
8  11   1   4   6 
0.027106
8  11   1   5   6 
0.027106
9  3  6 
0.004339
10   3   6   0 
0.018496
10   9   3   6 
0.005859
11   1   4   6 
0.019925
11   1   5   6 
0.035574
1  4  7 
0.084353
2  5  1  4  7  0 
0.168261
2  5  6  3  9  7 
0.035130
2  5  6  4  7  0 
0.412200
3  9  7 
0.039373
4  7 
0.116326
5  1  4  7  0 
0.084227
5  6  3  9  7 
0.017585
5  6  4  7  0 
0.206337
6  3  9  7 
0.005703
6  4  7  0 
0.067381
8  2  5  1  4  7  0 
0.105608
8  2  5  6  3  9  7 
0.037160
8  2  5  6  4  7  0 
0.105608
8  11   1   4   7   0   0 
0.069143
9  7 
0.053655
10   3   9   7 
0.038374
10   9   7   0 
0.146649
11   1   4   7 
0.364156
1  5  2  8 
0.027654
1  11   8   0 
0.149217
2  8 
0.360390
3  6  5  2  8 
0.117021
4  1  5  2  8 
0.032818
4   1  11   8   0 
0.167730
4  6  5  2  8 
0.014689
5  2  8 
0.314522
6  5  2  8 
0.168561
7  4  1  5  2  8 
0.076972
7   4   1  11   8   0 
0.307496
7  4  6  5  2  8 
0.034451
9  3  6  5  2  8  0 
0.002505
9  7  4  1  5  2  8 
0.017789
9   7   4   1  11   8   0 
0.017789
9  7  4  6  5  2  8 
0.008367
10   3   6   5   2   8   0   0 
0.017608
10   9   3   6   5   2   8   0 
0.008093
10   9   7   4   1   5   2   8 
0.045193
10   9   7   4   1  11   8   0 
0.045193
10   9   7   4   6   5   2   8 
0.027035
11   8 
0.388525
1  4  6  3  9 
0.000548
1  4  7  9  0 
0.003627
2  5  1  4  6  3  9 
0.004335
2  5  1  4  7  9  0 
0.014873
2  5  6  3  9  0  0 
0.007873
3  9 
0.036296
4  6  3  9 
0.000862
4  7  9  0 
0.005702
5  1  4  6  3  9 
0.001960
5  1  4  7  9  0 
0.006726
5  6  3  9  0  0 
0.003561
6  3  9 
0.005265
7  9 
0.041101
8  2  5  1  4  6  3  9 
0.002471
8  2  5  1  4  7  9  0 
0.002471
8  2  5  6  3  9  0  0 
0.002471
8  11   1   4   6   3   9   0 
0.003599
8  11   1   4   7   9   0   0 
0.003649
10   3   9 
0.002268
10   9   0 
0.008666
11   1   4   6   3   9 
0.004217
11   1   4   7   9   0 
0.012400
1   4   6   3   9  10 
0.014654
1   4   6   3  10   0 
0.014654
1   4   7   9  10   0 
0.020112
1   5   6   3   9  10 
0.023203
1   5   6   3  10   0 
0.023203
2   5   6   3   9  10 
0.080234
2   5   6   3  10   0 
0.225761
3   9  10 
0.005597
3  10   0 
0.021388
4   6   3   9  10 
0.004410
4   6   3  10   0 
0.004410
4   7   9  10   0 
0.006053
5   6   3   9  10 
0.008743
5   6   3  10   0 
0.033414
6   3   9  10 
0.005326
6   3  10   0 
0.020352
7   9  10 
0.131122
8   2   5   6   3   9  10   0 
0.007011
8   2   5   6   3  10   0   0 
0.007011
8  11   1   4   6   3   9  10 
0.014157
8  11   1   4   6   3  10   0 
0.014157
8  11   1   4   7   9  10   0 
0.016328
8  11   1   5   6   3   9  10 
0.016328
8  11   1   5   6   3  10   0 
0.016328
9  10 
0.033122
11   1   4   6   3   9  10 
0.006811
11   1   4   6   3  10   0 
0.006811
11   1   4   7   9  10   0 
0.009348
11   1   5   6   3   9  10 
0.010784
11   1   5   6   3  10   0 
0.010784
1  11 
0.556817
2   8  11 
0.385051
3   6   4   1  11   0 
0.103968
3   6   5   1  11   0 
0.065300
3   6   5   2   8  11 
0.048875
4   1  11 
0.121887
5   1  11   0 
0.190582
5   2   8  11 
0.079774
6   4   1  11   0 
0.033256
6   5   1  11   0 
0.020887
6   5   2   8  11 
0.015634
7   4   1  11 
0.394395
8  11 
1.036598
9   3   6   4   1  11   0 
0.009609
9   3   6   5   1  11   0 
0.009609
9   3   6   5   2   8  11 
0.009609
9   7   4   1  11   0   0 
0.006027
10   3   6   4   1  11   0   0 
0.034848
10   3   6   5   1  11   0   0 
0.034848
10   3   6   5   2   8  11   0 
0.034848
10   9   3   6   4   1  11   0 
0.017737
10   9   3   6   5   1  11   0 
0.017737
10   9   3   6   5   2   8  11 
0.017737
10   9   7   4   1  11   0   0 
0.011124
