2  5  1 
0.106958
3  6  4  1 
0.014272
3  6  5  1 
0.014272
4  1 
0.074058
5  1 
0.100417
6  4  1 
0.011137
6  5  1 
0.011137
7  4  1 
0.110793
8  11   1 
0.083568
9  7  4  1 
0.018078
10   3   6   4   1 
0.013404
10   3   6   5   1 
0.013404
10   9   7   4   1 
0.013404
11   1 
0.433868
1  5  2 
0.105018
3  6  5  2 
0.085867
4  1  5  2 
0.016959
4  6  5  2 
0.016959
5  2 
0.149935
6  5  2 
0.068835
7  4  1  5  2 
0.080248
7  4  6  5  2 
0.080248
8  2 
0.039442
9  3  6  5  2 
0.012847
10   3   6   5   2 
0.042331
11   8   2 
0.103470
1  4  6  3 
0.022336
1  5  6  3 
0.022336
2  5  6  3 
0.228851
4  6  3 
0.030424
5  6  3 
0.045590
6  3 
0.058489
7  9  3 
0.120681
8  2  5  6  3 
0.057703
9  3 
0.086750
10   3 
0.088905
11   1   4   6   3 
0.063501
11   1   5   6   3 
0.063501
1  4 
0.042411
2  5  1  4 
0.071126
2  5  6  4 
0.071126
3  6  4 
0.013945
5  1  4 
0.018171
5  6  4 
0.018171
6  4 
0.024101
7  4 
0.516517
8  11   1   4 
0.020628
9  7  4 
0.016291
10   3   6   4 
0.016016
10   9   7   4 
0.016016
11   1   4 
0.025022
1  5 
0.068376
2  5 
0.544955
3  6  5 
0.045525
4  1  5 
0.020185
4  6  5 
0.020185
6  5 
0.066347
7  4  1  5 
0.044897
7  4  6  5 
0.044897
8  2  5 
0.119282
9  3  6  5 
0.027591
10   3   6   5 
0.049055
11   1   5 
0.192273
1  4  6 
0.011613
1  5  6 
0.011613
2  5  6 
0.231785
3  6 
0.052600
4  6 
0.021552
5  6 
0.059473
7  4  6 
0.069812
8  2  5  6 
0.068497
9  3  6 
0.007386
10   3   6 
0.022078
11   1   4   6 
0.032501
11   1   5   6 
0.032501
1  4  7 
0.075888
2  5  1  4  7 
0.348779
2  5  6  4  7 
0.348779
3  9  7 
0.048029
4  7 
0.310322
5  1  4  7 
0.135393
5  6  4  7 
0.135393
6  4  7 
0.092266
8  11   1   4   7 
0.325000
9  7 
0.031018
10   9   7 
0.178642
11   1   4   7 
0.350389
1  11   8 
0.168636
2  8 
0.348772
3  6  5  2  8 
0.108917
4   1  11   8 
0.194282
5  2  8 
0.281705
6  5  2  8 
0.150979
7   4   1  11   8 
0.433742
9  3  6  5  2  8 
0.031185
9   7   4   1  11   8 
0.031185
10   3   6   5   2   8 
0.155929
11   8 
0.350571
1  4  7  9 
0.004502
2  5  6  3  9 
0.034064
3  9 
0.075657
4  7  9 
0.008829
5  6  3  9 
0.013652
6  3  9 
0.006441
7  9 
0.072205
8  2  5  6  3  9 
0.005036
8  11   1   4   7   9 
0.005036
10   9 
0.009270
11   1   4   7   9 
0.014855
1   4   6   3  10 
0.023707
1   4   7   9  10 
0.023707
1   5   6   3  10 
0.039190
2   5   6   3  10 
0.329248
3  10 
0.033593
4   6   3  10 
0.007146
4   7   9  10 
0.007146
5   6   3  10 
0.035306
6   3  10 
0.026616
7   9  10 
0.142114
8   2   5   6   3  10 
0.082603
9  10 
0.026716
11   1   4   6   3  10 
0.015485
11   1   4   7   9  10 
0.015485
11   1   5   6   3  10 
0.018648
1  11 
0.673658
2   8  11 
0.402548
3   6   4   1  11 
0.094465
3   6   5   1  11 
0.094465
4   1  11 
0.331982
5   1  11 
0.244740
6   4   1  11 
0.054297
6   5   1  11 
0.054297
7   4   1  11 
0.374669
8  11 
0.892394
9   7   4   1  11 
0.035263
10   3   6   4   1  11 
0.084324
10   3   6   5   1  11 
0.084324
10   9   7   4   1  11 
0.084324
