2 1 0.259861 0.138716 * 2  5  1  0 
2 1 0.363305 0.029543 * 2   8  11   1 
3 1 0.338082 0.012610 * 3  6  4  1 
3 1 0.358659 0.028735 * 3  6  5  1 
4 1 0.120772 0.074479 * 4  1 
5 1 0.124648 0.166190 * 5  1 
6 1 0.225050 0.017336 * 6  4  1 
6 1 0.245627 0.048048 * 6  5  1 
7 1 0.238888 0.104444 * 7  4  1 
8 1 0.242495 0.079345 * 8  11   1 
9 1 0.441394 0.008702 * 9  3  6  4  1 
9 1 0.461971 0.008702 * 9  3  6  5  1 
9 1 0.342567 0.010429 * 9  7  4  1  0 
10 1 0.444281 0.015205 * 10   3   6   4   1   0 
10 1 0.464858 0.015205 * 10   3   6   5   1   0 
10 1 0.543665 0.009026 * 10   9   3   6   4   1 
10 1 0.564242 0.009026 * 10   9   3   6   5   1 
10 1 0.444838 0.009026 * 10   9   7   4   1   0 
11 1 0.120153 0.385725 * 11   1 
1 2 0.222814 0.117267 * 1  5  2 
3 2 0.351592 0.075758 * 3  6  5  2 
4 2 0.343586 0.017280 * 4  1  5  2 
4 2 0.348302 0.059357 * 4  6  5  2 
5 2 0.117580 0.159125 * 5  2 
6 2 0.238560 0.065826 * 6  5  2 
7 2 0.461702 0.034416 * 7  4  1  5  2  0 
7 2 0.466419 0.093837 * 7  4  6  5  2  0 
7 2 0.558539 0.019624 * 7  9  3  6  5  2 
8 2 0.106990 0.053036 * 8  2 
9 2 0.454903 0.029309 * 9  3  6  5  2 
10 2 0.457791 0.030515 * 10   3   6   5   2   0 
10 2 0.557174 0.008239 * 10   9   3   6   5   2 
11 2 0.342967 0.027142 * 11   1   5   2 
11 2 0.223388 0.093233 * 11   8   2   0 
1 3 0.351787 0.023652 * 1  4  6  3  0 
1 3 0.459640 0.006386 * 1  4  7  9  3 
1 3 0.338831 0.005798 * 1  5  6  3  0 
2 3 0.368811 0.172913 * 2  5  6  3 
4 3 0.224666 0.030308 * 4  6  3  0 
4 3 0.332519 0.008183 * 4  7  9  3 
5 3 0.233598 0.049554 * 5  6  3 
6 3 0.114924 0.061186 * 6  3 
7 3 0.206947 0.136823 * 7  9  3 
8 3 0.475801 0.024406 * 8  2  5  6  3  0  0 
8 3 0.594282 0.038100 * 8  11   1   4   6   3   0 
8 3 0.702135 0.027960 * 8  11   1   4   7   9   3 
8 3 0.581326 0.025386 * 8  11   1   5   6   3   0 
9 3 0.103311 0.062818 * 9  3 
10 3 0.205583 0.016080 * 10   9   3 
10 3 0.106199 0.059553 * 10   3   0 
11 3 0.471940 0.096269 * 11   1   4   6   3   0 
11 3 0.579793 0.025993 * 11   1   4   7   9   3 
11 3 0.458985 0.023600 * 11   1   5   6   3   0 
1 4 0.127121 0.032228 * 1  4 
2 4 0.386982 0.136868 * 2  5  1  4 
2 4 0.358165 0.049384 * 2  5  6  4 
3 4 0.217310 0.027979 * 3  6  4 
5 4 0.251768 0.040611 * 5  1  4 
5 4 0.222952 0.014653 * 5  6  4 
6 4 0.104278 0.025457 * 6  4 
7 4 0.118116 0.127395 * 7  4 
8 4 0.493972 0.014120 * 8  2  5  1  4 
8 4 0.465155 0.014120 * 8  2  5  6  4 
8 4 0.369615 0.010376 * 8  11   1   4   0 
9 4 0.320622 0.004824 * 9  3  6  4 
9 4 0.221795 0.021806 * 9  7  4  0 
10 4 0.323509 0.010910 * 10   3   6   4   0 
10 4 0.422893 0.006804 * 10   9   3   6   4 
10 4 0.324066 0.016262 * 10   9   7   4   0 
11 4 0.247274 0.039923 * 11   1   4 
1 5 0.105234 0.111087 * 1  5 
2 5 0.135213 0.543877 * 2  5 
3 5 0.234012 0.042312 * 3  6  5 
4 5 0.226006 0.010307 * 4  1  5 
4 5 0.230722 0.035404 * 4  6  5 
6 5 0.120980 0.120743 * 6  5 
7 5 0.344122 0.024287 * 7  4  1  5  0 
7 5 0.348839 0.071976 * 7  4  6  5  0 
7 5 0.440959 0.015052 * 7  9  3  6  5 
8 5 0.242203 0.159237 * 8  2  5  0 
8 5 0.347729 0.046356 * 8  11   1   5 
9 5 0.337323 0.043726 * 9  3  6  5 
10 5 0.340211 0.047044 * 10   3   6   5   0 
10 5 0.439594 0.012702 * 10   9   3   6   5 
11 5 0.225387 0.156678 * 11   1   5 
1 6 0.236863 0.040399 * 1  4  6 
1 6 0.223908 0.011761 * 1  5  6 
2 6 0.253887 0.227789 * 2  5  6 
3 6 0.113032 0.058833 * 3  6 
4 6 0.109743 0.023924 * 4  6 
5 6 0.118674 0.093298 * 5  6 
7 6 0.227859 0.040019 * 7  4  6  0 
7 6 0.319979 0.010805 * 7  9  3  6 
8 6 0.360877 0.016678 * 8  2  5  6  0 
8 6 0.479358 0.021534 * 8  11   1   4   6 
8 6 0.466402 0.021534 * 8  11   1   5   6 
9 6 0.216343 0.007384 * 9  3  6 
10 6 0.219231 0.010664 * 10   3   6   0 
10 6 0.318615 0.002879 * 10   9   3   6 
11 6 0.357017 0.047813 * 11   1   4   6 
11 6 0.344061 0.016518 * 11   1   5   6 
1 7 0.252693 0.183144 * 1  4  7 
2 7 0.512554 0.358848 * 2  5  1  4  7  0 
2 7 0.574544 0.038511 * 2  5  6  3  9  7 
2 7 0.483738 0.160409 * 2  5  6  4  7  0 
3 7 0.205733 0.059841 * 3  9  7 
4 7 0.125572 0.258105 * 4  7 
5 7 0.377341 0.160801 * 5  1  4  7  0 
5 7 0.439330 0.017257 * 5  6  3  9  7 
5 7 0.348524 0.071880 * 5  6  4  7  0 
6 7 0.320656 0.014545 * 6  3  9  7 
6 7 0.229850 0.060888 * 6  4  7  0 
8 7 0.619544 0.103459 * 8  2  5  1  4  7  0 
8 7 0.681533 0.040533 * 8  2  5  6  3  9  7 
8 7 0.590727 0.103459 * 8  2  5  6  4  7  0 
8 7 0.495188 0.071498 * 8  11   1   4   7   0   0 
9 7 0.103679 0.019467 * 9  7 
10 7 0.311932 0.026278 * 10   3   9   7 
10 7 0.205950 0.134257 * 10   9   7   0 
11 7 0.372846 0.351230 * 11   1   4   7 
1 8 0.343625 0.013466 * 1  5  2  8 
1 8 0.257540 0.217193 * 1  11   8   0 
2 8 0.120811 0.457785 * 2  8 
3 8 0.472403 0.099906 * 3  6  5  2  8 
4 8 0.464397 0.014085 * 4  1  5  2  8 
4 8 0.378313 0.176859 * 4   1  11   8   0 
4 8 0.469113 0.035467 * 4  6  5  2  8 
5 8 0.238391 0.361080 * 5  2  8 
6 8 0.359371 0.153106 * 6  5  2  8 
7 8 0.582513 0.029028 * 7  4  1  5  2  8 
7 8 0.496429 0.307282 * 7   4   1  11   8   0 
7 8 0.587229 0.073094 * 7  4  6  5  2  8 
9 8 0.575714 0.001656 * 9  3  6  5  2  8  0 
9 8 0.686192 0.006548 * 9  7  4  1  5  2  8 
9 8 0.600108 0.016167 * 9   7   4   1  11   8   0 
9 8 0.690908 0.016167 * 9  7  4  6  5  2  8 
10 8 0.578601 0.014929 * 10   3   6   5   2   8   0   0 
10 8 0.677985 0.005720 * 10   9   3   6   5   2   8   0 
10 8 0.788463 0.022619 * 10   9   7   4   1   5   2   8 
10 8 0.702379 0.043388 * 10   9   7   4   1  11   8   0 
10 8 0.793179 0.043388 * 10   9   7   4   6   5   2   8 
11 8 0.116398 0.421794 * 11   8 
1 9 0.453841 0.000830 * 1  4  6  3  9 
1 9 0.356329 0.004240 * 1  4  7  9  0 
1 9 0.440886 0.000202 * 1  5  6  3  9 
2 9 0.470865 0.031898 * 2  5  6  3  9 
3 9 0.102054 0.078299 * 3  9 
4 9 0.326720 0.001094 * 4  6  3  9 
4 9 0.229208 0.005591 * 4  7  9  0 
5 9 0.335652 0.017653 * 5  6  3  9 
6 9 0.216978 0.007959 * 6  3  9 
7 9 0.103636 0.032317 * 7  9 
8 9 0.577855 0.001883 * 8  2  5  6  3  9  0 
8 9 0.696336 0.004708 * 8  11   1   4   6   3   9 
8 9 0.598823 0.012052 * 8  11   1   4   7   9   0 
8 9 0.683380 0.001146 * 8  11   1   5   6   3   9 
10 9 0.208253 0.004599 * 10   3   9 
10 9 0.102271 0.023495 * 10   9   0 
11 9 0.573994 0.002308 * 11   1   4   6   3   9 
11 9 0.476482 0.010532 * 11   1   4   7   9   0 
11 9 0.561039 0.000562 * 11   1   5   6   3   9 
1 10 0.555647 0.021067 * 1   4   6   3   9  10 
1 10 0.458652 0.026805 * 1   4   6   3  10   0 
1 10 0.458135 0.022417 * 1   4   7   9  10   0 
1 10 0.542691 0.007017 * 1   5   6   3   9  10 
1 10 0.445696 0.007017 * 1   5   6   3  10   0 
2 10 0.572671 0.059411 * 2   5   6   3   9  10 
2 10 0.475676 0.173279 * 2   5   6   3  10   0 
3 10 0.203860 0.004431 * 3   9  10 
3 10 0.106865 0.022640 * 3  10   0 
4 10 0.428526 0.006338 * 4   6   3   9  10 
4 10 0.331531 0.008064 * 4   6   3  10   0 
4 10 0.331014 0.006744 * 4   7   9  10   0 
5 10 0.437457 0.015623 * 5   6   3   9  10 
5 10 0.340462 0.064741 * 5   6   3  10   0 
6 10 0.318784 0.005759 * 6   3   9  10 
6 10 0.221789 0.029425 * 6   3  10   0 
7 10 0.205442 0.141050 * 7   9  10 
8 10 0.679661 0.008834 * 8   2   5   6   3   9  10   0 
8 10 0.582666 0.008834 * 8   2   5   6   3  10   0   0 
8 10 0.798142 0.018793 * 8  11   1   4   6   3   9  10 
8 10 0.701147 0.018793 * 8  11   1   4   6   3  10   0 
8 10 0.700629 0.018793 * 8  11   1   4   7   9  10   0 
8 10 0.785186 0.008987 * 8  11   1   5   6   3   9  10 
8 10 0.688191 0.008987 * 8  11   1   5   6   3  10   0 
9 10 0.101806 0.035511 * 9  10 
11 10 0.675800 0.017950 * 11   1   4   6   3   9  10 
11 10 0.578805 0.022839 * 11   1   4   6   3  10   0 
11 10 0.578288 0.019101 * 11   1   4   7   9  10   0 
11 10 0.662844 0.005979 * 11   1   5   6   3   9  10 
11 10 0.565849 0.005979 * 11   1   5   6   3  10   0 
1 11 0.141143 0.643734 * 1  11 
2 11 0.243152 0.480190 * 2   8  11 
3 11 0.479225 0.033514 * 3   6   4   1  11   0 
3 11 0.499802 0.108052 * 3   6   5   1  11   0 
3 11 0.594744 0.035279 * 3   6   5   2   8  11 
4 11 0.261915 0.102834 * 4   1  11 
5 11 0.265790 0.242345 * 5   1  11   0 
5 11 0.360732 0.051613 * 5   2   8  11 
6 11 0.366193 0.023452 * 6   4   1  11   0 
6 11 0.386770 0.078839 * 6   5   1  11   0 
6 11 0.481712 0.024687 * 6   5   2   8  11 
7 11 0.380031 0.469771 * 7   4   1  11 
8 11 0.122342 0.897893 * 8  11 
9 11 0.582536 0.006753 * 9   3   6   4   1  11   0 
9 11 0.603113 0.006753 * 9   3   6   5   1  11   0 
9 11 0.698056 0.006753 * 9   3   6   5   2   8  11 
9 11 0.483710 0.006999 * 9   7   4   1  11   0   0 
10 11 0.585424 0.041091 * 10   3   6   4   1  11   0   0 
10 11 0.606001 0.049170 * 10   3   6   5   1  11   0   0 
10 11 0.700943 0.043255 * 10   3   6   5   2   8  11   0 
10 11 0.684808 0.018204 * 10   9   3   6   4   1  11   0 
10 11 0.705385 0.018204 * 10   9   3   6   5   1  11   0 
10 11 0.800327 0.018204 * 10   9   3   6   5   2   8  11 
10 11 0.585981 0.018866 * 10   9   7   4   1  11   0   0 
