2  5  1 
0.081463
3  6  4  1 
0.017386
3  6  5  1 
0.017386
4  1 
0.026697
5  1 
0.073180
6  4  1 
0.010208
6  5  1 
0.010208
7  4  1 
0.105870
8  11   1 
0.056102
9  7  4  1 
0.016075
10   3   6   4   1 
0.016099
10   3   6   5   1 
0.016099
10   9   7   4   1 
0.016099
11   1 
0.384320
1  5  2 
0.071829
3  6  5  2 
0.096619
4  1  5  2 
0.013822
4  6  5  2 
0.013822
5  2 
0.145270
6  5  2 
0.053622
7  4  1  5  2 
0.046173
7  4  6  5  2 
0.046173
8  2 
0.033560
9  3  6  5  2 
0.011916
10   3   6   5   2 
0.039844
11   8   2 
0.028689
1  4  6  3 
0.016880
1  5  6  3 
0.016880
2  5  6  3 
0.283558
4  6  3 
0.039506
5  6  3 
0.038975
6  3 
0.109791
7  9  3 
0.111162
8  2  5  6  3 
0.028015
9  3 
0.082086
10   3 
0.075469
11   1   4   6   3 
0.036953
11   1   5   6   3 
0.036953
1  4 
0.016002
2  5  1  4 
0.105804
2  5  6  4 
0.105804
3  6  4 
0.026314
5  1  4 
0.019233
5  6  4 
0.019233
6  4 
0.017808
7  4 
0.573237
8  11   1   4 
0.029265
9  7  4 
0.015392
10   3   6   4 
0.015667
10   9   7   4 
0.015667
11   1   4 
0.025240
1  5 
0.056386
2  5 
0.518418
3  6  5 
0.118240
4  1  5 
0.018943
4  6  5 
0.018943
6  5 
0.050730
7  4  1  5 
0.041389
7  4  6  5 
0.041389
8  2  5 
0.105183
9  3  6  5 
0.038386
10   3   6   5 
0.068428
11   1   5 
0.175822
1  4  6 
0.009626
1  5  6 
0.009626
2  5  6 
0.198892
3  6 
0.037186
4  6 
0.019290
5  6 
0.064749
7  4  6 
0.037893
8  2  5  6 
0.059169
9  3  6 
0.008040
10   3   6 
0.028765
11   1   4   6 
0.031888
11   1   5   6 
0.031888
1  4  7 
0.064542
2  5  1  4  7 
0.346792
2  5  6  4  7 
0.346792
3  9  7 
0.051130
4  7 
0.056036
5  1  4  7 
0.116217
5  6  4  7 
0.116217
6  4  7 
0.062184
8  11   1   4   7 
0.335648
9  7 
0.042839
10   9   7 
0.152668
11   1   4   7 
0.312423
1  11   8 
0.181796
2  8 
0.370426
3  6  5  2  8 
0.135198
4   1  11   8 
0.193706
5  2  8 
0.287748
6  5  2  8 
0.125555
7   4   1  11   8 
0.416885
9  3  6  5  2  8 
0.021970
9   7   4   1  11   8 
0.021970
10   3   6   5   2   8 
0.157085
11   8 
0.357260
1  4  7  9 
0.004840
2  5  6  3  9 
0.037458
3  9 
0.067811
4  7  9 
0.006979
5  6  3  9 
0.012804
6  3  9 
0.002410
7  9 
0.060461
8  2  5  6  3  9 
0.006768
8  11   1   4   7   9 
0.006768
10   9 
0.027799
11   1   4   7   9 
0.015072
1   4   6   3  10 
0.011059
1   4   7   9  10 
0.011059
1   5   6   3  10 
0.017765
2   5   6   3  10 
0.372308
3  10 
0.024752
4   6   3  10 
0.005755
4   7   9  10 
0.005755
5   6   3  10 
0.027536
6   3  10 
0.017927
7   9  10 
0.123308
8   2   5   6   3  10 
0.104536
9  10 
0.020518
11   1   4   6   3  10 
0.014991
11   1   4   7   9  10 
0.014991
11   1   5   6   3  10 
0.024082
1  11 
0.746523
2   8  11 
0.379589
3   6   4   1  11 
0.110267
3   6   5   1  11 
0.110267
4   1  11 
0.082311
5   1  11 
0.215482
6   4   1  11 
0.040307
6   5   1  11 
0.040307
7   4   1  11 
0.347711
8  11 
0.797544
9   7   4   1  11 
0.021784
10   3   6   4   1  11 
0.055923
10   3   6   5   1  11 
0.055923
10   9   7   4   1  11 
0.055923
