2 1 2 0.062757 * 2  5  1 
3 1 3 0.006425 * 3  6  4  1 
3 1 3 0.006425 * 3  6  5  1 
4 1 1 0.063144 * 4  1 
5 1 1 0.072758 * 5  1 
6 1 2 0.010768 * 6  4  1 
6 1 2 0.010768 * 6  5  1 
7 1 2 0.091491 * 7  4  1 
8 1 2 0.081563 * 8  11   1 
9 1 3 0.016751 * 9  7  4  1 
10 1 4 0.019889 * 10   3   6   4   1 
10 1 4 0.019889 * 10   3   6   5   1 
10 1 4 0.019889 * 10   9   7   4   1 
11 1 1 0.415181 * 11   1 
1 2 2 0.057098 * 1  5  2 
3 2 3 0.086096 * 3  6  5  2 
4 2 3 0.010294 * 4  1  5  2 
4 2 3 0.010294 * 4  6  5  2 
5 2 1 0.150662 * 5  2 
6 2 2 0.049751 * 6  5  2 
7 2 4 0.051597 * 7  4  1  5  2 
7 2 4 0.051597 * 7  4  6  5  2 
8 2 1 0.032276 * 8  2 
9 2 4 0.014089 * 9  3  6  5  2 
10 2 4 0.043367 * 10   3   6   5   2 
11 2 2 0.027067 * 11   8   2 
1 3 3 0.018696 * 1  4  6  3 
1 3 3 0.018696 * 1  5  6  3 
2 3 3 0.233991 * 2  5  6  3 
4 3 2 0.026865 * 4  6  3 
5 3 2 0.031913 * 5  6  3 
6 3 1 0.083784 * 6  3 
7 3 2 0.063487 * 7  9  3 
8 3 4 0.063885 * 8  2  5  6  3 
9 3 1 0.071053 * 9  3 
10 3 1 0.098285 * 10   3 
11 3 4 0.036885 * 11   1   4   6   3 
11 3 4 0.036885 * 11   1   5   6   3 
1 4 1 0.022367 * 1  4 
2 4 3 0.061991 * 2  5  1  4 
2 4 3 0.061991 * 2  5  6  4 
3 4 2 0.015356 * 3  6  4 
5 4 2 0.024319 * 5  1  4 
5 4 2 0.024319 * 5  6  4 
6 4 1 0.010443 * 6  4 
7 4 1 0.979061 * 7  4 
8 4 3 0.046951 * 8  11   1   4 
9 4 2 0.010828 * 9  7  4 
10 4 3 0.009799 * 10   3   6   4 
10 4 3 0.009799 * 10   9   7   4 
11 4 2 0.026482 * 11   1   4 
1 5 1 0.086879 * 1  5 
2 5 1 0.610385 * 2  5 
3 5 2 0.063284 * 3  6  5 
4 5 2 0.016152 * 4  1  5 
4 5 2 0.016152 * 4  6  5 
6 5 1 0.054074 * 6  5 
7 5 3 0.066561 * 7  4  1  5 
7 5 3 0.066561 * 7  4  6  5 
8 5 2 0.113520 * 8  2  5 
9 5 3 0.048092 * 9  3  6  5 
10 5 3 0.051970 * 10   3   6   5 
11 5 2 0.195957 * 11   1   5 
1 6 2 0.008815 * 1  4  6 
1 6 2 0.008815 * 1  5  6 
2 6 2 0.187664 * 2  5  6 
3 6 1 0.021256 * 3  6 
4 6 1 0.020237 * 4  6 
5 6 1 0.132822 * 5  6 
7 6 2 0.030411 * 7  4  6 
8 6 3 0.060833 * 8  2  5  6 
9 6 2 0.003669 * 9  3  6 
10 6 2 0.025797 * 10   3   6 
11 6 3 0.024598 * 11   1   4   6 
11 6 3 0.024598 * 11   1   5   6 
1 7 2 0.074733 * 1  4  7 
2 7 4 0.428953 * 2  5  1  4  7 
2 7 4 0.428953 * 2  5  6  4  7 
3 7 2 0.049008 * 3  9  7 
4 7 1 0.059066 * 4  7 
5 7 3 0.089704 * 5  1  4  7 
5 7 3 0.089704 * 5  6  4  7 
6 7 2 0.063175 * 6  4  7 
8 7 4 0.322840 * 8  11   1   4   7 
9 7 1 0.039046 * 9  7 
10 7 2 0.183840 * 10   9   7 
11 7 3 0.315698 * 11   1   4   7 
1 8 2 0.193551 * 1  11   8 
2 8 1 0.404764 * 2  8 
3 8 4 0.105373 * 3  6  5  2  8 
4 8 3 0.192954 * 4   1  11   8 
5 8 2 0.257277 * 5  2  8 
6 8 3 0.112499 * 6  5  2  8 
7 8 4 0.439595 * 7   4   1  11   8 
9 8 5 0.026526 * 9  3  6  5  2  8 
9 8 5 0.026526 * 9   7   4   1  11   8 
10 8 5 0.152796 * 10   3   6   5   2   8 
11 8 1 0.340316 * 11   8 
1 9 3 0.003033 * 1  4  7  9 
2 9 4 0.041092 * 2  5  6  3  9 
3 9 1 0.068414 * 3  9 
4 9 2 0.006829 * 4  7  9 
5 9 3 0.010717 * 5  6  3  9 
6 9 2 0.004769 * 6  3  9 
7 9 1 0.026994 * 7  9 
8 9 5 0.005382 * 8  2  5  6  3  9 
8 9 5 0.005382 * 8  11   1   4   7   9 
10 9 1 0.011336 * 10   9 
11 9 4 0.013587 * 11   1   4   7   9 
1 10 4 0.019344 * 1   4   6   3  10 
1 10 4 0.019344 * 1   4   7   9  10 
1 10 4 0.034555 * 1   5   6   3  10 
2 10 4 0.386420 * 2   5   6   3  10 
3 10 1 0.030492 * 3  10 
4 10 3 0.003493 * 4   6   3  10 
4 10 3 0.003493 * 4   7   9  10 
5 10 3 0.029711 * 5   6   3  10 
6 10 2 0.018865 * 6   3  10 
7 10 2 0.137000 * 7   9  10 
8 10 5 0.115682 * 8   2   5   6   3  10 
9 10 1 0.018090 * 9  10 
11 10 5 0.013084 * 11   1   4   6   3  10 
11 10 5 0.013084 * 11   1   4   7   9  10 
11 10 5 0.017447 * 11   1   5   6   3  10 
1 11 1 0.525876 * 1  11 
2 11 2 0.447312 * 2   8  11 
3 11 4 0.119987 * 3   6   4   1  11 
3 11 4 0.119987 * 3   6   5   1  11 
4 11 2 0.091282 * 4   1  11 
5 11 2 0.251981 * 5   1  11 
6 11 3 0.053121 * 6   4   1  11 
6 11 3 0.053121 * 6   5   1  11 
7 11 3 0.346635 * 7   4   1  11 
8 11 1 0.803837 * 8  11 
9 11 4 0.028299 * 9   7   4   1  11 
10 11 5 0.065287 * 10   3   6   4   1  11 
10 11 5 0.065287 * 10   3   6   5   1  11 
10 11 5 0.065287 * 10   9   7   4   1  11 
