2  5  1 
0.128129
3  6  4  1 
0.015562
3  6  5  1 
0.015562
4  1 
0.077671
5  1 
0.138544
6  4  1 
0.020096
6  5  1 
0.020096
7  4  1 
0.111311
8  11   1 
0.070382
9  7  4  1 
0.025091
10   3   6   4   1 
0.018520
10   3   6   5   1 
0.018520
10   9   7   4   1 
0.018520
11   1 
0.356779
1  5  2 
0.101228
3  6  5  2 
0.076485
4  1  5  2 
0.027462
4  6  5  2 
0.027462
5  2 
0.153358
6  5  2 
0.055952
7  4  1  5  2 
0.067271
7  4  6  5  2 
0.067271
8  2 
0.046886
9  3  6  5  2 
0.022653
10   3   6   5   2 
0.036904
11   8   2 
0.085871
1  4  6  3 
0.015608
1  5  6  3 
0.015608
2  5  6  3 
0.174155
4  6  3 
0.025354
5  6  3 
0.041767
6  3 
0.068288
7  9  3 
0.129784
8  2  5  6  3 
0.073353
9  3 
0.058493
10   3 
0.068246
11   1   4   6   3 
0.056485
11   1   5   6   3 
0.056485
1  4 
0.030955
2  5  1  4 
0.076230
2  5  6  4 
0.076230
3  6  4 
0.018049
5  1  4 
0.023848
5  6  4 
0.023848
6  4 
0.014196
7  4 
0.033390
8  11   1   4 
0.031342
9  7  4 
0.017289
10   3   6   4 
0.013752
10   9   7   4 
0.013752
11   1   4 
0.042347
1  5 
0.115664
2  5 
0.537535
3  6  5 
0.053591
4  1  5 
0.020953
4  6  5 
0.020953
6  5 
0.103994
7  4  1  5 
0.058613
7  4  6  5 
0.058613
8  2  5 
0.197597
9  3  6  5 
0.051908
10   3   6   5 
0.059269
11   1   5 
0.189224
1  4  6 
0.024322
1  5  6 
0.024322
2  5  6 
0.212910
3  6 
0.046533
4  6 
0.032415
5  6 
0.070807
7  4  6 
0.057671
8  2  5  6 
0.056299
9  3  6 
0.010242
10   3   6 
0.015914
11   1   4   6 
0.034708
11   1   5   6 
0.034708
1  4  7 
0.102346
2  5  1  4  7 
0.274400
2  5  6  4  7 
0.274400
3  9  7 
0.047871
4  7 
0.048219
5  1  4  7 
0.104151
5  6  4  7 
0.104151
6  4  7 
0.077259
8  11   1   4   7 
0.295916
9  7 
0.017510
10   9   7 
0.180657
11   1   4   7 
0.341933
1  11   8 
0.247681
2  8 
0.436337
3  6  5  2  8 
0.093395
4   1  11   8 
0.228081
5  2  8 
0.388548
6  5  2  8 
0.155278
7   4   1  11   8 
0.430343
9  3  6  5  2  8 
0.020382
9   7   4   1  11   8 
0.020382
10   3   6   5   2   8 
0.126407
11   8 
0.400547
1  4  7  9 
0.003985
2  5  6  3  9 
0.029211
3  9 
0.055963
4  7  9 
0.007293
5  6  3  9 
0.024199
6  3  9 
0.005998
7  9 
0.014155
8  2  5  6  3  9 
0.009412
8  11   1   4   7   9 
0.009412
10   9 
0.023375
11   1   4   7   9 
0.012521
1   4   6   3  10 
0.025818
1   4   7   9  10 
0.025818
1   5   6   3  10 
0.040292
2   5   6   3  10 
0.237725
3  10 
0.026591
4   6   3  10 
0.010901
4   7   9  10 
0.010901
5   6   3  10 
0.084576
6   3  10 
0.029715
7   9  10 
0.125806
8   2   5   6   3  10 
0.095204
9  10 
0.031323
11   1   4   6   3  10 
0.019262
11   1   4   7   9  10 
0.019262
11   1   5   6   3  10 
0.024439
1  11 
0.657107
2   8  11 
0.505433
3   6   4   1  11 
0.111020
3   6   5   1  11 
0.111020
4   1  11 
0.094109
5   1  11 
0.261397
6   4   1  11 
0.057227
6   5   1  11 
0.057227
7   4   1  11 
0.424630
8  11 
0.856482
9   7   4   1  11 
0.024655
10   3   6   4   1  11 
0.071257
10   3   6   5   1  11 
0.071257
10   9   7   4   1  11 
0.071257
