2 1 2 0.128654 * 2  5  1 
3 1 3 0.017387 * 3  6  4  1 
3 1 3 0.017387 * 3  6  5  1 
4 1 1 0.074947 * 4  1 
5 1 1 0.146962 * 5  1 
6 1 2 0.016684 * 6  4  1 
6 1 2 0.016684 * 6  5  1 
7 1 2 0.095789 * 7  4  1 
8 1 2 0.098350 * 8  11   1 
9 1 3 0.022744 * 9  7  4  1 
10 1 4 0.015116 * 10   3   6   4   1 
10 1 4 0.015116 * 10   3   6   5   1 
10 1 4 0.015116 * 10   9   7   4   1 
11 1 1 0.322913 * 11   1 
1 2 2 0.117786 * 1  5  2 
3 2 3 0.088454 * 3  6  5  2 
4 2 3 0.028445 * 4  1  5  2 
4 2 3 0.028445 * 4  6  5  2 
5 2 1 0.215969 * 5  2 
6 2 2 0.060211 * 6  5  2 
7 2 4 0.062520 * 7  4  1  5  2 
7 2 4 0.062520 * 7  4  6  5  2 
8 2 1 0.046038 * 8  2 
9 2 4 0.009772 * 9  3  6  5  2 
10 2 4 0.035308 * 10   3   6   5   2 
11 2 2 0.069128 * 11   8   2 
1 3 3 0.012535 * 1  4  6  3 
1 3 3 0.012535 * 1  5  6  3 
2 3 3 0.224380 * 2  5  6  3 
4 3 2 0.044026 * 4  6  3 
5 3 2 0.041413 * 5  6  3 
6 3 1 0.097489 * 6  3 
7 3 2 0.129359 * 7  9  3 
8 3 4 0.074864 * 8  2  5  6  3 
9 3 1 0.072203 * 9  3 
10 3 1 0.084433 * 10   3 
11 3 4 0.047554 * 11   1   4   6   3 
11 3 4 0.047554 * 11   1   5   6   3 
1 4 1 0.040446 * 1  4 
2 4 3 0.063663 * 2  5  1  4 
2 4 3 0.063663 * 2  5  6  4 
3 4 2 0.015511 * 3  6  4 
5 4 2 0.032484 * 5  1  4 
5 4 2 0.032484 * 5  6  4 
6 4 1 0.030944 * 6  4 
7 4 1 0.373353 * 7  4 
8 4 3 0.023818 * 8  11   1   4 
9 4 2 0.014959 * 9  7  4 
10 4 3 0.013738 * 10   3   6   4 
10 4 3 0.013738 * 10   9   7   4 
11 4 2 0.048380 * 11   1   4 
1 5 1 0.104939 * 1  5 
2 5 1 0.547298 * 2  5 
3 5 2 0.064375 * 3  6  5 
4 5 2 0.023060 * 4  1  5 
4 5 2 0.023060 * 4  6  5 
6 5 1 0.085067 * 6  5 
7 5 3 0.064616 * 7  4  1  5 
7 5 3 0.064616 * 7  4  6  5 
8 5 2 0.181887 * 8  2  5 
9 5 3 0.043045 * 9  3  6  5 
10 5 3 0.091594 * 10   3   6   5 
11 5 2 0.230555 * 11   1   5 
1 6 2 0.028387 * 1  4  6 
1 6 2 0.028387 * 1  5  6 
2 6 2 0.205357 * 2  5  6 
3 6 1 0.082651 * 3  6 
4 6 1 0.026725 * 4  6 
5 6 1 0.075045 * 5  6 
7 6 2 0.059806 * 7  4  6 
8 6 3 0.037890 * 8  2  5  6 
9 6 2 0.006319 * 9  3  6 
10 6 2 0.022674 * 10   3   6 
11 6 3 0.037897 * 11   1   4   6 
11 6 3 0.037897 * 11   1   5   6 
1 7 2 0.076842 * 1  4  7 
2 7 4 0.291218 * 2  5  1  4  7 
2 7 4 0.291218 * 2  5  6  4  7 
3 7 2 0.067849 * 3  9  7 
4 7 1 0.104941 * 4  7 
5 7 3 0.129279 * 5  1  4  7 
5 7 3 0.129279 * 5  6  4  7 
6 7 2 0.067142 * 6  4  7 
8 7 4 0.293387 * 8  11   1   4   7 
9 7 1 0.012779 * 9  7 
10 7 2 0.184559 * 10   9   7 
11 7 3 0.340345 * 11   1   4   7 
1 8 2 0.175602 * 1  11   8 
2 8 1 0.350760 * 2  8 
3 8 4 0.101380 * 3  6  5  2  8 
4 8 3 0.223339 * 4   1  11   8 
5 8 2 0.347131 * 5  2  8 
6 8 3 0.147880 * 6  5  2  8 
7 8 4 0.418170 * 7   4   1  11   8 
9 8 5 0.021421 * 9  3  6  5  2  8 
9 8 5 0.021421 * 9   7   4   1  11   8 
10 8 5 0.142974 * 10   3   6   5   2   8 
11 8 1 0.369628 * 11   8 
1 9 3 0.005377 * 1  4  7  9 
2 9 4 0.041819 * 2  5  6  3  9 
3 9 1 0.069530 * 3  9 
4 9 2 0.008675 * 4  7  9 
5 9 3 0.022556 * 5  6  3  9 
6 9 2 0.006522 * 6  3  9 
7 9 1 0.010339 * 7  9 
8 9 5 0.012346 * 8  2  5  6  3  9 
8 9 5 0.012346 * 8  11   1   4   7   9 
10 9 1 0.018864 * 10   9 
11 9 4 0.014194 * 11   1   4   7   9 
1 10 4 0.024095 * 1   4   6   3  10 
1 10 4 0.024095 * 1   4   7   9  10 
1 10 4 0.039144 * 1   5   6   3  10 
2 10 4 0.245642 * 2   5   6   3  10 
3 10 1 0.034309 * 3  10 
4 10 3 0.008037 * 4   6   3  10 
4 10 3 0.008037 * 4   7   9  10 
5 10 3 0.054825 * 5   6   3  10 
6 10 2 0.019961 * 6   3  10 
7 10 2 0.135734 * 7   9  10 
8 10 5 0.094812 * 8   2   5   6   3  10 
9 10 1 0.037694 * 9  10 
11 10 5 0.016132 * 11   1   4   6   3  10 
11 10 5 0.016132 * 11   1   4   7   9  10 
11 10 5 0.019507 * 11   1   5   6   3  10 
1 11 1 0.559791 * 1  11 
2 11 2 0.474809 * 2   8  11 
3 11 4 0.115265 * 3   6   4   1  11 
3 11 4 0.115265 * 3   6   5   1  11 
4 11 2 0.078415 * 4   1  11 
5 11 2 0.325570 * 5   1  11 
6 11 3 0.045109 * 6   4   1  11 
6 11 3 0.045109 * 6   5   1  11 
7 11 3 0.430835 * 7   4   1  11 
8 11 1 0.843773 * 8  11 
9 11 4 0.024739 * 9   7   4   1  11 
10 11 5 0.069739 * 10   3   6   4   1  11 
10 11 5 0.069739 * 10   3   6   5   1  11 
10 11 5 0.069739 * 10   9   7   4   1  11 
