2  5  1 
0.144532
3  6  4  1 
0.020682
3  6  5  1 
0.020682
4  1 
0.026705
5  1 
0.176438
6  4  1 
0.028860
6  5  1 
0.028860
7  4  1 
0.121407
8  11   1 
0.093332
9  7  4  1 
0.015294
10   3   6   4   1 
0.020373
10   3   6   5   1 
0.020373
10   9   7   4   1 
0.020373
11   1 
0.325560
1  5  2 
0.104451
3  6  5  2 
0.100934
4  1  5  2 
0.024502
4  6  5  2 
0.024502
5  2 
0.162774
6  5  2 
0.062066
7  4  1  5  2 
0.082676
7  4  6  5  2 
0.082676
8  2 
0.026533
9  3  6  5  2 
0.021240
10   3   6   5   2 
0.037379
11   8   2 
0.071754
1  4  6  3 
0.015094
1  5  6  3 
0.015094
2  5  6  3 
0.192249
4  6  3 
0.022994
5  6  3 
0.061164
6  3 
0.055570
7  9  3 
0.130747
8  2  5  6  3 
0.075111
9  3 
0.062161
10   3 
0.105705
11   1   4   6   3 
0.041804
11   1   5   6   3 
0.041804
1  4 
0.022637
2  5  1  4 
0.068453
2  5  6  4 
0.068453
3  6  4 
0.030409
5  1  4 
0.032740
5  6  4 
0.032740
6  4 
0.027520
7  4 
0.042571
8  11   1   4 
0.033372
9  7  4 
0.017947
10   3   6   4 
0.010438
10   9   7   4 
0.010438
11   1   4 
0.044047
1  5 
0.103651
2  5 
0.574642
3  6  5 
0.035312
4  1  5 
0.021432
4  6  5 
0.021432
6  5 
0.071784
7  4  1  5 
0.064717
7  4  6  5 
0.064717
8  2  5 
0.201233
9  3  6  5 
0.022555
10   3   6   5 
0.057967
11   1   5 
0.195313
1  4  6 
0.023625
1  5  6 
0.023625
2  5  6 
0.191403
3  6 
0.051676
4  6 
0.037605
5  6 
0.071643
7  4  6 
0.052766
8  2  5  6 
0.061329
9  3  6 
0.008202
10   3   6 
0.017863
11   1   4   6 
0.044876
11   1   5   6 
0.044876
1  4  7 
0.098865
2  5  1  4  7 
0.289350
2  5  6  4  7 
0.289350
3  9  7 
0.055151
4  7 
0.055631
5  1  4  7 
0.142600
5  6  4  7 
0.142600
6  4  7 
0.076226
8  11   1   4   7 
0.315096
9  7 
0.019541
10   9   7 
0.149786
11   1   4   7 
0.336603
1  11   8 
0.217541
2  8 
0.497222
3  6  5  2  8 
0.095896
4   1  11   8 
0.248116
5  2  8 
0.305980
6  5  2  8 
0.146158
7   4   1  11   8 
0.412882
9  3  6  5  2  8 
0.023354
9   7   4   1  11   8 
0.023354
10   3   6   5   2   8 
0.134034
11   8 
0.423690
1  4  7  9 
0.004852
2  5  6  3  9 
0.029847
3  9 
0.057744
4  7  9 
0.006882
5  6  3  9 
0.018112
6  3  9 
0.011315
7  9 
0.016428
8  2  5  6  3  9 
0.008513
8  11   1   4   7   9 
0.008513
10   9 
0.023159
11   1   4   7   9 
0.015642
1   4   6   3  10 
0.025366
1   4   7   9  10 
0.025366
1   5   6   3  10 
0.038688
2   5   6   3  10 
0.227876
3  10 
0.033030
4   6   3  10 
0.011635
4   7   9  10 
0.011635
5   6   3  10 
0.068465
6   3  10 
0.026811
7   9  10 
0.133553
8   2   5   6   3  10 
0.099579
9  10 
0.016339
11   1   4   6   3  10 
0.018625
11   1   4   7   9  10 
0.018625
11   1   5   6   3  10 
0.022833
1  11 
0.677962
2   8  11 
0.509145
3   6   4   1  11 
0.084936
3   6   5   1  11 
0.084936
4   1  11 
0.098780
5   1  11 
0.272403
6   4   1  11 
0.097274
6   5   1  11 
0.097274
7   4   1  11 
0.458613
8  11 
0.894430
9   7   4   1  11 
0.031081
10   3   6   4   1  11 
0.052747
10   3   6   5   1  11 
0.052747
10   9   7   4   1  11 
0.052747
