2 1 0.247613 0.052268 * 2  5  1  0 
2 1 0.353475 0.012877 * 2   8  11   1 
3 1 0.368784 0.010829 * 3  6  4  1 
3 1 0.333704 0.004491 * 3  6  5  1 
4 1 0.141833 0.007748 * 4  1 
5 1 0.108165 0.109960 * 5  1 
6 1 0.258575 0.008957 * 6  4  1 
6 1 0.223495 0.003715 * 6  5  1 
7 1 0.292738 0.108196 * 7  4  1 
8 1 0.238499 0.063926 * 8  11   1 
9 1 0.470518 0.006987 * 9  3  6  4  1 
9 1 0.435437 0.006987 * 9  3  6  5  1 
9 1 0.395644 0.016983 * 9  7  4  1  0 
10 1 0.473996 0.013408 * 10   3   6   4   1   0 
10 1 0.438915 0.010195 * 10   3   6   5   1   0 
10 1 0.572580 0.007653 * 10   9   3   6   4   1 
10 1 0.537500 0.007653 * 10   9   3   6   5   1 
10 1 0.497707 0.011087 * 10   9   7   4   1   0 
11 1 0.121628 0.770421 * 11   1 
1 2 0.269925 0.053037 * 1  5  2  0 
1 2 0.345055 0.008810 * 1  11   8   2 
3 2 0.367861 0.078567 * 3  6  5  2 
4 2 0.411758 0.100524 * 4  1  5  2  0 
4 2 0.486888 0.016699 * 4   1  11   8   2 
4 2 0.363168 0.024537 * 4  6  5  2  0 
5 2 0.142321 0.100500 * 5  2 
6 2 0.257651 0.038982 * 6  5  2 
7 2 0.562664 1.276501 * 7  4  1  5  2  0 
7 2 0.637793 0.212048 * 7   4   1  11   8   2 
7 2 0.514073 0.311582 * 7  4  6  5  2  0 
7 2 0.571721 0.094793 * 7  9  3  6  5  2 
8 2 0.104369 0.024940 * 8  2 
9 2 0.469594 0.008991 * 9  3  6  5  2 
10 2 0.473072 0.034592 * 10   3   6   5   2   0 
10 2 0.571656 0.008338 * 10   9   3   6   5   2 
11 2 0.214958 0.054928 * 11   8   2 
1 3 0.333390 0.007688 * 1  4  6  3  0 
1 3 0.437394 0.003861 * 1  4  7  9  3 
1 3 0.375896 0.022822 * 1  5  6  3  0 
2 3 0.387740 0.221331 * 2  5  6  3 
4 3 0.221292 0.018652 * 4  6  3  0 
4 3 0.325297 0.006124 * 4  7  9  3 
5 3 0.248292 0.025327 * 5  6  3 
6 3 0.115776 0.040241 * 6  3 
7 3 0.203861 0.028943 * 7  9  3 
8 3 0.492110 0.034418 * 8  2  5  6  3  0  0 
8 3 0.571888 0.011109 * 8  11   1   4   6   3   0 
8 3 0.675892 0.008437 * 8  11   1   4   7   9   3 
8 3 0.614395 0.011109 * 8  11   1   5   6   3   0 
9 3 0.101733 0.074145 * 9  3 
10 3 0.203796 0.010282 * 10   9   3 
10 3 0.105211 0.042657 * 10   3   0 
11 3 0.455017 0.011153 * 11   1   4   6   3   0 
11 3 0.559021 0.005601 * 11   1   4   7   9   3 
11 3 0.497524 0.028297 * 11   1   5   6   3   0 
1 4 0.112097 0.013994 * 1  4 
2 4 0.359711 0.042666 * 2  5  1  4  0 
2 4 0.388707 0.102868 * 2  5  6  4  0 
2 4 0.465572 0.007842 * 2   8  11   1   4 
3 4 0.226952 0.013592 * 3  6  4 
5 4 0.220262 0.014273 * 5  1  4 
5 4 0.249258 0.034412 * 5  6  4 
6 4 0.116742 0.005610 * 6  4 
7 4 0.150905 0.581130 * 7  4 
8 4 0.350596 0.035501 * 8  11   1   4 
9 4 0.328685 0.000791 * 9  3  6  4 
9 4 0.253811 0.002720 * 9  7  4  0 
10 4 0.332163 0.003934 * 10   3   6   4   0 
10 4 0.430747 0.001609 * 10   9   3   6   4 
10 4 0.355874 0.004209 * 10   9   7   4   0 
11 4 0.233725 0.015294 * 11   1   4 
1 5 0.127604 0.048568 * 1  5 
2 5 0.139449 0.575727 * 2  5 
3 5 0.225540 0.032042 * 3  6  5 
4 5 0.269437 0.020394 * 4  1  5 
4 5 0.220847 0.005172 * 4  6  5 
6 5 0.115330 0.064663 * 6  5 
7 5 0.420343 0.054153 * 7  4  1  5  0 
7 5 0.371752 0.015057 * 7  4  6  5  0 
7 5 0.429400 0.003597 * 7  9  3  6  5 
8 5 0.243818 0.119395 * 8  2  5 
9 5 0.327273 0.027699 * 9  3  6  5 
10 5 0.330751 0.033500 * 10   3   6   5   0 
10 5 0.429335 0.008075 * 10   9   3   6   5 
11 5 0.249232 0.116277 * 11   1   5   0 
11 5 0.354407 0.019316 * 11   8   2   5 
1 6 0.217614 0.007013 * 1  4  6 
1 6 0.260120 0.027654 * 1  5  6 
2 6 0.271964 0.190766 * 2  5  6 
3 6 0.110209 0.015988 * 3  6 
4 6 0.105516 0.019877 * 4  6 
5 6 0.132516 0.074702 * 5  6 
7 6 0.256422 0.021812 * 7  4  6  0 
7 6 0.314070 0.007161 * 7  9  3  6 
8 6 0.376334 0.022389 * 8  2  5  6  0 
8 6 0.456112 0.006776 * 8  11   1   4   6 
8 6 0.498619 0.006776 * 8  11   1   5   6 
9 6 0.211942 0.002341 * 9  3  6 
10 6 0.215420 0.021136 * 10   3   6   0 
10 6 0.314005 0.005094 * 10   9   3   6 
11 6 0.339241 0.016878 * 11   1   4   6 
11 6 0.381748 0.059131 * 11   1   5   6 
1 7 0.233533 0.090558 * 1  4  7 
2 7 0.481146 0.187916 * 2  5  1  4  7  0 
2 7 0.592592 0.074538 * 2  5  6  3  9  7 
2 7 0.510142 0.475387 * 2  5  6  4  7  0 
2 7 0.587008 0.037366 * 2   8  11   1   4   7 
3 7 0.204852 0.022363 * 3  9  7 
4 7 0.121436 0.043956 * 4  7 
5 7 0.341698 0.044305 * 5  1  4  7  0 
5 7 0.453144 0.017574 * 5  6  3  9  7 
5 7 0.370694 0.112081 * 5  6  4  7  0 
6 7 0.320628 0.004431 * 6  3  9  7 
6 7 0.238178 0.028262 * 6  4  7  0 
8 7 0.472032 0.274787 * 8  11   1   4   7 
9 7 0.102906 0.023906 * 9  7 
10 7 0.310063 0.030178 * 10   3   9   7 
10 7 0.204968 0.159532 * 10   9   7   0 
11 7 0.355161 0.307023 * 11   1   4   7 
1 8 0.240685 0.189118 * 1  11   8 
2 8 0.114976 0.295697 * 2  8 
3 8 0.574390 0.028880 * 3   6   5   1  11   8 
3 8 0.482837 0.047584 * 3  6  5  2  8  0 
4 8 0.382518 0.091786 * 4   1  11   8   0   0 
4 8 0.569697 0.034300 * 4   6   5   1  11   8 
4 8 0.478144 0.068962 * 4  6  5  2  8  0 
5 8 0.348850 0.040485 * 5   1  11   8 
5 8 0.257297 0.248700 * 5  2  8  0 
6 8 0.464180 0.015514 * 6   5   1  11   8 
6 8 0.372627 0.068979 * 6  5  2  8  0 
7 8 0.533424 0.118927 * 7   4   1  11   8   0   0 
7 8 0.720602 0.044442 * 7   4   6   5   1  11   8 
7 8 0.629049 0.089355 * 7  4  6  5  2  8  0 
9 8 0.676123 0.003477 * 9   3   6   5   1  11   8   0 
9 8 0.584570 0.003477 * 9  3  6  5  2  8  0  0 
9 8 0.636329 0.007069 * 9   7   4   1  11   8   0   0 
9 8 0.823508 0.007069 * 9   7   4   6   5   1  11   8 
9 8 0.731955 0.007069 * 9  7  4  6  5  2  8  0 
10 8 0.679601 0.025735 * 10   3   6   5   1  11   8   0   0 
10 8 0.588048 0.025735 * 10   3   6   5   2   8   0   0   0 
10 8 0.778185 0.009464 * 10   9   3   6   5   1  11   8   0 
10 8 0.686632 0.009464 * 10   9   3   6   5   2   8   0   0 
10 8 0.738392 0.018812 * 10   9   7   4   1  11   8   0   0 
10 8 0.925570 0.018812 * 10   9   7   4   6   5   1  11   8 
10 8 0.834017 0.018812 * 10   9   7   4   6   5   2   8   0 
11 8 0.110589 0.265664 * 11   8 
1 9 0.435336 0.000519 * 1  4  6  3  9 
1 9 0.335661 0.003736 * 1  4  7  9  0 
2 9 0.682949 0.003514 * 2  5  1  4  6  3  9 
2 9 0.583274 0.022070 * 2  5  1  4  7  9  0 
2 9 0.489687 0.022070 * 2  5  6  3  9  0  0 
3 9 0.101946 0.033875 * 3  9 
4 9 0.323239 0.000474 * 4  6  3  9 
4 9 0.223564 0.003411 * 4  7  9  0 
5 9 0.543501 0.004792 * 5  1  4  6  3  9 
5 9 0.443826 0.030478 * 5  1  4  7  9  0 
5 9 0.350238 0.035332 * 5  6  3  9  0  0 
6 9 0.217722 0.001893 * 6  3  9 
7 9 0.102128 0.040989 * 7  9 
8 9 0.787319 0.003604 * 8  2  5  1  4  6  3  9 
8 9 0.687643 0.004511 * 8  2  5  1  4  7  9  0 
8 9 0.594056 0.004511 * 8  2  5  6  3  9  0  0 
8 9 0.673835 0.001216 * 8  11   1   4   6   3   9   0 
8 9 0.574159 0.001216 * 8  11   1   4   7   9   0   0 
10 9 0.207157 0.001964 * 10   3   9 
10 9 0.102063 0.010381 * 10   9   0 
11 9 0.556964 0.003054 * 11   1   4   6   3   9 
11 9 0.457288 0.003054 * 11   1   4   7   9   0 
1 10 0.536705 0.008832 * 1   4   6   3   9  10 
1 10 0.442143 0.008832 * 1   4   6   3  10   0 
1 10 0.437029 0.010117 * 1   4   7   9  10   0 
1 10 0.579211 0.029229 * 1   5   6   3   9  10 
1 10 0.484649 0.029229 * 1   5   6   3  10   0 
2 10 0.591055 0.088333 * 2   5   6   3   9  10 
2 10 0.496494 0.376390 * 2   5   6   3  10   0 
3 10 0.203315 0.003030 * 3   9  10 
3 10 0.108753 0.016020 * 3  10   0 
4 10 0.424607 0.003419 * 4   6   3   9  10 
4 10 0.330046 0.003419 * 4   6   3  10   0 
4 10 0.324932 0.003916 * 4   7   9  10   0 
5 10 0.451607 0.014126 * 5   6   3   9  10 
5 10 0.357045 0.074674 * 5   6   3  10   0 
6 10 0.319091 0.002357 * 6   3   9  10 
6 10 0.224529 0.012462 * 6   3  10   0 
7 10 0.203496 0.105737 * 7   9  10 
8 10 0.695425 0.027025 * 8   2   5   6   3   9  10   0 
8 10 0.600863 0.027025 * 8   2   5   6   3  10   0   0 
8 10 0.775203 0.010074 * 8  11   1   4   6   3   9  10 
8 10 0.680641 0.010074 * 8  11   1   4   6   3  10   0 
8 10 0.675528 0.010074 * 8  11   1   4   7   9  10   0 
8 10 0.817710 0.010074 * 8  11   1   5   6   3   9  10 
8 10 0.723148 0.010074 * 8  11   1   5   6   3  10   0 
9 10 0.101369 0.013577 * 9  10 
11 10 0.658332 0.005712 * 11   1   4   6   3   9  10 
11 10 0.563770 0.005712 * 11   1   4   6   3  10   0 
11 10 0.558657 0.006543 * 11   1   4   7   9  10   0 
11 10 0.700839 0.013390 * 11   1   5   6   3   9  10 
11 10 0.606277 0.013390 * 11   1   5   6   3  10   0 
1 11 0.130096 0.483671 * 1  11 
2 11 0.231847 0.401699 * 2   8  11 
3 11 0.498881 0.099136 * 3   6   4   1  11   0 
3 11 0.463801 0.051247 * 3   6   5   1  11   0 
3 11 0.599708 0.034418 * 3   6   5   2   8  11 
4 11 0.271929 0.145429 * 4   1  11 
5 11 0.238261 0.218831 * 5   1  11   0 
5 11 0.374168 0.053912 * 5   2   8  11 
6 11 0.388671 0.023965 * 6   4   1  11   0 
6 11 0.353591 0.012389 * 6   5   1  11   0 
6 11 0.489498 0.008320 * 6   5   2   8  11 
7 11 0.422834 0.388188 * 7   4   1  11 
8 11 0.116871 0.664414 * 8  11 
9 11 0.600614 0.002260 * 9   3   6   4   1  11   0 
9 11 0.565534 0.002260 * 9   3   6   5   1  11   0 
9 11 0.701441 0.002260 * 9   3   6   5   2   8  11 
9 11 0.525740 0.005124 * 9   7   4   1  11   0   0 
10 11 0.604092 0.032605 * 10   3   6   4   1  11   0   0 
10 11 0.569012 0.032605 * 10   3   6   5   1  11   0   0 
10 11 0.704919 0.030702 * 10   3   6   5   2   8  11   0 
10 11 0.702676 0.009323 * 10   9   3   6   4   1  11   0 
10 11 0.667596 0.009323 * 10   9   3   6   5   1  11   0 
10 11 0.803503 0.009323 * 10   9   3   6   5   2   8  11 
10 11 0.627803 0.021135 * 10   9   7   4   1  11   0   0 
