1  5  2  0  0  0  0  0  0  0 
6.456828e-002
1  11   8   2   0   0   0   0   0   0 
4.162027e-013
1  4  6  5  2  0  0  0  0  0 
2.088185e-013
1  4  6  3  0  0  0  0  0  0 
1.412329e-002
1  5  6  3  0  0  0  0  0  0 
1.323776e-002
1  4  7  9  3  0  0  0  0  0 
4.122544e-013
1  4  0  0  0  0  0  0  0  0 
1.924201e-002
1  5  6  4  0  0  0  0  0  0 
2.076738e-013
1  5  0  0  0  0  0  0  0  0 
7.451676e-002
1  4  6  5  0  0  0  0  0  0 
2.092202e-013
1  11   8   2   5   0   0   0   0   0 
1.396010e-013
1  4  6  0  0  0  0  0  0  0 
3.285451e-002
1  5  6  0  0  0  0  0  0  0 
2.846303e-002
1  4  7  0  0  0  0  0  0  0 
9.471787e-002
1  5  6  4  7  0  0  0  0  0 
2.095557e-013
1  11   8   0   0   0   0   0   0   0 
1.844807e-001
1  5  2  8  0  0  0  0  0  0 
4.191969e-013
1  4  6  5  2  8  0  0  0  0 
1.399741e-013
1  4  7  9  0  0  0  0  0  0 
3.746295e-003
1  4  6  3  9  0  0  0  0  0 
2.908971e-013
1  5  6  3  9  0  0  0  0  0 
2.941718e-013
1   4   6   3  10   0   0   0   0   0 
2.498474e-002
1   5   6   3  10   0   0   0   0   0 
2.174808e-002
1   4   7   9  10   0   0   0   0   0 
3.708521e-002
1  11   0   0   0   0   0   0   0   0 
5.930144e-001
1   5   2   8  11   0   0   0   0   0 
1.401527e-013
2  5  1  0  0  0  0  0  0  0 
6.551424e-002
2   8  11   1   0   0   0   0   0   0 
4.165462e-013
2  5  6  4  1  0  0  0  0  0 
2.088884e-013
2  5  6  3  0  0  0  0  0  0 
2.834426e-001
2  5  1  4  6  3  0  0  0  0 
2.099918e-013
2  5  1  4  0  0  0  0  0  0 
8.423082e-002
2  5  6  4  0  0  0  0  0  0 
7.870785e-002
2   8  11   1   4   0   0   0   0   0 
4.182886e-013
2  5  0  0  0  0  0  0  0  0 
6.288925e-001
2   8  11   1   5   0   0   0   0   0 
1.401462e-013
2   8  11   1   4   6   5   0   0   0 
8.407284e-014
2  5  6  0  0  0  0  0  0  0 
1.802304e-001
2  5  1  4  6  0  0  0  0  0 
2.098406e-013
2  5  1  4  7  0  0  0  0  0 
3.939647e-001
2  5  6  4  7  0  0  0  0  0 
4.192056e-001
2   8  11   1   4   7   0   0   0   0 
4.202791e-013
2  8  0  0  0  0  0  0  0  0 
3.519264e-001
2   5   1  11   8   0   0   0   0   0 
1.399185e-013
2  5  6  3  9  0  0  0  0  0 
6.658299e-002
2   5   6   3  10   9   0   0   0   0 
4.178408e-013
2  5  1  4  7  9  0  0  0  0 
4.178073e-013
2   5   6   3  10   0   0   0   0   0 
3.907403e-001
2   5   6   3   9  10   0   0   0   0 
4.193307e-013
2   8  11   0   0   0   0   0   0   0 
3.549459e-001
2   5   1  11   0   0   0   0   0   0 
4.187970e-013
3  6  4  1  0  0  0  0  0  0 
1.138450e-002
3  6  5  1  0  0  0  0  0  0 
1.241990e-002
3  9  7  4  1  0  0  0  0  0 
4.108811e-013
3  6  5  2  0  0  0  0  0  0 
7.670866e-002
3  6  4  1  5  2  0  0  0  0 
2.094067e-013
3  6  4  0  0  0  0  0  0  0 
1.178095e-002
3  9  7  4  0  0  0  0  0  0 
4.017264e-013
3  6  5  0  0  0  0  0  0  0 
3.997758e-002
3  6  4  1  5  0  0  0  0  0 
2.087958e-013
3  6  0  0  0  0  0  0  0  0 
1.998576e-002
3  9  7  4  6  0  0  0  0  0 
1.380930e-013
3  10   9   7   4   6   0   0   0   0 
1.039637e-013
3  9  7  0  0  0  0  0  0  0 
2.782966e-002
3  10   9   7   0   0   0   0   0   0 
4.133937e-013
3  6  4  7  0  0  0  0  0  0 
4.150500e-013
3  6  5  2  8  0  0  0  0  0 
7.252257e-002
3   6   4   1  11   8   0   0   0   0 
4.160608e-013
3   6   5   1  11   8   0   0   0   0 
4.160419e-013
3  9  0  0  0  0  0  0  0  0 
2.786182e-002
3  10   9   0   0   0   0   0   0   0 
4.147211e-013
3  6  4  7  9  0  0  0  0  0 
1.387939e-013
3  10   0   0   0   0   0   0   0   0 
2.370424e-002
3   9  10   0   0   0   0   0   0   0 
4.087863e-013
3   6   4   1  11   0   0   0   0   0 
1.519305e-001
3   6   5   1  11   0   0   0   0   0 
1.621797e-001
3   9   7   4   1  11   0   0   0   0 
4.178996e-013
4  1  0  0  0  0  0  0  0  0 
1.234411e-002
4  6  5  1  0  0  0  0  0  0 
2.066745e-013
4  1  5  2  0  0  0  0  0  0 
6.805242e-002
4  6  5  2  0  0  0  0  0  0 
8.334843e-002
4   1  11   8   2   0   0   0   0   0 
4.179557e-013
4  6  3  0  0  0  0  0  0  0 
2.698197e-002
4  7  9  3  0  0  0  0  0  0 
4.098542e-013
4  1  5  6  3  0  0  0  0  0 
2.069630e-013
4  1  5  0  0  0  0  0  0  0 
1.444795e-002
4  6  5  0  0  0  0  0  0  0 
1.506417e-002
4  6  0  0  0  0  0  0  0  0 
1.761349e-002
4  1  5  6  0  0  0  0  0  0 
2.060956e-013
4  7  9  3  6  0  0  0  0  0 
1.375402e-013
4  7  0  0  0  0  0  0  0  0 
4.972036e-002
4  6  3  9  7  0  0  0  0  0 
1.393939e-013
4   6   3  10   9   7   0   0   0   0 
1.047947e-013
4   1  11   8   0   0   0   0   0   0 
1.823509e-001
4  1  5  2  8  0  0  0  0  0 
4.192966e-013
4  6  5  2  8  0  0  0  0  0 
4.194157e-013
4  7  9  0  0  0  0  0  0  0 
4.352160e-003
4  6  3  9  0  0  0  0  0  0 
3.635180e-013
4   6   3  10   9   0   0   0   0   0 
1.745254e-013
4   7   9  10   0   0   0   0   0   0 
5.802739e-003
4   6   3  10   0   0   0   0   0   0 
5.427176e-003
4   6   3   9  10   0   0   0   0   0 
4.230698e-013
4   1  11   0   0   0   0   0   0   0 
2.302352e-001
4   6   5   1  11   0   0   0   0   0 
2.099544e-013
5  1  0  0  0  0  0  0  0  0 
1.094456e-001
5  6  4  1  0  0  0  0  0  0 
2.095020e-013
5   2   8  11   1   0   0   0   0   0 
1.397915e-013
5  2  0  0  0  0  0  0  0  0 
1.155732e-001
5   1  11   8   2   0   0   0   0   0 
1.398649e-013
5  6  3  0  0  0  0  0  0  0 
5.494821e-002
5  1  4  6  3  0  0  0  0  0 
2.091173e-013
5  1  4  0  0  0  0  0  0  0 
2.395199e-002
5  6  4  0  0  0  0  0  0  0 
2.111230e-002
5  6  0  0  0  0  0  0  0  0 
8.195578e-002
5  1  4  6  0  0  0  0  0  0 
2.094353e-013
5  1  4  7  0  0  0  0  0  0 
9.184261e-002
5  6  4  7  0  0  0  0  0  0 
9.722202e-002
5  6  3  9  7  0  0  0  0  0 
4.173591e-013
5  2  8  0  0  0  0  0  0  0 
2.799173e-001
5   1  11   8   0   0   0   0   0   0 
4.190199e-013
5  6  3  9  0  0  0  0  0  0 
1.315482e-002
5  1  4  7  9  0  0  0  0  0 
3.973850e-013
5  6  4  7  9  0  0  0  0  0 
3.972829e-013
5   6   3  10   0   0   0   0   0   0 
2.358208e-002
5   6   3   9  10   0   0   0   0   0 
4.087511e-013
5   1  11   0   0   0   0   0   0   0 
3.720045e-001
5   2   8  11   0   0   0   0   0   0 
4.201955e-013
6  4  1  0  0  0  0  0  0  0 
7.551050e-003
6  5  1  0  0  0  0  0  0  0 
7.975465e-003
6  5  2  0  0  0  0  0  0  0 
4.895343e-002
6  4  1  5  2  0  0  0  0  0 
2.090249e-013
6  3  0  0  0  0  0  0  0  0 
9.068244e-002
6  4  7  9  3  0  0  0  0  0 
1.398115e-013
6   4   7   9  10   3   0   0   0   0 
1.049161e-013
6  4  0  0  0  0  0  0  0  0 
7.376550e-003
6  5  1  4  0  0  0  0  0  0 
2.008430e-013
6  3  9  7  4  0  0  0  0  0 
1.345562e-013
6  5  0  0  0  0  0  0  0  0 
8.669608e-002
6  4  1  5  0  0  0  0  0  0 
2.094868e-013
6  4  7  0  0  0  0  0  0  0 
3.867073e-002
6  3  9  7  0  0  0  0  0  0 
4.121526e-013
6  5  2  8  0  0  0  0  0  0 
1.086663e-001
6   4   1  11   8   0   0   0   0   0 
4.175183e-013
6   5   1  11   8   0   0   0   0   0 
4.175384e-013
6  3  9  0  0  0  0  0  0  0 
2.566785e-003
6   3  10   9   0   0   0   0   0   0 
3.153623e-013
6  4  7  9  0  0  0  0  0  0 
8.549300e-013
6   3  10   0   0   0   0   0   0   0 
1.426488e-002
6   3   9  10   0   0   0   0   0   0 
3.982954e-013
6   4   7   9  10   0   0   0   0   0 
2.043605e-013
6   4   1  11   0   0   0   0   0   0 
2.724680e-002
6   5   1  11   0   0   0   0   0   0 
2.996302e-002
6   5   2   8  11   0   0   0   0   0 
4.158964e-013
7  4  1  0  0  0  0  0  0  0 
8.527695e-002
7  4  6  5  1  0  0  0  0  0 
2.094769e-013
7  4  6  5  2  0  0  0  0  0 
6.262937e-002
7  4  1  5  2  0  0  0  0  0 
5.510417e-002
7  9  3  6  5  2  0  0  0  0 
4.172641e-013
7  9  3  0  0  0  0  0  0  0 
3.079611e-002
7  4  6  3  0  0  0  0  0  0 
4.141295e-013
7   9  10   3   0   0   0   0   0   0 
4.117057e-013
7  4  0  0  0  0  0  0  0  0 
1.005075e+000
7  9  3  6  4  0  0  0  0  0 
1.402942e-013
7   9  10   3   6   4   0   0   0   0 
1.052039e-013
7  4  6  5  0  0  0  0  0  0 
4.320995e-002
7  4  1  5  0  0  0  0  0  0 
4.013380e-002
7  9  3  6  5  0  0  0  0  0 
4.155455e-013
7  4  6  0  0  0  0  0  0  0 
2.546607e-002
7  9  3  6  0  0  0  0  0  0 
4.117071e-013
7   4   1  11   8   0   0   0   0   0 
3.552165e-001
7  4  6  5  2  8  0  0  0  0 
4.202219e-013
7  4  1  5  2  8  0  0  0  0 
4.200982e-013
7  9  0  0  0  0  0  0  0  0 
4.546828e-002
7  4  6  3  9  0  0  0  0  0 
1.391899e-013
7   4   6   3  10   9   0   0   0   0 
1.046782e-013
7   9  10   0   0   0   0   0   0   0 
1.122955e-001
7   9   3  10   0   0   0   0   0   0 
4.184476e-013
7   4   6   3  10   0   0   0   0   0 
2.095636e-013
7   4   1  11   0   0   0   0   0   0 
3.248071e-001
8  11   1   0   0   0   0   0   0   0 
7.985349e-002
8  2  5  1  0  0  0  0  0  0 
4.174144e-013
8  2  0  0  0  0  0  0  0  0 
2.790078e-002
8  11   1   5   2   0   0   0   0   0 
1.390728e-013
8  11   1   4   6   5   2   0   0   0 
8.361679e-014
8  2  5  6  3  0  0  0  0  0 
7.639983e-002
8  11   1   5   6   3   0   0   0   0 
4.161958e-013
8  11   1   4   6   3   0   0   0   0 
4.158972e-013
8  11   1   4   0   0   0   0   0   0 
2.607837e-002
8  2  5  1  4  0  0  0  0  0 
4.105062e-013
8  2  5  6  4  0  0  0  0  0 
4.103596e-013
8  2  5  0  0  0  0  0  0  0 
1.444420e-001
8  11   1   5   0   0   0   0   0   0 
4.187964e-013
8  2  5  6  0  0  0  0  0  0 
6.413496e-002
8  11   1   5   6   0   0   0   0   0 
4.151877e-013
8  11   1   4   6   0   0   0   0   0 
4.148387e-013
8  11   1   4   7   0   0   0   0   0 
2.748393e-001
8  2  5  1  4  7  0  0  0  0 
4.191609e-013
8  2  5  6  4  7  0  0  0  0 
4.192217e-013
8  11   1   4   7   9   0   0   0   0 
7.394449e-003
8  2  5  6  3  9  0  0  0  0 
7.472696e-003
8  11   1   5   6   3   9   0   0   0 
4.198285e-013
8   2   5   6   3  10   0   0   0   0 
1.070142e-001
8   2   5   6   3   9  10   0   0   0 
4.160308e-013
8  11   1   4   7   9  10   0   0   0 
4.176088e-013
8  11   0   0   0   0   0   0   0   0 
6.931384e-001
8   2   5   1  11   0   0   0   0   0 
1.399805e-013
9  7  4  1  0  0  0  0  0  0 
2.622357e-002
9  3  6  4  1  0  0  0  0  0 
4.089109e-013
9  3  6  5  1  0  0  0  0  0 
4.090206e-013
9  3  6  5  2  0  0  0  0  0 
1.592677e-002
9  10   3   6   5   2   0   0   0   0 
3.996292e-013
9  7  4  6  5  2  0  0  0  0 
4.020084e-013
9  3  0  0  0  0  0  0  0  0 
7.118548e-002
9  10   3   0   0   0   0   0   0   0 
4.168367e-013
9  7  4  6  3  0  0  0  0  0 
1.396572e-013
9  7  4  0  0  0  0  0  0  0 
6.688425e-003
9  3  6  4  0  0  0  0  0  0 
3.773878e-013
9  10   3   6   4   0   0   0   0   0 
1.910606e-013
9  3  6  5  0  0  0  0  0  0 
2.772726e-002
9  10   3   6   5   0   0   0   0   0 
4.109121e-013
9  7  4  6  5  0  0  0  0  0 
4.123635e-013
9  3  6  0  0  0  0  0  0  0 
4.408950e-003
9  10   3   6   0   0   0   0   0   0 
3.936203e-013
9  7  4  6  0  0  0  0  0  0 
4.014022e-013
9  7  0  0  0  0  0  0  0  0 
4.700026e-002
9  3  6  4  7  0  0  0  0  0 
1.393931e-013
9  10   3   6   4   7   0   0   0   0 
1.046577e-013
9   7   4   1  11   8   0   0   0   0 
1.509899e-002
9  3  6  5  2  8  0  0  0  0 
1.978627e-002
9  10   3   6   5   2   8   0   0   0 
4.142359e-013
9  10   0   0   0   0   0   0   0   0 
1.566262e-002
9   3  10   0   0   0   0   0   0   0 
4.103278e-013
9   7   4   1  11   0   0   0   0   0 
2.258559e-002
9   3   6   4   1  11   0   0   0   0 
4.066039e-013
9   3   6   5   1  11   0   0   0   0 
4.066876e-013
10   3   6   4   1   0   0   0   0   0 
1.276918e-002
10   9   7   4   1   0   0   0   0   0 
1.417885e-002
10   3   6   5   1   0   0   0   0   0 
1.402272e-002
10   3   6   5   2   0   0   0   0   0 
4.604739e-002
10   9   3   6   5   2   0   0   0   0 
4.141079e-013
10   3   0   0   0   0   0   0   0   0 
9.808579e-002
10   9   3   0   0   0   0   0   0   0 
4.175979e-013
10   3   6   4   0   0   0   0   0   0 
1.783995e-002
10   9   7   4   0   0   0   0   0   0 
1.965458e-002
10   3   9   7   4   0   0   0   0   0 
4.121645e-013
10   3   6   5   0   0   0   0   0   0 
4.151307e-002
10   9   3   6   5   0   0   0   0   0 
4.136909e-013
10   3   6   0   0   0   0   0   0   0 
2.064973e-002
10   9   3   6   0   0   0   0   0   0 
4.100765e-013
10   9   7   0   0   0   0   0   0   0 
1.351443e-001
10   3   9   7   0   0   0   0   0   0 
4.170233e-013
10   3   6   5   2   8   0   0   0   0 
1.549311e-001
10   9   3   6   5   2   8   0   0   0 
4.187495e-013
10   3   6   5   1  11   8   0   0   0 
4.182219e-013
10   9   0   0   0   0   0   0   0   0 
1.658332e-002
10   3   9   0   0   0   0   0   0   0 
4.079448e-013
10   3   6   4   1  11   0   0   0   0 
4.876249e-002
10   3   6   5   1  11   0   0   0   0 
5.074194e-002
10   9   7   4   1  11   0   0   0   0 
6.551662e-002
11   1   0   0   0   0   0   0   0   0 
4.177762e-001
11   8   2   5   1   0   0   0   0   0 
1.400596e-013
11   8   2   0   0   0   0   0   0   0 
4.684306e-002
11   1   5   2   0   0   0   0   0   0 
4.159702e-013
11   1   4   6   3   0   0   0   0   0 
3.457308e-002
11   1   5   6   3   0   0   0   0   0 
2.908572e-002
11   8   2   5   6   3   0   0   0   0 
4.164886e-013
11   1   4   0   0   0   0   0   0   0 
2.532694e-002
11   1   5   6   4   0   0   0   0   0 
2.081494e-013
11   1   5   0   0   0   0   0   0   0 
1.590815e-001
11   8   2   5   0   0   0   0   0   0 
4.185089e-013
11   1   4   6   5   0   0   0   0   0 
2.096145e-013
11   1   4   6   0   0   0   0   0   0 
2.949789e-002
11   1   5   6   0   0   0   0   0   0 
2.510155e-002
11   8   2   5   6   0   0   0   0   0 
4.163065e-013
11   1   4   7   0   0   0   0   0   0 
4.548803e-001
11   8   0   0   0   0   0   0   0   0 
2.740867e-001
11   1   5   2   8   0   0   0   0   0 
1.400254e-013
11   1   4   7   9   0   0   0   0   0 
5.302935e-003
11   1   4   6   3   9   0   0   0   0 
3.468272e-013
11   1   5   6   3   9   0   0   0   0 
3.484241e-013
11   1   4   7   9  10   0   0   0   0 
1.771248e-002
11   1   5   6   3  10   0   0   0   0 
1.222850e-002
11   1   4   6   3  10   0   0   0   0 
1.346651e-002
