2  5  1  0 
0.053836
2   8  11   1 
0.006407
3  6  4  1 
0.008637
3  6  5  1 
0.006254
4  1 
0.089454
5  1 
0.076873
6  4  1 
0.011797
6  5  1 
0.008542
7  4  1 
0.084658
8  11   1 
0.075790
9  3  6  4  1 
0.006387
9  3  6  5  1 
0.006387
9  7  4  1  0 
0.006760
10   3   6   4   1   0 
0.014310
10   3   6   5   1   0 
0.014310
10   9   3   6   4   1 
0.011625
10   9   3   6   5   1 
0.011625
10   9   7   4   1   0 
0.012304
11   1 
0.456685
1  5  2  0 
0.027155
1  11   8   2 
0.027155
3  6  5  2 
0.069325
4  1  5  2  0 
0.010694
4   1  11   8   2 
0.010694
4  6  5  2  0 
0.004107
5  2 
0.139283
6  5  2 
0.044385
7  4  1  5  2  0 
0.035073
7   4   1  11   8   2 
0.035073
7  4  6  5  2  0 
0.013472
7  9  3  6  5  2 
0.007866
8  2 
0.080800
9  3  6  5  2 
0.016996
10   3   6   5   2   0 
0.031155
10   9   3   6   5   2 
0.015870
11   8   2 
0.052044
1  4  6  3  0 
0.006128
1  4  7  9  3 
0.004766
1  5  6  3  0 
0.011801
2  5  6  3 
0.230481
4  6  3  0 
0.009989
4  7  9  3 
0.007769
5  6  3 
0.033062
6  3 
0.052245
7  9  3 
0.050904
8  2  5  6  3  0  0 
0.028237
8  11   1   4   6   3   0 
0.014525
8  11   1   4   7   9   3 
0.014525
8  11   1   5   6   3   0 
0.014525
9  3 
0.073642
10   9   3 
0.021210
10   3   0 
0.041638
11   1   4   6   3   0 
0.016224
11   1   4   7   9   3 
0.012619
11   1   5   6   3   0 
0.031246
1  4 
0.035398
2  5  1  4  0 
0.045952
2  5  6  4  0 
0.113719
2   8  11   1   4 
0.004477
3  6  4  0 
0.006981
3  9  7  4 
0.001232
5  1  4 
0.010126
5  6  4 
0.025060
6  4 
0.013033
7  4 
0.076898
8  11   1   4 
0.041080
9  7  4 
0.003572
10   3   6   4   0 
0.021839
10   3   9   7   4 
0.004383
10   9   7   4   0 
0.017256
11   1   4 
0.021873
1  5 
0.083215
2  5 
0.537908
3  6  5 
0.066525
4  1  5 
0.020648
4  6  5 
0.013522
6  5 
0.062292
7  4  1  5  0 
0.066056
7  4  6  5  0 
0.043261
7  9  3  6  5 
0.025261
8  2  5  0 
0.092456
8  11   1   5 
0.028828
9  3  6  5 
0.034854
10   3   6   5   0 
0.031778
10   9   3   6   5 
0.016188
11   1   5 
0.240499
1  4  6 
0.004166
1  5  6 
0.011400
2  5  6 
0.184034
3  6 
0.026631
4  6 
0.022010
5  6 
0.119982
7  4  6  0 
0.018850
7  9  3  6 
0.014661
8  2  5  6  0 
0.035300
8  11   1   4   6 
0.015029
8  11   1   5   6 
0.015029
9  3  6 
0.005789
10   3   6   0 
0.018206
10   9   3   6 
0.009274
11   1   4   6 
0.013268
11   1   5   6 
0.036303
1  4  7 
0.085463
2  5  1  4  7  0 
0.210487
2  5  6  3  9  7 
0.099497
2  5  6  4  7  0 
0.563904
2   8  11   1   4   7 
0.020481
3  9  7 
0.046109
4  7 
0.050163
5  1  4  7  0 
0.046657
5  6  3  9  7 
0.022055
5  6  4  7  0 
0.124997
6  3  9  7 
0.009783
6  4  7  0 
0.055448
8  11   1   4   7 
0.346502
9  7 
0.033349
10   3   9   7 
0.024626
10   9   7   0 
0.129739
11   1   4   7 
0.294738
1  5  2  8 
0.043456
1  11   8   0 
0.157223
2  8 
0.415587
3  6  5  2  8 
0.103714
4  1  5  2  8 
0.037627
4   1  11   8   0 
0.132930
4  6  5  2  8 
0.018852
5  2  8 
0.257192
6  5  2  8 
0.117101
7  4  1  5  2  8 
0.087801
7   4   1  11   8   0 
0.264254
7  4  6  5  2  8 
0.043991
9  3  6  5  2  8  0 
0.002056
9  7  4  1  5  2  8 
0.019781
9   7   4   1  11   8   0 
0.019781
9  7  4  6  5  2  8 
0.011416
10   3   6   5   2   8   0   0 
0.008873
10   9   3   6   5   2   8   0 
0.006450
10   9   7   4   1   5   2   8 
0.048012
10   9   7   4   1  11   8   0 
0.048012
10   9   7   4   6   5   2   8 
0.035816
11   8 
0.296729
1  4  6  3  9 
0.000281
1  4  7  9  0 
0.002261
2  5  1  4  6  3  9 
0.003819
2  5  1  4  7  9  0 
0.022501
2  5  6  3  9  0  0 
0.009401
3  9 
0.035431
4  6  3  9 
0.000443
4  7  9  0 
0.003560
5  1  4  6  3  9 
0.000831
5  1  4  7  9  0 
0.004894
5  6  3  9  0  0 
0.002045
6  3  9 
0.004375
7  9 
0.035154
8  2  5  1  4  6  3  9 
0.006090
8  2  5  1  4  7  9  0 
0.026519
8  2  5  6  3  9  0  0 
0.014991
8  11   1   4   6   3   9   0 
0.006090
8  11   1   4   7   9   0   0 
0.008054
10   3   9 
0.002240
10   9   0 
0.011803
11   1   4   6   3   9 
0.003762
11   1   4   7   9   0 
0.009597
1   4   6   3   9  10 
0.011091
1   4   6   3  10   0 
0.011091
1   4   7   9  10   0 
0.014234
1   5   6   3   9  10 
0.026982
1   5   6   3  10   0 
0.026982
2   5   6   3   9  10 
0.071564
2   5   6   3  10   0 
0.309885
3   9  10 
0.005279
3  10   0 
0.027814
4   6   3   9  10 
0.002935
4   6   3  10   0 
0.002935
4   7   9  10   0 
0.003766
5   6   3   9  10 
0.003812
5   6   3  10   0 
0.020081
6   3   9  10 
0.002738
6   3  10   0 
0.014423
7   9  10 
0.139931
8   2   5   6   3   9  10   0 
0.025332
8   2   5   6   3  10   0   0 
0.025332
8  11   1   4   6   3   9  10 
0.012681
8  11   1   4   6   3  10   0 
0.012681
8  11   1   4   7   9  10   0 
0.014490
8  11   1   5   6   3   9  10 
0.014490
8  11   1   5   6   3  10   0 
0.014490
9  10 
0.017444
11   1   4   6   3   9  10 
0.004820
11   1   4   6   3  10   0 
0.004820
11   1   4   7   9  10   0 
0.006186
11   1   5   6   3   9  10 
0.010063
11   1   5   6   3  10   0 
0.010063
1  11 
0.767681
2   8  11 
0.364367
3   6   4   1  11   0 
0.092046
3   6   5   1  11   0 
0.074583
3   6   5   2   8  11 
0.018799
4   1  11 
0.097403
5   1  11   0 
0.217480
5   2   8  11 
0.025884
6   4   1  11   0 
0.029379
6   5   1  11   0 
0.023806
6   5   2   8  11 
0.006000
7   4   1  11 
0.341525
8  11 
0.661682
9   3   6   4   1  11   0 
0.007847
9   3   6   5   1  11   0 
0.007847
9   3   6   5   2   8  11 
0.005753
9   7   4   1  11   0   0 
0.007910
10   3   6   4   1  11   0   0 
0.036927
10   3   6   5   1  11   0   0 
0.036927
10   3   6   5   2   8  11   0 
0.018130
10   9   3   6   4   1  11   0 
0.024730
10   9   3   6   5   1  11   0 
0.024730
10   9   3   6   5   2   8  11 
0.018130
10   9   7   4   1  11   0   0 
0.024929
