2  5  1  0 
0.110949
2   8  11   1 
0.012263
3  6  4  1 
0.015245
3  6  5  1 
0.011888
4  1 
0.012253
5  1 
0.101986
6  4  1 
0.006354
6  5  1 
0.004955
7  4  1 
0.095026
8  11   1 
0.071822
9  3  6  4  1 
0.006400
9  3  6  5  1 
0.006400
9  7  4  1  0 
0.003491
10   3   6   4   1   0 
0.014305
10   3   6   5   1   0 
0.014305
10   9   3   6   4   1 
0.007036
10   9   3   6   5   1 
0.007036
10   9   7   4   1   0 
0.005054
11   1 
0.437137
1  5  2  0 
0.050336
1  11   8   2 
0.050336
3  6  5  2 
0.044164
4  1  5  2  0 
0.017668
4   1  11   8   2 
0.017668
4  6  5  2  0 
0.006498
5  2 
0.116143
6  5  2 
0.047237
7  4  1  5  2  0 
0.036638
7   4   1  11   8   2 
0.036638
7  4  6  5  2  0 
0.015028
7  9  3  6  5  2 
0.007409
8  2 
0.030788
9  3  6  5  2 
0.016464
10   3   6   5   2   0 
0.035984
10   9   3   6   5   2 
0.011452
11   8   2 
0.046133
1  4  6  3  0 
0.009822
1  4  7  9  3 
0.007387
1  5  6  3  0 
0.015429
2  5  6  3 
0.285588
4  6  3  0 
0.014298
4  7  9  3 
0.010753
5  6  3 
0.037104
6  3 
0.022165
7  9  3 
0.029417
8  2  5  6  3  0  0 
0.022430
8  11   1   4   6   3   0 
0.012945
8  11   1   4   7   9   3 
0.012945
8  11   1   5   6   3   0 
0.012945
9  3 
0.039899
10   9   3 
0.010113
10   3   0 
0.031778
11   1   4   6   3   0 
0.011432
11   1   4   7   9   3 
0.008598
11   1   5   6   3   0 
0.017959
1  4 
0.018302
2  5  1  4  0 
0.059020
2  5  6  4  0 
0.146310
2   8  11   1   4 
0.005559
3  6  4  0 
0.010423
3  9  7  4 
0.001107
5  1  4 
0.010191
5  6  4 
0.025264
6  4 
0.009390
7  4 
0.552736
8  11   1   4 
0.037511
9  7  4 
0.006584
10   3   6   4   0 
0.006905
10   3   9   7   4 
0.001600
10   9   7   4   0 
0.001929
11   1   4 
0.020311
1  5 
0.078733
2  5 
0.732419
3  6  5 
0.042542
4  1  5 
0.016655
4  6  5 
0.012250
6  5 
0.070804
7  4  1  5  0 
0.058131
7  4  6  5  0 
0.042756
7  9  3  6  5 
0.024668
8  2  5  0 
0.105862
8  11   1   5 
0.036658
9  3  6  5 
0.038073
10   3   6   5   0 
0.037673
10   9   3   6   5 
0.011990
11   1   5 
0.169860
1  4  6 
0.009233
1  5  6 
0.024267
2  5  6 
0.186028
3  6 
0.022833
4  6 
0.016054
5  6 
0.064044
7  4  6  0 
0.020189
7  9  3  6 
0.015184
8  2  5  6  0 
0.033651
8  11   1   4   6 
0.016086
8  11   1   5   6 
0.016086
9  3  6 
0.004338
10   3   6   0 
0.020474
10   9   3   6 
0.006516
11   1   4   6 
0.015949
11   1   5   6 
0.040429
1  4  7 
0.074594
2  5  1  4  7  0 
0.195911
2  5  6  3  9  7 
0.054841
2  5  6  4  7  0 
0.516288
2   8  11   1   4   7 
0.017247
3  9  7 
0.054625
4  7 
0.044751
5  1  4  7  0 
0.049723
5  6  3  9  7 
0.013919
5  6  4  7  0 
0.131035
6  3  9  7 
0.004244
6  4  7  0 
0.039951
8  11   1   4   7 
0.264351
9  7 
0.053723
10   3   9   7 
0.034391
10   9   7   0 
0.100040
11   1   4   7 
0.293504
1  5  2  8 
0.038598
1  11   8   0 
0.155064
2  8 
0.355381
3  6  5  2  8 
0.084290
4  1  5  2  8 
0.034969
4   1  11   8   0 
0.131258
4  6  5  2  8 
0.019242
5  2  8 
0.304604
6  5  2  8 
0.097943
7  4  1  5  2  8 
0.075328
7   4   1  11   8   0 
0.233017
7  4  6  5  2  8 
0.041449
9  3  6  5  2  8  0 
0.002071
9  7  4  1  5  2  8 
0.011569
9   7   4   1  11   8   0 
0.011569
9  7  4  6  5  2  8 
0.007854
10   3   6   5   2   8   0   0 
0.023382
10   9   3   6   5   2   8   0 
0.009612
10   9   7   4   1   5   2   8 
0.049004
10   9   7   4   1  11   8   0 
0.049004
10   9   7   4   6   5   2   8 
0.036447
11   8 
0.377066
1  4  6  3  9 
0.000469
1  4  7  9  0 
0.003225
2  5  1  4  6  3  9 
0.004508
2  5  1  4  7  9  0 
0.023411
2  5  6  3  9  0  0 
0.010021
3  9 
0.034304
4  6  3  9 
0.000824
4  7  9  0 
0.005664
5  1  4  6  3  9 
0.001563
5  1  4  7  9  0 
0.008116
5  6  3  9  0  0 
0.003474
6  3  9 
0.003012
7  9 
0.040017
8  2  5  1  4  6  3  9 
0.002373
8  2  5  1  4  7  9  0 
0.002373
8  2  5  6  3  9  0  0 
0.002373
8  11   1   4   6   3   9   0 
0.000738
8  11   1   4   7   9   0   0 
0.000738
10   3   9 
0.004058
10   9   0 
0.011803
11   1   4   6   3   9 
0.003634
11   1   4   7   9   0 
0.004980
1   4   6   3   9  10 
0.011135
1   4   6   3  10   0 
0.011135
1   4   7   9  10   0 
0.012639
1   5   6   3   9  10 
0.025279
1   5   6   3  10   0 
0.025279
2   5   6   3   9  10 
0.080980
2   5   6   3  10   0 
0.351397
3   9  10 
0.004522
3  10   0 
0.022864
4   6   3   9  10 
0.003604
4   6   3  10   0 
0.003604
4   7   9  10   0 
0.004091
5   6   3   9  10 
0.004211
5   6   3  10   0 
0.021293
6   3   9  10 
0.002656
6   3  10   0 
0.013430
7   9  10 
0.105859
8   2   5   6   3   9  10   0 
0.020092
8   2   5   6   3  10   0   0 
0.020092
8  11   1   4   6   3   9  10 
0.012366
8  11   1   4   6   3  10   0 
0.012366
8  11   1   4   7   9  10   0 
0.012609
8  11   1   5   6   3   9  10 
0.012609
8  11   1   5   6   3  10   0 
0.012609
9  10 
0.010671
11   1   4   6   3   9  10 
0.004994
11   1   4   6   3  10   0 
0.004994
11   1   4   7   9  10   0 
0.005668
11   1   5   6   3   9  10 
0.009562
11   1   5   6   3  10   0 
0.009562
1  11 
0.642250
2   8  11 
0.289126
3   6   4   1  11   0 
0.099140
3   6   5   1  11   0 
0.085858
3   6   5   2   8  11 
0.018065
4   1  11 
0.163543
5   1  11   0 
0.216353
5   2   8  11 
0.023914
6   4   1  11   0 
0.029610
6   5   1  11   0 
0.025643
6   5   2   8  11 
0.005395
7   4   1  11 
0.341607
8  11 
0.640567
9   3   6   4   1  11   0 
0.008106
9   3   6   5   1  11   0 
0.008106
9   3   6   5   2   8  11 
0.005962
9   7   4   1  11   0   0 
0.004217
10   3   6   4   1  11   0   0 
0.054871
10   3   6   5   1  11   0   0 
0.054871
10   3   6   5   2   8  11   0 
0.017873
10   9   3   6   4   1  11   0 
0.024300
10   9   3   6   5   1  11   0 
0.024300
10   9   3   6   5   2   8  11 
0.017873
10   9   7   4   1  11   0   0 
0.012643
