2  5  1  0 
0.051003
2   8  11   1 
0.005723
3  6  4  1 
0.006162
3  6  5  1 
0.004332
4  1 
0.007680
5  1 
0.094796
6  4  1 
0.015511
6  5  1 
0.010903
7  4  1 
0.092115
8  11   1 
0.068277
9  3  6  4  1 
0.013484
9  3  6  5  1 
0.013484
9  7  4  1  0 
0.006427
10   3   6   4   1   0 
0.018660
10   3   6   5   1   0 
0.018660
10   9   3   6   4   1 
0.003199
10   9   3   6   5   1 
0.003199
10   9   7   4   1   0 
0.003199
11   1 
0.443049
1  5  2  0 
0.031502
1  11   8   2 
0.031502
3  6  5  2 
0.033069
4  1  5  2  0 
0.019000
4   1  11   8   2 
0.019000
4  6  5  2  0 
0.007724
5  2 
0.095128
6  5  2 
0.044881
7  4  1  5  2  0 
0.037367
7   4   1  11   8   2 
0.037367
7  4  6  5  2  0 
0.015190
7  9  3  6  5  2 
0.009927
8  2 
0.034488
9  3  6  5  2 
0.006679
10   3   6   5   2   0 
0.033248
10   9   3   6   5   2 
0.003859
11   8   2 
0.046611
1  4  6  3  0 
0.011158
1  4  7  9  3 
0.011507
1  5  6  3  0 
0.018060
2  5  6  3 
0.320635
4  6  3  0 
0.012703
4  7  9  3 
0.013100
5  6  3 
0.021773
6  3 
0.014317
7  9  3 
0.035739
8  2  5  6  3  0  0 
0.017682
8  11   1   4   6   3   0 
0.015378
8  11   1   4   7   9   3 
0.015378
8  11   1   5   6   3   0 
0.015378
9  3 
0.035824
10   9   3 
0.004984
10   3   0 
0.042934
11   1   4   6   3   0 
0.012373
11   1   4   7   9   3 
0.012759
11   1   5   6   3   0 
0.020025
1  4 
0.025916
2  5  1  4  0 
0.046078
2  5  6  4  0 
0.107611
2   8  11   1   4 
0.003897
3  6  4  0 
0.006238
3  9  7  4 
0.001182
5  1  4 
0.014936
5  6  4 
0.034881
6  4 
0.010626
7  4 
0.496991
8  11   1   4 
0.025979
9  7  4 
0.012176
10   3   6   4   0 
0.006844
10   3   9   7   4 
0.002019
10   9   7   4   0 
0.000542
11   1   4 
0.023046
1  5 
0.061792
2  5 
0.649579
3  6  5 
0.028809
4  1  5 
0.015244
4  6  5 
0.010390
6  5 
0.043366
7  4  1  5  0 
0.036125
7  4  6  5  0 
0.024623
7  9  3  6  5 
0.017325
8  2  5  0 
0.101784
8  11   1   5 
0.048021
9  3  6  5 
0.028378
10   3   6   5   0 
0.042736
10   9   3   6   5 
0.004961
11   1   5 
0.121919
1  4  6 
0.009261
1  5  6 
0.022305
2  5  6 
0.215908
3  6 
0.013940
4  6 
0.017373
5  6 
0.053066
7  4  6  0 
0.011344
7  9  3  6 
0.011699
8  2  5  6  0 
0.015127
8  11   1   4   6 
0.010100
8  11   1   5   6 
0.010100
9  3  6 
0.002820
10   3   6   0 
0.023075
10   9   3   6 
0.002679
11   1   4   6 
0.023870
11   1   5   6 
0.057489
1  4  7 
0.070882
2  5  1  4  7  0  0 
0.174664
2  5  6  3  9  7  0 
0.088743
2   5   6   3  10   9   7 
0.044116
2  5  6  4  7  0  0 
0.426168
2   8  11   1   4   7   0 
0.015528
3  9  7  0 
0.010500
3  10   9   7 
0.005220
4  7 
0.039513
5  1  4  7  0  0 
0.045490
5  6  3  9  7  0 
0.023112
5   6   3  10   9   7 
0.011489
5  6  4  7  0  0 
0.110991
6  3  9  7  0 
0.004900
6   3  10   9   7 
0.002436
6  4  7  0  0 
0.023533
8  11   1   4   7 
0.270669
9  7 
0.018101
10   9   7 
0.120233
11   1   4   7 
0.264440
1  5  2  8 
0.044697
1  11   8   0 
0.187925
2  8 
0.322989
3  6  5  2  8 
0.086234
4  1  5  2  8 
0.038123
4   1  11   8   0 
0.130254
4  6  5  2  8 
0.017059
5  2  8 
0.319351
6  5  2  8 
0.104403
7  4  1  5  2  8 
0.064778
7   4   1  11   8   0 
0.158000
7  4  6  5  2  8 
0.028986
9  3  6  5  2  8  0 
0.001050
9  7  4  1  5  2  8 
0.007134
9   7   4   1  11   8   0 
0.007134
9  7  4  6  5  2  8 
0.006331
10   3   6   5   2   8   0   0 
0.029105
10   9   3   6   5   2   8   0 
0.004742
10   9   7   4   1   5   2   8 
0.026341
10   9   7   4   1  11   8   0 
0.026341
10   9   7   4   6   5   2   8 
0.026341
11   8 
0.312152
1   4   6   3  10   9 
0.000957
1  4  6  3  9  0 
0.000957
1  4  7  9  0  0 
0.002824
2   5   1   4   6   3  10   9 
0.005131
2  5  1  4  6  3  9  0 
0.005131
2  5  1  4  7  9  0  0 
0.013885
2   5   6   3  10   9   0   0 
0.008466
2  5  6  3  9  0  0  0 
0.008466
3  10   9 
0.027328
3  9  0 
0.054974
4   6   3  10   9 
0.000587
4  6  3  9  0 
0.000587
4  7  9  0  0 
0.001732
5   1   4   6   3  10   9 
0.002020
5  1  4  6  3  9  0 
0.002020
5  1  4  7  9  0  0 
0.005467
5   6   3  10   9   0   0 
0.003333
5  6  3  9  0  0  0 
0.003333
6   3  10   9 
0.000733
6  3  9  0 
0.000825
7  9 
0.026452
8   2   5   1   4   6   3  10   9 
0.004139
8  2  5  1  4  6  3  9  0 
0.004139
8  2  5  1  4  7  9  0  0 
0.004812
8   2   5   6   3  10   9   0   0 
0.004812
8  2  5  6  3  9  0  0  0 
0.004812
8  11   1   4   6   3  10   9   0 
0.001410
8  11   1   4   6   3   9   0   0 
0.001410
8  11   1   4   7   9   0   0   0 
0.001410
10   9 
0.019219
11   1   4   6   3  10   9 
0.002846
11   1   4   6   3   9   0 
0.002846
11   1   4   7   9   0   0 
0.002846
1   4   6   3   9  10 
0.011366
1   4   6   3  10   0 
0.011366
1   4   7   9  10   0 
0.009502
1   5   6   3   9  10 
0.025066
1   5   6   3  10   0 
0.025066
2   5   6   3   9  10 
0.103852
2   5   6   3  10   0 
0.376550
3   9  10 
0.003582
3  10   0 
0.015341
4   6   3   9  10 
0.002896
4   6   3  10   0 
0.002896
4   7   9  10   0 
0.002421
5   6   3   9  10 
0.008137
5   6   3  10   0 
0.034846
6   3   9  10 
0.003026
6   3  10   0 
0.012960
7   9  10 
0.097522
8   2   5   6   3   9  10   0 
0.018868
8   2   5   6   3  10   0   0 
0.018868
8  11   1   4   6   3   9  10 
0.015688
8  11   1   4   6   3  10   0 
0.015688
8  11   1   4   7   9  10   0 
0.013451
8  11   1   5   6   3   9  10 
0.015688
8  11   1   5   6   3  10   0 
0.015688
9  10 
0.015715
11   1   4   6   3   9  10 
0.009947
11   1   4   6   3  10   0 
0.009947
11   1   4   7   9  10   0 
0.008316
11   1   5   6   3   9  10 
0.021936
11   1   5   6   3  10   0 
0.021936
1  11 
0.450174
2   8  11 
0.355974
3   6   4   1  11   0 
0.057508
3   6   5   1  11   0 
0.044958
3   6   5   2   8  11 
0.012716
4   1  11 
0.115526
5   1  11   0 
0.263543
5   2   8  11 
0.029573
6   4   1  11   0 
0.051442
6   5   1  11   0 
0.040216
6   5   2   8  11 
0.011375
7   4   1  11 
0.318007
8  11 
0.585378
9   3   6   4   1  11   0 
0.005867
9   3   6   5   1  11   0 
0.005867
9   3   6   5   2   8  11 
0.005867
9   7   4   1  11   0   0 
0.002673
10   3   6   4   1  11   0   0 
0.048577
10   3   6   5   1  11   0   0 
0.048577
10   3   6   5   2   8  11   0 
0.018022
10   9   3   6   4   1  11   0 
0.008207
10   9   3   6   5   1  11   0 
0.008207
10   9   3   6   5   2   8  11 
0.008207
10   9   7   4   1  11   0   0 
0.005056
