2 1 0.254094 0.094979 * 2  5  1  0 
2 1 0.352529 0.009655 * 2   8  11   1 
3 1 0.350747 0.013184 * 3  6  4  1 
3 1 0.329470 0.010887 * 3  6  5  1 
4 1 0.122585 0.016848 * 4  1 
5 1 0.109637 0.116804 * 5  1 
6 1 0.240686 0.013366 * 6  4  1 
6 1 0.219410 0.011037 * 6  5  1 
7 1 0.238068 0.084006 * 7  4  1 
8 1 0.236877 0.078395 * 8  11   1 
9 1 0.452105 0.002351 * 9  3  6  4  1 
9 1 0.430829 0.002351 * 9  3  6  5  1 
9 1 0.339975 0.002320 * 9  7  4  1  0 
10 1 0.455545 0.011133 * 10   3   6   4   1   0 
10 1 0.434268 0.011133 * 10   3   6   5   1   0 
10 1 0.553435 0.005477 * 10   9   3   6   4   1 
10 1 0.532158 0.005477 * 10   9   3   6   5   1 
10 1 0.441304 0.005405 * 10   9   7   4   1   0 
11 1 0.120427 0.518388 * 11   1 
1 2 0.233804 0.036908 * 1  5  2  0 
1 2 0.349551 0.036908 * 1  11   8   2 
3 2 0.338395 0.036425 * 3  6  5  2 
4 2 0.356389 0.010794 * 4  1  5  2  0 
4 2 0.472136 0.010794 * 4   1  11   8   2 
4 2 0.330087 0.005095 * 4  6  5  2  0 
5 2 0.118562 0.099361 * 5  2 
6 2 0.228334 0.082645 * 6  5  2 
7 2 0.471872 0.185553 * 7  4  1  5  2  0 
7 2 0.587618 0.185553 * 7   4   1  11   8   2 
7 2 0.445569 0.087579 * 7  4  6  5  2  0 
7 2 0.541494 0.049490 * 7  9  3  6  5  2 
8 2 0.105691 0.037877 * 8  2 
9 2 0.439753 0.005487 * 9  3  6  5  2 
10 2 0.443193 0.027142 * 10   3   6   5   2   0 
10 2 0.541083 0.009197 * 10   9   3   6   5   2 
11 2 0.218631 0.073669 * 11   8   2 
1 3 0.330338 0.012186 * 1  4  6  3  0 
1 3 0.438126 0.007880 * 1  4  7  9  3 
1 3 0.363750 0.025464 * 1  5  6  3  0 
2 3 0.392965 0.245868 * 2  5  6  3 
4 3 0.217624 0.022705 * 4  6  3  0 
4 3 0.325412 0.013593 * 4  7  9  3 
5 3 0.248508 0.043635 * 5  6  3 
6 3 0.115872 0.049699 * 6  3 
7 3 0.203099 0.031498 * 7  9  3 
8 3 0.498656 0.018209 * 8  2  5  6  3  0  0 
8 3 0.567215 0.008127 * 8  11   1   4   6   3   0 
8 3 0.675003 0.008127 * 8  11   1   4   7   9   3 
8 3 0.600628 0.008127 * 8  11   1   5   6   3   0 
9 3 0.101358 0.057173 * 9  3 
10 3 0.202688 0.013609 * 10   9   3 
10 3 0.104798 0.040165 * 10   3   0 
11 3 0.450764 0.025606 * 11   1   4   6   3   0 
11 3 0.558553 0.016557 * 11   1   4   7   9   3 
11 3 0.484177 0.053505 * 11   1   5   6   3   0 
1 4 0.112714 0.033337 * 1  4 
2 4 0.366807 0.048972 * 2  5  1  4  0 
2 4 0.395194 0.112122 * 2  5  6  4  0 
2 4 0.465243 0.004163 * 2   8  11   1   4 
3 4 0.228162 0.061216 * 3  6  4  0 
3 4 0.318408 0.007970 * 3  9  7  4 
5 4 0.222351 0.009535 * 5  1  4 
5 4 0.250737 0.021831 * 5  6  4 
6 4 0.118101 0.029401 * 6  4 
7 4 0.115482 0.045638 * 7  4 
8 4 0.349591 0.037126 * 8  11   1   4 
9 4 0.217389 0.005472 * 9  7  4 
10 4 0.332960 0.003671 * 10   3   6   4   0 
10 4 0.423207 0.003671 * 10   3   9   7   4 
10 4 0.318719 0.001983 * 10   9   7   4   0 
11 4 0.233140 0.058740 * 11   1   4 
1 5 0.115243 0.087961 * 1  5 
2 5 0.144457 0.694262 * 2  5 
3 5 0.219833 0.048578 * 3  6  5 
4 5 0.237828 0.020494 * 4  1  5 
4 5 0.211525 0.011599 * 4  6  5 
6 5 0.109773 0.064729 * 6  5 
7 5 0.353310 0.061360 * 7  4  1  5  0 
7 5 0.327007 0.034728 * 7  4  6  5  0 
7 5 0.422933 0.015399 * 7  9  3  6  5 
8 5 0.250148 0.148357 * 8  2  5  0 
8 5 0.352120 0.044782 * 8  11   1   5 
9 5 0.321192 0.013364 * 9  3  6  5 
10 5 0.324631 0.023316 * 10   3   6   5   0 
10 5 0.422521 0.007900 * 10   9   3   6   5 
11 5 0.235669 0.229296 * 11   1   5 
1 6 0.214466 0.011430 * 1  4  6 
1 6 0.247879 0.038183 * 1  5  6 
2 6 0.277093 0.244350 * 2  5  6 
3 6 0.110060 0.019027 * 3  6 
4 6 0.101752 0.019246 * 4  6 
5 6 0.132636 0.058257 * 5  6 
7 6 0.217235 0.014297 * 7  4  6  0 
7 6 0.313160 0.008559 * 7  9  3  6 
8 6 0.382784 0.028302 * 8  2  5  6  0 
8 6 0.451343 0.011100 * 8  11   1   4   6 
8 6 0.484756 0.011100 * 8  11   1   5   6 
9 6 0.211419 0.003745 * 9  3  6 
10 6 0.214859 0.019003 * 10   3   6   0 
10 6 0.312748 0.006439 * 10   9   3   6 
11 6 0.334893 0.017996 * 11   1   4   6 
11 6 0.368305 0.048341 * 11   1   5   6 
1 7 0.235026 0.095674 * 1  4  7 
2 7 0.489120 0.199127 * 2  5  1  4  7  0 
2 7 0.595891 0.062083 * 2  5  6  3  9  7 
2 7 0.517507 0.476858 * 2  5  6  4  7  0 
2 7 0.587556 0.016299 * 2   8  11   1   4   7 
3 7 0.202926 0.017389 * 3  9  7 
4 7 0.122313 0.160403 * 4  7 
5 7 0.344663 0.047879 * 5  1  4  7  0 
5 7 0.451434 0.014927 * 5  6  3  9  7 
5 7 0.373050 0.114658 * 5  6  4  7  0 
6 7 0.318798 0.003478 * 6  3  9  7 
6 7 0.240414 0.026718 * 6  4  7  0 
8 7 0.471904 0.273162 * 8  11   1   4   7 
9 7 0.101907 0.018408 * 9  7 
10 7 0.307724 0.016936 * 10   3   9   7 
10 7 0.203236 0.079417 * 10   9   7   0 
11 7 0.355453 0.260336 * 11   1   4   7 
1 8 0.349456 0.061169 * 1  5  2  8 
1 8 0.243859 0.219957 * 1  11   8   0 
2 8 0.115652 0.366067 * 2  8 
3 8 0.454047 0.086894 * 3  6  5  2  8 
4 8 0.472041 0.042276 * 4  1  5  2  8 
4 8 0.366444 0.122081 * 4   1  11   8   0 
4 8 0.445739 0.015034 * 4  6  5  2  8 
5 8 0.234214 0.363402 * 5  2  8 
6 8 0.343986 0.100634 * 6  5  2  8 
7 8 0.587524 0.070546 * 7  4  1  5  2  8 
7 8 0.481927 0.151904 * 7   4   1  11   8   0 
7 8 0.561221 0.025087 * 7  4  6  5  2  8 
9 8 0.555405 0.000920 * 9  3  6  5  2  8  0 
9 8 0.689431 0.008560 * 9  7  4  1  5  2  8 
9 8 0.583834 0.008560 * 9   7   4   1  11   8   0 
9 8 0.663128 0.004690 * 9  7  4  6  5  2  8 
10 8 0.558845 0.011671 * 10   3   6   5   2   8   0   0 
10 8 0.656734 0.004895 * 10   9   3   6   5   2   8   0 
10 8 0.790760 0.040733 * 10   9   7   4   1   5   2   8 
10 8 0.685163 0.040733 * 10   9   7   4   1  11   8   0 
10 8 0.764457 0.024940 * 10   9   7   4   6   5   2   8 
11 8 0.112940 0.363981 * 11   8 
1 9 0.431357 0.000772 * 1  4  6  3  9 
1 9 0.336767 0.006395 * 1  4  7  9  0 
2 9 0.685450 0.003317 * 2  5  1  4  6  3  9 
2 9 0.590861 0.019595 * 2  5  1  4  7  9  0 
2 9 0.493984 0.008537 * 2  5  6  3  9  0  0 
3 9 0.101019 0.017819 * 3  9 
4 9 0.318643 0.000263 * 4  6  3  9 
4 9 0.224054 0.002176 * 4  7  9  0 
5 9 0.540994 0.001869 * 5  1  4  6  3  9 
5 9 0.446404 0.011041 * 5  1  4  7  9  0 
5 9 0.349527 0.004810 * 5  6  3  9  0  0 
6 9 0.216891 0.003075 * 6  3  9 
7 9 0.101741 0.030751 * 7  9 
8 9 0.791142 0.002810 * 8  2  5  1  4  6  3  9 
8 9 0.696553 0.004316 * 8  2  5  1  4  7  9  0 
8 9 0.599675 0.004316 * 8  2  5  6  3  9  0  0 
8 9 0.668234 0.001099 * 8  11   1   4   6   3   9   0 
8 9 0.573645 0.001099 * 8  11   1   4   7   9   0   0 
10 9 0.205817 0.001763 * 10   3   9 
10 9 0.101329 0.008267 * 10   9   0 
11 9 0.551783 0.003818 * 11   1   4   6   3   9 
11 9 0.457194 0.007713 * 11   1   4   7   9   0 
1 10 0.532428 0.010526 * 1   4   6   3   9  10 
1 10 0.438743 0.010526 * 1   4   6   3  10   0 
1 10 0.437839 0.015329 * 1   4   7   9  10   0 
1 10 0.565840 0.032042 * 1   5   6   3   9  10 
1 10 0.472156 0.032042 * 1   5   6   3  10   0 
2 10 0.595055 0.086043 * 2   5   6   3   9  10 
2 10 0.501370 0.327652 * 2   5   6   3  10   0 
3 10 0.202090 0.002708 * 3   9  10 
3 10 0.108406 0.012698 * 3  10   0 
4 10 0.419714 0.002491 * 4   6   3   9  10 
4 10 0.326030 0.002491 * 4   6   3  10   0 
4 10 0.325125 0.003627 * 4   7   9  10   0 
5 10 0.450598 0.008733 * 5   6   3   9  10 
5 10 0.356914 0.040952 * 5   6   3  10   0 
6 10 0.317962 0.003720 * 6   3   9  10 
6 10 0.224278 0.017442 * 6   3  10   0 
7 10 0.202812 0.073328 * 7   9  10 
8 10 0.700746 0.028453 * 8   2   5   6   3   9  10   0 
8 10 0.607062 0.028453 * 8   2   5   6   3  10   0   0 
8 10 0.769305 0.013346 * 8  11   1   4   6   3   9  10 
8 10 0.675621 0.013346 * 8  11   1   4   6   3  10   0 
8 10 0.674716 0.014904 * 8  11   1   4   7   9  10   0 
8 10 0.802718 0.014904 * 8  11   1   5   6   3   9  10 
8 10 0.709033 0.014904 * 8  11   1   5   6   3  10   0 
9 10 0.101071 0.020958 * 9  10 
11 10 0.652854 0.007170 * 11   1   4   6   3   9  10 
11 10 0.559170 0.007170 * 11   1   4   6   3  10   0 
11 10 0.558265 0.010442 * 11   1   4   7   9  10   0 
11 10 0.686267 0.019638 * 11   1   5   6   3   9  10 
11 10 0.592583 0.019638 * 11   1   5   6   3  10   0 
1 11 0.130919 0.531880 * 1  11 
2 11 0.232102 0.290648 * 2   8  11 
3 11 0.481666 0.086126 * 3   6   4   1  11   0 
3 11 0.460390 0.078352 * 3   6   5   1  11   0 
3 11 0.570497 0.017825 * 3   6   5   2   8  11 
4 11 0.253505 0.062938 * 4   1  11 
5 11 0.240556 0.282747 * 5   1  11   0 
5 11 0.350664 0.028742 * 5   2   8  11 
6 11 0.371606 0.057500 * 6   4   1  11   0 
6 11 0.350329 0.052310 * 6   5   1  11   0 
6 11 0.460437 0.011901 * 6   5   2   8  11 
7 11 0.368987 0.260795 * 7   4   1  11 
8 11 0.116451 0.730560 * 8  11 
9 11 0.583025 0.004500 * 9   3   6   4   1  11   0 
9 11 0.561748 0.004500 * 9   3   6   5   1  11   0 
9 11 0.671856 0.004500 * 9   3   6   5   2   8  11 
9 11 0.470894 0.004246 * 9   7   4   1  11   0   0 
10 11 0.586464 0.039374 * 10   3   6   4   1  11   0   0 
10 11 0.565188 0.039374 * 10   3   6   5   1  11   0   0 
10 11 0.675295 0.019161 * 10   3   6   5   2   8  11   0 
10 11 0.684354 0.016960 * 10   9   3   6   4   1  11   0 
10 11 0.663077 0.016960 * 10   9   3   6   5   1  11   0 
10 11 0.773185 0.016960 * 10   9   3   6   5   2   8  11 
10 11 0.572223 0.016001 * 10   9   7   4   1  11   0   0 
