2 1 2 0.104715 * 2  5  1 
3 1 3 0.013131 * 3  6  4  1 
3 1 3 0.013131 * 3  6  5  1 
4 1 1 0.065699 * 4  1 
5 1 1 0.207511 * 5  1 
6 1 2 0.018367 * 6  4  1 
6 1 2 0.018367 * 6  5  1 
7 1 2 0.096998 * 7  4  1 
8 1 2 0.102715 * 8  11   1 
9 1 3 0.023475 * 9  7  4  1 
10 1 4 0.017850 * 10   3   6   4   1 
10 1 4 0.017850 * 10   3   6   5   1 
10 1 4 0.017850 * 10   9   7   4   1 
11 1 1 0.360021 * 11   1 
1 2 2 0.117776 * 1  5  2 
3 2 3 0.088214 * 3  6  5  2 
4 2 3 0.020044 * 4  1  5  2 
4 2 3 0.020044 * 4  6  5  2 
5 2 1 0.189732 * 5  2 
6 2 2 0.064370 * 6  5  2 
7 2 4 0.057017 * 7  4  1  5  2 
7 2 4 0.057017 * 7  4  6  5  2 
8 2 1 0.069547 * 8  2 
9 2 4 0.014206 * 9  3  6  5  2 
10 2 4 0.032185 * 10   3   6   5   2 
11 2 2 0.088623 * 11   8   2 
1 3 3 0.013846 * 1  4  6  3 
1 3 3 0.013846 * 1  5  6  3 
2 3 3 0.182421 * 2  5  6  3 
4 3 2 0.039607 * 4  6  3 
5 3 2 0.040196 * 5  6  3 
6 3 1 0.079150 * 6  3 
7 3 2 0.128227 * 7  9  3 
8 3 4 0.055754 * 8  2  5  6  3 
9 3 1 0.066867 * 9  3 
10 3 1 0.076200 * 10   3 
11 3 4 0.041077 * 11   1   4   6   3 
11 3 4 0.041077 * 11   1   5   6   3 
1 4 1 0.026162 * 1  4 
2 4 3 0.061797 * 2  5  1  4 
2 4 3 0.061797 * 2  5  6  4 
3 4 2 0.019860 * 3  6  4 
5 4 2 0.031583 * 5  1  4 
5 4 2 0.031583 * 5  6  4 
6 4 1 0.025704 * 6  4 
7 4 1 0.347160 * 7  4 
8 4 3 0.022954 * 8  11   1   4 
9 4 2 0.014125 * 9  7  4 
10 4 3 0.014709 * 10   3   6   4 
10 4 3 0.014709 * 10   9   7   4 
11 4 2 0.048061 * 11   1   4 
1 5 1 0.144685 * 1  5 
2 5 1 0.500324 * 2  5 
3 5 2 0.058357 * 3  6  5 
4 5 2 0.022255 * 4  1  5 
4 5 2 0.022255 * 4  6  5 
6 5 1 0.082494 * 6  5 
7 5 3 0.063699 * 7  4  1  5 
7 5 3 0.063699 * 7  4  6  5 
8 5 2 0.196849 * 8  2  5 
9 5 3 0.041137 * 9  3  6  5 
10 5 3 0.082754 * 10   3   6   5 
11 5 2 0.246696 * 11   1   5 
1 6 2 0.034880 * 1  4  6 
1 6 2 0.034880 * 1  5  6 
2 6 2 0.224470 * 2  5  6 
3 6 1 0.077662 * 3  6 
4 6 1 0.023082 * 4  6 
5 6 1 0.071946 * 5  6 
7 6 2 0.062380 * 7  4  6 
8 6 3 0.037684 * 8  2  5  6 
9 6 2 0.010293 * 9  3  6 
10 6 2 0.021734 * 10   3   6 
11 6 3 0.034461 * 11   1   4   6 
11 6 3 0.034461 * 11   1   5   6 
1 7 2 0.070208 * 1  4  7 
2 7 4 0.311224 * 2  5  1  4  7 
2 7 4 0.311224 * 2  5  6  4  7 
3 7 2 0.097816 * 3  9  7 
4 7 1 0.066148 * 4  7 
5 7 3 0.126843 * 5  1  4  7 
5 7 3 0.126843 * 5  6  4  7 
6 7 2 0.067218 * 6  4  7 
8 7 4 0.285405 * 8  11   1   4   7 
9 7 1 0.013511 * 9  7 
10 7 2 0.184046 * 10   9   7 
11 7 3 0.339115 * 11   1   4   7 
1 8 2 0.197814 * 1  11   8 
2 8 1 0.359338 * 2  8 
3 8 4 0.104141 * 3  6  5  2  8 
4 8 3 0.210443 * 4   1  11   8 
5 8 2 0.359634 * 5  2  8 
6 8 3 0.162056 * 6  5  2  8 
7 8 4 0.437801 * 7   4   1  11   8 
9 8 5 0.021384 * 9  3  6  5  2  8 
9 8 5 0.021384 * 9   7   4   1  11   8 
10 8 5 0.123320 * 10   3   6   5   2   8 
11 8 1 0.397156 * 11   8 
1 9 3 0.005613 * 1  4  7  9 
2 9 4 0.036009 * 2  5  6  3  9 
3 9 1 0.042339 * 3  9 
4 9 2 0.009448 * 4  7  9 
5 9 3 0.075928 * 5  6  3  9 
6 9 2 0.006319 * 6  3  9 
7 9 1 0.009582 * 7  9 
8 9 5 0.012841 * 8  2  5  6  3  9 
8 9 5 0.012841 * 8  11   1   4   7   9 
10 9 1 0.022291 * 10   9 
11 9 4 0.015020 * 11   1   4   7   9 
1 10 4 0.023490 * 1   4   6   3  10 
1 10 4 0.023490 * 1   4   7   9  10 
1 10 4 0.036709 * 1   5   6   3  10 
2 10 4 0.220552 * 2   5   6   3  10 
3 10 1 0.032617 * 3  10 
4 10 3 0.008971 * 4   6   3  10 
4 10 3 0.008971 * 4   7   9  10 
5 10 3 0.049908 * 5   6   3  10 
6 10 2 0.025503 * 6   3  10 
7 10 2 0.133845 * 7   9  10 
8 10 5 0.084185 * 8   2   5   6   3  10 
9 10 1 0.036448 * 9  10 
11 10 5 0.014438 * 11   1   4   6   3  10 
11 10 5 0.014438 * 11   1   4   7   9  10 
11 10 5 0.015677 * 11   1   5   6   3  10 
1 11 1 0.448000 * 1  11 
2 11 2 0.410062 * 2   8  11 
3 11 4 0.099640 * 3   6   4   1  11 
3 11 4 0.099640 * 3   6   5   1  11 
4 11 2 0.071072 * 4   1  11 
5 11 2 0.303383 * 5   1  11 
6 11 3 0.065228 * 6   4   1  11 
6 11 3 0.065228 * 6   5   1  11 
7 11 3 0.435905 * 7   4   1  11 
8 11 1 0.891101 * 8  11 
9 11 4 0.025706 * 9   7   4   1  11 
10 11 5 0.063979 * 10   3   6   4   1  11 
10 11 5 0.063979 * 10   3   6   5   1  11 
10 11 5 0.063979 * 10   9   7   4   1  11 
