2  5  1 
0.098700
3  6  4  1 
0.015377
3  6  5  1 
0.015377
4  1 
0.095689
5  1 
0.099367
6  4  1 
0.014470
6  5  1 
0.014470
7  4  1 
0.103064
8  11   1 
0.095559
9  7  4  1 
0.020689
10   3   6   4   1 
0.014990
10   3   6   5   1 
0.014990
10   9   7   4   1 
0.014990
11   1 
0.418731
1  5  2 
0.113951
3  6  5  2 
0.088645
4  1  5  2 
0.015070
4  6  5  2 
0.015070
5  2 
0.117337
6  5  2 
0.061379
7  4  1  5  2 
0.086179
7  4  6  5  2 
0.086179
8  2 
0.031430
9  3  6  5  2 
0.013564
10   3   6   5   2 
0.058289
11   8   2 
0.101144
1  4  6  3 
0.022870
1  5  6  3 
0.022870
2  5  6  3 
0.185097
4  6  3 
0.024427
5  6  3 
0.046400
6  3 
0.064954
7  9  3 
0.124630
8  2  5  6  3 
0.043188
9  3 
0.088405
10   3 
0.089260
11   1   4   6   3 
0.047531
11   1   5   6   3 
0.047531
1  4 
0.038749
2  5  1  4 
0.067169
2  5  6  4 
0.067169
3  6  4 
0.013657
5  1  4 
0.018705
5  6  4 
0.018705
6  4 
0.022450
7  4 
0.094268
8  11   1   4 
0.039426
9  7  4 
0.017052
10   3   6   4 
0.014857
10   9   7   4 
0.014857
11   1   4 
0.032017
1  5 
0.062783
2  5 
0.591053
3  6  5 
0.047610
4  1  5 
0.016483
4  6  5 
0.016483
6  5 
0.066493
7  4  1  5 
0.049683
7  4  6  5 
0.049683
8  2  5 
0.112551
9  3  6  5 
0.031987
10   3   6   5 
0.038496
11   1   5 
0.172744
1  4  6 
0.011906
1  5  6 
0.011906
2  5  6 
0.200382
3  6 
0.053478
4  6 
0.020685
5  6 
0.054229
7  4  6 
0.063312
8  2  5  6 
0.066223
9  3  6 
0.005940
10   3   6 
0.027501
11   1   4   6 
0.030841
11   1   5   6 
0.030841
1  4  7 
0.074452
2  5  1  4  7 
0.332159
2  5  6  4  7 
0.332159
3  9  7 
0.034008
4  7 
0.111931
5  1  4  7 
0.141343
5  6  4  7 
0.141343
6  4  7 
0.082921
8  11   1   4   7 
0.321454
9  7 
0.023938
10   9   7 
0.172474
11   1   4   7 
0.332439
1  11   8 
0.171609
2  8 
0.367579
3  6  5  2  8 
0.098974
4   1  11   8 
0.208111
5  2  8 
0.294777
6  5  2  8 
0.165956
7   4   1  11   8 
0.426699
9  3  6  5  2  8 
0.029532
9   7   4   1  11   8 
0.029532
10   3   6   5   2   8 
0.148559
11   8 
0.354215
1  4  7  9 
0.003610
2  5  6  3  9 
0.024023
3  9 
0.055456
4  7  9 
0.007368
5  6  3  9 
0.013328
6  3  9 
0.004330
7  9 
0.057378
8  2  5  6  3  9 
0.007275
8  11   1   4   7   9 
0.007275
10   9 
0.009284
11   1   4   7   9 
0.014027
1   4   6   3  10 
0.026576
1   4   7   9  10 
0.026576
1   5   6   3  10 
0.044462
2   5   6   3  10 
0.323630
3  10 
0.033153
4   6   3  10 
0.006933
4   7   9  10 
0.006933
5   6   3  10 
0.040095
6   3  10 
0.026340
7   9  10 
0.133333
8   2   5   6   3  10 
0.078220
9  10 
0.033639
11   1   4   6   3  10 
0.014545
11   1   4   7   9  10 
0.014545
11   1   5   6   3  10 
0.015187
1  11 
0.761678
2   8  11 
0.442698
3   6   4   1  11 
0.107067
3   6   5   1  11 
0.107067
4   1  11 
0.142366
5   1  11 
0.240889
6   4   1  11 
0.036962
6   5   1  11 
0.036962
7   4   1  11 
0.398421
8  11 
0.956853
9   7   4   1  11 
0.035937
10   3   6   4   1  11 
0.063077
10   3   6   5   1  11 
0.063077
10   9   7   4   1  11 
0.063077
