2  5  1 
0.056727
3  6  4  1 
0.005247
3  6  5  1 
0.005247
4  1 
0.007680
5  1 
0.094796
6  4  1 
0.013207
6  5  1 
0.013207
7  4  1 
0.092115
8  11   1 
0.068277
9  7  4  1 
0.033396
10   3   6   4   1 
0.015639
10   3   6   5   1 
0.015639
10   9   7   4   1 
0.015639
11   1 
0.443049
1  5  2 
0.063003
3  6  5  2 
0.033069
4  1  5  2 
0.022862
4  6  5  2 
0.022862
5  2 
0.095128
6  5  2 
0.044881
7  4  1  5  2 
0.049925
7  4  6  5  2 
0.049925
8  2 
0.034488
9  3  6  5  2 
0.006679
10   3   6   5   2 
0.037108
11   8   2 
0.046611
1  4  6  3 
0.020363
1  5  6  3 
0.020363
2  5  6  3 
0.320635
4  6  3 
0.025804
5  6  3 
0.021773
6  3 
0.014317
7  9  3 
0.035739
8  2  5  6  3 
0.063817
9  3 
0.035824
10   3 
0.047917
11   1   4   6   3 
0.022579
11   1   5   6   3 
0.022579
1  4 
0.025916
2  5  1  4 
0.078793
2  5  6  4 
0.078793
3  6  4 
0.007420
5  1  4 
0.024909
5  6  4 
0.024909
6  4 
0.010626
7  4 
0.496991
8  11   1   4 
0.025979
9  7  4 
0.012176
10   3   6   4 
0.004702
10   9   7   4 
0.004702
11   1   4 
0.023046
1  5 
0.061792
2  5 
0.649579
3  6  5 
0.028809
4  1  5 
0.012817
4  6  5 
0.012817
6  5 
0.043366
7  4  1  5 
0.039036
7  4  6  5 
0.039036
8  2  5 
0.149805
9  3  6  5 
0.028378
10   3   6   5 
0.047697
11   1   5 
0.121919
1  4  6 
0.015783
1  5  6 
0.015783
2  5  6 
0.215908
3  6 
0.013940
4  6 
0.017373
5  6 
0.053066
7  4  6 
0.023043
8  2  5  6 
0.035328
9  3  6 
0.002820
10   3   6 
0.025754
11   1   4   6 
0.040680
11   1   5   6 
0.040680
1  4  7 
0.070882
2  5  1  4  7 
0.374610
2  5  6  4  7 
0.374610
3  9  7 
0.015720
4  7 
0.039513
5  1  4  7 
0.095541
5  6  4  7 
0.095541
6  4  7 
0.030869
8  11   1   4   7 
0.270669
9  7 
0.018101
10   9   7 
0.120233
11   1   4   7 
0.264440
1  11   8 
0.232622
2  8 
0.322989
3  6  5  2  8 
0.086234
4   1  11   8 
0.185436
5  2  8 
0.319351
6  5  2  8 
0.104403
7   4   1  11   8 
0.251764
9  3  6  5  2  8 
0.010825
9   7   4   1  11   8 
0.010825
10   3   6   5   2   8 
0.112870
11   8 
0.312152
1  4  7  9 
0.004739
2  5  6  3  9 
0.041079
3  9 
0.082302
4  7  9 
0.002906
5  6  3  9 
0.016174
6  3  9 
0.001558
7  9 
0.026452
8  2  5  6  3  9 
0.013473
8  11   1   4   7   9 
0.013473
10   9 
0.019219
11   1   4   7   9 
0.008539
1   4   6   3  10 
0.021631
1   4   7   9  10 
0.021631
1   5   6   3  10 
0.039104
2   5   6   3  10 
0.480402
3  10 
0.018923
4   6   3  10 
0.004106
4   7   9  10 
0.004106
5   6   3  10 
0.042983
6   3  10 
0.015987
7   9  10 
0.097522
8   2   5   6   3  10 
0.113939
9  10 
0.015715
11   1   4   6   3  10 
0.019548
11   1   4   7   9  10 
0.019548
11   1   5   6   3  10 
0.032985
1  11 
0.450174
2   8  11 
0.355974
3   6   4   1  11 
0.057591
3   6   5   1  11 
0.057591
4   1  11 
0.115526
5   1  11 
0.293116
6   4   1  11 
0.051517
6   5   1  11 
0.051517
7   4   1  11 
0.318007
8  11 
0.585378
9   7   4   1  11 
0.020274
10   3   6   4   1  11 
0.048284
10   3   6   5   1  11 
0.048284
10   9   7   4   1  11 
0.048284
