2  5  1 
0.160568
3  6  4  1 
0.028064
3  6  5  1 
0.028064
4  1 
0.036955
5  1 
0.176011
6  4  1 
0.025265
6  5  1 
0.025265
7  4  1 
0.113664
8  11   1 
0.097456
9  7  4  1 
0.021095
10   3   6   4   1 
0.019739
10   3   6   5   1 
0.019739
10   9   7   4   1 
0.019739
11   1 
0.366595
1  5  2 
0.127304
3  6  5  2 
0.085002
4  1  5  2 
0.036593
4  6  5  2 
0.036593
5  2 
0.168511
6  5  2 
0.059544
7  4  1  5  2 
0.081097
7  4  6  5  2 
0.081097
8  2 
0.040286
9  3  6  5  2 
0.019437
10   3   6   5   2 
0.039156
11   8   2 
0.103029
1  4  6  3 
0.018555
1  5  6  3 
0.018555
2  5  6  3 
0.179402
4  6  3 
0.041254
5  6  3 
0.057854
6  3 
0.069075
7  9  3 
0.139352
8  2  5  6  3 
0.074546
9  3 
0.062423
10   3 
0.081931
11   1   4   6   3 
0.049606
11   1   5   6   3 
0.049606
1  4 
0.043275
2  5  1  4 
0.074388
2  5  6  4 
0.074388
3  6  4 
0.030568
5  1  4 
0.027340
5  6  4 
0.027340
6  4 
0.023390
7  4 
0.040178
8  11   1   4 
0.035815
9  7  4 
0.022432
10   3   6   4 
0.013269
10   9   7   4 
0.013269
11   1   4 
0.040432
1  5 
0.113402
2  5 
0.572451
3  6  5 
0.041449
4  1  5 
0.019701
4  6  5 
0.019701
6  5 
0.090701
7  4  1  5 
0.055522
7  4  6  5 
0.055522
8  2  5 
0.214238
9  3  6  5 
0.024626
10   3   6   5 
0.056047
11   1   5 
0.184040
1  4  6 
0.024953
1  5  6 
0.024953
2  5  6 
0.223027
3  6 
0.058099
4  6 
0.029503
5  6 
0.090252
7  4  6 
0.041413
8  2  5  6 
0.061376
9  3  6 
0.008696
10   3   6 
0.013240
11   1   4   6 
0.033449
11   1   5   6 
0.033449
1  4  7 
0.094407
2  5  1  4  7 
0.302364
2  5  6  4  7 
0.302364
3  9  7 
0.052474
4  7 
0.064798
5  1  4  7 
0.137952
5  6  4  7 
0.137952
6  4  7 
0.074577
8  11   1   4   7 
0.325322
9  7 
0.020153
10   9   7 
0.157288
11   1   4   7 
0.339515
1  11   8 
0.207414
2  8 
0.474928
3  6  5  2  8 
0.098713
4   1  11   8 
0.231801
5  2  8 
0.330607
6  5  2  8 
0.150236
7   4   1  11   8 
0.403400
9  3  6  5  2  8 
0.020974
9   7   4   1  11   8 
0.020974
10   3   6   5   2   8 
0.134901
11   8 
0.441646
1  4  7  9 
0.006732
2  5  6  3  9 
0.032041
3  9 
0.082324
4  7  9 
0.009569
5  6  3  9 
0.018642
6  3  9 
0.009447
7  9 
0.010832
8  2  5  6  3  9 
0.007985
8  11   1   4   7   9 
0.007985
10   9 
0.029165
11   1   4   7   9 
0.016864
1   4   6   3  10 
0.025423
1   4   7   9  10 
0.025423
1   5   6   3  10 
0.039361
2   5   6   3  10 
0.218323
3  10 
0.028577
4   6   3  10 
0.011296
4   7   9  10 
0.011296
5   6   3  10 
0.065067
6   3  10 
0.026622
7   9  10 
0.132713
8   2   5   6   3  10 
0.096031
9  10 
0.042827
11   1   4   6   3  10 
0.019635
11   1   4   7   9  10 
0.019635
11   1   5   6   3  10 
0.025384
1  11 
0.704073
2   8  11 
0.481648
3   6   4   1  11 
0.091819
3   6   5   1  11 
0.091819
4   1  11 
0.100945
5   1  11 
0.319204
6   4   1  11 
0.102246
6   5   1  11 
0.102246
7   4   1  11 
0.464747
8  11 
0.885767
9   7   4   1  11 
0.025768
10   3   6   4   1  11 
0.055336
10   3   6   5   1  11 
0.055336
10   9   7   4   1  11 
0.055336
