1  5  2  0  0  0  0  0  0  0 
9.326361e-002
1  11   8   2   0   0   0   0   0   0 
1.442544e-010
1  4  6  5  2  0  0  0  0  0 
7.224383e-011
1  4  6  3  0  0  0  0  0  0 
2.035370e-002
1  5  6  3  0  0  0  0  0  0 
1.829992e-002
1  4  7  9  3  0  0  0  0  0 
1.432150e-010
1  4  0  0  0  0  0  0  0  0 
4.484814e-002
1  5  6  4  0  0  0  0  0  0 
7.213256e-011
1  5  0  0  0  0  0  0  0  0 
8.965276e-002
1  4  6  5  0  0  0  0  0  0 
7.224250e-011
1  11   8   2   5   0   0   0   0   0 
4.815927e-011
1  4  6  0  0  0  0  0  0  0 
1.810569e-002
1  5  6  0  0  0  0  0  0  0 
1.641325e-002
1  4  7  0  0  0  0  0  0  0 
8.341135e-002
1  5  6  4  7  0  0  0  0  0 
7.222972e-011
1  11   8   0   0   0   0   0   0   0 
2.530321e-001
1  5  2  8  0  0  0  0  0  0 
1.446092e-010
1  4  6  5  2  8  0  0  0  0 
4.822559e-011
1  4  7  9  0  0  0  0  0  0 
9.664935e-003
1  4  6  3  9  0  0  0  0  0 
1.388761e-010
1  5  6  3  9  0  0  0  0  0 
1.388912e-010
1   4   6   3  10   0   0   0   0   0 
2.798670e-002
1   5   6   3  10   0   0   0   0   0 
2.450355e-002
1   4   7   9  10   0   0   0   0   0 
4.169790e-002
1  11   0   0   0   0   0   0   0   0 
6.160335e-001
1   5   2   8  11   0   0   0   0   0 
4.822622e-011
2  5  1  0  0  0  0  0  0  0 
9.844017e-002
2   8  11   1   0   0   0   0   0   0 
1.443637e-010
2  5  6  4  1  0  0  0  0  0 
7.222754e-011
2  5  6  3  0  0  0  0  0  0 
2.592429e-001
2  5  1  4  6  3  0  0  0  0 
7.233315e-011
2  5  1  4  0  0  0  0  0  0 
6.033272e-002
2  5  6  4  0  0  0  0  0  0 
6.038688e-002
2   8  11   1   4   0   0   0   0   0 
1.441519e-010
2  5  0  0  0  0  0  0  0  0 
6.787387e-001
2   8  11   1   5   0   0   0   0   0 
4.823356e-011
2   8  11   1   4   6   5   0   0   0 
2.894110e-011
2  5  6  0  0  0  0  0  0  0 
2.177634e-001
2  5  1  4  6  0  0  0  0  0 
7.232603e-011
2  5  1  4  7  0  0  0  0  0 
3.630253e-001
2  5  6  4  7  0  0  0  0  0 
3.981782e-001
2   8  11   1   4   7   0   0   0   0 
1.446705e-010
2  8  0  0  0  0  0  0  0  0 
3.307678e-001
2   5   1  11   8   0   0   0   0   0 
4.818930e-011
2  5  6  3  9  0  0  0  0  0 
2.959905e-002
2   5   6   3  10   9   0   0   0   0 
1.432415e-010
2  5  1  4  7  9  0  0  0  0 
1.431900e-010
2   5   6   3  10   0   0   0   0   0 
4.888026e-001
2   5   6   3   9  10   0   0   0   0 
1.452829e-010
2   8  11   0   0   0   0   0   0   0 
3.588054e-001
2   5   1  11   0   0   0   0   0   0 
1.443867e-010
3  6  4  1  0  0  0  0  0  0 
1.053722e-002
3  6  5  1  0  0  0  0  0  0 
1.059000e-002
3  9  7  4  1  0  0  0  0  0 
1.419800e-010
3  6  5  2  0  0  0  0  0  0 
3.769065e-002
3  6  4  1  5  2  0  0  0  0 
7.209361e-011
3  6  4  0  0  0  0  0  0  0 
7.648860e-003
3  9  7  4  0  0  0  0  0  0 
1.400421e-010
3  6  5  0  0  0  0  0  0  0 
4.064953e-002
3  6  4  1  5  0  0  0  0  0 
7.211135e-011
3  6  0  0  0  0  0  0  0  0 
2.074962e-002
3  9  7  4  6  0  0  0  0  0 
4.806620e-011
3  10   9   7   4   6   0   0   0   0 
3.607357e-011
3  9  7  0  0  0  0  0  0  0 
2.302984e-002
3  10   9   7   0   0   0   0   0   0 
1.428824e-010
3  6  4  7  0  0  0  0  0  0 
1.426624e-010
3  6  5  2  8  0  0  0  0  0 
9.155509e-002
3   6   4   1  11   8   0   0   0   0 
1.441933e-010
3   6   5   1  11   8   0   0   0   0 
1.441884e-010
3  9  0  0  0  0  0  0  0  0 
2.019819e-002
3  10   9   0   0   0   0   0   0   0 
1.428212e-010
3  6  4  7  9  0  0  0  0  0 
4.795610e-011
3  10   0   0   0   0   0   0   0   0 
1.804200e-002
3   9  10   0   0   0   0   0   0   0 
1.431171e-010
3   6   4   1  11   0   0   0   0   0 
1.335196e-001
3   6   5   1  11   0   0   0   0   0 
1.298555e-001
3   9   7   4   1  11   0   0   0   0 
1.449015e-010
4  1  0  0  0  0  0  0  0  0 
8.713665e-003
4  6  5  1  0  0  0  0  0  0 
7.134864e-011
4  1  5  2  0  0  0  0  0  0 
2.258630e-002
4  6  5  2  0  0  0  0  0  0 
2.450353e-002
4   1  11   8   2   0   0   0   0   0 
1.432187e-010
4  6  3  0  0  0  0  0  0  0 
2.888748e-002
4  7  9  3  0  0  0  0  0  0 
1.435533e-010
4  1  5  6  3  0  0  0  0  0 
7.192988e-011
4  1  5  0  0  0  0  0  0  0 
2.112045e-002
4  6  5  0  0  0  0  0  0  0 
2.362938e-002
4  6  0  0  0  0  0  0  0  0 
1.435458e-002
4  1  5  6  0  0  0  0  0  0 
7.160493e-011
4  7  9  3  6  0  0  0  0  0 
4.791114e-011
4  7  0  0  0  0  0  0  0  0 
4.385685e-002
4  6  3  9  7  0  0  0  0  0 
4.819822e-011
4   6   3  10   9   7   0   0   0   0 
3.614824e-011
4   1  11   8   0   0   0   0   0   0 
1.672576e-001
4  1  5  2  8  0  0  0  0  0 
1.445135e-010
4  6  5  2  8  0  0  0  0  0 
1.446126e-010
4  7  9  0  0  0  0  0  0  0 
2.615025e-003
4  6  3  9  0  0  0  0  0  0 
1.267668e-010
4   6   3  10   9   0   0   0   0   0 
6.977627e-011
4   7   9  10   0   0   0   0   0   0 
4.101969e-003
4   6   3  10   0   0   0   0   0   0 
3.839481e-003
4   6   3   9  10   0   0   0   0   0 
1.397636e-010
4   1  11   0   0   0   0   0   0   0 
5.545762e-002
4   6   5   1  11   0   0   0   0   0 
7.219331e-011
5  1  0  0  0  0  0  0  0  0 
1.108902e-001
5  6  4  1  0  0  0  0  0  0 
7.224254e-011
5   2   8  11   1   0   0   0   0   0 
4.817981e-011
5  2  0  0  0  0  0  0  0  0 
9.258034e-002
5   1  11   8   2   0   0   0   0   0 
4.818206e-011
5  6  3  0  0  0  0  0  0  0 
2.887530e-002
5  1  4  6  3  0  0  0  0  0 
7.203808e-011
5  1  4  0  0  0  0  0  0  0 
2.193041e-002
5  6  4  0  0  0  0  0  0  0 
2.181821e-002
5  6  0  0  0  0  0  0  0  0 
6.800212e-002
5  1  4  6  0  0  0  0  0  0 
7.222515e-011
5  1  4  7  0  0  0  0  0  0 
1.052248e-001
5  6  4  7  0  0  0  0  0  0 
1.122798e-001
5  6  3  9  7  0  0  0  0  0 
1.449175e-010
5  2  8  0  0  0  0  0  0  0 
4.005710e-001
5   1  11   8   0   0   0   0   0   0 
1.445225e-010
5  6  3  9  0  0  0  0  0  0 
1.687246e-002
5  1  4  7  9  0  0  0  0  0 
1.422381e-010
5  6  4  7  9  0  0  0  0  0 
1.422405e-010
5   6   3  10   0   0   0   0   0   0 
4.925844e-002
5   6   3   9  10   0   0   0   0   0 
1.444412e-010
5   1  11   0   0   0   0   0   0   0 
2.883281e-001
5   2   8  11   0   0   0   0   0   0 
1.445816e-010
6  4  1  0  0  0  0  0  0  0 
2.735860e-002
6  5  1  0  0  0  0  0  0  0 
2.707292e-002
6  5  2  0  0  0  0  0  0  0 
7.442953e-002
6  4  1  5  2  0  0  0  0  0 
7.221564e-011
6  3  0  0  0  0  0  0  0  0 
8.391694e-002
6  4  7  9  3  0  0  0  0  0 
4.822695e-011
6   4   7   9  10   3   0   0   0   0 
3.617654e-011
6  4  0  0  0  0  0  0  0  0 
1.805962e-002
6  5  1  4  0  0  0  0  0  0 
7.175895e-011
6  3  9  7  4  0  0  0  0  0 
4.799842e-011
6  5  0  0  0  0  0  0  0  0 
4.776004e-002
6  4  1  5  0  0  0  0  0  0 
7.214502e-011
6  4  7  0  0  0  0  0  0  0 
2.926210e-002
6  3  9  7  0  0  0  0  0  0 
1.438352e-010
6  5  2  8  0  0  0  0  0  0 
8.527287e-002
6   4   1  11   8   0   0   0   0   0 
1.441616e-010
6   5   1  11   8   0   0   0   0   0 
1.441568e-010
6  3  9  0  0  0  0  0  0  0 
1.904775e-003
6   3  10   9   0   0   0   0   0   0 
1.247291e-010
6  4  7  9  0  0  0  0  0  0 
1.247735e-010
6   3  10   0   0   0   0   0   0   0 
1.969062e-002
6   3   9  10   0   0   0   0   0   0 
1.432285e-010
6   4   7   9  10   0   0   0   0   0 
7.185904e-011
6   4   1  11   0   0   0   0   0   0 
3.527507e-002
6   5   1  11   0   0   0   0   0   0 
3.588919e-002
6   5   2   8  11   0   0   0   0   0 
1.437186e-010
7  4  1  0  0  0  0  0  0  0 
9.025872e-002
7  4  6  5  1  0  0  0  0  0 
7.226097e-011
7  4  6  5  2  0  0  0  0  0 
4.523915e-002
7  4  1  5  2  0  0  0  0  0 
3.825727e-002
7  9  3  6  5  2  0  0  0  0 
1.442211e-010
7  9  3  0  0  0  0  0  0  0 
6.162264e-002
7  4  6  3  0  0  0  0  0  0 
1.436983e-010
7   9  10   3   0   0   0   0   0   0 
1.441030e-010
7  4  0  0  0  0  0  0  0  0 
9.614001e-001
7  9  3  6  4  0  0  0  0  0 
4.829048e-011
7   9  10   3   6   4   0   0   0   0 
3.621104e-011
7  4  6  5  0  0  0  0  0  0 
4.617237e-002
7  4  1  5  0  0  0  0  0  0 
3.890428e-002
7  9  3  6  5  0  0  0  0  0 
1.442377e-010
7  4  6  0  0  0  0  0  0  0 
1.623079e-002
7  9  3  6  0  0  0  0  0  0 
1.427527e-010
7   4   1  11   8   0   0   0   0   0 
2.583487e-001
7  4  6  5  2  8  0  0  0  0 
1.447097e-010
7  4  1  5  2  8  0  0  0  0 
1.446066e-010
7  9  0  0  0  0  0  0  0  0 
2.612679e-002
7  4  6  3  9  0  0  0  0  0 
4.807816e-011
7   4   6   3  10   9   0   0   0   0 
3.608044e-011
7   9  10   0   0   0   0   0   0   0 
8.642754e-002
7   9   3  10   0   0   0   0   0   0 
1.442717e-010
7   4   6   3  10   0   0   0   0   0 
7.213609e-011
7   4   1  11   0   0   0   0   0   0 
2.781828e-001
8  11   1   0   0   0   0   0   0   0 
7.736209e-002
8  2  5  1  0  0  0  0  0  0 
1.441762e-010
8  2  0  0  0  0  0  0  0  0 
3.000598e-002
8  11   1   5   2   0   0   0   0   0 
4.806945e-011
8  11   1   4   6   5   2   0   0   0 
2.887941e-011
8  2  5  6  3  0  0  0  0  0 
5.280292e-002
8  11   1   5   6   3   0   0   0   0 
1.439283e-010
8  11   1   4   6   3   0   0   0   0 
1.440050e-010
8  11   1   4   0   0   0   0   0   0 
3.058998e-002
8  2  5  1  4  0  0  0  0  0 
1.433090e-010
8  2  5  6  4  0  0  0  0  0 
1.433138e-010
8  2  5  0  0  0  0  0  0  0 
1.507902e-001
8  11   1   5   0   0   0   0   0   0 
1.444537e-010
8  2  5  6  0  0  0  0  0  0 
4.276509e-002
8  11   1   5   6   0   0   0   0   0 
1.437306e-010
8  11   1   4   6   0   0   0   0   0 
1.438011e-010
8  11   1   4   7   0   0   0   0   0 
2.919206e-001
8  2  5  1  4  7  0  0  0  0 
1.445301e-010
8  2  5  6  4  7  0  0  0  0 
1.445359e-010
8  11   1   4   7   9   0   0   0   0 
4.817667e-003
8  2  5  6  3  9  0  0  0  0 
5.143098e-003
8  11   1   5   6   3   9   0   0   0 
1.401802e-010
8   2   5   6   3  10   0   0   0   0 
1.083499e-001
8   2   5   6   3   9  10   0   0   0 
1.449003e-010
8  11   1   4   7   9  10   0   0   0 
1.447137e-010
8  11   0   0   0   0   0   0   0   0 
7.865824e-001
8   2   5   1  11   0   0   0   0   0 
4.820877e-011
9  7  4  1  0  0  0  0  0  0 
6.235125e-003
9  3  6  4  1  0  0  0  0  0 
1.362396e-010
9  3  6  5  1  0  0  0  0  0 
1.362450e-010
9  3  6  5  2  0  0  0  0  0 
6.639135e-003
9  10   3   6   5   2   0   0   0   0 
1.366146e-010
9  7  4  6  5  2  0  0  0  0 
1.367538e-010
9  3  0  0  0  0  0  0  0  0 
6.150058e-002
9  10   3   0   0   0   0   0   0   0 
1.441441e-010
9  7  4  6  3  0  0  0  0  0 
4.814824e-011
9  7  4  0  0  0  0  0  0  0 
7.590375e-003
9  3  6  4  0  0  0  0  0  0 
1.391127e-010
9  10   3   6   4   0   0   0   0   0 
7.044040e-011
9  3  6  5  0  0  0  0  0  0 
1.291722e-002
9  10   3   6   5   0   0   0   0   0 
1.411393e-010
9  7  4  6  5  0  0  0  0  0 
1.411082e-010
9  3  6  0  0  0  0  0  0  0 
3.610020e-003
9  10   3   6   0   0   0   0   0   0 
1.341410e-010
9  7  4  6  0  0  0  0  0  0 
1.351199e-010
9  7  0  0  0  0  0  0  0  0 
1.817350e-002
9  3  6  4  7  0  0  0  0  0 
4.798354e-011
9  10   3   6   4   7   0   0   0   0 
3.603507e-011
9   7   4   1  11   8   0   0   0   0 
1.535872e-002
9  3  6  5  2  8  0  0  0  0 
1.864163e-002
9  10   3   6   5   2   8   0   0   0 
1.428957e-010
9  10   0   0   0   0   0   0   0   0 
2.696946e-002
9   3  10   0   0   0   0   0   0   0 
1.433446e-010
9   7   4   1  11   0   0   0   0   0 
2.205493e-002
9   3   6   4   1  11   0   0   0   0 
1.429856e-010
9   3   6   5   1  11   0   0   0   0 
1.429806e-010
10   3   6   4   1   0   0   0   0   0 
1.282600e-002
10   9   7   4   1   0   0   0   0   0 
1.380345e-002
10   3   6   5   1   0   0   0   0   0 
1.281153e-002
10   3   6   5   2   0   0   0   0   0 
3.228243e-002
10   9   3   6   5   2   0   0   0   0 
1.438334e-010
10   3   0   0   0   0   0   0   0   0 
8.280060e-002
10   9   3   0   0   0   0   0   0   0 
1.446055e-010
10   3   6   4   0   0   0   0   0   0 
4.729652e-003
10   9   7   4   0   0   0   0   0   0 
4.860853e-003
10   3   9   7   4   0   0   0   0   0 
1.399598e-010
10   3   6   5   0   0   0   0   0   0 
2.564400e-002
10   9   3   6   5   0   0   0   0   0 
1.435346e-010
10   3   6   0   0   0   0   0   0   0 
2.489890e-002
10   9   3   6   0   0   0   0   0   0 
1.434927e-010
10   9   7   0   0   0   0   0   0   0 
1.090802e-001
10   3   9   7   0   0   0   0   0   0 
1.445500e-010
10   3   6   5   2   8   0   0   0   0 
1.399786e-001
10   9   3   6   5   2   8   0   0   0 
1.448002e-010
10   3   6   5   1  11   8   0   0   0 
1.443311e-010
10   9   0   0   0   0   0   0   0   0 
1.193308e-002
10   3   9   0   0   0   0   0   0   0 
1.417728e-010
10   3   6   4   1  11   0   0   0   0 
4.352398e-002
10   3   6   5   1  11   0   0   0   0 
4.300663e-002
10   9   7   4   1  11   0   0   0   0 
6.813707e-002
11   1   0   0   0   0   0   0   0   0 
4.632893e-001
11   8   2   5   1   0   0   0   0   0 
4.821265e-011
11   8   2   0   0   0   0   0   0   0 
7.930669e-002
11   1   5   2   0   0   0   0   0   0 
1.441204e-010
11   1   4   6   3   0   0   0   0   0 
4.771164e-002
11   1   5   6   3   0   0   0   0   0 
4.117236e-002
11   8   2   5   6   3   0   0   0   0 
1.437903e-010
11   1   4   0   0   0   0   0   0   0 
6.709164e-002
11   1   5   6   4   0   0   0   0   0 
7.220149e-011
11   1   5   0   0   0   0   0   0   0 
2.763320e-001
11   8   2   5   0   0   0   0   0   0 
1.444767e-010
11   1   4   6   5   0   0   0   0   0 
7.231992e-011
11   1   4   6   0   0   0   0   0   0 
4.716329e-002
11   1   5   6   0   0   0   0   0   0 
4.076696e-002
11   8   2   5   6   0   0   0   0   0 
1.437825e-010
11   1   4   7   0   0   0   0   0   0 
2.763751e-001
11   8   0   0   0   0   0   0   0   0 
4.350284e-001
11   1   5   2   8   0   0   0   0   0 
4.821541e-011
11   1   4   7   9   0   0   0   0   0 
7.690740e-003
11   1   4   6   3   9   0   0   0   0 
1.363689e-010
11   1   5   6   3   9   0   0   0   0 
1.364279e-010
11   1   4   7   9  10   0   0   0   0 
2.635161e-002
11   1   5   6   3  10   0   0   0   0 
1.804485e-002
11   1   4   6   3  10   0   0   0   0 
2.007603e-002
