2 1 0.242332 0.087369 * 2  5  1  0 
2 1 0.360988 0.011330 * 2   8  11   1 
3 1 0.358473 0.017869 * 3  6  4  1 
3 1 0.333485 0.012885 * 3  6  5  1 
4 1 0.126804 0.095689 * 4  1 
5 1 0.108372 0.099367 * 5  1 
6 1 0.245250 0.016814 * 6  4  1 
6 1 0.220261 0.012125 * 6  5  1 
7 1 0.243945 0.103064 * 7  4  1 
8 1 0.242256 0.095559 * 8  11   1 
9 1 0.461818 0.007883 * 9  3  6  4  1 
9 1 0.436829 0.007883 * 9  3  6  5  1 
9 1 0.347279 0.004923 * 9  7  4  1  0 
10 1 0.464924 0.012335 * 10   3   6   4   1   0 
10 1 0.439935 0.012335 * 10   3   6   5   1   0 
10 1 0.563852 0.007074 * 10   9   3   6   4   1 
10 1 0.538863 0.007074 * 10   9   3   6   5   1 
10 1 0.449313 0.006153 * 10   9   7   4   1   0 
11 1 0.119451 0.418731 * 11   1 
1 2 0.227314 0.056975 * 1  5  2  0 
1 2 0.359235 0.056975 * 1  11   8   2 
3 2 0.341704 0.088645 * 3  6  5  2 
4 2 0.354118 0.012749 * 4  1  5  2  0 
4 2 0.486039 0.012749 * 4   1  11   8   2 
4 2 0.330281 0.004643 * 4  6  5  2  0 
5 2 0.116591 0.117337 * 5  2 
6 2 0.228481 0.061379 * 6  5  2 
7 2 0.471259 0.067995 * 7  4  1  5  2  0 
7 2 0.603180 0.067995 * 7   4   1  11   8   2 
7 2 0.447423 0.024765 * 7  4  6  5  2  0 
7 2 0.548632 0.011603 * 7  9  3  6  5  2 
8 2 0.104680 0.031430 * 8  2 
9 2 0.445049 0.013564 * 9  3  6  5  2 
10 2 0.448155 0.043080 * 10   3   6   5   2   0 
10 2 0.547083 0.015209 * 10   9   3   6   5   2 
11 2 0.219120 0.101144 * 11   8   2 
1 3 0.328774 0.013546 * 1  4  6  3  0 
1 3 0.443990 0.007613 * 1  4  7  9  3 
1 3 0.352354 0.024582 * 1  5  6  3  0 
2 3 0.375591 0.185097 * 2  5  6  3 
4 3 0.215177 0.015638 * 4  6  3  0 
4 3 0.330392 0.008789 * 4  7  9  3 
5 3 0.241631 0.046400 * 5  6  3 
6 3 0.113376 0.064954 * 6  3 
7 3 0.206928 0.124630 * 7  9  3 
8 3 0.480271 0.014787 * 8  2  5  6  3  0  0 
8 3 0.571031 0.009467 * 8  11   1   4   6   3   0 
8 3 0.686246 0.009467 * 8  11   1   4   7   9   3 
8 3 0.594610 0.009467 * 8  11   1   5   6   3   0 
9 3 0.103345 0.088405 * 9  3 
10 3 0.205379 0.023290 * 10   9   3 
10 3 0.106451 0.065970 * 10   3   0 
11 3 0.448225 0.028152 * 11   1   4   6   3   0 
11 3 0.563441 0.015822 * 11   1   4   7   9   3 
11 3 0.471804 0.051088 * 11   1   5   6   3   0 
1 4 0.113597 0.038749 * 1  4 
2 4 0.355929 0.038654 * 2  5  1  4  0 
2 4 0.380661 0.091796 * 2  5  6  4  0 
2 4 0.474586 0.003888 * 2   8  11   1   4 
3 4 0.231670 0.012427 * 3  6  4  0 
3 4 0.321953 0.001229 * 3  9  7  4 
5 4 0.221969 0.011085 * 5  1  4 
5 4 0.246701 0.026324 * 5  6  4 
6 4 0.118446 0.022450 * 6  4 
7 4 0.117141 0.094268 * 7  4 
8 4 0.355854 0.039426 * 8  11   1   4 
9 4 0.220475 0.017052 * 9  7  4 
10 4 0.338120 0.019930 * 10   3   6   4   0 
10 4 0.428403 0.002903 * 10   3   9   7   4 
10 4 0.322509 0.006882 * 10   9   7   4   0 
11 4 0.233048 0.032017 * 11   1   4 
1 5 0.110722 0.062783 * 1  5 
2 5 0.133960 0.591053 * 2  5 
3 5 0.225113 0.047610 * 3  6  5 
4 5 0.237526 0.019740 * 4  1  5 
4 5 0.213690 0.013226 * 4  6  5 
6 5 0.111889 0.066493 * 6  5 
7 5 0.354668 0.051280 * 7  4  1  5  0 
7 5 0.330831 0.034358 * 7  4  6  5  0 
7 5 0.432041 0.013728 * 7  9  3  6  5 
8 5 0.238640 0.080545 * 8  2  5  0 
8 5 0.352979 0.032006 * 8  11   1   5 
9 5 0.328458 0.031987 * 9  3  6  5 
10 5 0.331564 0.028451 * 10   3   6   5   0 
10 5 0.430492 0.010045 * 10   9   3   6   5 
11 5 0.230173 0.172744 * 11   1   5 
1 6 0.215398 0.006696 * 1  4  6 
1 6 0.238977 0.017115 * 1  5  6 
2 6 0.262215 0.200382 * 2  5  6 
3 6 0.113224 0.053478 * 3  6 
4 6 0.101801 0.020685 * 4  6 
5 6 0.128255 0.054229 * 5  6 
7 6 0.218942 0.040532 * 7  4  6  0 
7 6 0.320152 0.022780 * 7  9  3  6 
8 6 0.366894 0.031450 * 8  2  5  6  0 
8 6 0.457654 0.017387 * 8  11   1   4   6 
8 6 0.481234 0.017387 * 8  11   1   5   6 
9 6 0.216568 0.005940 * 9  3  6 
10 6 0.219674 0.020326 * 10   3   6   0 
10 6 0.318602 0.007176 * 10   9   3   6 
11 6 0.334849 0.017346 * 11   1   4   6 
11 6 0.358428 0.044336 * 11   1   5   6 
1 7 0.237062 0.074452 * 1  4  7 
2 7 0.479393 0.172131 * 2  5  1  4  7  0 
2 7 0.580402 0.045450 * 2  5  6  3  9  7 
2 7 0.504125 0.431244 * 2  5  6  4  7  0 
2 7 0.598050 0.015493 * 2   8  11   1   4   7 
3 7 0.204811 0.034008 * 3  9  7 
4 7 0.123464 0.111931 * 4  7 
5 7 0.345433 0.072975 * 5  1  4  7  0 
5 7 0.446442 0.019269 * 5  6  3  9  7 
5 7 0.370165 0.190443 * 5  6  4  7  0 
6 7 0.318187 0.007463 * 6  3  9  7 
6 7 0.241910 0.075458 * 6  4  7  0 
8 7 0.479318 0.321454 * 8  11   1   4   7 
9 7 0.103333 0.023938 * 9  7 
10 7 0.311262 0.035659 * 10   3   9   7 
10 7 0.205367 0.136815 * 10   9   7   0 
11 7 0.356513 0.332439 * 11   1   4   7 
1 8 0.346046 0.032693 * 1  5  2  8 
1 8 0.254555 0.138916 * 1  11   8   0 
2 8 0.118732 0.367579 * 2  8 
3 8 0.460436 0.098974 * 3  6  5  2  8 
4 8 0.472849 0.036251 * 4  1  5  2  8 
4 8 0.381359 0.152407 * 4   1  11   8   0 
4 8 0.449013 0.019453 * 4  6  5  2  8 
5 8 0.235323 0.294777 * 5  2  8 
6 8 0.347213 0.165956 * 6  5  2  8 
7 8 0.589991 0.085166 * 7  4  1  5  2  8 
7 8 0.498501 0.295831 * 7   4   1  11   8   0 
7 8 0.566155 0.045702 * 7  4  6  5  2  8 
9 8 0.563781 0.003351 * 9  3  6  5  2  8  0 
9 8 0.693324 0.021321 * 9  7  4  1  5  2  8 
9 8 0.601834 0.021321 * 9   7   4   1  11   8   0 
9 8 0.669488 0.013071 * 9  7  4  6  5  2  8 
10 8 0.566887 0.016728 * 10   3   6   5   2   8   0   0 
10 8 0.665815 0.009157 * 10   9   3   6   5   2   8   0 
10 8 0.795358 0.043479 * 10   9   7   4   1   5   2   8 
10 8 0.703868 0.043479 * 10   9   7   4   1  11   8   0 
10 8 0.771522 0.035716 * 10   9   7   4   6   5   2   8 
11 8 0.114440 0.354215 * 11   8 
1 9 0.430252 0.000508 * 1  4  6  3  9 
1 9 0.340645 0.003102 * 1  4  7  9  0 
2 9 0.672584 0.003641 * 2  5  1  4  6  3  9 
2 9 0.582977 0.013600 * 2  5  1  4  7  9  0 
2 9 0.477069 0.006782 * 2  5  6  3  9  0  0 
3 9 0.101478 0.055456 * 3  9 
4 9 0.316655 0.001037 * 4  6  3  9 
4 9 0.227048 0.006332 * 4  7  9  0 
5 9 0.538624 0.002020 * 5  1  4  6  3  9 
5 9 0.449017 0.007545 * 5  1  4  7  9  0 
5 9 0.343109 0.003763 * 5  6  3  9  0  0 
6 9 0.214854 0.004330 * 6  3  9 
7 9 0.103583 0.057378 * 7  9 
8 9 0.777263 0.003311 * 8  2  5  1  4  6  3  9 
8 9 0.687656 0.004108 * 8  2  5  1  4  7  9  0 
8 9 0.581749 0.004108 * 8  2  5  6  3  9  0  0 
8 9 0.672508 0.001511 * 8  11   1   4   6   3   9   0 
8 9 0.582901 0.001511 * 8  11   1   4   7   9   0   0 
10 9 0.207929 0.001919 * 10   3   9 
10 9 0.102034 0.007364 * 10   9   0 
11 9 0.549703 0.004536 * 11   1   4   6   3   9 
11 9 0.460096 0.009491 * 11   1   4   7   9   0 
1 10 0.532007 0.012905 * 1   4   6   3   9  10 
1 10 0.435751 0.012905 * 1   4   6   3  10   0 
1 10 0.442400 0.015478 * 1   4   7   9  10   0 
1 10 0.555587 0.028163 * 1   5   6   3   9  10 
1 10 0.459331 0.028163 * 1   5   6   3  10   0 
2 10 0.578824 0.078930 * 2   5   6   3   9  10 
2 10 0.482568 0.244699 * 2   5   6   3  10   0 
3 10 0.203233 0.006510 * 3   9  10 
3 10 0.106977 0.026642 * 3  10   0 
4 10 0.418410 0.004334 * 4   6   3   9  10 
4 10 0.322154 0.004334 * 4   6   3  10   0 
4 10 0.328803 0.005198 * 4   7   9  10   0 
5 10 0.444864 0.007874 * 5   6   3   9  10 
5 10 0.348608 0.032222 * 5   6   3  10   0 
6 10 0.316610 0.005172 * 6   3   9  10 
6 10 0.220353 0.021168 * 6   3  10   0 
7 10 0.205339 0.133333 * 7   9  10 
8 10 0.683504 0.013731 * 8   2   5   6   3   9  10   0 
8 10 0.587248 0.013731 * 8   2   5   6   3  10   0   0 
8 10 0.774264 0.010152 * 8  11   1   4   6   3   9  10 
8 10 0.678008 0.010152 * 8  11   1   4   6   3  10   0 
8 10 0.684657 0.010152 * 8  11   1   4   7   9  10   0 
8 10 0.797843 0.010152 * 8  11   1   5   6   3   9  10 
8 10 0.701587 0.010152 * 8  11   1   5   6   3  10   0 
9 10 0.101755 0.033639 * 9  10 
11 10 0.651458 0.006517 * 11   1   4   6   3   9  10 
11 10 0.555202 0.006517 * 11   1   4   6   3  10   0 
11 10 0.561851 0.007817 * 11   1   4   7   9  10   0 
11 10 0.675038 0.011713 * 11   1   5   6   3   9  10 
11 10 0.578782 0.011713 * 11   1   5   6   3  10   0 
1 11 0.140115 0.761678 * 1  11 
2 11 0.241537 0.442698 * 2   8  11 
3 11 0.498589 0.106329 * 3   6   4   1  11   0 
3 11 0.473600 0.086618 * 3   6   5   1  11   0 
3 11 0.583242 0.021188 * 3   6   5   2   8  11 
4 11 0.266919 0.142366 * 4   1  11 
5 11 0.248487 0.213235 * 5   1  11   0 
5 11 0.358128 0.027653 * 5   2   8  11 
6 11 0.385365 0.036707 * 6   4   1  11   0 
6 11 0.360376 0.029902 * 6   5   1  11   0 
6 11 0.470018 0.007314 * 6   5   2   8  11 
7 11 0.384060 0.398421 * 7   4   1  11 
8 11 0.122805 0.956853 * 8  11 
9 11 0.601933 0.010601 * 9   3   6   4   1  11   0 
9 11 0.576944 0.010601 * 9   3   6   5   1  11   0 
9 11 0.686586 0.008455 * 9   3   6   5   2   8  11 
9 11 0.487394 0.006280 * 9   7   4   1  11   0   0 
10 11 0.605039 0.044436 * 10   3   6   4   1  11   0   0 
10 11 0.580051 0.044436 * 10   3   6   5   1  11   0   0 
10 11 0.689692 0.019115 * 10   3   6   5   2   8  11   0 
10 11 0.703967 0.023966 * 10   9   3   6   4   1  11   0 
10 11 0.678978 0.023966 * 10   9   3   6   5   1  11   0 
10 11 0.788620 0.019115 * 10   9   3   6   5   2   8  11 
10 11 0.589428 0.014197 * 10   9   7   4   1  11   0   0 
