2  5  1  0 
0.166703
2   8  11   1 
0.019233
3  6  4  1 
0.010699
3  6  5  1 
0.009434
4  1 
0.027155
5  1 
0.107307
6  4  1 
0.014239
6  5  1 
0.012556
7  4  1 
0.110447
8  11   1 
0.058690
9  3  6  4  1 
0.006848
9  3  6  5  1 
0.006848
9  7  4  1  0 
0.006475
10   3   6   4   1   0 
0.011990
10   3   6   5   1   0 
0.011990
10   9   3   6   4   1 
0.011286
10   9   3   6   5   1 
0.011286
10   9   7   4   1   0 
0.010672
11   1 
0.420788
1  5  2  0 
0.044318
1  11   8   2 
0.044318
3  6  5  2 
0.095968
4  1  5  2  0 
0.013340
4   1  11   8   2 
0.013340
4  6  5  2  0 
0.004674
5  2 
0.140478
6  5  2 
0.048908
7  4  1  5  2  0 
0.034063
7   4   1  11   8   2 
0.034063
7  4  6  5  2  0 
0.012648
7  9  3  6  5  2 
0.007088
8  2 
0.028555
9  3  6  5  2 
0.011417
10   3   6   5   2   0 
0.022564
10   9   3   6   5   2 
0.012681
11   8   2 
0.037583
1  4  6  3  0 
0.010151
1  4  7  9  3 
0.008141
1  5  6  3  0 
0.020969
2  5  6  3 
0.241422
4  6  3  0 
0.010864
4  7  9  3 
0.008713
5  6  3 
0.066001
6  3 
0.069542
7  9  3 
0.047223
8  2  5  6  3  0  0 
0.016468
8  11   1   4   6   3   0 
0.009338
8  11   1   4   7   9   3 
0.009338
8  11   1   5   6   3   0 
0.009338
9  3 
0.064477
10   9   3 
0.023488
10   3   0 
0.041794
11   1   4   6   3   0 
0.020179
11   1   4   7   9   3 
0.016184
11   1   5   6   3   0 
0.041684
1  4 
0.031935
2  5  1  4  0 
0.039139
2  5  6  4  0 
0.088581
2   8  11   1   4 
0.003183
3  6  4  0 
0.025843
3  9  7  4 
0.004586
5  1  4 
0.016217
5  6  4 
0.036704
6  4 
0.011853
7  4 
0.083280
8  11   1   4 
0.037921
9  7  4 
0.018745
10   3   6   4   0 
0.010172
10   3   9   7   4 
0.005136
10   9   7   4   0 
0.008639
11   1   4 
0.026533
1  5 
0.072578
2  5 
0.561649
3  6  5 
0.060174
4  1  5 
0.026341
4  6  5 
0.018458
6  5 
0.059424
7  4  1  5  0 
0.041062
7  4  6  5  0 
0.028979
7  9  3  6  5 
0.013568
8  2  5  0 
0.098494
8  11   1   5 
0.034207
9  3  6  5 
0.038583
10   3   6   5   0 
0.050461
10   9   3   6   5 
0.028359
11   1   5 
0.151118
1  4  6 
0.008039
1  5  6 
0.022894
2  5  6 
0.198260
3  6 
0.030469
4  6 
0.017283
5  6 
0.065679
7  4  6  0 
0.017136
7  9  3  6 
0.013743
8  2  5  6  0 
0.029717
8  11   1   4   6 
0.013945
8  11   1   5   6 
0.013945
9  3  6 
0.004955
10   3   6   0 
0.021642
10   9   3   6 
0.012162
11   1   4   6 
0.014715
11   1   5   6 
0.039749
1  4  7 
0.063995
2  5  1  4  7  0 
0.190103
2  5  6  3  9  7 
0.082779
2  5  6  4  7  0 
0.466459
2   8  11   1   4   7 
0.017597
3  9  7 
0.034761
4  7 
0.070711
5  1  4  7  0 
0.046495
5  6  3  9  7 
0.020246
5  6  4  7  0 
0.114085
6  3  9  7 
0.008436
6  4  7  0 
0.047536
8  11   1   4   7 
0.327260
9  7 
0.030461
10   3   9   7 
0.020456
10   9   7   0 
0.115271
11   1   4   7 
0.284292
1  5  2  8 
0.039129
1  11   8   0 
0.133579
2  8 
0.367392
3  6  5  2  8 
0.127864
4  1  5  2  8 
0.033409
4   1  11   8   0 
0.114052
4  6  5  2  8 
0.018161
5  2  8 
0.222965
6  5  2  8 
0.119376
7  4  1  5  2  8 
0.080867
7   4   1  11   8   0 
0.244115
7  4  6  5  2  8 
0.043960
9  3  6  5  2  8  0 
0.002304
9  7  4  1  5  2  8 
0.020967
9   7   4   1  11   8   0 
0.020967
9  7  4  6  5  2  8 
0.012600
10   3   6   5   2   8   0   0 
0.007851
10   9   3   6   5   2   8   0 
0.006531
10   9   7   4   1   5   2   8 
0.044568
10   9   7   4   1  11   8   0 
0.044568
10   9   7   4   6   5   2   8 
0.035716
11   8 
0.349862
1  4  6  3  9 
0.000440
1  4  7  9  0 
0.003535
2  5  1  4  6  3  9 
0.003900
2  5  1  4  7  9  0 
0.021982
2  5  6  3  9  0  0 
0.007853
3  9 
0.102676
4  6  3  9 
0.000617
4  7  9  0 
0.004965
5  1  4  6  3  9 
0.001364
5  1  4  7  9  0 
0.007689
5  6  3  9  0  0 
0.002746
6  3  9 
0.003687
7  9 
0.051458
8  2  5  1  4  6  3  9 
0.002644
8  2  5  1  4  7  9  0 
0.003106
8  2  5  6  3  9  0  0 
0.003106
8  11   1   4   6   3   9   0 
0.000901
8  11   1   4   7   9   0   0 
0.000901
10   3   9 
0.005789
10   9   0 
0.032623
11   1   4   6   3   9 
0.003938
11   1   4   7   9   0 
0.008059
1   4   6   3   9  10 
0.005176
1   4   6   3  10   0 
0.005176
1   4   7   9  10   0 
0.006273
1   5   6   3   9  10 
0.012791
1   5   6   3  10   0 
0.012791
2   5   6   3   9  10 
0.064695
2   5   6   3  10   0 
0.303781
3   9  10 
0.004271
3  10   0 
0.024066
4   6   3   9  10 
0.002787
4   6   3  10   0 
0.002787
4   7   9  10   0 
0.003377
5   6   3   9  10 
0.004176
5   6   3  10   0 
0.023533
6   3   9  10 
0.002792
6   3  10   0 
0.015731
7   9  10 
0.126094
8   2   5   6   3   9  10   0 
0.024057
8   2   5   6   3  10   0   0 
0.024057
8  11   1   4   6   3   9  10 
0.010632
8  11   1   4   6   3  10   0 
0.010632
8  11   1   4   7   9  10   0 
0.012886
8  11   1   5   6   3   9  10 
0.014844
8  11   1   5   6   3  10   0 
0.014844
9  10 
0.019573
11   1   4   6   3   9  10 
0.006061
11   1   4   6   3  10   0 
0.006061
11   1   4   7   9  10   0 
0.007346
11   1   5   6   3   9  10 
0.014980
11   1   5   6   3  10   0 
0.014980
1  11 
0.567904
2   8  11 
0.398624
3   6   4   1  11   0 
0.082236
3   6   5   1  11   0 
0.080881
3   6   5   2   8  11 
0.016501
4   1  11 
0.085101
5   1  11   0 
0.178440
5   2   8  11 
0.020587
6   4   1  11   0 
0.043429
6   5   1  11   0 
0.042713
6   5   2   8  11 
0.008714
7   4   1  11 
0.336499
8  11 
0.692639
9   3   6   4   1  11   0 
0.004851
9   3   6   5   1  11   0 
0.004851
9   3   6   5   2   8  11 
0.003634
9   7   4   1  11   0   0 
0.004352
10   3   6   4   1  11   0   0 
0.034355
10   3   6   5   1  11   0   0 
0.034355
10   3   6   5   2   8  11   0 
0.017372
10   9   3   6   4   1  11   0 
0.023186
10   9   3   6   5   1  11   0 
0.023186
10   9   3   6   5   2   8  11 
0.017372
10   9   7   4   1  11   0   0 
0.020800
