2  5  1 
0.104399
3  6  4  1 
0.014650
3  6  5  1 
0.014650
4  1 
0.177834
5  1 
0.137618
6  4  1 
0.018788
6  5  1 
0.018788
7  4  1 
0.107897
8  11   1 
0.075819
9  7  4  1 
0.026337
10   3   6   4   1 
0.021090
10   3   6   5   1 
0.021090
10   9   7   4   1 
0.021090
11   1 
0.369770
1  5  2 
0.102519
3  6  5  2 
0.090239
4  1  5  2 
0.020039
4  6  5  2 
0.020039
5  2 
0.165320
6  5  2 
0.050535
7  4  1  5  2 
0.063585
7  4  6  5  2 
0.063585
8  2 
0.057646
9  3  6  5  2 
0.028526
10   3   6   5   2 
0.031792
11   8   2 
0.093838
1  4  6  3 
0.014821
1  5  6  3 
0.014821
2  5  6  3 
0.216887
4  6  3 
0.039653
5  6  3 
0.040108
6  3 
0.074226
7  9  3 
0.118539
8  2  5  6  3 
0.054177
9  3 
0.064415
10   3 
0.139449
11   1   4   6   3 
0.040788
11   1   5   6   3 
0.040788
1  4 
0.025708
2  5  1  4 
0.062023
2  5  6  4 
0.062023
3  6  4 
0.022200
5  1  4 
0.028088
5  6  4 
0.028088
6  4 
0.026533
7  4 
0.042582
8  11   1   4 
0.023712
9  7  4 
0.014526
10   3   6   4 
0.012437
10   9   7   4 
0.012437
11   1   4 
0.039847
1  5 
0.130767
2  5 
0.540884
3  6  5 
0.050260
4  1  5 
0.021851
4  6  5 
0.021851
6  5 
0.095992
7  4  1  5 
0.068979
7  4  6  5 
0.068979
8  2  5 
0.191701
9  3  6  5 
0.051867
10   3   6   5 
0.066053
11   1   5 
0.205953
1  4  6 
0.030691
1  5  6 
0.030691
2  5  6 
0.209846
3  6 
0.056829
4  6 
0.032424
5  6 
0.063969
7  4  6 
0.043089
8  2  5  6 
0.047675
9  3  6 
0.017109
10   3   6 
0.017120
11   1   4   6 
0.034002
11   1   5   6 
0.034002
1  4  7 
0.127650
2  5  1  4  7 
0.301815
2  5  6  4  7 
0.301815
3  9  7 
0.082998
4  7 
0.060330
5  1  4  7 
0.102279
5  6  4  7 
0.102279
6  4  7 
0.069341
8  11   1   4   7 
0.301074
9  7 
0.014999
10   9   7 
0.178115
11   1   4   7 
0.322830
1  11   8 
0.241064
2  8 
0.422965
3  6  5  2  8 
0.099087
4   1  11   8 
0.220735
5  2  8 
0.375819
6  5  2  8 
0.142661
7   4   1  11   8 
0.395345
9  3  6  5  2  8 
0.022544
9   7   4   1  11   8 
0.022544
10   3   6   5   2   8 
0.125769
11   8 
0.398783
1  4  7  9 
0.004965
2  5  6  3  9 
0.027279
3  9 
0.045839
4  7  9 
0.007960
5  6  3  9 
0.022905
6  3  9 
0.004974
7  9 
0.012850
8  2  5  6  3  9 
0.010303
8  11   1   4   7   9 
0.010303
10   9 
0.023011
11   1   4   7   9 
0.013778
1   4   6   3  10 
0.024552
1   4   7   9  10 
0.024552
1   5   6   3  10 
0.038490
2   5   6   3  10 
0.233252
3  10 
0.028053
4   6   3  10 
0.009886
4   7   9  10 
0.009886
5   6   3  10 
0.063456
6   3  10 
0.031001
7   9  10 
0.138707
8   2   5   6   3  10 
0.097595
9  10 
0.041159
11   1   4   6   3  10 
0.017326
11   1   4   7   9  10 
0.017326
11   1   5   6   3  10 
0.021136
1  11 
0.582817
2   8  11 
0.479586
3   6   4   1  11 
0.109461
3   6   5   1  11 
0.109461
4   1  11 
0.095061
5   1  11 
0.278929
6   4   1  11 
0.043301
6   5   1  11 
0.043301
7   4   1  11 
0.503550
8  11 
0.873477
9   7   4   1  11 
0.025214
10   3   6   4   1  11 
0.075038
10   3   6   5   1  11 
0.075038
10   9   7   4   1  11 
0.075038
