2  5  1  0 
0.061271
2   8  11   1 
0.007870
3  6  4  1 
0.015773
3  6  5  1 
0.012563
4  1 
0.010865
5  1 
0.110385
6  4  1 
0.007033
6  5  1 
0.005602
7  4  1 
0.094037
8  11   1 
0.088488
9  3  6  4  1 
0.005412
9  3  6  5  1 
0.005412
9  7  4  1  0 
0.006269
10   3   6   4   1   0 
0.013293
10   3   6   5   1   0 
0.013293
10   9   3   6   4   1 
0.010062
10   9   3   6   5   1 
0.010062
10   9   7   4   1   0 
0.011656
11   1 
0.439653
1  5  2  0 
0.039460
1  11   8   2 
0.039460
3  6  5  2 
0.052899
4  1  5  2  0 
0.041392
4   1  11   8   2 
0.041392
4  6  5  2  0 
0.018210
5  2 
0.121742
6  5  2 
0.035007
7  4  1  5  2  0 
0.046943
7   4   1  11   8   2 
0.046943
7  4  6  5  2  0 
0.022825
7  9  3  6  5  2 
0.008469
8  2 
0.042287
9  3  6  5  2 
0.016054
10   3   6   5   2   0 
0.029969
10   9   3   6   5   2 
0.014400
11   8   2 
0.048489
1  4  6  3  0 
0.006868
1  4  7  9  3 
0.005772
1  5  6  3  0 
0.011122
2  5  6  3 
0.279157
4  6  3  0 
0.018033
4  7  9  3 
0.013064
5  6  3 
0.040604
6  3 
0.018641
7  9  3 
0.027245
8  2  5  6  3  0  0 
0.019928
8  11   1   4   6   3   0 
0.011170
8  11   1   4   7   9   3 
0.011170
8  11   1   5   6   3   0 
0.011170
9  3 
0.034978
10   9   3 
0.014598
10   3   0 
0.030380
11   1   4   6   3   0 
0.011114
11   1   4   7   9   3 
0.009341
11   1   5   6   3   0 
0.017997
1  4 
0.031523
2  5  1  4  0 
0.060319
2  5  6  4  0 
0.140264
2   8  11   1   4 
0.006659
3  6  4  0 
0.008439
3  9  7  4 
0.001416
5  1  4 
0.009818
5  6  4 
0.022830
6  4 
0.036199
7  4 
0.064762
8  11   1   4 
0.035540
9  7  4 
0.010224
10   3   6   4   0 
0.011082
10   3   9   7   4 
0.002837
10   9   7   4   0 
0.009489
11   1   4 
0.022876
1  5 
0.091355
2  5 
0.654033
3  6  5 
0.040772
4  1  5 
0.016347
4  6  5 
0.010842
6  5 
0.070643
7  4  1  5  0 
0.061269
7  4  6  5  0 
0.040637
7  9  3  6  5 
0.022989
8  2  5  0 
0.106070
8  11   1   5 
0.036758
9  3  6  5 
0.033721
10   3   6   5   0 
0.031446
10   9   3   6   5 
0.015110
11   1   5 
0.154563
1  4  6 
0.005044
1  5  6 
0.014085
2  5  6 
0.185797
3  6 
0.018688
4  6 
0.019625
5  6 
0.070518
7  4  6  0 
0.020532
7  9  3  6 
0.014875
8  2  5  6  0 
0.032125
8  11   1   4   6 
0.015119
8  11   1   5   6 
0.015119
9  3  6 
0.003179
10   3   6   0 
0.017733
10   9   3   6 
0.008521
11   1   4   6 
0.014109
11   1   5   6 
0.039399
1  4  7 
0.136213
2  5  1  4  7  0 
0.202303
2  5  6  3  9  7 
0.083906
2  5  6  4  7  0 
0.500015
2   8  11   1   4   7 
0.021162
3  9  7 
0.025014
4  7 
0.038934
5  1  4  7  0 
0.045780
5  6  3  9  7 
0.018988
5  6  4  7  0 
0.113152
6  3  9  7 
0.006331
6  4  7  0 
0.037725
8  11   1   4   7 
0.264018
9  7 
0.047253
10   3   9   7 
0.019653
10   9   7   0 
0.117118
11   1   4   7 
0.287809
1  5  2  8 
0.049504
1  11   8   0 
0.167675
2  8 
0.364756
3  6  5  2  8 
0.083285
4  1  5  2  8 
0.037297
4   1  11   8   0 
0.119936
4  6  5  2  8 
0.018133
5  2  8 
0.279052
6  5  2  8 
0.102310
7  4  1  5  2  8 
0.080606
7   4   1  11   8   0 
0.222151
7  4  6  5  2  8 
0.039188
9  3  6  5  2  8  0 
0.001425
9  7  4  1  5  2  8 
0.014982
9   7   4   1  11   8   0 
0.014982
9  7  4  6  5  2  8 
0.007989
10   3   6   5   2   8   0   0 
0.010693
10   9   3   6   5   2   8   0 
0.006526
10   9   7   4   1   5   2   8 
0.059142
10   9   7   4   1  11   8   0 
0.059142
10   9   7   4   6   5   2   8 
0.036580
11   8 
0.309862
1  4  6  3  9 
0.000459
1  4  7  9  0 
0.004120
2  5  1  4  6  3  9 
0.003948
2  5  1  4  7  9  0 
0.028028
2  5  6  3  9  0  0 
0.009841
3  9 
0.031965
4  6  3  9 
0.000465
4  7  9  0 
0.004177
5  1  4  6  3  9 
0.001323
5  1  4  7  9  0 
0.009395
5  6  3  9  0  0 
0.003299
6  3  9 
0.003179
7  9 
0.043839
8  2  5  1  4  6  3  9 
0.002501
8  2  5  1  4  7  9  0 
0.002914
8  2  5  6  3  9  0  0 
0.002914
8  11   1   4   6   3   9   0 
0.000939
8  11   1   4   7   9   0   0 
0.000939
10   3   9 
0.002100
10   9   0 
0.012512
11   1   4   6   3   9 
0.002973
11   1   4   7   9   0 
0.004443
1   4   6   3   9  10 
0.010834
1   4   6   3  10   0 
0.010834
1   4   7   9  10   0 
0.013988
1   5   6   3   9  10 
0.026673
1   5   6   3  10   0 
0.026673
2   5   6   3   9  10 
0.073999
2   5   6   3  10   0 
0.374487
3   9  10 
0.003435
3  10   0 
0.020471
4   6   3   9  10 
0.002968
4   6   3  10   0 
0.002968
4   7   9  10   0 
0.003831
5   6   3   9  10 
0.003601
5   6   3  10   0 
0.021457
6   3   9  10 
0.002544
6   3  10   0 
0.015163
7   9  10 
0.108953
8   2   5   6   3   9  10   0 
0.019831
8   2   5   6   3  10   0   0 
0.019831
8  11   1   4   6   3   9  10 
0.011601
8  11   1   4   6   3  10   0 
0.011601
8  11   1   4   7   9  10   0 
0.012511
8  11   1   5   6   3   9  10 
0.012511
8  11   1   5   6   3  10   0 
0.012511
9  10 
0.013607
11   1   4   6   3   9  10 
0.004590
11   1   4   6   3  10   0 
0.004590
11   1   4   7   9  10   0 
0.005925
11   1   5   6   3   9  10 
0.009226
11   1   5   6   3  10   0 
0.009226
1  11 
0.733422
2   8  11 
0.304077
3   6   4   1  11   0 
0.093433
3   6   5   1  11   0 
0.083978
3   6   5   2   8  11 
0.021610
4   1  11 
0.138190
5   1  11   0 
0.218922
5   2   8  11 
0.028121
6   4   1  11   0 
0.027977
6   5   1  11   0 
0.025146
6   5   2   8  11 
0.006471
7   4   1  11 
0.409987
8  11 
0.700386
9   3   6   4   1  11   0 
0.007742
9   3   6   5   1  11   0 
0.007742
9   3   6   5   2   8  11 
0.006480
9   7   4   1  11   0   0 
0.008485
10   3   6   4   1  11   0   0 
0.038043
10   3   6   5   1  11   0   0 
0.038043
10   3   6   5   2   8  11   0 
0.020162
10   9   3   6   4   1  11   0 
0.024088
10   9   3   6   5   1  11   0 
0.024088
10   9   3   6   5   2   8  11 
0.020162
10   9   7   4   1  11   0   0 
0.026401
