2 1 2 0.063895 * 2  5  1 
3 1 3 0.006450 * 3  6  4  1 
3 1 3 0.006450 * 3  6  5  1 
4 1 1 0.083326 * 4  1 
5 1 1 0.086411 * 5  1 
6 1 2 0.011349 * 6  4  1 
6 1 2 0.011349 * 6  5  1 
7 1 2 0.095586 * 7  4  1 
8 1 2 0.075585 * 8  11   1 
9 1 3 0.011443 * 9  7  4  1 
10 1 4 0.020291 * 10   3   6   4   1 
10 1 4 0.020291 * 10   3   6   5   1 
10 1 4 0.020291 * 10   9   7   4   1 
11 1 1 0.424253 * 11   1 
1 2 2 0.057873 * 1  5  2 
3 2 3 0.078690 * 3  6  5  2 
4 2 3 0.009276 * 4  1  5  2 
4 2 3 0.009276 * 4  6  5  2 
5 2 1 0.134762 * 5  2 
6 2 2 0.050846 * 6  5  2 
7 2 4 0.058394 * 7  4  1  5  2 
7 2 4 0.058394 * 7  4  6  5  2 
8 2 1 0.025972 * 8  2 
9 2 4 0.009759 * 9  3  6  5  2 
10 2 4 0.037129 * 10   3   6   5   2 
11 2 2 0.022269 * 11   8   2 
1 3 3 0.019453 * 1  4  6  3 
1 3 3 0.019453 * 1  5  6  3 
2 3 3 0.272375 * 2  5  6  3 
4 3 2 0.026851 * 4  6  3 
5 3 2 0.032895 * 5  6  3 
6 3 1 0.078004 * 6  3 
7 3 2 0.060156 * 7  9  3 
8 3 4 0.070859 * 8  2  5  6  3 
9 3 1 0.072062 * 9  3 
10 3 1 0.086048 * 10   3 
11 3 4 0.043064 * 11   1   4   6   3 
11 3 4 0.043064 * 11   1   5   6   3 
1 4 1 0.035138 * 1  4 
2 4 3 0.057481 * 2  5  1  4 
2 4 3 0.057481 * 2  5  6  4 
3 4 2 0.009040 * 3  6  4 
5 4 2 0.020226 * 5  1  4 
5 4 2 0.020226 * 5  6  4 
6 4 1 0.010050 * 6  4 
7 4 1 0.544115 * 7  4 
8 4 3 0.063665 * 8  11   1   4 
9 4 2 0.012728 * 9  7  4 
10 4 3 0.012975 * 10   3   6   4 
10 4 3 0.012975 * 10   9   7   4 
11 4 2 0.027734 * 11   1   4 
1 5 1 0.084695 * 1  5 
2 5 1 0.573169 * 2  5 
3 5 2 0.062061 * 3  6  5 
4 5 2 0.013977 * 4  1  5 
4 5 2 0.013977 * 4  6  5 
6 5 1 0.048356 * 6  5 
7 5 3 0.047523 * 7  4  1  5 
7 5 3 0.047523 * 7  4  6  5 
8 5 2 0.115889 * 8  2  5 
9 5 3 0.043568 * 9  3  6  5 
10 5 3 0.066721 * 10   3   6   5 
11 5 2 0.225514 * 11   1   5 
1 6 2 0.013904 * 1  4  6 
1 6 2 0.013904 * 1  5  6 
2 6 2 0.189439 * 2  5  6 
3 6 1 0.031531 * 3  6 
4 6 1 0.019202 * 4  6 
5 6 1 0.090261 * 5  6 
7 6 2 0.035087 * 7  4  6 
8 6 3 0.063520 * 8  2  5  6 
9 6 2 0.003647 * 9  3  6 
10 6 2 0.026519 * 10   3   6 
11 6 3 0.027153 * 11   1   4   6 
11 6 3 0.027153 * 11   1   5   6 
1 7 2 0.068487 * 1  4  7 
2 7 4 0.405386 * 2  5  1  4  7 
2 7 4 0.405386 * 2  5  6  4  7 
3 7 2 0.040259 * 3  9  7 
4 7 1 0.108902 * 4  7 
5 7 3 0.080637 * 5  1  4  7 
5 7 3 0.080637 * 5  6  4  7 
6 7 2 0.066007 * 6  4  7 
8 7 4 0.317939 * 8  11   1   4   7 
9 7 1 0.045000 * 9  7 
10 7 2 0.164256 * 10   9   7 
11 7 3 0.300485 * 11   1   4   7 
1 8 2 0.197131 * 1  11   8 
2 8 1 0.397105 * 2  8 
3 8 4 0.102807 * 3  6  5  2  8 
4 8 3 0.181527 * 4   1  11   8 
5 8 2 0.256569 * 5  2  8 
6 8 3 0.115594 * 6  5  2  8 
7 8 4 0.400540 * 7   4   1  11   8 
9 8 5 0.027567 * 9  3  6  5  2  8 
9 8 5 0.027567 * 9   7   4   1  11   8 
10 8 5 0.147982 * 10   3   6   5   2   8 
11 8 1 0.331344 * 11   8 
1 9 3 0.004404 * 1  4  7  9 
2 9 4 0.044620 * 2  5  6  3  9 
3 9 1 0.070333 * 3  9 
4 9 2 0.005557 * 4  7  9 
5 9 3 0.017194 * 5  6  3  9 
6 9 2 0.004158 * 6  3  9 
7 9 1 0.027732 * 7  9 
8 9 5 0.005608 * 8  2  5  6  3  9 
8 9 5 0.005608 * 8  11   1   4   7   9 
10 9 1 0.018374 * 10   9 
11 9 4 0.011487 * 11   1   4   7   9 
1 10 4 0.013335 * 1   4   6   3  10 
1 10 4 0.013335 * 1   4   7   9  10 
1 10 4 0.022484 * 1   5   6   3  10 
2 10 4 0.373144 * 2   5   6   3  10 
3 10 1 0.030740 * 3  10 
4 10 3 0.004556 * 4   6   3  10 
4 10 3 0.004556 * 4   7   9  10 
5 10 3 0.024399 * 5   6   3  10 
6 10 2 0.019323 * 6   3  10 
7 10 2 0.128035 * 7   9  10 
8 10 5 0.115573 * 8   2   5   6   3  10 
9 10 1 0.017339 * 9  10 
11 10 5 0.013252 * 11   1   4   6   3  10 
11 10 5 0.013252 * 11   1   4   7   9  10 
11 10 5 0.022254 * 11   1   5   6   3  10 
1 11 1 0.601030 * 1  11 
2 11 2 0.402461 * 2   8  11 
3 11 4 0.094791 * 3   6   4   1  11 
3 11 4 0.094791 * 3   6   5   1  11 
4 11 2 0.090200 * 4   1  11 
5 11 2 0.256275 * 5   1  11 
6 11 3 0.058582 * 6   4   1  11 
6 11 3 0.058582 * 6   5   1  11 
7 11 3 0.324216 * 7   4   1  11 
8 11 1 0.863076 * 8  11 
9 11 4 0.024739 * 9   7   4   1  11 
10 11 5 0.062058 * 10   3   6   4   1  11 
10 11 5 0.062058 * 10   3   6   5   1  11 
10 11 5 0.062058 * 10   9   7   4   1  11 
