2 1 0.250656 0.064688 * 2  5  1  0 
2 1 0.344860 0.007800 * 2   8  11   1 
3 1 0.348307 0.012594 * 3  6  4  1 
3 1 0.328109 0.009757 * 3  6  5  1 
4 1 0.123036 0.017086 * 4  1 
5 1 0.109185 0.088322 * 5  1 
6 1 0.239178 0.008567 * 6  4  1 
6 1 0.218980 0.006637 * 6  5  1 
7 1 0.238220 0.118622 * 7  4  1 
8 1 0.231537 0.078310 * 8  11   1 
9 1 0.450077 0.005680 * 9  3  6  4  1 
9 1 0.429879 0.005680 * 9  3  6  5  1 
9 1 0.343041 0.005754 * 9  7  4  1  0 
10 1 0.451948 0.008889 * 10   3   6   4   1   0 
10 1 0.431750 0.008889 * 10   3   6   5   1   0 
10 1 0.553703 0.008608 * 10   9   3   6   4   1 
10 1 0.533505 0.008608 * 10   9   3   6   5   1 
10 1 0.446667 0.008720 * 10   9   7   4   1   0 
11 1 0.117175 0.429196 * 11   1 
1 2 0.223397 0.023157 * 1  5  2  0 
1 2 0.353437 0.023157 * 1  11   8   2 
3 2 0.332410 0.055357 * 3  6  5  2 
4 2 0.346433 0.064557 * 4  1  5  2  0 
4 2 0.476473 0.064557 * 4   1  11   8   2 
4 2 0.324693 0.033673 * 4  6  5  2  0 
5 2 0.113485 0.120545 * 5  2 
6 2 0.223281 0.049998 * 6  5  2 
7 2 0.461616 0.042050 * 7  4  1  5  2  0 
7 2 0.591657 0.042050 * 7   4   1  11   8   2 
7 2 0.439876 0.026989 * 7  4  6  5  2  0 
7 2 0.536193 0.008537 * 7  9  3  6  5  2 
8 2 0.104968 0.041037 * 8  2 
9 2 0.434179 0.009934 * 9  3  6  5  2 
10 2 0.436051 0.031375 * 10   3   6   5   2   0 
10 2 0.537805 0.017452 * 10   9   3   6   5   2 
11 2 0.216873 0.048412 * 11   8   2 
1 3 0.331231 0.010085 * 1  4  6  3  0 
1 3 0.442054 0.008723 * 1  4  7  9  3 
1 3 0.356985 0.015591 * 1  5  6  3  0 
2 3 0.388544 0.293511 * 2  5  6  3 
4 3 0.216436 0.016987 * 4  6  3  0 
4 3 0.327259 0.014170 * 4  7  9  3 
5 3 0.247073 0.054084 * 5  6  3 
6 3 0.115024 0.015585 * 6  3 
7 3 0.203783 0.019454 * 7  9  3 
8 3 0.493512 0.015718 * 8  2  5  6  3  0  0 
8 3 0.562768 0.008932 * 8  11   1   4   6   3   0 
8 3 0.673590 0.008932 * 8  11   1   4   7   9   3 
8 3 0.588522 0.008932 * 8  11   1   5   6   3   0 
9 3 0.101769 0.063918 * 9  3 
10 3 0.205395 0.015824 * 10   9   3 
10 3 0.103641 0.028448 * 10   3   0 
11 3 0.448406 0.011187 * 11   1   4   6   3   0 
11 3 0.559229 0.009676 * 11   1   4   7   9   3 
11 3 0.474160 0.017295 * 11   1   5   6   3   0 
1 4 0.114795 0.035778 * 1  4 
2 4 0.365450 0.050177 * 2  5  1  4  0 
2 4 0.389662 0.118149 * 2  5  6  4  0 
2 4 0.459655 0.004665 * 2   8  11   1   4 
3 4 0.225271 0.011651 * 3  6  4  0 
3 4 0.321752 0.002490 * 3  9  7  4 
5 4 0.223979 0.014779 * 5  1  4 
5 4 0.248191 0.034799 * 5  6  4 
6 4 0.116142 0.010211 * 6  4 
7 4 0.115183 0.060437 * 7  4 
8 4 0.346331 0.029572 * 8  11   1   4 
9 4 0.220005 0.005080 * 9  7  4 
10 4 0.328912 0.017170 * 10   3   6   4   0 
10 4 0.425393 0.005162 * 10   3   9   7   4 
10 4 0.323630 0.014146 * 10   9   7   4   0 
11 4 0.231970 0.027574 * 11   1   4 
1 5 0.109912 0.060499 * 1  5 
2 5 0.141471 0.606821 * 2  5 
3 5 0.218925 0.038060 * 3  6  5 
4 5 0.232948 0.017760 * 4  1  5 
4 5 0.211208 0.011426 * 4  6  5 
6 5 0.109796 0.086391 * 6  5 
7 5 0.348131 0.041262 * 7  4  1  5  0 
7 5 0.326391 0.026546 * 7  4  6  5  0 
7 5 0.422708 0.015095 * 7  9  3  6  5 
8 5 0.246439 0.091886 * 8  2  5  0 
8 5 0.341449 0.031708 * 8  11   1   5 
9 5 0.320694 0.035992 * 9  3  6  5 
10 5 0.322565 0.031763 * 10   3   6   5   0 
10 5 0.424320 0.017668 * 10   9   3   6   5 
11 5 0.227087 0.147871 * 11   1   5 
1 6 0.216207 0.020269 * 1  4  6 
1 6 0.241961 0.057473 * 1  5  6 
2 6 0.273520 0.168999 * 2  5  6 
3 6 0.109129 0.017456 * 3  6 
4 6 0.101412 0.015779 * 4  6 
5 6 0.132049 0.054326 * 5  6 
7 6 0.216595 0.017065 * 7  4  6  0 
7 6 0.312912 0.014235 * 7  9  3  6 
8 6 0.378488 0.028338 * 8  2  5  6  0 
8 6 0.447743 0.013228 * 8  11   1   4   6 
8 6 0.473497 0.013228 * 8  11   1   5   6 
9 6 0.210898 0.004295 * 9  3  6 
10 6 0.212770 0.013784 * 10   3   6   0 
10 6 0.314524 0.007667 * 10   9   3   6 
11 6 0.333382 0.018493 * 11   1   4   6 
11 6 0.359136 0.033450 * 11   1   5   6 
1 7 0.238270 0.203470 * 1  4  7 
2 7 0.488926 0.190523 * 2  5  1  4  7  0 
2 7 0.595113 0.102686 * 2  5  6  3  9  7 
2 7 0.513138 0.480366 * 2  5  6  4  7  0 
2 7 0.583130 0.018496 * 2   8  11   1   4   7 
3 7 0.206569 0.025655 * 3  9  7 
4 7 0.123476 0.031386 * 4  7 
5 7 0.347455 0.045791 * 5  1  4  7  0 
5 7 0.453642 0.024680 * 5  6  3  9  7 
5 7 0.371666 0.115454 * 5  6  4  7  0 
6 7 0.321593 0.008809 * 6  3  9  7 
6 7 0.239618 0.041209 * 6  4  7  0 
8 7 0.469807 0.286419 * 8  11   1   4   7 
9 7 0.104821 0.052529 * 9  7 
10 7 0.310210 0.020544 * 10   3   9   7 
10 7 0.208447 0.096104 * 10   9   7   0 
11 7 0.355445 0.313258 * 11   1   4   7 
1 8 0.336720 0.042782 * 1  5  2  8 
1 8 0.248469 0.158031 * 1  11   8   0 
2 8 0.113324 0.346824 * 2  8 
3 8 0.445733 0.068214 * 3  6  5  2  8 
4 8 0.459757 0.040592 * 4  1  5  2  8 
4 8 0.371506 0.142615 * 4   1  11   8   0 
4 8 0.438016 0.019548 * 4  6  5  2  8 
5 8 0.226809 0.224072 * 5  2  8 
6 8 0.336604 0.101005 * 6  5  2  8 
7 8 0.574940 0.077184 * 7  4  1  5  2  8 
7 8 0.486689 0.216357 * 7   4   1  11   8   0 
7 8 0.553199 0.037169 * 7  4  6  5  2  8 
9 8 0.547503 0.001587 * 9  3  6  5  2  8  0 
9 8 0.679761 0.015230 * 9  7  4  1  5  2  8 
9 8 0.591510 0.015230 * 9   7   4   1  11   8   0 
9 8 0.658021 0.008537 * 9  7  4  6  5  2  8 
10 8 0.549374 0.008061 * 10   3   6   5   2   8   0   0 
10 8 0.651128 0.005990 * 10   9   3   6   5   2   8   0 
10 8 0.783387 0.047507 * 10   9   7   4   1   5   2   8 
10 8 0.695136 0.047507 * 10   9   7   4   1  11   8   0 
10 8 0.761647 0.032220 * 10   9   7   4   6   5   2   8 
11 8 0.111905 0.280829 * 11   8 
1 9 0.432978 0.000558 * 1  4  6  3  9 
1 9 0.340284 0.003916 * 1  4  7  9  0 
2 9 0.683634 0.005186 * 2  5  1  4  6  3  9 
2 9 0.590940 0.029498 * 2  5  1  4  7  9  0 
2 9 0.490292 0.013469 * 2  5  6  3  9  0  0 
3 9 0.101747 0.017279 * 3  9 
4 9 0.318184 0.000634 * 4  6  3  9 
4 9 0.225490 0.004448 * 4  7  9  0 
5 9 0.542163 0.001530 * 5  1  4  6  3  9 
5 9 0.449469 0.008702 * 5  1  4  7  9  0 
5 9 0.348820 0.003973 * 5  6  3  9  0  0 
6 9 0.216772 0.001995 * 6  3  9 
7 9 0.102014 0.036373 * 7  9 
8 9 0.788602 0.007004 * 8  2  5  1  4  6  3  9 
8 9 0.695908 0.026019 * 8  2  5  1  4  7  9  0 
8 9 0.595259 0.018192 * 8  2  5  6  3  9  0  0 
8 9 0.664515 0.007004 * 8  11   1   4   6   3   9   0 
8 9 0.571821 0.007956 * 8  11   1   4   7   9   0   0 
10 9 0.205388 0.002614 * 10   3   9 
10 9 0.103626 0.012230 * 10   9   0 
11 9 0.550153 0.002548 * 11   1   4   6   3   9 
11 9 0.457459 0.004144 * 11   1   4   7   9   0 
1 10 0.534338 0.010339 * 1   4   6   3   9  10 
1 10 0.438687 0.010339 * 1   4   6   3  10   0 
1 10 0.441644 0.012775 * 1   4   7   9  10   0 
1 10 0.560092 0.026166 * 1   5   6   3   9  10 
1 10 0.464441 0.026166 * 1   5   6   3  10   0 
2 10 0.591651 0.080298 * 2   5   6   3   9  10 
2 10 0.496000 0.329025 * 2   5   6   3  10   0 
3 10 0.203107 0.002699 * 3   9  10 
3 10 0.107456 0.012627 * 3  10   0 
4 10 0.419543 0.002744 * 4   6   3   9  10 
4 10 0.323892 0.002744 * 4   6   3  10   0 
4 10 0.326849 0.003390 * 4   7   9  10   0 
5 10 0.450180 0.003544 * 5   6   3   9  10 
5 10 0.354529 0.016578 * 5   6   3  10   0 
6 10 0.318131 0.002877 * 6   3   9  10 
6 10 0.222480 0.013461 * 6   3  10   0 
7 10 0.203374 0.115547 * 7   9  10 
8 10 0.696619 0.020305 * 8   2   5   6   3   9  10   0 
8 10 0.600968 0.020305 * 8   2   5   6   3  10   0   0 
8 10 0.765874 0.011892 * 8  11   1   4   6   3   9  10 
8 10 0.670224 0.011892 * 8  11   1   4   6   3  10   0 
8 10 0.673180 0.012531 * 8  11   1   4   7   9  10   0 
8 10 0.791629 0.012531 * 8  11   1   5   6   3   9  10 
8 10 0.695978 0.012531 * 8  11   1   5   6   3  10   0 
9 10 0.101360 0.011437 * 9  10 
11 10 0.651513 0.005557 * 11   1   4   6   3   9  10 
11 10 0.555862 0.005557 * 11   1   4   6   3  10   0 
11 10 0.558819 0.006866 * 11   1   4   7   9  10   0 
11 10 0.677267 0.012245 * 11   1   5   6   3   9  10 
11 10 0.581616 0.012245 * 11   1   5   6   3  10   0 
1 11 0.136564 0.691327 * 1  11 
2 11 0.227685 0.253992 * 2   8  11 
3 11 0.484872 0.098968 * 3   6   4   1  11   0 
3 11 0.464673 0.085921 * 3   6   5   1  11   0 
3 11 0.560095 0.025321 * 3   6   5   2   8  11 
4 11 0.259601 0.119617 * 4   1  11 
5 11 0.245749 0.294992 * 5   1  11   0 
5 11 0.341170 0.035570 * 5   2   8  11 
6 11 0.375742 0.024344 * 6   4   1  11   0 
6 11 0.355544 0.021135 * 6   5   1  11   0 
6 11 0.450966 0.006228 * 6   5   2   8  11 
7 11 0.374784 0.332868 * 7   4   1  11 
8 11 0.114362 0.594717 * 8  11 
9 11 0.586641 0.007204 * 9   3   6   4   1  11   0 
9 11 0.566443 0.007204 * 9   3   6   5   1  11   0 
9 11 0.661864 0.006538 * 9   3   6   5   2   8  11 
9 11 0.479605 0.006933 * 9   7   4   1  11   0   0 
10 11 0.588512 0.032779 * 10   3   6   4   1  11   0   0 
10 11 0.568314 0.032779 * 10   3   6   5   1  11   0   0 
10 11 0.663736 0.021494 * 10   3   6   5   2   8  11   0 
10 11 0.690267 0.023684 * 10   9   3   6   4   1  11   0 
10 11 0.670069 0.023684 * 10   9   3   6   5   1  11   0 
10 11 0.765490 0.021494 * 10   9   3   6   5   2   8  11 
10 11 0.583231 0.022791 * 10   9   7   4   1  11   0   0 
