2 1 0.241975 0.116634 * 2  5  1  0 
2 1 0.361460 0.011495 * 2   8  11   1 
3 1 0.353848 0.017643 * 3  6  4  1 
3 1 0.332482 0.013481 * 3  6  5  1 
4 1 0.127815 0.077671 * 4  1 
5 1 0.109391 0.138544 * 5  1 
6 1 0.242964 0.022783 * 6  4  1 
6 1 0.221598 0.017409 * 6  5  1 
7 1 0.246575 0.111311 * 7  4  1 
8 1 0.240304 0.070382 * 8  11   1 
9 1 0.457088 0.007444 * 9  3  6  4  1 
9 1 0.435722 0.007444 * 9  3  6  5  1 
9 1 0.352525 0.010202 * 9  7  4  1  0 
10 1 0.457537 0.012178 * 10   3   6   4   1   0 
10 1 0.436171 0.012178 * 10   3   6   5   1   0 
10 1 0.561883 0.009632 * 10   9   3   6   4   1 
10 1 0.540517 0.009632 * 10   9   3   6   5   1 
10 1 0.457320 0.011940 * 10   9   7   4   1   0 
11 1 0.118896 0.356779 * 11   1 
1 2 0.228818 0.050614 * 1  5  2  0 
1 2 0.363461 0.050614 * 1  11   8   2 
3 2 0.339919 0.076485 * 3  6  5  2 
4 2 0.356634 0.023357 * 4  1  5  2  0 
4 2 0.491277 0.023357 * 4   1  11   8   2 
4 2 0.330943 0.008209 * 4  6  5  2  0 
5 2 0.116828 0.153358 * 5  2 
6 2 0.229035 0.055952 * 6  5  2 
7 2 0.475393 0.053610 * 7  4  1  5  2  0 
7 2 0.610037 0.053610 * 7   4   1  11   8   2 
7 2 0.449703 0.018843 * 7  4  6  5  2  0 
7 2 0.546412 0.008479 * 7  9  3  6  5  2 
8 2 0.106073 0.046886 * 8  2 
9 2 0.443159 0.022653 * 9  3  6  5  2 
10 2 0.443608 0.026106 * 10   3   6   5   2   0 
10 2 0.547954 0.010798 * 10   9   3   6   5   2 
11 2 0.222252 0.085871 * 11   8   2 
1 3 0.328939 0.008501 * 1  4  6  3  0 
1 3 0.439779 0.005633 * 1  4  7  9  3 
1 3 0.353122 0.017081 * 1  5  6  3  0 
2 3 0.373716 0.174155 * 2  5  6  3 
4 3 0.215656 0.015249 * 4  6  3  0 
4 3 0.326496 0.010105 * 4  7  9  3 
5 3 0.241132 0.041767 * 5  6  3 
6 3 0.113748 0.068288 * 6  3 
7 3 0.206493 0.129784 * 7  9  3 
8 3 0.479789 0.028885 * 8  2  5  6  3  0  0 
8 3 0.569244 0.014823 * 8  11   1   4   6   3   0 
8 3 0.680084 0.014823 * 8  11   1   4   7   9   3 
8 3 0.593426 0.014823 * 8  11   1   5   6   3   0 
9 3 0.103240 0.058493 * 9  3 
10 3 0.208035 0.019969 * 10   9   3 
10 3 0.103689 0.048277 * 10   3   0 
11 3 0.447835 0.030767 * 11   1   4   6   3   0 
11 3 0.558675 0.020387 * 11   1   4   7   9   3 
11 3 0.472018 0.061816 * 11   1   5   6   3   0 
1 4 0.113283 0.030955 * 1  4 
2 4 0.355258 0.045108 * 2  5  1  4  0 
2 4 0.375116 0.103990 * 2  5  6  4  0 
2 4 0.474743 0.003362 * 2   8  11   1   4 
3 4 0.226032 0.015019 * 3  6  4  0 
3 4 0.326559 0.003031 * 3  9  7  4 
5 4 0.222674 0.014430 * 5  1  4 
5 4 0.242532 0.033267 * 5  6  4 
6 4 0.115149 0.014196 * 6  4 
7 4 0.118760 0.033390 * 7  4 
8 4 0.353587 0.031342 * 8  11   1   4 
9 4 0.224710 0.017289 * 9  7  4 
10 4 0.329722 0.012491 * 10   3   6   4   0 
10 4 0.430249 0.004619 * 10   3   9   7   4 
10 4 0.329505 0.010394 * 10   9   7   4   0 
11 4 0.232179 0.042347 * 11   1   4 
1 5 0.111990 0.115664 * 1  5 
2 5 0.132584 0.537535 * 2  5 
3 5 0.223091 0.053591 * 3  6  5 
4 5 0.239805 0.025801 * 4  1  5 
4 5 0.214115 0.016106 * 4  6  5 
6 5 0.112207 0.103994 * 6  5 
7 5 0.358565 0.061381 * 7  4  1  5  0 
7 5 0.332875 0.038317 * 7  4  6  5  0 
7 5 0.429584 0.017528 * 7  9  3  6  5 
8 5 0.238657 0.149366 * 8  2  5  0 
8 5 0.352294 0.048231 * 8  11   1   5 
9 5 0.326331 0.051908 * 9  3  6  5 
10 5 0.326780 0.041926 * 10   3   6   5   0 
10 5 0.431126 0.017343 * 10   9   3   6   5 
11 5 0.230886 0.189224 * 11   1   5 
1 6 0.215191 0.012728 * 1  4  6 
1 6 0.239374 0.035917 * 1  5  6 
2 6 0.259967 0.212910 * 2  5  6 
3 6 0.110884 0.046533 * 3  6 
4 6 0.101908 0.032415 * 4  6 
5 6 0.127384 0.070807 * 5  6 
7 6 0.220668 0.034687 * 7  4  6  0 
7 6 0.317376 0.022984 * 7  9  3  6 
8 6 0.366040 0.030031 * 8  2  5  6  0 
8 6 0.455495 0.013134 * 8  11   1   4   6 
8 6 0.479678 0.013134 * 8  11   1   5   6 
9 6 0.214124 0.010242 * 9  3  6 
10 6 0.214573 0.011257 * 10   3   6   0 
10 6 0.318919 0.004657 * 10   9   3   6 
11 6 0.334087 0.020140 * 11   1   4   6 
11 6 0.358270 0.049277 * 11   1   5   6 
1 7 0.233287 0.102346 * 1  4  7 
2 7 0.475261 0.129632 * 2  5  1  4  7  0 
2 7 0.581515 0.068841 * 2  5  6  3  9  7 
2 7 0.495120 0.341132 * 2  5  6  4  7  0 
2 7 0.594746 0.009195 * 2   8  11   1   4   7 
3 7 0.207799 0.047871 * 3  9  7 
4 7 0.120004 0.048219 * 4  7 
5 7 0.342678 0.050042 * 5  1  4  7  0 
5 7 0.448931 0.026575 * 5  6  3  9  7 
5 7 0.362536 0.131687 * 5  6  4  7  0 
6 7 0.321548 0.012973 * 6  3  9  7 
6 7 0.235152 0.064286 * 6  4  7  0 
8 7 0.473591 0.295916 * 8  11   1   4   7 
9 7 0.105950 0.017510 * 9  7 
10 7 0.311489 0.030335 * 10   3   9   7 
10 7 0.210745 0.150322 * 10   9   7   0 
11 7 0.352183 0.341933 * 11   1   4   7 
1 8 0.349974 0.046840 * 1  5  2  8 
1 8 0.257388 0.200841 * 1  11   8   0 
2 8 0.121156 0.436337 * 2  8 
3 8 0.461075 0.093395 * 3  6  5  2  8 
4 8 0.477789 0.042317 * 4  1  5  2  8 
4 8 0.385204 0.166149 * 4   1  11   8   0 
4 8 0.452099 0.019614 * 4  6  5  2  8 
5 8 0.237984 0.388548 * 5  2  8 
6 8 0.350191 0.155278 * 6  5  2  8 
7 8 0.596549 0.093564 * 7  4  1  5  2  8 
7 8 0.503964 0.293411 * 7   4   1  11   8   0 
7 8 0.570859 0.043368 * 7  4  6  5  2  8 
9 8 0.564315 0.001068 * 9  3  6  5  2  8  0 
9 8 0.702499 0.015258 * 9  7  4  1  5  2  8 
9 8 0.609914 0.015258 * 9   7   4   1  11   8   0 
9 8 0.676809 0.009182 * 9  7  4  6  5  2  8 
10 8 0.564764 0.006616 * 10   3   6   5   2   8   0   0 
10 8 0.669110 0.003759 * 10   9   3   6   5   2   8   0 
10 8 0.807294 0.041851 * 10   9   7   4   1   5   2   8 
10 8 0.714709 0.041851 * 10   9   7   4   1  11   8   0 
10 8 0.781604 0.032329 * 10   9   7   4   6   5   2   8 
11 8 0.116179 0.400547 * 11   8 
1 9 0.430789 0.000446 * 1  4  6  3  9 
1 9 0.336539 0.003539 * 1  4  7  9  0 
2 9 0.672763 0.003454 * 2  5  1  4  6  3  9 
2 9 0.578514 0.017711 * 2  5  1  4  7  9  0 
2 9 0.475565 0.008046 * 2  5  6  3  9  0  0 
3 9 0.101849 0.055963 * 3  9 
4 9 0.317505 0.000816 * 4  6  3  9 
4 9 0.223256 0.006477 * 4  7  9  0 
5 9 0.540180 0.002699 * 5  1  4  6  3  9 
5 9 0.445930 0.015214 * 5  1  4  7  9  0 
5 9 0.342981 0.006286 * 5  6  3  9  0  0 
6 9 0.215597 0.005998 * 6  3  9 
7 9 0.103253 0.014155 * 7  9 
8 9 0.778836 0.003475 * 8  2  5  1  4  6  3  9 
8 9 0.684587 0.005908 * 8  2  5  1  4  7  9  0 
8 9 0.581638 0.005908 * 8  2  5  6  3  9  0  0 
8 9 0.671093 0.001767 * 8  11   1   4   6   3   9   0 
8 9 0.576843 0.001767 * 8  11   1   4   7   9   0   0 
10 9 0.205539 0.003925 * 10   3   9 
10 9 0.104795 0.019450 * 10   9   0 
11 9 0.549685 0.004205 * 11   1   4   6   3   9 
11 9 0.455435 0.008316 * 11   1   4   7   9   0 
1 10 0.532604 0.011904 * 1   4   6   3   9  10 
1 10 0.435676 0.011904 * 1   4   6   3  10   0 
1 10 0.438354 0.015867 * 1   4   7   9  10   0 
1 10 0.556786 0.025452 * 1   5   6   3   9  10 
1 10 0.459858 0.026803 * 1   5   6   3  10   0 
2 10 0.577380 0.059286 * 2   5   6   3   9  10 
2 10 0.480452 0.178439 * 2   5   6   3  10   0 
3 10 0.203664 0.004465 * 3   9  10 
3 10 0.106736 0.022126 * 3  10   0 
4 10 0.419320 0.006542 * 4   6   3   9  10 
4 10 0.322393 0.006542 * 4   6   3  10   0 
4 10 0.325071 0.008720 * 4   7   9  10   0 
5 10 0.444796 0.014291 * 5   6   3   9  10 
5 10 0.347868 0.070285 * 5   6   3  10   0 
6 10 0.317412 0.004990 * 6   3   9  10 
6 10 0.220485 0.024725 * 6   3  10   0 
7 10 0.205067 0.125806 * 7   9  10 
8 10 0.683453 0.019236 * 8   2   5   6   3   9  10   0 
8 10 0.586525 0.019236 * 8   2   5   6   3  10   0   0 
8 10 0.772908 0.011347 * 8  11   1   4   6   3   9  10 
8 10 0.675980 0.011347 * 8  11   1   4   6   3  10   0 
8 10 0.678658 0.011347 * 8  11   1   4   7   9  10   0 
8 10 0.797090 0.011347 * 8  11   1   5   6   3   9  10 
8 10 0.700162 0.011347 * 8  11   1   5   6   3  10   0 
9 10 0.101815 0.031323 * 9  10 
11 10 0.651500 0.008303 * 11   1   4   6   3   9  10 
11 10 0.554572 0.008303 * 11   1   4   6   3  10   0 
11 10 0.557250 0.011067 * 11   1   4   7   9  10   0 
11 10 0.675682 0.017645 * 11   1   5   6   3   9  10 
11 10 0.578754 0.017645 * 11   1   5   6   3  10   0 
1 11 0.141210 0.657107 * 1  11 
2 11 0.242564 0.505433 * 2   8  11 
3 11 0.495057 0.110978 * 3   6   4   1  11   0 
3 11 0.473691 0.093159 * 3   6   5   1  11   0 
3 11 0.582483 0.017903 * 3   6   5   2   8  11 
4 11 0.269025 0.094109 * 4   1  11 
5 11 0.250601 0.237946 * 5   1  11   0 
5 11 0.359392 0.023451 * 5   2   8  11 
6 11 0.384174 0.057205 * 6   4   1  11   0 
6 11 0.362808 0.048020 * 6   5   1  11   0 
6 11 0.471599 0.009228 * 6   5   2   8  11 
7 11 0.387785 0.424630 * 7   4   1  11 
8 11 0.121408 0.856482 * 8  11 
9 11 0.598298 0.006010 * 9   3   6   4   1  11   0 
9 11 0.576932 0.006010 * 9   3   6   5   1  11   0 
9 11 0.685723 0.004735 * 9   3   6   5   2   8  11 
9 11 0.493735 0.007899 * 9   7   4   1  11   0   0 
10 11 0.598747 0.047508 * 10   3   6   4   1  11   0   0 
10 11 0.577381 0.047508 * 10   3   6   5   1  11   0   0 
10 11 0.686172 0.019133 * 10   3   6   5   2   8  11   0 
10 11 0.703092 0.024286 * 10   9   3   6   4   1  11   0 
10 11 0.681726 0.024286 * 10   9   3   6   5   1  11   0 
10 11 0.790518 0.019133 * 10   9   3   6   5   2   8  11 
10 11 0.598530 0.031918 * 10   9   7   4   1  11   0   0 
