2  5  1 
0.068440
3  6  4  1 
0.009258
3  6  5  1 
0.009258
4  1 
0.082272
5  1 
0.079005
6  4  1 
0.008900
6  5  1 
0.008900
7  4  1 
0.098471
8  11   1 
0.076110
9  7  4  1 
0.011722
10   3   6   4   1 
0.018515
10   3   6   5   1 
0.018515
10   9   7   4   1 
0.018515
11   1 
0.451147
1  5  2 
0.053964
3  6  5  2 
0.082329
4  1  5  2 
0.016231
4  6  5  2 
0.016231
5  2 
0.123471
6  5  2 
0.043276
7  4  1  5  2 
0.046852
7  4  6  5  2 
0.046852
8  2 
0.032666
9  3  6  5  2 
0.012996
10   3   6   5   2 
0.054206
11   8   2 
0.092122
1  4  6  3 
0.015402
1  5  6  3 
0.015402
2  5  6  3 
0.220333
4  6  3 
0.016079
5  6  3 
0.034276
6  3 
0.100464
7  9  3 
0.036911
8  2  5  6  3 
0.064759
9  3 
0.071717
10   3 
0.126885
11   1   4   6   3 
0.035389
11   1   5   6   3 
0.035389
1  4 
0.024984
2  5  1  4 
0.109951
2  5  6  4 
0.109951
3  6  4 
0.012805
5  1  4 
0.015758
5  6  4 
0.015758
6  4 
0.049292
7  4 
0.070523
8  11   1   4 
0.048360
9  7  4 
0.005059
10   3   6   4 
0.018660
10   9   7   4 
0.018660
11   1   4 
0.020198
1  5 
0.079074
2  5 
0.600820
3  6  5 
0.055236
4  1  5 
0.015673
4  6  5 
0.015673
6  5 
0.061635
7  4  1  5 
0.061606
7  4  6  5 
0.061606
8  2  5 
0.135954
9  3  6  5 
0.036438
10   3   6   5 
0.052390
11   1   5 
0.228480
1  4  6 
0.008403
1  5  6 
0.008403
2  5  6 
0.205332
3  6 
0.022174
4  6 
0.022698
5  6 
0.094712
7  4  6 
0.034795
8  2  5  6 
0.060095
9  3  6 
0.007188
10   3   6 
0.026996
11   1   4   6 
0.028169
11   1   5   6 
0.028169
1  4  7 
0.076337
2  5  1  4  7 
0.385036
2  5  6  4  7 
0.385036
3  9  7 
0.033186
4  7 
0.045532
5  1  4  7 
0.101192
5  6  4  7 
0.101192
6  4  7 
0.067716
8  11   1   4   7 
0.344585
9  7 
0.045576
10   9   7 
0.148773
11   1   4   7 
0.284980
1  11   8 
0.200741
2  8 
0.405098
3  6  5  2  8 
0.101909
4   1  11   8 
0.194341
5  2  8 
0.255486
6  5  2  8 
0.123785
7   4   1  11   8 
0.362146
9  3  6  5  2  8 
0.023988
9   7   4   1  11   8 
0.023988
10   3   6   5   2   8 
0.149716
11   8 
0.272189
1  4  7  9 
0.004213
2  5  6  3  9 
0.035193
3  9 
0.025276
4  7  9 
0.004714
5  6  3  9 
0.007578
6  3  9 
0.004712
7  9 
0.035146
8  2  5  6  3  9 
0.004882
8  11   1   4   7   9 
0.004882
10   9 
0.015753
11   1   4   7   9 
0.013955
1   4   6   3  10 
0.021335
1   4   7   9  10 
0.021335
1   5   6   3  10 
0.038038
2   5   6   3  10 
0.395133
3  10 
0.029367
4   6   3  10 
0.003571
4   7   9  10 
0.003571
5   6   3  10 
0.026033
6   3  10 
0.019479
7   9  10 
0.142933
8   2   5   6   3  10 
0.119927
9  10 
0.014247
11   1   4   6   3  10 
0.011752
11   1   4   7   9  10 
0.011752
11   1   5   6   3  10 
0.013067
1  11 
0.572885
2   8  11 
0.365529
3   6   4   1  11 
0.103756
3   6   5   1  11 
0.103756
4   1  11 
0.089192
5   1  11 
0.262271
6   4   1  11 
0.033595
6   5   1  11 
0.033595
7   4   1  11 
0.296164
8  11 
0.705819
9   7   4   1  11 
0.031905
10   3   6   4   1  11 
0.062425
10   3   6   5   1  11 
0.062425
10   9   7   4   1  11 
0.062425
