1  5  2  0  0  0  0  0  0  0 
1.006719e-001
1  11   8   2   0   0   0   0   0   0 
1.011137e-014
1  4  6  5  2  0  0  0  0  0 
5.053604e-015
1  4  6  3  0  0  0  0  0  0 
1.660729e-002
1  5  6  3  0  0  0  0  0  0 
1.602965e-002
1  4  7  9  3  0  0  0  0  0 
1.004348e-014
1  4  0  0  0  0  0  0  0  0 
1.830226e-002
1  5  6  4  0  0  0  0  0  0 
5.046018e-015
1  5  0  0  0  0  0  0  0  0 
7.873309e-002
1  4  6  5  0  0  0  0  0  0 
5.053875e-015
1  11   8   2   5   0   0   0   0   0 
3.372581e-015
1  4  6  0  0  0  0  0  0  0 
1.757959e-002
1  5  6  0  0  0  0  0  0  0 
1.592028e-002
1  4  7  0  0  0  0  0  0  0 
7.459420e-002
1  5  6  4  7  0  0  0  0  0 
5.056525e-015
1  11   8   0   0   0   0   0   0   0 
1.936617e-001
1  5  2  8  0  0  0  0  0  0 
1.011382e-014
1  4  6  5  2  8  0  0  0  0 
3.372101e-015
1  4  7  9  0  0  0  0  0  0 
3.694275e-003
1  4  6  3  9  0  0  0  0  0 
9.307728e-015
1  5  6  3  9  0  0  0  0  0 
9.471963e-015
1   4   6   3  10   0   0   0   0   0 
2.596548e-002
1   5   6   3  10   0   0   0   0   0 
2.242327e-002
1   4   7   9  10   0   0   0   0   0 
3.707720e-002
1  11   0   0   0   0   0   0   0   0 
6.422503e-001
1   5   2   8  11   0   0   0   0   0 
3.374019e-015
2  5  1  0  0  0  0  0  0  0 
1.232124e-001
2   8  11   1   0   0   0   0   0   0 
1.011133e-014
2  5  6  4  1  0  0  0  0  0 
5.057956e-015
2  5  6  3  0  0  0  0  0  0 
2.855881e-001
2  5  1  4  6  3  0  0  0  0 
5.056857e-015
2  5  1  4  0  0  0  0  0  0 
1.099094e-001
2  5  6  4  0  0  0  0  0  0 
1.009796e-001
2   8  11   1   4   0   0   0   0   0 
1.011606e-014
2  5  0  0  0  0  0  0  0  0 
7.324189e-001
2   8  11   1   5   0   0   0   0   0 
3.374511e-015
2   8  11   1   4   6   5   0   0   0 
2.024235e-015
2  5  6  0  0  0  0  0  0  0 
1.860276e-001
2  5  1  4  6  0  0  0  0  0 
5.056191e-015
2  5  1  4  7  0  0  0  0  0 
4.064083e-001
2  5  6  4  7  0  0  0  0  0 
3.778782e-001
2   8  11   1   4   7   0   0   0   0 
1.012744e-014
2  8  0  0  0  0  0  0  0  0 
3.553806e-001
2   5   1  11   8   0   0   0   0   0 
3.373599e-015
2  5  6  3  9  0  0  0  0  0 
3.793900e-002
2   5   6   3  10   9   0   0   0   0 
1.013036e-014
2  5  1  4  7  9  0  0  0  0 
1.014460e-014
2   5   6   3  10   0   0   0   0   0 
4.323765e-001
2   5   6   3   9  10   0   0   0   0 
1.000061e-014
2   8  11   0   0   0   0   0   0   0 
2.891260e-001
2   5   1  11   0   0   0   0   0   0 
1.012527e-014
3  6  4  1  0  0  0  0  0  0 
1.294886e-002
3  6  5  1  0  0  0  0  0  0 
1.418437e-002
3  9  7  4  1  0  0  0  0  0 
1.008402e-014
3  6  5  2  0  0  0  0  0  0 
4.416433e-002
3  6  4  1  5  2  0  0  0  0 
5.054023e-015
3  6  4  0  0  0  0  0  0  0 
1.152996e-002
3  9  7  4  0  0  0  0  0  0 
9.834280e-015
3  6  5  0  0  0  0  0  0  0 
4.254190e-002
3  6  4  1  5  0  0  0  0  0 
5.053788e-015
3  6  0  0  0  0  0  0  0  0 
2.283289e-002
3  9  7  4  6  0  0  0  0  0 
3.349190e-015
3  10   9   7   4   6   0   0   0   0 
2.521241e-015
3  9  7  0  0  0  0  0  0  0 
5.462481e-002
3  10   9   7   0   0   0   0   0   0 
1.016390e-014
3  6  4  7  0  0  0  0  0  0 
1.022699e-014
3  6  5  2  8  0  0  0  0  0 
8.429046e-002
3   6   4   1  11   8   0   0   0   0 
1.009973e-014
3   6   5   1  11   8   0   0   0   0 
1.009996e-014
3  9  0  0  0  0  0  0  0  0 
3.430368e-002
3  10   9   0   0   0   0   0   0   0 
1.016825e-014
3  6  4  7  9  0  0  0  0  0 
3.372247e-015
3  10   0   0   0   0   0   0   0   0 
2.738634e-002
3   9  10   0   0   0   0   0   0   0 
9.844644e-015
3   6   4   1  11   0   0   0   0   0 
9.890938e-002
3   6   5   1  11   0   0   0   0   0 
1.041536e-001
3   9   7   4   1  11   0   0   0   0 
1.002433e-014
4  1  0  0  0  0  0  0  0  0 
1.225320e-002
4  6  5  1  0  0  0  0  0  0 
5.033551e-015
4  1  5  2  0  0  0  0  0  0 
2.012753e-002
4  6  5  2  0  0  0  0  0  0 
2.170666e-002
4   1  11   8   2   0   0   0   0   0 
1.021871e-014
4  6  3  0  0  0  0  0  0  0 
2.505105e-002
4  7  9  3  0  0  0  0  0  0 
9.875983e-015
4  1  5  6  3  0  0  0  0  0 
5.021068e-015
4  1  5  0  0  0  0  0  0  0 
1.409152e-002
4  6  5  0  0  0  0  0  0  0 
1.481369e-002
4  6  0  0  0  0  0  0  0  0 
1.605357e-002
4  1  5  6  0  0  0  0  0  0 
5.027159e-015
4  7  9  3  6  0  0  0  0  0 
3.335953e-015
4  7  0  0  0  0  0  0  0  0 
4.475122e-002
4  6  3  9  7  0  0  0  0  0 
3.357724e-015
4   6   3  10   9   7   0   0   0   0 
2.526186e-015
4   1  11   8   0   0   0   0   0   0 
1.854689e-001
4  1  5  2  8  0  0  0  0  0 
1.011148e-014
4  6  5  2  8  0  0  0  0  0 
1.010071e-014
4  7  9  0  0  0  0  0  0  0 
6.488220e-003
4  6  3  9  0  0  0  0  0  0 
9.279238e-015
4   6   3  10   9   0   0   0   0   0 
4.528009e-015
4   7   9  10   0   0   0   0   0   0 
5.974508e-003
4   6   3  10   0   0   0   0   0   0 
5.325847e-003
4   6   3   9  10   0   0   0   0   0 
1.108981e-014
4   1  11   0   0   0   0   0   0   0 
1.635430e-001
4   6   5   1  11   0   0   0   0   0 
5.055902e-015
5  1  0  0  0  0  0  0  0  0 
1.019862e-001
5  6  4  1  0  0  0  0  0  0 
5.058393e-015
5   2   8  11   1   0   0   0   0   0 
3.372874e-015
5  2  0  0  0  0  0  0  0  0 
1.161434e-001
5   1  11   8   2   0   0   0   0   0 
3.372998e-015
5  6  3  0  0  0  0  0  0  0 
3.710439e-002
5  1  4  6  3  0  0  0  0  0 
5.048696e-015
5  1  4  0  0  0  0  0  0  0 
1.870877e-002
5  6  4  0  0  0  0  0  0  0 
1.674676e-002
5  6  0  0  0  0  0  0  0  0 
6.404394e-002
5  1  4  6  0  0  0  0  0  0 
5.052583e-015
5  1  4  7  0  0  0  0  0  0 
9.788659e-002
5  6  4  7  0  0  0  0  0  0 
9.678994e-002
5  6  3  9  7  0  0  0  0  0 
1.002459e-014
5  2  8  0  0  0  0  0  0  0 
3.046042e-001
5   1  11   8   0   0   0   0   0   0 
1.011818e-014
5  6  3  9  0  0  0  0  0  0 
1.315303e-002
5  1  4  7  9  0  0  0  0  0 
9.773283e-015
5  6  4  7  9  0  0  0  0  0 
9.771342e-015
5   6   3  10   0   0   0   0   0   0 
2.550433e-002
5   6   3   9  10   0   0   0   0   0 
9.833284e-015
5   1  11   0   0   0   0   0   0   0 
2.402673e-001
5   2   8  11   0   0   0   0   0   0 
1.012039e-014
6  4  1  0  0  0  0  0  0  0 
5.525638e-003
6  5  1  0  0  0  0  0  0  0 
5.782802e-003
6  5  2  0  0  0  0  0  0  0 
4.723651e-002
6  4  1  5  2  0  0  0  0  0 
5.054426e-015
6  3  0  0  0  0  0  0  0  0 
2.216464e-002
6  4  7  9  3  0  0  0  0  0 
3.351626e-015
6   4   7   9  10   3   0   0   0   0 
2.517902e-015
6  4  0  0  0  0  0  0  0  0 
9.390150e-003
6  5  1  4  0  0  0  0  0  0 
4.961159e-015
6  3  9  7  4  0  0  0  0  0 
3.286878e-015
6  5  0  0  0  0  0  0  0  0 
7.080400e-002
6  4  1  5  0  0  0  0  0  0 
5.056388e-015
6  4  7  0  0  0  0  0  0  0 
4.419420e-002
6  3  9  7  0  0  0  0  0  0 
9.973937e-015
6  5  2  8  0  0  0  0  0  0 
9.794268e-002
6   4   1  11   8   0   0   0   0   0 
1.010403e-014
6   5   1  11   8   0   0   0   0   0 
1.010429e-014
6  3  9  0  0  0  0  0  0  0 
3.012150e-003
6   3  10   9   0   0   0   0   0   0 
2.187986e-014
6  4  7  9  0  0  0  0  0  0 
2.201652e-014
6   3  10   0   0   0   0   0   0   0 
1.608562e-002
6   3   9  10   0   0   0   0   0   0 
9.564173e-015
6   4   7   9  10   0   0   0   0   0 
4.920228e-015
6   4   1  11   0   0   0   0   0   0 
2.852671e-002
6   5   1  11   0   0   0   0   0   0 
3.212156e-002
6   5   2   8  11   0   0   0   0   0 
1.013505e-014
7  4  1  0  0  0  0  0  0  0 
9.502560e-002
7  4  6  5  1  0  0  0  0  0 
5.054325e-015
7  4  6  5  2  0  0  0  0  0 
5.198343e-002
7  4  1  5  2  0  0  0  0  0 
4.372969e-002
7  9  3  6  5  2  0  0  0  0 
1.002313e-014
7  9  3  0  0  0  0  0  0  0 
2.941741e-002
7  4  6  3  0  0  0  0  0  0 
1.016203e-014
7   9  10   3   0   0   0   0   0   0 
9.991106e-015
7  4  0  0  0  0  0  0  0  0 
5.527363e-001
7  9  3  6  4  0  0  0  0  0 
3.367344e-015
7   9  10   3   6   4   0   0   0   0 
2.527110e-015
7  4  6  5  0  0  0  0  0  0 
6.983602e-002
7  4  1  5  0  0  0  0  0  0 
5.571872e-002
7  9  3  6  5  0  0  0  0  0 
1.003499e-014
7  4  6  0  0  0  0  0  0  0 
3.537208e-002
7  9  3  6  0  0  0  0  0  0 
9.980744e-015
7   4   1  11   8   0   0   0   0   0 
3.497943e-001
7  4  6  5  2  8  0  0  0  0 
1.010848e-014
7  4  1  5  2  8  0  0  0  0 
1.011779e-014
7  9  0  0  0  0  0  0  0  0 
4.001724e-002
7  4  6  3  9  0  0  0  0  0 
3.358062e-015
7   4   6   3  10   9   0   0   0   0 
2.526374e-015
7   9  10   0   0   0   0   0   0   0 
1.058589e-001
7   9   3  10   0   0   0   0   0   0 
1.009893e-014
7   4   6   3  10   0   0   0   0   0 
5.073727e-015
7   4   1  11   0   0   0   0   0   0 
3.416068e-001
8  11   1   0   0   0   0   0   0   0 
7.182181e-002
8  2  5  1  0  0  0  0  0  0 
1.011512e-014
8  2  0  0  0  0  0  0  0  0 
3.078769e-002
8  11   1   5   2   0   0   0   0   0 
3.368590e-015
8  11   1   4   6   5   2   0   0   0 
2.021402e-015
8  2  5  6  3  0  0  0  0  0 
6.126396e-002
8  11   1   5   6   3   0   0   0   0 
1.006932e-014
8  11   1   4   6   3   0   0   0   0 
1.005346e-014
8  11   1   4   0   0   0   0   0   0 
3.751131e-002
8  2  5  1  4  0  0  0  0  0 
1.004880e-014
8  2  5  6  4  0  0  0  0  0 
1.004778e-014
8  2  5  0  0  0  0  0  0  0 
1.425197e-001
8  11   1   5   0   0   0   0   0   0 
1.011303e-014
8  2  5  6  0  0  0  0  0  0 
6.582282e-002
8  11   1   5   6   0   0   0   0   0 
1.007484e-014
8  11   1   4   6   0   0   0   0   0 
1.005961e-014
8  11   1   4   7   0   0   0   0   0 
2.643508e-001
8  2  5  1  4  7  0  0  0  0 
1.011633e-014
8  2  5  6  4  7  0  0  0  0 
1.011571e-014
8  11   1   4   7   9   0   0   0   0 
4.358280e-003
8  2  5  6  3  9  0  0  0  0 
4.237455e-003
8  11   1   5   6   3   9   0   0   0 
1.262283e-014
8   2   5   6   3  10   0   0   0   0 
1.027454e-001
8   2   5   6   3   9  10   0   0   0 
9.955984e-015
8  11   1   4   7   9  10   0   0   0 
1.004132e-014
8  11   0   0   0   0   0   0   0   0 
6.405667e-001
8   2   5   1  11   0   0   0   0   0 
3.373546e-015
9  7  4  1  0  0  0  0  0  0 
1.629097e-002
9  3  6  4  1  0  0  0  0  0 
9.569273e-015
9  3  6  5  1  0  0  0  0  0 
9.568843e-015
9  3  6  5  2  0  0  0  0  0 
1.646377e-002
9  10   3   6   5   2   0   0   0   0 
9.762169e-015
9  7  4  6  5  2  0  0  0  0 
9.885460e-015
9  3  0  0  0  0  0  0  0  0 
3.989923e-002
9  10   3   0   0   0   0   0   0   0 
1.008415e-014
9  7  4  6  3  0  0  0  0  0 
3.371805e-015
9  7  4  0  0  0  0  0  0  0 
6.583545e-003
9  3  6  4  0  0  0  0  0  0 
9.314548e-015
9  10   3   6   4   0   0   0   0   0 
4.513408e-015
9  3  6  5  0  0  0  0  0  0 
3.807262e-002
9  10   3   6   5   0   0   0   0   0 
1.003865e-014
9  7  4  6  5  0  0  0  0  0 
1.011876e-014
9  3  6  0  0  0  0  0  0  0 
4.337790e-003
9  10   3   6   0   0   0   0   0   0 
1.061166e-014
9  7  4  6  0  0  0  0  0  0 
1.094368e-014
9  7  0  0  0  0  0  0  0  0 
5.372332e-002
9  3  6  4  7  0  0  0  0  0 
3.362963e-015
9  10   3   6   4   7   0   0   0   0 
2.524687e-015
9   7   4   1  11   8   0   0   0   0 
1.438338e-002
9  3  6  5  2  8  0  0  0  0 
1.867959e-002
9  10   3   6   5   2   8   0   0   0 
1.016606e-014
9  10   0   0   0   0   0   0   0   0 
1.067134e-002
9   3  10   0   0   0   0   0   0   0 
1.006591e-014
9   7   4   1  11   0   0   0   0   0 
2.639113e-002
9   3   6   4   1  11   0   0   0   0 
9.824672e-015
9   3   6   5   1  11   0   0   0   0 
9.824692e-015
10   3   6   4   1   0   0   0   0   0 
1.514162e-002
10   9   7   4   1   0   0   0   0   0 
1.619565e-002
10   3   6   5   1   0   0   0   0   0 
1.640011e-002
10   3   6   5   2   0   0   0   0   0 
4.743592e-002
10   9   3   6   5   2   0   0   0   0 
9.985813e-015
10   3   0   0   0   0   0   0   0   0 
4.189128e-002
10   9   3   0   0   0   0   0   0   0 
9.975515e-015
10   3   6   4   0   0   0   0   0   0 
5.128308e-003
10   9   7   4   0   0   0   0   0   0 
5.305992e-003
10   3   9   7   4   0   0   0   0   0 
1.152094e-014
10   3   6   5   0   0   0   0   0   0 
4.966318e-002
10   9   3   6   5   0   0   0   0   0 
9.989333e-015
10   3   6   0   0   0   0   0   0   0 
2.698980e-002
10   9   3   6   0   0   0   0   0   0 
9.929040e-015
10   9   7   0   0   0   0   0   0   0 
1.344312e-001
10   3   9   7   0   0   0   0   0   0 
1.003552e-014
10   3   6   5   2   8   0   0   0   0 
1.674480e-001
10   9   3   6   5   2   8   0   0   0 
1.003991e-014
10   3   6   5   1  11   8   0   0   0 
1.011314e-014
10   9   0   0   0   0   0   0   0   0 
1.586052e-002
10   3   9   0   0   0   0   0   0   0 
9.930929e-015
10   3   6   4   1  11   0   0   0   0 
6.302689e-002
10   3   6   5   1  11   0   0   0   0 
6.544868e-002
10   9   7   4   1  11   0   0   0   0 
7.825503e-002
11   1   0   0   0   0   0   0   0   0 
4.371372e-001
11   8   2   5   1   0   0   0   0   0 
3.373526e-015
11   8   2   0   0   0   0   0   0   0 
4.613313e-002
11   1   5   2   0   0   0   0   0   0 
1.010651e-014
11   1   4   6   3   0   0   0   0   0 
2.050389e-002
11   1   5   6   3   0   0   0   0   0 
1.748483e-002
11   8   2   5   6   3   0   0   0   0 
1.028528e-014
11   1   4   0   0   0   0   0   0   0 
2.031081e-002
11   1   5   6   4   0   0   0   0   0 
5.047191e-015
11   1   5   0   0   0   0   0   0   0 
1.698598e-001
11   8   2   5   0   0   0   0   0   0 
1.012246e-014
11   1   4   6   5   0   0   0   0   0 
5.056316e-015
11   1   4   6   0   0   0   0   0   0 
3.085816e-002
11   1   5   6   0   0   0   0   0   0 
2.551929e-002
11   8   2   5   6   0   0   0   0   0 
1.020434e-014
11   1   4   7   0   0   0   0   0   0 
2.935040e-001
11   8   0   0   0   0   0   0   0   0 
3.770657e-001
11   1   5   2   8   0   0   0   0   0 
3.373727e-015
11   1   4   7   9   0   0   0   0   0 
8.613255e-003
11   1   4   6   3   9   0   0   0   0 
8.843691e-015
11   1   5   6   3   9   0   0   0   0 
8.917529e-015
11   1   4   7   9  10   0   0   0   0 
1.334747e-002
11   1   5   6   3  10   0   0   0   0 
1.035608e-002
11   1   4   6   3  10   0   0   0   0 
1.107583e-002
