2  5  1  0 
0.128917
2   8  11   1 
0.016654
3  6  4  1 
0.019489
3  6  5  1 
0.015082
4  1 
0.035519
5  1 
0.101137
6  4  1 
0.014790
6  5  1 
0.011445
7  4  1 
0.105321
8  11   1 
0.062646
9  3  6  4  1 
0.009748
9  3  6  5  1 
0.009748
9  7  4  1  0 
0.006049
10   3   6   4   1   0 
0.013317
10   3   6   5   1   0 
0.013317
10   9   3   6   4   1 
0.007120
10   9   3   6   5   1 
0.007120
10   9   7   4   1   0 
0.006910
11   1 
0.430749
1  5  2  0 
0.071705
1  11   8   2 
0.071705
3  6  5  2 
0.090317
4  1  5  2  0 
0.014273
4   1  11   8   2 
0.014273
4  6  5  2  0 
0.005249
5  2 
0.170541
6  5  2 
0.063291
7  4  1  5  2  0 
0.043229
7   4   1  11   8   2 
0.043229
7  4  6  5  2  0 
0.015898
7  9  3  6  5  2 
0.006981
8  2 
0.036996
9  3  6  5  2 
0.008251
10   3   6   5   2   0 
0.026258
10   9   3   6   5   2 
0.008663
11   8   2 
0.113281
1  4  6  3  0 
0.010407
1  4  7  9  3 
0.006783
1  5  6  3  0 
0.016896
2  5  6  3 
0.301799
4  6  3  0 
0.020014
4  7  9  3 
0.011941
5  6  3 
0.051535
6  3 
0.050304
7  9  3 
0.102400
8  2  5  6  3  0  0 
0.011554
8  11   1   4   6   3   0 
0.008278
8  11   1   4   7   9   3 
0.008278
8  11   1   5   6   3   0 
0.008278
9  3 
0.091575
10   9   3 
0.034438
10   3   0 
0.104380
11   1   4   6   3   0 
0.019356
11   1   4   7   9   3 
0.012615
11   1   5   6   3   0 
0.031425
1  4 
0.015942
2  5  1  4  0 
0.038848
2  5  6  4  0 
0.095709
2   8  11   1   4 
0.003669
3  6  4  0 
0.014130
3  9  7  4 
0.001590
5  1  4 
0.014153
5  6  4 
0.034869
6  4 
0.026704
7  4 
0.390118
8  11   1   4 
0.027976
9  7  4 
0.016828
10   3   6   4   0 
0.021096
10   3   9   7   4 
0.003545
10   9   7   4   0 
0.006886
11   1   4 
0.033324
1  5 
0.055024
2  5 
0.545071
3  6  5 
0.058987
4  1  5 
0.021616
4  6  5 
0.015899
6  5 
0.058835
7  4  1  5  0 
0.041679
7  4  6  5  0 
0.030655
7  9  3  6  5 
0.011731
8  2  5  0 
0.074281
8  11   1   5 
0.032933
9  3  6  5 
0.033933
10   3   6   5   0 
0.048913
10   9   3   6   5 
0.016138
11   1   5 
0.188505
1  4  6 
0.007515
1  5  6 
0.019480
2  5  6 
0.206041
3  6 
0.054933
4  6 
0.019978
5  6 
0.061512
7  4  6  0 
0.034071
7  9  3  6 
0.020328
8  2  5  6  0 
0.028894
8  11   1   4   6 
0.017752
8  11   1   5   6 
0.017752
9  3  6 
0.006187
10   3   6   0 
0.021885
10   9   3   6 
0.007220
11   1   4   6 
0.016562
11   1   5   6 
0.042931
1  4  7 
0.077960
2  5  1  4  7  0 
0.164783
2  5  6  3  9  7 
0.050438
2  5  6  4  7  0 
0.448244
2   8  11   1   4   7 
0.015759
3  9  7 
0.047428
4  7 
0.047965
5  1  4  7  0 
0.057207
5  6  3  9  7 
0.017510
5  6  4  7  0 
0.155614
6  3  9  7 
0.006843
6  4  7  0 
0.060813
8  11   1   4   7 
0.296072
9  7 
0.025875
10   3   9   7 
0.039619
10   9   7   0 
0.127866
11   1   4   7 
0.320347
1  5  2  8 
0.033288
1  11   8   0 
0.147631
2  8 
0.372119
3  6  5  2  8 
0.132073
4  1  5  2  8 
0.034005
4   1  11   8   0 
0.144665
4  6  5  2  8 
0.019578
5  2  8 
0.259477
6  5  2  8 
0.141850
7  4  1  5  2  8 
0.080135
7   4   1  11   8   0 
0.283383
7  4  6  5  2  8 
0.046136
9  3  6  5  2  8  0 
0.002375
9  7  4  1  5  2  8 
0.016130
9   7   4   1  11   8   0 
0.016130
9  7  4  6  5  2  8 
0.010761
10   3   6   5   2   8   0   0 
0.016888
10   9   3   6   5   2   8   0 
0.007951
10   9   7   4   1   5   2   8 
0.043415
10   9   7   4   1  11   8   0 
0.043415
10   9   7   4   6   5   2   8 
0.036023
11   8 
0.386383
1  4  6  3  9 
0.000910
1  4  7  9  0 
0.005311
2  5  1  4  6  3  9 
0.006198
2  5  1  4  7  9  0 
0.023227
2  5  6  3  9  0  0 
0.011381
3  9 
0.042349
4  6  3  9 
0.001214
4  7  9  0 
0.007085
5  1  4  6  3  9 
0.002094
5  1  4  7  9  0 
0.007847
5  6  3  9  0  0 
0.003845
6  3  9 
0.002720
7  9 
0.059320
8  2  5  1  4  6  3  9 
0.003148
8  2  5  1  4  7  9  0 
0.003148
8  2  5  6  3  9  0  0 
0.003148
8  11   1   4   6   3   9   0 
0.001211
8  11   1   4   7   9   0   0 
0.001211
10   3   9 
0.003818
10   9   0 
0.012323
11   1   4   6   3   9 
0.006106
11   1   4   7   9   0 
0.011027
1   4   6   3   9  10 
0.010112
1   4   6   3  10   0 
0.010112
1   4   7   9  10   0 
0.011151
1   5   6   3   9  10 
0.022722
1   5   6   3  10   0 
0.022722
2   5   6   3   9  10 
0.077115
2   5   6   3  10   0 
0.255172
3   9  10 
0.007172
3  10   0 
0.030787
4   6   3   9  10 
0.003697
4   6   3  10   0 
0.003697
4   7   9  10   0 
0.004077
5   6   3   9  10 
0.006899
5   6   3  10   0 
0.029614
6   3   9  10 
0.003541
6   3  10   0 
0.015199
7   9  10 
0.113177
8   2   5   6   3   9  10   0 
0.013527
8   2   5   6   3  10   0   0 
0.013527
8  11   1   4   6   3   9  10 
0.010862
8  11   1   4   6   3  10   0 
0.010862
8  11   1   4   7   9  10   0 
0.010862
8  11   1   5   6   3   9  10 
0.010862
8  11   1   5   6   3  10   0 
0.010862
9  10 
0.023393
11   1   4   6   3   9  10 
0.007167
11   1   4   6   3  10   0 
0.007167
11   1   4   7   9  10   0 
0.007903
11   1   5   6   3   9  10 
0.015731
11   1   5   6   3  10   0 
0.015731
1  11 
0.551040
2   8  11 
0.393768
3   6   4   1  11   0 
0.085451
3   6   5   1  11   0 
0.074670
3   6   5   2   8  11 
0.017452
4   1  11 
0.122621
5   1  11   0 
0.182289
5   2   8  11 
0.023549
6   4   1  11   0 
0.034863
6   5   1  11   0 
0.030464
6   5   2   8  11 
0.007120
7   4   1  11 
0.392047
8  11 
0.678539
9   3   6   4   1  11   0 
0.005869
9   3   6   5   1  11   0 
0.005869
9   3   6   5   2   8  11 
0.005147
9   7   4   1  11   0   0 
0.003447
10   3   6   4   1  11   0   0 
0.047196
10   3   6   5   1  11   0   0 
0.047196
10   3   6   5   2   8  11   0 
0.018052
10   9   3   6   4   1  11   0 
0.020584
10   9   3   6   5   1  11   0 
0.020584
10   9   3   6   5   2   8  11 
0.018052
10   9   7   4   1  11   0   0 
0.012091
