2 1 0.249817 0.076512 * 2  5  1  0 
2 1 0.353873 0.008476 * 2   8  11   1 
3 1 0.354550 0.010332 * 3  6  4  1 
3 1 0.334524 0.007238 * 3  6  5  1 
4 1 0.121807 0.024151 * 4  1 
5 1 0.108756 0.114458 * 5  1 
6 1 0.240811 0.018688 * 6  4  1 
6 1 0.220786 0.013092 * 6  5  1 
7 1 0.241424 0.120407 * 7  4  1 
8 1 0.236495 0.058290 * 8  11   1 
9 1 0.457049 0.008095 * 9  3  6  4  1 
9 1 0.437024 0.008095 * 9  3  6  5  1 
9 1 0.345009 0.003676 * 9  7  4  1  0 
10 1 0.461165 0.016839 * 10   3   6   4   1   0 
10 1 0.441139 0.016839 * 10   3   6   5   1   0 
10 1 0.559212 0.009508 * 10   9   3   6   4   1 
10 1 0.539186 0.009508 * 10   9   3   6   5   1 
10 1 0.447172 0.005765 * 10   9   7   4   1   0 
11 1 0.118168 0.406192 * 11   1 
1 2 0.221729 0.034010 * 1  5  2  0 
1 2 0.351336 0.034010 * 1  11   8   2 
3 2 0.339350 0.086333 * 3  6  5  2 
4 2 0.343535 0.012574 * 4  1  5  2  0 
4 2 0.473142 0.012574 * 4   1  11   8   2 
4 2 0.326777 0.004556 * 4  6  5  2  0 
5 2 0.113582 0.136308 * 5  2 
6 2 0.225611 0.049765 * 6  5  2 
7 2 0.463153 0.031068 * 7  4  1  5  2  0 
7 2 0.592759 0.031068 * 7   4   1  11   8   2 
7 2 0.446394 0.011767 * 7  4  6  5  2  0 
7 2 0.544206 0.006475 * 7  9  3  6  5  2 
8 2 0.105430 0.035779 * 8  2 
9 2 0.441849 0.011525 * 9  3  6  5  2 
10 2 0.445965 0.029060 * 10   3   6   5   2   0 
10 2 0.544012 0.011285 * 10   9   3   6   5   2 
11 2 0.218885 0.054712 * 11   8   2 
1 3 0.329994 0.009505 * 1  4  6  3  0 
1 3 0.442948 0.007566 * 1  4  7  9  3 
1 3 0.354881 0.014079 * 1  5  6  3  0 
2 3 0.387795 0.253444 * 2  5  6  3 
4 3 0.216533 0.017227 * 4  6  3  0 
4 3 0.329487 0.013713 * 4  7  9  3 
5 3 0.246734 0.062775 * 5  6  3 
6 3 0.115367 0.078872 * 6  3 
7 3 0.204856 0.041706 * 7  9  3 
8 3 0.493226 0.020930 * 8  2  5  6  3  0  0 
8 3 0.566489 0.010599 * 8  11   1   4   6   3   0 
8 3 0.679442 0.010599 * 8  11   1   4   7   9   3 
8 3 0.591376 0.010599 * 8  11   1   5   6   3   0 
9 3 0.102499 0.074868 * 9  3 
10 3 0.204662 0.017930 * 10   9   3 
10 3 0.106615 0.046175 * 10   3   0 
11 3 0.448162 0.020924 * 11   1   4   6   3   0 
11 3 0.561116 0.016656 * 11   1   4   7   9   3 
11 3 0.473050 0.030993 * 11   1   5   6   3   0 
1 4 0.113461 0.011823 * 1  4 
2 4 0.363278 0.037742 * 2  5  1  4  0 
2 4 0.391433 0.091372 * 2  5  6  4  0 
2 4 0.467334 0.003375 * 2   8  11   1   4 
3 4 0.232744 0.021865 * 3  6  4  0 
3 4 0.325288 0.001966 * 3  9  7  4 
5 4 0.222217 0.008950 * 5  1  4 
5 4 0.250372 0.021668 * 5  6  4 
6 4 0.119005 0.013980 * 6  4 
7 4 0.119617 0.526129 * 7  4 
8 4 0.349956 0.030694 * 8  11   1   4 
9 4 0.223203 0.016742 * 9  7  4 
10 4 0.339358 0.014787 * 10   3   6   4   0 
10 4 0.431903 0.002922 * 10   3   9   7   4 
10 4 0.325365 0.004068 * 10   9   7   4   0 
11 4 0.231629 0.025619 * 11   1   4 
1 5 0.108147 0.075782 * 1  5 
2 5 0.141061 0.564963 * 2  5 
3 5 0.225768 0.064425 * 3  6  5 
4 5 0.229954 0.027713 * 4  1  5 
4 5 0.213196 0.019659 * 4  6  5 
6 5 0.112030 0.063960 * 6  5 
7 5 0.349571 0.042222 * 7  4  1  5  0 
7 5 0.332813 0.030293 * 7  4  6  5  0 
7 5 0.430624 0.013948 * 7  9  3  6  5 
8 5 0.246492 0.140636 * 8  2  5  0 
8 5 0.344642 0.040669 * 8  11   1   5 
9 5 0.328268 0.048382 * 9  3  6  5 
10 5 0.332383 0.055237 * 10   3   6   5   0 
10 5 0.430430 0.021449 * 10   9   3   6   5 
11 5 0.226316 0.141220 * 11   1   5 
1 6 0.214627 0.007987 * 1  4  6 
1 6 0.239515 0.019096 * 1  5  6 
2 6 0.272428 0.176857 * 2  5  6 
3 6 0.113739 0.019224 * 3  6 
4 6 0.101166 0.015905 * 4  6 
5 6 0.131367 0.070279 * 5  6 
7 6 0.220783 0.017495 * 7  4  6  0 
7 6 0.318595 0.013926 * 7  9  3  6 
8 6 0.377859 0.029983 * 8  2  5  6  0 
8 6 0.451122 0.012297 * 8  11   1   4   6 
8 6 0.476009 0.012297 * 8  11   1   5   6 
9 6 0.216238 0.004290 * 9  3  6 
10 6 0.220353 0.022632 * 10   3   6   0 
10 6 0.318401 0.008788 * 10   9   3   6 
11 6 0.332796 0.016406 * 11   1   4   6 
11 6 0.357683 0.039221 * 11   1   5   6 
1 7 0.238092 0.075793 * 1  4  7 
2 7 0.487909 0.207774 * 2  5  1  4  7  0 
2 7 0.593466 0.049335 * 2  5  6  3  9  7 
2 7 0.516064 0.548236 * 2  5  6  4  7  0 
2 7 0.591965 0.017989 * 2   8  11   1   4   7 
3 7 0.205671 0.037069 * 3  9  7 
4 7 0.124631 0.070367 * 4  7 
5 7 0.346848 0.057610 * 5  1  4  7  0 
5 7 0.452405 0.013679 * 5  6  3  9  7 
5 7 0.375003 0.152011 * 5  6  4  7  0 
6 7 0.321038 0.005565 * 6  3  9  7 
6 7 0.243636 0.061906 * 6  4  7  0 
8 7 0.474587 0.334046 * 8  11   1   4   7 
9 7 0.103586 0.076779 * 9  7 
10 7 0.312286 0.036879 * 10   3   9   7 
10 7 0.205748 0.123010 * 10   9   7   0 
11 7 0.356261 0.349953 * 11   1   4   7 
1 8 0.339107 0.037568 * 1  5  2  8 
1 8 0.245905 0.139995 * 1  11   8   0 
2 8 0.117379 0.361776 * 2  8 
3 8 0.456728 0.115224 * 3  6  5  2  8 
4 8 0.460914 0.034934 * 4  1  5  2  8 
4 8 0.367712 0.128437 * 4   1  11   8   0 
4 8 0.444156 0.019277 * 4  6  5  2  8 
5 8 0.230960 0.221026 * 5  2  8 
6 8 0.342990 0.121962 * 6  5  2  8 
7 8 0.580531 0.082691 * 7  4  1  5  2  8 
7 8 0.487329 0.260349 * 7   4   1  11   8   0 
7 8 0.563773 0.045631 * 7  4  6  5  2  8 
9 8 0.559228 0.005198 * 9  3  6  5  2  8  0 
9 8 0.684117 0.021820 * 9  7  4  1  5  2  8 
9 8 0.590914 0.021820 * 9   7   4   1  11   8   0 
9 8 0.667358 0.014159 * 9  7  4  6  5  2  8 
10 8 0.563343 0.023663 * 10   3   6   5   2   8   0   0 
10 8 0.661390 0.014218 * 10   9   3   6   5   2   8   0 
10 8 0.786279 0.047758 * 10   9   7   4   1   5   2   8 
10 8 0.693077 0.047758 * 10   9   7   4   1  11   8   0 
10 8 0.769521 0.038726 * 10   9   7   4   6   5   2   8 
11 8 0.113455 0.382295 * 11   8 
1 9 0.432079 0.000545 * 1  4  6  3  9 
1 9 0.340449 0.003727 * 1  4  7  9  0 
2 9 0.681897 0.004196 * 2  5  1  4  6  3  9 
2 9 0.590266 0.019077 * 2  5  1  4  7  9  0 
2 9 0.489881 0.008307 * 2  5  6  3  9  0  0 
3 9 0.102085 0.106197 * 3  9 
4 9 0.318618 0.000916 * 4  6  3  9 
4 9 0.226988 0.006265 * 4  7  9  0 
5 9 0.540836 0.001798 * 5  1  4  6  3  9 
5 9 0.449205 0.008175 * 5  1  4  7  9  0 
5 9 0.348820 0.003560 * 5  6  3  9  0  0 
6 9 0.217452 0.004079 * 6  3  9 
7 9 0.102356 0.038638 * 7  9 
8 9 0.787327 0.003116 * 8  2  5  1  4  6  3  9 
8 9 0.695696 0.003533 * 8  2  5  1  4  7  9  0 
8 9 0.595311 0.003533 * 8  2  5  6  3  9  0  0 
8 9 0.668574 0.001016 * 8  11   1   4   6   3   9   0 
8 9 0.576943 0.001016 * 8  11   1   4   7   9   0   0 
10 9 0.208700 0.007901 * 10   3   9 
10 9 0.102162 0.026353 * 10   9   0 
11 9 0.550248 0.004570 * 11   1   4   6   3   9 
11 9 0.458617 0.008785 * 11   1   4   7   9   0 
1 10 0.533566 0.005502 * 1   4   6   3   9  10 
1 10 0.437757 0.005502 * 1   4   6   3  10   0 
1 10 0.441936 0.006430 * 1   4   7   9  10   0 
1 10 0.558454 0.011541 * 1   5   6   3   9  10 
1 10 0.462644 0.011541 * 1   5   6   3  10   0 
2 10 0.591368 0.079763 * 2   5   6   3   9  10 
2 10 0.495558 0.341850 * 2   5   6   3  10   0 
3 10 0.203572 0.004487 * 3   9  10 
3 10 0.107763 0.021765 * 3  10   0 
4 10 0.420105 0.002851 * 4   6   3   9  10 
4 10 0.324296 0.002851 * 4   6   3  10   0 
4 10 0.328475 0.003332 * 4   7   9  10   0 
5 10 0.450307 0.005442 * 5   6   3   9  10 
5 10 0.354497 0.026398 * 5   6   3  10   0 
6 10 0.318939 0.003395 * 6   3   9  10 
6 10 0.223130 0.016466 * 6   3  10   0 
7 10 0.203843 0.119246 * 7   9  10 
8 10 0.696798 0.028097 * 8   2   5   6   3   9  10   0 
8 10 0.600988 0.028097 * 8   2   5   6   3  10   0   0 
8 10 0.770061 0.011876 * 8  11   1   4   6   3   9  10 
8 10 0.674251 0.011876 * 8  11   1   4   6   3  10   0 
8 10 0.678430 0.013880 * 8  11   1   4   7   9  10   0 
8 10 0.794949 0.015495 * 8  11   1   5   6   3   9  10 
8 10 0.699139 0.015495 * 8  11   1   5   6   3  10   0 
9 10 0.101487 0.021870 * 9  10 
11 10 0.651735 0.006948 * 11   1   4   6   3   9  10 
11 10 0.555925 0.006948 * 11   1   4   6   3  10   0 
11 10 0.560104 0.008120 * 11   1   4   7   9  10   0 
11 10 0.676622 0.014576 * 11   1   5   6   3   9  10 
11 10 0.580813 0.014576 * 11   1   5   6   3  10   0 
1 11 0.132450 0.568383 * 1  11 
2 11 0.235705 0.425398 * 2   8  11 
3 11 0.487000 0.101467 * 3   6   4   1  11   0 
3 11 0.466975 0.078956 * 3   6   5   1  11   0 
3 11 0.575055 0.017789 * 3   6   5   2   8  11 
4 11 0.254257 0.075693 * 4   1  11 
5 11 0.241206 0.223702 * 5   1  11   0 
5 11 0.349286 0.024780 * 5   2   8  11 
6 11 0.373261 0.043808 * 6   4   1  11   0 
6 11 0.353236 0.034089 * 6   5   1  11   0 
6 11 0.461316 0.007681 * 6   5   2   8  11 
7 11 0.373874 0.333345 * 7   4   1  11 
8 11 0.118326 0.697584 * 8  11 
9 11 0.589500 0.005621 * 9   3   6   4   1  11   0 
9 11 0.569474 0.005621 * 9   3   6   5   1  11   0 
9 11 0.677554 0.004474 * 9   3   6   5   2   8  11 
9 11 0.477459 0.002441 * 9   7   4   1  11   0   0 
10 11 0.593615 0.043073 * 10   3   6   4   1  11   0   0 
10 11 0.573589 0.043073 * 10   3   6   5   1  11   0   0 
10 11 0.681669 0.017213 * 10   3   6   5   2   8  11   0 
10 11 0.691662 0.021627 * 10   9   3   6   4   1  11   0 
10 11 0.671636 0.021627 * 10   9   3   6   5   1  11   0 
10 11 0.779716 0.017213 * 10   9   3   6   5   2   8  11 
10 11 0.579622 0.009392 * 10   9   7   4   1  11   0   0 
