2  5  1  0 
0.069898
2   8  11   1 
0.008079
3  6  4  1 
0.007504
3  6  5  1 
0.005797
4  1 
0.007216
5  1 
0.078221
6  4  1 
0.010565
6  5  1 
0.008161
7  4  1 
0.090116
8  11   1 
0.065851
9  3  6  4  1 
0.006029
9  3  6  5  1 
0.006029
9  7  4  1  0 
0.007539
10   3   6   4   1   0 
0.009254
10   3   6   5   1   0 
0.009254
10   9   3   6   4   1 
0.007892
10   9   3   6   5   1 
0.007892
10   9   7   4   1   0 
0.009396
11   1 
0.487990
1  5  2  0 
0.032518
1  11   8   2 
0.032518
3  6  5  2 
0.044360
4  1  5  2  0 
0.047732
4   1  11   8   2 
0.047732
4  6  5  2  0 
0.019775
5  2 
0.131866
6  5  2 
0.045298
7  4  1  5  2  0 
0.036176
7   4   1  11   8   2 
0.036176
7  4  6  5  2  0 
0.019584
7  9  3  6  5  2 
0.006303
8  2 
0.028879
9  3  6  5  2 
0.006892
10   3   6   5   2   0 
0.025617
10   9   3   6   5   2 
0.011558
11   8   2 
0.058106
1  4  6  3  0 
0.015498
1  4  7  9  3 
0.011858
1  5  6  3  0 
0.028786
2  5  6  3 
0.249265
4  6  3  0 
0.018757
4  7  9  3 
0.014351
5  6  3 
0.044311
6  3 
0.076166
7  9  3 
0.016538
8  2  5  6  3  0  0 
0.028083
8  11   1   4   6   3   0 
0.014438
8  11   1   4   7   9   3 
0.014438
8  11   1   5   6   3   0 
0.014438
9  3 
0.055191
10   9   3 
0.036078
10   3   0 
0.079964
11   1   4   6   3   0 
0.017525
11   1   4   7   9   3 
0.013408
11   1   5   6   3   0 
0.031228
1  4 
0.022959
2  5  1  4  0 
0.054301
2  5  6  4  0 
0.125561
2   8  11   1   4 
0.004942
3  6  4  0 
0.009131
3  9  7  4 
0.001493
5  1  4 
0.014551
5  6  4 
0.033646
6  4 
0.015846
7  4 
0.059466
8  11   1   4 
0.031367
9  7  4 
0.005247
10   3   6   4   0 
0.005273
10   3   9   7   4 
0.001982
10   9   7   4   0 
0.004532
11   1   4 
0.022562
1  5 
0.056760
2  5 
0.692976
3  6  5 
0.085230
4  1  5 
0.029693
4  6  5 
0.017510
6  5 
0.044118
7  4  1  5  0 
0.054806
7  4  6  5  0 
0.032328
7  9  3  6  5 
0.015555
8  2  5  0 
0.125555
8  11   1   5 
0.040784
9  3  6  5 
0.012138
10   3   6   5   0 
0.030721
10   9   3   6   5 
0.013861
11   1   5 
0.176082
1  4  6 
0.011923
1  5  6 
0.036113
2  5  6 
0.220178
3  6 
0.017941
4  6 
0.016709
5  6 
0.049707
7  4  6  0 
0.011866
7  9  3  6 
0.009079
8  2  5  6  0 
0.023264
8  11   1   4   6 
0.010052
8  11   1   5   6 
0.010052
9  3  6 
0.003214
10   3   6   0 
0.016593
10   9   3   6 
0.007486
11   1   4   6 
0.025205
11   1   5   6 
0.070431
1  4  7 
0.188874
2  5  1  4  7  0 
0.193163
2  5  6  3  9  7 
0.076411
2  5  6  4  7  0 
0.467420
2   8  11   1   4   7 
0.017487
3  9  7 
0.018744
4  7 
0.036209
5  1  4  7  0 
0.053059
5  6  3  9  7 
0.020989
5  6  4  7  0 
0.128393
6  3  9  7 
0.004448
6  4  7  0 
0.027211
8  11   1   4   7 
0.262290
9  7 
0.017434
10   3   9   7 
0.017241
10   9   7   0 
0.105468
11   1   4   7 
0.275626
1  5  2  8 
0.054522
1  11   8   0 
0.198361
2  8 
0.328043
3  6  5  2  8 
0.083794
4  1  5  2  8 
0.042947
4   1  11   8   0 
0.132243
4  6  5  2  8 
0.016814
5  2  8 
0.397977
6  5  2  8 
0.090105
7  4  1  5  2  8 
0.069754
7   4   1  11   8   0 
0.159532
7  4  6  5  2  8 
0.027308
9  3  6  5  2  8  0 
0.000892
9  7  4  1  5  2  8 
0.010341
9   7   4   1  11   8   0 
0.010341
9  7  4  6  5  2  8 
0.005741
10   3   6   5   2   8   0   0 
0.006847
10   9   3   6   5   2   8   0 
0.003959
10   9   7   4   1   5   2   8 
0.038882
10   9   7   4   1  11   8   0 
0.038882
10   9   7   4   6   5   2   8 
0.025466
11   8 
0.361512
1  4  6  3  9 
0.000378
1  4  7  9  0 
0.003921
2  5  1  4  6  3  9 
0.003128
2  5  1  4  7  9  0 
0.025462
2  5  6  3  9  0  0 
0.008778
3  9 
0.014043
4  6  3  9 
0.000277
4  7  9  0 
0.002870
5  1  4  6  3  9 
0.001296
5  1  4  7  9  0 
0.010549
5  6  3  9  0  0 
0.003637
6  3  9 
0.002126
7  9 
0.032869
8  2  5  1  4  6  3  9 
0.002341
8  2  5  1  4  7  9  0 
0.004005
8  2  5  6  3  9  0  0 
0.004005
8  11   1   4   6   3   9   0 
0.001252
8  11   1   4   7   9   0   0 
0.001252
10   3   9 
0.001695
10   9   0 
0.010369
11   1   4   6   3   9 
0.002729
11   1   4   7   9   0 
0.005276
1   4   6   3   9  10 
0.011222
1   4   6   3  10   0 
0.011222
1   4   7   9  10   0 
0.016356
1   5   6   3   9  10 
0.027843
1   5   6   3  10   0 
0.030446
2   5   6   3   9  10 
0.081392
2   5   6   3  10   0 
0.396774
3   9  10 
0.002176
3  10   0 
0.013311
4   6   3   9  10 
0.003356
4   6   3  10   0 
0.003356
4   7   9  10   0 
0.004891
5   6   3   9  10 
0.007171
5   6   3  10   0 
0.043864
6   3   9  10 
0.002424
6   3  10   0 
0.014830
7   9  10 
0.106313
8   2   5   6   3   9  10   0 
0.022322
8   2   5   6   3  10   0   0 
0.022322
8  11   1   4   6   3   9  10 
0.013134
8  11   1   4   6   3  10   0 
0.013134
8  11   1   4   7   9  10   0 
0.013134
8  11   1   5   6   3   9  10 
0.013134
8  11   1   5   6   3  10   0 
0.013134
9  10 
0.013118
11   1   4   6   3   9  10 
0.009772
11   1   4   6   3  10   0 
0.009772
11   1   4   7   9  10   0 
0.014243
11   1   5   6   3   9  10 
0.024247
11   1   5   6   3  10   0 
0.026514
1  11 
0.383793
2   8  11 
0.305580
3   6   4   1  11   0 
0.112395
3   6   5   1  11   0 
0.096856
3   6   5   2   8  11 
0.023262
4   1  11 
0.066632
5   1  11   0 
0.253248
5   2   8  11 
0.029271
6   4   1  11   0 
0.045491
6   5   1  11   0 
0.039202
6   5   2   8  11 
0.009415
7   4   1  11 
0.356572
8  11 
0.652604
9   3   6   4   1  11   0 
0.003113
9   3   6   5   1  11   0 
0.003113
9   3   6   5   2   8  11 
0.003113
9   7   4   1  11   0   0 
0.003706
10   3   6   4   1  11   0   0 
0.037719
10   3   6   5   1  11   0   0 
0.037719
10   3   6   5   2   8  11   0 
0.021592
10   9   3   6   4   1  11   0 
0.019515
10   9   3   6   5   1  11   0 
0.019515
10   9   3   6   5   2   8  11 
0.019515
10   9   7   4   1  11   0   0 
0.023233
