2 1 0.251645 0.051003 * 2  5  1  0 
2 1 0.347616 0.005723 * 2   8  11   1 
3 1 0.343788 0.006162 * 3  6  4  1 
3 1 0.324071 0.004332 * 3  6  5  1 
4 1 0.118743 0.007680 * 4  1 
5 1 0.108090 0.094796 * 5  1 
6 1 0.235352 0.015511 * 6  4  1 
6 1 0.215634 0.010903 * 6  5  1 
7 1 0.235398 0.092115 * 7  4  1 
8 1 0.232363 0.068277 * 8  11   1 
9 1 0.445117 0.013484 * 9  3  6  4  1 
9 1 0.425400 0.013484 * 9  3  6  5  1 
9 1 0.337651 0.006427 * 9  7  4  1  0 
10 1 0.448739 0.018660 * 10   3   6   4   1   0 
10 1 0.429022 0.018660 * 10   3   6   5   1   0 
10 1 0.546534 0.003199 * 10   9   3   6   4   1 
10 1 0.526817 0.003199 * 10   9   3   6   5   1 
10 1 0.439068 0.003199 * 10   9   7   4   1   0 
11 1 0.116979 0.443049 * 11   1 
1 2 0.220569 0.031502 * 1  5  2  0 
1 2 0.344811 0.031502 * 1  11   8   2 
3 2 0.327963 0.033069 * 3  6  5  2 
4 2 0.339313 0.019000 * 4  1  5  2  0 
4 2 0.463555 0.019000 * 4   1  11   8   2 
4 2 0.320519 0.007724 * 4  6  5  2  0 
5 2 0.111982 0.095128 * 5  2 
6 2 0.219526 0.044881 * 6  5  2 
7 2 0.455967 0.037367 * 7  4  1  5  2  0 
7 2 0.580210 0.037367 * 7   4   1  11   8   2 
7 2 0.437174 0.015190 * 7  4  6  5  2  0 
7 2 0.531456 0.009927 * 7  9  3  6  5  2 
8 2 0.104646 0.034488 * 8  2 
9 2 0.429291 0.006679 * 9  3  6  5  2 
10 2 0.432913 0.033248 * 10   3   6   5   2   0 
10 2 0.530708 0.003859 * 10   9   3   6   5   2 
11 2 0.216111 0.046611 * 11   8   2 
1 3 0.328590 0.011158 * 1  4  6  3  0 
1 3 0.435629 0.011507 * 1  4  7  9  3 
1 3 0.357646 0.018060 * 1  5  6  3  0 
2 3 0.392613 0.320635 * 2  5  6  3 
4 3 0.216928 0.012703 * 4  6  3  0 
4 3 0.323966 0.013100 * 4  7  9  3 
5 3 0.249058 0.021773 * 5  6  3 
6 3 0.115934 0.014317 * 6  3 
7 3 0.203493 0.035739 * 7  9  3 
8 3 0.497259 0.017682 * 8  2  5  6  3  0  0 
8 3 0.560953 0.015378 * 8  11   1   4   6   3   0 
8 3 0.667991 0.015378 * 8  11   1   4   7   9   3 
8 3 0.590009 0.015378 * 8  11   1   5   6   3   0 
9 3 0.101328 0.035824 * 9  3 
10 3 0.202746 0.004984 * 10   9   3 
10 3 0.104951 0.042934 * 10   3   0 
11 3 0.445570 0.012373 * 11   1   4   6   3   0 
11 3 0.552608 0.012759 * 11   1   4   7   9   3 
11 3 0.474625 0.020025 * 11   1   5   6   3   0 
1 4 0.111663 0.025916 * 1  4 
2 4 0.363308 0.046078 * 2  5  1  4  0 
2 4 0.393287 0.107611 * 2  5  6  4  0 
2 4 0.459279 0.003897 * 2   8  11   1   4 
3 4 0.225045 0.006238 * 3  6  4  0 
3 4 0.320501 0.001182 * 3  9  7  4 
5 4 0.219753 0.014936 * 5  1  4 
5 4 0.249732 0.034881 * 5  6  4 
6 4 0.116608 0.010626 * 6  4 
7 4 0.116655 0.496991 * 7  4 
8 4 0.344026 0.025979 * 8  11   1   4 
9 4 0.218908 0.012176 * 9  7  4 
10 4 0.329996 0.006844 * 10   3   6   4   0 
10 4 0.425452 0.002019 * 10   3   9   7   4 
10 4 0.320325 0.000542 * 10   9   7   4   0 
11 4 0.228642 0.023046 * 11   1   4 
1 5 0.108588 0.061792 * 1  5 
2 5 0.143555 0.649579 * 2  5 
3 5 0.215981 0.028809 * 3  6  5 
4 5 0.227331 0.015244 * 4  1  5 
4 5 0.208538 0.010390 * 4  6  5 
6 5 0.107544 0.043366 * 6  5 
7 5 0.343986 0.036125 * 7  4  1  5  0 
7 5 0.325192 0.024623 * 7  4  6  5  0 
7 5 0.419474 0.017325 * 7  9  3  6  5 
8 5 0.248201 0.101784 * 8  2  5  0 
8 5 0.340951 0.048021 * 8  11   1   5 
9 5 0.317309 0.028378 * 9  3  6  5 
10 5 0.320932 0.042736 * 10   3   6   5   0 
10 5 0.418727 0.004961 * 10   9   3   6   5 
11 5 0.225567 0.121919 * 11   1   5 
1 6 0.212656 0.009261 * 1  4  6 
1 6 0.241712 0.022305 * 1  5  6 
2 6 0.276679 0.215908 * 2  5  6 
3 6 0.108437 0.013940 * 3  6 
4 6 0.100993 0.017373 * 4  6 
5 6 0.133124 0.053066 * 5  6 
7 6 0.217648 0.011344 * 7  4  6  0 
7 6 0.311930 0.011699 * 7  9  3  6 
8 6 0.381325 0.015127 * 8  2  5  6  0 
8 6 0.445019 0.010100 * 8  11   1   4   6 
8 6 0.474075 0.010100 * 8  11   1   5   6 
9 6 0.209765 0.002820 * 9  3  6 
10 6 0.213388 0.023075 * 10   3   6   0 
10 6 0.311182 0.002679 * 10   9   3   6 
11 6 0.329636 0.023870 * 11   1   4   6 
11 6 0.358691 0.057489 * 11   1   5   6 
1 7 0.232136 0.070882 * 1  4  7 
2 7 0.483781 0.174664 * 2  5  1  4  7  0  0 
2 7 0.596459 0.088743 * 2  5  6  3  9  7  0 
2 7 0.705144 0.044116 * 2   5   6   3  10   9   7 
2 7 0.513760 0.426168 * 2  5  6  4  7  0  0 
2 7 0.579752 0.015528 * 2   8  11   1   4   7   0 
3 7 0.203846 0.010500 * 3  9  7  0 
3 7 0.312531 0.005220 * 3  10   9   7 
4 7 0.120473 0.039513 * 4  7 
5 7 0.340226 0.045490 * 5  1  4  7  0  0 
5 7 0.452905 0.023112 * 5  6  3  9  7  0 
5 7 0.561589 0.011489 * 5   6   3  10   9   7 
5 7 0.370205 0.110991 * 5  6  4  7  0  0 
6 7 0.319780 0.004900 * 6  3  9  7  0 
6 7 0.428465 0.002436 * 6   3  10   9   7 
6 7 0.237081 0.023533 * 6  4  7  0  0 
8 7 0.464498 0.270669 * 8  11   1   4   7 
9 7 0.102253 0.018101 * 9  7 
10 7 0.203670 0.120233 * 10   9   7 
11 7 0.349115 0.264440 * 11   1   4   7 
1 8 0.335823 0.044697 * 1  5  2  8 
1 8 0.240165 0.187925 * 1  11   8   0 
2 8 0.115254 0.322989 * 2  8 
3 8 0.443216 0.086234 * 3  6  5  2  8 
4 8 0.454566 0.038123 * 4  1  5  2  8 
4 8 0.358909 0.130254 * 4   1  11   8   0 
4 8 0.435773 0.017059 * 4  6  5  2  8 
5 8 0.227235 0.319351 * 5  2  8 
6 8 0.334779 0.104403 * 6  5  2  8 
7 8 0.571221 0.064778 * 7  4  1  5  2  8 
7 8 0.475563 0.158000 * 7   4   1  11   8   0 
7 8 0.552428 0.028986 * 7  4  6  5  2  8 
9 8 0.544545 0.001050 * 9  3  6  5  2  8  0 
9 8 0.673474 0.007134 * 9  7  4  1  5  2  8 
9 8 0.577816 0.007134 * 9   7   4   1  11   8   0 
9 8 0.654680 0.006331 * 9  7  4  6  5  2  8 
10 8 0.548167 0.029105 * 10   3   6   5   2   8   0   0 
10 8 0.645962 0.004742 * 10   9   3   6   5   2   8   0 
10 8 0.774891 0.026341 * 10   9   7   4   1   5   2   8 
10 8 0.679233 0.026341 * 10   9   7   4   1  11   8   0 
10 8 0.756098 0.026341 * 10   9   7   4   6   5   2   8 
11 8 0.111465 0.312152 * 11   8 
1 9 0.538868 0.000957 * 1   4   6   3  10   9 
1 9 0.430184 0.000957 * 1  4  6  3  9  0 
1 9 0.334300 0.002824 * 1  4  7  9  0  0 
2 9 0.790513 0.005131 * 2   5   1   4   6   3  10   9 
2 9 0.681829 0.005131 * 2  5  1  4  6  3  9  0 
2 9 0.585945 0.013885 * 2  5  1  4  7  9  0  0 
2 9 0.602891 0.008466 * 2   5   6   3  10   9   0   0 
2 9 0.494207 0.008466 * 2  5  6  3  9  0  0  0 
3 9 0.210278 0.027328 * 3  10   9 
3 9 0.101593 0.054974 * 3  9  0 
4 9 0.427205 0.000587 * 4   6   3  10   9 
4 9 0.318521 0.000587 * 4  6  3  9  0 
4 9 0.222637 0.001732 * 4  7  9  0  0 
5 9 0.646958 0.002020 * 5   1   4   6   3  10   9 
5 9 0.538274 0.002020 * 5  1  4  6  3  9  0 
5 9 0.442391 0.005467 * 5  1  4  7  9  0  0 
5 9 0.459336 0.003333 * 5   6   3  10   9   0   0 
5 9 0.350652 0.003333 * 5  6  3  9  0  0  0 
6 9 0.326212 0.000733 * 6   3  10   9 
6 9 0.217528 0.000825 * 6  3  9  0 
7 9 0.102165 0.026452 * 7  9 
8 9 0.895160 0.004139 * 8   2   5   1   4   6   3  10   9 
8 9 0.786475 0.004139 * 8  2  5  1  4  6  3  9  0 
8 9 0.690592 0.004812 * 8  2  5  1  4  7  9  0  0 
8 9 0.707537 0.004812 * 8   2   5   6   3  10   9   0   0 
8 9 0.598853 0.004812 * 8  2  5  6  3  9  0  0  0 
8 9 0.771231 0.001410 * 8  11   1   4   6   3  10   9   0 
8 9 0.662547 0.001410 * 8  11   1   4   6   3   9   0   0 
8 9 0.566663 0.001410 * 8  11   1   4   7   9   0   0   0 
10 9 0.101417 0.019219 * 10   9 
11 9 0.655848 0.002846 * 11   1   4   6   3  10   9 
11 9 0.547163 0.002846 * 11   1   4   6   3   9   0 
11 9 0.451280 0.002846 * 11   1   4   7   9   0   0 
1 10 0.531395 0.011366 * 1   4   6   3   9  10 
1 10 0.437451 0.011366 * 1   4   6   3  10   0 
1 10 0.435512 0.009502 * 1   4   7   9  10   0 
1 10 0.560451 0.025066 * 1   5   6   3   9  10 
1 10 0.466507 0.025066 * 1   5   6   3  10   0 
2 10 0.595418 0.103852 * 2   5   6   3   9  10 
2 10 0.501474 0.376550 * 2   5   6   3  10   0 
3 10 0.202805 0.003582 * 3   9  10 
3 10 0.108861 0.015341 * 3  10   0 
4 10 0.419732 0.002896 * 4   6   3   9  10 
4 10 0.325788 0.002896 * 4   6   3  10   0 
4 10 0.323849 0.002421 * 4   7   9  10   0 
5 10 0.451863 0.008137 * 5   6   3   9  10 
5 10 0.357919 0.034846 * 5   6   3  10   0 
6 10 0.318739 0.003026 * 6   3   9  10 
6 10 0.224795 0.012960 * 6   3  10   0 
7 10 0.203376 0.097522 * 7   9  10 
8 10 0.700064 0.018868 * 8   2   5   6   3   9  10   0 
8 10 0.606120 0.018868 * 8   2   5   6   3  10   0   0 
8 10 0.763758 0.015688 * 8  11   1   4   6   3   9  10 
8 10 0.669814 0.015688 * 8  11   1   4   6   3  10   0 
8 10 0.667874 0.013451 * 8  11   1   4   7   9  10   0 
8 10 0.792814 0.015688 * 8  11   1   5   6   3   9  10 
8 10 0.698869 0.015688 * 8  11   1   5   6   3  10   0 
9 10 0.101211 0.015715 * 9  10 
11 10 0.648375 0.009947 * 11   1   4   6   3   9  10 
11 10 0.554430 0.009947 * 11   1   4   6   3  10   0 
11 10 0.552491 0.008316 * 11   1   4   7   9  10   0 
11 10 0.677430 0.021936 * 11   1   5   6   3   9  10 
11 10 0.583486 0.021936 * 11   1   5   6   3  10   0 
1 11 0.128700 0.450174 * 1  11 
2 11 0.230637 0.355974 * 2   8  11 
3 11 0.472489 0.057508 * 3   6   4   1  11   0 
3 11 0.452771 0.044958 * 3   6   5   1  11   0 
3 11 0.558600 0.012716 * 3   6   5   2   8  11 
4 11 0.247443 0.115526 * 4   1  11 
5 11 0.236790 0.263543 * 5   1  11   0 
5 11 0.342619 0.029573 * 5   2   8  11 
6 11 0.364052 0.051442 * 6   4   1  11   0 
6 11 0.344335 0.040216 * 6   5   1  11   0 
6 11 0.450163 0.011375 * 6   5   2   8  11 
7 11 0.364098 0.318007 * 7   4   1  11 
8 11 0.115383 0.585378 * 8  11 
9 11 0.573817 0.005867 * 9   3   6   4   1  11   0 
9 11 0.554100 0.005867 * 9   3   6   5   1  11   0 
9 11 0.659928 0.005867 * 9   3   6   5   2   8  11 
9 11 0.466351 0.002673 * 9   7   4   1  11   0   0 
10 11 0.577439 0.048577 * 10   3   6   4   1  11   0   0 
10 11 0.557722 0.048577 * 10   3   6   5   1  11   0   0 
10 11 0.663550 0.018022 * 10   3   6   5   2   8  11   0 
10 11 0.675234 0.008207 * 10   9   3   6   4   1  11   0 
10 11 0.655517 0.008207 * 10   9   3   6   5   1  11   0 
10 11 0.761345 0.008207 * 10   9   3   6   5   2   8  11 
10 11 0.567768 0.005056 * 10   9   7   4   1  11   0   0 
