2 1 0.248949 0.067643 * 2  5  1  0 
2 1 0.350234 0.008007 * 2   8  11   1 
3 1 0.348027 0.015669 * 3  6  4  1 
3 1 0.328303 0.013519 * 3  6  5  1 
4 1 0.121961 0.011658 * 4  1 
5 1 0.108643 0.101176 * 5  1 
6 1 0.238177 0.007478 * 6  4  1 
6 1 0.218453 0.006452 * 6  5  1 
7 1 0.238392 0.087127 * 7  4  1 
8 1 0.233864 0.078921 * 8  11   1 
9 1 0.449389 0.004607 * 9  3  6  4  1 
9 1 0.429664 0.004607 * 9  3  6  5  1 
9 1 0.343808 0.005410 * 9  7  4  1  0 
10 1 0.451944 0.013553 * 10   3   6   4   1   0 
10 1 0.432220 0.013553 * 10   3   6   5   1   0 
10 1 0.553511 0.009390 * 10   9   3   6   4   1 
10 1 0.533787 0.009390 * 10   9   3   6   5   1 
10 1 0.447930 0.011026 * 10   9   7   4   1   0 
11 1 0.117283 0.475214 * 11   1 
1 2 0.223312 0.038470 * 1  5  2  0 
1 2 0.350185 0.038470 * 1  11   8   2 
3 2 0.333649 0.065995 * 3  6  5  2 
4 2 0.345273 0.012963 * 4  1  5  2  0 
4 2 0.472146 0.012963 * 4   1  11   8   2 
4 2 0.325111 0.005562 * 4  6  5  2  0 
5 2 0.113989 0.113939 * 5  2 
6 2 0.223799 0.038544 * 6  5  2 
7 2 0.461704 0.055529 * 7  4  1  5  2  0 
7 2 0.588576 0.055529 * 7   4   1  11   8   2 
7 2 0.441542 0.023827 * 7  4  6  5  2  0 
7 2 0.537439 0.012208 * 7  9  3  6  5  2 
8 2 0.104332 0.029428 * 8  2 
9 2 0.435011 0.013820 * 9  3  6  5  2 
10 2 0.437567 0.035532 * 10   3   6   5   2   0 
10 2 0.539133 0.016243 * 10   9   3   6   5   2 
11 2 0.216129 0.039077 * 11   8   2 
1 3 0.326524 0.006766 * 1  4  6  3  0 
1 3 0.436150 0.005369 * 1  4  7  9  3 
1 3 0.353214 0.011727 * 1  5  6  3  0 
2 3 0.384199 0.252952 * 2  5  6  3 
4 3 0.214954 0.017983 * 4  6  3  0 
4 3 0.324580 0.011518 * 4  7  9  3 
5 3 0.243892 0.038073 * 5  6  3 
6 3 0.113642 0.025287 * 6  3 
7 3 0.203789 0.025605 * 7  9  3 
8 3 0.488531 0.017628 * 8  2  5  6  3  0  0 
8 3 0.560388 0.010254 * 8  11   1   4   6   3   0 
8 3 0.670013 0.010254 * 8  11   1   4   7   9   3 
8 3 0.587078 0.010254 * 8  11   1   5   6   3   0 
9 3 0.101362 0.034447 * 9  3 
10 3 0.205484 0.013555 * 10   9   3 
10 3 0.103918 0.029651 * 10   3   0 
11 3 0.443808 0.010333 * 11   1   4   6   3   0 
11 3 0.553433 0.008199 * 11   1   4   7   9   3 
11 3 0.470498 0.017910 * 11   1   5   6   3   0 
1 4 0.111570 0.035207 * 1  4 
2 4 0.360520 0.046060 * 2  5  1  4  0 
2 4 0.386772 0.108341 * 2  5  6  4  0 
2 4 0.461804 0.004430 * 2   8  11   1   4 
3 4 0.226066 0.005608 * 3  6  4  0 
3 4 0.323314 0.000968 * 3  9  7  4 
5 4 0.220213 0.010555 * 5  1  4 
5 4 0.246465 0.024826 * 5  6  4 
6 4 0.116216 0.054125 * 6  4 
7 4 0.116431 0.104240 * 7  4 
8 4 0.345434 0.035708 * 8  11   1   4 
9 4 0.221847 0.005507 * 9  7  4 
10 4 0.329983 0.013066 * 10   3   6   4   0 
10 4 0.427232 0.002791 * 10   3   9   7   4 
10 4 0.325969 0.011143 * 10   9   7   4   0 
11 4 0.228853 0.019570 * 11   1   4 
1 5 0.109322 0.084003 * 1  5 
2 5 0.140307 0.580236 * 2  5 
3 5 0.219660 0.044304 * 3  6  5 
4 5 0.231283 0.018148 * 4  1  5 
4 5 0.211122 0.012953 * 4  6  5 
6 5 0.109810 0.071935 * 6  5 
7 5 0.347714 0.059469 * 7  4  1  5  0 
7 5 0.327553 0.042445 * 7  4  6  5  0 
7 5 0.423449 0.020570 * 7  9  3  6  5 
8 5 0.244639 0.091438 * 8  2  5  0 
8 5 0.343186 0.033729 * 8  11   1   5 
9 5 0.321022 0.025823 * 9  3  6  5 
10 5 0.323577 0.032301 * 10   3   6   5   0 
10 5 0.425144 0.014766 * 10   9   3   6   5 
11 5 0.226606 0.168285 * 11   1   5 
1 6 0.212882 0.005511 * 1  4  6 
1 6 0.239572 0.015670 * 1  5  6 
2 6 0.270556 0.205053 * 2  5  6 
3 6 0.109850 0.021501 * 3  6 
4 6 0.101312 0.022395 * 4  6 
5 6 0.130250 0.069949 * 5  6 
7 6 0.217743 0.021416 * 7  4  6  0 
7 6 0.313639 0.013717 * 7  9  3  6 
8 6 0.374888 0.031673 * 8  2  5  6  0 
8 6 0.446746 0.015792 * 8  11   1   4   6 
8 6 0.473436 0.015792 * 8  11   1   5   6 
9 6 0.211212 0.005324 * 9  3  6 
10 6 0.213767 0.020758 * 10   3   6   0 
10 6 0.315334 0.009490 * 10   9   3   6 
11 6 0.330165 0.013207 * 11   1   4   6 
11 6 0.356855 0.037552 * 11   1   5   6 
1 7 0.232360 0.067426 * 1  4  7 
2 7 0.481310 0.198696 * 2  5  1  4  7  0 
2 7 0.591082 0.086098 * 2  5  6  3  9  7 
2 7 0.507562 0.498817 * 2  5  6  4  7  0 
2 7 0.582595 0.019423 * 2   8  11   1   4   7 
3 7 0.206884 0.055838 * 3  9  7 
4 7 0.120790 0.049112 * 4  7 
5 7 0.341003 0.041642 * 5  1  4  7  0 
5 7 0.450776 0.018044 * 5  6  3  9  7 
5 7 0.367256 0.104540 * 5  6  4  7  0 
6 7 0.320526 0.006854 * 6  3  9  7 
6 7 0.237006 0.039709 * 6  4  7  0 
8 7 0.466224 0.280974 * 8  11   1   4   7 
9 7 0.105416 0.035636 * 9  7 
10 7 0.310801 0.020449 * 10   3   9   7 
10 7 0.209538 0.118476 * 10   9   7   0 
11 7 0.349644 0.280014 * 11   1   4   7 
1 8 0.339683 0.051134 * 1  5  2  8 
1 8 0.245853 0.184682 * 1  11   8   0 
2 8 0.116371 0.377547 * 2  8 
3 8 0.450020 0.090069 * 3  6  5  2  8 
4 8 0.461644 0.035557 * 4  1  5  2  8 
4 8 0.367814 0.115706 * 4   1  11   8   0 
4 8 0.441482 0.017907 * 4  6  5  2  8 
5 8 0.230360 0.317211 * 5  2  8 
6 8 0.340170 0.093754 * 6  5  2  8 
7 8 0.578074 0.077665 * 7  4  1  5  2  8 
7 8 0.484245 0.216198 * 7   4   1  11   8   0 
7 8 0.557913 0.039114 * 7  4  6  5  2  8 
9 8 0.551382 0.000944 * 9  3  6  5  2  8  0 
9 8 0.683490 0.010994 * 9  7  4  1  5  2  8 
9 8 0.589661 0.010994 * 9   7   4   1  11   8   0 
9 8 0.663329 0.006388 * 9  7  4  6  5  2  8 
10 8 0.553938 0.009314 * 10   3   6   5   2   8   0   0 
10 8 0.655504 0.005188 * 10   9   3   6   5   2   8   0 
10 8 0.787613 0.053858 * 10   9   7   4   1   5   2   8 
10 8 0.693783 0.053858 * 10   9   7   4   1  11   8   0 
10 8 0.767451 0.035121 * 10   9   7   4   6   5   2   8 
11 8 0.111797 0.278089 * 11   8 
1 9 0.427992 0.000528 * 1  4  6  3  9 
1 9 0.334788 0.004289 * 1  4  7  9  0 
2 9 0.676942 0.003979 * 2  5  1  4  6  3  9 
2 9 0.583737 0.025284 * 2  5  1  4  7  9  0 
2 9 0.485666 0.009139 * 2  5  6  3  9  0  0 
3 9 0.101468 0.028804 * 3  9 
4 9 0.316422 0.000525 * 4  6  3  9 
4 9 0.223218 0.004259 * 4  7  9  0 
5 9 0.536635 0.001267 * 5  1  4  6  3  9 
5 9 0.443431 0.008055 * 5  1  4  7  9  0 
5 9 0.345360 0.002912 * 5  6  3  9  0  0 
6 9 0.215110 0.003384 * 6  3  9 
7 9 0.102428 0.035646 * 7  9 
8 9 0.781274 0.002553 * 8  2  5  1  4  6  3  9 
8 9 0.688069 0.002985 * 8  2  5  1  4  7  9  0 
8 9 0.589998 0.002985 * 8  2  5  6  3  9  0  0 
8 9 0.661856 0.000937 * 8  11   1   4   6   3   9   0 
8 9 0.568652 0.000937 * 8  11   1   4   7   9   0   0 
10 9 0.205385 0.002638 * 10   3   9 
10 9 0.104122 0.015281 * 10   9   0 
11 9 0.545276 0.002819 * 11   1   4   6   3   9 
11 9 0.452071 0.003786 * 11   1   4   7   9   0 
1 10 0.529691 0.010667 * 1   4   6   3   9  10 
1 10 0.434176 0.010667 * 1   4   6   3  10   0 
1 10 0.436486 0.012745 * 1   4   7   9  10   0 
1 10 0.556381 0.026469 * 1   5   6   3   9  10 
1 10 0.460866 0.026469 * 1   5   6   3  10   0 
2 10 0.587365 0.071377 * 2   5   6   3   9  10 
2 10 0.491851 0.342096 * 2   5   6   3  10   0 
3 10 0.203166 0.003609 * 3   9  10 
3 10 0.107652 0.020907 * 3  10   0 
4 10 0.418121 0.003257 * 4   6   3   9  10 
4 10 0.322606 0.003257 * 4   6   3  10   0 
4 10 0.324916 0.003891 * 4   7   9  10   0 
5 10 0.447058 0.004399 * 5   6   3   9  10 
5 10 0.351544 0.025488 * 5   6   3  10   0 
6 10 0.316809 0.002185 * 6   3   9  10 
6 10 0.221294 0.012661 * 6   3  10   0 
7 10 0.204126 0.145084 * 7   9  10 
8 10 0.691697 0.020256 * 8   2   5   6   3   9  10   0 
8 10 0.596182 0.020256 * 8   2   5   6   3  10   0   0 
8 10 0.763554 0.011974 * 8  11   1   4   6   3   9  10 
8 10 0.668040 0.011974 * 8  11   1   4   6   3  10   0 
8 10 0.670350 0.013239 * 8  11   1   4   7   9  10   0 
8 10 0.790244 0.013239 * 8  11   1   5   6   3   9  10 
8 10 0.694730 0.013239 * 8  11   1   5   6   3  10   0 
9 10 0.101699 0.011840 * 9  10 
11 10 0.646974 0.004860 * 11   1   4   6   3   9  10 
11 10 0.551460 0.004860 * 11   1   4   6   3  10   0 
11 10 0.553770 0.005807 * 11   1   4   7   9  10   0 
11 10 0.673664 0.010014 * 11   1   5   6   3   9  10 
11 10 0.578150 0.010014 * 11   1   5   6   3  10   0 
1 11 0.134056 0.574489 * 1  11 
2 11 0.232951 0.341569 * 2   8  11 
3 11 0.482083 0.097632 * 3   6   4   1  11   0 
3 11 0.462358 0.094209 * 3   6   5   1  11   0 
3 11 0.566600 0.022964 * 3   6   5   2   8  11 
4 11 0.256017 0.131169 * 4   1  11 
5 11 0.242699 0.245649 * 5   1  11   0 
5 11 0.346940 0.029078 * 5   2   8  11 
6 11 0.372233 0.025315 * 6   4   1  11   0 
6 11 0.352508 0.024428 * 6   5   1  11   0 
6 11 0.456750 0.005954 * 6   5   2   8  11 
7 11 0.372448 0.326717 * 7   4   1  11 
8 11 0.116580 0.679476 * 8  11 
9 11 0.583444 0.007239 * 9   3   6   4   1  11   0 
9 11 0.563720 0.007239 * 9   3   6   5   1  11   0 
9 11 0.667962 0.006285 * 9   3   6   5   2   8  11 
9 11 0.477864 0.008059 * 9   7   4   1  11   0   0 
10 11 0.586000 0.040142 * 10   3   6   4   1  11   0   0 
10 11 0.566276 0.040142 * 10   3   6   5   1  11   0   0 
10 11 0.670518 0.020702 * 10   3   6   5   2   8  11   0 
10 11 0.687567 0.023845 * 10   9   3   6   4   1  11   0 
10 11 0.667842 0.023845 * 10   9   3   6   5   1  11   0 
10 11 0.772084 0.020702 * 10   9   3   6   5   2   8  11 
10 11 0.581986 0.026545 * 10   9   7   4   1  11   0   0 
