2 1 0.249915 0.070541 * 2  5  1  0 
2 1 0.346479 0.008619 * 2   8  11   1 
3 1 0.347873 0.009750 * 3  6  4  1 
3 1 0.326475 0.008660 * 3  6  5  1 
4 1 0.121879 0.013869 * 4  1 
5 1 0.108155 0.076384 * 5  1 
6 1 0.238580 0.007465 * 6  4  1 
6 1 0.217183 0.006631 * 6  5  1 
7 1 0.234362 0.095853 * 7  4  1 
8 1 0.232611 0.097416 * 8  11   1 
9 1 0.449654 0.005973 * 9  3  6  4  1 
9 1 0.428256 0.005973 * 9  3  6  5  1 
9 1 0.337090 0.003715 * 9  7  4  1  0 
10 1 0.453071 0.008732 * 10   3   6   4   1   0 
10 1 0.431673 0.008732 * 10   3   6   5   1   0 
10 1 0.551432 0.006634 * 10   9   3   6   4   1 
10 1 0.530034 0.006634 * 10   9   3   6   5   1 
10 1 0.438867 0.005118 * 10   9   7   4   1   0 
11 1 0.117765 0.506002 * 11   1 
1 2 0.225449 0.033311 * 1  5  2  0 
1 2 0.353884 0.033311 * 1  11   8   2 
3 2 0.332977 0.060637 * 3  6  5  2 
4 2 0.347328 0.092023 * 4  1  5  2  0 
4 2 0.475763 0.092023 * 4   1  11   8   2 
4 2 0.325343 0.050018 * 4  6  5  2  0 
5 2 0.114657 0.106719 * 5  2 
6 2 0.223684 0.044384 * 6  5  2 
7 2 0.459810 0.034237 * 7  4  1  5  2  0 
7 2 0.588246 0.034237 * 7   4   1  11   8   2 
7 2 0.437825 0.032063 * 7  4  6  5  2  0 
7 2 0.536966 0.007293 * 7  9  3  6  5  2 
8 2 0.104343 0.018995 * 8  2 
9 2 0.434758 0.015120 * 9  3  6  5  2 
10 2 0.438175 0.028440 * 10   3   6   5   2   0 
10 2 0.536536 0.013321 * 10   9   3   6   5   2 
11 2 0.215575 0.058104 * 11   8   2 
1 3 0.327845 0.009904 * 1  4  6  3  0 
1 3 0.437630 0.008807 * 1  4  7  9  3 
1 3 0.356219 0.016457 * 1  5  6  3  0 
2 3 0.387186 0.237133 * 2  5  6  3 
4 3 0.215780 0.018085 * 4  6  3  0 
4 3 0.325566 0.014945 * 4  7  9  3 
5 3 0.245427 0.057849 * 5  6  3 
6 3 0.114121 0.014486 * 6  3 
7 3 0.203989 0.019506 * 7  9  3 
8 3 0.491529 0.014250 * 8  2  5  6  3  0  0 
8 3 0.560455 0.009381 * 8  11   1   4   6   3   0 
8 3 0.670241 0.009381 * 8  11   1   4   7   9   3 
8 3 0.588829 0.009381 * 8  11   1   5   6   3   0 
9 3 0.101781 0.063623 * 9  3 
10 3 0.203559 0.013365 * 10   9   3 
10 3 0.105198 0.028532 * 10   3   0 
11 3 0.445609 0.011093 * 11   1   4   6   3   0 
11 3 0.555395 0.009864 * 11   1   4   7   9   3 
11 3 0.473983 0.018124 * 11   1   5   6   3   0 
1 4 0.112065 0.037902 * 1  4 
2 4 0.361979 0.051741 * 2  5  1  4  0 
2 4 0.389766 0.122796 * 2  5  6  4  0 
2 4 0.458544 0.004805 * 2   8  11   1   4 
3 4 0.225994 0.007702 * 3  6  4  0 
3 4 0.316377 0.000999 * 3  9  7  4 
5 4 0.220220 0.016202 * 5  1  4 
5 4 0.248007 0.038453 * 5  6  4 
6 4 0.116701 0.011329 * 6  4 
7 4 0.112483 0.080039 * 7  4 
8 4 0.344675 0.028747 * 8  11   1   4 
9 4 0.215210 0.005832 * 9  7  4 
10 4 0.331192 0.008441 * 10   3   6   4   0 
10 4 0.421575 0.001841 * 10   3   9   7   4 
10 4 0.316988 0.004110 * 10   9   7   4   0 
11 4 0.229829 0.018451 * 11   1   4 
1 5 0.110792 0.081648 * 1  5 
2 5 0.141759 0.599278 * 2  5 
3 5 0.218320 0.041620 * 3  6  5 
4 5 0.232671 0.019529 * 4  1  5 
4 5 0.210686 0.013565 * 4  6  5 
6 5 0.109027 0.075114 * 6  5 
7 5 0.345153 0.042465 * 7  4  1  5  0 
7 5 0.323168 0.029496 * 7  4  6  5  0 
7 5 0.422309 0.016225 * 7  9  3  6  5 
8 5 0.246102 0.093737 * 8  2  5  0 
8 5 0.343402 0.038524 * 8  11   1   5 
9 5 0.320101 0.038246 * 9  3  6  5 
10 5 0.323518 0.024467 * 10   3   6   5   0 
10 5 0.421879 0.011461 * 10   9   3   6   5 
11 5 0.228556 0.141750 * 11   1   5 
1 6 0.213724 0.010853 * 1  4  6 
1 6 0.242097 0.032935 * 1  5  6 
2 6 0.273065 0.192904 * 2  5  6 
3 6 0.109293 0.022547 * 3  6 
4 6 0.101659 0.033499 * 4  6 
5 6 0.131306 0.060290 * 5  6 
7 6 0.214141 0.015040 * 7  4  6  0 
7 6 0.313282 0.012429 * 7  9  3  6 
8 6 0.377408 0.024893 * 8  2  5  6  0 
8 6 0.446334 0.013601 * 8  11   1   4   6 
8 6 0.474708 0.013601 * 8  11   1   5   6 
9 6 0.211074 0.002523 * 9  3  6 
10 6 0.214491 0.017568 * 10   3   6   0 
10 6 0.312852 0.008229 * 10   9   3   6 
11 6 0.331488 0.019153 * 11   1   4   6 
11 6 0.359862 0.051879 * 11   1   5   6 
1 7 0.233641 0.087615 * 1  4  7 
2 7 0.483556 0.210532 * 2  5  1  4  7  0 
2 7 0.591080 0.068700 * 2  5  6  3  9  7 
2 7 0.511342 0.529441 * 2  5  6  4  7  0 
2 7 0.580120 0.021951 * 2   8  11   1   4   7 
3 7 0.203894 0.020302 * 3  9  7 
4 7 0.121576 0.090458 * 4  7 
5 7 0.341796 0.035966 * 5  1  4  7  0 
5 7 0.449321 0.011736 * 5  6  3  9  7 
5 7 0.369583 0.090446 * 5  6  4  7  0 
6 7 0.318016 0.004699 * 6  3  9  7 
6 7 0.238277 0.036214 * 6  4  7  0 
8 7 0.466252 0.260079 * 8  11   1   4   7 
9 7 0.102728 0.032112 * 9  7 
10 7 0.309092 0.028253 * 10   3   9   7 
10 7 0.204506 0.119767 * 10   9   7   0 
11 7 0.351406 0.290261 * 11   1   4   7 
1 8 0.339317 0.041965 * 1  5  2  8 
1 8 0.249541 0.158922 * 1  11   8   0 
2 8 0.113868 0.350168 * 2  8 
3 8 0.446845 0.061571 * 3  6  5  2  8 
4 8 0.461196 0.037357 * 4  1  5  2  8 
4 8 0.371420 0.128962 * 4   1  11   8   0 
4 8 0.439211 0.018713 * 4  6  5  2  8 
5 8 0.228525 0.275974 * 5  2  8 
6 8 0.337552 0.100540 * 6  5  2  8 
7 8 0.573679 0.069345 * 7  4  1  5  2  8 
7 8 0.483903 0.188871 * 7   4   1  11   8   0 
7 8 0.551694 0.034736 * 7  4  6  5  2  8 
9 8 0.548626 0.002017 * 9  3  6  5  2  8  0 
9 8 0.676407 0.012987 * 9  7  4  1  5  2  8 
9 8 0.586631 0.012987 * 9   7   4   1  11   8   0 
9 8 0.654422 0.008371 * 9  7  4  6  5  2  8 
10 8 0.552043 0.011281 * 10   3   6   5   2   8   0   0 
10 8 0.650404 0.007230 * 10   9   3   6   5   2   8   0 
10 8 0.778185 0.039299 * 10   9   7   4   1   5   2   8 
10 8 0.688409 0.039299 * 10   9   7   4   1  11   8   0 
10 8 0.756199 0.029999 * 10   9   7   4   6   5   2   8 
11 8 0.111232 0.272373 * 11   8 
1 9 0.429011 0.000278 * 1  4  6  3  9 
1 9 0.335850 0.002076 * 1  4  7  9  0 
2 9 0.678926 0.004023 * 2  5  1  4  6  3  9 
2 9 0.585764 0.025719 * 2  5  1  4  7  9  0 
2 9 0.488353 0.010364 * 2  5  6  3  9  0  0 
3 9 0.101166 0.037086 * 3  9 
4 9 0.316946 0.000457 * 4  6  3  9 
4 9 0.223785 0.003419 * 4  7  9  0 
5 9 0.537167 0.001531 * 5  1  4  6  3  9 
5 9 0.444005 0.009789 * 5  1  4  7  9  0 
5 9 0.346593 0.003945 * 5  6  3  9  0  0 
6 9 0.215288 0.002248 * 6  3  9 
7 9 0.102209 0.041017 * 7  9 
8 9 0.783269 0.002966 * 8  2  5  1  4  6  3  9 
8 9 0.690107 0.004456 * 8  2  5  1  4  7  9  0 
8 9 0.592695 0.004456 * 8  2  5  6  3  9  0  0 
8 9 0.661622 0.001469 * 8  11   1   4   6   3   9   0 
8 9 0.568460 0.001469 * 8  11   1   4   7   9   0   0 
10 9 0.206364 0.002366 * 10   3   9 
10 9 0.101778 0.010031 * 10   9   0 
11 9 0.546776 0.002480 * 11   1   4   6   3   9 
11 9 0.453614 0.003091 * 11   1   4   7   9   0 
1 10 0.530429 0.010400 * 1   4   6   3   9  10 
1 10 0.435765 0.010400 * 1   4   6   3  10   0 
1 10 0.437267 0.012555 * 1   4   7   9  10   0 
1 10 0.558803 0.026564 * 1   5   6   3   9  10 
1 10 0.464139 0.026564 * 1   5   6   3  10   0 
2 10 0.589770 0.080758 * 2   5   6   3   9  10 
2 10 0.495106 0.367471 * 2   5   6   3  10   0 
3 10 0.202584 0.002310 * 3   9  10 
3 10 0.107920 0.011998 * 3  10   0 
4 10 0.418364 0.004159 * 4   6   3   9  10 
4 10 0.323700 0.004159 * 4   6   3  10   0 
4 10 0.325202 0.005021 * 4   7   9  10   0 
5 10 0.448011 0.002899 * 5   6   3   9  10 
5 10 0.353347 0.015060 * 5   6   3  10   0 
6 10 0.316705 0.002864 * 6   3   9  10 
6 10 0.222041 0.014880 * 6   3  10   0 
7 10 0.203626 0.116256 * 7   9  10 
8 10 0.694113 0.021205 * 8   2   5   6   3   9  10   0 
8 10 0.599449 0.021205 * 8   2   5   6   3  10   0   0 
8 10 0.763039 0.012345 * 8  11   1   4   6   3   9  10 
8 10 0.668375 0.012345 * 8  11   1   4   6   3  10   0 
8 10 0.669878 0.014904 * 8  11   1   4   7   9  10   0 
8 10 0.791413 0.015053 * 8  11   1   5   6   3   9  10 
8 10 0.696749 0.015053 * 8  11   1   5   6   3  10   0 
9 10 0.101417 0.010411 * 9  10 
11 10 0.648193 0.004718 * 11   1   4   6   3   9  10 
11 10 0.553529 0.004718 * 11   1   4   6   3  10   0 
11 10 0.555032 0.005696 * 11   1   4   7   9  10   0 
11 10 0.676567 0.010127 * 11   1   5   6   3   9  10 
11 10 0.581903 0.010127 * 11   1   5   6   3  10   0 
1 11 0.138309 0.946121 * 1  11 
2 11 0.228714 0.266538 * 2   8  11 
3 11 0.486182 0.041414 * 3   6   4   1  11   0 
3 11 0.464784 0.041278 * 3   6   5   1  11   0 
3 11 0.561691 0.012713 * 3   6   5   2   8  11 
4 11 0.260188 0.147101 * 4   1  11 
5 11 0.246464 0.260124 * 5   1  11   0 
5 11 0.343371 0.031783 * 5   2   8  11 
6 11 0.376889 0.021420 * 6   4   1  11   0 
6 11 0.355491 0.021350 * 6   5   1  11   0 
6 11 0.452398 0.006575 * 6   5   2   8  11 
7 11 0.372671 0.345599 * 7   4   1  11 
8 11 0.114846 0.625198 * 8  11 
9 11 0.587963 0.008618 * 9   3   6   4   1  11   0 
9 11 0.566565 0.008618 * 9   3   6   5   1  11   0 
9 11 0.663472 0.006224 * 9   3   6   5   2   8  11 
9 11 0.475399 0.005069 * 9   7   4   1  11   0   0 
10 11 0.591380 0.040856 * 10   3   6   4   1  11   0   0 
10 11 0.569982 0.040856 * 10   3   6   5   1  11   0   0 
10 11 0.666889 0.018777 * 10   3   6   5   2   8  11   0 
10 11 0.689741 0.025998 * 10   9   3   6   4   1  11   0 
10 11 0.668343 0.025998 * 10   9   3   6   5   1  11   0 
10 11 0.765250 0.018777 * 10   9   3   6   5   2   8  11 
10 11 0.577176 0.015290 * 10   9   7   4   1  11   0   0 
