2  5  1 
0.074666
3  6  4  1 
0.004689
3  6  5  1 
0.004689
4  1 
0.006952
5  1 
0.078427
6  4  1 
0.008643
6  5  1 
0.008643
7  4  1 
0.103526
8  11   1 
0.087555
9  7  4  1 
0.033828
10   3   6   4   1 
0.014416
10   3   6   5   1 
0.014416
10   9   7   4   1 
0.014416
11   1 
0.805609
1  5  2 
0.068074
3  6  5  2 
0.068029
4  1  5  2 
0.048377
4  6  5  2 
0.048377
5  2 
0.075298
6  5  2 
0.026906
7  4  1  5  2 
0.052167
7  4  6  5  2 
0.052167
8  2 
0.022617
9  3  6  5  2 
0.008459
10   3   6   5   2 
0.042981
11   8   2 
0.055010
1  4  6  3 
0.014430
1  5  6  3 
0.014430
2  5  6  3 
0.271190
4  6  3 
0.023963
5  6  3 
0.030234
6  3 
0.018352
7  9  3 
0.033443
8  2  5  6  3 
0.072435
9  3 
0.035071
10   3 
0.068625
11   1   4   6   3 
0.019125
11   1   5   6   3 
0.019125
1  4 
0.021466
2  5  1  4 
0.070358
2  5  6  4 
0.070358
3  6  4 
0.008999
5  1  4 
0.030601
5  6  4 
0.030601
6  4 
0.007409
7  4 
1.051560
8  11   1   4 
0.026263
9  7  4 
0.003634
10   3   6   4 
0.005569
10   9   7   4 
0.005569
11   1   4 
0.022243
1  5 
0.049669
2  5 
0.629138
3  6  5 
0.031182
4  1  5 
0.013078
4  6  5 
0.013078
6  5 
0.047772
7  4  1  5 
0.036872
7  4  6  5 
0.036872
8  2  5 
0.120761
9  3  6  5 
0.038166
10   3   6   5 
0.038998
11   1   5 
0.108135
1  4  6 
0.020623
1  5  6 
0.020623
2  5  6 
0.226235
3  6 
0.015842
4  6 
0.018118
5  6 
0.050154
7  4  6 
0.023628
8  2  5  6 
0.044202
9  3  6 
0.002958
10   3   6 
0.025298
11   1   4   6 
0.038889
11   1   5   6 
0.038889
1  4  7 
0.194599
2  5  1  4  7 
0.361404
2  5  6  4  7 
0.361404
3  9  7 
0.017418
4  7 
0.055429
5  1  4  7 
0.085771
5  6  4  7 
0.085771
6  4  7 
0.037044
8  11   1   4   7 
0.258570
9  7 
0.018727
10   9   7 
0.134891
11   1   4   7 
0.303088
1  11   8 
0.203695
2  8 
0.312433
3  6  5  2  8 
0.089968
4   1  11   8 
0.199576
5  2  8 
0.287344
6  5  2  8 
0.086381
7   4   1  11   8 
0.265614
9  3  6  5  2  8 
0.010990
9   7   4   1  11   8 
0.010990
10   3   6   5   2   8 
0.119949
11   8 
0.290452
1  4  7  9 
0.004345
2  5  6  3  9 
0.039761
3  9 
0.013852
4  7  9 
0.002923
5  6  3  9 
0.016948
6  3  9 
0.001890
7  9 
0.034449
8  2  5  6  3  9 
0.007205
8  11   1   4   7   9 
0.007205
10   9 
0.010584
11   1   4   7   9 
0.006521
1   4   6   3  10 
0.024027
1   4   7   9  10 
0.024027
1   5   6   3  10 
0.040567
2   5   6   3  10 
0.459445
3  10 
0.019767
4   6   3  10 
0.005993
4   7   9  10 
0.005993
5   6   3  10 
0.054979
6   3  10 
0.015800
7   9  10 
0.102791
8   2   5   6   3  10 
0.112739
9  10 
0.013636
11   1   4   6   3  10 
0.013434
11   1   4   7   9  10 
0.013434
11   1   5   6   3  10 
0.014417
1  11 
0.464123
2   8  11 
0.439522
3   6   4   1  11 
0.089883
3   6   5   1  11 
0.089883
4   1  11 
0.136389
5   1  11 
0.276546
6   4   1  11 
0.026082
6   5   1  11 
0.026082
7   4   1  11 
0.353900
8  11 
0.664024
9   7   4   1  11 
0.015610
10   3   6   4   1  11 
0.049244
10   3   6   5   1  11 
0.049244
10   9   7   4   1  11 
0.049244
