2  5  1 
0.076356
3  6  4  1 
0.009409
3  6  5  1 
0.009409
4  1 
0.010482
5  1 
0.086016
6  4  1 
0.007161
6  5  1 
0.007161
7  4  1 
0.108060
8  11   1 
0.092338
9  7  4  1 
0.039587
10   3   6   4   1 
0.013900
10   3   6   5   1 
0.013900
10   9   7   4   1 
0.013900
11   1 
0.749758
1  5  2 
0.066717
3  6  5  2 
0.067456
4  1  5  2 
0.052819
4  6  5  2 
0.052819
5  2 
0.089420
6  5  2 
0.034695
7  4  1  5  2 
0.193954
7  4  6  5  2 
0.193954
8  2 
0.018385
9  3  6  5  2 
0.006611
10   3   6   5   2 
0.042796
11   8   2 
0.040250
1  4  6  3 
0.014523
1  5  6  3 
0.014523
2  5  6  3 
0.229882
4  6  3 
0.028066
5  6  3 
0.022929
6  3 
0.035225
7  9  3 
0.018464
8  2  5  6  3 
0.079785
9  3 
0.052530
10   3 
0.054739
11   1   4   6   3 
0.022052
11   1   5   6   3 
0.022052
1  4 
0.037839
2  5  1  4 
0.079161
2  5  6  4 
0.079161
3  6  4 
0.006715
5  1  4 
0.027386
5  6  4 
0.027386
6  4 
0.005757
7  4 
0.594880
8  11   1   4 
0.028469
9  7  4 
0.006333
10   3   6   4 
0.005764
10   9   7   4 
0.005764
11   1   4 
0.016720
1  5 
0.059019
2  5 
0.589692
3  6  5 
0.028938
4  1  5 
0.013026
4  6  5 
0.013026
6  5 
0.058726
7  4  1  5 
0.040589
7  4  6  5 
0.040589
8  2  5 
0.105364
9  3  6  5 
0.038485
10   3   6   5 
0.042942
11   1   5 
0.114629
1  4  6 
0.020619
1  5  6 
0.020619
2  5  6 
0.187190
3  6 
0.018126
4  6 
0.016390
5  6 
0.046844
7  4  6 
0.024725
8  2  5  6 
0.041826
9  3  6 
0.003233
10   3   6 
0.025739
11   1   4   6 
0.039765
11   1   5   6 
0.039765
1  4  7 
0.092298
2  5  1  4  7 
0.365586
2  5  6  4  7 
0.365586
3  9  7 
0.019447
4  7 
0.047977
5  1  4  7 
0.080263
5  6  4  7 
0.080263
6  4  7 
0.037140
8  11   1   4   7 
0.268418
9  7 
0.023083
10   9   7 
0.140877
11   1   4   7 
0.293445
1  11   8 
0.192796
2  8 
0.299189
3  6  5  2  8 
0.078124
4   1  11   8 
0.189926
5  2  8 
0.265102
6  5  2  8 
0.097776
7   4   1  11   8 
0.258708
9  3  6  5  2  8 
0.012984
9   7   4   1  11   8 
0.012984
10   3   6   5   2   8 
0.119878
11   8 
0.304128
1  4  7  9 
0.004763
2  5  6  3  9 
0.049196
3  9 
0.036530
4  7  9 
0.003353
5  6  3  9 
0.015321
6  3  9 
0.001368
7  9 
0.034171
8  2  5  6  3  9 
0.006638
8  11   1   4   7   9 
0.006638
10   9 
0.011029
11   1   4   7   9 
0.006834
1   4   6   3  10 
0.022840
1   4   7   9  10 
0.022840
1   5   6   3  10 
0.040497
2   5   6   3  10 
0.440359
3  10 
0.018443
4   6   3  10 
0.004041
4   7   9  10 
0.004041
5   6   3  10 
0.077484
6   3  10 
0.011895
7   9  10 
0.101258
8   2   5   6   3  10 
0.115573
9  10 
0.014203
11   1   4   6   3  10 
0.012832
11   1   4   7   9  10 
0.012832
11   1   5   6   3  10 
0.014454
1  11 
0.519997
2   8  11 
0.413460
3   6   4   1  11 
0.096329
3   6   5   1  11 
0.096329
4   1  11 
0.110937
5   1  11 
0.265146
6   4   1  11 
0.023871
6   5   1  11 
0.023871
7   4   1  11 
0.329362
8  11 
0.617418
9   7   4   1  11 
0.011520
10   3   6   4   1  11 
0.047493
10   3   6   5   1  11 
0.047493
10   9   7   4   1  11 
0.047493
