2 1 2 0.096312 * 2  5  1 
3 1 3 0.012415 * 3  6  4  1 
3 1 3 0.012415 * 3  6  5  1 
4 1 1 0.055859 * 4  1 
5 1 1 0.132422 * 5  1 
6 1 2 0.019053 * 6  4  1 
6 1 2 0.019053 * 6  5  1 
7 1 2 0.096576 * 7  4  1 
8 1 2 0.084657 * 8  11   1 
9 1 3 0.025248 * 9  7  4  1 
10 1 4 0.021297 * 10   3   6   4   1 
10 1 4 0.021297 * 10   3   6   5   1 
10 1 4 0.021297 * 10   9   7   4   1 
11 1 1 0.391003 * 11   1 
1 2 2 0.126259 * 1  5  2 
3 2 3 0.093261 * 3  6  5  2 
4 2 3 0.019119 * 4  1  5  2 
4 2 3 0.019119 * 4  6  5  2 
5 2 1 0.146642 * 5  2 
6 2 2 0.048302 * 6  5  2 
7 2 4 0.055101 * 7  4  1  5  2 
7 2 4 0.055101 * 7  4  6  5  2 
8 2 1 0.069689 * 8  2 
9 2 4 0.016786 * 9  3  6  5  2 
10 2 4 0.031521 * 10   3   6   5   2 
11 2 2 0.087347 * 11   8   2 
1 3 3 0.011573 * 1  4  6  3 
1 3 3 0.011573 * 1  5  6  3 
2 3 3 0.196861 * 2  5  6  3 
4 3 2 0.041502 * 4  6  3 
5 3 2 0.043313 * 5  6  3 
6 3 1 0.070016 * 6  3 
7 3 2 0.119376 * 7  9  3 
8 3 4 0.048497 * 8  2  5  6  3 
9 3 1 0.063760 * 9  3 
10 3 1 0.073017 * 10   3 
11 3 4 0.042301 * 11   1   4   6   3 
11 3 4 0.042301 * 11   1   5   6   3 
1 4 1 0.015963 * 1  4 
2 4 3 0.057830 * 2  5  1  4 
2 4 3 0.057830 * 2  5  6  4 
3 4 2 0.021522 * 3  6  4 
5 4 2 0.026682 * 5  1  4 
5 4 2 0.026682 * 5  6  4 
6 4 1 0.023300 * 6  4 
7 4 1 0.140512 * 7  4 
8 4 3 0.020692 * 8  11   1   4 
9 4 2 0.016274 * 9  7  4 
10 4 3 0.012384 * 10   3   6   4 
10 4 3 0.012384 * 10   9   7   4 
11 4 2 0.049113 * 11   1   4 
1 5 1 0.124053 * 1  5 
2 5 1 0.526826 * 2  5 
3 5 2 0.049314 * 3  6  5 
4 5 2 0.021886 * 4  1  5 
4 5 2 0.021886 * 4  6  5 
6 5 1 0.089991 * 6  5 
7 5 3 0.071884 * 7  4  1  5 
7 5 3 0.071884 * 7  4  6  5 
8 5 2 0.210713 * 8  2  5 
9 5 3 0.045083 * 9  3  6  5 
10 5 3 0.064702 * 10   3   6   5 
11 5 2 0.207239 * 11   1   5 
1 6 2 0.026619 * 1  4  6 
1 6 2 0.026619 * 1  5  6 
2 6 2 0.202985 * 2  5  6 
3 6 1 0.070576 * 3  6 
4 6 1 0.027722 * 4  6 
5 6 1 0.060585 * 5  6 
7 6 2 0.050185 * 7  4  6 
8 6 3 0.041425 * 8  2  5  6 
9 6 2 0.010391 * 9  3  6 
10 6 2 0.024209 * 10   3   6 
11 6 3 0.039009 * 11   1   4   6 
11 6 3 0.039009 * 11   1   5   6 
1 7 2 0.073775 * 1  4  7 
2 7 4 0.297233 * 2  5  1  4  7 
2 7 4 0.297233 * 2  5  6  4  7 
3 7 2 0.062973 * 3  9  7 
4 7 1 0.051455 * 4  7 
5 7 3 0.112368 * 5  1  4  7 
5 7 3 0.112368 * 5  6  4  7 
6 7 2 0.060086 * 6  4  7 
8 7 4 0.299448 * 8  11   1   4   7 
9 7 1 0.020258 * 9  7 
10 7 2 0.192705 * 10   9   7 
11 7 3 0.325967 * 11   1   4   7 
1 8 2 0.229590 * 1  11   8 
2 8 1 0.384669 * 2  8 
3 8 4 0.098218 * 3  6  5  2  8 
4 8 3 0.222008 * 4   1  11   8 
5 8 2 0.374060 * 5  2  8 
6 8 3 0.146890 * 6  5  2  8 
7 8 4 0.418054 * 7   4   1  11   8 
9 8 5 0.023097 * 9  3  6  5  2  8 
9 8 5 0.023097 * 9   7   4   1  11   8 
10 8 5 0.131371 * 10   3   6   5   2   8 
11 8 1 0.430477 * 11   8 
1 9 3 0.004908 * 1  4  7  9 
2 9 4 0.028490 * 2  5  6  3  9 
3 9 1 0.046319 * 3  9 
4 9 2 0.010763 * 4  7  9 
5 9 3 0.024834 * 5  6  3  9 
6 9 2 0.003288 * 6  3  9 
7 9 1 0.013547 * 7  9 
8 9 5 0.012424 * 8  2  5  6  3  9 
8 9 5 0.012424 * 8  11   1   4   7   9 
10 9 1 0.020921 * 10   9 
11 9 4 0.013928 * 11   1   4   7   9 
1 10 4 0.023914 * 1   4   6   3  10 
1 10 4 0.023914 * 1   4   7   9  10 
1 10 4 0.036993 * 1   5   6   3  10 
2 10 4 0.233085 * 2   5   6   3  10 
3 10 1 0.033453 * 3  10 
4 10 3 0.010280 * 4   6   3  10 
4 10 3 0.010280 * 4   7   9  10 
5 10 3 0.050672 * 5   6   3  10 
6 10 2 0.034624 * 6   3  10 
7 10 2 0.146590 * 7   9  10 
8 10 5 0.083137 * 8   2   5   6   3  10 
9 10 1 0.037127 * 9  10 
11 10 5 0.017232 * 11   1   4   6   3  10 
11 10 5 0.017232 * 11   1   4   7   9  10 
11 10 5 0.021101 * 11   1   5   6   3  10 
1 11 1 0.465685 * 1  11 
2 11 2 0.455469 * 2   8  11 
3 11 4 0.086583 * 3   6   4   1  11 
3 11 4 0.086583 * 3   6   5   1  11 
4 11 2 0.113042 * 4   1  11 
5 11 2 0.280249 * 5   1  11 
6 11 3 0.059243 * 6   4   1  11 
6 11 3 0.059243 * 6   5   1  11 
7 11 3 0.413589 * 7   4   1  11 
8 11 1 0.894014 * 8  11 
9 11 4 0.021719 * 9   7   4   1  11 
10 11 5 0.066307 * 10   3   6   4   1  11 
10 11 5 0.066307 * 10   3   6   5   1  11 
10 11 5 0.066307 * 10   9   7   4   1  11 
