2  5  1  0 
0.059430
2   8  11   1 
0.006084
3  6  4  1 
0.013936
3  6  5  1 
0.009868
4  1 
0.012344
5  1 
0.109446
6  4  1 
0.009090
6  5  1 
0.006436
7  4  1 
0.085277
8  11   1 
0.079853
9  3  6  4  1 
0.010274
9  3  6  5  1 
0.010274
9  7  4  1  0 
0.005675
10   3   6   4   1   0 
0.011268
10   3   6   5   1   0 
0.011268
10   9   3   6   4   1 
0.006145
10   9   3   6   5   1 
0.006145
10   9   7   4   1   0 
0.006145
11   1 
0.417776
1  5  2  0 
0.032284
1  11   8   2 
0.032284
3  6  5  2 
0.076709
4  1  5  2  0 
0.061257
4   1  11   8   2 
0.061257
4  6  5  2  0 
0.028887
5  2 
0.115573
6  5  2 
0.048953
7  4  1  5  2  0 
0.042219
7   4   1  11   8   2 
0.042219
7  4  6  5  2  0 
0.025545
7  9  3  6  5  2 
0.007751
8  2 
0.027901
9  3  6  5  2 
0.015927
10   3   6   5   2   0 
0.034077
10   9   3   6   5   2 
0.011971
11   8   2 
0.046843
1  4  6  3  0 
0.007877
1  4  7  9  3 
0.006028
1  5  6  3  0 
0.013455
2  5  6  3 
0.283443
4  6  3  0 
0.015285
4  7  9  3 
0.011697
5  6  3 
0.054948
6  3 
0.090682
7  9  3 
0.030796
8  2  5  6  3  0  0 
0.031690
8  11   1   4   6   3   0 
0.014903
8  11   1   4   7   9   3 
0.014903
8  11   1   5   6   3   0 
0.014903
9  3 
0.071185
10   9   3 
0.025499
10   3   0 
0.072587
11   1   4   6   3   0 
0.018327
11   1   4   7   9   3 
0.014026
11   1   5   6   3   0 
0.031306
1  4 
0.019242
2  5  1  4  0 
0.046455
2  5  6  4  0 
0.112782
2   8  11   1   4 
0.003702
3  6  4  0 
0.010565
3  9  7  4 
0.001215
5  1  4 
0.013147
5  6  4 
0.031917
6  4 
0.007377
7  4 
1.005075
8  11   1   4 
0.026078
9  7  4 
0.006688
10   3   6   4   0 
0.025994
10   3   9   7   4 
0.003775
10   9   7   4   0 
0.007726
11   1   4 
0.025327
1  5 
0.074517
2  5 
0.628892
3  6  5 
0.039978
4  1  5 
0.018092
4  6  5 
0.011420
6  5 
0.086696
7  4  1  5  0 
0.042471
7  4  6  5  0 
0.026810
7  9  3  6  5 
0.014063
8  2  5  0 
0.112379
8  11   1   5 
0.032063
9  3  6  5 
0.027727
10   3   6   5   0 
0.030721
10   9   3   6   5 
0.010792
11   1   5 
0.159082
1  4  6 
0.016469
1  5  6 
0.044848
2  5  6 
0.180230
3  6 
0.019986
4  6 
0.017613
5  6 
0.081956
7  4  6  0 
0.014426
7  9  3  6 
0.011040
8  2  5  6  0 
0.036027
8  11   1   4   6 
0.014054
8  11   1   5   6 
0.014054
9  3  6 
0.004409
10   3   6   0 
0.015282
10   9   3   6 
0.005368
11   1   4   6 
0.018089
11   1   5   6 
0.036510
1  4  7 
0.094718
2  5  1  4  7  0 
0.206604
2  5  6  3  9  7 
0.060819
2  5  6  4  7  0 
0.528674
2   8  11   1   4   7 
0.017073
3  9  7 
0.027830
4  7 
0.049720
5  1  4  7  0 
0.049066
5  6  3  9  7 
0.014444
5  6  4  7  0 
0.125554
6  3  9  7 
0.003990
6  4  7  0 
0.034681
8  11   1   4   7 
0.274839
9  7 
0.047000
10   3   9   7 
0.034823
10   9   7   0 
0.100322
11   1   4   7 
0.454880
1  5  2  8 
0.037375
1  11   8   0 
0.147105
2  8 
0.351926
3  6  5  2  8 
0.072523
4  1  5  2  8 
0.034886
4   1  11   8   0 
0.130744
4  6  5  2  8 
0.016721
5  2  8 
0.279917
6  5  2  8 
0.108666
7  4  1  5  2  8 
0.078382
7   4   1  11   8   0 
0.239266
7  4  6  5  2  8 
0.037568
9  3  6  5  2  8  0 
0.002358
9  7  4  1  5  2  8 
0.012383
9   7   4   1  11   8   0 
0.012383
9  7  4  6  5  2  8 
0.007761
10   3   6   5   2   8   0   0 
0.020952
10   9   3   6   5   2   8   0 
0.009772
10   9   7   4   1   5   2   8 
0.046019
10   9   7   4   1  11   8   0 
0.046019
10   9   7   4   6   5   2   8 
0.032168
11   8 
0.274087
1  4  6  3  9 
0.000515
1  4  7  9  0 
0.003231
2  5  1  4  6  3  9 
0.006851
2  5  1  4  7  9  0 
0.039078
2  5  6  3  9  0  0 
0.020654
3  9 
0.027862
4  6  3  9 
0.000598
4  7  9  0 
0.003754
5  1  4  6  3  9 
0.001354
5  1  4  7  9  0 
0.007721
5  6  3  9  0  0 
0.004081
6  3  9 
0.002567
7  9 
0.045468
8  2  5  1  4  6  3  9 
0.003879
8  2  5  1  4  7  9  0 
0.004348
8  2  5  6  3  9  0  0 
0.004348
8  11   1   4   6   3   9   0 
0.001146
8  11   1   4   7   9   0   0 
0.001146
10   3   9 
0.004273
10   9   0 
0.012310
11   1   4   6   3   9 
0.002651
11   1   4   7   9   0 
0.002651
1   4   6   3   9  10 
0.010481
1   4   6   3  10   0 
0.010481
1   4   7   9  10   0 
0.013257
1   5   6   3   9  10 
0.024800
1   5   6   3  10   0 
0.024800
2   5   6   3   9  10 
0.086449
2   5   6   3  10   0 
0.304291
3   9  10 
0.004777
3  10   0 
0.018927
4   6   3   9  10 
0.003440
4   6   3  10   0 
0.003440
4   7   9  10   0 
0.004351
5   6   3   9  10 
0.004753
5   6   3  10   0 
0.018830
6   3   9  10 
0.002875
6   3  10   0 
0.011390
7   9  10 
0.112296
8   2   5   6   3   9  10   0 
0.023198
8   2   5   6   3  10   0   0 
0.023198
8  11   1   4   6   3   9  10 
0.012124
8  11   1   4   6   3  10   0 
0.012124
8  11   1   4   7   9  10   0 
0.012124
8  11   1   5   6   3   9  10 
0.012124
8  11   1   5   6   3  10   0 
0.012124
9  10 
0.015663
11   1   4   6   3   9  10 
0.005786
11   1   4   6   3  10   0 
0.005786
11   1   4   7   9  10   0 
0.007319
11   1   5   6   3   9  10 
0.012258
11   1   5   6   3  10   0 
0.012258
1  11 
0.593014
2   8  11 
0.354946
3   6   4   1  11   0 
0.159539
3   6   5   1  11   0 
0.124529
3   6   5   2   8  11 
0.030043
4   1  11 
0.230235
5   1  11   0 
0.337456
5   2   8  11 
0.034548
6   4   1  11   0 
0.029057
6   5   1  11   0 
0.022681
6   5   2   8  11 
0.005472
7   4   1  11 
0.324807
8  11 
0.693138
9   3   6   4   1  11   0 
0.006398
9   3   6   5   1  11   0 
0.006398
9   3   6   5   2   8  11 
0.006398
9   7   4   1  11   0   0 
0.003390
10   3   6   4   1  11   0   0 
0.038839
10   3   6   5   1  11   0   0 
0.038839
10   3   6   5   2   8  11   0 
0.020325
10   9   3   6   4   1  11   0 
0.018986
10   9   3   6   5   1  11   0 
0.018986
10   9   3   6   5   2   8  11 
0.018986
10   9   7   4   1  11   0   0 
0.010060
