2  5  1 
0.060243
3  6  4  1 
0.007445
3  6  5  1 
0.007445
4  1 
0.089454
5  1 
0.076873
6  4  1 
0.010170
6  5  1 
0.010170
7  4  1 
0.084658
8  11   1 
0.075790
9  7  4  1 
0.019535
10   3   6   4   1 
0.021391
10   3   6   5   1 
0.021391
10   9   7   4   1 
0.021391
11   1 
0.456685
1  5  2 
0.054309
3  6  5  2 
0.069325
4  1  5  2 
0.012747
4  6  5  2 
0.012747
5  2 
0.139283
6  5  2 
0.044385
7  4  1  5  2 
0.045742
7  4  6  5  2 
0.045742
8  2 
0.080800
9  3  6  5  2 
0.016996
10   3   6   5   2 
0.047025
11   8   2 
0.052044
1  4  6  3 
0.011348
1  5  6  3 
0.011348
2  5  6  3 
0.230481
4  6  3 
0.017758
5  6  3 
0.033062
6  3 
0.052245
7  9  3 
0.050904
8  2  5  6  3 
0.071811
9  3 
0.073642
10   3 
0.062848
11   1   4   6   3 
0.030045
11   1   5   6   3 
0.030045
1  4 
0.035398
2  5  1  4 
0.082074
2  5  6  4 
0.082074
3  6  4 
0.008213
5  1  4 
0.017593
5  6  4 
0.017593
6  4 
0.013033
7  4 
0.076898
8  11   1   4 
0.041080
9  7  4 
0.003572
10   3   6   4 
0.021739
10   9   7   4 
0.021739
11   1   4 
0.021873
1  5 
0.083215
2  5 
0.537908
3  6  5 
0.066525
4  1  5 
0.017085
4  6  5 
0.017085
6  5 
0.062292
7  4  1  5 
0.067289
7  4  6  5 
0.067289
8  2  5 
0.121283
9  3  6  5 
0.034854
10   3   6   5 
0.047966
11   1   5 
0.240499
1  4  6 
0.007783
1  5  6 
0.007783
2  5  6 
0.184034
3  6 
0.026631
4  6 
0.022010
5  6 
0.119982
7  4  6 
0.033511
8  2  5  6 
0.065359
9  3  6 
0.005789
10   3   6 
0.027480
11   1   4   6 
0.024786
11   1   5   6 
0.024786
1  4  7 
0.085463
2  5  1  4  7 
0.447184
2  5  6  4  7 
0.447184
3  9  7 
0.046109
4  7 
0.050163
5  1  4  7 
0.096855
5  6  4  7 
0.096855
6  4  7 
0.065231
8  11   1   4   7 
0.346502
9  7 
0.033349
10   9   7 
0.154364
11   1   4   7 
0.294738
1  11   8 
0.200679
2  8 
0.415587
3  6  5  2  8 
0.103714
4   1  11   8 
0.189408
5  2  8 
0.257192
6  5  2  8 
0.117101
7   4   1  11   8 
0.396046
9  3  6  5  2  8 
0.026517
9   7   4   1  11   8 
0.026517
10   3   6   5   2   8 
0.147163
11   8 
0.296729
1  4  7  9 
0.002542
2  5  6  3  9 
0.035720
3  9 
0.035431
4  7  9 
0.004003
5  6  3  9 
0.007769
6  3  9 
0.004375
7  9 
0.035154
8  2  5  6  3  9 
0.030872
8  11   1   4   7   9 
0.030872
10   9 
0.014043
11   1   4   7   9 
0.013359
1   4   6   3  10 
0.024196
1   4   7   9  10 
0.024196
1   5   6   3  10 
0.041988
2   5   6   3  10 
0.381449
3  10 
0.033093
4   6   3  10 
0.004818
4   7   9  10 
0.004818
5   6   3  10 
0.023893
6   3  10 
0.017161
7   9  10 
0.139931
8   2   5   6   3  10 
0.119494
9  10 
0.017444
11   1   4   6   3  10 
0.011984
11   1   4   7   9  10 
0.011984
11   1   5   6   3  10 
0.011984
1  11 
0.767681
2   8  11 
0.364367
3   6   4   1  11 
0.092714
3   6   5   1  11 
0.092714
4   1  11 
0.097403
5   1  11 
0.243365
6   4   1  11 
0.029593
6   5   1  11 
0.029593
7   4   1  11 
0.341525
8  11 
0.661682
9   7   4   1  11 
0.029357
10   3   6   4   1  11 
0.061501
10   3   6   5   1  11 
0.061501
10   9   7   4   1  11 
0.061501
