2 1 0.249353 0.050198 * 2  5  1  0 
2 1 0.357172 0.005671 * 2   8  11   1 
3 1 0.357733 0.006027 * 3  6  4  1 
3 1 0.332948 0.004134 * 3  6  5  1 
4 1 0.123341 0.087509 * 4  1 
5 1 0.108780 0.087355 * 5  1 
6 1 0.244390 0.012269 * 6  4  1 
6 1 0.219605 0.008416 * 6  5  1 
7 1 0.243723 0.091118 * 7  4  1 
8 1 0.239320 0.095064 * 8  11   1 
9 1 0.460249 0.008149 * 9  3  6  4  1 
9 1 0.435464 0.008149 * 9  3  6  5  1 
9 1 0.346888 0.003947 * 9  7  4  1  0 
10 1 0.464441 0.020525 * 10   3   6   4   1   0 
10 1 0.439656 0.019614 * 10   3   6   5   1   0 
10 1 0.562054 0.010803 * 10   9   3   6   4   1 
10 1 0.537269 0.010803 * 10   9   3   6   5   1 
10 1 0.448693 0.006555 * 10   9   7   4   1   0 
11 1 0.119603 0.413072 * 11   1 
1 2 0.222181 0.029269 * 1  5  2  0 
1 2 0.352034 0.029269 * 1  11   8   2 
3 2 0.337224 0.085631 * 3  6  5  2 
4 2 0.345522 0.009002 * 4  1  5  2  0 
4 2 0.475375 0.009002 * 4   1  11   8   2 
4 2 0.325070 0.003284 * 4  6  5  2  0 
5 2 0.113056 0.136068 * 5  2 
6 2 0.223881 0.047459 * 6  5  2 
7 2 0.465903 0.027160 * 7  4  1  5  2  0 
7 2 0.595757 0.027160 * 7   4   1  11   8   2 
7 2 0.445451 0.009914 * 7  4  6  5  2  0 
7 2 0.542502 0.005245 * 7  9  3  6  5  2 
8 2 0.104686 0.047721 * 8  2 
9 2 0.439741 0.013222 * 9  3  6  5  2 
10 2 0.443933 0.033787 * 10   3   6   5   2   0 
10 2 0.541546 0.011980 * 10   9   3   6   5   2 
11 2 0.217377 0.042710 * 11   8   2 
1 3 0.330719 0.010483 * 1  4  6  3  0 
1 3 0.446149 0.007573 * 1  4  7  9  3 
1 3 0.358598 0.016565 * 1  5  6  3  0 
2 3 0.390047 0.251738 * 2  5  6  3 
4 3 0.216395 0.014501 * 4  6  3  0 
4 3 0.331825 0.010475 * 4  7  9  3 
5 3 0.249474 0.041328 * 5  6  3 
6 3 0.115207 0.070745 * 6  3 
7 3 0.205277 0.063572 * 7  9  3 
8 3 0.494733 0.020500 * 8  2  5  6  3  0  0 
8 3 0.570038 0.012151 * 8  11   1   4   6   3   0 
8 3 0.685469 0.012151 * 8  11   1   4   7   9   3 
8 3 0.597918 0.012151 * 8  11   1   5   6   3   0 
9 3 0.102516 0.070679 * 9  3 
10 3 0.204321 0.019643 * 10   9   3 
10 3 0.106708 0.055398 * 10   3   0 
11 3 0.450322 0.020466 * 11   1   4   6   3   0 
11 3 0.565752 0.014784 * 11   1   4   7   9   3 
11 3 0.478202 0.032339 * 11   1   5   6   3   0 
1 4 0.114324 0.016864 * 1  4 
2 4 0.363677 0.033854 * 2  5  1  4  0 
2 4 0.395890 0.084022 * 2  5  6  4  0 
2 4 0.471496 0.002753 * 2   8  11   1   4 
3 4 0.234392 0.010975 * 3  6  4  0 
3 4 0.325337 0.000953 * 3  9  7  4 
5 4 0.223103 0.013063 * 5  1  4 
5 4 0.255316 0.032422 * 5  6  4 
6 4 0.121049 0.010648 * 6  4 
7 4 0.120382 0.575685 * 7  4 
8 4 0.353643 0.043619 * 8  11   1   4 
9 4 0.223547 0.005231 * 9  7  4 
10 4 0.341101 0.028298 * 10   3   6   4   0 
10 4 0.432045 0.003136 * 10   3   9   7   4 
10 4 0.325352 0.007539 * 10   9   7   4   0 
11 4 0.233927 0.021171 * 11   1   4 
1 5 0.109124 0.084893 * 1  5 
2 5 0.140574 0.590403 * 2  5 
3 5 0.224168 0.057567 * 3  6  5 
4 5 0.232465 0.019232 * 4  1  5 
4 5 0.212013 0.014033 * 4  6  5 
6 5 0.110825 0.060044 * 6  5 
7 5 0.352847 0.057671 * 7  4  1  5  0 
7 5 0.332395 0.042081 * 7  4  6  5  0 
7 5 0.429445 0.022431 * 7  9  3  6  5 
8 5 0.245259 0.083159 * 8  2  5  0 
8 5 0.348444 0.028357 * 8  11   1   5 
9 5 0.326684 0.044371 * 9  3  6  5 
10 5 0.330876 0.036811 * 10   3   6   5   0 
10 5 0.428489 0.013052 * 10   9   3   6   5 
11 5 0.228728 0.206253 * 11   1   5 
1 6 0.215512 0.004227 * 1  4  6 
1 6 0.243392 0.009862 * 1  5  6 
2 6 0.274841 0.195611 * 2  5  6 
3 6 0.113343 0.024035 * 3  6 
4 6 0.101188 0.018244 * 4  6 
5 6 0.134267 0.153148 * 5  6 
7 6 0.221570 0.017189 * 7  4  6  0 
7 6 0.318620 0.012417 * 7  9  3  6 
8 6 0.379527 0.032101 * 8  2  5  6  0 
8 6 0.454832 0.015638 * 8  11   1   4   6 
8 6 0.482711 0.015638 * 8  11   1   5   6 
9 6 0.215859 0.004540 * 9  3  6 
10 6 0.220051 0.019288 * 10   3   6   0 
10 6 0.317664 0.006839 * 10   9   3   6 
11 6 0.335115 0.014123 * 11   1   4   6 
11 6 0.362995 0.032951 * 11   1   5   6 
1 7 0.240872 0.072935 * 1  4  7 
2 7 0.490225 0.220911 * 2  5  1  4  7  0 
2 7 0.595002 0.050934 * 2  5  6  3  9  7 
2 7 0.522438 0.586756 * 2  5  6  4  7  0 
2 7 0.598044 0.018268 * 2   8  11   1   4   7 
3 7 0.204955 0.045566 * 3  9  7 
4 7 0.126548 0.064615 * 4  7 
5 7 0.349651 0.080182 * 5  1  4  7  0 
5 7 0.454429 0.018487 * 5  6  3  9  7 
5 7 0.381864 0.212970 * 5  6  4  7  0 
6 7 0.320161 0.004754 * 6  3  9  7 
6 7 0.247597 0.054762 * 6  4  7  0 
8 7 0.480191 0.357162 * 8  11   1   4   7 
9 7 0.103165 0.048389 * 9  7 
10 7 0.311663 0.037497 * 10   3   9   7 
10 7 0.204970 0.125066 * 10   9   7   0 
11 7 0.360475 0.329894 * 11   1   4   7 
1 8 0.340034 0.035751 * 1  5  2  8 
1 8 0.247348 0.157313 * 1  11   8   0 
2 8 0.117853 0.434937 * 2  8 
3 8 0.455077 0.106925 * 3  6  5  2  8 
4 8 0.463374 0.030963 * 4  1  5  2  8 
4 8 0.370689 0.127650 * 4   1  11   8   0 
4 8 0.442922 0.017248 * 4  6  5  2  8 
5 8 0.230909 0.266903 * 5  2  8 
6 8 0.341734 0.116670 * 6  5  2  8 
7 8 0.583756 0.081267 * 7  4  1  5  2  8 
7 8 0.491071 0.285730 * 7   4   1  11   8   0 
7 8 0.563304 0.045270 * 7  4  6  5  2  8 
9 8 0.557593 0.003369 * 9  3  6  5  2  8  0 
9 8 0.686921 0.016863 * 9  7  4  1  5  2  8 
9 8 0.594236 0.016863 * 9   7   4   1  11   8   0 
9 8 0.666469 0.011924 * 9  7  4  6  5  2  8 
10 8 0.561785 0.017882 * 10   3   6   5   2   8   0   0 
10 8 0.659398 0.009654 * 10   9   3   6   5   2   8   0 
10 8 0.788726 0.038078 * 10   9   7   4   1   5   2   8 
10 8 0.696041 0.038078 * 10   9   7   4   1  11   8   0 
10 8 0.768274 0.034170 * 10   9   7   4   6   5   2   8 
11 8 0.112691 0.302166 * 11   8 
1 9 0.432509 0.000230 * 1  4  6  3  9 
1 9 0.343633 0.001561 * 1  4  7  9  0 
2 9 0.681862 0.004866 * 2  5  1  4  6  3  9 
2 9 0.592986 0.023517 * 2  5  1  4  7  9  0 
2 9 0.491837 0.010262 * 2  5  6  3  9  0  0 
3 9 0.101790 0.068497 * 3  9 
4 9 0.318185 0.000587 * 4  6  3  9 
4 9 0.229309 0.003987 * 4  7  9  0 
5 9 0.541288 0.001013 * 5  1  4  6  3  9 
5 9 0.452412 0.004894 * 5  1  4  7  9  0 
5 9 0.351264 0.002136 * 5  6  3  9  0  0 
6 9 0.216997 0.004760 * 6  3  9 
7 9 0.102761 0.039093 * 7  9 
8 9 0.786548 0.002853 * 8  2  5  1  4  6  3  9 
8 9 0.697672 0.002853 * 8  2  5  1  4  7  9  0 
8 9 0.596523 0.002853 * 8  2  5  6  3  9  0  0 
8 9 0.671828 0.000987 * 8  11   1   4   6   3   9   0 
8 9 0.582953 0.000987 * 8  11   1   4   7   9   0   0 
10 9 0.208498 0.002963 * 10   3   9 
10 9 0.101805 0.009884 * 10   9   0 
11 9 0.552112 0.004503 * 11   1   4   6   3   9 
11 9 0.463236 0.009689 * 11   1   4   7   9   0 
1 10 0.534164 0.012944 * 1   4   6   3   9  10 
1 10 0.438739 0.012944 * 1   4   6   3  10   0 
1 10 0.445288 0.014761 * 1   4   7   9  10   0 
1 10 0.562044 0.026821 * 1   5   6   3   9  10 
1 10 0.466619 0.026821 * 1   5   6   3  10   0 
2 10 0.593493 0.079446 * 2   5   6   3   9  10 
2 10 0.498068 0.322569 * 2   5   6   3  10   0 
3 10 0.203445 0.005135 * 3   9  10 
3 10 0.108020 0.025460 * 3  10   0 
4 10 0.419840 0.003480 * 4   6   3   9  10 
4 10 0.324416 0.003480 * 4   6   3  10   0 
4 10 0.330965 0.003969 * 4   7   9  10   0 
5 10 0.452919 0.004934 * 5   6   3   9  10 
5 10 0.357494 0.024462 * 5   6   3  10   0 
6 10 0.318652 0.003412 * 6   3   9  10 
6 10 0.223227 0.016916 * 6   3  10   0 
7 10 0.204417 0.142531 * 7   9  10 
8 10 0.698179 0.021935 * 8   2   5   6   3   9  10   0 
8 10 0.602754 0.021935 * 8   2   5   6   3  10   0   0 
8 10 0.773484 0.014333 * 8  11   1   4   6   3   9  10 
8 10 0.678059 0.014333 * 8  11   1   4   6   3  10   0 
8 10 0.684608 0.014342 * 8  11   1   4   7   9  10   0 
8 10 0.801364 0.014342 * 8  11   1   5   6   3   9  10 
8 10 0.705939 0.014342 * 8  11   1   5   6   3  10   0 
9 10 0.101656 0.017882 * 9  10 
11 10 0.653768 0.005956 * 11   1   4   6   3   9  10 
11 10 0.558343 0.005956 * 11   1   4   6   3  10   0 
11 10 0.564892 0.006792 * 11   1   4   7   9  10   0 
11 10 0.681647 0.011364 * 11   1   5   6   3   9  10 
11 10 0.586222 0.011364 * 11   1   5   6   3  10   0 
1 11 0.134658 0.574721 * 1  11 
2 11 0.237569 0.402471 * 2   8  11 
3 11 0.492391 0.113400 * 3   6   4   1  11   0 
3 11 0.467605 0.086571 * 3   6   5   1  11   0 
3 11 0.574794 0.019114 * 3   6   5   2   8  11 
4 11 0.257998 0.091464 * 4   1  11 
5 11 0.243437 0.231116 * 5   1  11   0 
5 11 0.350625 0.026111 * 5   2   8  11 
6 11 0.379047 0.052361 * 6   4   1  11   0 
6 11 0.354262 0.039973 * 6   5   1  11   0 
6 11 0.461450 0.008826 * 6   5   2   8  11 
7 11 0.378380 0.335795 * 7   4   1  11 
8 11 0.119716 0.746101 * 8  11 
9 11 0.594907 0.006697 * 9   3   6   4   1  11   0 
9 11 0.570121 0.006697 * 9   3   6   5   1  11   0 
9 11 0.677310 0.005431 * 9   3   6   5   2   8  11 
9 11 0.481545 0.003101 * 9   7   4   1  11   0   0 
10 11 0.599099 0.048562 * 10   3   6   4   1  11   0   0 
10 11 0.574314 0.048562 * 10   3   6   5   1  11   0   0 
10 11 0.681502 0.018655 * 10   3   6   5   2   8  11   0 
10 11 0.696712 0.023003 * 10   9   3   6   4   1  11   0 
10 11 0.671926 0.023003 * 10   9   3   6   5   1  11   0 
10 11 0.779115 0.018655 * 10   9   3   6   5   2   8  11 
10 11 0.583350 0.010652 * 10   9   7   4   1  11   0   0 
