2 1 2 0.106958 * 2  5  1 
3 1 3 0.014272 * 3  6  4  1 
3 1 3 0.014272 * 3  6  5  1 
4 1 1 0.074058 * 4  1 
5 1 1 0.100417 * 5  1 
6 1 2 0.011137 * 6  4  1 
6 1 2 0.011137 * 6  5  1 
7 1 2 0.110793 * 7  4  1 
8 1 2 0.083568 * 8  11   1 
9 1 3 0.018078 * 9  7  4  1 
10 1 4 0.013404 * 10   3   6   4   1 
10 1 4 0.013404 * 10   3   6   5   1 
10 1 4 0.013404 * 10   9   7   4   1 
11 1 1 0.433868 * 11   1 
1 2 2 0.105018 * 1  5  2 
3 2 3 0.085867 * 3  6  5  2 
4 2 3 0.016959 * 4  1  5  2 
4 2 3 0.016959 * 4  6  5  2 
5 2 1 0.149935 * 5  2 
6 2 2 0.068835 * 6  5  2 
7 2 4 0.080248 * 7  4  1  5  2 
7 2 4 0.080248 * 7  4  6  5  2 
8 2 1 0.039442 * 8  2 
9 2 4 0.012847 * 9  3  6  5  2 
10 2 4 0.042331 * 10   3   6   5   2 
11 2 2 0.103470 * 11   8   2 
1 3 3 0.022336 * 1  4  6  3 
1 3 3 0.022336 * 1  5  6  3 
2 3 3 0.228851 * 2  5  6  3 
4 3 2 0.030424 * 4  6  3 
5 3 2 0.045590 * 5  6  3 
6 3 1 0.058489 * 6  3 
7 3 2 0.120681 * 7  9  3 
8 3 4 0.057703 * 8  2  5  6  3 
9 3 1 0.086750 * 9  3 
10 3 1 0.088905 * 10   3 
11 3 4 0.063501 * 11   1   4   6   3 
11 3 4 0.063501 * 11   1   5   6   3 
1 4 1 0.042411 * 1  4 
2 4 3 0.071126 * 2  5  1  4 
2 4 3 0.071126 * 2  5  6  4 
3 4 2 0.013945 * 3  6  4 
5 4 2 0.018171 * 5  1  4 
5 4 2 0.018171 * 5  6  4 
6 4 1 0.024101 * 6  4 
7 4 1 0.516517 * 7  4 
8 4 3 0.020628 * 8  11   1   4 
9 4 2 0.016291 * 9  7  4 
10 4 3 0.016016 * 10   3   6   4 
10 4 3 0.016016 * 10   9   7   4 
11 4 2 0.025022 * 11   1   4 
1 5 1 0.068376 * 1  5 
2 5 1 0.544955 * 2  5 
3 5 2 0.045525 * 3  6  5 
4 5 2 0.020185 * 4  1  5 
4 5 2 0.020185 * 4  6  5 
6 5 1 0.066347 * 6  5 
7 5 3 0.044897 * 7  4  1  5 
7 5 3 0.044897 * 7  4  6  5 
8 5 2 0.119282 * 8  2  5 
9 5 3 0.027591 * 9  3  6  5 
10 5 3 0.049055 * 10   3   6   5 
11 5 2 0.192273 * 11   1   5 
1 6 2 0.011613 * 1  4  6 
1 6 2 0.011613 * 1  5  6 
2 6 2 0.231785 * 2  5  6 
3 6 1 0.052600 * 3  6 
4 6 1 0.021552 * 4  6 
5 6 1 0.059473 * 5  6 
7 6 2 0.069812 * 7  4  6 
8 6 3 0.068497 * 8  2  5  6 
9 6 2 0.007386 * 9  3  6 
10 6 2 0.022078 * 10   3   6 
11 6 3 0.032501 * 11   1   4   6 
11 6 3 0.032501 * 11   1   5   6 
1 7 2 0.075888 * 1  4  7 
2 7 4 0.348779 * 2  5  1  4  7 
2 7 4 0.348779 * 2  5  6  4  7 
3 7 2 0.048029 * 3  9  7 
4 7 1 0.310322 * 4  7 
5 7 3 0.135393 * 5  1  4  7 
5 7 3 0.135393 * 5  6  4  7 
6 7 2 0.092266 * 6  4  7 
8 7 4 0.325000 * 8  11   1   4   7 
9 7 1 0.031018 * 9  7 
10 7 2 0.178642 * 10   9   7 
11 7 3 0.350389 * 11   1   4   7 
1 8 2 0.168636 * 1  11   8 
2 8 1 0.348772 * 2  8 
3 8 4 0.108917 * 3  6  5  2  8 
4 8 3 0.194282 * 4   1  11   8 
5 8 2 0.281705 * 5  2  8 
6 8 3 0.150979 * 6  5  2  8 
7 8 4 0.433742 * 7   4   1  11   8 
9 8 5 0.031185 * 9  3  6  5  2  8 
9 8 5 0.031185 * 9   7   4   1  11   8 
10 8 5 0.155929 * 10   3   6   5   2   8 
11 8 1 0.350571 * 11   8 
1 9 3 0.004502 * 1  4  7  9 
2 9 4 0.034064 * 2  5  6  3  9 
3 9 1 0.075657 * 3  9 
4 9 2 0.008829 * 4  7  9 
5 9 3 0.013652 * 5  6  3  9 
6 9 2 0.006441 * 6  3  9 
7 9 1 0.072205 * 7  9 
8 9 5 0.005036 * 8  2  5  6  3  9 
8 9 5 0.005036 * 8  11   1   4   7   9 
10 9 1 0.009270 * 10   9 
11 9 4 0.014855 * 11   1   4   7   9 
1 10 4 0.023707 * 1   4   6   3  10 
1 10 4 0.023707 * 1   4   7   9  10 
1 10 4 0.039190 * 1   5   6   3  10 
2 10 4 0.329248 * 2   5   6   3  10 
3 10 1 0.033593 * 3  10 
4 10 3 0.007146 * 4   6   3  10 
4 10 3 0.007146 * 4   7   9  10 
5 10 3 0.035306 * 5   6   3  10 
6 10 2 0.026616 * 6   3  10 
7 10 2 0.142114 * 7   9  10 
8 10 5 0.082603 * 8   2   5   6   3  10 
9 10 1 0.026716 * 9  10 
11 10 5 0.015485 * 11   1   4   6   3  10 
11 10 5 0.015485 * 11   1   4   7   9  10 
11 10 5 0.018648 * 11   1   5   6   3  10 
1 11 1 0.673658 * 1  11 
2 11 2 0.402548 * 2   8  11 
3 11 4 0.094465 * 3   6   4   1  11 
3 11 4 0.094465 * 3   6   5   1  11 
4 11 2 0.331982 * 4   1  11 
5 11 2 0.244740 * 5   1  11 
6 11 3 0.054297 * 6   4   1  11 
6 11 3 0.054297 * 6   5   1  11 
7 11 3 0.374669 * 7   4   1  11 
8 11 1 0.892394 * 8  11 
9 11 4 0.035263 * 9   7   4   1  11 
10 11 5 0.084324 * 10   3   6   4   1  11 
10 11 5 0.084324 * 10   3   6   5   1  11 
10 11 5 0.084324 * 10   9   7   4   1  11 
