2 1 2 0.079718 * 2  5  1 
3 1 3 0.009295 * 3  6  4  1 
3 1 3 0.009295 * 3  6  5  1 
4 1 1 0.021141 * 4  1 
5 1 1 0.120528 * 5  1 
6 1 2 0.009967 * 6  4  1 
6 1 2 0.009967 * 6  5  1 
7 1 2 0.107182 * 7  4  1 
8 1 2 0.058195 * 8  11   1 
9 1 3 0.014101 * 9  7  4  1 
10 1 4 0.017015 * 10   3   6   4   1 
10 1 4 0.017015 * 10   3   6   5   1 
10 1 4 0.017015 * 10   9   7   4   1 
11 1 1 0.455242 * 11   1 
1 2 2 0.078198 * 1  5  2 
3 2 3 0.095188 * 3  6  5  2 
4 2 3 0.058606 * 4  1  5  2 
4 2 3 0.058606 * 4  6  5  2 
5 2 1 0.150067 * 5  2 
6 2 2 0.051833 * 6  5  2 
7 2 4 0.043894 * 7  4  1  5  2 
7 2 4 0.043894 * 7  4  6  5  2 
8 2 1 0.027770 * 8  2 
9 2 4 0.009555 * 9  3  6  5  2 
10 2 4 0.044162 * 10   3   6   5   2 
11 2 2 0.052362 * 11   8   2 
1 3 3 0.020940 * 1  4  6  3 
1 3 3 0.020940 * 1  5  6  3 
2 3 3 0.252264 * 2  5  6  3 
4 3 2 0.025679 * 4  6  3 
5 3 2 0.037259 * 5  6  3 
6 3 1 0.087776 * 6  3 
7 3 2 0.054584 * 7  9  3 
8 3 4 0.041402 * 8  2  5  6  3 
9 3 1 0.083477 * 9  3 
10 3 1 0.076885 * 10   3 
11 3 4 0.064380 * 11   1   4   6   3 
11 3 4 0.064380 * 11   1   5   6   3 
1 4 1 0.020412 * 1  4 
2 4 3 0.060804 * 2  5  1  4 
2 4 3 0.060804 * 2  5  6  4 
3 4 2 0.015761 * 3  6  4 
5 4 2 0.022278 * 5  1  4 
5 4 2 0.022278 * 5  6  4 
6 4 1 0.009130 * 6  4 
7 4 1 0.519666 * 7  4 
8 4 3 0.030500 * 8  11   1   4 
9 4 2 0.009773 * 9  7  4 
10 4 3 0.010123 * 10   3   6   4 
10 4 3 0.010123 * 10   9   7   4 
11 4 2 0.025413 * 11   1   4 
1 5 1 0.075619 * 1  5 
2 5 1 0.533988 * 2  5 
3 5 2 0.061522 * 3  6  5 
4 5 2 0.023166 * 4  1  5 
4 5 2 0.023166 * 4  6  5 
6 5 1 0.054304 * 6  5 
7 5 3 0.042706 * 7  4  1  5 
7 5 3 0.042706 * 7  4  6  5 
8 5 2 0.132379 * 8  2  5 
9 5 3 0.032184 * 9  3  6  5 
10 5 3 0.080145 * 10   3   6   5 
11 5 2 0.196062 * 11   1   5 
1 6 2 0.015520 * 1  4  6 
1 6 2 0.015520 * 1  5  6 
2 6 2 0.202396 * 2  5  6 
3 6 1 0.026559 * 3  6 
4 6 1 0.019293 * 4  6 
5 6 1 0.127614 * 5  6 
7 6 2 0.034022 * 7  4  6 
8 6 3 0.057584 * 8  2  5  6 
9 6 2 0.003862 * 9  3  6 
10 6 2 0.029523 * 10   3   6 
11 6 3 0.022108 * 11   1   4   6 
11 6 3 0.022108 * 11   1   5   6 
1 7 2 0.060424 * 1  4  7 
2 7 4 0.384548 * 2  5  1  4  7 
2 7 4 0.384548 * 2  5  6  4  7 
3 7 2 0.038402 * 3  9  7 
4 7 1 0.317337 * 4  7 
5 7 3 0.103549 * 5  1  4  7 
5 7 3 0.103549 * 5  6  4  7 
6 7 2 0.068747 * 6  4  7 
8 7 4 0.307404 * 8  11   1   4   7 
9 7 1 0.059561 * 9  7 
10 7 2 0.151087 * 10   9   7 
11 7 3 0.440918 * 11   1   4   7 
1 8 2 0.155954 * 1  11   8 
2 8 1 0.360639 * 2  8 
3 8 4 0.109455 * 3  6  5  2  8 
4 8 3 0.163600 * 4   1  11   8 
5 8 2 0.246747 * 5  2  8 
6 8 3 0.113801 * 6  5  2  8 
7 8 4 0.355752 * 7   4   1  11   8 
9 8 5 0.026542 * 9  3  6  5  2  8 
9 8 5 0.026542 * 9   7   4   1  11   8 
10 8 5 0.137742 * 10   3   6   5   2   8 
11 8 1 0.342652 * 11   8 
1 9 3 0.002702 * 1  4  7  9 
2 9 4 0.034470 * 2  5  6  3  9 
3 9 1 0.093397 * 3  9 
4 9 2 0.005885 * 4  7  9 
5 9 3 0.014185 * 5  6  3  9 
6 9 2 0.003569 * 6  3  9 
7 9 1 0.044596 * 7  9 
8 9 5 0.005832 * 8  2  5  6  3  9 
8 9 5 0.005832 * 8  11   1   4   7   9 
10 9 1 0.025239 * 10   9 
11 9 4 0.010048 * 11   1   4   7   9 
1 10 4 0.011461 * 1   4   6   3  10 
1 10 4 0.011461 * 1   4   7   9  10 
1 10 4 0.019284 * 1   5   6   3  10 
2 10 4 0.381727 * 2   5   6   3  10 
3 10 1 0.033786 * 3  10 
4 10 3 0.004695 * 4   6   3  10 
4 10 3 0.004695 * 4   7   9  10 
5 10 3 0.024888 * 5   6   3  10 
6 10 2 0.018907 * 6   3  10 
7 10 2 0.126724 * 7   9  10 
8 10 5 0.110700 * 8   2   5   6   3  10 
9 10 1 0.020541 * 9  10 
11 10 5 0.015570 * 11   1   4   6   3  10 
11 10 5 0.015570 * 11   1   4   7   9  10 
11 10 5 0.026197 * 11   1   5   6   3  10 
1 11 1 0.505812 * 1  11 
2 11 2 0.407226 * 2   8  11 
3 11 4 0.088534 * 3   6   4   1  11 
3 11 4 0.088534 * 3   6   5   1  11 
4 11 2 0.091831 * 4   1  11 
5 11 2 0.226356 * 5   1  11 
6 11 3 0.035056 * 6   4   1  11 
6 11 3 0.035056 * 6   5   1  11 
7 11 3 0.346473 * 7   4   1  11 
8 11 1 0.753386 * 8  11 
9 11 4 0.016040 * 9   7   4   1  11 
10 11 5 0.067620 * 10   3   6   4   1  11 
10 11 5 0.067620 * 10   3   6   5   1  11 
10 11 5 0.067620 * 10   9   7   4   1  11 
