2  5  1  0 
0.060556
2   8  11   1 
0.006301
3  6  4  1 
0.015484
3  6  5  1 
0.009828
4  1 
0.011122
5  1 
0.109886
6  4  1 
0.008392
6  5  1 
0.005326
7  4  1 
0.097947
8  11   1 
0.076725
9  3  6  4  1 
0.007690
9  3  6  5  1 
0.007690
9  7  4  1  0 
0.002755
10   3   6   4   1   0 
0.019591
10   3   6   5   1   0 
0.018293
10   9   3   6   4   1 
0.003195
10   9   3   6   5   1 
0.003195
10   9   7   4   1   0 
0.003142
11   1 
0.472691
1  5  2  0 
0.023132
1  11   8   2 
0.023132
3  6  5  2 
0.065750
4  1  5  2  0 
0.025058
4   1  11   8   2 
0.025058
4  6  5  2  0 
0.011809
5  2 
0.114659
6  5  2 
0.059238
7  4  1  5  2  0 
0.038787
7   4   1  11   8   2 
0.038787
7  4  6  5  2  0 
0.018280
7  9  3  6  5  2 
0.011232
8  2 
0.046038
9  3  6  5  2 
0.016293
10   3   6   5   2   0 
0.047788
10   9   3   6   5   2 
0.005738
11   8   2 
0.060374
1  4  6  3  0 
0.009770
1  4  7  9  3 
0.010401
1  5  6  3  0 
0.014787
2  5  6  3 
0.285000
4  6  3  0 
0.013760
4  7  9  3 
0.014650
5  6  3 
0.036801
6  3 
0.063304
7  9  3 
0.028529
8  2  5  6  3  0  0 
0.016033
8  11   1   4   6   3   0 
0.012966
8  11   1   4   7   9   3 
0.012966
8  11   1   5   6   3   0 
0.012966
9  3 
0.056217
10   9   3 
0.006643
10   3   0 
0.055329
11   1   4   6   3   0 
0.014246
11   1   4   7   9   3 
0.015168
11   1   5   6   3   0 
0.021562
1  4 
0.020068
2  5  1  4  0 
0.052434
2  5  6  4  0 
0.129785
2   8  11   1   4 
0.004611
3  6  4  0 
0.011024
3  9  7  4 
0.002124
5  1  4 
0.009560
5  6  4 
0.023664
6  4 
0.007936
7  4 
0.535544
8  11   1   4 
0.041344
9  7  4 
0.004137
10   3   6   4   0 
0.007280
10   3   9   7   4 
0.002743
10   9   7   4   0 
0.000429
11   1   4 
0.025649
1  5 
0.072150
2  5 
0.672101
3  6  5 
0.047968
4  1  5 
0.015861
4  6  5 
0.010628
6  5 
0.095304
7  4  1  5  0 
0.045887
7  4  6  5  0 
0.030747
7  9  3  6  5 
0.023782
8  2  5  0 
0.083498
8  11   1   5 
0.035907
9  3  6  5 
0.040341
10   3   6   5   0 
0.048086
10   9   3   6   5 
0.005774
11   1   5 
0.162693
1  4  6 
0.012120
1  5  6 
0.028416
2  5  6 
0.188838
3  6 
0.016745
4  6 
0.019840
5  6 
0.088707
7  4  6  0 
0.017154
7  9  3  6 
0.018264
8  2  5  6  0 
0.027815
8  11   1   4   6 
0.017063
8  11   1   5   6 
0.017063
9  3  6 
0.003869
10   3   6   0 
0.021234
10   9   3   6 
0.002550
11   1   4   6 
0.016349
11   1   5   6 
0.035575
1  4  7 
0.082665
2  5  1  4  7  0  0 
0.171776
2  5  6  3  9  7  0 
0.105617
2   5   6   3  10   9   7 
0.038554
2  5  6  4  7  0  0 
0.450747
2   8  11   1   4   7   0 
0.014275
3  9  7  0 
0.025263
3  10   9   7 
0.009222
4  7 
0.055427
5  1  4  7  0  0 
0.043004
5  6  3  9  7  0 
0.026441
5   6   3  10   9   7 
0.009652
5  6  4  7  0  0 
0.112843
6  3  9  7  0 
0.007712
6   3  10   9   7 
0.002815
6  4  7  0  0 
0.032914
8  11   1   4   7 
0.265540
9  7 
0.052457
10   9   7 
0.126020
11   1   4   7 
0.338461
1  5  2  8 
0.035388
1  11   8   0 
0.164402
2  8 
0.359722
3  6  5  2  8 
0.077607
4  1  5  2  8 
0.033484
4   1  11   8   0 
0.141083
4  6  5  2  8 
0.016744
5  2  8 
0.287820
6  5  2  8 
0.091352
7  4  1  5  2  8 
0.078283
7   4   1  11   8   0 
0.261618
7  4  6  5  2  8 
0.039147
9  3  6  5  2  8  0 
0.002249
9  7  4  1  5  2  8 
0.011661
9   7   4   1  11   8   0 
0.011661
9  7  4  6  5  2  8 
0.009337
10   3   6   5   2   8   0   0 
0.047497
10   9   3   6   5   2   8   0 
0.008588
10   9   7   4   1   5   2   8 
0.035275
10   9   7   4   1  11   8   0 
0.035275
10   9   7   4   6   5   2   8 
0.035275
11   8 
0.377664
1   4   6   3  10   9 
0.001113
1  4  6  3  9  0 
0.001113
1  4  7  9  0  0 
0.002639
2   5   1   4   6   3  10   9 
0.005266
2  5  1  4  6  3  9  0 
0.005266
2  5  1  4  7  9  0  0 
0.009599
2   5   6   3  10   9   0   0 
0.009365
2  5  6  3  9  0  0  0 
0.009599
3  10   9 
0.024703
3  9  0 
0.067673
4   6   3  10   9 
0.001457
4  6  3  9  0 
0.001457
4  7  9  0  0 
0.003456
5   1   4   6   3  10   9 
0.008477
5  1  4  6  3  9  0 
0.008477
5  1  4  7  9  0  0 
0.020101
5   6   3  10   9   0   0 
0.015074
5  6  3  9  0  0  0 
0.016623
6   3  10   9 
0.001256
6  3  9  0 
0.002185
7  9 
0.043825
8   2   5   1   4   6   3  10   9 
0.001804
8  2  5  1  4  6  3  9  0 
0.001804
8  2  5  1  4  7  9  0  0 
0.001804
8   2   5   6   3  10   9   0   0 
0.001804
8  2  5  6  3  9  0  0  0 
0.001804
8  11   1   4   6   3  10   9   0 
0.000489
8  11   1   4   6   3   9   0   0 
0.000489
8  11   1   4   7   9   0   0   0 
0.000489
10   9 
0.015880
11   1   4   6   3  10   9 
0.002979
11   1   4   6   3   9   0 
0.002979
11   1   4   7   9   0   0 
0.002979
1   4   6   3   9  10 
0.011504
1   4   6   3  10   0 
0.011504
1   4   7   9  10   0 
0.009217
1   5   6   3   9  10 
0.023580
1   5   6   3  10   0 
0.023580
2   5   6   3   9  10 
0.107021
2   5   6   3  10   0 
0.302097
3   9  10 
0.006146
3  10   0 
0.018686
4   6   3   9  10 
0.003539
4   6   3  10   0 
0.003539
4   7   9  10   0 
0.002835
5   6   3   9  10 
0.006416
5   6   3  10   0 
0.019504
6   3   9  10 
0.004539
6   3  10   0 
0.013800
7   9  10 
0.109329
8   2   5   6   3   9  10   0 
0.019170
8   2   5   6   3  10   0   0 
0.019170
8  11   1   4   6   3   9  10 
0.013879
8  11   1   4   6   3  10   0 
0.013879
8  11   1   4   7   9  10   0 
0.011119
8  11   1   5   6   3   9  10 
0.014577
8  11   1   5   6   3  10   0 
0.014577
9  10 
0.013040
11   1   4   6   3   9  10 
0.005172
11   1   4   6   3  10   0 
0.005172
11   1   4   7   9  10   0 
0.004144
11   1   5   6   3   9  10 
0.009359
11   1   5   6   3  10   0 
0.009359
1  11 
0.743638
2   8  11 
0.383307
3   6   4   1  11   0 
0.150604
3   6   5   1  11   0 
0.105534
3   6   5   2   8  11 
0.022105
4   1  11 
0.176394
5   1  11   0 
0.248287
5   2   8  11 
0.025833
6   4   1  11   0 
0.031907
6   5   1  11   0 
0.022359
6   5   2   8  11 
0.004683
7   4   1  11 
0.322788
8  11 
0.625201
9   3   6   4   1  11   0 
0.010131
9   3   6   5   1  11   0 
0.010131
9   3   6   5   2   8  11 
0.010131
9   7   4   1  11   0   0 
0.003489
10   3   6   4   1  11   0   0 
0.065700
10   3   6   5   1  11   0   0 
0.065700
10   3   6   5   2   8  11   0 
0.019014
10   9   3   6   4   1  11   0 
0.010606
10   9   3   6   5   1  11   0 
0.010606
10   9   3   6   5   2   8  11 
0.010606
10   9   7   4   1  11   0   0 
0.006231
