2 1 0.249126 0.061446 * 2  5  1  0 
2 1 0.354715 0.006994 * 2   8  11   1 
3 1 0.349137 0.010348 * 3  6  4  1 
3 1 0.329302 0.008167 * 3  6  5  1 
4 1 0.122139 0.082272 * 4  1 
5 1 0.108231 0.079005 * 5  1 
6 1 0.238920 0.009949 * 6  4  1 
6 1 0.219085 0.007852 * 6  5  1 
7 1 0.237897 0.098471 * 7  4  1 
8 1 0.237769 0.076110 * 8  11   1 
9 1 0.451310 0.003598 * 9  3  6  4  1 
9 1 0.431475 0.003598 * 9  3  6  5  1 
9 1 0.343583 0.004525 * 9  7  4  1  0 
10 1 0.453663 0.013688 * 10   3   6   4   1   0 
10 1 0.433828 0.013688 * 10   3   6   5   1   0 
10 1 0.555805 0.008647 * 10   9   3   6   4   1 
10 1 0.535970 0.008647 * 10   9   3   6   5   1 
10 1 0.448078 0.010874 * 10   9   7   4   1   0 
11 1 0.119529 0.451147 * 11   1 
1 2 0.222844 0.026982 * 1  5  2  0 
1 2 0.350903 0.026982 * 1  11   8   2 
3 2 0.334383 0.082329 * 3  6  5  2 
4 2 0.344983 0.013545 * 4  1  5  2  0 
4 2 0.473042 0.013545 * 4   1  11   8   2 
4 2 0.325318 0.005371 * 4  6  5  2  0 
5 2 0.113312 0.123471 * 5  2 
6 2 0.224166 0.043276 * 6  5  2 
7 2 0.460741 0.036177 * 7  4  1  5  2  0 
7 2 0.588800 0.036177 * 7   4   1  11   8   2 
7 2 0.441076 0.014345 * 7  4  6  5  2  0 
7 2 0.539057 0.007005 * 7  9  3  6  5  2 
8 2 0.105424 0.032666 * 8  2 
9 2 0.436556 0.012996 * 9  3  6  5  2 
10 2 0.438909 0.037528 * 10   3   6   5   2   0 
10 2 0.541052 0.016678 * 10   9   3   6   5   2 
11 2 0.218064 0.092122 * 11   8   2 
1 3 0.328905 0.008193 * 1  4  6  3  0 
1 3 0.440109 0.005620 * 1  4  7  9  3 
1 3 0.355366 0.016991 * 1  5  6  3  0 
2 3 0.386730 0.220333 * 2  5  6  3 
4 3 0.215741 0.009537 * 4  6  3  0 
4 3 0.326944 0.006542 * 4  7  9  3 
5 3 0.245834 0.034276 * 5  6  3 
6 3 0.114589 0.100464 * 6  3 
7 3 0.204674 0.036911 * 7  9  3 
8 3 0.492153 0.025903 * 8  2  5  6  3  0  0 
8 3 0.566674 0.012952 * 8  11   1   4   6   3   0 
8 3 0.677877 0.012952 * 8  11   1   4   7   9   3 
8 3 0.593135 0.012952 * 8  11   1   5   6   3   0 
9 3 0.102173 0.071717 * 9  3 
10 3 0.206669 0.039039 * 10   9   3 
10 3 0.104526 0.087845 * 10   3   0 
11 3 0.448434 0.018825 * 11   1   4   6   3   0 
11 3 0.559638 0.012913 * 11   1   4   7   9   3 
11 3 0.474895 0.039041 * 11   1   5   6   3   0 
1 4 0.113164 0.024984 * 1  4 
2 4 0.362290 0.064825 * 2  5  1  4  0 
2 4 0.388921 0.148651 * 2  5  6  4  0 
2 4 0.467879 0.006426 * 2   8  11   1   4 
3 4 0.226997 0.010966 * 3  6  4  0 
3 4 0.322612 0.001838 * 3  9  7  4 
5 4 0.221395 0.009570 * 5  1  4 
5 4 0.248026 0.021946 * 5  6  4 
6 4 0.116781 0.049292 * 6  4 
7 4 0.115758 0.070523 * 7  4 
8 4 0.350933 0.048360 * 8  11   1   4 
9 4 0.221443 0.005059 * 9  7  4 
10 4 0.331523 0.017844 * 10   3   6   4   0 
10 4 0.427138 0.004194 * 10   3   9   7   4 
10 4 0.325939 0.015282 * 10   9   7   4   0 
11 4 0.232693 0.020198 * 11   1   4 
1 5 0.109532 0.079074 * 1  5 
2 5 0.140895 0.600820 * 2  5 
3 5 0.221071 0.055236 * 3  6  5 
4 5 0.231671 0.019022 * 4  1  5 
4 5 0.212006 0.012325 * 4  6  5 
6 5 0.110854 0.061635 * 6  5 
7 5 0.347429 0.062109 * 7  4  1  5  0 
7 5 0.327764 0.040241 * 7  4  6  5  0 
7 5 0.425745 0.020863 * 7  9  3  6  5 
8 5 0.246319 0.103639 * 8  2  5  0 
8 5 0.347300 0.032316 * 8  11   1   5 
9 5 0.323244 0.036438 * 9  3  6  5 
10 5 0.325597 0.036271 * 10   3   6   5   0 
10 5 0.427740 0.016119 * 10   9   3   6   5 
11 5 0.229060 0.228480 * 11   1   5 
1 6 0.214316 0.004431 * 1  4  6 
1 6 0.240777 0.012375 * 1  5  6 
2 6 0.272141 0.205332 * 2  5  6 
3 6 0.110217 0.022174 * 3  6 
4 6 0.101152 0.022698 * 4  6 
5 6 0.131245 0.094712 * 5  6 
7 6 0.216910 0.020638 * 7  4  6  0 
7 6 0.314891 0.014156 * 7  9  3  6 
8 6 0.377565 0.032538 * 8  2  5  6  0 
8 6 0.452085 0.013778 * 8  11   1   4   6 
8 6 0.478546 0.013778 * 8  11   1   5   6 
9 6 0.212390 0.007188 * 9  3  6 
10 6 0.214743 0.018690 * 10   3   6   0 
10 6 0.316886 0.008306 * 10   9   3   6 
11 6 0.333845 0.014853 * 11   1   4   6 
11 6 0.360306 0.041485 * 11   1   5   6 
1 7 0.235435 0.076337 * 1  4  7 
2 7 0.484560 0.191113 * 2  5  1  4  7  0 
2 7 0.593584 0.080664 * 2  5  6  3  9  7 
2 7 0.511191 0.481179 * 2  5  6  4  7  0 
2 7 0.590149 0.017116 * 2   8  11   1   4   7 
3 7 0.206854 0.033186 * 3  9  7 
4 7 0.122270 0.045532 * 4  7 
5 7 0.343665 0.051368 * 5  1  4  7  0 
5 7 0.452689 0.021681 * 5  6  3  9  7 
5 7 0.370296 0.129334 * 5  6  4  7  0 
6 7 0.321443 0.009722 * 6  3  9  7 
6 7 0.239051 0.057994 * 6  4  7  0 
8 7 0.473203 0.344585 * 8  11   1   4   7 
9 7 0.105685 0.045576 * 9  7 
10 7 0.311381 0.021359 * 10   3   9   7 
10 7 0.210181 0.127414 * 10   9   7   0 
11 7 0.354963 0.284980 * 11   1   4   7 
1 8 0.339790 0.044896 * 1  5  2  8 
1 8 0.245479 0.155844 * 1  11   8   0 
2 8 0.116946 0.405098 * 2  8 
3 8 0.451329 0.101909 * 3  6  5  2  8 
4 8 0.461929 0.039848 * 4  1  5  2  8 
4 8 0.367619 0.134939 * 4   1  11   8   0 
4 8 0.442264 0.019554 * 4  6  5  2  8 
5 8 0.230258 0.255486 * 5  2  8 
6 8 0.341112 0.123785 * 6  5  2  8 
7 8 0.577687 0.083879 * 7  4  1  5  2  8 
7 8 0.483376 0.237107 * 7   4   1  11   8   0 
7 8 0.558022 0.041160 * 7  4  6  5  2  8 
9 8 0.553502 0.001571 * 9  3  6  5  2  8  0 
9 8 0.683372 0.018097 * 9  7  4  1  5  2  8 
9 8 0.589062 0.018097 * 9   7   4   1  11   8   0 
9 8 0.663707 0.010212 * 9  7  4  6  5  2  8 
10 8 0.555855 0.008954 * 10   3   6   5   2   8   0   0 
10 8 0.657998 0.005484 * 10   9   3   6   5   2   8   0 
10 8 0.787868 0.049817 * 10   9   7   4   1   5   2   8 
10 8 0.693558 0.049817 * 10   9   7   4   1  11   8   0 
10 8 0.768203 0.035644 * 10   9   7   4   6   5   2   8 
11 8 0.112640 0.272189 * 11   8 
1 9 0.430074 0.000413 * 1  4  6  3  9 
1 9 0.337936 0.003800 * 1  4  7  9  0 
2 9 0.679200 0.003816 * 2  5  1  4  6  3  9 
2 9 0.587062 0.023299 * 2  5  1  4  7  9  0 
2 9 0.487899 0.008079 * 2  5  6  3  9  0  0 
3 9 0.101169 0.025276 * 3  9 
4 9 0.316910 0.000462 * 4  6  3  9 
4 9 0.224771 0.004252 * 4  7  9  0 
5 9 0.538305 0.000822 * 5  1  4  6  3  9 
5 9 0.446166 0.005017 * 5  1  4  7  9  0 
5 9 0.347003 0.001740 * 5  6  3  9  0  0 
6 9 0.215758 0.004712 * 6  3  9 
7 9 0.102501 0.035146 * 7  9 
8 9 0.784624 0.002330 * 8  2  5  1  4  6  3  9 
8 9 0.692485 0.002874 * 8  2  5  1  4  7  9  0 
8 9 0.593323 0.002874 * 8  2  5  6  3  9  0  0 
8 9 0.667843 0.000843 * 8  11   1   4   6   3   9   0 
8 9 0.575704 0.000843 * 8  11   1   4   7   9   0   0 
10 9 0.205695 0.002262 * 10   3   9 
10 9 0.104496 0.013491 * 10   9   0 
11 9 0.549603 0.003831 * 11   1   4   6   3   9 
11 9 0.457464 0.010123 * 11   1   4   7   9   0 
1 10 0.531731 0.009596 * 1   4   6   3   9  10 
1 10 0.436539 0.009596 * 1   4   6   3  10   0 
1 10 0.439592 0.012685 * 1   4   7   9  10   0 
1 10 0.558192 0.024415 * 1   5   6   3   9  10 
1 10 0.463000 0.024415 * 1   5   6   3  10   0 
2 10 0.589555 0.066850 * 2   5   6   3   9  10 
2 10 0.494363 0.328283 * 2   5   6   3  10   0 
3 10 0.202826 0.004216 * 3   9  10 
3 10 0.107634 0.025151 * 3  10   0 
4 10 0.418566 0.002150 * 4   6   3   9  10 
4 10 0.323374 0.002150 * 4   6   3  10   0 
4 10 0.326428 0.002842 * 4   7   9  10   0 
5 10 0.448660 0.003738 * 5   6   3   9  10 
5 10 0.353468 0.022296 * 5   6   3  10   0 
6 10 0.317415 0.002797 * 6   3   9  10 
6 10 0.222223 0.016682 * 6   3  10   0 
7 10 0.204158 0.142933 * 7   9  10 
8 10 0.694979 0.025972 * 8   2   5   6   3   9  10   0 
8 10 0.599787 0.025972 * 8   2   5   6   3  10   0   0 
8 10 0.769500 0.011747 * 8  11   1   4   6   3   9  10 
8 10 0.674307 0.011747 * 8  11   1   4   6   3  10   0 
8 10 0.677361 0.014830 * 8  11   1   4   7   9  10   0 
8 10 0.795961 0.014830 * 8  11   1   5   6   3   9  10 
8 10 0.700768 0.014830 * 8  11   1   5   6   3  10   0 
9 10 0.101657 0.014247 * 9  10 
11 10 0.651260 0.004591 * 11   1   4   6   3   9  10 
11 10 0.556068 0.004591 * 11   1   4   6   3  10   0 
11 10 0.559121 0.006069 * 11   1   4   7   9  10   0 
11 10 0.677721 0.010660 * 11   1   5   6   3   9  10 
11 10 0.582529 0.010660 * 11   1   5   6   3  10   0 
1 11 0.132840 0.572885 * 1  11 
2 11 0.235186 0.365529 * 2   8  11 
3 11 0.481976 0.099429 * 3   6   4   1  11   0 
3 11 0.462141 0.087399 * 3   6   5   1  11   0 
3 11 0.569569 0.020684 * 3   6   5   2   8  11 
4 11 0.254979 0.089192 * 4   1  11 
5 11 0.241070 0.235469 * 5   1  11   0 
5 11 0.348498 0.026802 * 5   2   8  11 
6 11 0.371760 0.032194 * 6   4   1  11   0 
6 11 0.351924 0.028299 * 6   5   1  11   0 
6 11 0.459352 0.006697 * 6   5   2   8  11 
7 11 0.370737 0.296164 * 7   4   1  11 
8 11 0.118240 0.705819 * 8  11 
9 11 0.584149 0.007916 * 9   3   6   4   1  11   0 
9 11 0.564314 0.007916 * 9   3   6   5   1  11   0 
9 11 0.671742 0.006594 * 9   3   6   5   2   8  11 
9 11 0.476422 0.009479 * 9   7   4   1  11   0   0 
10 11 0.586502 0.038167 * 10   3   6   4   1  11   0   0 
10 11 0.566667 0.038167 * 10   3   6   5   1  11   0   0 
10 11 0.674095 0.019002 * 10   3   6   5   2   8  11   0 
10 11 0.688645 0.022811 * 10   9   3   6   4   1  11   0 
10 11 0.668810 0.022811 * 10   9   3   6   5   1  11   0 
10 11 0.776238 0.019002 * 10   9   3   6   5   2   8  11 
10 11 0.580918 0.027316 * 10   9   7   4   1  11   0   0 
