2 1 0.247172 0.058295 * 2  5  1  0 
2 1 0.357787 0.005600 * 2   8  11   1 
3 1 0.354180 0.007827 * 3  6  4  1 
3 1 0.331736 0.005074 * 3  6  5  1 
4 1 0.122900 0.083326 * 4  1 
5 1 0.107977 0.086411 * 5  1 
6 1 0.241277 0.013771 * 6  4  1 
6 1 0.218833 0.008927 * 6  5  1 
7 1 0.242932 0.095586 * 7  4  1 
8 1 0.240448 0.075585 * 8  11   1 
9 1 0.456685 0.005072 * 9  3  6  4  1 
9 1 0.434241 0.005072 * 9  3  6  5  1 
9 1 0.346059 0.001299 * 9  7  4  1  0 
10 1 0.460923 0.027527 * 10   3   6   4   1   0 
10 1 0.438479 0.021637 * 10   3   6   5   1   0 
10 1 0.558589 0.004752 * 10   9   3   6   4   1 
10 1 0.536145 0.004752 * 10   9   3   6   5   1 
10 1 0.447963 0.002206 * 10   9   7   4   1   0 
11 1 0.119595 0.424253 * 11   1 
1 2 0.222921 0.028936 * 1  5  2  0 
1 2 0.351773 0.028936 * 1  11   8   2 
3 2 0.337170 0.078690 * 3  6  5  2 
4 2 0.345820 0.007699 * 4  1  5  2  0 
4 2 0.474673 0.007699 * 4   1  11   8   2 
4 2 0.325498 0.003154 * 4  6  5  2  0 
5 2 0.113411 0.134762 * 5  2 
6 2 0.224268 0.050846 * 6  5  2 
7 2 0.465853 0.042161 * 7  4  1  5  2  0 
7 2 0.594705 0.042161 * 7   4   1  11   8   2 
7 2 0.445531 0.017272 * 7  4  6  5  2  0 
7 2 0.542189 0.015194 * 7  9  3  6  5  2 
8 2 0.104433 0.025972 * 8  2 
9 2 0.439675 0.009759 * 9  3  6  5  2 
10 2 0.443914 0.032643 * 10   3   6   5   2   0 
10 2 0.541580 0.004486 * 10   9   3   6   5   2 
11 2 0.217209 0.022269 * 11   8   2 
1 3 0.329385 0.010519 * 1  4  6  3  0 
1 3 0.440948 0.011126 * 1  4  7  9  3 
1 3 0.355411 0.017261 * 1  5  6  3  0 
2 3 0.385097 0.272375 * 2  5  6  3 
4 3 0.216364 0.013049 * 4  6  3  0 
4 3 0.327927 0.013802 * 4  7  9  3 
5 3 0.245902 0.032895 * 5  6  3 
6 3 0.115134 0.078004 * 6  3 
7 3 0.205019 0.060156 * 7  9  3 
8 3 0.489530 0.022179 * 8  2  5  6  3  0  0 
8 3 0.569833 0.016227 * 8  11   1   4   6   3   0 
8 3 0.681396 0.016227 * 8  11   1   4   7   9   3 
8 3 0.595859 0.016227 * 8  11   1   5   6   3   0 
9 3 0.102505 0.072062 * 9  3 
10 3 0.204409 0.010396 * 10   9   3 
10 3 0.106743 0.075651 * 10   3   0 
11 3 0.448981 0.023286 * 11   1   4   6   3   0 
11 3 0.560544 0.024630 * 11   1   4   7   9   3 
11 3 0.475007 0.038211 * 11   1   5   6   3   0 
1 4 0.113021 0.035138 * 1  4 
2 4 0.360193 0.033003 * 2  5  1  4  0 
2 4 0.388340 0.079631 * 2  5  6  4  0 
2 4 0.470809 0.002328 * 2   8  11   1   4 
3 4 0.231280 0.007863 * 3  6  4  0 
3 4 0.325070 0.001177 * 3  9  7  4 
5 4 0.220998 0.011853 * 5  1  4 
5 4 0.249146 0.028600 * 5  6  4 
6 4 0.118377 0.010050 * 6  4 
7 4 0.120033 0.544115 * 7  4 
8 4 0.353469 0.063665 * 8  11   1   4 
9 4 0.223159 0.012728 * 9  7  4 
10 4 0.338024 0.021126 * 10   3   6   4   0 
10 4 0.431813 0.003758 * 10   3   9   7   4 
10 4 0.325063 0.001066 * 10   9   7   4   0 
11 4 0.232617 0.027734 * 11   1   4 
1 5 0.109509 0.084695 * 1  5 
2 5 0.139195 0.573169 * 2  5 
3 5 0.223759 0.062061 * 3  6  5 
4 5 0.232409 0.016442 * 4  1  5 
4 5 0.212087 0.011512 * 4  6  5 
6 5 0.110856 0.048356 * 6  5 
7 5 0.352442 0.042797 * 7  4  1  5  0 
7 5 0.332119 0.029964 * 7  4  6  5  0 
7 5 0.428778 0.022285 * 7  9  3  6  5 
8 5 0.243628 0.083927 * 8  2  5  0 
8 5 0.349957 0.031962 * 8  11   1   5 
9 5 0.326264 0.043568 * 9  3  6  5 
10 5 0.330502 0.058660 * 10   3   6   5   0 
10 5 0.428168 0.008061 * 10   9   3   6   5 
11 5 0.229105 0.225514 * 11   1   5 
1 6 0.214252 0.008599 * 1  4  6 
1 6 0.240278 0.019209 * 1  5  6 
2 6 0.269963 0.189439 * 2  5  6 
3 6 0.112903 0.031531 * 3  6 
4 6 0.101230 0.019202 * 4  6 
5 6 0.130768 0.090261 * 5  6 
7 6 0.221263 0.017051 * 7  4  6  0 
7 6 0.317922 0.018035 * 7  9  3  6 
8 6 0.374396 0.030210 * 8  2  5  6  0 
8 6 0.454700 0.016655 * 8  11   1   4   6 
8 6 0.480726 0.016655 * 8  11   1   5   6 
9 6 0.215408 0.003647 * 9  3  6 
10 6 0.219646 0.023315 * 10   3   6   0 
10 6 0.317312 0.003204 * 10   9   3   6 
11 6 0.333847 0.016793 * 11   1   4   6 
11 6 0.359873 0.037514 * 11   1   5   6 
1 7 0.235930 0.068487 * 1  4  7 
2 7 0.483101 0.182994 * 2  5  1  4  7  0  0 
2 7 0.590134 0.094089 * 2  5  6  3  9  7  0 
2 7 0.697234 0.036455 * 2   5   6   3  10   9   7 
2 7 0.511249 0.482632 * 2  5  6  4  7  0  0 
2 7 0.593717 0.014604 * 2   8  11   1   4   7   0 
3 7 0.205037 0.029017 * 3  9  7  0 
3 7 0.312137 0.011243 * 3  10   9   7 
4 7 0.122908 0.108902 * 4  7 
5 7 0.343907 0.037068 * 5  1  4  7  0  0 
5 7 0.450939 0.019059 * 5  6  3  9  7  0 
5 7 0.558039 0.007384 * 5   6   3  10   9   7 
5 7 0.372054 0.097764 * 5  6  4  7  0  0 
6 7 0.320171 0.010128 * 6  3  9  7  0 
6 7 0.427271 0.003924 * 6   3  10   9   7 
6 7 0.241286 0.051954 * 6  4  7  0  0 
8 7 0.476378 0.317939 * 8  11   1   4   7 
9 7 0.103126 0.045000 * 9  7 
10 7 0.205030 0.164256 * 10   9   7 
11 7 0.355525 0.300485 * 11   1   4   7 
1 8 0.340260 0.035656 * 1  5  2  8 
1 8 0.247340 0.161475 * 1  11   8   0 
2 8 0.117339 0.397105 * 2  8 
3 8 0.454510 0.102807 * 3  6  5  2  8 
4 8 0.463159 0.031974 * 4  1  5  2  8 
4 8 0.370239 0.132742 * 4   1  11   8   0 
4 8 0.442837 0.016810 * 4  6  5  2  8 
5 8 0.230751 0.256569 * 5  2  8 
6 8 0.341607 0.115594 * 6  5  2  8 
7 8 0.583192 0.081165 * 7  4  1  5  2  8 
7 8 0.490272 0.276703 * 7   4   1  11   8   0 
7 8 0.562870 0.042672 * 7  4  6  5  2  8 
9 8 0.557015 0.004941 * 9  3  6  5  2  8  0 
9 8 0.686319 0.017547 * 9  7  4  1  5  2  8 
9 8 0.593398 0.017547 * 9   7   4   1  11   8   0 
9 8 0.665996 0.015100 * 9  7  4  6  5  2  8 
10 8 0.561253 0.047027 * 10   3   6   5   2   8   0   0 
10 8 0.658919 0.012720 * 10   9   3   6   5   2   8   0 
10 8 0.788223 0.029412 * 10   9   7   4   1   5   2   8 
10 8 0.695302 0.029412 * 10   9   7   4   1  11   8   0 
10 8 0.767901 0.029412 * 10   9   7   4   6   5   2   8 
11 8 0.112776 0.331344 * 11   8 
1 9 0.538396 0.001061 * 1   4   6   3  10   9 
1 9 0.431296 0.001061 * 1  4  6  3  9  0 
1 9 0.338443 0.002281 * 1  4  7  9  0  0 
2 9 0.785568 0.006243 * 2   5   1   4   6   3  10   9 
2 9 0.678468 0.006243 * 2  5  1  4  6  3  9  0 
2 9 0.585615 0.012262 * 2  5  1  4  7  9  0  0 
2 9 0.594107 0.009936 * 2   5   6   3  10   9   0   0 
2 9 0.487007 0.009936 * 2  5  6  3  9  0  0  0 
3 9 0.209011 0.019641 * 3  10   9 
3 9 0.101911 0.050692 * 3  9  0 
4 9 0.425375 0.001339 * 4   6   3  10   9 
4 9 0.318275 0.001339 * 4  6  3  9  0 
4 9 0.225422 0.002878 * 4  7  9  0  0 
5 9 0.646373 0.002406 * 5   1   4   6   3  10   9 
5 9 0.539273 0.002406 * 5  1  4  6  3  9  0 
5 9 0.446420 0.004725 * 5  1  4  7  9  0  0 
5 9 0.454913 0.003829 * 5   6   3  10   9   0   0 
5 9 0.347813 0.003829 * 5  6  3  9  0  0  0 
6 9 0.324144 0.001609 * 6   3  10   9 
6 9 0.217044 0.002549 * 6  3  9  0 
7 9 0.102514 0.027732 * 7  9 
8 9 0.890001 0.001961 * 8   2   5   1   4   6   3  10   9 
8 9 0.782901 0.001961 * 8  2  5  1  4  6  3  9  0 
8 9 0.690048 0.001961 * 8  2  5  1  4  7  9  0  0 
8 9 0.698541 0.001961 * 8   2   5   6   3  10   9   0   0 
8 9 0.591441 0.001961 * 8  2  5  6  3  9  0  0  0 
8 9 0.778844 0.000471 * 8  11   1   4   6   3  10   9   0 
8 9 0.671744 0.000471 * 8  11   1   4   6   3   9   0   0 
8 9 0.578891 0.000471 * 8  11   1   4   7   9   0   0   0 
10 9 0.101904 0.018374 * 10   9 
11 9 0.657992 0.003829 * 11   1   4   6   3  10   9 
11 9 0.550892 0.003829 * 11   1   4   6   3   9   0 
11 9 0.458039 0.003829 * 11   1   4   7   9   0   0 
1 10 0.532848 0.007343 * 1   4   6   3   9  10 
1 10 0.436492 0.007343 * 1   4   6   3  10   0 
1 10 0.439996 0.005733 * 1   4   7   9  10   0 
1 10 0.558874 0.014367 * 1   5   6   3   9  10 
1 10 0.462518 0.014367 * 1   5   6   3  10   0 
2 10 0.588560 0.102386 * 2   5   6   3   9  10 
2 10 0.492203 0.270758 * 2   5   6   3  10   0 
3 10 0.203463 0.008048 * 3   9  10 
3 10 0.107107 0.022692 * 3  10   0 
4 10 0.419827 0.003277 * 4   6   3   9  10 
4 10 0.323471 0.003277 * 4   6   3  10   0 
4 10 0.326974 0.002559 * 4   7   9  10   0 
5 10 0.449365 0.006388 * 5   6   3   9  10 
5 10 0.353009 0.018011 * 5   6   3  10   0 
6 10 0.318597 0.005059 * 6   3   9  10 
6 10 0.222240 0.014264 * 6   3  10   0 
7 10 0.204066 0.128035 * 7   9  10 
8 10 0.692993 0.022937 * 8   2   5   6   3   9  10   0 
8 10 0.596637 0.022937 * 8   2   5   6   3  10   0   0 
8 10 0.773296 0.013774 * 8  11   1   4   6   3   9  10 
8 10 0.676940 0.013774 * 8  11   1   4   6   3  10   0 
8 10 0.680444 0.010754 * 8  11   1   4   7   9  10   0 
8 10 0.799322 0.015698 * 8  11   1   5   6   3   9  10 
8 10 0.702966 0.015698 * 8  11   1   5   6   3  10   0 
9 10 0.101552 0.017339 * 9  10 
11 10 0.652444 0.007284 * 11   1   4   6   3   9  10 
11 10 0.556088 0.007284 * 11   1   4   6   3  10   0 
11 10 0.559591 0.005687 * 11   1   4   7   9  10   0 
11 10 0.678470 0.014251 * 11   1   5   6   3   9  10 
11 10 0.582113 0.014251 * 11   1   5   6   3  10   0 
1 11 0.134564 0.601030 * 1  11 
2 11 0.238192 0.402461 * 2   8  11 
3 11 0.488744 0.102561 * 3   6   4   1  11   0 
3 11 0.466300 0.072868 * 3   6   5   1  11   0 
3 11 0.575362 0.014153 * 3   6   5   2   8  11 
4 11 0.257464 0.090200 * 4   1  11 
5 11 0.242541 0.233812 * 5   1  11   0 
5 11 0.351603 0.022462 * 5   2   8  11 
6 11 0.375841 0.063384 * 6   4   1  11   0 
6 11 0.353397 0.045034 * 6   5   1  11   0 
6 11 0.462460 0.008747 * 6   5   2   8  11 
7 11 0.377496 0.324216 * 7   4   1  11 
8 11 0.120853 0.863076 * 8  11 
9 11 0.591249 0.007662 * 9   3   6   4   1  11   0 
9 11 0.568805 0.007662 * 9   3   6   5   1  11   0 
9 11 0.677867 0.007524 * 9   3   6   5   2   8  11 
9 11 0.480623 0.001891 * 9   7   4   1  11   0   0 
10 11 0.595487 0.065640 * 10   3   6   4   1  11   0   0 
10 11 0.573043 0.065640 * 10   3   6   5   1  11   0   0 
10 11 0.682106 0.016905 * 10   3   6   5   2   8  11   0 
10 11 0.693153 0.011247 * 10   9   3   6   4   1  11   0 
10 11 0.670709 0.011247 * 10   9   3   6   5   1  11   0 
10 11 0.779772 0.011247 * 10   9   3   6   5   2   8  11 
10 11 0.582527 0.004249 * 10   9   7   4   1  11   0   0 
