2  5  1 
0.079647
3  6  4  1 
0.004803
3  6  5  1 
0.004803
4  1 
0.010442
5  1 
0.127304
6  4  1 
0.026605
6  5  1 
0.026605
7  4  1 
0.076461
8  11   1 
0.078698
9  7  4  1 
0.005930
10   3   6   4   1 
0.014057
10   3   6   5   1 
0.014057
10   9   7   4   1 
0.014057
11   1 
0.519168
1  5  2 
0.069185
3  6  5  2 
0.045666
4  1  5  2 
0.017584
4  6  5  2 
0.017584
5  2 
0.103209
6  5  2 
0.075234
7  4  1  5  2 
0.048126
7  4  6  5  2 
0.048126
8  2 
0.027455
9  3  6  5  2 
0.006727
10   3   6   5   2 
0.034848
11   8   2 
0.084454
1  4  6  3 
0.018368
1  5  6  3 
0.018368
2  5  6  3 
0.263416
4  6  3 
0.025939
5  6  3 
0.036537
6  3 
0.095934
7  9  3 
0.049297
8  2  5  6  3 
0.075734
9  3 
0.058284
10   3 
0.070255
11   1   4   6   3 
0.046479
11   1   5   6   3 
0.046479
1  4 
0.040383
2  5  1  4 
0.061824
2  5  6  4 
0.061824
3  6  4 
0.006359
5  1  4 
0.022172
5  6  4 
0.022172
6  4 
0.018743
7  4 
0.485656
8  11   1   4 
0.037831
9  7  4 
0.007962
10   3   6   4 
0.006208
10   9   7   4 
0.006208
11   1   4 
0.068676
1  5 
0.085118
2  5 
0.664378
3  6  5 
0.044780
4  1  5 
0.035852
4  6  5 
0.035852
6  5 
0.047051
7  4  1  5 
0.045079
7  4  6  5 
0.045079
8  2  5 
0.140399
9  3  6  5 
0.010625
10   3   6   5 
0.035567
11   1   5 
0.266532
1  4  6 
0.016983
1  5  6 
0.016983
2  5  6 
0.214110
3  6 
0.019471
4  6 
0.015612
5  6 
0.059418
7  4  6 
0.017943
8  2  5  6 
0.039497
9  3  6 
0.003135
10   3   6 
0.023521
11   1   4   6 
0.047014
11   1   5   6 
0.047014
1  4  7 
0.090649
2  5  1  4  7 
0.382310
2  5  6  4  7 
0.382310
3  9  7 
0.016546
4  7 
0.094481
5  1  4  7 
0.105479
5  6  4  7 
0.105479
6  4  7 
0.025289
8  11   1   4   7 
0.300061
9  7 
0.025873
10   9   7 
0.107000
11   1   4   7 
0.281376
1  11   8 
0.260225
2  8 
0.332614
3  6  5  2  8 
0.091991
4   1  11   8 
0.183007
5  2  8 
0.360254
6  5  2  8 
0.092928
7   4   1  11   8 
0.273900
9  3  6  5  2  8 
0.017656
9   7   4   1  11   8 
0.017656
10   3   6   5   2   8 
0.117689
11   8 
0.376188
1  4  7  9 
0.008045
2  5  6  3  9 
0.029491
3  9 
0.044562
4  7  9 
0.002576
5  6  3  9 
0.011928
6  3  9 
0.002387
7  9 
0.030926
8  2  5  6  3  9 
0.005029
8  11   1   4   7   9 
0.005029
10   9 
0.011558
11   1   4   7   9 
0.010096
1   4   6   3  10 
0.026428
1   4   7   9  10 
0.026428
1   5   6   3  10 
0.049060
2   5   6   3  10 
0.474028
3  10 
0.016618
4   6   3  10 
0.003146
4   7   9  10 
0.003146
5   6   3  10 
0.050732
6   3  10 
0.022925
7   9  10 
0.092748
8   2   5   6   3  10 
0.142269
9  10 
0.023871
11   1   4   6   3  10 
0.017934
11   1   4   7   9  10 
0.017934
11   1   5   6   3  10 
0.024863
1  11 
0.669000
2   8  11 
0.334643
3   6   4   1  11 
0.104984
3   6   5   1  11 
0.104984
4   1  11 
0.051943
5   1  11 
0.269517
6   4   1  11 
0.034980
6   5   1  11 
0.034980
7   4   1  11 
0.311696
8  11 
0.735269
9   7   4   1  11 
0.011907
10   3   6   4   1  11 
0.047691
10   3   6   5   1  11 
0.047691
10   9   7   4   1  11 
0.047691
