2  5  1 
0.077977
3  6  4  1 
0.006650
3  6  5  1 
0.006650
4  1 
0.007216
5  1 
0.078221
6  4  1 
0.009363
6  5  1 
0.009363
7  4  1 
0.090116
8  11   1 
0.065851
9  7  4  1 
0.019596
10   3   6   4   1 
0.014562
10   3   6   5   1 
0.014562
10   9   7   4   1 
0.014562
11   1 
0.487990
1  5  2 
0.065035
3  6  5  2 
0.044360
4  1  5  2 
0.057619
4  6  5  2 
0.057619
5  2 
0.131866
6  5  2 
0.045298
7  4  1  5  2 
0.049120
7  4  6  5  2 
0.049120
8  2 
0.028879
9  3  6  5  2 
0.006892
10   3   6   5   2 
0.037174
11   8   2 
0.058106
1  4  6  3 
0.028071
1  5  6  3 
0.028071
2  5  6  3 
0.249265
4  6  3 
0.033108
5  6  3 
0.044311
6  3 
0.076166
7  9  3 
0.016538
8  2  5  6  3 
0.071397
9  3 
0.055191
10   3 
0.116041
11   1   4   6   3 
0.031081
11   1   5   6   3 
0.031081
1  4 
0.022959
2  5  1  4 
0.092402
2  5  6  4 
0.092402
3  6  4 
0.010623
5  1  4 
0.024098
5  6  4 
0.024098
6  4 
0.015846
7  4 
0.059466
8  11   1   4 
0.031367
9  7  4 
0.005247
10   3   6   4 
0.005894
10   9   7   4 
0.005894
11   1   4 
0.022562
1  5 
0.056760
2  5 
0.692976
3  6  5 
0.085230
4  1  5 
0.023601
4  6  5 
0.023601
6  5 
0.044118
7  4  1  5 
0.051345
7  4  6  5 
0.051345
8  2  5 
0.166339
9  3  6  5 
0.012138
10   3   6   5 
0.044581
11   1   5 
0.176082
1  4  6 
0.024018
1  5  6 
0.024018
2  5  6 
0.220178
3  6 
0.017941
4  6 
0.016709
5  6 
0.049707
7  4  6 
0.020945
8  2  5  6 
0.043367
9  3  6 
0.003214
10   3   6 
0.024080
11   1   4   6 
0.047818
11   1   5   6 
0.047818
1  4  7 
0.188874
2  5  1  4  7 
0.377241
2  5  6  4  7 
0.377241
3  9  7 
0.018744
4  7 
0.036209
5  1  4  7 
0.101220
5  6  4  7 
0.101220
6  4  7 
0.031659
8  11   1   4   7 
0.262290
9  7 
0.017434
10   9   7 
0.122710
11   1   4   7 
0.275626
1  11   8 
0.252883
2  8 
0.328043
3  6  5  2  8 
0.083794
4   1  11   8 
0.192004
5  2  8 
0.397977
6  5  2  8 
0.090105
7   4   1  11   8 
0.256594
9  3  6  5  2  8 
0.013658
9   7   4   1  11   8 
0.013658
10   3   6   5   2   8 
0.114037
11   8 
0.361512
1  4  7  9 
0.004298
2  5  6  3  9 
0.037369
3  9 
0.014043
4  7  9 
0.003146
5  6  3  9 
0.015481
6  3  9 
0.002126
7  9 
0.032869
8  2  5  6  3  9 
0.006428
8  11   1   4   7   9 
0.006428
10   9 
0.012064
11   1   4   7   9 
0.008005
1   4   6   3  10 
0.025730
1   4   7   9  10 
0.025730
1   5   6   3  10 
0.045630
2   5   6   3  10 
0.478166
3  10 
0.015487
4   6   3  10 
0.005801
4   7   9  10 
0.005801
5   6   3  10 
0.051035
6   3  10 
0.017254
7   9  10 
0.106313
8   2   5   6   3  10 
0.110311
9  10 
0.013118
11   1   4   6   3  10 
0.023158
11   1   4   7   9  10 
0.023158
11   1   5   6   3  10 
0.038234
1  11 
0.383793
2   8  11 
0.305580
3   6   4   1  11 
0.116256
3   6   5   1  11 
0.116256
4   1  11 
0.066632
5   1  11 
0.282520
6   4   1  11 
0.047054
6   5   1  11 
0.047054
7   4   1  11 
0.356572
8  11 
0.652604
9   7   4   1  11 
0.013045
10   3   6   4   1  11 
0.059603
10   3   6   5   1  11 
0.059603
10   9   7   4   1  11 
0.059603
