2  5  1 
0.085307
3  6  4  1 
0.009934
3  6  5  1 
0.009934
4  1 
0.024287
5  1 
0.078268
6  4  1 
0.009272
6  5  1 
0.009272
7  4  1 
0.121202
8  11   1 
0.077311
9  7  4  1 
0.013195
10   3   6   4   1 
0.017349
10   3   6   5   1 
0.017349
10   9   7   4   1 
0.017349
11   1 
0.364492
1  5  2 
0.091955
3  6  5  2 
0.100859
4  1  5  2 
0.014181
4  6  5  2 
0.014181
5  2 
0.142528
6  5  2 
0.055002
7  4  1  5  2 
0.060762
7  4  6  5  2 
0.060762
8  2 
0.028865
9  3  6  5  2 
0.010872
10   3   6   5   2 
0.045147
11   8   2 
0.047891
1  4  6  3 
0.017080
1  5  6  3 
0.017080
2  5  6  3 
0.244735
4  6  3 
0.038518
5  6  3 
0.038065
6  3 
0.109999
7  9  3 
0.116296
8  2  5  6  3 
0.035806
9  3 
0.081269
10   3 
0.085498
11   1   4   6   3 
0.042495
11   1   5   6   3 
0.042495
1  4 
0.038686
2  5  1  4 
0.056366
2  5  6  4 
0.056366
3  6  4 
0.025758
5  1  4 
0.018243
5  6  4 
0.018243
6  4 
0.017935
7  4 
0.046978
8  11   1   4 
0.038941
9  7  4 
0.015980
10   3   6   4 
0.014421
10   9   7   4 
0.014421
11   1   4 
0.029705
1  5 
0.065812
2  5 
0.586401
3  6  5 
0.102879
4  1  5 
0.019968
4  6  5 
0.019968
6  5 
0.059051
7  4  1  5 
0.043688
7  4  6  5 
0.043688
8  2  5 
0.097630
9  3  6  5 
0.044834
10   3   6   5 
0.090449
11   1   5 
0.194682
1  4  6 
0.008191
1  5  6 
0.008191
2  5  6 
0.197885
3  6 
0.033372
4  6 
0.017168
5  6 
0.082705
7  4  6 
0.036788
8  2  5  6 
0.056837
9  3  6 
0.003488
10   3   6 
0.029656
11   1   4   6 
0.029137
11   1   5   6 
0.029137
1  4  7 
0.132448
2  5  1  4  7 
0.369519
2  5  6  4  7 
0.369519
3  9  7 
0.052241
4  7 
0.049998
5  1  4  7 
0.108965
5  6  4  7 
0.108965
6  4  7 
0.068508
8  11   1   4   7 
0.330144
9  7 
0.029022
10   9   7 
0.157473
11   1   4   7 
0.322508
1  11   8 
0.200094
2  8 
0.365745
3  6  5  2  8 
0.136985
4   1  11   8 
0.191297
5  2  8 
0.267314
6  5  2  8 
0.109058
7   4   1  11   8 
0.398433
9  3  6  5  2  8 
0.026156
9   7   4   1  11   8 
0.026156
10   3   6   5   2   8 
0.165610
11   8 
0.361685
1  4  7  9 
0.004332
2  5  6  3  9 
0.036847
3  9 
0.074342
4  7  9 
0.007415
5  6  3  9 
0.013349
6  3  9 
0.002077
7  9 
0.054814
8  2  5  6  3  9 
0.031541
8  11   1   4   7   9 
0.031541
10   9 
0.036204
11   1   4   7   9 
0.014848
1   4   6   3  10 
0.010765
1   4   7   9  10 
0.010765
1   5   6   3  10 
0.016668
2   5   6   3  10 
0.372256
3  10 
0.036312
4   6   3  10 
0.006327
4   7   9  10 
0.006327
5   6   3  10 
0.022826
6   3  10 
0.017156
7   9  10 
0.122216
8   2   5   6   3  10 
0.113138
9  10 
0.025054
11   1   4   6   3  10 
0.013682
11   1   4   7   9  10 
0.013682
11   1   5   6   3  10 
0.021184
1  11 
0.761458
2   8  11 
0.379159
3   6   4   1  11 
0.121497
3   6   5   1  11 
0.121497
4   1  11 
0.047032
5   1  11 
0.228845
6   4   1  11 
0.039012
6   5   1  11 
0.039012
7   4   1  11 
0.338321
8  11 
0.691248
9   7   4   1  11 
0.025532
10   3   6   4   1  11 
0.062334
10   3   6   5   1  11 
0.062334
10   9   7   4   1  11 
0.062334
