2  5  1 
0.074290
3  6  4  1 
0.007573
3  6  5  1 
0.007573
4  1 
0.012472
5  1 
0.081728
6  4  1 
0.006686
6  5  1 
0.006686
7  4  1 
0.101427
8  11   1 
0.086168
9  7  4  1 
0.015461
10   3   6   4   1 
0.014165
10   3   6   5   1 
0.014165
10   9   7   4   1 
0.014165
11   1 
0.462015
1  5  2 
0.056544
3  6  5  2 
0.050035
4  1  5  2 
0.078516
4  6  5  2 
0.078516
5  2 
0.109347
6  5  2 
0.043847
7  4  1  5  2 
0.775093
7  4  6  5  2 
0.775093
8  2 
0.023175
9  3  6  5  2 
0.011411
10   3   6   5   2 
0.040105
11   8   2 
0.062701
1  4  6  3 
0.017905
1  5  6  3 
0.017905
2  5  6  3 
0.220287
4  6  3 
0.034017
5  6  3 
0.057840
6  3 
0.017136
7  9  3 
0.019367
8  2  5  6  3 
0.050623
9  3 
0.049849
10   3 
0.041621
11   1   4   6   3 
0.016329
11   1   5   6   3 
0.016329
1  4 
0.015249
2  5  1  4 
0.082599
2  5  6  4 
0.082599
3  6  4 
0.014734
5  1  4 
0.025971
5  6  4 
0.025971
6  4 
0.008999
7  4 
0.453652
8  11   1   4 
0.036952
9  7  4 
0.004154
10   3   6   4 
0.007617
10   9   7   4 
0.007617
11   1   4 
0.023902
1  5 
0.090936
2  5 
0.627550
3  6  5 
0.037608
4  1  5 
0.014782
4  6  5 
0.014782
6  5 
0.084644
7  4  1  5 
0.037559
7  4  6  5 
0.037559
8  2  5 
0.132170
9  3  6  5 
0.034204
10   3   6   5 
0.038898
11   1   5 
0.138069
1  4  6 
0.028625
1  5  6 
0.028625
2  5  6 
0.194051
3  6 
0.012454
4  6 
0.034815
5  6 
0.067371
7  4  6 
0.024524
8  2  5  6 
0.048999
9  3  6 
0.002528
10   3   6 
0.023651
11   1   4   6 
0.038445
11   1   5   6 
0.038445
1  4  7 
0.099224
2  5  1  4  7 
0.418191
2  5  6  4  7 
0.418191
3  9  7 
0.021579
4  7 
0.064430
5  1  4  7 
0.081309
5  6  4  7 
0.081309
6  4  7 
0.044967
8  11   1   4   7 
0.275732
9  7 
0.043357
10   9   7 
0.133644
11   1   4   7 
0.295739
1  11   8 
0.213724
2  8 
0.357026
3  6  5  2  8 
0.067307
4   1  11   8 
0.190338
5  2  8 
0.260089
6  5  2  8 
0.099832
7   4   1  11   8 
0.307965
9  3  6  5  2  8 
0.018596
9   7   4   1  11   8 
0.018596
10   3   6   5   2   8 
0.140754
11   8 
0.237428
1  4  7  9 
0.003014
2  5  6  3  9 
0.038431
3  9 
0.054733
4  7  9 
0.004675
5  6  3  9 
0.014924
6  3  9 
0.001747
7  9 
0.041877
8  2  5  6  3  9 
0.007197
8  11   1   4   7   9 
0.007197
10   9 
0.014346
11   1   4   7   9 
0.006128
1   4   6   3  10 
0.024858
1   4   7   9  10 
0.024858
1   5   6   3  10 
0.041316
2   5   6   3  10 
0.468830
3  10 
0.014657
4   6   3  10 
0.006291
4   7   9  10 
0.006291
5   6   3  10 
0.020107
6   3  10 
0.018875
7   9  10 
0.107698
8   2   5   6   3  10 
0.095856
9  10 
0.009771
11   1   4   6   3  10 
0.010914
11   1   4   7   9  10 
0.010914
11   1   5   6   3  10 
0.010914
1  11 
0.766504
2   8  11 
0.250605
3   6   4   1  11 
0.072352
3   6   5   1  11 
0.072352
4   1  11 
0.150705
5   1  11 
0.336991
6   4   1  11 
0.038054
6   5   1  11 
0.038054
7   4   1  11 
0.330446
8  11 
0.619235
9   7   4   1  11 
0.024462
10   3   6   4   1  11 
0.059386
10   3   6   5   1  11 
0.059386
10   9   7   4   1  11 
0.059386
