2  5  1 
0.055869
3  6  4  1 
0.005081
3  6  5  1 
0.005081
4  1 
0.087509
5  1 
0.087355
6  4  1 
0.010342
6  5  1 
0.010342
7  4  1 
0.091118
8  11   1 
0.095064
9  7  4  1 
0.020245
10   3   6   4   1 
0.022387
10   3   6   5   1 
0.022387
10   9   7   4   1 
0.023525
11   1 
0.413072
1  5  2 
0.058538
3  6  5  2 
0.085631
4  1  5  2 
0.010645
4  6  5  2 
0.010645
5  2 
0.136068
6  5  2 
0.047459
7  4  1  5  2 
0.034739
7  4  6  5  2 
0.034739
8  2 
0.047721
9  3  6  5  2 
0.013222
10   3   6   5   2 
0.045767
11   8   2 
0.042710
1  4  6  3 
0.017310
1  5  6  3 
0.017310
2  5  6  3 
0.251738
4  6  3 
0.024976
5  6  3 
0.041328
6  3 
0.070745
7  9  3 
0.063572
8  2  5  6  3 
0.056953
9  3 
0.070679
10   3 
0.075041
11   1   4   6   3 
0.033795
11   1   5   6   3 
0.033795
1  4 
0.016864
2  5  1  4 
0.060315
2  5  6  4 
0.060315
3  6  4 
0.011928
5  1  4 
0.022743
5  6  4 
0.022743
6  4 
0.010648
7  4 
0.575685
8  11   1   4 
0.043619
9  7  4 
0.005231
10   3   6   4 
0.019486
10   9   7   4 
0.019486
11   1   4 
0.021171
1  5 
0.084893
2  5 
0.590403
3  6  5 
0.057567
4  1  5 
0.016632
4  6  5 
0.016632
6  5 
0.060044
7  4  1  5 
0.061091
7  4  6  5 
0.061091
8  2  5 
0.111516
9  3  6  5 
0.044371
10   3   6   5 
0.049863
11   1   5 
0.206253
1  4  6 
0.007045
1  5  6 
0.007045
2  5  6 
0.195611
3  6 
0.024035
4  6 
0.018244
5  6 
0.153148
7  4  6 
0.029607
8  2  5  6 
0.063377
9  3  6 
0.004540
10   3   6 
0.026127
11   1   4   6 
0.023537
11   1   5   6 
0.023537
1  4  7 
0.072935
2  5  1  4  7 
0.438435
2  5  6  4  7 
0.438435
3  9  7 
0.045566
4  7 
0.064615
5  1  4  7 
0.155820
5  6  4  7 
0.155820
6  4  7 
0.059516
8  11   1   4   7 
0.357162
9  7 
0.048389
10   9   7 
0.162563
11   1   4   7 
0.329894
1  11   8 
0.193063
2  8 
0.434937
3  6  5  2  8 
0.106925
4   1  11   8 
0.175861
5  2  8 
0.266903
6  5  2  8 
0.116670
7   4   1  11   8 
0.412268
9  3  6  5  2  8 
0.024509
9   7   4   1  11   8 
0.024509
10   3   6   5   2   8 
0.137862
11   8 
0.302166
1  4  7  9 
0.001791
2  5  6  3  9 
0.038644
3  9 
0.068497
4  7  9 
0.004574
5  6  3  9 
0.008043
6  3  9 
0.004760
7  9 
0.039093
8  2  5  6  3  9 
0.005266
8  11   1   4   7   9 
0.005266
10   9 
0.012848
11   1   4   7   9 
0.014192
1   4   6   3  10 
0.025329
1   4   7   9  10 
0.025329
1   5   6   3  10 
0.043632
2   5   6   3  10 
0.402015
3  10 
0.030595
4   6   3  10 
0.005465
4   7   9  10 
0.005465
5   6   3  10 
0.029395
6   3  10 
0.020328
7   9  10 
0.142531
8   2   5   6   3  10 
0.115563
9  10 
0.017882
11   1   4   6   3  10 
0.013577
11   1   4   7   9  10 
0.013577
11   1   5   6   3  10 
0.014278
1  11 
0.574721
2   8  11 
0.402471
3   6   4   1  11 
0.109542
3   6   5   1  11 
0.109542
4   1  11 
0.091464
5   1  11 
0.257227
6   4   1  11 
0.050580
6   5   1  11 
0.050580
7   4   1  11 
0.335795
8  11 
0.746101
9   7   4   1  11 
0.021925
10   3   6   4   1  11 
0.063698
10   3   6   5   1  11 
0.063698
10   9   7   4   1  11 
0.063698
