2 1 2 0.093977 * 2  5  1 
3 1 3 0.022087 * 3  6  4  1 
3 1 3 0.022087 * 3  6  5  1 
4 1 1 0.022252 * 4  1 
5 1 1 0.099941 * 5  1 
6 1 2 0.010307 * 6  4  1 
6 1 2 0.010307 * 6  5  1 
7 1 2 0.115212 * 7  4  1 
8 1 2 0.066498 * 8  11   1 
9 1 3 0.017339 * 9  7  4  1 
10 1 4 0.016586 * 10   3   6   4   1 
10 1 4 0.016586 * 10   3   6   5   1 
10 1 4 0.016586 * 10   9   7   4   1 
11 1 1 0.375311 * 11   1 
1 2 2 0.068235 * 1  5  2 
3 2 3 0.095405 * 3  6  5  2 
4 2 3 0.013754 * 4  1  5  2 
4 2 3 0.013754 * 4  6  5  2 
5 2 1 0.120749 * 5  2 
6 2 2 0.060822 * 6  5  2 
7 2 4 0.041153 * 7  4  1  5  2 
7 2 4 0.041153 * 7  4  6  5  2 
8 2 1 0.036220 * 8  2 
9 2 4 0.014770 * 9  3  6  5  2 
10 2 4 0.044810 * 10   3   6   5   2 
11 2 2 0.036824 * 11   8   2 
1 3 3 0.018083 * 1  4  6  3 
1 3 3 0.018083 * 1  5  6  3 
2 3 3 0.253619 * 2  5  6  3 
4 3 2 0.032199 * 4  6  3 
5 3 2 0.037995 * 5  6  3 
6 3 1 0.104548 * 6  3 
7 3 2 0.116361 * 7  9  3 
8 3 4 0.047098 * 8  2  5  6  3 
9 3 1 0.083165 * 9  3 
10 3 1 0.101396 * 10   3 
11 3 4 0.036816 * 11   1   4   6   3 
11 3 4 0.036816 * 11   1   5   6   3 
1 4 1 0.026761 * 1  4 
2 4 3 0.060146 * 2  5  1  4 
2 4 3 0.060146 * 2  5  6  4 
3 4 2 0.012934 * 3  6  4 
5 4 2 0.021213 * 5  1  4 
5 4 2 0.021213 * 5  6  4 
6 4 1 0.015075 * 6  4 
7 4 1 1.028308 * 7  4 
8 4 3 0.027229 * 8  11   1   4 
9 4 2 0.015983 * 9  7  4 
10 4 3 0.015845 * 10   3   6   4 
10 4 3 0.015845 * 10   9   7   4 
11 4 2 0.028952 * 11   1   4 
1 5 1 0.045655 * 1  5 
2 5 1 0.519231 * 2  5 
3 5 2 0.093455 * 3  6  5 
4 5 2 0.020127 * 4  1  5 
4 5 2 0.020127 * 4  6  5 
6 5 1 0.063649 * 6  5 
7 5 3 0.042353 * 7  4  1  5 
7 5 3 0.042353 * 7  4  6  5 
8 5 2 0.121589 * 8  2  5 
9 5 3 0.041372 * 9  3  6  5 
10 5 3 0.059705 * 10   3   6   5 
11 5 2 0.174193 * 11   1   5 
1 6 2 0.009585 * 1  4  6 
1 6 2 0.009585 * 1  5  6 
2 6 2 0.203069 * 2  5  6 
3 6 1 0.033237 * 3  6 
4 6 1 0.018462 * 4  6 
5 6 1 0.068012 * 5  6 
7 6 2 0.038775 * 7  4  6 
8 6 3 0.061453 * 8  2  5  6 
9 6 2 0.003380 * 9  3  6 
10 6 2 0.028943 * 10   3   6 
11 6 3 0.032170 * 11   1   4   6 
11 6 3 0.032170 * 11   1   5   6 
1 7 2 0.145914 * 1  4  7 
2 7 4 0.347067 * 2  5  1  4  7 
2 7 4 0.347067 * 2  5  6  4  7 
3 7 2 0.060108 * 3  9  7 
4 7 1 0.059058 * 4  7 
5 7 3 0.101917 * 5  1  4  7 
5 7 3 0.101917 * 5  6  4  7 
6 7 2 0.059153 * 6  4  7 
8 7 4 0.332053 * 8  11   1   4   7 
9 7 1 0.040438 * 9  7 
10 7 2 0.155858 * 10   9   7 
11 7 3 0.297204 * 11   1   4   7 
1 8 2 0.162783 * 1  11   8 
2 8 1 0.375876 * 2  8 
3 8 4 0.163441 * 3  6  5  2  8 
4 8 3 0.191808 * 4   1  11   8 
5 8 2 0.270311 * 5  2  8 
6 8 3 0.126553 * 6  5  2  8 
7 8 4 0.420937 * 7   4   1  11   8 
9 8 5 0.025060 * 9  3  6  5  2  8 
9 8 5 0.025060 * 9   7   4   1  11   8 
10 8 5 0.153181 * 10   3   6   5   2   8 
11 8 1 0.352690 * 11   8 
1 9 3 0.004560 * 1  4  7  9 
2 9 4 0.037336 * 2  5  6  3  9 
3 9 1 0.054766 * 3  9 
4 9 2 0.007259 * 4  7  9 
5 9 3 0.015924 * 5  6  3  9 
6 9 2 0.002490 * 6  3  9 
7 9 1 0.060604 * 7  9 
8 9 5 0.006607 * 8  2  5  6  3  9 
8 9 5 0.006607 * 8  11   1   4   7   9 
10 9 1 0.028809 * 10   9 
11 9 4 0.017170 * 11   1   4   7   9 
1 10 4 0.018207 * 1   4   6   3  10 
1 10 4 0.018207 * 1   4   7   9  10 
1 10 4 0.029748 * 1   5   6   3  10 
2 10 4 0.355375 * 2   5   6   3  10 
3 10 1 0.030495 * 3  10 
4 10 3 0.006513 * 4   6   3  10 
4 10 3 0.006513 * 4   7   9  10 
5 10 3 0.028163 * 5   6   3  10 
6 10 2 0.016998 * 6   3  10 
7 10 2 0.122279 * 7   9  10 
8 10 5 0.107225 * 8   2   5   6   3  10 
9 10 1 0.021000 * 9  10 
11 10 5 0.014703 * 11   1   4   6   3  10 
11 10 5 0.014703 * 11   1   4   7   9  10 
11 10 5 0.020707 * 11   1   5   6   3  10 
1 11 1 0.533603 * 1  11 
2 11 2 0.454085 * 2   8  11 
3 11 4 0.128887 * 3   6   4   1  11 
3 11 4 0.128887 * 3   6   5   1  11 
4 11 2 0.148871 * 4   1  11 
5 11 2 0.244038 * 5   1  11 
6 11 3 0.046645 * 6   4   1  11 
6 11 3 0.046645 * 6   5   1  11 
7 11 3 0.366158 * 7   4   1  11 
8 11 1 0.758713 * 8  11 
9 11 4 0.020365 * 9   7   4   1  11 
10 11 5 0.055101 * 10   3   6   4   1  11 
10 11 5 0.055101 * 10   3   6   5   1  11 
10 11 5 0.055101 * 10   9   7   4   1  11 
