2 1 2 0.145571 * 2  5  1 
3 1 3 0.017286 * 3  6  4  1 
3 1 3 0.017286 * 3  6  5  1 
4 1 1 0.035519 * 4  1 
5 1 1 0.101137 * 5  1 
6 1 2 0.013117 * 6  4  1 
6 1 2 0.013117 * 6  5  1 
7 1 2 0.105321 * 7  4  1 
8 1 2 0.062646 * 8  11   1 
9 1 3 0.025545 * 9  7  4  1 
10 1 4 0.015928 * 10   3   6   4   1 
10 1 4 0.015928 * 10   3   6   5   1 
10 1 4 0.015928 * 10   9   7   4   1 
11 1 1 0.430749 * 11   1 
1 2 2 0.143410 * 1  5  2 
3 2 3 0.090317 * 3  6  5  2 
4 2 3 0.016898 * 4  1  5  2 
4 2 3 0.016898 * 4  6  5  2 
5 2 1 0.170541 * 5  2 
6 2 2 0.063291 * 6  5  2 
7 2 4 0.054669 * 7  4  1  5  2 
7 2 4 0.054669 * 7  4  6  5  2 
8 2 1 0.036996 * 8  2 
9 2 4 0.008251 * 9  3  6  5  2 
10 2 4 0.034921 * 10   3   6   5   2 
11 2 2 0.113281 * 11   8   2 
1 3 3 0.017042 * 1  4  6  3 
1 3 3 0.017042 * 1  5  6  3 
2 3 3 0.301799 * 2  5  6  3 
4 3 2 0.031955 * 4  6  3 
5 3 2 0.051535 * 5  6  3 
6 3 1 0.050304 * 6  3 
7 3 2 0.102400 * 7  9  3 
8 3 4 0.036387 * 8  2  5  6  3 
9 3 1 0.091575 * 9  3 
10 3 1 0.138818 * 10   3 
11 3 4 0.031698 * 11   1   4   6   3 
11 3 4 0.031698 * 11   1   5   6   3 
1 4 1 0.015942 * 1  4 
2 4 3 0.069113 * 2  5  1  4 
2 4 3 0.069113 * 2  5  6  4 
3 4 2 0.015720 * 3  6  4 
5 4 2 0.024511 * 5  1  4 
5 4 2 0.024511 * 5  6  4 
6 4 1 0.026704 * 6  4 
7 4 1 0.390118 * 7  4 
8 4 3 0.027976 * 8  11   1   4 
9 4 2 0.016828 * 9  7  4 
10 4 3 0.015764 * 10   3   6   4 
10 4 3 0.015764 * 10   9   7   4 
11 4 2 0.033324 * 11   1   4 
1 5 1 0.055024 * 1  5 
2 5 1 0.545071 * 2  5 
3 5 2 0.058987 * 3  6  5 
4 5 2 0.018758 * 4  1  5 
4 5 2 0.018758 * 4  6  5 
6 5 1 0.058835 * 6  5 
7 5 3 0.042032 * 7  4  1  5 
7 5 3 0.042032 * 7  4  6  5 
8 5 2 0.107213 * 8  2  5 
9 5 3 0.033933 * 9  3  6  5 
10 5 3 0.065051 * 10   3   6   5 
11 5 2 0.188505 * 11   1   5 
1 6 2 0.013498 * 1  4  6 
1 6 2 0.013498 * 1  5  6 
2 6 2 0.206041 * 2  5  6 
3 6 1 0.054933 * 3  6 
4 6 1 0.019978 * 4  6 
5 6 1 0.061512 * 5  6 
7 6 2 0.054399 * 7  4  6 
8 6 3 0.064399 * 8  2  5  6 
9 6 2 0.006187 * 9  3  6 
10 6 2 0.029105 * 10   3   6 
11 6 3 0.029746 * 11   1   4   6 
11 6 3 0.029746 * 11   1   5   6 
1 7 2 0.077960 * 1  4  7 
2 7 4 0.339612 * 2  5  1  4  7 
2 7 4 0.339612 * 2  5  6  4  7 
3 7 2 0.047428 * 3  9  7 
4 7 1 0.047965 * 4  7 
5 7 3 0.115166 * 5  1  4  7 
5 7 3 0.115166 * 5  6  4  7 
6 7 2 0.067656 * 6  4  7 
8 7 4 0.296072 * 8  11   1   4   7 
9 7 1 0.025875 * 9  7 
10 7 2 0.167485 * 10   9   7 
11 7 3 0.320347 * 11   1   4   7 
1 8 2 0.180919 * 1  11   8 
2 8 1 0.372119 * 2  8 
3 8 4 0.132073 * 3  6  5  2  8 
4 8 3 0.198247 * 4   1  11   8 
5 8 2 0.259477 * 5  2  8 
6 8 3 0.141850 * 6  5  2  8 
7 8 4 0.409655 * 7   4   1  11   8 
9 8 5 0.022698 * 9  3  6  5  2  8 
9 8 5 0.022698 * 9   7   4   1  11   8 
10 8 5 0.147691 * 10   3   6   5   2   8 
11 8 1 0.386383 * 11   8 
1 9 3 0.006221 * 1  4  7  9 
2 9 4 0.040806 * 2  5  6  3  9 
3 9 1 0.042349 * 3  9 
4 9 2 0.008298 * 4  7  9 
5 9 3 0.013786 * 5  6  3  9 
6 9 2 0.002720 * 6  3  9 
7 9 1 0.059320 * 7  9 
8 9 5 0.005933 * 8  2  5  6  3  9 
8 9 5 0.005933 * 8  11   1   4   7   9 
10 9 1 0.016141 * 10   9 
11 9 4 0.017133 * 11   1   4   7   9 
1 10 4 0.020756 * 1   4   6   3  10 
1 10 4 0.020756 * 1   4   7   9  10 
1 10 4 0.035306 * 1   5   6   3  10 
2 10 4 0.332286 * 2   5   6   3  10 
3 10 1 0.037959 * 3  10 
4 10 3 0.005735 * 4   6   3  10 
4 10 3 0.005735 * 4   7   9  10 
5 10 3 0.036513 * 5   6   3  10 
6 10 2 0.018740 * 6   3  10 
7 10 2 0.113177 * 7   9  10 
8 10 5 0.081363 * 8   2   5   6   3  10 
9 10 1 0.023393 * 9  10 
11 10 5 0.015795 * 11   1   4   6   3  10 
11 10 5 0.015795 * 11   1   4   7   9  10 
11 10 5 0.022109 * 11   1   5   6   3  10 
1 11 1 0.551040 * 1  11 
2 11 2 0.393768 * 2   8  11 
3 11 4 0.088787 * 3   6   4   1  11 
3 11 4 0.088787 * 3   6   5   1  11 
4 11 2 0.122621 * 4   1  11 
5 11 2 0.205837 * 5   1  11 
6 11 3 0.036224 * 6   4   1  11 
6 11 3 0.036224 * 6   5   1  11 
7 11 3 0.392047 * 7   4   1  11 
8 11 1 0.678539 * 8  11 
9 11 4 0.020332 * 9   7   4   1  11 
10 11 5 0.061252 * 10   3   6   4   1  11 
10 11 5 0.061252 * 10   3   6   5   1  11 
10 11 5 0.061252 * 10   9   7   4   1  11 
