2  5  1 
0.081272
3  6  4  1 
0.010311
3  6  5  1 
0.010311
4  1 
0.019005
5  1 
0.084180
6  4  1 
0.010027
6  5  1 
0.010027
7  4  1 
0.119737
8  11   1 
0.064204
9  7  4  1 
0.016721
10   3   6   4   1 
0.017226
10   3   6   5   1 
0.017226
10   9   7   4   1 
0.017226
11   1 
0.385106
1  5  2 
0.073371
3  6  5  2 
0.095577
4  1  5  2 
0.012655
4  6  5  2 
0.012655
5  2 
0.138016
6  5  2 
0.053982
7  4  1  5  2 
0.047997
7  4  6  5  2 
0.047997
8  2 
0.032200
9  3  6  5  2 
0.013332
10   3   6   5   2 
0.050886
11   8   2 
0.065087
1  4  6  3 
0.019107
1  5  6  3 
0.019107
2  5  6  3 
0.231810
4  6  3 
0.033772
5  6  3 
0.058550
6  3 
0.095008
7  9  3 
0.082447
8  2  5  6  3 
0.044014
9  3 
0.081367
10   3 
0.074267
11   1   4   6   3 
0.037515
11   1   5   6   3 
0.037515
1  4 
0.027522
2  5  1  4 
0.066761
2  5  6  4 
0.066761
3  6  4 
0.017274
5  1  4 
0.016073
5  6  4 
0.016073
6  4 
0.015704
7  4 
0.041053
8  11   1   4 
0.029137
9  7  4 
0.015265
10   3   6   4 
0.011475
10   9   7   4 
0.011475
11   1   4 
0.026697
1  5 
0.071618
2  5 
0.573280
3  6  5 
0.077229
4  1  5 
0.021684
4  6  5 
0.021684
6  5 
0.074266
7  4  1  5 
0.047870
7  4  6  5 
0.047870
8  2  5 
0.179791
9  3  6  5 
0.036587
10   3   6   5 
0.091008
11   1   5 
0.157205
1  4  6 
0.008398
1  5  6 
0.008398
2  5  6 
0.182623
3  6 
0.035641
4  6 
0.016009
5  6 
0.074104
7  4  6 
0.030219
8  2  5  6 
0.054470
9  3  6 
0.003783
10   3   6 
0.030531
11   1   4   6 
0.028429
11   1   5   6 
0.028429
1  4  7 
0.055336
2  5  1  4  7 
0.367066
2  5  6  4  7 
0.367066
3  9  7 
0.045252
4  7 
0.077449
5  1  4  7 
0.106564
5  6  4  7 
0.106564
6  4  7 
0.068241
8  11   1   4   7 
0.306171
9  7 
0.032792
10   9   7 
0.174941
11   1   4   7 
0.313821
1  11   8 
0.193560
2  8 
0.367206
3  6  5  2  8 
0.116766
4   1  11   8 
0.200691
5  2  8 
0.239812
6  5  2  8 
0.110339
7   4   1  11   8 
0.348209
9  3  6  5  2  8 
0.029441
9   7   4   1  11   8 
0.029441
10   3   6   5   2   8 
0.166255
11   8 
0.363226
1  4  7  9 
0.004274
2  5  6  3  9 
0.032966
3  9 
0.078593
4  7  9 
0.007145
5  6  3  9 
0.012597
6  3  9 
0.003136
7  9 
0.061169
8  2  5  6  3  9 
0.006074
8  11   1   4   7   9 
0.006074
10   9 
0.031131
11   1   4   7   9 
0.013237
1   4   6   3  10 
0.011219
1   4   7   9  10 
0.011219
1   5   6   3  10 
0.017934
2   5   6   3  10 
0.406408
3  10 
0.025633
4   6   3  10 
0.005801
4   7   9  10 
0.005801
5   6   3  10 
0.026821
6   3  10 
0.017175
7   9  10 
0.110637
8   2   5   6   3  10 
0.119256
9  10 
0.022589
11   1   4   6   3  10 
0.014453
11   1   4   7   9  10 
0.014453
11   1   5   6   3  10 
0.023104
1  11 
0.562226
2   8  11 
0.378524
3   6   4   1  11 
0.110886
3   6   5   1  11 
0.110886
4   1  11 
0.041372
5   1  11 
0.232197
6   4   1  11 
0.035611
6   5   1  11 
0.035611
7   4   1  11 
0.320032
8  11 
0.683401
9   7   4   1  11 
0.019930
10   3   6   4   1  11 
0.057476
10   3   6   5   1  11 
0.057476
10   9   7   4   1  11 
0.057476
