2 1 0.249052 0.059785 * 2  5  1  0 
2 1 0.352180 0.007249 * 2   8  11   1 
3 1 0.349138 0.009720 * 3  6  4  1 
3 1 0.327534 0.008349 * 3  6  5  1 
4 1 0.122285 0.014863 * 4  1 
5 1 0.108261 0.080953 * 5  1 
6 1 0.238938 0.007149 * 6  4  1 
6 1 0.217334 0.006141 * 6  5  1 
7 1 0.235058 0.108065 * 7  4  1 
8 1 0.238509 0.090133 * 8  11   1 
9 1 0.450721 0.008901 * 9  3  6  4  1 
9 1 0.429117 0.008901 * 9  3  6  5  1 
9 1 0.337950 0.006479 * 9  7  4  1  0 
10 1 0.454187 0.011456 * 10   3   6   4   1   0 
10 1 0.432583 0.011456 * 10   3   6   5   1   0 
10 1 0.552607 0.009930 * 10   9   3   6   4   1 
10 1 0.531003 0.009930 * 10   9   3   6   5   1 
10 1 0.439836 0.008454 * 10   9   7   4   1   0 
11 1 0.120710 0.721751 * 11   1 
1 2 0.222791 0.033365 * 1  5  2  0 
1 2 0.350319 0.033365 * 1  11   8   2 
3 2 0.332724 0.101016 * 3  6  5  2 
4 2 0.345075 0.057387 * 4  1  5  2  0 
4 2 0.472604 0.057387 * 4   1  11   8   2 
4 2 0.323785 0.029236 * 4  6  5  2  0 
5 2 0.113450 0.085052 * 5  2 
6 2 0.222524 0.039462 * 6  5  2 
7 2 0.457848 0.035072 * 7  4  1  5  2  0 
7 2 0.585377 0.035072 * 7   4   1  11   8   2 
7 2 0.436559 0.024806 * 7  4  6  5  2  0 
7 2 0.536235 0.007126 * 7  9  3  6  5  2 
8 2 0.104285 0.027824 * 8  2 
9 2 0.434306 0.022797 * 9  3  6  5  2 
10 2 0.437773 0.028038 * 10   3   6   5   2   0 
10 2 0.536192 0.014066 * 10   9   3   6   5   2 
11 2 0.214760 0.037526 * 11   8   2 
1 3 0.328040 0.010171 * 1  4  6  3  0 
1 3 0.436409 0.007881 * 1  4  7  9  3 
1 3 0.356310 0.018200 * 1  5  6  3  0 
2 3 0.387760 0.260033 * 2  5  6  3 
4 3 0.216195 0.013898 * 4  6  3  0 
4 3 0.324564 0.010770 * 4  7  9  3 
5 3 0.246969 0.031896 * 5  6  3 
6 3 0.114933 0.013772 * 6  3 
7 3 0.203511 0.018633 * 7  9  3 
8 3 0.492045 0.015644 * 8  2  5  6  3  0  0 
8 3 0.566549 0.009435 * 8  11   1   4   6   3   0 
8 3 0.674918 0.009435 * 8  11   1   4   7   9   3 
8 3 0.594819 0.009435 * 8  11   1   5   6   3   0 
9 3 0.101583 0.041394 * 9  3 
10 3 0.203468 0.013294 * 10   9   3 
10 3 0.105049 0.026499 * 10   3   0 
11 3 0.448750 0.011389 * 11   1   4   6   3   0 
11 3 0.557119 0.008825 * 11   1   4   7   9   3 
11 3 0.477020 0.019486 * 11   1   5   6   3   0 
1 4 0.111845 0.028367 * 1  4 
2 4 0.360897 0.038718 * 2  5  1  4  0 
2 4 0.389481 0.099163 * 2  5  6  4  0 
2 4 0.464025 0.003372 * 2   8  11   1   4 
3 4 0.226854 0.013226 * 3  6  4  0 
3 4 0.317257 0.001997 * 3  9  7  4 
5 4 0.220105 0.015027 * 5  1  4 
5 4 0.248689 0.038554 * 5  6  4 
6 4 0.116653 0.006614 * 6  4 
7 4 0.112773 0.047780 * 7  4 
8 4 0.350354 0.030918 * 8  11   1   4 
9 4 0.215666 0.005000 * 9  7  4 
10 4 0.331903 0.007649 * 10   3   6   4   0 
10 4 0.422306 0.002643 * 10   3   9   7   4 
10 4 0.317552 0.004511 * 10   9   7   4   0 
11 4 0.232555 0.014542 * 11   1   4 
1 5 0.109341 0.061919 * 1  5 
2 5 0.140791 0.596815 * 2  5 
3 5 0.219274 0.030238 * 3  6  5 
4 5 0.231625 0.014816 * 4  1  5 
4 5 0.210335 0.010531 * 4  6  5 
6 5 0.109074 0.063501 * 6  5 
7 5 0.344398 0.033539 * 7  4  1  5  0 
7 5 0.323109 0.023839 * 7  4  6  5  0 
7 5 0.422785 0.012485 * 7  9  3  6  5 
8 5 0.245076 0.093916 * 8  2  5  0 
8 5 0.347850 0.036021 * 8  11   1   5 
9 5 0.320856 0.044082 * 9  3  6  5 
10 5 0.324323 0.024695 * 10   3   6   5   0 
10 5 0.422742 0.012389 * 10   9   3   6   5 
11 5 0.230051 0.144966 * 11   1   5 
1 6 0.213107 0.009557 * 1  4  6 
1 6 0.241376 0.029631 * 1  5  6 
2 6 0.272827 0.188418 * 2  5  6 
3 6 0.110200 0.017507 * 3  6 
4 6 0.101262 0.032726 * 4  6 
5 6 0.132036 0.067503 * 5  6 
7 6 0.214035 0.014330 * 7  4  6  0 
7 6 0.313711 0.011104 * 7  9  3  6 
8 6 0.377112 0.021580 * 8  2  5  6  0 
8 6 0.451616 0.010946 * 8  11   1   4   6 
8 6 0.479886 0.010946 * 8  11   1   5   6 
9 6 0.211783 0.002514 * 9  3  6 
10 6 0.215249 0.015738 * 10   3   6   0 
10 6 0.313669 0.007895 * 10   9   3   6 
11 6 0.333817 0.018684 * 11   1   4   6 
11 6 0.362087 0.052618 * 11   1   5   6 
1 7 0.232898 0.095757 * 1  4  7 
2 7 0.481950 0.185089 * 2  5  1  4  7  0 
2 7 0.592244 0.075219 * 2  5  6  3  9  7 
2 7 0.510534 0.498287 * 2  5  6  4  7  0 
2 7 0.585078 0.017970 * 2   8  11   1   4   7 
3 7 0.204484 0.025261 * 3  9  7 
4 7 0.121053 0.029955 * 4  7 
5 7 0.341158 0.045733 * 5  1  4  7  0 
5 7 0.451453 0.018586 * 5  6  3  9  7 
5 7 0.369742 0.123120 * 5  6  4  7  0 
6 7 0.319417 0.004543 * 6  3  9  7 
6 7 0.237706 0.030095 * 6  4  7  0 
8 7 0.471407 0.295262 * 8  11   1   4   7 
9 7 0.102893 0.023681 * 9  7 
10 7 0.309533 0.027598 * 10   3   9   7 
10 7 0.204778 0.124105 * 10   9   7   0 
11 7 0.353608 0.263325 * 11   1   4   7 
1 8 0.336462 0.039614 * 1  5  2  8 
1 8 0.246034 0.145895 * 1  11   8   0 
2 8 0.113671 0.299479 * 2  8 
3 8 0.446395 0.074717 * 3  6  5  2  8 
4 8 0.458746 0.038180 * 4  1  5  2  8 
4 8 0.368318 0.129530 * 4   1  11   8   0 
4 8 0.437456 0.019661 * 4  6  5  2  8 
5 8 0.227121 0.266830 * 5  2  8 
6 8 0.336195 0.099770 * 6  5  2  8 
7 8 0.571519 0.065540 * 7  4  1  5  2  8 
7 8 0.481091 0.170689 * 7   4   1  11   8   0 
7 8 0.550229 0.033750 * 7  4  6  5  2  8 
9 8 0.547977 0.001267 * 9  3  6  5  2  8  0 
9 8 0.674412 0.009250 * 9  7  4  1  5  2  8 
9 8 0.583984 0.009250 * 9   7   4   1  11   8   0 
9 8 0.653122 0.006556 * 9  7  4  6  5  2  8 
10 8 0.551444 0.008617 * 10   3   6   5   2   8   0   0 
10 8 0.649863 0.005554 * 10   9   3   6   5   2   8   0 
10 8 0.776298 0.035874 * 10   9   7   4   1   5   2   8 
10 8 0.685870 0.035874 * 10   9   7   4   1  11   8   0 
10 8 0.755008 0.028730 * 10   9   7   4   6   5   2   8 
11 8 0.110475 0.267744 * 11   8 
1 9 0.429631 0.000820 * 1  4  6  3  9 
1 9 0.334826 0.005694 * 1  4  7  9  0 
2 9 0.678683 0.006954 * 2  5  1  4  6  3  9 
2 9 0.583878 0.041448 * 2  5  1  4  7  9  0 
2 9 0.489351 0.018829 * 2  5  6  3  9  0  0 
3 9 0.101591 0.032445 * 3  9 
4 9 0.317786 0.000909 * 4  6  3  9 
4 9 0.222982 0.006311 * 4  7  9  0 
5 9 0.537891 0.001779 * 5  1  4  6  3  9 
5 9 0.443087 0.010602 * 5  1  4  7  9  0 
5 9 0.348560 0.004816 * 5  6  3  9  0  0 
6 9 0.216524 0.002136 * 6  3  9 
7 9 0.101928 0.046226 * 7  9 
8 9 0.782968 0.003476 * 8  2  5  1  4  6  3  9 
8 9 0.688163 0.003476 * 8  2  5  1  4  7  9  0 
8 9 0.593636 0.003476 * 8  2  5  6  3  9  0  0 
8 9 0.668140 0.001067 * 8  11   1   4   6   3   9   0 
8 9 0.573336 0.001067 * 8  11   1   4   7   9   0   0 
10 9 0.206640 0.001986 * 10   3   9 
10 9 0.101886 0.008930 * 10   9   0 
11 9 0.550341 0.002428 * 11   1   4   6   3   9 
11 9 0.455537 0.002428 * 11   1   4   7   9   0 
1 10 0.530782 0.009972 * 1   4   6   3   9  10 
1 10 0.436476 0.009972 * 1   4   6   3  10   0 
1 10 0.435978 0.011666 * 1   4   7   9  10   0 
1 10 0.559052 0.026567 * 1   5   6   3   9  10 
1 10 0.464746 0.026567 * 1   5   6   3  10   0 
2 10 0.590503 0.088718 * 2   5   6   3   9  10 
2 10 0.496197 0.368937 * 2   5   6   3  10   0 
3 10 0.202742 0.002895 * 3   9  10 
3 10 0.108436 0.014290 * 3  10   0 
4 10 0.418937 0.003545 * 4   6   3   9  10 
4 10 0.324631 0.003545 * 4   6   3  10   0 
4 10 0.324133 0.004147 * 4   7   9  10   0 
5 10 0.449711 0.009699 * 5   6   3   9  10 
5 10 0.355405 0.047884 * 5   6   3  10   0 
6 10 0.317675 0.002749 * 6   3   9  10 
6 10 0.223370 0.013572 * 6   3  10   0 
7 10 0.203080 0.095650 * 7   9  10 
8 10 0.694788 0.023497 * 8   2   5   6   3   9  10   0 
8 10 0.600482 0.023497 * 8   2   5   6   3  10   0   0 
8 10 0.769292 0.012259 * 8  11   1   4   6   3   9  10 
8 10 0.674986 0.012259 * 8  11   1   4   6   3  10   0 
8 10 0.674487 0.014342 * 8  11   1   4   7   9  10   0 
8 10 0.797561 0.015319 * 8  11   1   5   6   3   9  10 
8 10 0.703255 0.015319 * 8  11   1   5   6   3  10   0 
9 10 0.101151 0.010467 * 9  10 
11 10 0.651492 0.004710 * 11   1   4   6   3   9  10 
11 10 0.557187 0.004710 * 11   1   4   6   3  10   0 
11 10 0.556688 0.005511 * 11   1   4   7   9  10   0 
11 10 0.679762 0.010482 * 11   1   5   6   3   9  10 
11 10 0.585456 0.010482 * 11   1   5   6   3  10   0 
1 11 0.135559 0.700145 * 1  11 
2 11 0.231470 0.320866 * 2   8  11 
3 11 0.484697 0.060186 * 3   6   4   1  11   0 
3 11 0.463093 0.057964 * 3   6   5   1  11   0 
3 11 0.564194 0.017329 * 3   6   5   2   8  11 
4 11 0.257843 0.154964 * 4   1  11 
5 11 0.243819 0.272067 * 5   1  11   0 
5 11 0.344920 0.032987 * 5   2   8  11 
6 11 0.374497 0.023777 * 6   4   1  11   0 
6 11 0.352893 0.022899 * 6   5   1  11   0 
6 11 0.453994 0.006846 * 6   5   2   8  11 
7 11 0.370616 0.422331 * 7   4   1  11 
8 11 0.117799 0.771000 * 8  11 
9 11 0.586279 0.008176 * 9   3   6   4   1  11   0 
9 11 0.564676 0.008176 * 9   3   6   5   1  11   0 
9 11 0.665776 0.006424 * 9   3   6   5   2   8  11 
9 11 0.473509 0.005636 * 9   7   4   1  11   0   0 
10 11 0.589746 0.037003 * 10   3   6   4   1  11   0   0 
10 11 0.568142 0.037003 * 10   3   6   5   1  11   0   0 
10 11 0.669243 0.019597 * 10   3   6   5   2   8  11   0 
10 11 0.688165 0.024942 * 10   9   3   6   4   1  11   0 
10 11 0.666561 0.024942 * 10   9   3   6   5   1  11   0 
10 11 0.767662 0.019597 * 10   9   3   6   5   2   8  11 
10 11 0.575395 0.017192 * 10   9   7   4   1  11   0   0 
