2 1 2 0.079383 * 2  5  1 
3 1 3 0.009630 * 3  6  4  1 
3 1 3 0.009630 * 3  6  5  1 
4 1 1 0.015340 * 4  1 
5 1 1 0.101465 * 5  1 
6 1 2 0.006886 * 6  4  1 
6 1 2 0.006886 * 6  5  1 
7 1 2 0.093542 * 7  4  1 
8 1 2 0.078733 * 8  11   1 
9 1 3 0.010204 * 9  7  4  1 
10 1 4 0.018537 * 10   3   6   4   1 
10 1 4 0.018537 * 10   3   6   5   1 
10 1 4 0.018537 * 10   9   7   4   1 
11 1 1 0.544635 * 11   1 
1 2 2 0.083667 * 1  5  2 
3 2 3 0.075244 * 3  6  5  2 
4 2 3 0.016453 * 4  1  5  2 
4 2 3 0.016453 * 4  6  5  2 
5 2 1 0.118035 * 5  2 
6 2 2 0.042848 * 6  5  2 
7 2 4 0.059173 * 7  4  1  5  2 
7 2 4 0.059173 * 7  4  6  5  2 
8 2 1 0.033120 * 8  2 
9 2 4 0.022146 * 9  3  6  5  2 
10 2 4 0.051652 * 10   3   6   5   2 
11 2 2 0.054406 * 11   8   2 
1 3 3 0.015579 * 1  4  6  3 
1 3 3 0.015579 * 1  5  6  3 
2 3 3 0.259755 * 2  5  6  3 
4 3 2 0.032799 * 4  6  3 
5 3 2 0.036284 * 5  6  3 
6 3 1 0.031119 * 6  3 
7 3 2 0.030697 * 7  9  3 
8 3 4 0.054859 * 8  2  5  6  3 
9 3 1 0.048575 * 9  3 
10 3 1 0.049327 * 10   3 
11 3 4 0.050578 * 11   1   4   6   3 
11 3 4 0.050578 * 11   1   5   6   3 
1 4 1 0.028466 * 1  4 
2 4 3 0.082159 * 2  5  1  4 
2 4 3 0.082159 * 2  5  6  4 
3 4 2 0.007346 * 3  6  4 
5 4 2 0.017092 * 5  1  4 
5 4 2 0.017092 * 5  6  4 
6 4 1 0.062388 * 6  4 
7 4 1 0.494863 * 7  4 
8 4 3 0.035920 * 8  11   1   4 
9 4 2 0.003973 * 9  7  4 
10 4 3 0.016713 * 10   3   6   4 
10 4 3 0.016713 * 10   9   7   4 
11 4 2 0.026253 * 11   1   4 
1 5 1 0.069975 * 1  5 
2 5 1 0.666310 * 2  5 
3 5 2 0.043165 * 3  6  5 
4 5 2 0.017457 * 4  1  5 
4 5 2 0.017457 * 4  6  5 
6 5 1 0.067694 * 6  5 
7 5 3 0.061243 * 7  4  1  5 
7 5 3 0.061243 * 7  4  6  5 
8 5 2 0.131290 * 8  2  5 
9 5 3 0.025635 * 9  3  6  5 
10 5 3 0.039387 * 10   3   6   5 
11 5 2 0.161197 * 11   1   5 
1 6 2 0.015940 * 1  4  6 
1 6 2 0.015940 * 1  5  6 
2 6 2 0.212278 * 2  5  6 
3 6 1 0.024969 * 3  6 
4 6 1 0.024443 * 4  6 
5 6 1 0.078477 * 5  6 
7 6 2 0.035052 * 7  4  6 
8 6 3 0.062787 * 8  2  5  6 
9 6 2 0.006232 * 9  3  6 
10 6 2 0.028205 * 10   3   6 
11 6 3 0.026942 * 11   1   4   6 
11 6 3 0.026942 * 11   1   5   6 
1 7 2 0.176162 * 1  4  7 
2 7 4 0.396833 * 2  5  1  4  7 
2 7 4 0.396833 * 2  5  6  4  7 
3 7 2 0.065061 * 3  9  7 
4 7 1 0.327904 * 4  7 
5 7 3 0.088410 * 5  1  4  7 
5 7 3 0.088410 * 5  6  4  7 
6 7 2 0.045723 * 6  4  7 
8 7 4 0.314361 * 8  11   1   4   7 
9 7 1 0.032771 * 9  7 
10 7 2 0.132097 * 10   9   7 
11 7 3 0.289899 * 11   1   4   7 
1 8 2 0.219653 * 1  11   8 
2 8 1 0.372480 * 2  8 
3 8 4 0.088126 * 3  6  5  2  8 
4 8 3 0.177646 * 4   1  11   8 
5 8 2 0.263510 * 5  2  8 
6 8 3 0.097509 * 6  5  2  8 
7 8 4 0.351007 * 7   4   1  11   8 
9 8 5 0.016114 * 9  3  6  5  2  8 
9 8 5 0.016114 * 9   7   4   1  11   8 
10 8 5 0.147271 * 10   3   6   5   2   8 
11 8 1 0.282794 * 11   8 
1 9 3 0.004290 * 1  4  7  9 
2 9 4 0.037969 * 2  5  6  3  9 
3 9 1 0.023085 * 3  9 
4 9 2 0.004632 * 4  7  9 
5 9 3 0.012328 * 5  6  3  9 
6 9 2 0.003009 * 6  3  9 
7 9 1 0.037119 * 7  9 
8 9 5 0.004888 * 8  2  5  6  3  9 
8 9 5 0.004888 * 8  11   1   4   7   9 
10 9 1 0.015874 * 10   9 
11 9 4 0.008536 * 11   1   4   7   9 
1 10 4 0.024447 * 1   4   6   3  10 
1 10 4 0.024447 * 1   4   7   9  10 
1 10 4 0.041757 * 1   5   6   3  10 
2 10 4 0.405356 * 2   5   6   3  10 
3 10 1 0.026590 * 3  10 
4 10 3 0.005594 * 4   6   3  10 
4 10 3 0.005594 * 4   7   9  10 
5 10 3 0.030782 * 5   6   3  10 
6 10 2 0.016113 * 6   3  10 
7 10 2 0.161960 * 7   9  10 
8 10 5 0.103495 * 8   2   5   6   3  10 
9 10 1 0.014120 * 9  10 
11 10 5 0.013203 * 11   1   4   6   3  10 
11 10 5 0.013203 * 11   1   4   7   9  10 
11 10 5 0.013876 * 11   1   5   6   3  10 
1 11 1 0.374105 * 1  11 
2 11 2 0.327631 * 2   8  11 
3 11 4 0.112277 * 3   6   4   1  11 
3 11 4 0.112277 * 3   6   5   1  11 
4 11 2 0.134025 * 4   1  11 
5 11 2 0.296704 * 5   1  11 
6 11 3 0.028175 * 6   4   1  11 
6 11 3 0.028175 * 6   5   1  11 
7 11 3 0.327529 * 7   4   1  11 
8 11 1 0.705704 * 8  11 
9 11 4 0.025961 * 9   7   4   1  11 
10 11 5 0.078526 * 10   3   6   4   1  11 
10 11 5 0.078526 * 10   3   6   5   1  11 
10 11 5 0.078526 * 10   9   7   4   1  11 
