2  5  1 
0.096312
3  6  4  1 
0.016946
3  6  5  1 
0.007884
4  1 
0.055859
5  1 
0.132422
6  4  1 
0.026008
6  5  1 
0.012099
7  4  1 
0.096576
8  2  5  1 
0.026879
8  11   1   0 
0.057778
9  3  6  4  1 
0.009044
9  3  6  5  1 
0.009044
9  7  4  1  0 
0.007159
10   3   6   4   1   0 
0.016976
10   3   6   5   1   0 
0.016976
10   9   3   6   4   1 
0.010311
10   9   3   6   5   1 
0.010311
10   9   7   4   1   0 
0.009319
11   1 
0.391003
1  5  2  0 
0.063129
1  11   8   2 
0.063129
3  6  5  2 
0.093261
4  1  5  2  0 
0.016898
4   1  11   8   2 
0.016898
4  6  5  2  0 
0.004442
5  2 
0.146642
6  5  2 
0.048302
7  4  1  5  2  0 
0.045530
7   4   1  11   8   2 
0.045530
7  4  6  5  2  0 
0.013196
7  9  3  6  5  2 
0.005947
8  2 
0.069689
9  3  6  5  2 
0.016786
10   3   6   5   2   0 
0.023541
10   9   3   6   5   2 
0.007981
11   8   2 
0.087347
1  4  6  3  0 
0.008256
1  4  7  9  3 
0.005240
1  5  6  3  0 
0.009649
2  5  6  3 
0.196861
4  6  3  0 
0.025501
4  7  9  3 
0.016001
5  6  3 
0.043313
6  3 
0.070016
7  9  3 
0.119376
8  2  5  6  3  0  0 
0.007385
8  11   1   4   6   3   0 
0.013704
8  11   1   4   7   9   3 
0.013704
8  11   1   5   6   3   0 
0.013704
9  3 
0.063760
10   9   3 
0.018487
10   3   0 
0.054530
11   1   4   6   3   0 
0.030178
11   1   4   7   9   3 
0.019155
11   1   5   6   3   0 
0.035269
1  4 
0.015963
2  5  1  4 
0.036722
2  5  6  4 
0.078937
3  6  4  0 
0.019353
3  9  7  4 
0.002169
5  1  4 
0.016944
5  6  4 
0.036421
6  4 
0.023300
7  4 
0.140512
8  2  5  1  4 
0.007714
8  2  5  6  4 
0.007714
8  11   1   4   0 
0.005264
9  7  4 
0.016274
10   3   6   4   0 
0.015747
10   3   9   7   4 
0.003454
10   9   7   4   0 
0.005567
11   1   4 
0.049113
1  5 
0.124053
2  5 
0.526826
3  6  5 
0.049314
4  1  5 
0.028689
4  6  5 
0.015084
6  5 
0.089991
7  4  1  5  0 
0.081386
7  4  6  5  0 
0.042790
7  9  3  6  5 
0.019593
8  2  5  0 
0.105357
8  11   1   5 
0.105357
9  3  6  5 
0.045083
10   3   6   5   0 
0.048320
10   9   3   6   5 
0.016382
11   1   5 
0.207239
1  4  6 
0.018346
1  5  6 
0.034893
2  5  6 
0.202985
3  6 
0.070576
4  6 
0.027722
5  6 
0.060585
7  4  6  0 
0.030836
7  9  3  6 
0.019349
8  2  5  6  0 
0.010225
8  11   1   4   6 
0.015600
8  11   1   5   6 
0.015600
9  3  6 
0.010391
10   3   6   0 
0.018080
10   9   3   6 
0.006129
11   1   4   6 
0.026884
11   1   5   6 
0.051134
1  4  7 
0.073775
2  5  1  4  7  0 
0.165420
2  5  6  3  9  7 
0.043239
2  5  6  4  7  0 
0.385808
3  9  7 
0.062973
4  7 
0.051455
5  1  4  7  0 
0.062536
5  6  3  9  7 
0.016346
5  6  4  7  0 
0.145854
6  3  9  7 
0.006055
6  4  7  0 
0.054030
8  2  5  1  4  7  0 
0.097996
8  2  5  6  3  9  7 
0.041327
8  2  5  6  4  7  0 
0.097996
8  11   1   4   7   0   0 
0.062129
9  7 
0.020258
10   3   9   7 
0.042746
10   9   7   0 
0.149959
11   1   4   7 
0.325967
1  5  2  8 
0.034920
1  11   8   0 
0.194670
2  8 
0.384669
3  6  5  2  8 
0.098218
4  1  5  2  8 
0.034846
4   1  11   8   0 
0.173303
4  6  5  2  8 
0.013859
5  2  8 
0.374060
6  5  2  8 
0.146890
7  4  1  5  2  8 
0.080083
7   4   1  11   8   0 
0.306121
7  4  6  5  2  8 
0.031849
9  3  6  5  2  8  0 
0.002191
9  7  4  1  5  2  8 
0.018043
9   7   4   1  11   8   0 
0.018043
9  7  4  6  5  2  8 
0.007915
10   3   6   5   2   8   0   0 
0.013755
10   9   3   6   5   2   8   0 
0.006827
10   9   7   4   1   5   2   8 
0.043064
10   9   7   4   1  11   8   0 
0.043064
10   9   7   4   6   5   2   8 
0.024661
11   8 
0.430477
1  4  6  3  9 
0.000655
1  4  7  9  0 
0.004253
2  5  1  4  6  3  9 
0.004457
2  5  1  4  7  9  0 
0.015226
2  5  6  3  9  0  0 
0.008808
3  9 
0.046319
4  6  3  9 
0.001436
4  7  9  0 
0.009327
5  1  4  6  3  9 
0.003764
5  1  4  7  9  0 
0.013632
5  6  3  9  0  0 
0.007438
6  3  9 
0.003288
7  9 
0.013547
8  2  5  1  4  6  3  9 
0.004530
8  2  5  1  4  7  9  0 
0.004530
8  2  5  6  3  9  0  0 
0.004530
8  11   1   4   6   3   9   0 
0.004960
8  11   1   4   7   9   0   0 
0.006299
10   3   9 
0.004641
10   9   0 
0.016280
11   1   4   6   3   9 
0.003987
11   1   4   7   9   0 
0.009942
1   4   6   3   9  10 
0.012752
1   4   6   3  10   0 
0.012752
1   4   7   9  10   0 
0.018366
1   5   6   3   9  10 
0.020475
1   5   6   3  10   0 
0.020475
2   5   6   3   9  10 
0.071746
2   5   6   3  10   0 
0.161339
3   9  10 
0.007420
3  10   0 
0.026032
4   6   3   9  10 
0.005976
4   6   3  10   0 
0.005976
4   7   9  10   0 
0.008607
5   6   3   9  10 
0.011399
5   6   3  10   0 
0.039273
6   3   9  10 
0.007680
6   3  10   0 
0.026944
7   9  10 
0.146590
8   2   5   6   3   9  10   0 
0.006337
8   2   5   6   3  10   0   0 
0.006337
8  11   1   4   6   3   9  10 
0.013530
8  11   1   4   6   3  10   0 
0.013530
8  11   1   4   7   9  10   0 
0.014467
8  11   1   5   6   3   9  10 
0.014467
8  11   1   5   6   3  10   0 
0.014467
9  10 
0.037127
11   1   4   6   3   9  10 
0.008354
11   1   4   6   3  10   0 
0.008354
11   1   4   7   9  10   0 
0.012031
11   1   5   6   3   9  10 
0.013413
11   1   5   6   3  10   0 
0.013413
1  11 
0.465685
2   8  11 
0.455469
3   6   4   1  11   0 
0.082655
3   6   5   1  11   0 
0.053279
3   6   5   2   8  11 
0.037232
4   1  11 
0.113042
5   1  11   0 
0.202260
5   2   8  11 
0.077989
6   4   1  11   0 
0.056555
6   5   1  11   0 
0.036455
6   5   2   8  11 
0.025475
7   4   1  11 
0.413589
8  11 
0.894014
9   3   6   4   1  11   0 
0.005862
9   3   6   5   1  11   0 
0.005862
9   3   6   5   2   8  11 
0.005862
9   7   4   1  11   0   0 
0.004134
10   3   6   4   1  11   0   0 
0.042958
10   3   6   5   1  11   0   0 
0.042958
10   3   6   5   2   8  11   0 
0.042958
10   9   3   6   4   1  11   0 
0.018904
10   9   3   6   5   1  11   0 
0.018904
10   9   3   6   5   2   8  11 
0.018904
10   9   7   4   1  11   0   0 
0.013331
