2 1 2 0.074666 * 2  5  1 
3 1 3 0.004689 * 3  6  4  1 
3 1 3 0.004689 * 3  6  5  1 
4 1 1 0.006952 * 4  1 
5 1 1 0.078427 * 5  1 
6 1 2 0.008643 * 6  4  1 
6 1 2 0.008643 * 6  5  1 
7 1 2 0.103526 * 7  4  1 
8 1 2 0.087555 * 8  11   1 
9 1 3 0.033828 * 9  7  4  1 
10 1 4 0.014416 * 10   3   6   4   1 
10 1 4 0.014416 * 10   3   6   5   1 
10 1 4 0.014416 * 10   9   7   4   1 
11 1 1 0.805609 * 11   1 
1 2 2 0.068074 * 1  5  2 
3 2 3 0.068029 * 3  6  5  2 
4 2 3 0.048377 * 4  1  5  2 
4 2 3 0.048377 * 4  6  5  2 
5 2 1 0.075298 * 5  2 
6 2 2 0.026906 * 6  5  2 
7 2 4 0.052167 * 7  4  1  5  2 
7 2 4 0.052167 * 7  4  6  5  2 
8 2 1 0.022617 * 8  2 
9 2 4 0.008459 * 9  3  6  5  2 
10 2 4 0.042981 * 10   3   6   5   2 
11 2 2 0.055010 * 11   8   2 
1 3 3 0.014430 * 1  4  6  3 
1 3 3 0.014430 * 1  5  6  3 
2 3 3 0.271190 * 2  5  6  3 
4 3 2 0.023963 * 4  6  3 
5 3 2 0.030234 * 5  6  3 
6 3 1 0.018352 * 6  3 
7 3 2 0.033443 * 7  9  3 
8 3 4 0.072435 * 8  2  5  6  3 
9 3 1 0.035071 * 9  3 
10 3 1 0.068625 * 10   3 
11 3 4 0.019125 * 11   1   4   6   3 
11 3 4 0.019125 * 11   1   5   6   3 
1 4 1 0.021466 * 1  4 
2 4 3 0.070358 * 2  5  1  4 
2 4 3 0.070358 * 2  5  6  4 
3 4 2 0.008999 * 3  6  4 
5 4 2 0.030601 * 5  1  4 
5 4 2 0.030601 * 5  6  4 
6 4 1 0.007409 * 6  4 
7 4 1 1.051560 * 7  4 
8 4 3 0.026263 * 8  11   1   4 
9 4 2 0.003634 * 9  7  4 
10 4 3 0.005569 * 10   3   6   4 
10 4 3 0.005569 * 10   9   7   4 
11 4 2 0.022243 * 11   1   4 
1 5 1 0.049669 * 1  5 
2 5 1 0.629138 * 2  5 
3 5 2 0.031182 * 3  6  5 
4 5 2 0.013078 * 4  1  5 
4 5 2 0.013078 * 4  6  5 
6 5 1 0.047772 * 6  5 
7 5 3 0.036872 * 7  4  1  5 
7 5 3 0.036872 * 7  4  6  5 
8 5 2 0.120761 * 8  2  5 
9 5 3 0.038166 * 9  3  6  5 
10 5 3 0.038998 * 10   3   6   5 
11 5 2 0.108135 * 11   1   5 
1 6 2 0.020623 * 1  4  6 
1 6 2 0.020623 * 1  5  6 
2 6 2 0.226235 * 2  5  6 
3 6 1 0.015842 * 3  6 
4 6 1 0.018118 * 4  6 
5 6 1 0.050154 * 5  6 
7 6 2 0.023628 * 7  4  6 
8 6 3 0.044202 * 8  2  5  6 
9 6 2 0.002958 * 9  3  6 
10 6 2 0.025298 * 10   3   6 
11 6 3 0.038889 * 11   1   4   6 
11 6 3 0.038889 * 11   1   5   6 
1 7 2 0.194599 * 1  4  7 
2 7 4 0.361404 * 2  5  1  4  7 
2 7 4 0.361404 * 2  5  6  4  7 
3 7 2 0.017418 * 3  9  7 
4 7 1 0.055429 * 4  7 
5 7 3 0.085771 * 5  1  4  7 
5 7 3 0.085771 * 5  6  4  7 
6 7 2 0.037044 * 6  4  7 
8 7 4 0.258570 * 8  11   1   4   7 
9 7 1 0.018727 * 9  7 
10 7 2 0.134891 * 10   9   7 
11 7 3 0.303088 * 11   1   4   7 
1 8 2 0.203695 * 1  11   8 
2 8 1 0.312433 * 2  8 
3 8 4 0.089968 * 3  6  5  2  8 
4 8 3 0.199576 * 4   1  11   8 
5 8 2 0.287344 * 5  2  8 
6 8 3 0.086381 * 6  5  2  8 
7 8 4 0.265614 * 7   4   1  11   8 
9 8 5 0.010990 * 9  3  6  5  2  8 
9 8 5 0.010990 * 9   7   4   1  11   8 
10 8 5 0.119949 * 10   3   6   5   2   8 
11 8 1 0.290452 * 11   8 
1 9 3 0.004345 * 1  4  7  9 
2 9 4 0.039761 * 2  5  6  3  9 
3 9 1 0.013852 * 3  9 
4 9 2 0.002923 * 4  7  9 
5 9 3 0.016948 * 5  6  3  9 
6 9 2 0.001890 * 6  3  9 
7 9 1 0.034449 * 7  9 
8 9 5 0.007205 * 8  2  5  6  3  9 
8 9 5 0.007205 * 8  11   1   4   7   9 
10 9 1 0.010584 * 10   9 
11 9 4 0.006521 * 11   1   4   7   9 
1 10 4 0.024027 * 1   4   6   3  10 
1 10 4 0.024027 * 1   4   7   9  10 
1 10 4 0.040567 * 1   5   6   3  10 
2 10 4 0.459445 * 2   5   6   3  10 
3 10 1 0.019767 * 3  10 
4 10 3 0.005993 * 4   6   3  10 
4 10 3 0.005993 * 4   7   9  10 
5 10 3 0.054979 * 5   6   3  10 
6 10 2 0.015800 * 6   3  10 
7 10 2 0.102791 * 7   9  10 
8 10 5 0.112739 * 8   2   5   6   3  10 
9 10 1 0.013636 * 9  10 
11 10 5 0.013434 * 11   1   4   6   3  10 
11 10 5 0.013434 * 11   1   4   7   9  10 
11 10 5 0.014417 * 11   1   5   6   3  10 
1 11 1 0.464123 * 1  11 
2 11 2 0.439522 * 2   8  11 
3 11 4 0.089883 * 3   6   4   1  11 
3 11 4 0.089883 * 3   6   5   1  11 
4 11 2 0.136389 * 4   1  11 
5 11 2 0.276546 * 5   1  11 
6 11 3 0.026082 * 6   4   1  11 
6 11 3 0.026082 * 6   5   1  11 
7 11 3 0.353900 * 7   4   1  11 
8 11 1 0.664024 * 8  11 
9 11 4 0.015610 * 9   7   4   1  11 
10 11 5 0.049244 * 10   3   6   4   1  11 
10 11 5 0.049244 * 10   3   6   5   1  11 
10 11 5 0.049244 * 10   9   7   4   1  11 
