2  5  1 
0.098440
3  6  4  1 
0.010564
3  6  5  1 
0.010564
4  1 
0.008714
5  1 
0.110890
6  4  1 
0.027216
6  5  1 
0.027216
7  4  1 
0.090259
8  11   1 
0.077362
9  7  4  1 
0.006235
10   3   6   4   1 
0.013147
10   3   6   5   1 
0.013147
10   9   7   4   1 
0.013147
11   1 
0.463289
1  5  2 
0.093264
3  6  5  2 
0.037691
4  1  5  2 
0.023545
4  6  5  2 
0.023545
5  2 
0.092580
6  5  2 
0.074430
7  4  1  5  2 
0.041748
7  4  6  5  2 
0.041748
8  2 
0.030006
9  3  6  5  2 
0.006639
10   3   6   5   2 
0.032282
11   8   2 
0.079307
1  4  6  3 
0.019327
1  5  6  3 
0.019327
2  5  6  3 
0.259243
4  6  3 
0.028887
5  6  3 
0.028875
6  3 
0.083917
7  9  3 
0.061623
8  2  5  6  3 
0.052803
9  3 
0.061501
10   3 
0.082801
11   1   4   6   3 
0.044442
11   1   5   6   3 
0.044442
1  4 
0.044848
2  5  1  4 
0.060360
2  5  6  4 
0.060360
3  6  4 
0.007649
5  1  4 
0.021874
5  6  4 
0.021874
6  4 
0.018060
7  4 
0.961400
8  11   1   4 
0.030590
9  7  4 
0.007590
10   3   6   4 
0.004795
10   9   7   4 
0.004795
11   1   4 
0.067092
1  5 
0.089653
2  5 
0.678739
3  6  5 
0.040650
4  1  5 
0.022375
4  6  5 
0.022375
6  5 
0.047760
7  4  1  5 
0.042538
7  4  6  5 
0.042538
8  2  5 
0.150790
9  3  6  5 
0.012917
10   3   6   5 
0.025644
11   1   5 
0.276332
1  4  6 
0.017259
1  5  6 
0.017259
2  5  6 
0.217763
3  6 
0.020750
4  6 
0.014355
5  6 
0.068002
7  4  6 
0.016231
8  2  5  6 
0.042765
9  3  6 
0.003610
10   3   6 
0.024899
11   1   4   6 
0.043965
11   1   5   6 
0.043965
1  4  7 
0.083411
2  5  1  4  7 
0.380602
2  5  6  4  7 
0.380602
3  9  7 
0.023030
4  7 
0.043857
5  1  4  7 
0.108752
5  6  4  7 
0.108752
6  4  7 
0.029262
8  11   1   4   7 
0.291921
9  7 
0.018174
10   9   7 
0.109080
11   1   4   7 
0.276375
1  11   8 
0.253032
2  8 
0.330768
3  6  5  2  8 
0.091555
4   1  11   8 
0.167258
5  2  8 
0.400571
6  5  2  8 
0.085273
7   4   1  11   8 
0.258349
9  3  6  5  2  8 
0.017000
9   7   4   1  11   8 
0.017000
10   3   6   5   2   8 
0.139979
11   8 
0.435028
1  4  7  9 
0.009665
2  5  6  3  9 
0.029599
3  9 
0.020198
4  7  9 
0.002615
5  6  3  9 
0.016872
6  3  9 
0.001905
7  9 
0.026127
8  2  5  6  3  9 
0.004980
8  11   1   4   7   9 
0.004980
10   9 
0.011933
11   1   4   7   9 
0.007691
1   4   6   3  10 
0.024669
1   4   7   9  10 
0.024669
1   5   6   3  10 
0.044849
2   5   6   3  10 
0.488803
3  10 
0.018042
4   6   3  10 
0.003971
4   7   9  10 
0.003971
5   6   3  10 
0.049258
6   3  10 
0.019691
7   9  10 
0.086428
8   2   5   6   3  10 
0.108350
9  10 
0.026969
11   1   4   6   3  10 
0.018540
11   1   4   7   9  10 
0.018540
11   1   5   6   3  10 
0.027393
1  11 
0.616033
2   8  11 
0.358805
3   6   4   1  11 
0.131688
3   6   5   1  11 
0.131688
4   1  11 
0.055458
5   1  11 
0.288328
6   4   1  11 
0.035582
6   5   1  11 
0.035582
7   4   1  11 
0.278183
8  11 
0.786582
9   7   4   1  11 
0.022055
10   3   6   4   1  11 
0.051556
10   3   6   5   1  11 
0.051556
10   9   7   4   1  11 
0.051556
