2 1 0.245131 0.087736 * 2  5  1  0 
2 1 0.357237 0.009722 * 2   8  11   1 
3 1 0.359031 0.024770 * 3  6  4  1 
3 1 0.335396 0.016050 * 3  6  5  1 
4 1 0.125167 0.035238 * 4  1 
5 1 0.109167 0.124829 * 5  1 
6 1 0.244477 0.013355 * 6  4  1 
6 1 0.220841 0.008654 * 6  5  1 
7 1 0.247678 0.095707 * 7  4  1 
8 1 0.237835 0.078197 * 8  11   1 
9 1 0.462237 0.013530 * 9  3  6  4  1 
9 1 0.438601 0.013530 * 9  3  6  5  1 
9 1 0.351021 0.004176 * 9  7  4  1  0 
10 1 0.465947 0.022913 * 10   3   6   4   1   0 
10 1 0.442311 0.022913 * 10   3   6   5   1   0 
10 1 0.564336 0.003653 * 10   9   3   6   4   1 
10 1 0.540700 0.003653 * 10   9   3   6   5   1 
10 1 0.453120 0.003653 * 10   9   7   4   1   0 
11 1 0.118396 0.400219 * 11   1 
1 2 0.223523 0.035133 * 1  5  2  0 
1 2 0.357989 0.035133 * 1  11   8   2 
3 2 0.340783 0.086963 * 3  6  5  2 
4 2 0.348690 0.011303 * 4  1  5  2  0 
4 2 0.483157 0.011303 * 4   1  11   8   2 
4 2 0.327740 0.003782 * 4  6  5  2  0 
5 2 0.114554 0.159911 * 5  2 
6 2 0.226228 0.053899 * 6  5  2 
7 2 0.471201 0.034524 * 7  4  1  5  2  0 
7 2 0.605668 0.034524 * 7   4   1  11   8   2 
7 2 0.450251 0.011631 * 7  4  6  5  2  0 
7 2 0.547524 0.008498 * 7  9  3  6  5  2 
8 2 0.104537 0.033804 * 8  2 
9 2 0.443988 0.016534 * 9  3  6  5  2 
10 2 0.447698 0.033897 * 10   3   6   5   2   0 
10 2 0.546087 0.004129 * 10   9   3   6   5   2 
11 2 0.219381 0.107275 * 11   8   2 
1 3 0.329617 0.010626 * 1  4  6  3  0 
1 3 0.440758 0.010626 * 1  4  7  9  3 
1 3 0.355720 0.017269 * 1  5  6  3  0 
2 3 0.382716 0.299803 * 2  5  6  3 
4 3 0.217078 0.015028 * 4  6  3  0 
4 3 0.328220 0.015028 * 4  7  9  3 
5 3 0.246752 0.044474 * 5  6  3 
6 3 0.115566 0.068624 * 6  3 
7 3 0.206741 0.121556 * 7  9  3 
8 3 0.487252 0.006263 * 8  2  5  6  3  0  0 
8 3 0.567451 0.006195 * 8  11   1   4   6   3   0 
8 3 0.678593 0.006195 * 8  11   1   4   7   9   3 
8 3 0.593555 0.006195 * 8  11   1   5   6   3   0 
9 3 0.103205 0.087173 * 9  3 
10 3 0.205304 0.009279 * 10   9   3 
10 3 0.106915 0.076168 * 10   3   0 
11 3 0.448013 0.020126 * 11   1   4   6   3   0 
11 3 0.559154 0.020126 * 11   1   4   7   9   3 
11 3 0.474117 0.032706 * 11   1   5   6   3   0 
1 4 0.112538 0.025937 * 1  4 
2 4 0.357669 0.038583 * 2  5  1  4  0 
2 4 0.386459 0.097118 * 2  5  6  4  0 
2 4 0.469775 0.003044 * 2   8  11   1   4 
3 4 0.233864 0.016799 * 3  6  4  0 
3 4 0.327981 0.002908 * 3  9  7  4 
5 4 0.221706 0.015391 * 5  1  4 
5 4 0.250496 0.039017 * 5  6  4 
6 4 0.119310 0.019145 * 6  4 
7 4 0.122511 0.582218 * 7  4 
8 4 0.350373 0.029841 * 8  11   1   4 
9 4 0.225854 0.018310 * 9  7  4 
10 4 0.340780 0.029495 * 10   3   6   4   0 
10 4 0.434896 0.006742 * 10   3   9   7   4 
10 4 0.327953 0.001558 * 10   9   7   4   0 
11 4 0.230935 0.028517 * 11   1   4 
1 5 0.108968 0.043868 * 1  5 
2 5 0.135963 0.524265 * 2  5 
3 5 0.226229 0.055831 * 3  6  5 
4 5 0.234135 0.025320 * 4  1  5 
4 5 0.213186 0.016534 * 4  6  5 
6 5 0.111674 0.068378 * 6  5 
7 5 0.356647 0.045893 * 7  4  1  5  0 
7 5 0.335697 0.029969 * 7  4  6  5  0 
7 5 0.432969 0.018514 * 7  9  3  6  5 
8 5 0.240500 0.066577 * 8  2  5  0 
8 5 0.346803 0.036684 * 8  11   1   5 
9 5 0.329434 0.040357 * 9  3  6  5 
10 5 0.333144 0.047443 * 10   3   6   5   0 
10 5 0.431533 0.005780 * 10   9   3   6   5 
11 5 0.227364 0.176398 * 11   1   5 
1 6 0.214050 0.005767 * 1  4  6 
1 6 0.240154 0.014506 * 1  5  6 
2 6 0.267149 0.218138 * 2  5  6 
3 6 0.114555 0.050972 * 3  6 
4 6 0.101512 0.021054 * 4  6 
5 6 0.131186 0.061007 * 5  6 
7 6 0.224023 0.026346 * 7  4  6  0 
7 6 0.321295 0.026346 * 7  9  3  6 
8 6 0.371686 0.024561 * 8  2  5  6  0 
8 6 0.451885 0.018913 * 8  11   1   4   6 
8 6 0.477989 0.018913 * 8  11   1   5   6 
9 6 0.217760 0.004768 * 9  3  6 
10 6 0.221470 0.030712 * 10   3   6   0 
10 6 0.319859 0.003741 * 10   9   3   6 
11 6 0.332446 0.018354 * 11   1   4   6 
11 6 0.358550 0.046170 * 11   1   5   6 
1 7 0.234017 0.058955 * 1  4  7 
2 7 0.479148 0.144352 * 2  5  1  4  7  0  0 
2 7 0.588186 0.092480 * 2  5  6  3  9  7  0 
2 7 0.695506 0.033106 * 2   5   6   3  10   9   7 
2 7 0.507938 0.401736 * 2  5  6  4  7  0  0 
2 7 0.591254 0.011713 * 2   8  11   1   4   7   0 
3 7 0.205470 0.034960 * 3  9  7  0 
3 7 0.312791 0.012515 * 3  10   9   7 
4 7 0.121479 0.049819 * 4  7 
5 7 0.343185 0.052294 * 5  1  4  7  0  0 
5 7 0.452222 0.033503 * 5  6  3  9  7  0 
5 7 0.559543 0.011993 * 5   6   3  10   9   7 
5 7 0.371974 0.145537 * 5  6  4  7  0  0 
6 7 0.321036 0.011813 * 6  3  9  7  0 
6 7 0.428357 0.004229 * 6   3  10   9   7 
6 7 0.240788 0.051318 * 6  4  7  0  0 
8 7 0.471852 0.295560 * 8  11   1   4   7 
9 7 0.103343 0.028700 * 9  7 
10 7 0.205442 0.167473 * 10   9   7 
11 7 0.352413 0.328433 * 11   1   4   7 
1 8 0.342924 0.029091 * 1  5  2  8 
1 8 0.253453 0.145778 * 1  11   8   0 
2 8 0.119402 0.383251 * 2  8 
3 8 0.460185 0.133120 * 3  6  5  2  8 
4 8 0.468092 0.032690 * 4  1  5  2  8 
4 8 0.378620 0.154611 * 4   1  11   8   0 
4 8 0.447142 0.016796 * 4  6  5  2  8 
5 8 0.233956 0.277112 * 5  2  8 
6 8 0.345630 0.132213 * 6  5  2  8 
7 8 0.590603 0.080695 * 7  4  1  5  2  8 
7 8 0.501131 0.302425 * 7   4   1  11   8   0 
7 8 0.569653 0.041461 * 7  4  6  5  2  8 
9 8 0.563390 0.002600 * 9  3  6  5  2  8  0 
9 8 0.693945 0.013496 * 9  7  4  1  5  2  8 
9 8 0.604473 0.013496 * 9   7   4   1  11   8   0 
9 8 0.672996 0.010897 * 9  7  4  6  5  2  8 
10 8 0.567100 0.042368 * 10   3   6   5   2   8   0   0 
10 8 0.665489 0.008474 * 10   9   3   6   5   2   8   0 
10 8 0.796044 0.031955 * 10   9   7   4   1   5   2   8 
10 8 0.706573 0.031955 * 10   9   7   4   1  11   8   0 
10 8 0.775095 0.031955 * 10   9   7   4   6   5   2   8 
11 8 0.114844 0.381370 * 11   8 
1 9 0.539065 0.000921 * 1   4   6   3  10   9 
1 9 0.431744 0.000921 * 1  4  6  3  9  0 
1 9 0.337553 0.001993 * 1  4  7  9  0  0 
2 9 0.784195 0.005731 * 2   5   1   4   6   3  10   9 
2 9 0.676875 0.005731 * 2  5  1  4  6  3  9  0 
2 9 0.582684 0.008222 * 2  5  1  4  7  9  0  0 
2 9 0.592164 0.006228 * 2   5   6   3  10   9   0   0 
2 9 0.484843 0.008222 * 2  5  6  3  9  0  0  0 
3 9 0.209448 0.011123 * 3  10   9 
3 9 0.102127 0.031072 * 3  9  0 
4 9 0.426526 0.002248 * 4   6   3  10   9 
4 9 0.319206 0.002248 * 4  6  3  9  0 
4 9 0.225014 0.004863 * 4  7  9  0  0 
5 9 0.648232 0.010244 * 5   1   4   6   3  10   9 
5 9 0.540911 0.010244 * 5  1  4  6  3  9  0 
5 9 0.446720 0.021152 * 5  1  4  7  9  0  0 
5 9 0.456200 0.011132 * 5   6   3  10   9   0   0 
5 9 0.348880 0.016948 * 5  6  3  9  0  0  0 
6 9 0.325014 0.000739 * 6   3  10   9 
6 9 0.217694 0.001863 * 6  3  9  0 
7 9 0.103536 0.065706 * 7  9 
8 9 0.888732 0.002131 * 8   2   5   1   4   6   3  10   9 
8 9 0.781412 0.002131 * 8  2  5  1  4  6  3  9  0 
8 9 0.687220 0.002131 * 8  2  5  1  4  7  9  0  0 
8 9 0.696700 0.002131 * 8   2   5   6   3  10   9   0   0 
8 9 0.589380 0.002131 * 8  2  5  6  3  9  0  0  0 
8 9 0.776900 0.000657 * 8  11   1   4   6   3  10   9   0 
8 9 0.669579 0.000657 * 8  11   1   4   6   3   9   0   0 
8 9 0.575388 0.000657 * 8  11   1   4   7   9   0   0   0 
10 9 0.102099 0.031058 * 10   9 
11 9 0.657461 0.005792 * 11   1   4   6   3  10   9 
11 9 0.550140 0.005792 * 11   1   4   6   3   9   0 
11 9 0.455949 0.005792 * 11   1   4   7   9   0   0 
1 10 0.533193 0.012030 * 1   4   6   3   9  10 
1 10 0.436966 0.012030 * 1   4   6   3  10   0 
1 10 0.439002 0.008976 * 1   4   7   9  10   0 
1 10 0.559297 0.026717 * 1   5   6   3   9  10 
1 10 0.463070 0.026717 * 1   5   6   3  10   0 
2 10 0.586292 0.104461 * 2   5   6   3   9  10 
2 10 0.490065 0.254783 * 2   5   6   3  10   0 
3 10 0.203577 0.008712 * 3   9  10 
3 10 0.107349 0.025600 * 3  10   0 
4 10 0.420655 0.003746 * 4   6   3   9  10 
4 10 0.324427 0.003746 * 4   6   3  10   0 
4 10 0.326464 0.002795 * 4   7   9  10   0 
5 10 0.450329 0.008706 * 5   6   3   9  10 
5 10 0.354101 0.025585 * 5   6   3  10   0 
6 10 0.319143 0.004869 * 6   3   9  10 
6 10 0.222915 0.014309 * 6   3  10   0 
7 10 0.204985 0.113401 * 7   9  10 
8 10 0.690829 0.013886 * 8   2   5   6   3   9  10   0 
8 10 0.594601 0.013886 * 8   2   5   6   3  10   0   0 
8 10 0.771028 0.012962 * 8  11   1   4   6   3   9  10 
8 10 0.674801 0.012962 * 8  11   1   4   6   3  10   0 
8 10 0.676837 0.011102 * 8  11   1   4   7   9  10   0 
8 10 0.797132 0.012962 * 8  11   1   5   6   3   9  10 
8 10 0.700904 0.012962 * 8  11   1   5   6   3  10   0 
9 10 0.101449 0.019629 * 9  10 
11 10 0.651590 0.008622 * 11   1   4   6   3   9  10 
11 10 0.555362 0.008622 * 11   1   4   6   3  10   0 
11 10 0.557398 0.006433 * 11   1   4   7   9  10   0 
11 10 0.677693 0.017610 * 11   1   5   6   3   9  10 
11 10 0.581466 0.017610 * 11   1   5   6   3  10   0 
1 11 0.138608 0.656719 * 1  11 
2 11 0.238841 0.512292 * 2   8  11 
3 11 0.497640 0.118936 * 3   6   4   1  11   0 
3 11 0.474004 0.085607 * 3   6   5   1  11   0 
3 11 0.579624 0.018025 * 3   6   5   2   8  11 
4 11 0.263776 0.099164 * 4   1  11 
5 11 0.247776 0.228913 * 5   1  11   0 
5 11 0.353395 0.025366 * 5   2   8  11 
6 11 0.383085 0.058904 * 6   4   1  11   0 
6 11 0.359450 0.042398 * 6   5   1  11   0 
6 11 0.465069 0.008927 * 6   5   2   8  11 
7 11 0.386287 0.412968 * 7   4   1  11 
8 11 0.119439 0.708668 * 8  11 
9 11 0.600845 0.006729 * 9   3   6   4   1  11   0 
9 11 0.577210 0.006729 * 9   3   6   5   1  11   0 
9 11 0.682829 0.006729 * 9   3   6   5   2   8  11 
9 11 0.489629 0.001990 * 9   7   4   1  11   0   0 
10 11 0.604555 0.072337 * 10   3   6   4   1  11   0   0 
10 11 0.580920 0.072337 * 10   3   6   5   1  11   0   0 
10 11 0.686539 0.019844 * 10   3   6   5   2   8  11   0 
10 11 0.702944 0.011419 * 10   9   3   6   4   1  11   0 
10 11 0.679309 0.011419 * 10   9   3   6   5   1  11   0 
10 11 0.784928 0.011419 * 10   9   3   6   5   2   8  11 
10 11 0.591728 0.004691 * 10   9   7   4   1  11   0   0 
