2  5  1 
0.073408
3  6  4  1 
0.011446
3  6  5  1 
0.011446
4  1 
0.080871
5  1 
0.096484
6  4  1 
0.008806
6  5  1 
0.008806
7  4  1 
0.091611
8  11   1 
0.066524
9  7  4  1 
0.016980
10   3   6   4   1 
0.021136
10   3   6   5   1 
0.021136
10   9   7   4   1 
0.021136
11   1 
0.396310
1  5  2 
0.072090
3  6  5  2 
0.089720
4  1  5  2 
0.009115
4  6  5  2 
0.009115
5  2 
0.180374
6  5  2 
0.056969
7  4  1  5  2 
0.046940
7  4  6  5  2 
0.046940
8  2 
0.025659
9  3  6  5  2 
0.013100
10   3   6   5   2 
0.045441
11   8   2 
0.080055
1  4  6  3 
0.021253
1  5  6  3 
0.021253
2  5  6  3 
0.230720
4  6  3 
0.033495
5  6  3 
0.033208
6  3 
0.102076
7  9  3 
0.059907
8  2  5  6  3 
0.077708
9  3 
0.099223
10   3 
0.081497
11   1   4   6   3 
0.036842
11   1   5   6   3 
0.036842
1  4 
0.020550
2  5  1  4 
0.056759
2  5  6  4 
0.056759
3  6  4 
0.021465
5  1  4 
0.025940
5  6  4 
0.025940
6  4 
0.008214
7  4 
0.424990
8  11   1   4 
0.061155
9  7  4 
0.010894
10   3   6   4 
0.011607
10   9   7   4 
0.011607
11   1   4 
0.027718
1  5 
0.084539
2  5 
0.601662
3  6  5 
0.074380
4  1  5 
0.021009
4  6  5 
0.021009
6  5 
0.052535
7  4  1  5 
0.044493
7  4  6  5 
0.044493
8  2  5 
0.128423
9  3  6  5 
0.045682
10   3   6   5 
0.087607
11   1   5 
0.238628
1  4  6 
0.013839
1  5  6 
0.013839
2  5  6 
0.212364
3  6 
0.038740
4  6 
0.019335
5  6 
0.075253
7  4  6 
0.030597
8  2  5  6 
0.063228
9  3  6 
0.004243
10   3   6 
0.030433
11   1   4   6 
0.027042
11   1   5   6 
0.027042
1  4  7 
0.067249
2  5  1  4  7 
0.425313
2  5  6  4  7 
0.425313
3  9  7 
0.044184
4  7 
0.052673
5  1  4  7 
0.112130
5  6  4  7 
0.112130
6  4  7 
0.072335
8  11   1   4   7 
0.310969
9  7 
0.059044
10   9   7 
0.202125
11   1   4   7 
0.323623
1  11   8 
0.149451
2  8 
0.401392
3  6  5  2  8 
0.103304
4   1  11   8 
0.164330
5  2  8 
0.258801
6  5  2  8 
0.100724
7   4   1  11   8 
0.384016
9  3  6  5  2  8 
0.017799
9   7   4   1  11   8 
0.017799
10   3   6   5   2   8 
0.135414
11   8 
0.333462
1  4  7  9 
0.003374
2  5  6  3  9 
0.038390
3  9 
0.044832
4  7  9 
0.006402
5  6  3  9 
0.036610
6  3  9 
0.004117
7  9 
0.035139
8  2  5  6  3  9 
0.005568
8  11   1   4   7   9 
0.005568
10   9 
0.012911
11   1   4   7   9 
0.010750
1   4   6   3  10 
0.013701
1   4   7   9  10 
0.013701
1   5   6   3  10 
0.022901
2   5   6   3  10 
0.428974
3  10 
0.031597
4   6   3  10 
0.005083
4   7   9  10 
0.005083
5   6   3  10 
0.028884
6   3  10 
0.025630
7   9  10 
0.121763
8   2   5   6   3  10 
0.127719
9  10 
0.016262
11   1   4   6   3  10 
0.014480
11   1   4   7   9  10 
0.014480
11   1   5   6   3  10 
0.024204
1  11 
0.720277
2   8  11 
0.400182
3   6   4   1  11 
0.078273
3   6   5   1  11 
0.078273
4   1  11 
0.116419
5   1  11 
0.252902
6   4   1  11 
0.056760
6   5   1  11 
0.056760
7   4   1  11 
0.346611
8  11 
0.731083
9   7   4   1  11 
0.024240
10   3   6   4   1  11 
0.058960
10   3   6   5   1  11 
0.058960
10   9   7   4   1  11 
0.058960
