2 1 0.253303 0.083357 * 2  5  1  0 
2 1 0.357713 0.010053 * 2   8  11   1 
3 1 0.350524 0.011984 * 3  6  4  1 
3 1 0.328785 0.010221 * 3  6  5  1 
4 1 0.121244 0.012007 * 4  1 
5 1 0.109670 0.118426 * 5  1 
6 1 0.240396 0.030001 * 6  4  1 
6 1 0.218657 0.023338 * 6  5  1 
7 1 0.241385 0.086961 * 7  4  1 
8 1 0.241153 0.098492 * 8  11   1 
9 1 0.451894 0.002153 * 9  3  6  4  1 
9 1 0.430155 0.002153 * 9  3  6  5  1 
9 1 0.343308 0.001567 * 9  7  4  1  0 
10 1 0.456202 0.010796 * 10   3   6   4   1   0 
10 1 0.434463 0.010796 * 10   3   6   5   1   0 
10 1 0.553221 0.005418 * 10   9   3   6   4   1 
10 1 0.531482 0.005418 * 10   9   3   6   5   1 
10 1 0.444634 0.003944 * 10   9   7   4   1   0 
11 1 0.122119 0.481810 * 11   1 
1 2 0.232547 0.039829 * 1  5  2  0 
1 2 0.350921 0.039829 * 1  11   8   2 
3 2 0.336657 0.055536 * 3  6  5  2 
4 2 0.353791 0.026428 * 4  1  5  2  0 
4 2 0.472165 0.026428 * 4   1  11   8   2 
4 2 0.327972 0.011293 * 4  6  5  2  0 
5 2 0.117542 0.117071 * 5  2 
6 2 0.226529 0.068995 * 6  5  2 
7 2 0.473933 0.128943 * 7  4  1  5  2  0 
7 2 0.592307 0.128943 * 7   4   1  11   8   2 
7 2 0.448114 0.055100 * 7  4  6  5  2  0 
7 2 0.539838 0.030300 * 7  9  3  6  5  2 
8 2 0.104847 0.035344 * 8  2 
9 2 0.438027 0.007718 * 9  3  6  5  2 
10 2 0.442335 0.023831 * 10   3   6   5   2   0 
10 2 0.539354 0.008379 * 10   9   3   6   5   2 
11 2 0.218371 0.075800 * 11   8   2 
1 3 0.333322 0.010711 * 1  4  6  3  0 
1 3 0.440031 0.007149 * 1  4  7  9  3 
1 3 0.368909 0.022748 * 1  5  6  3  0 
2 3 0.397537 0.301069 * 2  5  6  3 
4 3 0.219458 0.019736 * 4  6  3  0 
4 3 0.326167 0.013172 * 4  7  9  3 
5 3 0.253904 0.038397 * 5  6  3 
6 3 0.118015 0.098445 * 6  3 
7 3 0.203181 0.022354 * 7  9  3 
8 3 0.502384 0.015659 * 8  2  5  6  3  0  0 
8 3 0.574475 0.008206 * 8  11   1   4   6   3   0 
8 3 0.681185 0.008206 * 8  11   1   4   7   9   3 
8 3 0.610063 0.008206 * 8  11   1   5   6   3   0 
9 3 0.101370 0.055740 * 9  3 
10 3 0.202697 0.031671 * 10   9   3 
10 3 0.105678 0.090078 * 10   3   0 
11 3 0.455441 0.034499 * 11   1   4   6   3   0 
11 3 0.562150 0.023024 * 11   1   4   7   9   3 
11 3 0.491028 0.073267 * 11   1   5   6   3   0 
1 4 0.113864 0.033492 * 1  4 
2 4 0.367167 0.047144 * 2  5  1  4  0 
2 4 0.398674 0.107005 * 2  5  6  4  0 
2 4 0.471577 0.004612 * 2   8  11   1   4 
3 4 0.229280 0.008147 * 3  6  4  0 
3 4 0.323001 0.000812 * 3  9  7  4 
5 4 0.223534 0.010899 * 5  1  4 
5 4 0.255041 0.024738 * 5  6  4 
6 4 0.119152 0.021626 * 6  4 
7 4 0.120142 0.570146 * 7  4 
8 4 0.355018 0.033102 * 8  11   1   4 
9 4 0.222064 0.005187 * 9  7  4 
10 4 0.334958 0.006789 * 10   3   6   4   0 
10 4 0.428679 0.001329 * 10   3   9   7   4 
10 4 0.323391 0.002809 * 10   9   7   4   0 
11 4 0.235983 0.070477 * 11   1   4 
1 5 0.115005 0.085284 * 1  5 
2 5 0.143633 0.652057 * 2  5 
3 5 0.219115 0.035636 * 3  6  5 
4 5 0.236249 0.029301 * 4  1  5 
4 5 0.210430 0.016005 * 4  6  5 
6 5 0.108987 0.050634 * 6  5 
7 5 0.356391 0.046445 * 7  4  1  5  0 
7 5 0.330572 0.027259 * 7  4  6  5  0 
7 5 0.422296 0.010950 * 7  9  3  6  5 
8 5 0.248480 0.112177 * 8  2  5  0 
8 5 0.356159 0.038780 * 8  11   1   5 
9 5 0.320485 0.013754 * 9  3  6  5 
10 5 0.324793 0.022547 * 10   3   6   5   0 
10 5 0.421812 0.007927 * 10   9   3   6   5 
11 5 0.237124 0.276902 * 11   1   5 
1 6 0.215307 0.014848 * 1  4  6 
1 6 0.250894 0.047995 * 1  5  6 
2 6 0.279522 0.202310 * 2  5  6 
3 6 0.110128 0.021708 * 3  6 
4 6 0.101443 0.013760 * 4  6 
5 6 0.135889 0.055788 * 5  6 
7 6 0.221584 0.010300 * 7  4  6  0 
7 6 0.313309 0.006874 * 7  9  3  6 
8 6 0.384369 0.024284 * 8  2  5  6  0 
8 6 0.456460 0.010992 * 8  11   1   4   6 
8 6 0.492048 0.010992 * 8  11   1   5   6 
9 6 0.211498 0.006708 * 9  3  6 
10 6 0.215806 0.018143 * 10   3   6   0 
10 6 0.312825 0.006379 * 10   9   3   6 
11 6 0.337426 0.026111 * 11   1   4   6 
11 6 0.373013 0.070591 * 11   1   5   6 
1 7 0.236850 0.086577 * 1  4  7 
2 7 0.490153 0.206851 * 2  5  1  4  7  0 
2 7 0.600397 0.048561 * 2  5  6  3  9  7 
2 7 0.521660 0.486937 * 2  5  6  4  7  0 
2 7 0.594564 0.017368 * 2   8  11   1   4   7 
3 7 0.202860 0.017567 * 3  9  7 
4 7 0.122986 0.041088 * 4  7 
5 7 0.346520 0.089312 * 5  1  4  7  0 
5 7 0.456764 0.020967 * 5  6  3  9  7 
5 7 0.378028 0.210245 * 5  6  4  7  0 
6 7 0.320875 0.002536 * 6  3  9  7 
6 7 0.242138 0.025430 * 6  4  7  0 
8 7 0.478004 0.301025 * 8  11   1   4   7 
9 7 0.101922 0.030886 * 9  7 
10 7 0.308538 0.020238 * 10   3   9   7 
10 7 0.203249 0.092331 * 10   9   7   0 
11 7 0.358969 0.255960 * 11   1   4   7 
1 8 0.349107 0.057613 * 1  5  2  8 
1 8 0.246074 0.212294 * 1  11   8   0 
2 8 0.116560 0.341538 * 2  8 
3 8 0.453217 0.085522 * 3  6  5  2  8 
4 8 0.470351 0.039351 * 4  1  5  2  8 
4 8 0.367318 0.117886 * 4   1  11   8   0 
4 8 0.444532 0.013745 * 4  6  5  2  8 
5 8 0.234102 0.393248 * 5  2  8 
6 8 0.343089 0.084579 * 6  5  2  8 
7 8 0.590492 0.070196 * 7  4  1  5  2  8 
7 8 0.487459 0.159698 * 7   4   1  11   8   0 
7 8 0.564673 0.024519 * 7  4  6  5  2  8 
9 8 0.554587 0.001605 * 9  3  6  5  2  8  0 
9 8 0.692415 0.010867 * 9  7  4  1  5  2  8 
9 8 0.589382 0.010867 * 9   7   4   1  11   8   0 
9 8 0.666596 0.005558 * 9  7  4  6  5  2  8 
10 8 0.558895 0.015479 * 10   3   6   5   2   8   0   0 
10 8 0.655914 0.007075 * 10   9   3   6   5   2   8   0 
10 8 0.793741 0.042284 * 10   9   7   4   1   5   2   8 
10 8 0.690708 0.042284 * 10   9   7   4   1  11   8   0 
10 8 0.767922 0.024496 * 10   9   7   4   6   5   2   8 
11 8 0.113524 0.420077 * 11   8 
1 9 0.434259 0.000992 * 1  4  6  3  9 
1 9 0.338661 0.008591 * 1  4  7  9  0 
2 9 0.687562 0.003512 * 2  5  1  4  6  3  9 
2 9 0.591964 0.021119 * 2  5  1  4  7  9  0 
2 9 0.498474 0.009084 * 2  5  6  3  9  0  0 
3 9 0.100937 0.016148 * 3  9 
4 9 0.320395 0.000268 * 4  6  3  9 
4 9 0.224797 0.002323 * 4  7  9  0 
5 9 0.543929 0.001293 * 5  1  4  6  3  9 
5 9 0.448331 0.007775 * 5  1  4  7  9  0 
5 9 0.354841 0.003345 * 5  6  3  9  0  0 
6 9 0.218952 0.002242 * 6  3  9 
7 9 0.101811 0.036436 * 7  9 
8 9 0.792410 0.002457 * 8  2  5  1  4  6  3  9 
8 9 0.696811 0.003241 * 8  2  5  1  4  7  9  0 
8 9 0.603322 0.003241 * 8  2  5  6  3  9  0  0 
8 9 0.675413 0.001007 * 8  11   1   4   6   3   9   0 
8 9 0.579814 0.001007 * 8  11   1   4   7   9   0   0 
10 9 0.206615 0.003241 * 10   3   9 
10 9 0.101327 0.014787 * 10   9   0 
11 9 0.556378 0.003057 * 11   1   4   6   3   9 
11 9 0.460780 0.005273 * 11   1   4   7   9   0 
1 10 0.535473 0.010755 * 1   4   6   3   9  10 
1 10 0.442237 0.010755 * 1   4   6   3  10   0 
1 10 0.439874 0.016253 * 1   4   7   9  10   0 
1 10 0.571060 0.029739 * 1   5   6   3   9  10 
1 10 0.477824 0.029739 * 1   5   6   3  10   0 
2 10 0.599688 0.097788 * 2   5   6   3   9  10 
2 10 0.506452 0.390619 * 2   5   6   3  10   0 
3 10 0.202151 0.003167 * 3   9  10 
3 10 0.108915 0.014982 * 3  10   0 
4 10 0.421609 0.004032 * 4   6   3   9  10 
4 10 0.328373 0.004032 * 4   6   3  10   0 
4 10 0.326010 0.006093 * 4   7   9  10   0 
5 10 0.456055 0.010166 * 5   6   3   9  10 
5 10 0.362819 0.048091 * 5   6   3  10   0 
6 10 0.320166 0.002946 * 6   3   9  10 
6 10 0.226930 0.013938 * 6   3  10   0 
7 10 0.203024 0.077147 * 7   9  10 
8 10 0.704535 0.020486 * 8   2   5   6   3   9  10   0 
8 10 0.611299 0.020486 * 8   2   5   6   3  10   0   0 
8 10 0.776626 0.012447 * 8  11   1   4   6   3   9  10 
8 10 0.683390 0.012447 * 8  11   1   4   6   3  10   0 
8 10 0.681028 0.012584 * 8  11   1   4   7   9  10   0 
8 10 0.812213 0.012584 * 8  11   1   5   6   3   9  10 
8 10 0.718977 0.012584 * 8  11   1   5   6   3  10   0 
9 10 0.101213 0.023533 * 9  10 
11 10 0.657592 0.006579 * 11   1   4   6   3   9  10 
11 10 0.564356 0.006579 * 11   1   4   6   3  10   0 
11 10 0.561993 0.009943 * 11   1   4   7   9  10   0 
11 10 0.693179 0.015921 * 11   1   5   6   3   9  10 
11 10 0.599943 0.015921 * 11   1   5   6   3  10   0 
1 11 0.132550 0.671206 * 1  11 
2 11 0.235594 0.355387 * 2   8  11 
3 11 0.483074 0.103949 * 3   6   4   1  11   0 
3 11 0.461335 0.090613 * 3   6   5   1  11   0 
3 11 0.572251 0.023555 * 3   6   5   2   8  11 
4 11 0.253794 0.051393 * 4   1  11 
5 11 0.242220 0.254589 * 5   1  11   0 
5 11 0.353136 0.030705 * 5   2   8  11 
6 11 0.372946 0.037016 * 6   4   1  11   0 
6 11 0.351207 0.032268 * 6   5   1  11   0 
6 11 0.462123 0.008388 * 6   5   2   8  11 
7 11 0.373935 0.290018 * 7   4   1  11 
8 11 0.119034 0.808557 * 8  11 
9 11 0.584444 0.004351 * 9   3   6   4   1  11   0 
9 11 0.562705 0.004351 * 9   3   6   5   1  11   0 
9 11 0.673621 0.004351 * 9   3   6   5   2   8  11 
9 11 0.475858 0.003009 * 9   7   4   1  11   0   0 
10 11 0.588752 0.035620 * 10   3   6   4   1  11   0   0 
10 11 0.567013 0.035620 * 10   3   6   5   1  11   0   0 
10 11 0.677929 0.019780 * 10   3   6   5   2   8  11   0 
10 11 0.685771 0.016109 * 10   9   3   6   4   1  11   0 
10 11 0.664032 0.016109 * 10   9   3   6   5   1  11   0 
10 11 0.774948 0.016109 * 10   9   3   6   5   2   8  11 
10 11 0.577184 0.011137 * 10   9   7   4   1  11   0   0 
