2  5  1 
0.067033
3  6  4  1 
0.009035
3  6  5  1 
0.009035
4  1 
0.014863
5  1 
0.080953
6  4  1 
0.006645
6  5  1 
0.006645
7  4  1 
0.108065
8  11   1 
0.090133
9  7  4  1 
0.024282
10   3   6   4   1 
0.017075
10   3   6   5   1 
0.017075
10   9   7   4   1 
0.017075
11   1 
0.721751
1  5  2 
0.066730
3  6  5  2 
0.101016
4  1  5  2 
0.072005
4  6  5  2 
0.072005
5  2 
0.085052
6  5  2 
0.039462
7  4  1  5  2 
0.051038
7  4  6  5  2 
0.051038
8  2 
0.027824
9  3  6  5  2 
0.022797
10   3   6   5   2 
0.042104
11   8   2 
0.037526
1  4  6  3 
0.018126
1  5  6  3 
0.018126
2  5  6  3 
0.260033
4  6  3 
0.024668
5  6  3 
0.031896
6  3 
0.013772
7  9  3 
0.018633
8  2  5  6  3 
0.043949
9  3 
0.041394
10   3 
0.039793
11   1   4   6   3 
0.019850
11   1   5   6   3 
0.019850
1  4 
0.028367
2  5  1  4 
0.070626
2  5  6  4 
0.070626
3  6  4 
0.015223
5  1  4 
0.026791
5  6  4 
0.026791
6  4 
0.006614
7  4 
0.047780
8  11   1   4 
0.030918
9  7  4 
0.005000
10   3   6   4 
0.007402
10   9   7   4 
0.007402
11   1   4 
0.014542
1  5 
0.061919
2  5 
0.596815
3  6  5 
0.030238
4  1  5 
0.012674
4  6  5 
0.012674
6  5 
0.063501
7  4  1  5 
0.034932
7  4  6  5 
0.034932
8  2  5 
0.129937
9  3  6  5 
0.044082
10   3   6   5 
0.037083
11   1   5 
0.144966
1  4  6 
0.019594
1  5  6 
0.019594
2  5  6 
0.188418
3  6 
0.017507
4  6 
0.032726
5  6 
0.067503
7  4  6 
0.025435
8  2  5  6 
0.043473
9  3  6 
0.002514
10   3   6 
0.023633
11   1   4   6 
0.035651
11   1   5   6 
0.035651
1  4  7 
0.095757
2  5  1  4  7 
0.388282
2  5  6  4  7 
0.388282
3  9  7 
0.025261
4  7 
0.029955
5  1  4  7 
0.093719
5  6  4  7 
0.093719
6  4  7 
0.034638
8  11   1   4   7 
0.295262
9  7 
0.023681
10   9   7 
0.151703
11   1   4   7 
0.263325
1  11   8 
0.185509
2  8 
0.299479
3  6  5  2  8 
0.074717
4   1  11   8 
0.187370
5  2  8 
0.266830
6  5  2  8 
0.099770
7   4   1  11   8 
0.269980
9  3  6  5  2  8 
0.013162
9   7   4   1  11   8 
0.013162
10   3   6   5   2   8 
0.114650
11   8 
0.267744
1  4  7  9 
0.006514
2  5  6  3  9 
0.067231
3  9 
0.032445
4  7  9 
0.007220
5  6  3  9 
0.017197
6  3  9 
0.002136
7  9 
0.046226
8  2  5  6  3  9 
0.006282
8  11   1   4   7   9 
0.006282
10   9 
0.010916
11   1   4   7   9 
0.004857
1   4   6   3  10 
0.022991
1   4   7   9  10 
0.022991
1   5   6   3  10 
0.038762
2   5   6   3  10 
0.457655
3  10 
0.017185
4   6   3  10 
0.005618
4   7   9  10 
0.005618
5   6   3  10 
0.057582
6   3  10 
0.016321
7   9  10 
0.095650
8   2   5   6   3  10 
0.116492
9  10 
0.010467
11   1   4   6   3  10 
0.011952
11   1   4   7   9  10 
0.011952
11   1   5   6   3  10 
0.011992
1  11 
0.700145
2   8  11 
0.320866
3   6   4   1  11 
0.067739
3   6   5   1  11 
0.067739
4   1  11 
0.154964
5   1  11 
0.305054
6   4   1  11 
0.026761
6   5   1  11 
0.026761
7   4   1  11 
0.422331
8  11 
0.771000
9   7   4   1  11 
0.028412
10   3   6   4   1  11 
0.060092
10   3   6   5   1  11 
0.060092
10   9   7   4   1  11 
0.060092
