2 1 2 0.078618 * 2  5  1 
3 1 3 0.008514 * 3  6  4  1 
3 1 3 0.008514 * 3  6  5  1 
4 1 1 0.080211 * 4  1 
5 1 1 0.092124 * 5  1 
6 1 2 0.011152 * 6  4  1 
6 1 2 0.011152 * 6  5  1 
7 1 2 0.086313 * 7  4  1 
8 1 2 0.072629 * 8  11   1 
9 1 3 0.010960 * 9  7  4  1 
10 1 4 0.021357 * 10   3   6   4   1 
10 1 4 0.021357 * 10   3   6   5   1 
10 1 4 0.021357 * 10   9   7   4   1 
11 1 1 0.407199 * 11   1 
1 2 2 0.077210 * 1  5  2 
3 2 3 0.078224 * 3  6  5  2 
4 2 3 0.009125 * 4  1  5  2 
4 2 3 0.009125 * 4  6  5  2 
5 2 1 0.143208 * 5  2 
6 2 2 0.046204 * 6  5  2 
7 2 4 0.041670 * 7  4  1  5  2 
7 2 4 0.041670 * 7  4  6  5  2 
8 2 1 0.025249 * 8  2 
9 2 4 0.012098 * 9  3  6  5  2 
10 2 4 0.045435 * 10   3   6   5   2 
11 2 2 0.055832 * 11   8   2 
1 3 3 0.021526 * 1  4  6  3 
1 3 3 0.021526 * 1  5  6  3 
2 3 3 0.247712 * 2  5  6  3 
4 3 2 0.024663 * 4  6  3 
5 3 2 0.041954 * 5  6  3 
6 3 1 0.084815 * 6  3 
7 3 2 0.059210 * 7  9  3 
8 3 4 0.064374 * 8  2  5  6  3 
9 3 1 0.077785 * 9  3 
10 3 1 0.072811 * 10   3 
11 3 4 0.041061 * 11   1   4   6   3 
11 3 4 0.041061 * 11   1   5   6   3 
1 4 1 0.023466 * 1  4 
2 4 3 0.056026 * 2  5  1  4 
2 4 3 0.056026 * 2  5  6  4 
3 4 2 0.015588 * 3  6  4 
5 4 2 0.021906 * 5  1  4 
5 4 2 0.021906 * 5  6  4 
6 4 1 0.008125 * 6  4 
7 4 1 0.606044 * 7  4 
8 4 3 0.059448 * 8  11   1   4 
9 4 2 0.007748 * 9  7  4 
10 4 3 0.013896 * 10   3   6   4 
10 4 3 0.013896 * 10   9   7   4 
11 4 2 0.026713 * 11   1   4 
1 5 1 0.086373 * 1  5 
2 5 1 0.576897 * 2  5 
3 5 2 0.061339 * 3  6  5 
4 5 2 0.019686 * 4  1  5 
4 5 2 0.019686 * 4  6  5 
6 5 1 0.050797 * 6  5 
7 5 3 0.046470 * 7  4  1  5 
7 5 3 0.046470 * 7  4  6  5 
8 5 2 0.131166 * 8  2  5 
9 5 3 0.046080 * 9  3  6  5 
10 5 3 0.086443 * 10   3   6   5 
11 5 2 0.243193 * 11   1   5 
1 6 2 0.013720 * 1  4  6 
1 6 2 0.013720 * 1  5  6 
2 6 2 0.207340 * 2  5  6 
3 6 1 0.045259 * 3  6 
4 6 1 0.018423 * 4  6 
5 6 1 0.070698 * 5  6 
7 6 2 0.031805 * 7  4  6 
8 6 3 0.072455 * 8  2  5  6 
9 6 2 0.004509 * 9  3  6 
10 6 2 0.028948 * 10   3   6 
11 6 3 0.029500 * 11   1   4   6 
11 6 3 0.029500 * 11   1   5   6 
1 7 2 0.062323 * 1  4  7 
2 7 4 0.410768 * 2  5  1  4  7 
2 7 4 0.410768 * 2  5  6  4  7 
3 7 2 0.036456 * 3  9  7 
4 7 1 0.077494 * 4  7 
5 7 3 0.090906 * 5  1  4  7 
5 7 3 0.090906 * 5  6  4  7 
6 7 2 0.067250 * 6  4  7 
8 7 4 0.311193 * 8  11   1   4   7 
9 7 1 0.054462 * 9  7 
10 7 2 0.156611 * 10   9   7 
11 7 3 0.327049 * 11   1   4   7 
1 8 2 0.162011 * 1  11   8 
2 8 1 0.385371 * 2  8 
3 8 4 0.102251 * 3  6  5  2  8 
4 8 3 0.173339 * 4   1  11   8 
5 8 2 0.277158 * 5  2  8 
6 8 3 0.106281 * 6  5  2  8 
7 8 4 0.396519 * 7   4   1  11   8 
9 8 5 0.024346 * 9  3  6  5  2  8 
9 8 5 0.024346 * 9   7   4   1  11   8 
10 8 5 0.139623 * 10   3   6   5   2   8 
11 8 1 0.327810 * 11   8 
1 9 3 0.002259 * 1  4  7  9 
2 9 4 0.042500 * 2  5  6  3  9 
3 9 1 0.043499 * 3  9 
4 9 2 0.006489 * 4  7  9 
5 9 3 0.050849 * 5  6  3  9 
6 9 2 0.004437 * 6  3  9 
7 9 1 0.030469 * 7  9 
8 9 5 0.007370 * 8  2  5  6  3  9 
8 9 5 0.007370 * 8  11   1   4   7   9 
10 9 1 0.013184 * 10   9 
11 9 4 0.010874 * 11   1   4   7   9 
1 10 4 0.013056 * 1   4   6   3  10 
1 10 4 0.013056 * 1   4   7   9  10 
1 10 4 0.022054 * 1   5   6   3  10 
2 10 4 0.391342 * 2   5   6   3  10 
3 10 1 0.035406 * 3  10 
4 10 3 0.004936 * 4   6   3  10 
4 10 3 0.004936 * 4   7   9  10 
5 10 3 0.040192 * 5   6   3  10 
6 10 2 0.023158 * 6   3  10 
7 10 2 0.122179 * 7   9  10 
8 10 5 0.131021 * 8   2   5   6   3  10 
9 10 1 0.013586 * 9  10 
11 10 5 0.016029 * 11   1   4   6   3  10 
11 10 5 0.016029 * 11   1   4   7   9  10 
11 10 5 0.027075 * 11   1   5   6   3  10 
1 11 1 0.608319 * 1  11 
2 11 2 0.445231 * 2   8  11 
3 11 4 0.088497 * 3   6   4   1  11 
3 11 4 0.088497 * 3   6   5   1  11 
4 11 2 0.088270 * 4   1  11 
5 11 2 0.258200 * 5   1  11 
6 11 3 0.052294 * 6   4   1  11 
6 11 3 0.052294 * 6   5   1  11 
7 11 3 0.329262 * 7   4   1  11 
8 11 1 0.718108 * 8  11 
9 11 4 0.025961 * 9   7   4   1  11 
10 11 5 0.059452 * 10   3   6   4   1  11 
10 11 5 0.059452 * 10   3   6   5   1  11 
10 11 5 0.059452 * 10   9   7   4   1  11 
