2 1 2 0.097459 * 2  5  1 
3 1 3 0.020410 * 3  6  4  1 
3 1 3 0.020410 * 3  6  5  1 
4 1 1 0.035238 * 4  1 
5 1 1 0.124829 * 5  1 
6 1 2 0.011004 * 6  4  1 
6 1 2 0.011004 * 6  5  1 
7 1 2 0.095707 * 7  4  1 
8 1 2 0.078197 * 8  11   1 
9 1 3 0.031235 * 9  7  4  1 
10 1 4 0.018928 * 10   3   6   4   1 
10 1 4 0.018928 * 10   3   6   5   1 
10 1 4 0.018928 * 10   9   7   4   1 
11 1 1 0.400219 * 11   1 
1 2 2 0.070265 * 1  5  2 
3 2 3 0.086963 * 3  6  5  2 
4 2 3 0.013195 * 4  1  5  2 
4 2 3 0.013195 * 4  6  5  2 
5 2 1 0.159911 * 5  2 
6 2 2 0.053899 * 6  5  2 
7 2 4 0.044588 * 7  4  1  5  2 
7 2 4 0.044588 * 7  4  6  5  2 
8 2 1 0.033804 * 8  2 
9 2 4 0.016534 * 9  3  6  5  2 
10 2 4 0.038026 * 10   3   6   5   2 
11 2 2 0.107275 * 11   8   2 
1 3 3 0.019261 * 1  4  6  3 
1 3 3 0.019261 * 1  5  6  3 
2 3 3 0.299803 * 2  5  6  3 
4 3 2 0.030055 * 4  6  3 
5 3 2 0.044474 * 5  6  3 
6 3 1 0.068624 * 6  3 
7 3 2 0.121556 * 7  9  3 
8 3 4 0.024847 * 8  2  5  6  3 
9 3 1 0.087173 * 9  3 
10 3 1 0.085447 * 10   3 
11 3 4 0.036479 * 11   1   4   6   3 
11 3 4 0.036479 * 11   1   5   6   3 
1 4 1 0.025937 * 1  4 
2 4 3 0.069373 * 2  5  1  4 
2 4 3 0.069373 * 2  5  6  4 
3 4 2 0.019707 * 3  6  4 
5 4 2 0.027204 * 5  1  4 
5 4 2 0.027204 * 5  6  4 
6 4 1 0.019145 * 6  4 
7 4 1 0.582218 * 7  4 
8 4 3 0.029841 * 8  11   1   4 
9 4 2 0.018310 * 9  7  4 
10 4 3 0.018897 * 10   3   6   4 
10 4 3 0.018897 * 10   9   7   4 
11 4 2 0.028517 * 11   1   4 
1 5 1 0.043868 * 1  5 
2 5 1 0.524265 * 2  5 
3 5 2 0.055831 * 3  6  5 
4 5 2 0.020927 * 4  1  5 
4 5 2 0.020927 * 4  6  5 
6 5 1 0.068378 * 6  5 
7 5 3 0.047188 * 7  4  1  5 
7 5 3 0.047188 * 7  4  6  5 
8 5 2 0.103260 * 8  2  5 
9 5 3 0.040357 * 9  3  6  5 
10 5 3 0.053223 * 10   3   6   5 
11 5 2 0.176398 * 11   1   5 
1 6 2 0.010137 * 1  4  6 
1 6 2 0.010137 * 1  5  6 
2 6 2 0.218138 * 2  5  6 
3 6 1 0.050972 * 3  6 
4 6 1 0.021054 * 4  6 
5 6 1 0.061007 * 5  6 
7 6 2 0.052691 * 7  4  6 
8 6 3 0.062387 * 8  2  5  6 
9 6 2 0.004768 * 9  3  6 
10 6 2 0.034454 * 10   3   6 
11 6 3 0.032262 * 11   1   4   6 
11 6 3 0.032262 * 11   1   5   6 
1 7 2 0.058955 * 1  4  7 
2 7 4 0.341693 * 2  5  1  4  7 
2 7 4 0.341693 * 2  5  6  4  7 
3 7 2 0.047475 * 3  9  7 
4 7 1 0.049819 * 4  7 
5 7 3 0.121664 * 5  1  4  7 
5 7 3 0.121664 * 5  6  4  7 
6 7 2 0.067360 * 6  4  7 
8 7 4 0.295560 * 8  11   1   4   7 
9 7 1 0.028700 * 9  7 
10 7 2 0.167473 * 10   9   7 
11 7 3 0.328433 * 11   1   4   7 
1 8 2 0.174870 * 1  11   8 
2 8 1 0.383251 * 2  8 
3 8 4 0.133120 * 3  6  5  2  8 
4 8 3 0.204097 * 4   1  11   8 
5 8 2 0.277112 * 5  2  8 
6 8 3 0.132213 * 6  5  2  8 
7 8 4 0.424581 * 7   4   1  11   8 
9 8 5 0.020244 * 9  3  6  5  2  8 
9 8 5 0.020244 * 9   7   4   1  11   8 
10 8 5 0.146707 * 10   3   6   5   2   8 
11 8 1 0.381370 * 11   8 
1 9 3 0.003835 * 1  4  7  9 
2 9 4 0.034133 * 2  5  6  3  9 
3 9 1 0.042195 * 3  9 
4 9 2 0.009359 * 4  7  9 
5 9 3 0.069720 * 5  6  3  9 
6 9 2 0.002602 * 6  3  9 
7 9 1 0.065706 * 7  9 
8 9 5 0.006313 * 8  2  5  6  3  9 
8 9 5 0.006313 * 8  11   1   4   7   9 
10 9 1 0.031058 * 10   9 
11 9 4 0.017376 * 11   1   4   7   9 
1 10 4 0.023046 * 1   4   6   3  10 
1 10 4 0.023046 * 1   4   7   9  10 
1 10 4 0.040378 * 1   5   6   3  10 
2 10 4 0.359244 * 2   5   6   3  10 
3 10 1 0.034311 * 3  10 
4 10 3 0.005143 * 4   6   3  10 
4 10 3 0.005143 * 4   7   9  10 
5 10 3 0.034291 * 5   6   3  10 
6 10 2 0.019178 * 6   3  10 
7 10 2 0.113401 * 7   9  10 
8 10 5 0.090722 * 8   2   5   6   3  10 
9 10 1 0.019629 * 9  10 
11 10 5 0.017222 * 11   1   4   6   3  10 
11 10 5 0.017222 * 11   1   4   7   9  10 
11 10 5 0.024451 * 11   1   5   6   3  10 
1 11 1 0.656719 * 1  11 
2 11 2 0.512292 * 2   8  11 
3 11 4 0.111284 * 3   6   4   1  11 
3 11 4 0.111284 * 3   6   5   1  11 
4 11 2 0.099164 * 4   1  11 
5 11 2 0.254280 * 5   1  11 
6 11 3 0.055114 * 6   4   1  11 
6 11 3 0.055114 * 6   5   1  11 
7 11 3 0.412968 * 7   4   1  11 
8 11 1 0.708668 * 8  11 
9 11 4 0.022179 * 9   7   4   1  11 
10 11 5 0.067821 * 10   3   6   4   1  11 
10 11 5 0.067821 * 10   3   6   5   1  11 
10 11 5 0.067821 * 10   9   7   4   1  11 
