2  5  1  0 
0.071760
2   8  11   1 
0.007958
3  6  4  1 
0.010910
3  6  5  1 
0.007680
4  1 
0.021141
5  1 
0.120528
6  4  1 
0.011698
6  5  1 
0.008236
7  4  1 
0.107182
8  11   1 
0.058195
9  3  6  4  1 
0.006188
9  3  6  5  1 
0.006188
9  7  4  1  0 
0.001725
10   3   6   4   1   0 
0.021046
10   3   6   5   1   0 
0.019932
10   9   3   6   4   1 
0.003862
10   9   3   6   5   1 
0.003862
10   9   7   4   1   0 
0.002341
11   1 
0.455242
1  5  2  0 
0.039099
1  11   8   2 
0.039099
3  6  5  2 
0.095188
4  1  5  2  0 
0.047903
4   1  11   8   2 
0.047903
4  6  5  2  0 
0.021406
5  2 
0.150067
6  5  2 
0.051833
7  4  1  5  2  0 
0.029197
7   4   1  11   8   2 
0.029197
7  4  6  5  2  0 
0.020725
7  9  3  6  5  2 
0.008669
8  2 
0.027770
9  3  6  5  2 
0.009555
10   3   6   5   2   0 
0.038620
10   9   3   6   5   2 
0.005542
11   8   2 
0.052362
1  4  6  3  0 
0.010696
1  4  7  9  3 
0.012221
1  5  6  3  0 
0.018963
2  5  6  3 
0.252264
4  6  3  0 
0.011985
4  7  9  3 
0.013694
5  6  3 
0.037259
6  3 
0.087776
7  9  3 
0.054584
8  2  5  6  3  0  0 
0.012395
8  11   1   4   6   3   0 
0.009669
8  11   1   4   7   9   3 
0.009669
8  11   1   5   6   3   0 
0.009669
9  3 
0.083477
10   9   3 
0.009649
10   3   0 
0.067236
11   1   4   6   3   0 
0.032886
11   1   4   7   9   3 
0.037574
11   1   5   6   3   0 
0.058299
1  4 
0.020412
2  5  1  4  0 
0.036366
2  5  6  4  0 
0.082317
2   8  11   1   4 
0.002925
3  6  4  0 
0.013559
3  9  7  4 
0.002203
5  1  4 
0.013653
5  6  4 
0.030904
6  4 
0.009130
7  4 
0.519666
8  11   1   4 
0.030500
9  7  4 
0.009773
10   3   6   4   0 
0.015413
10   3   9   7   4 
0.003929
10   9   7   4   0 
0.000904
11   1   4 
0.025413
1  5 
0.075619
2  5 
0.533988
3  6  5 
0.061522
4  1  5 
0.027219
4  6  5 
0.019113
6  5 
0.054304
7  4  1  5  0 
0.038594
7  4  6  5  0 
0.028628
7  9  3  6  5 
0.018191
8  2  5  0 
0.094473
8  11   1   5 
0.037906
9  3  6  5 
0.032184
10   3   6   5   0 
0.070087
10   9   3   6   5 
0.010058
11   1   5 
0.196062
1  4  6 
0.009494
1  5  6 
0.021546
2  5  6 
0.202396
3  6 
0.026559
4  6 
0.019293
5  6 
0.127614
7  4  6  0 
0.015879
7  9  3  6 
0.018143
8  2  5  6  0 
0.026708
8  11   1   4   6 
0.015438
8  11   1   5   6 
0.015438
9  3  6 
0.003862
10   3   6   0 
0.025817
10   9   3   6 
0.003705
11   1   4   6 
0.013748
11   1   5   6 
0.030468
1  4  7 
0.060424
2  5  1  4  7  0  0 
0.178967
2  5  6  3  9  7  0 
0.091456
2   5   6   3  10   9   7 
0.038369
2  5  6  4  7  0  0 
0.444765
2   8  11   1   4   7   0 
0.015539
3  9  7  0 
0.027053
3  10   9   7 
0.011350
4  7 
0.317337
5  1  4  7  0  0 
0.049185
5  6  3  9  7  0 
0.025135
5   6   3  10   9   7 
0.010545
5  6  4  7  0  0 
0.122233
6  3  9  7  0 
0.010942
6   3  10   9   7 
0.004591
6  4  7  0  0 
0.053214
8  11   1   4   7 
0.307404
9  7 
0.059561
10   9   7 
0.151087
11   1   4   7 
0.440918
1  5  2  8 
0.030439
1  11   8   0 
0.125515
2  8 
0.360639
3  6  5  2  8 
0.109455
4  1  5  2  8 
0.029744
4   1  11   8   0 
0.117722
4  6  5  2  8 
0.016134
5  2  8 
0.246747
6  5  2  8 
0.113801
7  4  1  5  2  8 
0.073808
7   4   1  11   8   0 
0.241907
7  4  6  5  2  8 
0.040037
9  3  6  5  2  8  0 
0.004861
9  7  4  1  5  2  8 
0.016761
9   7   4   1  11   8   0 
0.016761
9  7  4  6  5  2  8 
0.014700
10   3   6   5   2   8   0   0 
0.043037
10   9   3   6   5   2   8   0 
0.012285
10   9   7   4   1   5   2   8 
0.027473
10   9   7   4   1  11   8   0 
0.027473
10   9   7   4   6   5   2   8 
0.027473
11   8 
0.342652
1   4   6   3  10   9 
0.000621
1  4  6  3  9  0 
0.000621
1  4  7  9  0  0 
0.001460
2   5   1   4   6   3  10   9 
0.004795
2  5  1  4  6  3  9  0 
0.004795
2  5  1  4  7  9  0  0 
0.009785
2   5   6   3  10   9   0   0 
0.007548
2  5  6  3  9  0  0  0 
0.007548
3  10   9 
0.027603
3  9  0 
0.065794
4   6   3  10   9 
0.001352
4  6  3  9  0 
0.001352
4  7  9  0  0 
0.003181
5   1   4   6   3  10   9 
0.001973
5  1  4  6  3  9  0 
0.001973
5  1  4  7  9  0  0 
0.004027
5   6   3  10   9   0   0 
0.003106
5  6  3  9  0  0  0 
0.003106
6   3  10   9 
0.001702
6  3  9  0 
0.001867
7  9 
0.044596
8   2   5   1   4   6   3  10   9 
0.002020
8  2  5  1  4  6  3  9  0 
0.002020
8  2  5  1  4  7  9  0  0 
0.002020
8   2   5   6   3  10   9   0   0 
0.002020
8  2  5  6  3  9  0  0  0 
0.002020
8  11   1   4   6   3  10   9   0 
0.000521
8  11   1   4   6   3   9   0   0 
0.000521
8  11   1   4   7   9   0   0   0 
0.000521
10   9 
0.025239
11   1   4   6   3  10   9 
0.003349
11   1   4   6   3   9   0 
0.003349
11   1   4   7   9   0   0 
0.003349
1   4   6   3   9  10 
0.006187
1   4   6   3  10   0 
0.006187
1   4   7   9  10   0 
0.005267
1   5   6   3   9  10 
0.012283
1   5   6   3  10   0 
0.012283
2   5   6   3   9  10 
0.102784
2   5   6   3  10   0 
0.278943
3   9  10 
0.008612
3  10   0 
0.025174
4   6   3   9  10 
0.003293
4   6   3  10   0 
0.003293
4   7   9  10   0 
0.002803
5   6   3   9  10 
0.006344
5   6   3  10   0 
0.018545
6   3   9  10 
0.004819
6   3  10   0 
0.014088
7   9  10 
0.126724
8   2   5   6   3   9  10   0 
0.021035
8   2   5   6   3  10   0   0 
0.021035
8  11   1   4   6   3   9  10 
0.013320
8  11   1   4   6   3  10   0 
0.013320
8  11   1   4   7   9  10   0 
0.011340
8  11   1   5   6   3   9  10 
0.015325
8  11   1   5   6   3  10   0 
0.015325
9  10 
0.020541
11   1   4   6   3   9  10 
0.008404
11   1   4   6   3  10   0 
0.008404
11   1   4   7   9  10   0 
0.007155
11   1   5   6   3   9  10 
0.016687
11   1   5   6   3  10   0 
0.016687
1  11 
0.505812
2   8  11 
0.407226
3   6   4   1  11   0 
0.090879
3   6   5   1  11   0 
0.071072
3   6   5   2   8  11 
0.015117
4   1  11 
0.091831
5   1  11   0 
0.203761
5   2   8  11 
0.022596
6   4   1  11   0 
0.035984
6   5   1  11   0 
0.028142
6   5   2   8  11 
0.005986
7   4   1  11 
0.346473
8  11 
0.753386
9   3   6   4   1  11   0 
0.004911
9   3   6   5   1  11   0 
0.004911
9   3   6   5   2   8  11 
0.004911
9   7   4   1  11   0   0 
0.001309
10   3   6   4   1  11   0   0 
0.071148
10   3   6   5   1  11   0   0 
0.071148
10   3   6   5   2   8  11   0 
0.017648
10   9   3   6   4   1  11   0 
0.012932
10   9   3   6   5   1  11   0 
0.012932
10   9   3   6   5   2   8  11 
0.012932
10   9   7   4   1  11   0   0 
0.004120
