2 1 2 0.068440 * 2  5  1 
3 1 3 0.009258 * 3  6  4  1 
3 1 3 0.009258 * 3  6  5  1 
4 1 1 0.082272 * 4  1 
5 1 1 0.079005 * 5  1 
6 1 2 0.008900 * 6  4  1 
6 1 2 0.008900 * 6  5  1 
7 1 2 0.098471 * 7  4  1 
8 1 2 0.076110 * 8  11   1 
9 1 3 0.011722 * 9  7  4  1 
10 1 4 0.018515 * 10   3   6   4   1 
10 1 4 0.018515 * 10   3   6   5   1 
10 1 4 0.018515 * 10   9   7   4   1 
11 1 1 0.451147 * 11   1 
1 2 2 0.053964 * 1  5  2 
3 2 3 0.082329 * 3  6  5  2 
4 2 3 0.016231 * 4  1  5  2 
4 2 3 0.016231 * 4  6  5  2 
5 2 1 0.123471 * 5  2 
6 2 2 0.043276 * 6  5  2 
7 2 4 0.046852 * 7  4  1  5  2 
7 2 4 0.046852 * 7  4  6  5  2 
8 2 1 0.032666 * 8  2 
9 2 4 0.012996 * 9  3  6  5  2 
10 2 4 0.054206 * 10   3   6   5   2 
11 2 2 0.092122 * 11   8   2 
1 3 3 0.015402 * 1  4  6  3 
1 3 3 0.015402 * 1  5  6  3 
2 3 3 0.220333 * 2  5  6  3 
4 3 2 0.016079 * 4  6  3 
5 3 2 0.034276 * 5  6  3 
6 3 1 0.100464 * 6  3 
7 3 2 0.036911 * 7  9  3 
8 3 4 0.064759 * 8  2  5  6  3 
9 3 1 0.071717 * 9  3 
10 3 1 0.126885 * 10   3 
11 3 4 0.035389 * 11   1   4   6   3 
11 3 4 0.035389 * 11   1   5   6   3 
1 4 1 0.024984 * 1  4 
2 4 3 0.109951 * 2  5  1  4 
2 4 3 0.109951 * 2  5  6  4 
3 4 2 0.012805 * 3  6  4 
5 4 2 0.015758 * 5  1  4 
5 4 2 0.015758 * 5  6  4 
6 4 1 0.049292 * 6  4 
7 4 1 0.070523 * 7  4 
8 4 3 0.048360 * 8  11   1   4 
9 4 2 0.005059 * 9  7  4 
10 4 3 0.018660 * 10   3   6   4 
10 4 3 0.018660 * 10   9   7   4 
11 4 2 0.020198 * 11   1   4 
1 5 1 0.079074 * 1  5 
2 5 1 0.600820 * 2  5 
3 5 2 0.055236 * 3  6  5 
4 5 2 0.015673 * 4  1  5 
4 5 2 0.015673 * 4  6  5 
6 5 1 0.061635 * 6  5 
7 5 3 0.061606 * 7  4  1  5 
7 5 3 0.061606 * 7  4  6  5 
8 5 2 0.135954 * 8  2  5 
9 5 3 0.036438 * 9  3  6  5 
10 5 3 0.052390 * 10   3   6   5 
11 5 2 0.228480 * 11   1   5 
1 6 2 0.008403 * 1  4  6 
1 6 2 0.008403 * 1  5  6 
2 6 2 0.205332 * 2  5  6 
3 6 1 0.022174 * 3  6 
4 6 1 0.022698 * 4  6 
5 6 1 0.094712 * 5  6 
7 6 2 0.034795 * 7  4  6 
8 6 3 0.060095 * 8  2  5  6 
9 6 2 0.007188 * 9  3  6 
10 6 2 0.026996 * 10   3   6 
11 6 3 0.028169 * 11   1   4   6 
11 6 3 0.028169 * 11   1   5   6 
1 7 2 0.076337 * 1  4  7 
2 7 4 0.385036 * 2  5  1  4  7 
2 7 4 0.385036 * 2  5  6  4  7 
3 7 2 0.033186 * 3  9  7 
4 7 1 0.045532 * 4  7 
5 7 3 0.101192 * 5  1  4  7 
5 7 3 0.101192 * 5  6  4  7 
6 7 2 0.067716 * 6  4  7 
8 7 4 0.344585 * 8  11   1   4   7 
9 7 1 0.045576 * 9  7 
10 7 2 0.148773 * 10   9   7 
11 7 3 0.284980 * 11   1   4   7 
1 8 2 0.200741 * 1  11   8 
2 8 1 0.405098 * 2  8 
3 8 4 0.101909 * 3  6  5  2  8 
4 8 3 0.194341 * 4   1  11   8 
5 8 2 0.255486 * 5  2  8 
6 8 3 0.123785 * 6  5  2  8 
7 8 4 0.362146 * 7   4   1  11   8 
9 8 5 0.023988 * 9  3  6  5  2  8 
9 8 5 0.023988 * 9   7   4   1  11   8 
10 8 5 0.149716 * 10   3   6   5   2   8 
11 8 1 0.272189 * 11   8 
1 9 3 0.004213 * 1  4  7  9 
2 9 4 0.035193 * 2  5  6  3  9 
3 9 1 0.025276 * 3  9 
4 9 2 0.004714 * 4  7  9 
5 9 3 0.007578 * 5  6  3  9 
6 9 2 0.004712 * 6  3  9 
7 9 1 0.035146 * 7  9 
8 9 5 0.004882 * 8  2  5  6  3  9 
8 9 5 0.004882 * 8  11   1   4   7   9 
10 9 1 0.015753 * 10   9 
11 9 4 0.013955 * 11   1   4   7   9 
1 10 4 0.021335 * 1   4   6   3  10 
1 10 4 0.021335 * 1   4   7   9  10 
1 10 4 0.038038 * 1   5   6   3  10 
2 10 4 0.395133 * 2   5   6   3  10 
3 10 1 0.029367 * 3  10 
4 10 3 0.003571 * 4   6   3  10 
4 10 3 0.003571 * 4   7   9  10 
5 10 3 0.026033 * 5   6   3  10 
6 10 2 0.019479 * 6   3  10 
7 10 2 0.142933 * 7   9  10 
8 10 5 0.119927 * 8   2   5   6   3  10 
9 10 1 0.014247 * 9  10 
11 10 5 0.011752 * 11   1   4   6   3  10 
11 10 5 0.011752 * 11   1   4   7   9  10 
11 10 5 0.013067 * 11   1   5   6   3  10 
1 11 1 0.572885 * 1  11 
2 11 2 0.365529 * 2   8  11 
3 11 4 0.103756 * 3   6   4   1  11 
3 11 4 0.103756 * 3   6   5   1  11 
4 11 2 0.089192 * 4   1  11 
5 11 2 0.262271 * 5   1  11 
6 11 3 0.033595 * 6   4   1  11 
6 11 3 0.033595 * 6   5   1  11 
7 11 3 0.296164 * 7   4   1  11 
8 11 1 0.705819 * 8  11 
9 11 4 0.031905 * 9   7   4   1  11 
10 11 5 0.062425 * 10   3   6   4   1  11 
10 11 5 0.062425 * 10   3   6   5   1  11 
10 11 5 0.062425 * 10   9   7   4   1  11 
