2 1 2 0.185936 * 2  5  1 
3 1 3 0.010067 * 3  6  4  1 
3 1 3 0.010067 * 3  6  5  1 
4 1 1 0.027155 * 4  1 
5 1 1 0.107307 * 5  1 
6 1 2 0.013398 * 6  4  1 
6 1 2 0.013398 * 6  5  1 
7 1 2 0.110447 * 7  4  1 
8 1 2 0.058690 * 8  11   1 
9 1 3 0.020171 * 9  7  4  1 
10 1 4 0.019075 * 10   3   6   4   1 
10 1 4 0.019075 * 10   3   6   5   1 
10 1 4 0.019075 * 10   9   7   4   1 
11 1 1 0.420788 * 11   1 
1 2 2 0.088635 * 1  5  2 
3 2 3 0.095968 * 3  6  5  2 
4 2 3 0.015677 * 4  1  5  2 
4 2 3 0.015677 * 4  6  5  2 
5 2 1 0.140478 * 5  2 
6 2 2 0.048908 * 6  5  2 
7 2 4 0.043931 * 7  4  1  5  2 
7 2 4 0.043931 * 7  4  6  5  2 
8 2 1 0.028555 * 8  2 
9 2 4 0.011417 * 9  3  6  5  2 
10 2 4 0.035244 * 10   3   6   5   2 
11 2 2 0.037583 * 11   8   2 
1 3 3 0.019630 * 1  4  6  3 
1 3 3 0.019630 * 1  5  6  3 
2 3 3 0.241422 * 2  5  6  3 
4 3 2 0.019578 * 4  6  3 
5 3 2 0.066001 * 5  6  3 
6 3 1 0.069542 * 6  3 
7 3 2 0.047223 * 7  9  3 
8 3 4 0.044482 * 8  2  5  6  3 
9 3 1 0.064477 * 9  3 
10 3 1 0.065282 * 10   3 
11 3 4 0.039023 * 11   1   4   6   3 
11 3 4 0.039023 * 11   1   5   6   3 
1 4 1 0.031935 * 1  4 
2 4 3 0.065451 * 2  5  1  4 
2 4 3 0.065451 * 2  5  6  4 
3 4 2 0.030429 * 3  6  4 
5 4 2 0.026461 * 5  1  4 
5 4 2 0.026461 * 5  6  4 
6 4 1 0.011853 * 6  4 
7 4 1 0.083280 * 7  4 
8 4 3 0.037921 * 8  11   1   4 
9 4 2 0.018745 * 9  7  4 
10 4 3 0.011973 * 10   3   6   4 
10 4 3 0.011973 * 10   9   7   4 
11 4 2 0.026533 * 11   1   4 
1 5 1 0.072578 * 1  5 
2 5 1 0.561649 * 2  5 
3 5 2 0.060174 * 3  6  5 
4 5 2 0.022400 * 4  1  5 
4 5 2 0.022400 * 4  6  5 
6 5 1 0.059424 * 6  5 
7 5 3 0.041804 * 7  4  1  5 
7 5 3 0.041804 * 7  4  6  5 
8 5 2 0.132700 * 8  2  5 
9 5 3 0.038583 * 9  3  6  5 
10 5 3 0.078820 * 10   3   6   5 
11 5 2 0.151118 * 11   1   5 
1 6 2 0.015466 * 1  4  6 
1 6 2 0.015466 * 1  5  6 
2 6 2 0.198260 * 2  5  6 
3 6 1 0.030469 * 3  6 
4 6 1 0.017283 * 4  6 
5 6 1 0.065679 * 5  6 
7 6 2 0.030879 * 7  4  6 
8 6 3 0.057606 * 8  2  5  6 
9 6 2 0.004955 * 9  3  6 
10 6 2 0.033804 * 10   3   6 
11 6 3 0.027232 * 11   1   4   6 
11 6 3 0.027232 * 11   1   5   6 
1 7 2 0.063995 * 1  4  7 
2 7 4 0.378469 * 2  5  1  4  7 
2 7 4 0.378469 * 2  5  6  4  7 
3 7 2 0.034761 * 3  9  7 
4 7 1 0.070711 * 4  7 
5 7 3 0.090413 * 5  1  4  7 
5 7 3 0.090413 * 5  6  4  7 
6 7 2 0.055972 * 6  4  7 
8 7 4 0.327260 * 8  11   1   4   7 
9 7 1 0.030461 * 9  7 
10 7 2 0.135727 * 10   9   7 
11 7 3 0.284292 * 11   1   4   7 
1 8 2 0.172708 * 1  11   8 
2 8 1 0.367392 * 2  8 
3 8 4 0.127864 * 3  6  5  2  8 
4 8 3 0.165622 * 4   1  11   8 
5 8 2 0.222965 * 5  2  8 
6 8 3 0.119376 * 6  5  2  8 
7 8 4 0.368942 * 7   4   1  11   8 
9 8 5 0.028419 * 9  3  6  5  2  8 
9 8 5 0.028419 * 9   7   4   1  11   8 
10 8 5 0.139235 * 10   3   6   5   2   8 
11 8 1 0.349862 * 11   8 
1 9 3 0.003975 * 1  4  7  9 
2 9 4 0.033735 * 2  5  6  3  9 
3 9 1 0.102676 * 3  9 
4 9 2 0.005583 * 4  7  9 
5 9 3 0.011799 * 5  6  3  9 
6 9 2 0.003687 * 6  3  9 
7 9 1 0.051458 * 7  9 
8 9 5 0.005330 * 8  2  5  6  3  9 
8 9 5 0.005330 * 8  11   1   4   7   9 
10 9 1 0.038412 * 10   9 
11 9 4 0.011997 * 11   1   4   7   9 
1 10 4 0.011490 * 1   4   6   3  10 
1 10 4 0.011490 * 1   4   7   9  10 
1 10 4 0.019225 * 1   5   6   3  10 
2 10 4 0.368476 * 2   5   6   3  10 
3 10 1 0.028337 * 3  10 
4 10 3 0.004475 * 4   6   3  10 
4 10 3 0.004475 * 4   7   9  10 
5 10 3 0.027709 * 5   6   3  10 
6 10 2 0.018523 * 6   3  10 
7 10 2 0.126094 * 7   9  10 
8 10 5 0.111955 * 8   2   5   6   3  10 
9 10 1 0.019573 * 9  10 
11 10 5 0.013457 * 11   1   4   6   3  10 
11 10 5 0.013457 * 11   1   4   7   9  10 
11 10 5 0.022516 * 11   1   5   6   3  10 
1 11 1 0.567904 * 1  11 
2 11 2 0.398624 * 2   8  11 
3 11 4 0.089809 * 3   6   4   1  11 
3 11 4 0.089809 * 3   6   5   1  11 
4 11 2 0.085101 * 4   1  11 
5 11 2 0.199028 * 5   1  11 
6 11 3 0.047428 * 6   4   1  11 
6 11 3 0.047428 * 6   5   1  11 
7 11 3 0.336499 * 7   4   1  11 
8 11 1 0.692639 * 8  11 
9 11 4 0.017688 * 9   7   4   1  11 
10 11 5 0.056875 * 10   3   6   4   1  11 
10 11 5 0.056875 * 10   3   6   5   1  11 
10 11 5 0.056875 * 10   9   7   4   1  11 
