2  5  1  0 
0.055846
2   8  11   1 
0.007785
3  6  4  1 
0.005748
3  6  5  1 
0.005053
4  1 
0.007664
5  1 
0.084697
6  4  1 
0.006999
6  5  1 
0.006154
7  4  1 
0.098433
8  11   1 
0.083033
9  3  6  4  1 
0.010734
9  3  6  5  1 
0.010734
9  7  4  1  0 
0.009960
10   3   6   4   1   0 
0.008373
10   3   6   5   1   0 
0.008373
10   9   3   6   4   1 
0.009258
10   9   3   6   5   1 
0.009258
10   9   7   4   1   0 
0.009258
11   1 
0.475897
1  5  2  0 
0.028646
1  11   8   2 
0.028646
3  6  5  2 
0.071320
4  1  5  2  0 
0.023887
4   1  11   8   2 
0.023887
4  6  5  2  0 
0.011504
5  2 
0.093591
6  5  2 
0.042966
7  4  1  5  2  0 
0.036057
7   4   1  11   8   2 
0.036057
7  4  6  5  2  0 
0.017365
7  9  3  6  5  2 
0.007604
8  2 
0.029701
9  3  6  5  2 
0.006927
10   3   6   5   2   0 
0.022101
10   9   3   6   5   2 
0.012674
11   8   2 
0.037090
1  4  6  3  0 
0.011750
1  4  7  9  3 
0.008941
1  5  6  3  0 
0.020419
2  5  6  3 
0.266711
4  6  3  0 
0.014711
4  7  9  3 
0.011194
5  6  3 
0.019352
6  3 
0.020346
7  9  3 
0.034446
8  2  5  6  3  0  0 
0.015935
8  11   1   4   6   3   0 
0.011367
8  11   1   4   7   9   3 
0.011367
8  11   1   5   6   3   0 
0.011367
9  3 
0.034708
10   9   3 
0.014954
10   3   0 
0.026076
11   1   4   6   3   0 
0.011698
11   1   4   7   9   3 
0.008902
11   1   5   6   3   0 
0.019490
1  4 
0.031170
2  5  1  4  0 
0.046670
2  5  6  4  0 
0.116316
2   8  11   1   4 
0.004974
3  6  4  0 
0.004220
3  9  7  4 
0.000719
5  1  4 
0.014248
5  6  4 
0.035511
6  4 
0.009888
7  4 
0.100171
8  11   1   4 
0.025660
9  7  4 
0.008707
10   3   6   4   0 
0.003573
10   3   9   7   4 
0.001135
10   9   7   4   0 
0.003053
11   1   4 
0.019482
1  5 
0.048328
2  5 
0.625203
3  6  5 
0.034591
4  1  5 
0.014116
4  6  5 
0.010639
6  5 
0.030062
7  4  1  5  0 
0.038140
7  4  6  5  0 
0.028746
7  9  3  6  5 
0.015646
8  2  5  0 
0.091176
8  11   1   5 
0.040506
9  3  6  5 
0.030357
10   3   6   5   0 
0.027637
10   9   3   6   5 
0.015850
11   1   5 
0.131612
1  4  6 
0.010876
1  5  6 
0.031619
2  5  6 
0.248012
3  6 
0.015403
4  6 
0.015521
5  6 
0.044522
7  4  6  0 
0.013614
7  9  3  6 
0.010359
8  2  5  6  0 
0.015568
8  11   1   4   6 
0.009295
8  11   1   5   6 
0.009295
9  3  6 
0.004260
10   3   6   0 
0.017961
10   9   3   6 
0.010300
11   1   4   6 
0.020723
11   1   5   6 
0.054627
1  4  7 
0.071406
2  5  1  4  7  0 
0.176112
2  5  6  3  9  7 
0.078072
2  5  6  4  7  0 
0.458021
2   8  11   1   4   7 
0.019972
3  9  7 
0.015265
4  7 
0.033701
5  1  4  7  0 
0.040078
5  6  3  9  7 
0.017767
5  6  4  7  0 
0.104232
6  3  9  7 
0.004101
6  4  7  0 
0.024062
8  11   1   4   7 
0.261721
9  7 
0.016300
10   3   9   7 
0.016462
10   9   7   0 
0.096580
11   1   4   7 
0.258699
1  5  2  8 
0.045410
1  11   8   0 
0.164602
2  8 
0.298924
3  6  5  2  8 
0.085484
4  1  5  2  8 
0.040282
4   1  11   8   0 
0.126602
4  6  5  2  8 
0.020632
5  2  8 
0.298914
6  5  2  8 
0.092315
7  4  1  5  2  8 
0.058261
7   4   1  11   8   0 
0.135863
7  4  6  5  2  8 
0.029841
9  3  6  5  2  8  0 
0.000869
9  7  4  1  5  2  8 
0.008154
9   7   4   1  11   8   0 
0.008154
9  7  4  6  5  2  8 
0.005557
10   3   6   5   2   8   0   0 
0.006121
10   9   3   6   5   2   8   0 
0.004349
10   9   7   4   1   5   2   8 
0.036431
10   9   7   4   1  11   8   0 
0.036431
10   9   7   4   6   5   2   8 
0.027794
11   8 
0.311723
1  4  6  3  9 
0.000421
1  4  7  9  0 
0.003274
2  5  1  4  6  3  9 
0.004688
2  5  1  4  7  9  0 
0.030666
2  5  6  3  9  0  0 
0.011545
3  9 
0.043245
4  6  3  9 
0.000345
4  7  9  0 
0.002688
5  1  4  6  3  9 
0.001538
5  1  4  7  9  0 
0.010061
5  6  3  9  0  0 
0.003788
6  3  9 
0.002622
7  9 
0.029288
8  2  5  1  4  6  3  9 
0.003754
8  2  5  1  4  7  9  0 
0.007484
8  2  5  6  3  9  0  0 
0.007484
8  11   1   4   6   3   9   0 
0.002748
8  11   1   4   7   9   0   0 
0.002748
10   3   9 
0.001726
10   9   0 
0.010126
11   1   4   6   3   9 
0.002693
11   1   4   7   9   0 
0.003999
1   4   6   3   9  10 
0.009910
1   4   6   3  10   0 
0.009910
1   4   7   9  10   0 
0.011234
1   5   6   3   9  10 
0.026137
1   5   6   3  10   0 
0.026137
2   5   6   3   9  10 
0.082795
2   5   6   3  10   0 
0.401040
3   9  10 
0.002634
3  10   0 
0.015450
4   6   3   9  10 
0.002489
4   6   3  10   0 
0.002489
4   7   9  10   0 
0.002821
5   6   3   9  10 
0.007212
5   6   3  10   0 
0.042309
6   3   9  10 
0.002785
6   3  10   0 
0.016340
7   9  10 
0.098883
8   2   5   6   3   9  10   0 
0.021964
8   2   5   6   3  10   0   0 
0.021964
8  11   1   4   6   3   9  10 
0.012942
8  11   1   4   6   3  10   0 
0.012942
8  11   1   4   7   9  10   0 
0.014671
8  11   1   5   6   3   9  10 
0.016919
8  11   1   5   6   3  10   0 
0.016919
9  10 
0.017327
11   1   4   6   3   9  10 
0.005626
11   1   4   6   3  10   0 
0.005626
11   1   4   7   9  10   0 
0.006378
11   1   5   6   3   9  10 
0.013825
11   1   5   6   3  10   0 
0.013825
1  11 
0.546672
2   8  11 
0.291845
3   6   4   1  11   0 
0.067510
3   6   5   1  11   0 
0.067628
3   6   5   2   8  11 
0.020893
4   1  11 
0.103576
5   1  11   0 
0.228652
5   2   8  11 
0.031875
6   4   1  11   0 
0.023353
6   5   1  11   0 
0.023394
6   5   2   8  11 
0.007227
7   4   1  11 
0.332222
8  11 
0.621107
9   3   6   4   1  11   0 
0.004614
9   3   6   5   1  11   0 
0.004614
9   3   6   5   2   8  11 
0.004517
9   7   4   1  11   0   0 
0.004019
10   3   6   4   1  11   0   0 
0.029943
10   3   6   5   1  11   0   0 
0.029943
10   3   6   5   2   8  11   0 
0.020405
10   9   3   6   4   1  11   0 
0.020843
10   9   3   6   5   1  11   0 
0.020843
10   9   3   6   5   2   8  11 
0.020405
10   9   7   4   1  11   0   0 
0.018156
