2 1 0.250974 0.056415 * 2  5  1  0 
2 1 0.348853 0.005585 * 2   8  11   1 
3 1 0.357377 0.027029 * 3  6  4  1 
3 1 0.332012 0.018093 * 3  6  5  1 
4 1 0.126883 0.010729 * 4  1 
5 1 0.109098 0.107196 * 5  1 
6 1 0.245074 0.008673 * 6  4  1 
6 1 0.219709 0.005806 * 6  5  1 
7 1 0.247304 0.084824 * 7  4  1 
8 1 0.233391 0.071126 * 8  11   1 
9 1 0.459236 0.009121 * 9  3  6  4  1 
9 1 0.433871 0.009121 * 9  3  6  5  1 
9 1 0.349971 0.003038 * 9  7  4  1  0 
10 1 0.463503 0.016189 * 10   3   6   4   1   0 
10 1 0.438138 0.016189 * 10   3   6   5   1   0 
10 1 0.560678 0.002506 * 10   9   3   6   4   1 
10 1 0.535314 0.002506 * 10   9   3   6   5   1 
10 1 0.451413 0.002506 * 10   9   7   4   1   0 
11 1 0.117151 0.395211 * 11   1 
1 2 0.226615 0.027717 * 1  5  2  0 
1 2 0.358236 0.027717 * 1  11   8   2 
3 2 0.338678 0.068368 * 3  6  5  2 
4 2 0.353498 0.099893 * 4  1  5  2  0 
4 2 0.485119 0.099893 * 4   1  11   8   2 
4 2 0.327801 0.050891 * 4  6  5  2  0 
5 2 0.115763 0.094053 * 5  2 
6 2 0.226374 0.055009 * 6  5  2 
7 2 0.473919 0.032322 * 7  4  1  5  2  0 
7 2 0.605540 0.032322 * 7   4   1  11   8   2 
7 2 0.448222 0.031276 * 7  4  6  5  2  0 
7 2 0.542813 0.009669 * 7  9  3  6  5  2 
8 2 0.104990 0.027948 * 8  2 
9 2 0.440537 0.018260 * 9  3  6  5  2 
10 2 0.444804 0.040739 * 10   3   6   5   2   0 
10 2 0.541979 0.004731 * 10   9   3   6   5   2 
11 2 0.218144 0.067728 * 11   8   2 
1 3 0.329689 0.006375 * 1  4  6  3  0 
1 3 0.438596 0.008049 * 1  4  7  9  3 
1 3 0.357689 0.010593 * 1  5  6  3  0 
2 3 0.388714 0.316280 * 2  5  6  3 
4 3 0.216769 0.010991 * 4  6  3  0 
4 3 0.325675 0.013877 * 4  7  9  3 
5 3 0.246837 0.037304 * 5  6  3 
6 3 0.115342 0.064837 * 6  3 
7 3 0.204135 0.021639 * 7  9  3 
8 3 0.493703 0.024377 * 8  2  5  6  3  0  0 
8 3 0.563080 0.017830 * 8  11   1   4   6   3   0 
8 3 0.671987 0.017830 * 8  11   1   4   7   9   3 
8 3 0.591081 0.017830 * 8  11   1   5   6   3   0 
9 3 0.101859 0.072751 * 9  3 
10 3 0.203301 0.006653 * 10   9   3 
10 3 0.106126 0.057295 * 10   3   0 
11 3 0.446839 0.012541 * 11   1   4   6   3   0 
11 3 0.555746 0.015834 * 11   1   4   7   9   3 
11 3 0.474840 0.020839 * 11   1   5   6   3   0 
1 4 0.112920 0.038393 * 1  4 
2 4 0.363894 0.055313 * 2  5  1  4  0 
2 4 0.391562 0.126645 * 2  5  6  4  0 
2 4 0.461773 0.004468 * 2   8  11   1   4 
3 4 0.230494 0.010417 * 3  6  4  0 
3 4 0.325365 0.001923 * 3  9  7  4 
5 4 0.222018 0.012410 * 5  1  4 
5 4 0.249685 0.028415 * 5  6  4 
6 4 0.118191 0.006655 * 6  4 
7 4 0.120421 0.574933 * 7  4 
8 4 0.346311 0.037754 * 8  11   1   4 
9 4 0.223088 0.004898 * 9  7  4 
10 4 0.336620 0.014500 * 10   3   6   4   0 
10 4 0.431491 0.003800 * 10   3   9   7   4 
10 4 0.324531 0.000790 * 10   9   7   4   0 
11 4 0.230071 0.027199 * 11   1   4 
1 5 0.110852 0.067915 * 1  5 
2 5 0.141877 0.641393 * 2  5 
3 5 0.222915 0.037776 * 3  6  5 
4 5 0.237735 0.016415 * 4  1  5 
4 5 0.212038 0.010193 * 4  6  5 
6 5 0.110611 0.087169 * 6  5 
7 5 0.358156 0.043438 * 7  4  1  5  0 
7 5 0.332459 0.026973 * 7  4  6  5  0 
7 5 0.427050 0.024016 * 7  9  3  6  5 
8 5 0.246866 0.095902 * 8  2  5  0 
8 5 0.344244 0.036598 * 8  11   1   5 
9 5 0.324774 0.030633 * 9  3  6  5 
10 5 0.329041 0.038059 * 10   3   6   5   0 
10 5 0.426216 0.004419 * 10   9   3   6   5 
11 5 0.228003 0.161417 * 11   1   5 
1 6 0.214346 0.015247 * 1  4  6 
1 6 0.242347 0.037635 * 1  5  6 
2 6 0.273371 0.169159 * 2  5  6 
3 6 0.112304 0.018467 * 3  6 
4 6 0.101426 0.017712 * 4  6 
5 6 0.131495 0.072546 * 5  6 
7 6 0.221847 0.013391 * 7  4  6  0 
7 6 0.316439 0.016908 * 7  9  3  6 
8 6 0.378361 0.030449 * 8  2  5  6  0 
8 6 0.447738 0.016328 * 8  11   1   4   6 
8 6 0.475738 0.016328 * 8  11   1   5   6 
9 6 0.214162 0.003015 * 9  3  6 
10 6 0.218430 0.019122 * 10   3   6   0 
10 6 0.315605 0.002221 * 10   9   3   6 
11 6 0.331497 0.018811 * 11   1   4   6 
11 6 0.359497 0.039307 * 11   1   5   6 
1 7 0.234460 0.082199 * 1  4  7 
2 7 0.485435 0.177095 * 2  5  1  4  7  0  0 
2 7 0.593658 0.096041 * 2  5  6  3  9  7  0 
2 7 0.700111 0.033591 * 2   5   6   3  10   9   7 
2 7 0.513102 0.429875 * 2  5  6  4  7  0  0 
2 7 0.583313 0.014073 * 2   8  11   1   4   7   0 
3 7 0.204944 0.022252 * 3  9  7  0 
3 7 0.311397 0.007783 * 3  10   9   7 
4 7 0.121540 0.074471 * 4  7 
5 7 0.343558 0.043264 * 5  1  4  7  0  0 
5 7 0.451781 0.023463 * 5  6  3  9  7  0 
5 7 0.558234 0.008206 * 5   6   3  10   9   7 
5 7 0.371226 0.105018 * 5  6  4  7  0  0 
6 7 0.320286 0.006977 * 6  3  9  7  0 
6 7 0.426739 0.002440 * 6   3  10   9   7 
6 7 0.239731 0.031230 * 6  4  7  0  0 
8 7 0.467852 0.271164 * 8  11   1   4   7 
9 7 0.102667 0.051550 * 9  7 
10 7 0.204110 0.126153 * 10   9   7 
11 7 0.351611 0.335098 * 11   1   4   7 
1 8 0.342076 0.036591 * 1  5  2  8 
1 8 0.253247 0.165193 * 1  11   8   0 
2 8 0.115461 0.353637 * 2  8 
3 8 0.454139 0.073332 * 3  6  5  2  8 
4 8 0.468959 0.032741 * 4  1  5  2  8 
4 8 0.380129 0.133166 * 4   1  11   8   0 
4 8 0.443262 0.014995 * 4  6  5  2  8 
5 8 0.231224 0.298095 * 5  2  8 
6 8 0.341836 0.099189 * 6  5  2  8 
7 8 0.589380 0.078986 * 7  4  1  5  2  8 
7 8 0.500550 0.254947 * 7   4   1  11   8   0 
7 8 0.563683 0.036174 * 7  4  6  5  2  8 
9 8 0.555998 0.002745 * 9  3  6  5  2  8  0 
9 8 0.692047 0.011943 * 9  7  4  1  5  2  8 
9 8 0.603218 0.011943 * 9   7   4   1  11   8   0 
9 8 0.666350 0.009544 * 9  7  4  6  5  2  8 
10 8 0.560265 0.053153 * 10   3   6   5   2   8   0   0 
10 8 0.657440 0.009768 * 10   9   3   6   5   2   8   0 
10 8 0.793490 0.033030 * 10   9   7   4   1   5   2   8 
10 8 0.704660 0.033030 * 10   9   7   4   1  11   8   0 
10 8 0.767793 0.033030 * 10   9   7   4   6   5   2   8 
11 8 0.113155 0.341991 * 11   8 
1 9 0.538418 0.001068 * 1   4   6   3  10   9 
1 9 0.431966 0.001068 * 1  4  6  3  9  0 
1 9 0.336737 0.003009 * 1  4  7  9  0  0 
2 9 0.789393 0.006694 * 2   5   1   4   6   3  10   9 
2 9 0.682940 0.006694 * 2  5  1  4  6  3  9  0 
2 9 0.587711 0.018222 * 2  5  1  4  7  9  0  0 
2 9 0.597443 0.013799 * 2   5   6   3  10   9   0   0 
2 9 0.490991 0.013799 * 2  5  6  3  9  0  0  0 
3 9 0.208730 0.030169 * 3  10   9 
3 9 0.102277 0.086257 * 3  9  0 
4 9 0.425498 0.001142 * 4   6   3  10   9 
4 9 0.319046 0.001142 * 4  6  3  9  0 
4 9 0.223817 0.003219 * 4  7  9  0  0 
5 9 0.647516 0.001539 * 5   1   4   6   3  10   9 
5 9 0.541063 0.001539 * 5  1  4  6  3  9  0 
5 9 0.445834 0.004191 * 5  1  4  7  9  0  0 
5 9 0.455567 0.003174 * 5   6   3  10   9   0   0 
5 9 0.349114 0.003174 * 5  6  3  9  0  0  0 
6 9 0.324072 0.001302 * 6   3  10   9 
6 9 0.217619 0.001648 * 6  3  9  0 
7 9 0.102277 0.040754 * 7  9 
8 9 0.894382 0.002471 * 8   2   5   1   4   6   3  10   9 
8 9 0.787930 0.002471 * 8  2  5  1  4  6  3  9  0 
8 9 0.692701 0.002471 * 8  2  5  1  4  7  9  0  0 
8 9 0.702433 0.002471 * 8   2   5   6   3  10   9   0   0 
8 9 0.595980 0.002471 * 8  2  5  6  3  9  0  0  0 
8 9 0.771810 0.000628 * 8  11   1   4   6   3  10   9   0 
8 9 0.665357 0.000628 * 8  11   1   4   6   3   9   0   0 
8 9 0.570128 0.000628 * 8  11   1   4   7   9   0   0   0 
10 9 0.101442 0.015317 * 10   9 
11 9 0.655569 0.001911 * 11   1   4   6   3  10   9 
11 9 0.549116 0.001911 * 11   1   4   6   3   9   0 
11 9 0.453888 0.001911 * 11   1   4   7   9   0   0 
1 10 0.533427 0.011705 * 1   4   6   3   9  10 
1 10 0.436976 0.011705 * 1   4   6   3  10   0 
1 10 0.438198 0.011095 * 1   4   7   9  10   0 
1 10 0.561427 0.025378 * 1   5   6   3   9  10 
1 10 0.464976 0.025378 * 1   5   6   3  10   0 
2 10 0.592452 0.102204 * 2   5   6   3   9  10 
2 10 0.496001 0.284821 * 2   5   6   3  10   0 
3 10 0.203738 0.005333 * 3   9  10 
3 10 0.107287 0.016063 * 3  10   0 
4 10 0.420507 0.003443 * 4   6   3   9  10 
4 10 0.324056 0.003443 * 4   6   3  10   0 
4 10 0.325278 0.003263 * 4   7   9  10   0 
5 10 0.450575 0.005728 * 5   6   3   9  10 
5 10 0.354124 0.017254 * 5   6   3  10   0 
6 10 0.319081 0.004410 * 6   3   9  10 
6 10 0.222630 0.013283 * 6   3  10   0 
7 10 0.203738 0.120145 * 7   9  10 
8 10 0.697442 0.019672 * 8   2   5   6   3   9  10   0 
8 10 0.600991 0.019672 * 8   2   5   6   3  10   0   0 
8 10 0.766818 0.013410 * 8  11   1   4   6   3   9  10 
8 10 0.670367 0.013410 * 8  11   1   4   6   3  10   0 
8 10 0.671590 0.012712 * 8  11   1   4   7   9  10   0 
8 10 0.794819 0.013432 * 8  11   1   5   6   3   9  10 
8 10 0.698368 0.013432 * 8  11   1   5   6   3  10   0 
9 10 0.101461 0.013940 * 9  10 
11 10 0.650578 0.005650 * 11   1   4   6   3   9  10 
11 10 0.554127 0.005650 * 11   1   4   6   3  10   0 
11 10 0.555349 0.005355 * 11   1   4   7   9  10   0 
11 10 0.678578 0.010670 * 11   1   5   6   3   9  10 
11 10 0.582127 0.010670 * 11   1   5   6   3  10   0 
1 11 0.140092 0.655778 * 1  11 
2 11 0.231702 0.316651 * 2   8  11 
3 11 0.497469 0.126165 * 3   6   4   1  11   0 
3 11 0.472104 0.092817 * 3   6   5   1  11   0 
3 11 0.570380 0.021150 * 3   6   5   2   8  11 
4 11 0.266975 0.262215 * 4   1  11 
5 11 0.249190 0.285966 * 5   1  11   0 
5 11 0.347465 0.028311 * 5   2   8  11 
6 11 0.385166 0.024595 * 6   4   1  11   0 
6 11 0.359801 0.018094 * 6   5   1  11   0 
6 11 0.458076 0.004123 * 6   5   2   8  11 
7 11 0.387396 0.379999 * 7   4   1  11 
8 11 0.116241 0.686508 * 8  11 
9 11 0.599328 0.007455 * 9   3   6   4   1  11   0 
9 11 0.573963 0.007455 * 9   3   6   5   1  11   0 
9 11 0.672239 0.007455 * 9   3   6   5   2   8  11 
9 11 0.490063 0.002388 * 9   7   4   1  11   0   0 
10 11 0.603595 0.065470 * 10   3   6   4   1  11   0   0 
10 11 0.578230 0.065470 * 10   3   6   5   1  11   0   0 
10 11 0.676506 0.019105 * 10   3   6   5   2   8  11   0 
10 11 0.700770 0.010038 * 10   9   3   6   4   1  11   0 
10 11 0.675406 0.010038 * 10   9   3   6   5   1  11   0 
10 11 0.773681 0.010038 * 10   9   3   6   5   2   8  11 
10 11 0.591505 0.004886 * 10   9   7   4   1  11   0   0 
