2 1 0.243480 0.111112 * 2  5  1  0 
2 1 0.361675 0.010223 * 2   8  11   1 
3 1 0.356398 0.014721 * 3  6  4  1 
3 1 0.334628 0.009582 * 3  6  5  1 
4 1 0.125014 0.078351 * 4  1 
5 1 0.109216 0.104459 * 5  1 
6 1 0.243103 0.023022 * 6  4  1 
6 1 0.221333 0.014985 * 6  5  1 
7 1 0.243711 0.095339 * 7  4  1 
8 1 0.242546 0.112247 * 8  11   1 
9 1 0.459405 0.006838 * 9  3  6  4  1 
9 1 0.437636 0.006838 * 9  3  6  5  1 
9 1 0.347041 0.002041 * 9  7  4  1  0 
10 1 0.462462 0.017232 * 10   3   6   4   1   0 
10 1 0.440693 0.017232 * 10   3   6   5   1   0 
10 1 0.561575 0.003141 * 10   9   3   6   4   1 
10 1 0.539806 0.003141 * 10   9   3   6   5   1 
10 1 0.449211 0.002427 * 10   9   7   4   1   0 
11 1 0.119024 0.351481 * 11   1 
1 2 0.228990 0.054687 * 1  5  2  0 
1 2 0.354109 0.054687 * 1  11   8   2 
3 2 0.343040 0.088374 * 3  6  5  2 
4 2 0.354004 0.014801 * 4  1  5  2  0 
4 2 0.479123 0.014801 * 4   1  11   8   2 
4 2 0.331544 0.005113 * 4  6  5  2  0 
5 2 0.117627 0.206239 * 5  2 
6 2 0.229745 0.057069 * 6  5  2 
7 2 0.472701 0.063311 * 7  4  1  5  2  0 
7 2 0.597820 0.063311 * 7   4   1  11   8   2 
7 2 0.450241 0.021871 * 7  4  6  5  2  0 
7 2 0.549478 0.017572 * 7  9  3  6  5  2 
8 2 0.104949 0.039880 * 8  2 
9 2 0.446047 0.011039 * 9  3  6  5  2 
10 2 0.449104 0.027107 * 10   3   6   5   2   0 
10 2 0.548217 0.003805 * 10   9   3   6   5   2 
11 2 0.220181 0.069483 * 11   8   2 
1 3 0.329075 0.006732 * 1  4  6  3  0 
1 3 0.441913 0.006818 * 1  4  7  9  3 
1 3 0.353902 0.010029 * 1  5  6  3  0 
2 3 0.376803 0.235394 * 2  5  6  3 
4 3 0.215751 0.016950 * 4  6  3  0 
4 3 0.328589 0.017166 * 4  7  9  3 
5 3 0.242538 0.048123 * 5  6  3 
6 3 0.113952 0.067738 * 6  3 
7 3 0.206438 0.134112 * 7  9  3 
8 3 0.481752 0.023009 * 8  2  5  6  3  0  0 
8 3 0.571621 0.018507 * 8  11   1   4   6   3   0 
8 3 0.684459 0.018507 * 8  11   1   4   7   9   3 
8 3 0.596448 0.018507 * 8  11   1   5   6   3   0 
9 3 0.103008 0.066426 * 9  3 
10 3 0.205177 0.008748 * 10   9   3 
10 3 0.106065 0.062315 * 10   3   0 
11 3 0.448099 0.022824 * 11   1   4   6   3   0 
11 3 0.560937 0.023115 * 11   1   4   7   9   3 
11 3 0.472926 0.034003 * 11   1   5   6   3   0 
1 4 0.113324 0.016140 * 1  4 
2 4 0.356804 0.037503 * 2  5  1  4  0 
2 4 0.380940 0.083181 * 2  5  6  4  0 
2 4 0.474998 0.002361 * 2   8  11   1   4 
3 4 0.231384 0.012351 * 3  6  4  0 
3 4 0.324289 0.002319 * 3  9  7  4 
5 4 0.222540 0.017038 * 5  1  4 
5 4 0.246675 0.038199 * 5  6  4 
6 4 0.118089 0.018290 * 6  4 
7 4 0.118697 0.331700 * 7  4 
8 4 0.355870 0.021098 * 8  11   1   4 
9 4 0.222027 0.015996 * 9  7  4 
10 4 0.337448 0.021201 * 10   3   6   4   0 
10 4 0.430354 0.005232 * 10   3   9   7   4 
10 4 0.324197 0.001235 * 10   9   7   4   0 
11 4 0.232348 0.036630 * 11   1   4 
1 5 0.111363 0.098432 * 1  5 
2 5 0.134264 0.559916 * 2  5 
3 5 0.225413 0.044554 * 3  6  5 
4 5 0.236377 0.030932 * 4  1  5 
4 5 0.213917 0.019880 * 4  6  5 
6 5 0.112118 0.070533 * 6  5 
7 5 0.355074 0.047577 * 7  4  1  5  0 
7 5 0.332614 0.032027 * 7  4  6  5  0 
7 5 0.431851 0.018852 * 7  9  3  6  5 
8 5 0.239214 0.086413 * 8  2  5  0 
8 5 0.353910 0.036844 * 8  11   1   5 
9 5 0.328420 0.037933 * 9  3  6  5 
10 5 0.331477 0.050254 * 10   3   6   5   0 
10 5 0.430590 0.007055 * 10   9   3   6   5 
11 5 0.230388 0.215270 * 11   1   5 
1 6 0.215123 0.009509 * 1  4  6 
1 6 0.239950 0.021590 * 1  5  6 
2 6 0.262851 0.220294 * 2  5  6 
3 6 0.113295 0.049190 * 3  6 
4 6 0.101799 0.025375 * 4  6 
5 6 0.128587 0.061237 * 5  6 
7 6 0.220496 0.028637 * 7  4  6  0 
7 6 0.319733 0.029003 * 7  9  3  6 
8 6 0.367800 0.025074 * 8  2  5  6  0 
8 6 0.457669 0.015399 * 8  11   1   4   6 
8 6 0.482496 0.015399 * 8  11   1   5   6 
9 6 0.216303 0.004147 * 9  3  6 
10 6 0.219360 0.017330 * 10   3   6   0 
10 6 0.318472 0.002433 * 10   9   3   6 
11 6 0.334147 0.017501 * 11   1   4   6 
11 6 0.358974 0.039736 * 11   1   5   6 
1 7 0.235474 0.103438 * 1  4  7 
2 7 0.478955 0.142849 * 2  5  1  4  7  0  0 
2 7 0.582395 0.089376 * 2  5  6  3  9  7  0 
2 7 0.688742 0.032922 * 2   5   6   3  10   9   7 
2 7 0.503090 0.350118 * 2  5  6  4  7  0  0 
2 7 0.597149 0.009155 * 2   8  11   1   4   7   0 
3 7 0.205592 0.037930 * 3  9  7  0 
3 7 0.311939 0.013971 * 3  10   9   7 
4 7 0.122150 0.057098 * 4  7 
5 7 0.344690 0.061668 * 5  1  4  7  0  0 
5 7 0.448131 0.038584 * 5  6  3  9  7  0 
5 7 0.554477 0.014212 * 5   6   3  10   9   7 
5 7 0.368826 0.151148 * 5  6  4  7  0  0 
6 7 0.319544 0.011395 * 6  3  9  7  0 
6 7 0.425891 0.004197 * 6   3  10   9   7 
6 7 0.240239 0.044639 * 6  4  7  0  0 
8 7 0.478021 0.297624 * 8  11   1   4   7 
9 7 0.103330 0.029126 * 9  7 
10 7 0.205500 0.168659 * 10   9   7 
11 7 0.354499 0.359248 * 11   1   4   7 
1 8 0.348119 0.033392 * 1  5  2  8 
1 8 0.249160 0.154749 * 1  11   8   0 
2 8 0.119128 0.364373 * 2  8 
3 8 0.462168 0.116672 * 3  6  5  2  8 
4 8 0.473133 0.038935 * 4  1  5  2  8 
4 8 0.374174 0.169194 * 4   1  11   8   0 
4 8 0.450672 0.019300 * 4  6  5  2  8 
5 8 0.236755 0.311024 * 5  2  8 
6 8 0.348873 0.175184 * 6  5  2  8 
7 8 0.591829 0.081810 * 7  4  1  5  2  8 
7 8 0.492871 0.268604 * 7   4   1  11   8   0 
7 8 0.569369 0.040552 * 7  4  6  5  2  8 
9 8 0.565176 0.002662 * 9  3  6  5  2  8  0 
9 8 0.695160 0.012647 * 9  7  4  1  5  2  8 
9 8 0.596201 0.012647 * 9   7   4   1  11   8   0 
9 8 0.672699 0.010362 * 9  7  4  6  5  2  8 
10 8 0.568233 0.042169 * 10   3   6   5   2   8   0   0 
10 8 0.667345 0.009227 * 10   9   3   6   5   2   8   0 
10 8 0.797329 0.034047 * 10   9   7   4   1   5   2   8 
10 8 0.698371 0.034047 * 10   9   7   4   1  11   8   0 
10 8 0.774869 0.034047 * 10   9   7   4   6   5   2   8 
11 8 0.115232 0.445773 * 11   8 
1 9 0.537684 0.001389 * 1   4   6   3  10   9 
1 9 0.431337 0.001389 * 1  4  6  3  9  0 
1 9 0.338905 0.002698 * 1  4  7  9  0  0 
2 9 0.781164 0.005521 * 2   5   1   4   6   3  10   9 
2 9 0.674817 0.005521 * 2  5  1  4  6  3  9  0 
2 9 0.582385 0.008893 * 2  5  1  4  7  9  0  0 
2 9 0.585412 0.006864 * 2   5   6   3  10   9   0   0 
2 9 0.479065 0.006864 * 2  5  6  3  9  0  0  0 
3 9 0.208609 0.024063 * 3  10   9 
3 9 0.102262 0.065328 * 3  9  0 
4 9 0.424360 0.001581 * 4   6   3  10   9 
4 9 0.318013 0.001581 * 4  6  3  9  0 
4 9 0.225581 0.003070 * 4  7  9  0  0 
5 9 0.646899 0.003185 * 5   1   4   6   3  10   9 
5 9 0.540553 0.003185 * 5  1  4  6  3  9  0 
5 9 0.448121 0.005130 * 5  1  4  7  9  0  0 
5 9 0.451147 0.003960 * 5   6   3  10   9   0   0 
5 9 0.344801 0.003960 * 5  6  3  9  0  0  0 
6 9 0.322561 0.003975 * 6   3  10   9 
6 9 0.216214 0.006095 * 6  3  9  0 
7 9 0.103430 0.017035 * 7  9 
8 9 0.886113 0.003049 * 8   2   5   1   4   6   3  10   9 
8 9 0.779766 0.003049 * 8  2  5  1  4  6  3  9  0 
8 9 0.687334 0.003049 * 8  2  5  1  4  7  9  0  0 
8 9 0.690361 0.003049 * 8   2   5   6   3  10   9   0   0 
8 9 0.584014 0.003049 * 8  2  5  6  3  9  0  0  0 
8 9 0.780230 0.000734 * 8  11   1   4   6   3  10   9   0 
8 9 0.673883 0.000734 * 8  11   1   4   6   3   9   0   0 
8 9 0.581451 0.000734 * 8  11   1   4   7   9   0   0   0 
10 9 0.102170 0.021912 * 10   9 
11 9 0.656708 0.005406 * 11   1   4   6   3  10   9 
11 9 0.550361 0.005406 * 11   1   4   6   3   9   0 
11 9 0.457929 0.005406 * 11   1   4   7   9   0   0 
1 10 0.533182 0.014982 * 1   4   6   3   9  10 
1 10 0.435514 0.014982 * 1   4   6   3  10   0 
1 10 0.440750 0.010986 * 1   4   7   9  10   0 
1 10 0.558009 0.027718 * 1   5   6   3   9  10 
1 10 0.460341 0.027718 * 1   5   6   3  10   0 
2 10 0.580910 0.090737 * 2   5   6   3   9  10 
2 10 0.483242 0.184911 * 2   5   6   3  10   0 
3 10 0.204107 0.007396 * 3   9  10 
3 10 0.106439 0.019404 * 3  10   0 
4 10 0.419858 0.006543 * 4   6   3   9  10 
4 10 0.322190 0.006543 * 4   6   3  10   0 
4 10 0.327426 0.004798 * 4   7   9  10   0 
5 10 0.446646 0.012803 * 5   6   3   9  10 
5 10 0.348978 0.033593 * 5   6   3  10   0 
6 10 0.318059 0.006030 * 6   3   9  10 
6 10 0.220391 0.015821 * 6   3  10   0 
7 10 0.205275 0.134722 * 7   9  10 
8 10 0.685859 0.015374 * 8   2   5   6   3   9  10   0 
8 10 0.588191 0.015374 * 8   2   5   6   3  10   0   0 
8 10 0.775728 0.011559 * 8  11   1   4   6   3   9  10 
8 10 0.678060 0.011559 * 8  11   1   4   6   3  10   0 
8 10 0.683296 0.011559 * 8  11   1   4   7   9  10   0 
8 10 0.800555 0.011559 * 8  11   1   5   6   3   9  10 
8 10 0.702887 0.011559 * 8  11   1   5   6   3  10   0 
9 10 0.101845 0.029116 * 9  10 
11 10 0.652206 0.008172 * 11   1   4   6   3   9  10 
11 10 0.554538 0.008172 * 11   1   4   6   3  10   0 
11 10 0.559774 0.005993 * 11   1   4   7   9  10   0 
11 10 0.677033 0.012523 * 11   1   5   6   3   9  10 
11 10 0.579365 0.012523 * 11   1   5   6   3  10   0 
1 11 0.133928 0.477883 * 1  11 
2 11 0.242650 0.446549 * 2   8  11 
3 11 0.490326 0.132263 * 3   6   4   1  11   0 
3 11 0.468557 0.094011 * 3   6   5   1  11   0 
3 11 0.585690 0.017777 * 3   6   5   2   8  11 
4 11 0.258942 0.071644 * 4   1  11 
5 11 0.243144 0.251286 * 5   1  11   0 
5 11 0.360277 0.023119 * 5   2   8  11 
6 11 0.377031 0.047682 * 6   4   1  11   0 
6 11 0.355262 0.033892 * 6   5   1  11   0 
6 11 0.472395 0.006409 * 6   5   2   8  11 
7 11 0.377639 0.361355 * 7   4   1  11 
8 11 0.123522 1.022245 * 8  11 
9 11 0.593334 0.005776 * 9   3   6   4   1  11   0 
9 11 0.571565 0.005776 * 9   3   6   5   1  11   0 
9 11 0.688697 0.005776 * 9   3   6   5   2   8  11 
9 11 0.480969 0.001663 * 9   7   4   1  11   0   0 
10 11 0.596391 0.066414 * 10   3   6   4   1  11   0   0 
10 11 0.574621 0.066414 * 10   3   6   5   1  11   0   0 
10 11 0.691754 0.017169 * 10   3   6   5   2   8  11   0 
10 11 0.695503 0.012009 * 10   9   3   6   4   1  11   0 
10 11 0.673734 0.012009 * 10   9   3   6   5   1  11   0 
10 11 0.790867 0.012009 * 10   9   3   6   5   2   8  11 
10 11 0.583139 0.004434 * 10   9   7   4   1  11   0   0 
