2  5  1  0 
0.087369
2   8  11   1 
0.011330
3  6  4  1 
0.017869
3  6  5  1 
0.012885
4  1 
0.095689
5  1 
0.099367
6  4  1 
0.016814
6  5  1 
0.012125
7  4  1 
0.103064
8  11   1 
0.095559
9  3  6  4  1 
0.007883
9  3  6  5  1 
0.007883
9  7  4  1  0 
0.004923
10   3   6   4   1   0 
0.012335
10   3   6   5   1   0 
0.012335
10   9   3   6   4   1 
0.007074
10   9   3   6   5   1 
0.007074
10   9   7   4   1   0 
0.006153
11   1 
0.418731
1  5  2  0 
0.056975
1  11   8   2 
0.056975
3  6  5  2 
0.088645
4  1  5  2  0 
0.012749
4   1  11   8   2 
0.012749
4  6  5  2  0 
0.004643
5  2 
0.117337
6  5  2 
0.061379
7  4  1  5  2  0 
0.067995
7   4   1  11   8   2 
0.067995
7  4  6  5  2  0 
0.024765
7  9  3  6  5  2 
0.011603
8  2 
0.031430
9  3  6  5  2 
0.013564
10   3   6   5   2   0 
0.043080
10   9   3   6   5   2 
0.015209
11   8   2 
0.101144
1  4  6  3  0 
0.013546
1  4  7  9  3 
0.007613
1  5  6  3  0 
0.024582
2  5  6  3 
0.185097
4  6  3  0 
0.015638
4  7  9  3 
0.008789
5  6  3 
0.046400
6  3 
0.064954
7  9  3 
0.124630
8  2  5  6  3  0  0 
0.014787
8  11   1   4   6   3   0 
0.009467
8  11   1   4   7   9   3 
0.009467
8  11   1   5   6   3   0 
0.009467
9  3 
0.088405
10   9   3 
0.023290
10   3   0 
0.065970
11   1   4   6   3   0 
0.028152
11   1   4   7   9   3 
0.015822
11   1   5   6   3   0 
0.051088
1  4 
0.038749
2  5  1  4  0 
0.038654
2  5  6  4  0 
0.091796
2   8  11   1   4 
0.003888
3  6  4  0 
0.012427
3  9  7  4 
0.001229
5  1  4 
0.011085
5  6  4 
0.026324
6  4 
0.022450
7  4 
0.094268
8  11   1   4 
0.039426
9  7  4 
0.017052
10   3   6   4   0 
0.019930
10   3   9   7   4 
0.002903
10   9   7   4   0 
0.006882
11   1   4 
0.032017
1  5 
0.062783
2  5 
0.591053
3  6  5 
0.047610
4  1  5 
0.019740
4  6  5 
0.013226
6  5 
0.066493
7  4  1  5  0 
0.051280
7  4  6  5  0 
0.034358
7  9  3  6  5 
0.013728
8  2  5  0 
0.080545
8  11   1   5 
0.032006
9  3  6  5 
0.031987
10   3   6   5   0 
0.028451
10   9   3   6   5 
0.010045
11   1   5 
0.172744
1  4  6 
0.006696
1  5  6 
0.017115
2  5  6 
0.200382
3  6 
0.053478
4  6 
0.020685
5  6 
0.054229
7  4  6  0 
0.040532
7  9  3  6 
0.022780
8  2  5  6  0 
0.031450
8  11   1   4   6 
0.017387
8  11   1   5   6 
0.017387
9  3  6 
0.005940
10   3   6   0 
0.020326
10   9   3   6 
0.007176
11   1   4   6 
0.017346
11   1   5   6 
0.044336
1  4  7 
0.074452
2  5  1  4  7  0 
0.172131
2  5  6  3  9  7 
0.045450
2  5  6  4  7  0 
0.431244
2   8  11   1   4   7 
0.015493
3  9  7 
0.034008
4  7 
0.111931
5  1  4  7  0 
0.072975
5  6  3  9  7 
0.019269
5  6  4  7  0 
0.190443
6  3  9  7 
0.007463
6  4  7  0 
0.075458
8  11   1   4   7 
0.321454
9  7 
0.023938
10   3   9   7 
0.035659
10   9   7   0 
0.136815
11   1   4   7 
0.332439
1  5  2  8 
0.032693
1  11   8   0 
0.138916
2  8 
0.367579
3  6  5  2  8 
0.098974
4  1  5  2  8 
0.036251
4   1  11   8   0 
0.152407
4  6  5  2  8 
0.019453
5  2  8 
0.294777
6  5  2  8 
0.165956
7  4  1  5  2  8 
0.085166
7   4   1  11   8   0 
0.295831
7  4  6  5  2  8 
0.045702
9  3  6  5  2  8  0 
0.003351
9  7  4  1  5  2  8 
0.021321
9   7   4   1  11   8   0 
0.021321
9  7  4  6  5  2  8 
0.013071
10   3   6   5   2   8   0   0 
0.016728
10   9   3   6   5   2   8   0 
0.009157
10   9   7   4   1   5   2   8 
0.043479
10   9   7   4   1  11   8   0 
0.043479
10   9   7   4   6   5   2   8 
0.035716
11   8 
0.354215
1  4  6  3  9 
0.000508
1  4  7  9  0 
0.003102
2  5  1  4  6  3  9 
0.003641
2  5  1  4  7  9  0 
0.013600
2  5  6  3  9  0  0 
0.006782
3  9 
0.055456
4  6  3  9 
0.001037
4  7  9  0 
0.006332
5  1  4  6  3  9 
0.002020
5  1  4  7  9  0 
0.007545
5  6  3  9  0  0 
0.003763
6  3  9 
0.004330
7  9 
0.057378
8  2  5  1  4  6  3  9 
0.003311
8  2  5  1  4  7  9  0 
0.004108
8  2  5  6  3  9  0  0 
0.004108
8  11   1   4   6   3   9   0 
0.001511
8  11   1   4   7   9   0   0 
0.001511
10   3   9 
0.001919
10   9   0 
0.007364
11   1   4   6   3   9 
0.004536
11   1   4   7   9   0 
0.009491
1   4   6   3   9  10 
0.012905
1   4   6   3  10   0 
0.012905
1   4   7   9  10   0 
0.015478
1   5   6   3   9  10 
0.028163
1   5   6   3  10   0 
0.028163
2   5   6   3   9  10 
0.078930
2   5   6   3  10   0 
0.244699
3   9  10 
0.006510
3  10   0 
0.026642
4   6   3   9  10 
0.004334
4   6   3  10   0 
0.004334
4   7   9  10   0 
0.005198
5   6   3   9  10 
0.007874
5   6   3  10   0 
0.032222
6   3   9  10 
0.005172
6   3  10   0 
0.021168
7   9  10 
0.133333
8   2   5   6   3   9  10   0 
0.013731
8   2   5   6   3  10   0   0 
0.013731
8  11   1   4   6   3   9  10 
0.010152
8  11   1   4   6   3  10   0 
0.010152
8  11   1   4   7   9  10   0 
0.010152
8  11   1   5   6   3   9  10 
0.010152
8  11   1   5   6   3  10   0 
0.010152
9  10 
0.033639
11   1   4   6   3   9  10 
0.006517
11   1   4   6   3  10   0 
0.006517
11   1   4   7   9  10   0 
0.007817
11   1   5   6   3   9  10 
0.011713
11   1   5   6   3  10   0 
0.011713
1  11 
0.761678
2   8  11 
0.442698
3   6   4   1  11   0 
0.106329
3   6   5   1  11   0 
0.086618
3   6   5   2   8  11 
0.021188
4   1  11 
0.142366
5   1  11   0 
0.213235
5   2   8  11 
0.027653
6   4   1  11   0 
0.036707
6   5   1  11   0 
0.029902
6   5   2   8  11 
0.007314
7   4   1  11 
0.398421
8  11 
0.956853
9   3   6   4   1  11   0 
0.010601
9   3   6   5   1  11   0 
0.010601
9   3   6   5   2   8  11 
0.008455
9   7   4   1  11   0   0 
0.006280
10   3   6   4   1  11   0   0 
0.044436
10   3   6   5   1  11   0   0 
0.044436
10   3   6   5   2   8  11   0 
0.019115
10   9   3   6   4   1  11   0 
0.023966
10   9   3   6   5   1  11   0 
0.023966
10   9   3   6   5   2   8  11 
0.019115
10   9   7   4   1  11   0   0 
0.014197
