2  5  1  0 
0.111112
2   8  11   1 
0.010223
3  6  4  1 
0.014721
3  6  5  1 
0.009582
4  1 
0.078351
5  1 
0.104459
6  4  1 
0.023022
6  5  1 
0.014985
7  4  1 
0.095339
8  11   1 
0.112247
9  3  6  4  1 
0.006838
9  3  6  5  1 
0.006838
9  7  4  1  0 
0.002041
10   3   6   4   1   0 
0.017232
10   3   6   5   1   0 
0.017232
10   9   3   6   4   1 
0.003141
10   9   3   6   5   1 
0.003141
10   9   7   4   1   0 
0.002427
11   1 
0.351481
1  5  2  0 
0.054687
1  11   8   2 
0.054687
3  6  5  2 
0.088374
4  1  5  2  0 
0.014801
4   1  11   8   2 
0.014801
4  6  5  2  0 
0.005113
5  2 
0.206239
6  5  2 
0.057069
7  4  1  5  2  0 
0.063311
7   4   1  11   8   2 
0.063311
7  4  6  5  2  0 
0.021871
7  9  3  6  5  2 
0.017572
8  2 
0.039880
9  3  6  5  2 
0.011039
10   3   6   5   2   0 
0.027107
10   9   3   6   5   2 
0.003805
11   8   2 
0.069483
1  4  6  3  0 
0.006732
1  4  7  9  3 
0.006818
1  5  6  3  0 
0.010029
2  5  6  3 
0.235394
4  6  3  0 
0.016950
4  7  9  3 
0.017166
5  6  3 
0.048123
6  3 
0.067738
7  9  3 
0.134112
8  2  5  6  3  0  0 
0.023009
8  11   1   4   6   3   0 
0.018507
8  11   1   4   7   9   3 
0.018507
8  11   1   5   6   3   0 
0.018507
9  3 
0.066426
10   9   3 
0.008748
10   3   0 
0.062315
11   1   4   6   3   0 
0.022824
11   1   4   7   9   3 
0.023115
11   1   5   6   3   0 
0.034003
1  4 
0.016140
2  5  1  4  0 
0.037503
2  5  6  4  0 
0.083181
2   8  11   1   4 
0.002361
3  6  4  0 
0.012351
3  9  7  4 
0.002319
5  1  4 
0.017038
5  6  4 
0.038199
6  4 
0.018290
7  4 
0.331700
8  11   1   4 
0.021098
9  7  4 
0.015996
10   3   6   4   0 
0.021201
10   3   9   7   4 
0.005232
10   9   7   4   0 
0.001235
11   1   4 
0.036630
1  5 
0.098432
2  5 
0.559916
3  6  5 
0.044554
4  1  5 
0.030932
4  6  5 
0.019880
6  5 
0.070533
7  4  1  5  0 
0.047577
7  4  6  5  0 
0.032027
7  9  3  6  5 
0.018852
8  2  5  0 
0.086413
8  11   1   5 
0.036844
9  3  6  5 
0.037933
10   3   6   5   0 
0.050254
10   9   3   6   5 
0.007055
11   1   5 
0.215270
1  4  6 
0.009509
1  5  6 
0.021590
2  5  6 
0.220294
3  6 
0.049190
4  6 
0.025375
5  6 
0.061237
7  4  6  0 
0.028637
7  9  3  6 
0.029003
8  2  5  6  0 
0.025074
8  11   1   4   6 
0.015399
8  11   1   5   6 
0.015399
9  3  6 
0.004147
10   3   6   0 
0.017330
10   9   3   6 
0.002433
11   1   4   6 
0.017501
11   1   5   6 
0.039736
1  4  7 
0.103438
2  5  1  4  7  0  0 
0.142849
2  5  6  3  9  7  0 
0.089376
2   5   6   3  10   9   7 
0.032922
2  5  6  4  7  0  0 
0.350118
2   8  11   1   4   7   0 
0.009155
3  9  7  0 
0.037930
3  10   9   7 
0.013971
4  7 
0.057098
5  1  4  7  0  0 
0.061668
5  6  3  9  7  0 
0.038584
5   6   3  10   9   7 
0.014212
5  6  4  7  0  0 
0.151148
6  3  9  7  0 
0.011395
6   3  10   9   7 
0.004197
6  4  7  0  0 
0.044639
8  11   1   4   7 
0.297624
9  7 
0.029126
10   9   7 
0.168659
11   1   4   7 
0.359248
1  5  2  8 
0.033392
1  11   8   0 
0.154749
2  8 
0.364373
3  6  5  2  8 
0.116672
4  1  5  2  8 
0.038935
4   1  11   8   0 
0.169194
4  6  5  2  8 
0.019300
5  2  8 
0.311024
6  5  2  8 
0.175184
7  4  1  5  2  8 
0.081810
7   4   1  11   8   0 
0.268604
7  4  6  5  2  8 
0.040552
9  3  6  5  2  8  0 
0.002662
9  7  4  1  5  2  8 
0.012647
9   7   4   1  11   8   0 
0.012647
9  7  4  6  5  2  8 
0.010362
10   3   6   5   2   8   0   0 
0.042169
10   9   3   6   5   2   8   0 
0.009227
10   9   7   4   1   5   2   8 
0.034047
10   9   7   4   1  11   8   0 
0.034047
10   9   7   4   6   5   2   8 
0.034047
11   8 
0.445773
1   4   6   3  10   9 
0.001389
1  4  6  3  9  0 
0.001389
1  4  7  9  0  0 
0.002698
2   5   1   4   6   3  10   9 
0.005521
2  5  1  4  6  3  9  0 
0.005521
2  5  1  4  7  9  0  0 
0.008893
2   5   6   3  10   9   0   0 
0.006864
2  5  6  3  9  0  0  0 
0.006864
3  10   9 
0.024063
3  9  0 
0.065328
4   6   3  10   9 
0.001581
4  6  3  9  0 
0.001581
4  7  9  0  0 
0.003070
5   1   4   6   3  10   9 
0.003185
5  1  4  6  3  9  0 
0.003185
5  1  4  7  9  0  0 
0.005130
5   6   3  10   9   0   0 
0.003960
5  6  3  9  0  0  0 
0.003960
6   3  10   9 
0.003975
6  3  9  0 
0.006095
7  9 
0.017035
8   2   5   1   4   6   3  10   9 
0.003049
8  2  5  1  4  6  3  9  0 
0.003049
8  2  5  1  4  7  9  0  0 
0.003049
8   2   5   6   3  10   9   0   0 
0.003049
8  2  5  6  3  9  0  0  0 
0.003049
8  11   1   4   6   3  10   9   0 
0.000734
8  11   1   4   6   3   9   0   0 
0.000734
8  11   1   4   7   9   0   0   0 
0.000734
10   9 
0.021912
11   1   4   6   3  10   9 
0.005406
11   1   4   6   3   9   0 
0.005406
11   1   4   7   9   0   0 
0.005406
1   4   6   3   9  10 
0.014982
1   4   6   3  10   0 
0.014982
1   4   7   9  10   0 
0.010986
1   5   6   3   9  10 
0.027718
1   5   6   3  10   0 
0.027718
2   5   6   3   9  10 
0.090737
2   5   6   3  10   0 
0.184911
3   9  10 
0.007396
3  10   0 
0.019404
4   6   3   9  10 
0.006543
4   6   3  10   0 
0.006543
4   7   9  10   0 
0.004798
5   6   3   9  10 
0.012803
5   6   3  10   0 
0.033593
6   3   9  10 
0.006030
6   3  10   0 
0.015821
7   9  10 
0.134722
8   2   5   6   3   9  10   0 
0.015374
8   2   5   6   3  10   0   0 
0.015374
8  11   1   4   6   3   9  10 
0.011559
8  11   1   4   6   3  10   0 
0.011559
8  11   1   4   7   9  10   0 
0.011559
8  11   1   5   6   3   9  10 
0.011559
8  11   1   5   6   3  10   0 
0.011559
9  10 
0.029116
11   1   4   6   3   9  10 
0.008172
11   1   4   6   3  10   0 
0.008172
11   1   4   7   9  10   0 
0.005993
11   1   5   6   3   9  10 
0.012523
11   1   5   6   3  10   0 
0.012523
1  11 
0.477883
2   8  11 
0.446549
3   6   4   1  11   0 
0.132263
3   6   5   1  11   0 
0.094011
3   6   5   2   8  11 
0.017777
4   1  11 
0.071644
5   1  11   0 
0.251286
5   2   8  11 
0.023119
6   4   1  11   0 
0.047682
6   5   1  11   0 
0.033892
6   5   2   8  11 
0.006409
7   4   1  11 
0.361355
8  11 
1.022245
9   3   6   4   1  11   0 
0.005776
9   3   6   5   1  11   0 
0.005776
9   3   6   5   2   8  11 
0.005776
9   7   4   1  11   0   0 
0.001663
10   3   6   4   1  11   0   0 
0.066414
10   3   6   5   1  11   0   0 
0.066414
10   3   6   5   2   8  11   0 
0.017169
10   9   3   6   4   1  11   0 
0.012009
10   9   3   6   5   1  11   0 
0.012009
10   9   3   6   5   2   8  11 
0.012009
10   9   7   4   1  11   0   0 
0.004434
