2  5  1 
0.145571
3  6  4  1 
0.017286
3  6  5  1 
0.017286
4  1 
0.035519
5  1 
0.101137
6  4  1 
0.013117
6  5  1 
0.013117
7  4  1 
0.105321
8  11   1 
0.062646
9  7  4  1 
0.025545
10   3   6   4   1 
0.015928
10   3   6   5   1 
0.015928
10   9   7   4   1 
0.015928
11   1 
0.430749
1  5  2 
0.143410
3  6  5  2 
0.090317
4  1  5  2 
0.016898
4  6  5  2 
0.016898
5  2 
0.170541
6  5  2 
0.063291
7  4  1  5  2 
0.054669
7  4  6  5  2 
0.054669
8  2 
0.036996
9  3  6  5  2 
0.008251
10   3   6   5   2 
0.034921
11   8   2 
0.113281
1  4  6  3 
0.017042
1  5  6  3 
0.017042
2  5  6  3 
0.301799
4  6  3 
0.031955
5  6  3 
0.051535
6  3 
0.050304
7  9  3 
0.102400
8  2  5  6  3 
0.036387
9  3 
0.091575
10   3 
0.138818
11   1   4   6   3 
0.031698
11   1   5   6   3 
0.031698
1  4 
0.015942
2  5  1  4 
0.069113
2  5  6  4 
0.069113
3  6  4 
0.015720
5  1  4 
0.024511
5  6  4 
0.024511
6  4 
0.026704
7  4 
0.390118
8  11   1   4 
0.027976
9  7  4 
0.016828
10   3   6   4 
0.015764
10   9   7   4 
0.015764
11   1   4 
0.033324
1  5 
0.055024
2  5 
0.545071
3  6  5 
0.058987
4  1  5 
0.018758
4  6  5 
0.018758
6  5 
0.058835
7  4  1  5 
0.042032
7  4  6  5 
0.042032
8  2  5 
0.107213
9  3  6  5 
0.033933
10   3   6   5 
0.065051
11   1   5 
0.188505
1  4  6 
0.013498
1  5  6 
0.013498
2  5  6 
0.206041
3  6 
0.054933
4  6 
0.019978
5  6 
0.061512
7  4  6 
0.054399
8  2  5  6 
0.064399
9  3  6 
0.006187
10   3   6 
0.029105
11   1   4   6 
0.029746
11   1   5   6 
0.029746
1  4  7 
0.077960
2  5  1  4  7 
0.339612
2  5  6  4  7 
0.339612
3  9  7 
0.047428
4  7 
0.047965
5  1  4  7 
0.115166
5  6  4  7 
0.115166
6  4  7 
0.067656
8  11   1   4   7 
0.296072
9  7 
0.025875
10   9   7 
0.167485
11   1   4   7 
0.320347
1  11   8 
0.180919
2  8 
0.372119
3  6  5  2  8 
0.132073
4   1  11   8 
0.198247
5  2  8 
0.259477
6  5  2  8 
0.141850
7   4   1  11   8 
0.409655
9  3  6  5  2  8 
0.022698
9   7   4   1  11   8 
0.022698
10   3   6   5   2   8 
0.147691
11   8 
0.386383
1  4  7  9 
0.006221
2  5  6  3  9 
0.040806
3  9 
0.042349
4  7  9 
0.008298
5  6  3  9 
0.013786
6  3  9 
0.002720
7  9 
0.059320
8  2  5  6  3  9 
0.005933
8  11   1   4   7   9 
0.005933
10   9 
0.016141
11   1   4   7   9 
0.017133
1   4   6   3  10 
0.020756
1   4   7   9  10 
0.020756
1   5   6   3  10 
0.035306
2   5   6   3  10 
0.332286
3  10 
0.037959
4   6   3  10 
0.005735
4   7   9  10 
0.005735
5   6   3  10 
0.036513
6   3  10 
0.018740
7   9  10 
0.113177
8   2   5   6   3  10 
0.081363
9  10 
0.023393
11   1   4   6   3  10 
0.015795
11   1   4   7   9  10 
0.015795
11   1   5   6   3  10 
0.022109
1  11 
0.551040
2   8  11 
0.393768
3   6   4   1  11 
0.088787
3   6   5   1  11 
0.088787
4   1  11 
0.122621
5   1  11 
0.205837
6   4   1  11 
0.036224
6   5   1  11 
0.036224
7   4   1  11 
0.392047
8  11 
0.678539
9   7   4   1  11 
0.020332
10   3   6   4   1  11 
0.061252
10   3   6   5   1  11 
0.061252
10   9   7   4   1  11 
0.061252
