1  5  2  0  0  0  0  0  0  0 
6.652840e-002
1  11   8   2   0   0   0   0   0   0 
2.192396e-016
1  4  6  5  2  0  0  0  0  0 
1.098465e-016
1  4  6  3  0  0  0  0  0  0 
2.206815e-002
1  5  6  3  0  0  0  0  0  0 
2.043188e-002
1  4  7  9  3  0  0  0  0  0 
2.177776e-016
1  4  0  0  0  0  0  0  0  0 
4.500699e-002
1  5  6  4  0  0  0  0  0  0 
1.097412e-016
1  5  0  0  0  0  0  0  0  0 
8.228707e-002
1  4  6  5  0  0  0  0  0  0 
1.099236e-016
1  11   8   2   5   0   0   0   0   0 
7.330739e-017
1  4  6  0  0  0  0  0  0  0 
5.188414e-002
1  5  6  0  0  0  0  0  0  0 
4.679414e-002
1  4  7  0  0  0  0  0  0  0 
1.022784e-001
1  5  6  4  7  0  0  0  0  0 
1.099939e-016
1  11   8   0   0   0   0   0   0   0 
2.566010e-001
1  5  2  8  0  0  0  0  0  0 
2.200708e-016
1  4  6  5  2  8  0  0  0  0 
7.341892e-017
1  4  7  9  0  0  0  0  0  0 
8.729625e-003
1  4  6  3  9  0  0  0  0  0 
2.095161e-016
1  5  6  3  9  0  0  0  0  0 
2.095365e-016
1   4   6   3  10   0   0   0   0   0 
2.572145e-002
1   5   6   3  10   0   0   0   0   0 
2.363121e-002
1   4   7   9  10   0   0   0   0   0 
4.371166e-002
1  11   0   0   0   0   0   0   0   0 
5.824884e-001
1   5   2   8  11   0   0   0   0   0 
7.344382e-017
2  5  1  0  0  0  0  0  0  0 
1.037071e-001
2   8  11   1   0   0   0   0   0   0 
2.198722e-016
2  5  6  4  1  0  0  0  0  0 
1.099618e-016
2  5  6  3  0  0  0  0  0  0 
3.043450e-001
2  5  1  4  6  3  0  0  0  0 
1.101398e-016
2  5  1  4  0  0  0  0  0  0 
7.387442e-002
2  5  6  4  0  0  0  0  0  0 
7.086206e-002
2   8  11   1   4   0   0   0   0   0 
2.195733e-016
2  5  0  0  0  0  0  0  0  0 
6.914883e-001
2   8  11   1   5   0   0   0   0   0 
7.348318e-017
2   8  11   1   4   6   5   0   0   0 
4.408204e-017
2  5  6  0  0  0  0  0  0  0 
2.259038e-001
2  5  1  4  6  0  0  0  0  0 
1.101163e-016
2  5  1  4  7  0  0  0  0  0 
3.850727e-001
2  5  6  4  7  0  0  0  0  0 
3.867740e-001
2   8  11   1   4   7   0   0   0   0 
2.204856e-016
2  8  0  0  0  0  0  0  0  0 
3.345679e-001
2   5   1  11   8   0   0   0   0   0 
7.337550e-017
2  5  6  3  9  0  0  0  0  0 
3.290350e-002
2   5   6   3  10   9   0   0   0   0 
2.176624e-016
2  5  1  4  7  9  0  0  0  0 
2.175336e-016
2   5   6   3  10   0   0   0   0   0 
4.281381e-001
2   5   6   3   9  10   0   0   0   0 
2.216339e-016
2   8  11   0   0   0   0   0   0   0 
3.391447e-001
2   5   1  11   0   0   0   0   0   0 
2.196618e-016
3  6  4  1  0  0  0  0  0  0 
1.159166e-002
3  6  5  1  0  0  0  0  0  0 
1.196657e-002
3  9  7  4  1  0  0  0  0  0 
2.152548e-016
3  6  5  2  0  0  0  0  0  0 
4.002433e-002
3  6  4  1  5  2  0  0  0  0 
1.096899e-016
3  6  4  0  0  0  0  0  0  0 
2.687142e-002
3  9  7  4  0  0  0  0  0  0 
2.182331e-016
3  6  5  0  0  0  0  0  0  0 
3.767859e-002
3  6  4  1  5  0  0  0  0  0 
1.096586e-016
3  6  0  0  0  0  0  0  0  0 
1.909567e-002
3  9  7  4  6  0  0  0  0  0 
7.306250e-017
3  10   9   7   4   6   0   0   0   0 
5.486198e-017
3  9  7  0  0  0  0  0  0  0 
1.649653e-002
3  10   9   7   0   0   0   0   0   0 
2.144124e-016
3  6  4  7  0  0  0  0  0  0 
2.141481e-016
3  6  5  2  8  0  0  0  0  0 
8.123304e-002
3   6   4   1  11   8   0   0   0   0 
2.193387e-016
3   6   5   1  11   8   0   0   0   0 
2.193076e-016
3  9  0  0  0  0  0  0  0  0 
1.798066e-002
3  10   9   0   0   0   0   0   0   0 
2.159471e-016
3  6  4  7  9  0  0  0  0  0 
7.282488e-017
3  10   0   0   0   0   0   0   0   0 
1.704934e-002
3   9  10   0   0   0   0   0   0   0 
2.164161e-016
3   6   4   1  11   0   0   0   0   0 
8.428795e-002
3   6   5   1  11   0   0   0   0   0 
8.181401e-002
3   9   7   4   1  11   0   0   0   0 
2.204648e-016
4  1  0  0  0  0  0  0  0  0 
1.522089e-002
4  6  5  1  0  0  0  0  0  0 
1.089054e-016
4  1  5  2  0  0  0  0  0  0 
2.251720e-002
4  6  5  2  0  0  0  0  0  0 
2.330060e-002
4   1  11   8   2   0   0   0   0   0 
2.173318e-016
4  6  3  0  0  0  0  0  0  0 
3.650454e-002
4  7  9  3  0  0  0  0  0  0 
2.189579e-016
4  1  5  6  3  0  0  0  0  0 
1.095265e-016
4  1  5  0  0  0  0  0  0  0 
1.982391e-002
4  6  5  0  0  0  0  0  0  0 
2.068377e-002
4  6  0  0  0  0  0  0  0  0 
1.729933e-002
4  1  5  6  0  0  0  0  0  0 
1.089197e-016
4  7  9  3  6  0  0  0  0  0 
7.298241e-017
4  7  0  0  0  0  0  0  0  0 
8.292738e-002
4  6  3  9  7  0  0  0  0  0 
7.349868e-017
4   6   3  10   9   7   0   0   0   0 
5.511070e-017
4   1  11   8   0   0   0   0   0   0 
1.684753e-001
4  1  5  2  8  0  0  0  0  0 
2.198914e-016
4  6  5  2  8  0  0  0  0  0 
2.199369e-016
4  7  9  0  0  0  0  0  0  0 
2.821050e-003
4  6  3  9  0  0  0  0  0  0 
2.499985e-016
4   6   3  10   9   0   0   0   0   0 
1.043382e-016
4   7   9  10   0   0   0   0   0   0 
4.367840e-003
4   6   3  10   0   0   0   0   0   0 
4.139905e-003
4   6   3   9  10   0   0   0   0   0 
2.132631e-016
4   1  11   0   0   0   0   0   0   0 
5.470882e-002
4   6   5   1  11   0   0   0   0   0 
1.098284e-016
5  1  0  0  0  0  0  0  0  0 
1.134275e-001
5  6  4  1  0  0  0  0  0  0 
1.099860e-016
5   2   8  11   1   0   0   0   0   0 
7.335785e-017
5  2  0  0  0  0  0  0  0  0 
1.368845e-001
5   1  11   8   2   0   0   0   0   0 
7.340948e-017
5  6  3  0  0  0  0  0  0  0 
3.459714e-002
5  1  4  6  3  0  0  0  0  0 
1.096183e-016
5  1  4  0  0  0  0  0  0  0 
2.251067e-002
5  6  4  0  0  0  0  0  0  0 
2.092152e-002
5  6  0  0  0  0  0  0  0  0 
5.324314e-002
5  1  4  6  0  0  0  0  0  0 
1.098228e-016
5  1  4  7  0  0  0  0  0  0 
9.648095e-002
5  6  4  7  0  0  0  0  0  0 
9.288577e-002
5  6  3  9  7  0  0  0  0  0 
2.208051e-016
5  2  8  0  0  0  0  0  0  0 
3.965489e-001
5   1  11   8   0   0   0   0   0   0 
2.201620e-016
5  6  3  9  0  0  0  0  0  0 
1.987426e-002
5  1  4  7  9  0  0  0  0  0 
2.155526e-016
5  6  4  7  9  0  0  0  0  0 
2.155555e-016
5   6   3  10   0   0   0   0   0   0 
5.159529e-002
5   6   3   9  10   0   0   0   0   0 
2.199698e-016
5   1  11   0   0   0   0   0   0   0 
3.185948e-001
5   2   8  11   0   0   0   0   0   0 
2.201191e-016
6  4  1  0  0  0  0  0  0  0 
1.008283e-002
6  5  1  0  0  0  0  0  0  0 
1.058364e-002
6  5  2  0  0  0  0  0  0  0 
6.735340e-002
6  4  1  5  2  0  0  0  0  0 
1.098955e-016
6  3  0  0  0  0  0  0  0  0 
4.923762e-002
6  4  7  9  3  0  0  0  0  0 
7.340100e-017
6   4   7   9  10   3   0   0   0   0 
5.507266e-017
6  4  0  0  0  0  0  0  0  0 
2.434402e-002
6  5  1  4  0  0  0  0  0  0 
1.092758e-016
6  3  9  7  4  0  0  0  0  0 
7.315884e-017
6  5  0  0  0  0  0  0  0  0 
5.344465e-002
6  4  1  5  0  0  0  0  0  0 
1.098169e-016
6  4  7  0  0  0  0  0  0  0 
3.367171e-002
6  3  9  7  0  0  0  0  0  0 
2.190451e-016
6  5  2  8  0  0  0  0  0  0 
1.035757e-001
6   4   1  11   8   0   0   0   0   0 
2.195753e-016
6   5   1  11   8   0   0   0   0   0 
2.195428e-016
6  3  9  0  0  0  0  0  0  0 
2.620905e-003
6   3  10   9   0   0   0   0   0   0 
1.364215e-016
6  4  7  9  0  0  0  0  0  0 
1.365274e-016
6   3  10   0   0   0   0   0   0   0 
1.659835e-002
6   3   9  10   0   0   0   0   0   0 
2.157196e-016
6   4   7   9  10   0   0   0   0   0 
1.088596e-016
6   4   1  11   0   0   0   0   0   0 
4.553048e-002
6   5   1  11   0   0   0   0   0   0 
4.672052e-002
6   5   2   8  11   0   0   0   0   0 
2.186996e-016
7  4  1  0  0  0  0  0  0  0 
8.248821e-002
7  4  6  5  1  0  0  0  0  0 
1.099538e-016
7  4  6  5  2  0  0  0  0  0 
5.736236e-001
7  4  1  5  2  0  0  0  0  0 
4.041376e-001
7  9  3  6  5  2  0  0  0  0 
2.217385e-016
7  9  3  0  0  0  0  0  0  0 
2.552793e-002
7  4  6  3  0  0  0  0  0  0 
2.162503e-016
7   9  10   3   0   0   0   0   0   0 
2.170436e-016
7  4  0  0  0  0  0  0  0  0 
5.642194e-002
7  9  3  6  4  0  0  0  0  0 
7.345003e-017
7   9  10   3   6   4   0   0   0   0 
5.510040e-017
7  4  6  5  0  0  0  0  0  0 
5.801116e-002
7  4  1  5  0  0  0  0  0  0 
5.436332e-002
7  9  3  6  5  0  0  0  0  0 
2.202376e-016
7  4  6  0  0  0  0  0  0  0 
1.913604e-002
7  9  3  6  0  0  0  0  0  0 
2.171115e-016
7   4   1  11   8   0   0   0   0   0 
2.448781e-001
7  4  6  5  2  8  0  0  0  0 
2.200970e-016
7  4  1  5  2  8  0  0  0  0 
2.200505e-016
7  9  0  0  0  0  0  0  0  0 
3.072747e-002
7  4  6  3  9  0  0  0  0  0 
7.317902e-017
7   4   6   3  10   9   0   0   0   0 
5.492951e-017
7   9  10   0   0   0   0   0   0   0 
7.600551e-002
7   9   3  10   0   0   0   0   0   0 
2.194830e-016
7   4   6   3  10   0   0   0   0   0 
1.096735e-016
7   4   1  11   0   0   0   0   0   0 
3.234182e-001
8  11   1   0   0   0   0   0   0   0 
8.362014e-002
8  2  5  1  0  0  0  0  0  0 
2.192629e-016
8  2  0  0  0  0  0  0  0  0 
5.587353e-002
8  11   1   5   2   0   0   0   0   0 
7.325884e-017
8  11   1   4   6   5   2   0   0   0 
4.400020e-017
8  2  5  6  3  0  0  0  0  0 
4.388824e-002
8  11   1   5   6   3   0   0   0   0 
2.184731e-016
8  11   1   4   6   3   0   0   0   0 
2.185266e-016
8  11   1   4   0   0   0   0   0   0 
3.401109e-002
8  2  5  1  4  0  0  0  0  0 
2.176978e-016
8  2  5  6  4  0  0  0  0  0 
2.176957e-016
8  2  5  0  0  0  0  0  0  0 
1.769922e-001
8  11   1   5   0   0   0   0   0   0 
2.200775e-016
8  2  5  6  0  0  0  0  0  0 
4.305550e-002
8  11   1   5   6   0   0   0   0   0 
2.184364e-016
8  11   1   4   6   0   0   0   0   0 
2.184896e-016
8  11   1   4   7   0   0   0   0   0 
2.831766e-001
8  2  5  1  4  7  0  0  0  0 
2.199267e-016
8  2  5  6  4  7  0  0  0  0 
2.199414e-016
8  11   1   4   7   9   0   0   0   0 
2.807527e-002
8  2  5  6  3  9  0  0  0  0 
3.429005e-002
8  11   1   5   6   3   9   0   0   0 
2.181712e-016
8   2   5   6   3  10   0   0   0   0 
1.122817e-001
8   2   5   6   3   9  10   0   0   0 
2.209332e-016
8  11   1   4   7   9  10   0   0   0 
2.207381e-016
8  11   0   0   0   0   0   0   0   0 
7.150880e-001
8   2   5   1  11   0   0   0   0   0 
7.340872e-017
9  7  4  1  0  0  0  0  0  0 
6.540495e-003
9  3  6  4  1  0  0  0  0  0 
2.036732e-016
9  3  6  5  1  0  0  0  0  0 
2.028318e-016
9  3  6  5  2  0  0  0  0  0 
5.886000e-003
9  10   3   6   5   2   0   0   0   0 
2.027821e-016
9  7  4  6  5  2  0  0  0  0 
2.048757e-016
9  3  0  0  0  0  0  0  0  0 
4.949805e-002
9  10   3   0   0   0   0   0   0   0 
2.188442e-016
9  7  4  6  3  0  0  0  0  0 
7.322573e-017
9  7  4  0  0  0  0  0  0  0 
8.201100e-003
9  3  6  4  0  0  0  0  0  0 
2.096741e-016
9  10   3   6   4   0   0   0   0   0 
1.062325e-016
9  3  6  5  0  0  0  0  0  0 
1.021414e-002
9  10   3   6   5   0   0   0   0   0 
2.107309e-016
9  7  4  6  5  0  0  0  0  0 
2.109216e-016
9  3  6  0  0  0  0  0  0  0 
4.170255e-003
9  10   3   6   0   0   0   0   0   0 
2.158425e-016
9  7  4  6  0  0  0  0  0  0 
2.190877e-016
9  7  0  0  0  0  0  0  0  0 
1.335603e-002
9  3  6  4  7  0  0  0  0  0 
7.276761e-017
9  10   3   6   4   7   0   0   0   0 
5.469953e-017
9   7   4   1  11   8   0   0   0   0 
9.914410e-003
9  3  6  5  2  8  0  0  0  0 
1.200947e-002
9  10   3   6   5   2   8   0   0   0 
2.148035e-016
9  10   0   0   0   0   0   0   0   0 
2.192385e-002
9   3  10   0   0   0   0   0   0   0 
2.169651e-016
9   7   4   1  11   0   0   0   0   0 
1.830217e-002
9   3   6   4   1  11   0   0   0   0 
2.150799e-016
9   3   6   5   1  11   0   0   0   0 
2.150645e-016
10   3   6   4   1   0   0   0   0   0 
1.098992e-002
10   9   7   4   1   0   0   0   0   0 
1.231353e-002
10   3   6   5   1   0   0   0   0   0 
1.183934e-002
10   3   6   5   2   0   0   0   0   0 
3.318130e-002
10   9   3   6   5   2   0   0   0   0 
2.187815e-016
10   3   0   0   0   0   0   0   0   0 
5.474110e-002
10   9   3   0   0   0   0   0   0   0 
2.198018e-016
10   3   6   4   0   0   0   0   0   0 
5.573993e-003
10   9   7   4   0   0   0   0   0   0 
6.032752e-003
10   3   9   7   4   0   0   0   0   0 
2.132438e-016
10   3   6   5   0   0   0   0   0   0 
3.398802e-002
10   9   3   6   5   0   0   0   0   0 
2.188414e-016
10   3   6   0   0   0   0   0   0   0 
2.096403e-002
10   9   3   6   0   0   0   0   0   0 
2.172689e-016
10   9   7   0   0   0   0   0   0   0 
1.008995e-001
10   3   9   7   0   0   0   0   0   0 
2.200471e-016
10   3   6   5   2   8   0   0   0   0 
1.174490e-001
10   9   3   6   5   2   8   0   0   0 
2.206752e-016
10   3   6   5   1  11   8   0   0   0 
2.196409e-016
10   9   0   0   0   0   0   0   0   0 
1.349161e-002
10   3   9   0   0   0   0   0   0   0 
2.148325e-016
10   3   6   4   1  11   0   0   0   0 
3.978637e-002
10   3   6   5   1  11   0   0   0   0 
4.191067e-002
10   9   7   4   1  11   0   0   0   0 
5.951520e-002
11   1   0   0   0   0   0   0   0   0 
4.869932e-001
11   8   2   5   1   0   0   0   0   0 
7.342103e-017
11   8   2   0   0   0   0   0   0   0 
7.819624e-002
11   1   5   2   0   0   0   0   0   0 
2.190618e-016
11   1   4   6   3   0   0   0   0   0 
7.799233e-002
11   1   5   6   3   0   0   0   0   0 
7.337515e-002
11   8   2   5   6   3   0   0   0   0 
2.191539e-016
11   1   4   0   0   0   0   0   0   0 
6.923128e-002
11   1   5   6   4   0   0   0   0   0 
1.098989e-016
11   1   5   0   0   0   0   0   0   0 
2.312562e-001
11   8   2   5   0   0   0   0   0   0 
2.198495e-016
11   1   4   6   5   0   0   0   0   0 
1.100858e-016
11   1   4   6   0   0   0   0   0   0 
5.395111e-002
11   1   5   6   0   0   0   0   0   0 
5.101912e-002
11   8   2   5   6   0   0   0   0   0 
2.187332e-016
11   1   4   7   0   0   0   0   0   0 
2.785762e-001
11   8   0   0   0   0   0   0   0   0 
3.743168e-001
11   1   5   2   8   0   0   0   0   0 
7.341682e-017
11   1   4   7   9   0   0   0   0   0 
7.901145e-003
11   1   4   6   3   9   0   0   0   0 
2.120640e-016
11   1   5   6   3   9   0   0   0   0 
2.120898e-016
11   1   4   7   9  10   0   0   0   0 
2.680729e-002
11   1   5   6   3  10   0   0   0   0 
1.758237e-002
11   1   4   6   3  10   0   0   0   0 
1.891532e-002
