2  5  1 
0.104633
3  6  4  1 
0.012035
3  6  5  1 
0.012035
4  1 
0.016848
5  1 
0.116804
6  4  1 
0.012201
6  5  1 
0.012201
7  4  1 
0.084006
8  11   1 
0.078395
9  7  4  1 
0.007021
10   3   6   4   1 
0.012875
10   3   6   5   1 
0.012875
10   9   7   4   1 
0.012875
11   1 
0.518388
1  5  2 
0.073817
3  6  5  2 
0.036425
4  1  5  2 
0.013341
4  6  5  2 
0.013341
5  2 
0.099361
6  5  2 
0.082645
7  4  1  5  2 
0.254087
7  4  6  5  2 
0.254087
8  2 
0.037877
9  3  6  5  2 
0.005487
10   3   6   5   2 
0.036339
11   8   2 
0.073669
1  4  6  3 
0.022765
1  5  6  3 
0.022765
2  5  6  3 
0.245868
4  6  3 
0.036299
5  6  3 
0.043635
6  3 
0.049699
7  9  3 
0.031498
8  2  5  6  3 
0.042590
9  3 
0.057173
10   3 
0.053774
11   1   4   6   3 
0.047834
11   1   5   6   3 
0.047834
1  4 
0.033337
2  5  1  4 
0.082628
2  5  6  4 
0.082628
3  6  4 
0.069186
5  1  4 
0.015683
5  6  4 
0.015683
6  4 
0.029401
7  4 
0.045638
8  11   1   4 
0.037126
9  7  4 
0.005472
10   3   6   4 
0.004662
10   9   7   4 
0.004662
11   1   4 
0.058740
1  5 
0.087961
2  5 
0.694262
3  6  5 
0.048578
4  1  5 
0.016047
4  6  5 
0.016047
6  5 
0.064729
7  4  1  5 
0.055744
7  4  6  5 
0.055744
8  2  5 
0.193139
9  3  6  5 
0.013364
10   3   6   5 
0.031216
11   1   5 
0.229296
1  4  6 
0.024806
1  5  6 
0.024806
2  5  6 
0.244350
3  6 
0.019027
4  6 
0.019246
5  6 
0.058257
7  4  6 
0.022856
8  2  5  6 
0.050503
9  3  6 
0.003745
10   3   6 
0.025442
11   1   4   6 
0.033168
11   1   5   6 
0.033168
1  4  7 
0.095674
2  5  1  4  7 
0.377184
2  5  6  4  7 
0.377184
3  9  7 
0.017389
4  7 
0.160403
5  1  4  7 
0.088732
5  6  4  7 
0.088732
6  4  7 
0.030196
8  11   1   4   7 
0.273162
9  7 
0.018408
10   9   7 
0.096353
11   1   4   7 
0.260336
1  11   8 
0.281126
2  8 
0.366067
3  6  5  2  8 
0.086894
4   1  11   8 
0.179392
5  2  8 
0.363402
6  5  2  8 
0.100634
7   4   1  11   8 
0.247537
9  3  6  5  2  8 
0.011365
9   7   4   1  11   8 
0.011365
10   3   6   5   2   8 
0.122972
11   8 
0.363981
1  4  7  9 
0.007167
2  5  6  3  9 
0.031449
3  9 
0.017819
4  7  9 
0.002438
5  6  3  9 
0.017721
6  3  9 
0.003075
7  9 
0.030751
8  2  5  6  3  9 
0.006820
8  11   1   4   7   9 
0.006820
10   9 
0.010030
11   1   4   7   9 
0.011531
1   4   6   3  10 
0.026365
1   4   7   9  10 
0.026365
1   5   6   3  10 
0.047734
2   5   6   3  10 
0.413694
3  10 
0.015406
4   6   3  10 
0.004304
4   7   9  10 
0.004304
5   6   3  10 
0.049685
6   3  10 
0.021161
7   9  10 
0.073328
8   2   5   6   3  10 
0.128308
9  10 
0.020958
11   1   4   6   3  10 
0.018786
11   1   4   7   9  10 
0.018786
11   1   5   6   3  10 
0.026487
1  11 
0.531880
2   8  11 
0.290648
3   6   4   1  11 
0.091152
3   6   5   1  11 
0.091152
4   1  11 
0.062938
5   1  11 
0.311489
6   4   1  11 
0.060855
6   5   1  11 
0.060855
7   4   1  11 
0.260795
8  11 
0.730560
9   7   4   1  11 
0.017746
10   3   6   4   1  11 
0.054930
10   3   6   5   1  11 
0.054930
10   9   7   4   1  11 
0.054930
