2  5  1  0 
0.079584
2   8  11   1 
0.008821
3  6  4  1 
0.004486
3  6  5  1 
0.003969
4  1 
0.008599
5  1 
0.086403
6  4  1 
0.007984
6  5  1 
0.007063
7  4  1 
0.087830
8  11   1 
0.068677
9  3  6  4  1 
0.008244
9  3  6  5  1 
0.008244
9  7  4  1  0 
0.009375
10   3   6   4   1   0 
0.008700
10   3   6   5   1   0 
0.008700
10   9   3   6   4   1 
0.008675
10   9   3   6   5   1 
0.008675
10   9   7   4   1   0 
0.008675
11   1 
0.505922
1  5  2  0 
0.047123
1  11   8   2 
0.047123
3  6  5  2 
0.058050
4  1  5  2  0 
0.019007
4   1  11   8   2 
0.019007
4  6  5  2  0 
0.006212
5  2 
0.145755
6  5  2 
0.048699
7  4  1  5  2  0 
0.036250
7   4   1  11   8   2 
0.036250
7  4  6  5  2  0 
0.013933
7  9  3  6  5  2 
0.006373
8  2 
0.030156
9  3  6  5  2 
0.009662
10   3   6   5   2   0 
0.038936
10   9   3   6   5   2 
0.018166
11   8   2 
0.033251
1  4  6  3  0 
0.010880
1  4  7  9  3 
0.007766
1  5  6  3  0 
0.021006
2  5  6  3 
0.236969
4  6  3  0 
0.020672
4  7  9  3 
0.014754
5  6  3 
0.021068
6  3 
0.105931
7  9  3 
0.016785
8  2  5  6  3  0  0 
0.030565
8  11   1   4   6   3   0 
0.015931
8  11   1   4   7   9   3 
0.015931
8  11   1   5   6   3   0 
0.015931
9  3 
0.060569
10   9   3 
0.023124
10   3   0 
0.049563
11   1   4   6   3   0 
0.024608
11   1   4   7   9   3 
0.017563
11   1   5   6   3   0 
0.047509
1  4 
0.032970
2  5  1  4  0 
0.040410
2  5  6  4  0 
0.094995
2   8  11   1   4 
0.003358
3  6  4  0 
0.007306
3  9  7  4 
0.001205
5  1  4 
0.013380
5  6  4 
0.031455
6  4 
0.016315
7  4 
0.088991
8  11   1   4 
0.026480
9  7  4 
0.008102
10   3   6   4   0 
0.006543
10   3   9   7   4 
0.001964
10   9   7   4   0 
0.005616
11   1   4 
0.027079
1  5 
0.061882
2  5 
0.653860
3  6  5 
0.066829
4  1  5 
0.024320
4  6  5 
0.015898
6  5 
0.044235
7  4  1  5  0 
0.050043
7  4  6  5  0 
0.032713
7  9  3  6  5 
0.015301
8  2  5  0 
0.122863
8  11   1   5 
0.041621
9  3  6  5 
0.012634
10   3   6   5   0 
0.031001
10   9   3   6   5 
0.014464
11   1   5 
0.158280
1  4  6 
0.012080
1  5  6 
0.038432
2  5  6 
0.230888
3  6 
0.016444
4  6 
0.019084
5  6 
0.051351
7  4  6  0 
0.014231
7  9  3  6 
0.010157
8  2  5  6  0 
0.025295
8  11   1   4   6 
0.011262
8  11   1   5   6 
0.011262
9  3  6 
0.003826
10   3   6   0 
0.016967
10   9   3   6 
0.007916
11   1   4   6 
0.024185
11   1   5   6 
0.068858
1  4  7 
0.078006
2  5  1  4  7  0 
0.187094
2  5  6  3  9  7 
0.076058
2  5  6  4  7  0 
0.461164
2   8  11   1   4   7 
0.016287
3  9  7 
0.020937
4  7 
0.039075
5  1  4  7  0 
0.050773
5  6  3  9  7 
0.020640
5  6  4  7  0 
0.125150
6  3  9  7 
0.004609
6  4  7  0 
0.027945
8  11   1   4   7 
0.254692
9  7 
0.022542
10   3   9   7 
0.017075
10   9   7   0 
0.103533
11   1   4   7 
0.279077
1  5  2  8 
0.053717
1  11   8   0 
0.185565
2  8 
0.329050
3  6  5  2  8 
0.088967
4  1  5  2  8 
0.042472
4   1  11   8   0 
0.125893
4  6  5  2  8 
0.018475
5  2  8 
0.344207
6  5  2  8 
0.098254
7  4  1  5  2  8 
0.066696
7   4   1  11   8   0 
0.149092
7  4  6  5  2  8 
0.029012
9  3  6  5  2  8  0 
0.000919
9  7  4  1  5  2  8 
0.010057
9   7   4   1  11   8   0 
0.010057
9  7  4  6  5  2  8 
0.006155
10   3   6   5   2   8   0   0 
0.006855
10   9   3   6   5   2   8   0 
0.004092
10   9   7   4   1   5   2   8 
0.038215
10   9   7   4   1  11   8   0 
0.038215
10   9   7   4   6   5   2   8 
0.027419
11   8 
0.376878
1  4  6  3  9 
0.000587
1  4  7  9  0 
0.005445
2  5  1  4  6  3  9 
0.003366
2  5  1  4  7  9  0 
0.023359
2  5  6  3  9  0  0 
0.008175
3  9 
0.041774
4  6  3  9 
0.000319
4  7  9  0 
0.002956
5  1  4  6  3  9 
0.001322
5  1  4  7  9  0 
0.009178
5  6  3  9  0  0 
0.003212
6  3  9 
0.002423
7  9 
0.037053
8  2  5  1  4  6  3  9 
0.002622
8  2  5  1  4  7  9  0 
0.004640
8  2  5  6  3  9  0  0 
0.004640
8  11   1   4   6   3   9   0 
0.001316
8  11   1   4   7   9   0   0 
0.001316
10   3   9 
0.001555
10   9   0 
0.009431
11   1   4   6   3   9 
0.003061
11   1   4   7   9   0 
0.005755
1   4   6   3   9  10 
0.010934
1   4   6   3  10   0 
0.010934
1   4   7   9  10   0 
0.014359
1   5   6   3   9  10 
0.026362
1   5   6   3  10   0 
0.031006
2   5   6   3   9  10 
0.078529
2   5   6   3  10   0 
0.376474
3   9  10 
0.002128
3  10   0 
0.012903
4   6   3   9  10 
0.003456
4   6   3  10   0 
0.003456
4   7   9  10   0 
0.004538
5   6   3   9  10 
0.006253
5   6   3  10   0 
0.037916
6   3   9  10 
0.002159
6   3  10   0 
0.013090
7   9  10 
0.093456
8   2   5   6   3   9  10   0 
0.022899
8   2   5   6   3  10   0   0 
0.022899
8  11   1   4   6   3   9  10 
0.013397
8  11   1   4   6   3  10   0 
0.013397
8  11   1   4   7   9  10   0 
0.013397
8  11   1   5   6   3   9  10 
0.013397
8  11   1   5   6   3  10   0 
0.013397
9  10 
0.013627
11   1   4   6   3   9  10 
0.010247
11   1   4   6   3  10   0 
0.010247
11   1   4   7   9  10   0 
0.013456
11   1   5   6   3   9  10 
0.024705
11   1   5   6   3  10   0 
0.029057
1  11 
0.454359
2   8  11 
0.341167
3   6   4   1  11   0 
0.085534
3   6   5   1  11   0 
0.084061
3   6   5   2   8  11 
0.020402
4   1  11 
0.083872
5   1  11   0 
0.261381
5   2   8  11 
0.028972
6   4   1  11   0 
0.036970
6   5   1  11   0 
0.036333
6   5   2   8  11 
0.008818
7   4   1  11 
0.287745
8  11 
0.644765
9   3   6   4   1  11   0 
0.003168
9   3   6   5   1  11   0 
0.003168
9   3   6   5   2   8  11 
0.003168
9   7   4   1  11   0   0 
0.003424
10   3   6   4   1  11   0   0 
0.037031
10   3   6   5   1  11   0   0 
0.037031
10   3   6   5   2   8  11   0 
0.020453
10   9   3   6   4   1  11   0 
0.019859
10   9   3   6   5   1  11   0 
0.019859
10   9   3   6   5   2   8  11 
0.019859
10   9   7   4   1  11   0   0 
0.021468
