2  5  1  0 
0.056266
2   8  11   1 
0.006492
3  6  4  1 
0.007781
3  6  5  1 
0.005069
4  1 
0.063144
5  1 
0.072758
6  4  1 
0.013040
6  5  1 
0.008495
7  4  1 
0.091491
8  11   1 
0.081563
9  3  6  4  1 
0.006626
9  3  6  5  1 
0.006626
9  7  4  1  0 
0.003499
10   3   6   4   1   0 
0.018069
10   3   6   5   1   0 
0.017621
10   9   3   6   4   1 
0.009099
10   9   3   6   5   1 
0.009099
10   9   7   4   1   0 
0.005780
11   1 
0.415181
1  5  2  0 
0.028549
1  11   8   2 
0.028549
3  6  5  2 
0.086096
4  1  5  2  0 
0.008625
4   1  11   8   2 
0.008625
4  6  5  2  0 
0.003339
5  2 
0.150662
6  5  2 
0.049751
7  4  1  5  2  0 
0.039688
7   4   1  11   8   2 
0.039688
7  4  6  5  2  0 
0.015366
7  9  3  6  5  2 
0.008452
8  2 
0.032276
9  3  6  5  2 
0.014089
10   3   6   5   2   0 
0.032617
10   9   3   6   5   2 
0.010750
11   8   2 
0.027067
1  4  6  3  0 
0.011159
1  4  7  9  3 
0.007568
1  5  6  3  0 
0.018664
2  5  6  3 
0.233991
4  6  3  0 
0.016008
4  7  9  3 
0.010857
5  6  3 
0.031913
6  3 
0.083784
7  9  3 
0.063487
8  2  5  6  3  0  0 
0.024132
8  11   1   4   6   3   0 
0.013251
8  11   1   4   7   9   3 
0.013251
8  11   1   5   6   3   0 
0.013251
9  3 
0.071053
10   9   3 
0.024363
10   3   0 
0.073923
11   1   4   6   3   0 
0.022016
11   1   4   7   9   3 
0.014931
11   1   5   6   3   0 
0.036823
1  4 
0.022367
2  5  1  4  0 
0.034487
2  5  6  4  0 
0.086664
2   8  11   1   4 
0.002832
3  6  4  0 
0.014122
3  9  7  4 
0.001235
5  1  4 
0.013775
5  6  4 
0.034863
6  4 
0.010443
7  4 
0.979061
8  11   1   4 
0.046951
9  7  4 
0.010828
10   3   6   4   0 
0.013760
10   3   9   7   4 
0.002202
10   9   7   4   0 
0.003636
11   1   4 
0.026482
1  5 
0.086879
2  5 
0.610385
3  6  5 
0.063284
4  1  5 
0.019500
4  6  5 
0.012805
6  5 
0.054074
7  4  1  5  0 
0.066655
7  4  6  5  0 
0.043770
7  9  3  6  5 
0.022697
8  2  5  0 
0.085410
8  11   1   5 
0.028110
9  3  6  5 
0.048092
10   3   6   5   0 
0.039088
10   9   3   6   5 
0.012882
11   1   5 
0.195957
1  4  6 
0.005022
1  5  6 
0.012608
2  5  6 
0.187664
3  6 
0.021256
4  6 
0.020237
5  6 
0.132822
7  4  6  0 
0.018121
7  9  3  6 
0.012290
8  2  5  6  0 
0.031677
8  11   1   4   6 
0.014578
8  11   1   5   6 
0.014578
9  3  6 
0.003669
10   3   6   0 
0.019403
10   9   3   6 
0.006394
11   1   4   6 
0.014013
11   1   5   6 
0.035183
1  4  7 
0.074733
2  5  1  4  7  0 
0.210194
2  5  6  3  9  7 
0.050477
2  5  6  4  7  0 
0.577286
2   8  11   1   4   7 
0.019950
3  9  7 
0.049008
4  7 
0.059066
5  1  4  7  0 
0.045003
5  6  3  9  7 
0.010807
5  6  4  7  0 
0.123598
6  3  9  7 
0.005080
6  4  7  0 
0.058095
8  11   1   4   7 
0.322840
9  7 
0.039046
10   3   9   7 
0.042888
10   9   7   0 
0.140952
11   1   4   7 
0.315698
1  5  2  8 
0.035983
1  11   8   0 
0.157568
2  8 
0.404764
3  6  5  2  8 
0.105373
4  1  5  2  8 
0.033857
4   1  11   8   0 
0.141788
4  6  5  2  8 
0.017309
5  2  8 
0.257277
6  5  2  8 
0.112499
7  4  1  5  2  8 
0.087516
7   4   1  11   8   0 
0.307335
7  4  6  5  2  8 
0.044743
9  3  6  5  2  8  0 
0.003570
9  7  4  1  5  2  8 
0.018787
9   7   4   1  11   8   0 
0.018787
9  7  4  6  5  2  8 
0.011908
10   3   6   5   2   8   0   0 
0.020950
10   9   3   6   5   2   8   0 
0.010463
10   9   7   4   1   5   2   8 
0.043240
10   9   7   4   1  11   8   0 
0.043240
10   9   7   4   6   5   2   8 
0.034902
11   8 
0.340316
1  4  6  3  9 
0.000391
1  4  7  9  0 
0.002642
2  5  1  4  6  3  9 
0.005122
2  5  1  4  7  9  0 
0.024036
2  5  6  3  9  0  0 
0.011934
3  9 
0.068414
4  6  3  9 
0.000880
4  7  9  0 
0.005949
5  1  4  6  3  9 
0.001336
5  1  4  7  9  0 
0.006269
5  6  3  9  0  0 
0.003112
6  3  9 
0.004769
7  9 
0.026994
8  2  5  1  4  6  3  9 
0.002929
8  2  5  1  4  7  9  0 
0.002929
8  2  5  6  3  9  0  0 
0.002929
8  11   1   4   6   3   9   0 
0.000989
8  11   1   4   7   9   0   0 
0.000989
10   3   9 
0.002645
10   9   0 
0.008692
11   1   4   6   3   9 
0.004664
11   1   4   7   9   0 
0.008923
1   4   6   3   9  10 
0.009339
1   4   6   3  10   0 
0.009339
1   4   7   9  10   0 
0.011609
1   5   6   3   9  10 
0.021478
1   5   6   3  10   0 
0.021478
2   5   6   3   9  10 
0.080856
2   5   6   3  10   0 
0.305563
3   9  10 
0.005604
3  10   0 
0.024888
4   6   3   9  10 
0.002154
4   6   3  10   0 
0.002154
4   7   9  10   0 
0.002678
5   6   3   9  10 
0.005461
5   6   3  10   0 
0.024251
6   3   9  10 
0.003467
6   3  10   0 
0.015398
7   9  10 
0.137000
8   2   5   6   3   9  10   0 
0.023567
8   2   5   6   3  10   0   0 
0.023567
8  11   1   4   6   3   9  10 
0.012247
8  11   1   4   6   3  10   0 
0.012247
8  11   1   4   7   9  10   0 
0.014685
8  11   1   5   6   3   9  10 
0.014685
8  11   1   5   6   3  10   0 
0.014685
9  10 
0.018090
11   1   4   6   3   9  10 
0.005562
11   1   4   6   3  10   0 
0.005562
11   1   4   7   9  10   0 
0.006913
11   1   5   6   3   9  10 
0.012790
11   1   5   6   3  10   0 
0.012790
1  11 
0.525876
2   8  11 
0.447312
3   6   4   1  11   0 
0.127292
3   6   5   1  11   0 
0.092489
3   6   5   2   8  11 
0.020193
4   1  11 
0.091282
5   1  11   0 
0.225917
5   2   8  11 
0.026065
6   4   1  11   0 
0.056355
6   5   1  11   0 
0.040947
6   5   2   8  11 
0.008940
7   4   1  11 
0.346635
8  11 
0.803837
9   3   6   4   1  11   0 
0.008564
9   3   6   5   1  11   0 
0.008564
9   3   6   5   2   8  11 
0.006847
9   7   4   1  11   0   0 
0.004325
10   3   6   4   1  11   0   0 
0.049686
10   3   6   5   1  11   0   0 
0.049686
10   3   6   5   2   8  11   0 
0.018797
10   9   3   6   4   1  11   0 
0.023511
10   9   3   6   5   1  11   0 
0.023511
10   9   3   6   5   2   8  11 
0.018797
10   9   7   4   1  11   0   0 
0.011873
