1  5  2  0  0  0  0  0  0  0 
5.853805e-002
1  11   8   2   0   0   0   0   0   0 
2.870554e-014
1  4  6  5  2  0  0  0  0  0 
1.485337e-014
1  4  6  3  0  0  0  0  0  0 
1.823446e-002
1  5  6  3  0  0  0  0  0  0 
1.638642e-002
1  4  7  9  3  0  0  0  0  0 
2.896790e-014
1  4  0  0  0  0  0  0  0  0 
1.686381e-002
1  5  6  4  0  0  0  0  0  0 
1.438910e-014
1  5  0  0  0  0  0  0  0  0 
8.489259e-002
1  4  6  5  0  0  0  0  0  0 
1.500346e-014
1  11   8   2   5   0   0   0   0   0 
1.005012e-014
1  4  6  0  0  0  0  0  0  0 
7.156077e-003
1  5  6  0  0  0  0  0  0  0 
6.933543e-003
1  4  7  0  0  0  0  0  0  0 
7.293484e-002
1  5  6  4  7  0  0  0  0  0 
1.508862e-014
1  11   8   0   0   0   0   0   0   0 
1.930635e-001
1  5  2  8  0  0  0  0  0  0 
2.978992e-014
1  4  6  5  2  8  0  0  0  0 
1.014484e-014
1  4  7  9  0  0  0  0  0  0 
1.791120e-003
1  4  6  3  9  0  0  0  0  0 
8.291832e-015
1  5  6  3  9  0  0  0  0  0 
4.174116e-014
1   4   6   3  10   0   0   0   0   0 
3.030736e-002
1   5   6   3  10   0   0   0   0   0 
2.554354e-002
1   4   7   9  10   0   0   0   0   0 
3.843958e-002
1  11   0   0   0   0   0   0   0   0 
5.747214e-001
1   5   2   8  11   0   0   0   0   0 
1.027739e-014
2  5  1  0  0  0  0  0  0  0 
5.586940e-002
2   8  11   1   0   0   0   0   0   0 
2.891079e-014
2  5  6  4  1  0  0  0  0  0 
1.484278e-014
2  5  6  3  0  0  0  0  0  0 
2.517383e-001
2  5  1  4  6  3  0  0  0  0 
1.531938e-014
2  5  1  4  0  0  0  0  0  0 
6.401024e-002
2  5  6  4  0  0  0  0  0  0 
5.661901e-002
2   8  11   1   4   0   0   0   0   0 
2.979219e-014
2  5  0  0  0  0  0  0  0  0 
5.904028e-001
2   8  11   1   5   0   0   0   0   0 
1.029769e-014
2   8  11   1   4   6   5   0   0   0 
6.169969e-015
2  5  6  0  0  0  0  0  0  0 
1.956112e-001
2  5  1  4  6  0  0  0  0  0 
1.526644e-014
2  5  1  4  7  0  0  0  0  0 
4.531017e-001
2  5  6  4  7  0  0  0  0  0 
4.237676e-001
2   8  11   1   4   7   0   0   0   0 
3.083421e-014
2  8  0  0  0  0  0  0  0  0 
4.349369e-001
2   5   1  11   8   0   0   0   0   0 
1.023396e-014
2  5  6  3  9  0  0  0  0  0 
3.864447e-002
2   5   6   3  10   9   0   0   0   0 
2.756923e-014
2  5  1  4  7  9  0  0  0  0 
2.743310e-014
2   5   6   3  10   0   0   0   0   0 
4.020155e-001
2   5   6   3   9  10   0   0   0   0 
3.063423e-014
2   8  11   0   0   0   0   0   0   0 
4.024714e-001
2   5   1  11   0   0   0   0   0   0 
3.053755e-014
3  6  4  1  0  0  0  0  0  0 
5.154555e-003
3  6  5  1  0  0  0  0  0  0 
5.006985e-003
3  9  7  4  1  0  0  0  0  0 
2.774917e-014
3  6  5  2  0  0  0  0  0  0 
8.563129e-002
3  6  4  1  5  2  0  0  0  0 
1.510460e-014
3  6  4  0  0  0  0  0  0  0 
1.192777e-002
3  9  7  4  0  0  0  0  0  0 
2.818325e-014
3  6  5  0  0  0  0  0  0  0 
5.756677e-002
3  6  4  1  5  0  0  0  0  0 
1.502923e-014
3  6  0  0  0  0  0  0  0  0 
2.403513e-002
3  9  7  4  6  0  0  0  0  0 
9.710155e-015
3  10   9   7   4   6   0   0   0   0 
7.406057e-015
3  9  7  0  0  0  0  0  0  0 
4.556586e-002
3  10   9   7   0   0   0   0   0   0 
2.800550e-014
3  6  4  7  0  0  0  0  0  0 
2.843105e-014
3  6  5  2  8  0  0  0  0  0 
1.069246e-001
3   6   4   1  11   8   0   0   0   0 
2.968105e-014
3   6   5   1  11   8   0   0   0   0 
2.972921e-014
3  9  0  0  0  0  0  0  0  0 
6.849735e-002
3  10   9   0   0   0   0   0   0   0 
2.976272e-014
3  6  4  7  9  0  0  0  0  0 
1.005870e-014
3  10   0   0   0   0   0   0   0   0 
3.059547e-002
3   9  10   0   0   0   0   0   0   0 
2.763173e-014
3   6   4   1  11   0   0   0   0   0 
1.044739e-001
3   6   5   1  11   0   0   0   0   0 
1.146109e-001
3   9   7   4   1  11   0   0   0   0 
3.024643e-014
4  1  0  0  0  0  0  0  0  0 
8.750884e-002
4  6  5  1  0  0  0  0  0  0 
1.510303e-014
4  1  5  2  0  0  0  0  0  0 
1.041638e-002
4  6  5  2  0  0  0  0  0  0 
1.087292e-002
4   1  11   8   2   0   0   0   0   0 
2.893850e-014
4  6  3  0  0  0  0  0  0  0 
2.497575e-002
4  7  9  3  0  0  0  0  0  0 
2.680886e-014
4  1  5  6  3  0  0  0  0  0 
1.383926e-014
4  1  5  0  0  0  0  0  0  0 
1.610805e-002
4  6  5  0  0  0  0  0  0  0 
1.715694e-002
4  6  0  0  0  0  0  0  0  0 
1.824436e-002
4  1  5  6  0  0  0  0  0  0 
1.333508e-014
4  7  9  3  6  0  0  0  0  0 
8.998274e-015
4  7  0  0  0  0  0  0  0  0 
6.461511e-002
4  6  3  9  7  0  0  0  0  0 
1.005570e-014
4   6   3  10   9   7   0   0   0   0 
7.560788e-015
4   1  11   8   0   0   0   0   0   0 
1.758611e-001
4  1  5  2  8  0  0  0  0  0 
3.020036e-014
4  6  5  2  8  0  0  0  0  0 
3.028910e-014
4  7  9  0  0  0  0  0  0  0 
4.574160e-003
4  6  3  9  0  0  0  0  0  0 
1.819057e-014
4   6   3  10   9   0   0   0   0   0 
1.073289e-014
4   7   9  10   0   0   0   0   0   0 
5.539891e-003
4   6   3  10   0   0   0   0   0   0 
5.389889e-003
4   6   3   9  10   0   0   0   0   0 
2.764125e-014
4   1  11   0   0   0   0   0   0   0 
9.146431e-002
4   6   5   1  11   0   0   0   0   0 
1.510893e-014
5  1  0  0  0  0  0  0  0  0 
8.735496e-002
5  6  4  1  0  0  0  0  0  0 
1.502795e-014
5   2   8  11   1   0   0   0   0   0 
1.004805e-014
5  2  0  0  0  0  0  0  0  0 
1.360678e-001
5   1  11   8   2   0   0   0   0   0 
1.018809e-014
5  6  3  0  0  0  0  0  0  0 
4.132756e-002
5  1  4  6  3  0  0  0  0  0 
1.489613e-014
5  1  4  0  0  0  0  0  0  0 
2.436597e-002
5  6  4  0  0  0  0  0  0  0 
2.111949e-002
5  6  0  0  0  0  0  0  0  0 
1.531476e-001
5  1  4  6  0  0  0  0  0  0 
1.520240e-014
5  1  4  7  0  0  0  0  0  0 
1.535350e-001
5  6  4  7  0  0  0  0  0  0 
1.581049e-001
5  6  3  9  7  0  0  0  0  0 
3.027486e-014
5  2  8  0  0  0  0  0  0  0 
2.669030e-001
5   1  11   8   0   0   0   0   0   0 
3.037530e-014
5  6  3  9  0  0  0  0  0  0 
8.043015e-003
5  1  4  7  9  0  0  0  0  0 
2.386305e-014
5  6  4  7  9  0  0  0  0  0 
2.386632e-014
5   6   3  10   0   0   0   0   0   0 
2.939541e-002
5   6   3   9  10   0   0   0   0   0 
2.770613e-014
5   1  11   0   0   0   0   0   0   0 
2.572273e-001
5   2   8  11   0   0   0   0   0   0 
3.012172e-014
6  4  1  0  0  0  0  0  0  0 
9.917107e-003
6  5  1  0  0  0  0  0  0  0 
1.076734e-002
6  5  2  0  0  0  0  0  0  0 
4.745892e-002
6  4  1  5  2  0  0  0  0  0 
1.496884e-014
6  3  0  0  0  0  0  0  0  0 
7.074528e-002
6  4  7  9  3  0  0  0  0  0 
1.005147e-014
6   4   7   9  10   3   0   0   0   0 
7.550030e-015
6  4  0  0  0  0  0  0  0  0 
1.064845e-002
6  5  1  4  0  0  0  0  0  0 
1.438920e-014
6  3  9  7  4  0  0  0  0  0 
9.510911e-015
6  5  0  0  0  0  0  0  0  0 
6.004372e-002
6  4  1  5  0  0  0  0  0  0 
1.503971e-014
6  4  7  0  0  0  0  0  0  0 
5.951575e-002
6  3  9  7  0  0  0  0  0  0 
2.871798e-014
6  5  2  8  0  0  0  0  0  0 
1.166704e-001
6   4   1  11   8   0   0   0   0   0 
2.977834e-014
6   5   1  11   8   0   0   0   0   0 
2.982791e-014
6  3  9  0  0  0  0  0  0  0 
4.760250e-003
6   3  10   9   0   0   0   0   0   0 
2.210112e-014
6  4  7  9  0  0  0  0  0  0 
2.180340e-014
6   3  10   0   0   0   0   0   0   0 
2.032824e-002
6   3   9  10   0   0   0   0   0   0 
2.826813e-014
6   4   7   9  10   0   0   0   0   0 
1.413228e-014
6   4   1  11   0   0   0   0   0   0 
4.791840e-002
6   5   1  11   0   0   0   0   0   0 
5.324205e-002
6   5   2   8  11   0   0   0   0   0 
2.964671e-014
7  4  1  0  0  0  0  0  0  0 
9.111829e-002
7  4  6  5  1  0  0  0  0  0 
1.510841e-014
7  4  6  5  2  0  0  0  0  0 
3.660948e-002
7  4  1  5  2  0  0  0  0  0 
3.286873e-002
7  9  3  6  5  2  0  0  0  0 
2.890158e-014
7  9  3  0  0  0  0  0  0  0 
6.357169e-002
7  4  6  3  0  0  0  0  0  0 
2.875285e-014
7   9  10   3   0   0   0   0   0   0 
2.860363e-014
7  4  0  0  0  0  0  0  0  0 
5.756853e-001
7  9  3  6  4  0  0  0  0  0 
1.032499e-014
7   9  10   3   6   4   0   0   0   0 
7.761545e-015
7  4  6  5  0  0  0  0  0  0 
6.740849e-002
7  4  1  5  0  0  0  0  0  0 
5.477368e-002
7  9  3  6  5  0  0  0  0  0 
2.988397e-014
7  4  6  0  0  0  0  0  0  0 
2.960673e-002
7  9  3  6  0  0  0  0  0  0 
2.773692e-014
7   4   1  11   8   0   0   0   0   0 
4.122676e-001
7  4  6  5  2  8  0  0  0  0 
3.035622e-014
7  4  1  5  2  8  0  0  0  0 
3.045170e-014
7  9  0  0  0  0  0  0  0  0 
3.909297e-002
7  4  6  3  9  0  0  0  0  0 
9.956843e-015
7   4   6   3  10   9   0   0   0   0 
7.538766e-015
7   9  10   0   0   0   0   0   0   0 
1.425314e-001
7   9   3  10   0   0   0   0   0   0 
3.003691e-014
7   4   6   3  10   0   0   0   0   0 
1.512019e-014
7   4   1  11   0   0   0   0   0   0 
3.357949e-001
8  11   1   0   0   0   0   0   0   0 
9.506427e-002
8  2  5  1  0  0  0  0  0  0 
2.998278e-014
8  2  0  0  0  0  0  0  0  0 
4.772127e-002
8  11   1   5   2   0   0   0   0   0 
9.995915e-015
8  11   1   4   6   5   2   0   0   0 
6.044716e-015
8  2  5  6  3  0  0  0  0  0 
5.695324e-002
8  11   1   5   6   3   0   0   0   0 
2.836007e-014
8  11   1   4   6   3   0   0   0   0 
2.811655e-014
8  11   1   4   0   0   0   0   0   0 
4.361889e-002
8  2  5  1  4  0  0  0  0  0 
2.634737e-014
8  2  5  6  4  0  0  0  0  0 
2.668095e-014
8  2  5  0  0  0  0  0  0  0 
1.115159e-001
8  11   1   5   0   0   0   0   0   0 
2.998677e-014
8  2  5  6  0  0  0  0  0  0 
6.337741e-002
8  11   1   5   6   0   0   0   0   0 
2.871890e-014
8  11   1   4   6   0   0   0   0   0 
2.850076e-014
8  11   1   4   7   0   0   0   0   0 
3.571616e-001
8  2  5  1  4  7  0  0  0  0 
3.041026e-014
8  2  5  6  4  7  0  0  0  0 
3.047923e-014
8  11   1   4   7   9   0   0   0   0 
5.153011e-003
8  2  5  6  3  9  0  0  0  0 
5.379389e-003
8  11   1   5   6   3   9   0   0   0 
2.802400e-014
8   2   5   6   3  10   0   0   0   0 
1.155631e-001
8   2   5   6   3   9  10   0   0   0 
3.108430e-014
8  11   1   4   7   9  10   0   0   0 
3.039027e-014
8  11   0   0   0   0   0   0   0   0 
7.461012e-001
8   2   5   1  11   0   0   0   0   0 
1.023143e-014
9  7  4  1  0  0  0  0  0  0 
2.024526e-002
9  3  6  4  1  0  0  0  0  0 
2.914500e-014
9  3  6  5  1  0  0  0  0  0 
2.925267e-014
9  3  6  5  2  0  0  0  0  0 
1.322227e-002
9  10   3   6   5   2   0   0   0   0 
2.770087e-014
9  7  4  6  5  2  0  0  0  0 
2.766839e-014
9  3  0  0  0  0  0  0  0  0 
7.067907e-002
9  10   3   0   0   0   0   0   0   0 
2.945718e-014
9  7  4  6  3  0  0  0  0  0 
1.006752e-014
9  7  4  0  0  0  0  0  0  0 
5.230830e-003
9  3  6  4  0  0  0  0  0  0 
1.958071e-014
9  10   3   6   4   0   0   0   0   0 
1.148776e-014
9  3  6  5  0  0  0  0  0  0 
4.437144e-002
9  10   3   6   5   0   0   0   0   0 
2.746335e-014
9  7  4  6  5  0  0  0  0  0 
2.742113e-014
9  3  6  0  0  0  0  0  0  0 
4.540230e-003
9  10   3   6   0   0   0   0   0   0 
2.145996e-014
9  7  4  6  0  0  0  0  0  0 
2.164131e-014
9  7  0  0  0  0  0  0  0  0 
4.838943e-002
9  3  6  4  7  0  0  0  0  0 
1.000974e-014
9  10   3   6   4   7   0   0   0   0 
7.540015e-015
9   7   4   1  11   8   0   0   0   0 
2.143282e-002
9  3  6  5  2  8  0  0  0  0 
2.758578e-002
9  10   3   6   5   2   8   0   0   0 
2.905303e-014
9  10   0   0   0   0   0   0   0   0 
1.788241e-002
9   3  10   0   0   0   0   0   0   0 
2.888895e-014
9   7   4   1  11   0   0   0   0   0 
2.192494e-002
9   3   6   4   1  11   0   0   0   0 
2.906215e-014
9   3   6   5   1  11   0   0   0   0 
2.918514e-014
10   3   6   4   1   0   0   0   0   0 
2.090081e-002
10   9   7   4   1   0   0   0   0   0 
2.406112e-002
10   3   6   5   1   0   0   0   0   0 
2.333802e-002
10   3   6   5   2   0   0   0   0   0 
4.576741e-002
10   9   3   6   5   2   0   0   0   0 
2.845661e-014
10   3   0   0   0   0   0   0   0   0 
7.504084e-002
10   9   3   0   0   0   0   0   0   0 
2.962277e-014
10   3   6   4   0   0   0   0   0   0 
1.835539e-002
10   9   7   4   0   0   0   0   0   0 
2.061756e-002
10   3   9   7   4   0   0   0   0   0 
2.878316e-014
10   3   6   5   0   0   0   0   0   0 
4.986307e-002
10   9   3   6   5   0   0   0   0   0 
2.863548e-014
10   3   6   0   0   0   0   0   0   0 
2.612709e-002
10   9   3   6   0   0   0   0   0   0 
2.838201e-014
10   9   7   0   0   0   0   0   0   0 
1.625629e-001
10   3   9   7   0   0   0   0   0   0 
3.024253e-014
10   3   6   5   2   8   0   0   0   0 
1.378619e-001
10   9   3   6   5   2   8   0   0   0 
3.020339e-014
10   3   6   5   1  11   8   0   0   0 
2.998594e-014
10   9   0   0   0   0   0   0   0   0 
1.284759e-002
10   3   9   0   0   0   0   0   0   0 
2.840537e-014
10   3   6   4   1  11   0   0   0   0 
5.657638e-002
10   3   6   5   1  11   0   0   0   0 
6.027582e-002
10   9   7   4   1  11   0   0   0   0 
7.424101e-002
11   1   0   0   0   0   0   0   0   0 
4.130725e-001
11   8   2   5   1   0   0   0   0   0 
1.028187e-014
11   8   2   0   0   0   0   0   0   0 
4.271016e-002
11   1   5   2   0   0   0   0   0   0 
2.906331e-014
11   1   4   6   3   0   0   0   0   0 
3.773126e-002
11   1   5   6   3   0   0   0   0   0 
2.985778e-002
11   8   2   5   6   3   0   0   0   0 
2.929537e-014
11   1   4   0   0   0   0   0   0   0 
2.117076e-002
11   1   5   6   4   0   0   0   0   0 
1.451557e-014
11   1   5   0   0   0   0   0   0   0 
2.062535e-001
11   8   2   5   0   0   0   0   0   0 
3.012831e-014
11   1   4   6   5   0   0   0   0   0 
1.515376e-014
11   1   4   6   0   0   0   0   0   0 
2.581021e-002
11   1   5   6   0   0   0   0   0   0 
2.126386e-002
11   8   2   5   6   0   0   0   0   0 
2.914529e-014
11   1   4   7   0   0   0   0   0   0 
3.298941e-001
11   8   0   0   0   0   0   0   0   0 
3.021660e-001
11   1   5   2   8   0   0   0   0   0 
1.023986e-014
11   1   4   7   9   0   0   0   0   0 
1.419171e-002
11   1   4   6   3   9   0   0   0   0 
2.866003e-014
11   1   5   6   3   9   0   0   0   0 
2.852780e-014
11   1   4   7   9  10   0   0   0   0 
1.578404e-002
11   1   5   6   3  10   0   0   0   0 
1.218157e-002
11   1   4   6   3  10   0   0   0   0 
1.346587e-002
