2 1 2 0.066857 * 2  5  1 
3 1 3 0.012656 * 3  6  4  1 
3 1 3 0.012656 * 3  6  5  1 
4 1 1 0.011122 * 4  1 
5 1 1 0.109886 * 5  1 
6 1 2 0.006859 * 6  4  1 
6 1 2 0.006859 * 6  5  1 
7 1 2 0.097947 * 7  4  1 
8 1 2 0.076725 * 8  11   1 
9 1 3 0.018135 * 9  7  4  1 
10 1 4 0.015805 * 10   3   6   4   1 
10 1 4 0.015805 * 10   3   6   5   1 
10 1 4 0.015805 * 10   9   7   4   1 
11 1 1 0.472691 * 11   1 
1 2 2 0.046264 * 1  5  2 
3 2 3 0.065750 * 3  6  5  2 
4 2 3 0.030963 * 4  1  5  2 
4 2 3 0.030963 * 4  6  5  2 
5 2 1 0.114659 * 5  2 
6 2 2 0.059238 * 6  5  2 
7 2 4 0.053543 * 7  4  1  5  2 
7 2 4 0.053543 * 7  4  6  5  2 
8 2 1 0.046038 * 8  2 
9 2 4 0.016293 * 9  3  6  5  2 
10 2 4 0.053526 * 10   3   6   5   2 
11 2 2 0.060374 * 11   8   2 
1 3 3 0.017479 * 1  4  6  3 
1 3 3 0.017479 * 1  5  6  3 
2 3 3 0.285000 * 2  5  6  3 
4 3 2 0.028409 * 4  6  3 
5 3 2 0.036801 * 5  6  3 
6 3 1 0.063304 * 6  3 
7 3 2 0.028529 * 7  9  3 
8 3 4 0.054933 * 8  2  5  6  3 
9 3 1 0.056217 * 9  3 
10 3 1 0.061973 * 10   3 
11 3 4 0.025488 * 11   1   4   6   3 
11 3 4 0.025488 * 11   1   5   6   3 
1 4 1 0.020068 * 1  4 
2 4 3 0.093415 * 2  5  1  4 
2 4 3 0.093415 * 2  5  6  4 
3 4 2 0.013148 * 3  6  4 
5 4 2 0.016612 * 5  1  4 
5 4 2 0.016612 * 5  6  4 
6 4 1 0.007936 * 6  4 
7 4 1 0.535544 * 7  4 
8 4 3 0.041344 * 8  11   1   4 
9 4 2 0.004137 * 9  7  4 
10 4 3 0.005226 * 10   3   6   4 
10 4 3 0.005226 * 10   9   7   4 
11 4 2 0.025649 * 11   1   4 
1 5 1 0.072150 * 1  5 
2 5 1 0.672101 * 2  5 
3 5 2 0.047968 * 3  6  5 
4 5 2 0.013244 * 4  1  5 
4 5 2 0.013244 * 4  6  5 
6 5 1 0.095304 * 6  5 
7 5 3 0.050208 * 7  4  1  5 
7 5 3 0.050208 * 7  4  6  5 
8 5 2 0.119406 * 8  2  5 
9 5 3 0.040341 * 9  3  6  5 
10 5 3 0.053860 * 10   3   6   5 
11 5 2 0.162693 * 11   1   5 
1 6 2 0.020268 * 1  4  6 
1 6 2 0.020268 * 1  5  6 
2 6 2 0.188838 * 2  5  6 
3 6 1 0.016745 * 3  6 
4 6 1 0.019840 * 4  6 
5 6 1 0.088707 * 5  6 
7 6 2 0.035418 * 7  4  6 
8 6 3 0.061940 * 8  2  5  6 
9 6 2 0.003869 * 9  3  6 
10 6 2 0.023784 * 10   3   6 
11 6 3 0.025962 * 11   1   4   6 
11 6 3 0.025962 * 11   1   5   6 
1 7 2 0.082665 * 1  4  7 
2 7 4 0.390485 * 2  5  1  4  7 
2 7 4 0.390485 * 2  5  6  4  7 
3 7 2 0.034485 * 3  9  7 
4 7 1 0.055427 * 4  7 
5 7 3 0.095970 * 5  1  4  7 
5 7 3 0.095970 * 5  6  4  7 
6 7 2 0.043441 * 6  4  7 
8 7 4 0.265540 * 8  11   1   4   7 
9 7 1 0.052457 * 9  7 
10 7 2 0.126020 * 10   9   7 
11 7 3 0.338461 * 11   1   4   7 
1 8 2 0.199790 * 1  11   8 
2 8 1 0.359722 * 2  8 
3 8 4 0.077607 * 3  6  5  2  8 
4 8 3 0.191311 * 4   1  11   8 
5 8 2 0.287820 * 5  2  8 
6 8 3 0.091352 * 6  5  2  8 
7 8 4 0.379048 * 7   4   1  11   8 
9 8 5 0.017454 * 9  3  6  5  2  8 
9 8 5 0.017454 * 9   7   4   1  11   8 
10 8 5 0.161911 * 10   3   6   5   2   8 
11 8 1 0.377664 * 11   8 
1 9 3 0.004864 * 1  4  7  9 
2 9 4 0.039094 * 2  5  6  3  9 
3 9 1 0.092376 * 3  9 
4 9 2 0.006371 * 4  7  9 
5 9 3 0.068753 * 5  6  3  9 
6 9 2 0.003441 * 6  3  9 
7 9 1 0.043825 * 7  9 
8 9 5 0.005245 * 8  2  5  6  3  9 
8 9 5 0.005245 * 8  11   1   4   7   9 
10 9 1 0.015880 * 10   9 
11 9 4 0.008938 * 11   1   4   7   9 
1 10 4 0.021452 * 1   4   6   3  10 
1 10 4 0.021452 * 1   4   7   9  10 
1 10 4 0.036481 * 1   5   6   3  10 
2 10 4 0.409118 * 2   5   6   3  10 
3 10 1 0.024832 * 3  10 
4 10 3 0.004956 * 4   6   3  10 
4 10 3 0.004956 * 4   7   9  10 
5 10 3 0.025920 * 5   6   3  10 
6 10 2 0.018339 * 6   3  10 
7 10 2 0.109329 * 7   9  10 
8 10 5 0.106370 * 8   2   5   6   3  10 
9 10 1 0.013040 * 9  10 
11 10 5 0.011058 * 11   1   4   6   3  10 
11 10 5 0.011058 * 11   1   4   7   9  10 
11 10 5 0.011092 * 11   1   5   6   3  10 
1 11 1 0.743638 * 1  11 
2 11 2 0.383307 * 2   8  11 
3 11 4 0.139122 * 3   6   4   1  11 
3 11 4 0.139122 * 3   6   5   1  11 
4 11 2 0.176394 * 4   1  11 
5 11 2 0.274119 * 5   1  11 
6 11 3 0.029474 * 6   4   1  11 
6 11 3 0.029474 * 6   5   1  11 
7 11 3 0.322788 * 7   4   1  11 
8 11 1 0.625201 * 8  11 
9 11 4 0.033881 * 9   7   4   1  11 
10 11 5 0.062821 * 10   3   6   4   1  11 
10 11 5 0.062821 * 10   3   6   5   1  11 
10 11 5 0.062821 * 10   9   7   4   1  11 
