2  5  1  0 
0.061783
2   8  11   1 
0.012507
3  6  4  1 
0.010469
3  6  5  1 
0.004678
4  1 
0.012472
5  1 
0.081728
6  4  1 
0.009242
6  5  1 
0.004130
7  4  1 
0.101427
8  11   1 
0.086168
9  3  6  4  1 
0.003598
9  3  6  5  1 
0.003598
9  7  4  1  0 
0.008265
10   3   6   4   1   0 
0.013112
10   3   6   5   1   0 
0.010200
10   9   3   6   4   1 
0.005134
10   9   3   6   5   1 
0.005134
10   9   7   4   1   0 
0.008914
11   1 
0.462015
1  5  2  0 
0.046251
1  11   8   2 
0.010293
3  6  5  2 
0.050035
4  1  5  2  0 
0.108642
4   1  11   8   2 
0.024179
4  6  5  2  0 
0.024211
5  2 
0.109347
6  5  2 
0.043847
7  4  1  5  2  0 
1.006885
7   4   1  11   8   2 
0.224088
7  4  6  5  2  0 
0.224383
7  9  3  6  5  2 
0.094830
8  2 
0.023175
9  3  6  5  2 
0.011411
10   3   6   5   2   0 
0.033250
10   9   3   6   5   2 
0.006855
11   8   2 
0.062701
1  4  6  3  0 
0.007456
1  4  7  9  3 
0.006493
1  5  6  3  0 
0.021861
2  5  6  3 
0.220287
4  6  3  0 
0.023162
4  7  9  3 
0.010855
5  6  3 
0.057840
6  3 
0.017136
7  9  3 
0.019367
8  2  5  6  3  0  0 
0.030874
8  11   1   4   6   3   0 
0.006583
8  11   1   4   7   9   3 
0.006583
8  11   1   5   6   3   0 
0.006583
9  3 
0.049849
10   9   3 
0.007115
10   3   0 
0.034507
11   1   4   6   3   0 
0.008200
11   1   4   7   9   3 
0.007140
11   1   5   6   3   0 
0.017318
1  4 
0.015249
2  5  1  4  0 
0.048734
2  5  6  4  0 
0.109069
2   8  11   1   4 
0.007395
3  6  4 
0.014734
5  1  4 
0.016041
5  6  4 
0.035901
6  4 
0.008999
7  4 
0.453652
8  11   1   4 
0.036952
9  3  6  4 
0.000961
9  7  4  0 
0.003193
10   3   6   4   0 
0.006871
10   9   3   6   4 
0.002236
10   9   7   4   0 
0.006126
11   1   4 
0.023902
1  5 
0.090936
2  5 
0.627550
3  6  5 
0.037608
4  1  5 
0.023993
4  6  5 
0.005572
6  5 
0.084644
7  4  1  5  0 
0.055335
7  4  6  5  0 
0.014895
7  9  3  6  5 
0.004887
8  2  5  0 
0.114039
8  11   1   5 
0.018131
9  3  6  5 
0.034204
10   3   6   5   0 
0.032249
10   9   3   6   5 
0.006649
11   1   5 
0.138069
1  4  6 
0.010789
1  5  6 
0.046461
2  5  6 
0.194051
3  6 
0.012454
4  6 
0.034815
5  6 
0.067371
7  4  6  0 
0.016699
7  9  3  6 
0.007826
8  2  5  6  0 
0.035205
8  11   1   4   6 
0.006897
8  11   1   5   6 
0.006897
9  3  6 
0.002528
10   3   6   0 
0.019608
10   9   3   6 
0.004043
11   1   4   6 
0.018441
11   1   5   6 
0.058449
1  4  7 
0.099224
2  5  1  4  7  0 
0.215259
2  5  6  3  9  7 
0.071594
2  5  6  4  7  0 
0.513381
2   8  11   1   4   7 
0.036148
3  9  7 
0.021579
4  7 
0.064430
5  1  4  7  0 
0.043743
5  6  3  9  7 
0.014549
5  6  4  7  0 
0.104326
6  3  9  7 
0.005503
6  4  7  0 
0.039464
8  11   1   4   7 
0.275732
9  7 
0.043357
10   3   9   7 
0.022597
10   9   7   0 
0.111047
11   1   4   7 
0.295739
1  11   8 
0.213724
2  8 
0.357026
3   6   5   1  11   8 
0.025702
3  6  5  2  8  0 
0.041606
4   1  11   8   0   0 
0.092888
4   6   5   1  11   8 
0.032671
4  6  5  2  8  0 
0.064779
5   1  11   8 
0.038697
5  2  8  0 
0.221392
6   5   1  11   8 
0.018261
6  5  2  8  0 
0.081571
7   4   1  11   8   0   0 
0.150291
7   4   6   5   1  11   8 
0.052861
7  4  6  5  2  8  0 
0.104812
9   3   6   5   1  11   8   0 
0.004871
9  3  6  5  2  8  0  0 
0.004871
9   7   4   1  11   8   0   0 
0.009150
9   7   4   6   5   1  11   8 
0.009150
9  7  4  6  5  2  8  0 
0.009150
10   3   6   5   1  11   8   0   0 
0.031380
10   3   6   5   2   8   0   0   0 
0.031380
10   9   3   6   5   1  11   8   0 
0.011060
10   9   3   6   5   2   8   0   0 
0.011060
10   9   7   4   1  11   8   0   0 
0.018625
10   9   7   4   6   5   1  11   8 
0.018625
10   9   7   4   6   5   2   8   0 
0.018625
11   8 
0.237428
1  4  6  3  9 
0.000249
1  4  7  9  0 
0.002765
2  5  1  4  6  3  9 
0.002387
2  5  1  4  7  9  0 
0.020115
2  5  6  3  9  0  0 
0.015929
3  9 
0.054733
4  6  3  9 
0.000384
4  7  9  0 
0.004291
5  1  4  6  3  9 
0.000927
5  1  4  7  9  0 
0.007811
5  6  3  9  0  0 
0.006186
6  3  9 
0.001747
7  9 
0.041877
8  2  5  1  4  6  3  9 
0.001881
8  2  5  1  4  7  9  0 
0.005220
8  2  5  6  3  9  0  0 
0.005220
8  11   1   4   6   3   9   0 
0.001037
8  11   1   4   7   9   0   0 
0.001037
10   3   9 
0.002426
10   9   0 
0.011920
11   1   4   6   3   9 
0.002066
11   1   4   7   9   0 
0.004062
1   4   6   3   9  10 
0.008305
1   4   6   3  10   0 
0.008305
1   4   7   9  10   0 
0.015686
1   5   6   3   9  10 
0.029368
1   5   6   3  10   0 
0.029368
2   5   6   3   9  10 
0.084557
2   5   6   3  10   0 
0.384273
3   9  10 
0.002478
3  10   0 
0.012179
4   6   3   9  10 
0.003236
4   6   3  10   0 
0.003236
4   7   9  10   0 
0.006111
5   6   3   9  10 
0.003400
5   6   3  10   0 
0.016707
6   3   9  10 
0.003192
6   3  10   0 
0.015684
7   9  10 
0.107698
8   2   5   6   3   9  10   0 
0.028801
8   2   5   6   3  10   0   0 
0.028801
8  11   1   4   6   3   9  10 
0.007651
8  11   1   4   6   3  10   0 
0.007651
8  11   1   4   7   9  10   0 
0.007651
8  11   1   5   6   3   9  10 
0.007651
8  11   1   5   6   3  10   0 
0.007651
9  10 
0.009771
11   1   4   6   3   9  10 
0.003979
11   1   4   6   3  10   0 
0.003979
11   1   4   7   9  10   0 
0.007514
11   1   5   6   3   9  10 
0.008635
11   1   5   6   3  10   0 
0.008635
1  11 
0.766504
2   8  11 
0.250605
3   6   4   1  11   0 
0.077344
3   6   5   1  11   0 
0.041554
3   6   5   2   8  11 
0.025806
4   1  11 
0.150705
5   1  11   0 
0.280256
5   2   8  11 
0.056735
6   4   1  11   0 
0.040679
6   5   1  11   0 
0.021855
6   5   2   8  11 
0.013573
7   4   1  11 
0.330446
8  11 
0.619235
9   3   6   4   1  11   0 
0.004739
9   3   6   5   1  11   0 
0.004739
9   3   6   5   2   8  11 
0.004739
9   7   4   1  11   0   0 
0.010246
10   3   6   4   1  11   0   0 
0.042864
10   3   6   5   1  11   0   0 
0.042864
10   3   6   5   2   8  11   0 
0.030937
10   9   3   6   4   1  11   0 
0.011912
10   9   3   6   5   1  11   0 
0.011912
10   9   3   6   5   2   8  11 
0.011912
10   9   7   4   1  11   0   0 
0.025756
