2  5  1  0 
0.087736
2   8  11   1 
0.009722
3  6  4  1 
0.024770
3  6  5  1 
0.016050
4  1 
0.035238
5  1 
0.124829
6  4  1 
0.013355
6  5  1 
0.008654
7  4  1 
0.095707
8  11   1 
0.078197
9  3  6  4  1 
0.013530
9  3  6  5  1 
0.013530
9  7  4  1  0 
0.004176
10   3   6   4   1   0 
0.022913
10   3   6   5   1   0 
0.022913
10   9   3   6   4   1 
0.003653
10   9   3   6   5   1 
0.003653
10   9   7   4   1   0 
0.003653
11   1 
0.400219
1  5  2  0 
0.035133
1  11   8   2 
0.035133
3  6  5  2 
0.086963
4  1  5  2  0 
0.011303
4   1  11   8   2 
0.011303
4  6  5  2  0 
0.003782
5  2 
0.159911
6  5  2 
0.053899
7  4  1  5  2  0 
0.034524
7   4   1  11   8   2 
0.034524
7  4  6  5  2  0 
0.011631
7  9  3  6  5  2 
0.008498
8  2 
0.033804
9  3  6  5  2 
0.016534
10   3   6   5   2   0 
0.033897
10   9   3   6   5   2 
0.004129
11   8   2 
0.107275
1  4  6  3  0 
0.010626
1  4  7  9  3 
0.010626
1  5  6  3  0 
0.017269
2  5  6  3 
0.299803
4  6  3  0 
0.015028
4  7  9  3 
0.015028
5  6  3 
0.044474
6  3 
0.068624
7  9  3 
0.121556
8  2  5  6  3  0  0 
0.006263
8  11   1   4   6   3   0 
0.006195
8  11   1   4   7   9   3 
0.006195
8  11   1   5   6   3   0 
0.006195
9  3 
0.087173
10   9   3 
0.009279
10   3   0 
0.076168
11   1   4   6   3   0 
0.020126
11   1   4   7   9   3 
0.020126
11   1   5   6   3   0 
0.032706
1  4 
0.025937
2  5  1  4  0 
0.038583
2  5  6  4  0 
0.097118
2   8  11   1   4 
0.003044
3  6  4  0 
0.016799
3  9  7  4 
0.002908
5  1  4 
0.015391
5  6  4 
0.039017
6  4 
0.019145
7  4 
0.582218
8  11   1   4 
0.029841
9  7  4 
0.018310
10   3   6   4   0 
0.029495
10   3   9   7   4 
0.006742
10   9   7   4   0 
0.001558
11   1   4 
0.028517
1  5 
0.043868
2  5 
0.524265
3  6  5 
0.055831
4  1  5 
0.025320
4  6  5 
0.016534
6  5 
0.068378
7  4  1  5  0 
0.045893
7  4  6  5  0 
0.029969
7  9  3  6  5 
0.018514
8  2  5  0 
0.066577
8  11   1   5 
0.036684
9  3  6  5 
0.040357
10   3   6   5   0 
0.047443
10   9   3   6   5 
0.005780
11   1   5 
0.176398
1  4  6 
0.005767
1  5  6 
0.014506
2  5  6 
0.218138
3  6 
0.050972
4  6 
0.021054
5  6 
0.061007
7  4  6  0 
0.026346
7  9  3  6 
0.026346
8  2  5  6  0 
0.024561
8  11   1   4   6 
0.018913
8  11   1   5   6 
0.018913
9  3  6 
0.004768
10   3   6   0 
0.030712
10   9   3   6 
0.003741
11   1   4   6 
0.018354
11   1   5   6 
0.046170
1  4  7 
0.058955
2  5  1  4  7  0  0 
0.144352
2  5  6  3  9  7  0 
0.092480
2   5   6   3  10   9   7 
0.033106
2  5  6  4  7  0  0 
0.401736
2   8  11   1   4   7   0 
0.011713
3  9  7  0 
0.034960
3  10   9   7 
0.012515
4  7 
0.049819
5  1  4  7  0  0 
0.052294
5  6  3  9  7  0 
0.033503
5   6   3  10   9   7 
0.011993
5  6  4  7  0  0 
0.145537
6  3  9  7  0 
0.011813
6   3  10   9   7 
0.004229
6  4  7  0  0 
0.051318
8  11   1   4   7 
0.295560
9  7 
0.028700
10   9   7 
0.167473
11   1   4   7 
0.328433
1  5  2  8 
0.029091
1  11   8   0 
0.145778
2  8 
0.383251
3  6  5  2  8 
0.133120
4  1  5  2  8 
0.032690
4   1  11   8   0 
0.154611
4  6  5  2  8 
0.016796
5  2  8 
0.277112
6  5  2  8 
0.132213
7  4  1  5  2  8 
0.080695
7   4   1  11   8   0 
0.302425
7  4  6  5  2  8 
0.041461
9  3  6  5  2  8  0 
0.002600
9  7  4  1  5  2  8 
0.013496
9   7   4   1  11   8   0 
0.013496
9  7  4  6  5  2  8 
0.010897
10   3   6   5   2   8   0   0 
0.042368
10   9   3   6   5   2   8   0 
0.008474
10   9   7   4   1   5   2   8 
0.031955
10   9   7   4   1  11   8   0 
0.031955
10   9   7   4   6   5   2   8 
0.031955
11   8 
0.381370
1   4   6   3  10   9 
0.000921
1  4  6  3  9  0 
0.000921
1  4  7  9  0  0 
0.001993
2   5   1   4   6   3  10   9 
0.005731
2  5  1  4  6  3  9  0 
0.005731
2  5  1  4  7  9  0  0 
0.008222
2   5   6   3  10   9   0   0 
0.006228
2  5  6  3  9  0  0  0 
0.008222
3  10   9 
0.011123
3  9  0 
0.031072
4   6   3  10   9 
0.002248
4  6  3  9  0 
0.002248
4  7  9  0  0 
0.004863
5   1   4   6   3  10   9 
0.010244
5  1  4  6  3  9  0 
0.010244
5  1  4  7  9  0  0 
0.021152
5   6   3  10   9   0   0 
0.011132
5  6  3  9  0  0  0 
0.016948
6   3  10   9 
0.000739
6  3  9  0 
0.001863
7  9 
0.065706
8   2   5   1   4   6   3  10   9 
0.002131
8  2  5  1  4  6  3  9  0 
0.002131
8  2  5  1  4  7  9  0  0 
0.002131
8   2   5   6   3  10   9   0   0 
0.002131
8  2  5  6  3  9  0  0  0 
0.002131
8  11   1   4   6   3  10   9   0 
0.000657
8  11   1   4   6   3   9   0   0 
0.000657
8  11   1   4   7   9   0   0   0 
0.000657
10   9 
0.031058
11   1   4   6   3  10   9 
0.005792
11   1   4   6   3   9   0 
0.005792
11   1   4   7   9   0   0 
0.005792
1   4   6   3   9  10 
0.012030
1   4   6   3  10   0 
0.012030
1   4   7   9  10   0 
0.008976
1   5   6   3   9  10 
0.026717
1   5   6   3  10   0 
0.026717
2   5   6   3   9  10 
0.104461
2   5   6   3  10   0 
0.254783
3   9  10 
0.008712
3  10   0 
0.025600
4   6   3   9  10 
0.003746
4   6   3  10   0 
0.003746
4   7   9  10   0 
0.002795
5   6   3   9  10 
0.008706
5   6   3  10   0 
0.025585
6   3   9  10 
0.004869
6   3  10   0 
0.014309
7   9  10 
0.113401
8   2   5   6   3   9  10   0 
0.013886
8   2   5   6   3  10   0   0 
0.013886
8  11   1   4   6   3   9  10 
0.012962
8  11   1   4   6   3  10   0 
0.012962
8  11   1   4   7   9  10   0 
0.011102
8  11   1   5   6   3   9  10 
0.012962
8  11   1   5   6   3  10   0 
0.012962
9  10 
0.019629
11   1   4   6   3   9  10 
0.008622
11   1   4   6   3  10   0 
0.008622
11   1   4   7   9  10   0 
0.006433
11   1   5   6   3   9  10 
0.017610
11   1   5   6   3  10   0 
0.017610
1  11 
0.656719
2   8  11 
0.512292
3   6   4   1  11   0 
0.118936
3   6   5   1  11   0 
0.085607
3   6   5   2   8  11 
0.018025
4   1  11 
0.099164
5   1  11   0 
0.228913
5   2   8  11 
0.025366
6   4   1  11   0 
0.058904
6   5   1  11   0 
0.042398
6   5   2   8  11 
0.008927
7   4   1  11 
0.412968
8  11 
0.708668
9   3   6   4   1  11   0 
0.006729
9   3   6   5   1  11   0 
0.006729
9   3   6   5   2   8  11 
0.006729
9   7   4   1  11   0   0 
0.001990
10   3   6   4   1  11   0   0 
0.072337
10   3   6   5   1  11   0   0 
0.072337
10   3   6   5   2   8  11   0 
0.019844
10   9   3   6   4   1  11   0 
0.011419
10   9   3   6   5   1  11   0 
0.011419
10   9   3   6   5   2   8  11 
0.011419
10   9   7   4   1  11   0   0 
0.004691
