2 1 2 0.077591 * 2  5  1 
3 1 3 0.009421 * 3  6  4  1 
3 1 3 0.009421 * 3  6  5  1 
4 1 1 0.020157 * 4  1 
5 1 1 0.084099 * 5  1 
6 1 2 0.007844 * 6  4  1 
6 1 2 0.007844 * 6  5  1 
7 1 2 0.098680 * 7  4  1 
8 1 2 0.074461 * 8  11   1 
9 1 3 0.009644 * 9  7  4  1 
10 1 4 0.019457 * 10   3   6   4   1 
10 1 4 0.019457 * 10   3   6   5   1 
10 1 4 0.019457 * 10   9   7   4   1 
11 1 1 0.492841 * 11   1 
1 2 2 0.061515 * 1  5  2 
3 2 3 0.076454 * 3  6  5  2 
4 2 3 0.015438 * 4  1  5  2 
4 2 3 0.015438 * 4  6  5  2 
5 2 1 0.108972 * 5  2 
6 2 2 0.040213 * 6  5  2 
7 2 4 0.047349 * 7  4  1  5  2 
7 2 4 0.047349 * 7  4  6  5  2 
8 2 1 0.037700 * 8  2 
9 2 4 0.017028 * 9  3  6  5  2 
10 2 4 0.053394 * 10   3   6   5   2 
11 2 2 0.054386 * 11   8   2 
1 3 3 0.014006 * 1  4  6  3 
1 3 3 0.014006 * 1  5  6  3 
2 3 3 0.224925 * 2  5  6  3 
4 3 2 0.027304 * 4  6  3 
5 3 2 0.031735 * 5  6  3 
6 3 1 0.059412 * 6  3 
7 3 2 0.020389 * 7  9  3 
8 3 4 0.065877 * 8  2  5  6  3 
9 3 1 0.046360 * 9  3 
10 3 1 0.117599 * 10   3 
11 3 4 0.031432 * 11   1   4   6   3 
11 3 4 0.031432 * 11   1   5   6   3 
1 4 1 0.036790 * 1  4 
2 4 3 0.080450 * 2  5  1  4 
2 4 3 0.080450 * 2  5  6  4 
3 4 2 0.008778 * 3  6  4 
5 4 2 0.014756 * 5  1  4 
5 4 2 0.014756 * 5  6  4 
6 4 1 0.058905 * 6  4 
7 4 1 0.102986 * 7  4 
8 4 3 0.039109 * 8  11   1   4 
9 4 2 0.003531 * 9  7  4 
10 4 3 0.019204 * 10   3   6   4 
10 4 3 0.019204 * 10   9   7   4 
11 4 2 0.023297 * 11   1   4 
1 5 1 0.065548 * 1  5 
2 5 1 0.660603 * 2  5 
3 5 2 0.055413 * 3  6  5 
4 5 2 0.018586 * 4  1  5 
4 5 2 0.018586 * 4  6  5 
6 5 1 0.062773 * 6  5 
7 5 3 0.061467 * 7  4  1  5 
7 5 3 0.061467 * 7  4  6  5 
8 5 2 0.121392 * 8  2  5 
9 5 3 0.027897 * 9  3  6  5 
10 5 3 0.045437 * 10   3   6   5 
11 5 2 0.167327 * 11   1   5 
1 6 2 0.016187 * 1  4  6 
1 6 2 0.016187 * 1  5  6 
2 6 2 0.219342 * 2  5  6 
3 6 1 0.019530 * 3  6 
4 6 1 0.030876 * 4  6 
5 6 1 0.074249 * 5  6 
7 6 2 0.030581 * 7  4  6 
8 6 3 0.058210 * 8  2  5  6 
9 6 2 0.008916 * 9  3  6 
10 6 2 0.026721 * 10   3   6 
11 6 3 0.026139 * 11   1   4   6 
11 6 3 0.026139 * 11   1   5   6 
1 7 2 0.052711 * 1  4  7 
2 7 4 0.384127 * 2  5  1  4  7 
2 7 4 0.384127 * 2  5  6  4  7 
3 7 2 0.065372 * 3  9  7 
4 7 1 0.034144 * 4  7 
5 7 3 0.081776 * 5  1  4  7 
5 7 3 0.081776 * 5  6  4  7 
6 7 2 0.040514 * 6  4  7 
8 7 4 0.308958 * 8  11   1   4   7 
9 7 1 0.034370 * 9  7 
10 7 2 0.140980 * 10   9   7 
11 7 3 0.263191 * 11   1   4   7 
1 8 2 0.171663 * 1  11   8 
2 8 1 0.377020 * 2  8 
3 8 4 0.091761 * 3  6  5  2  8 
4 8 3 0.180777 * 4   1  11   8 
5 8 2 0.232491 * 5  2  8 
6 8 3 0.103607 * 6  5  2  8 
7 8 4 0.379954 * 7   4   1  11   8 
9 8 5 0.018284 * 9  3  6  5  2  8 
9 8 5 0.018284 * 9   7   4   1  11   8 
10 8 5 0.144271 * 10   3   6   5   2   8 
11 8 1 0.301247 * 11   8 
1 9 3 0.002077 * 1  4  7  9 
2 9 4 0.042649 * 2  5  6  3  9 
3 9 1 0.020794 * 3  9 
4 9 2 0.004604 * 4  7  9 
5 9 3 0.010766 * 5  6  3  9 
6 9 2 0.003460 * 6  3  9 
7 9 1 0.031843 * 7  9 
8 9 5 0.005070 * 8  2  5  6  3  9 
8 9 5 0.005070 * 8  11   1   4   7   9 
10 9 1 0.015221 * 10   9 
11 9 4 0.007793 * 11   1   4   7   9 
1 10 4 0.022662 * 1   4   6   3  10 
1 10 4 0.022662 * 1   4   7   9  10 
1 10 4 0.039449 * 1   5   6   3  10 
2 10 4 0.400262 * 2   5   6   3  10 
3 10 1 0.026391 * 3  10 
4 10 3 0.004577 * 4   6   3  10 
4 10 3 0.004577 * 4   7   9  10 
5 10 3 0.030845 * 5   6   3  10 
6 10 2 0.017236 * 6   3  10 
7 10 2 0.144302 * 7   9  10 
8 10 5 0.107756 * 8   2   5   6   3  10 
9 10 1 0.010242 * 9  10 
11 10 5 0.012390 * 11   1   4   6   3  10 
11 10 5 0.012390 * 11   1   4   7   9  10 
11 10 5 0.013393 * 11   1   5   6   3  10 
1 11 1 0.542712 * 1  11 
2 11 2 0.304925 * 2   8  11 
3 11 4 0.097744 * 3   6   4   1  11 
3 11 4 0.097744 * 3   6   5   1  11 
4 11 2 0.125477 * 4   1  11 
5 11 2 0.300129 * 5   1  11 
6 11 3 0.024972 * 6   4   1  11 
6 11 3 0.024972 * 6   5   1  11 
7 11 3 0.328893 * 7   4   1  11 
8 11 1 0.662890 * 8  11 
9 11 4 0.030861 * 9   7   4   1  11 
10 11 5 0.060520 * 10   3   6   4   1  11 
10 11 5 0.060520 * 10   3   6   5   1  11 
10 11 5 0.060520 * 10   9   7   4   1  11 
