2 1 2 0.088406 * 2  5  1 
3 1 3 0.004228 * 3  6  4  1 
3 1 3 0.004228 * 3  6  5  1 
4 1 1 0.008599 * 4  1 
5 1 1 0.086403 * 5  1 
6 1 2 0.007524 * 6  4  1 
6 1 2 0.007524 * 6  5  1 
7 1 2 0.087830 * 7  4  1 
8 1 2 0.068677 * 8  11   1 
9 1 3 0.025863 * 9  7  4  1 
10 1 4 0.014475 * 10   3   6   4   1 
10 1 4 0.014475 * 10   3   6   5   1 
10 1 4 0.014475 * 10   9   7   4   1 
11 1 1 0.505922 * 11   1 
1 2 2 0.094246 * 1  5  2 
3 2 3 0.058050 * 3  6  5  2 
4 2 3 0.022113 * 4  1  5  2 
4 2 3 0.022113 * 4  6  5  2 
5 2 1 0.145755 * 5  2 
6 2 2 0.048699 * 6  5  2 
7 2 4 0.046403 * 7  4  1  5  2 
7 2 4 0.046403 * 7  4  6  5  2 
8 2 1 0.030156 * 8  2 
9 2 4 0.009662 * 9  3  6  5  2 
10 2 4 0.057102 * 10   3   6   5   2 
11 2 2 0.033251 * 11   8   2 
1 3 3 0.019826 * 1  4  6  3 
1 3 3 0.019826 * 1  5  6  3 
2 3 3 0.236969 * 2  5  6  3 
4 3 2 0.035426 * 4  6  3 
5 3 2 0.021068 * 5  6  3 
6 3 1 0.105931 * 6  3 
7 3 2 0.016785 * 7  9  3 
8 3 4 0.078359 * 8  2  5  6  3 
9 3 1 0.060569 * 9  3 
10 3 1 0.072686 * 10   3 
11 3 4 0.044840 * 11   1   4   6   3 
11 3 4 0.044840 * 11   1   5   6   3 
1 4 1 0.032970 * 1  4 
2 4 3 0.069382 * 2  5  1  4 
2 4 3 0.069382 * 2  5  6  4 
3 4 2 0.008511 * 3  6  4 
5 4 2 0.022417 * 5  1  4 
5 4 2 0.022417 * 5  6  4 
6 4 1 0.016315 * 6  4 
7 4 1 0.088991 * 7  4 
8 4 3 0.026480 * 8  11   1   4 
9 4 2 0.008102 * 9  7  4 
10 4 3 0.007061 * 10   3   6   4 
10 4 3 0.007061 * 10   9   7   4 
11 4 2 0.027079 * 11   1   4 
1 5 1 0.061882 * 1  5 
2 5 1 0.653860 * 2  5 
3 5 2 0.066829 * 3  6  5 
4 5 2 0.020109 * 4  1  5 
4 5 2 0.020109 * 4  6  5 
6 5 1 0.044235 * 6  5 
7 5 3 0.049028 * 7  4  1  5 
7 5 3 0.049028 * 7  4  6  5 
8 5 2 0.164484 * 8  2  5 
9 5 3 0.012634 * 9  3  6  5 
10 5 3 0.045464 * 10   3   6   5 
11 5 2 0.158280 * 11   1   5 
1 6 2 0.025256 * 1  4  6 
1 6 2 0.025256 * 1  5  6 
2 6 2 0.230888 * 2  5  6 
3 6 1 0.016444 * 3  6 
4 6 1 0.019084 * 4  6 
5 6 1 0.051351 * 5  6 
7 6 2 0.024389 * 7  4  6 
8 6 3 0.047820 * 8  2  5  6 
9 6 2 0.003826 * 9  3  6 
10 6 2 0.024884 * 10   3   6 
11 6 3 0.046521 * 11   1   4   6 
11 6 3 0.046521 * 11   1   5   6 
1 7 2 0.078006 * 1  4  7 
2 7 4 0.370301 * 2  5  1  4  7 
2 7 4 0.370301 * 2  5  6  4  7 
3 7 2 0.020937 * 3  9  7 
4 7 1 0.039075 * 4  7 
5 7 3 0.098282 * 5  1  4  7 
5 7 3 0.098282 * 5  6  4  7 
6 7 2 0.032554 * 6  4  7 
8 7 4 0.254692 * 8  11   1   4   7 
9 7 1 0.022542 * 9  7 
10 7 2 0.120609 * 10   9   7 
11 7 3 0.279077 * 11   1   4   7 
1 8 2 0.239282 * 1  11   8 
2 8 1 0.329050 * 2  8 
3 8 4 0.088967 * 3  6  5  2  8 
4 8 3 0.186839 * 4   1  11   8 
5 8 2 0.344207 * 5  2  8 
6 8 3 0.098254 * 6  5  2  8 
7 8 4 0.244800 * 7   4   1  11   8 
9 8 5 0.013594 * 9  3  6  5  2  8 
9 8 5 0.013594 * 9   7   4   1  11   8 
10 8 5 0.114797 * 10   3   6   5   2   8 
11 8 1 0.376878 * 11   8 
1 9 3 0.006032 * 1  4  7  9 
2 9 4 0.034900 * 2  5  6  3  9 
3 9 1 0.041774 * 3  9 
4 9 2 0.003274 * 4  7  9 
5 9 3 0.013712 * 5  6  3  9 
6 9 2 0.002423 * 6  3  9 
7 9 1 0.037053 * 7  9 
8 9 5 0.007267 * 8  2  5  6  3  9 
8 9 5 0.007267 * 8  11   1   4   7   9 
10 9 1 0.010986 * 10   9 
11 9 4 0.008816 * 11   1   4   7   9 
1 10 4 0.024789 * 1   4   6   3  10 
1 10 4 0.024789 * 1   4   7   9  10 
1 10 4 0.044018 * 1   5   6   3  10 
2 10 4 0.455003 * 2   5   6   3  10 
3 10 1 0.015031 * 3  10 
4 10 3 0.005725 * 4   6   3  10 
4 10 3 0.005725 * 4   7   9  10 
5 10 3 0.044170 * 5   6   3  10 
6 10 2 0.015248 * 6   3  10 
7 10 2 0.093456 * 7   9  10 
8 10 5 0.112785 * 8   2   5   6   3  10 
9 10 1 0.013627 * 9  10 
11 10 5 0.023590 * 11   1   4   6   3  10 
11 10 5 0.023590 * 11   1   4   7   9  10 
11 10 5 0.040531 * 11   1   5   6   3  10 
1 11 1 0.454359 * 1  11 
2 11 2 0.341167 * 2   8  11 
3 11 4 0.094998 * 3   6   4   1  11 
3 11 4 0.094998 * 3   6   5   1  11 
4 11 2 0.083872 * 4   1  11 
5 11 2 0.290353 * 5   1  11 
6 11 3 0.041061 * 6   4   1  11 
6 11 3 0.041061 * 6   5   1  11 
7 11 3 0.287745 * 7   4   1  11 
8 11 1 0.644765 * 8  11 
9 11 4 0.012927 * 9   7   4   1  11 
10 11 5 0.058520 * 10   3   6   4   1  11 
10 11 5 0.058520 * 10   3   6   5   1  11 
10 11 5 0.058520 * 10   9   7   4   1  11 
