2 1 0.242177 0.091155 * 2  5  1 
3 1 0.357942 0.021183 * 3  6  4  1 
3 1 0.333544 0.009849 * 3  6  5  1 
4 1 0.126431 0.081390 * 4  1 
5 1 0.108702 0.105147 * 5  1 
6 1 0.244771 0.029852 * 6  4  1 
6 1 0.220373 0.013217 * 6  5  1 
7 1 0.249684 0.104952 * 7  4  1 
8 1 0.346938 0.031863 * 8  2  5  1 
8 1 0.242509 0.071966 * 8  11   1   0 
9 1 0.461357 0.008424 * 9  3  6  4  1 
9 1 0.436959 0.008424 * 9  3  6  5  1 
9 1 0.353449 0.005962 * 9  7  4  1  0 
10 1 0.464322 0.012673 * 10   3   6   4   1   0 
10 1 0.439924 0.012673 * 10   3   6   5   1   0 
10 1 0.563375 0.006855 * 10   9   3   6   4   1 
10 1 0.538977 0.006855 * 10   9   3   6   5   1 
10 1 0.455467 0.006855 * 10   9   7   4   1   0 
11 1 0.119116 0.354885 * 11   1 
1 2 0.227355 0.056902 * 1  5  2  0 
1 2 0.355635 0.056902 * 1  11   8   2 
3 2 0.341343 0.081209 * 3  6  5  2 
4 2 0.353786 0.012529 * 4  1  5  2  0 
4 2 0.482066 0.012529 * 4   1  11   8   2 
4 2 0.330088 0.003772 * 4  6  5  2  0 
5 2 0.116501 0.144104 * 5  2 
6 2 0.228172 0.048601 * 6  5  2 
7 2 0.477039 0.064531 * 7  4  1  5  2  0 
7 2 0.605319 0.064531 * 7   4   1  11   8   2 
7 2 0.453341 0.019428 * 7  4  6  5  2  0 
7 2 0.548337 0.008841 * 7  9  3  6  5  2 
8 2 0.104761 0.017823 * 8  2 
9 2 0.444757 0.012145 * 9  3  6  5  2 
10 2 0.447723 0.030927 * 10   3   6   5   2   0 
10 2 0.546776 0.009796 * 10   9   3   6   5   2 
11 2 0.219650 0.096306 * 11   8   2 
1 3 0.329153 0.011927 * 1  4  6  3  0 
1 3 0.444483 0.006542 * 1  4  7  9  3 
1 3 0.352357 0.015152 * 1  5  6  3  0 
2 3 0.374977 0.190752 * 2  5  6  3 
4 3 0.215253 0.018853 * 4  6  3  0 
4 3 0.330582 0.010340 * 4  7  9  3 
5 3 0.241502 0.044157 * 5  6  3 
6 3 0.113337 0.063531 * 6  3 
7 3 0.206994 0.143297 * 7  9  3 
8 3 0.479738 0.007212 * 8  2  5  6  3  0  0 
8 3 0.571662 0.013467 * 8  11   1   4   6   3   0 
8 3 0.686992 0.013467 * 8  11   1   4   7   9   3 
8 3 0.594866 0.013467 * 8  11   1   5   6   3   0 
9 3 0.103415 0.091287 * 9  3 
10 3 0.205433 0.020000 * 10   9   3 
10 3 0.106380 0.063142 * 10   3   0 
11 3 0.448269 0.032078 * 11   1   4   6   3   0 
11 3 0.563599 0.017594 * 11   1   4   7   9   3 
11 3 0.471473 0.040752 * 11   1   5   6   3   0 
1 4 0.113901 0.019534 * 1  4 
2 4 0.356077 0.042535 * 2  5  1  4 
2 4 0.379981 0.096071 * 2  5  6  4 
3 4 0.231512 0.014319 * 3  6  4  0 
3 4 0.328386 0.001212 * 3  9  7  4 
5 4 0.222602 0.013796 * 5  1  4 
5 4 0.246506 0.031160 * 5  6  4 
6 4 0.118340 0.015978 * 6  4 
7 4 0.123254 0.527668 * 7  4 
8 4 0.460838 0.019600 * 8  2  5  1  4 
8 4 0.484742 0.019600 * 8  2  5  6  4 
8 4 0.356410 0.013585 * 8  11   1   4   0 
9 4 0.227018 0.024186 * 9  7  4 
10 4 0.337892 0.022057 * 10   3   6   4   0 
10 4 0.434766 0.002824 * 10   3   9   7   4 
10 4 0.329036 0.006577 * 10   9   7   4   0 
11 4 0.233017 0.028115 * 11   1   4 
1 5 0.110854 0.076167 * 1  5 
2 5 0.133475 0.598791 * 2  5 
3 5 0.224842 0.040046 * 3  6  5 
4 5 0.237285 0.026298 * 4  1  5 
4 5 0.213587 0.014729 * 4  6  5 
6 5 0.111671 0.063516 * 6  5 
7 5 0.360538 0.071361 * 7  4  1  5  0 
7 5 0.336840 0.039970 * 7  4  6  5  0 
7 5 0.431836 0.015815 * 7  9  3  6  5 
8 5 0.238236 0.057555 * 8  2  5  0 
8 5 0.353364 0.057555 * 8  11   1   5 
9 5 0.328257 0.032733 * 9  3  6  5 
10 5 0.331222 0.050007 * 10   3   6   5   0 
10 5 0.430275 0.015840 * 10   9   3   6   5 
11 5 0.229971 0.176454 * 11   1   5 
1 6 0.215817 0.008397 * 1  4  6 
1 6 0.239020 0.014992 * 1  5  6 
2 6 0.261640 0.199646 * 2  5  6 
3 6 0.113171 0.051005 * 3  6 
4 6 0.101916 0.020609 * 4  6 
5 6 0.128166 0.063667 * 5  6 
7 6 0.225170 0.042504 * 7  4  6  0 
7 6 0.320165 0.023312 * 7  9  3  6 
8 6 0.366401 0.017375 * 8  2  5  6  0 
8 6 0.458326 0.027106 * 8  11   1   4   6 
8 6 0.481529 0.027106 * 8  11   1   5   6 
9 6 0.216586 0.004339 * 9  3  6 
10 6 0.219551 0.018496 * 10   3   6   0 
10 6 0.318604 0.005859 * 10   9   3   6 
11 6 0.334933 0.019925 * 11   1   4   6 
11 6 0.358136 0.035574 * 11   1   5   6 
1 7 0.237489 0.084353 * 1  4  7 
2 7 0.479665 0.168261 * 2  5  1  4  7  0 
2 7 0.580110 0.035130 * 2  5  6  3  9  7 
2 7 0.503569 0.412200 * 2  5  6  4  7  0 
3 7 0.205133 0.039373 * 3  9  7 
4 7 0.123588 0.116326 * 4  7 
5 7 0.346191 0.084227 * 5  1  4  7  0 
5 7 0.446635 0.017585 * 5  6  3  9  7 
5 7 0.370094 0.206337 * 5  6  4  7  0 
6 7 0.318469 0.005703 * 6  3  9  7 
6 7 0.241929 0.067381 * 6  4  7  0 
8 7 0.584426 0.105608 * 8  2  5  1  4  7  0 
8 7 0.684871 0.037160 * 8  2  5  6  3  9  7 
8 7 0.608330 0.105608 * 8  2  5  6  4  7  0 
8 7 0.479998 0.069143 * 8  11   1   4   7   0   0 
9 7 0.103764 0.053655 * 9  7 
10 7 0.311513 0.038374 * 10   3   9   7 
10 7 0.205783 0.146649 * 10   9   7   0 
11 7 0.356605 0.364156 * 11   1   4   7 
1 8 0.345490 0.027654 * 1  5  2  8 
1 8 0.250874 0.149217 * 1  11   8   0 
2 8 0.118135 0.360390 * 2  8 
3 8 0.459477 0.117021 * 3  6  5  2  8 
4 8 0.471920 0.032818 * 4  1  5  2  8 
4 8 0.377305 0.167730 * 4   1  11   8   0 
4 8 0.448222 0.014689 * 4  6  5  2  8 
5 8 0.234635 0.314522 * 5  2  8 
6 8 0.346306 0.168561 * 6  5  2  8 
7 8 0.595174 0.076972 * 7  4  1  5  2  8 
7 8 0.500558 0.307496 * 7   4   1  11   8   0 
7 8 0.571476 0.034451 * 7  4  6  5  2  8 
9 8 0.562892 0.002505 * 9  3  6  5  2  8  0 
9 8 0.698938 0.017789 * 9  7  4  1  5  2  8 
9 8 0.604323 0.017789 * 9   7   4   1  11   8   0 
9 8 0.675240 0.008367 * 9  7  4  6  5  2  8 
10 8 0.565857 0.017608 * 10   3   6   5   2   8   0   0 
10 8 0.664910 0.008093 * 10   9   3   6   5   2   8   0 
10 8 0.800956 0.045193 * 10   9   7   4   1   5   2   8 
10 8 0.706341 0.045193 * 10   9   7   4   1  11   8   0 
10 8 0.777259 0.027035 * 10   9   7   4   6   5   2   8 
11 8 0.114889 0.388525 * 11   8 
1 9 0.430521 0.000548 * 1  4  6  3  9 
1 9 0.341068 0.003627 * 1  4  7  9  0 
2 9 0.672698 0.004335 * 2  5  1  4  6  3  9 
2 9 0.583244 0.014873 * 2  5  1  4  7  9  0 
2 9 0.476345 0.007873 * 2  5  6  3  9  0  0 
3 9 0.101368 0.036296 * 3  9 
4 9 0.316621 0.000862 * 4  6  3  9 
4 9 0.227167 0.005702 * 4  7  9  0 
5 9 0.539223 0.001960 * 5  1  4  6  3  9 
5 9 0.449770 0.006726 * 5  1  4  7  9  0 
5 9 0.342871 0.003561 * 5  6  3  9  0  0 
6 9 0.214705 0.005265 * 6  3  9 
7 9 0.103579 0.041101 * 7  9 
8 9 0.777459 0.002471 * 8  2  5  1  4  6  3  9 
8 9 0.688005 0.002471 * 8  2  5  1  4  7  9  0 
8 9 0.581106 0.002471 * 8  2  5  6  3  9  0  0 
8 9 0.673031 0.003599 * 8  11   1   4   6   3   9   0 
8 9 0.583577 0.003649 * 8  11   1   4   7   9   0   0 
10 9 0.207748 0.002268 * 10   3   9 
10 9 0.102018 0.008666 * 10   9   0 
11 9 0.549638 0.004217 * 11   1   4   6   3   9 
11 9 0.460184 0.012400 * 11   1   4   7   9   0 
1 10 0.532220 0.014654 * 1   4   6   3   9  10 
1 10 0.436047 0.014654 * 1   4   6   3  10   0 
1 10 0.442766 0.020112 * 1   4   7   9  10   0 
1 10 0.555423 0.023203 * 1   5   6   3   9  10 
1 10 0.459251 0.023203 * 1   5   6   3  10   0 
2 10 0.578044 0.080234 * 2   5   6   3   9  10 
2 10 0.481871 0.225761 * 2   5   6   3  10   0 
3 10 0.203067 0.005597 * 3   9  10 
3 10 0.106894 0.021388 * 3  10   0 
4 10 0.418319 0.004410 * 4   6   3   9  10 
4 10 0.322147 0.004410 * 4   6   3  10   0 
4 10 0.328866 0.006053 * 4   7   9  10   0 
5 10 0.444569 0.008743 * 5   6   3   9  10 
5 10 0.348396 0.033414 * 5   6   3  10   0 
6 10 0.316403 0.005326 * 6   3   9  10 
6 10 0.220231 0.020352 * 6   3  10   0 
7 10 0.205277 0.131122 * 7   9  10 
8 10 0.682805 0.007011 * 8   2   5   6   3   9  10   0 
8 10 0.586632 0.007011 * 8   2   5   6   3  10   0   0 
8 10 0.774729 0.014157 * 8  11   1   4   6   3   9  10 
8 10 0.678556 0.014157 * 8  11   1   4   6   3  10   0 
8 10 0.685275 0.016328 * 8  11   1   4   7   9  10   0 
8 10 0.797932 0.016328 * 8  11   1   5   6   3   9  10 
8 10 0.701760 0.016328 * 8  11   1   5   6   3  10   0 
9 10 0.101698 0.033122 * 9  10 
11 10 0.651336 0.006811 * 11   1   4   6   3   9  10 
11 10 0.555163 0.006811 * 11   1   4   6   3  10   0 
11 10 0.561882 0.009348 * 11   1   4   7   9  10   0 
11 10 0.674539 0.010784 * 11   1   5   6   3   9  10 
11 10 0.578367 0.010784 * 11   1   5   6   3  10   0 
1 11 0.135985 0.556817 * 1  11 
2 11 0.241527 0.385051 * 2   8  11 
3 11 0.493927 0.103968 * 3   6   4   1  11   0 
3 11 0.469529 0.065300 * 3   6   5   1  11   0 
3 11 0.582870 0.048875 * 3   6   5   2   8  11 
4 11 0.262415 0.121887 * 4   1  11 
5 11 0.244687 0.190582 * 5   1  11   0 
5 11 0.358028 0.079774 * 5   2   8  11 
6 11 0.380756 0.033256 * 6   4   1  11   0 
6 11 0.356358 0.020887 * 6   5   1  11   0 
6 11 0.469699 0.015634 * 6   5   2   8  11 
7 11 0.385669 0.394395 * 7   4   1  11 
8 11 0.123393 1.036598 * 8  11 
9 11 0.597341 0.009609 * 9   3   6   4   1  11   0 
9 11 0.572943 0.009609 * 9   3   6   5   1  11   0 
9 11 0.686285 0.009609 * 9   3   6   5   2   8  11 
9 11 0.489433 0.006027 * 9   7   4   1  11   0   0 
10 11 0.600307 0.034848 * 10   3   6   4   1  11   0   0 
10 11 0.575909 0.034848 * 10   3   6   5   1  11   0   0 
10 11 0.689250 0.034848 * 10   3   6   5   2   8  11   0 
10 11 0.699360 0.017737 * 10   9   3   6   4   1  11   0 
10 11 0.674962 0.017737 * 10   9   3   6   5   1  11   0 
10 11 0.788303 0.017737 * 10   9   3   6   5   2   8  11 
10 11 0.591452 0.011124 * 10   9   7   4   1  11   0   0 
