2  5  1 
0.066857
3  6  4  1 
0.012656
3  6  5  1 
0.012656
4  1 
0.011122
5  1 
0.109886
6  4  1 
0.006859
6  5  1 
0.006859
7  4  1 
0.097947
8  11   1 
0.076725
9  7  4  1 
0.018135
10   3   6   4   1 
0.015805
10   3   6   5   1 
0.015805
10   9   7   4   1 
0.015805
11   1 
0.472691
1  5  2 
0.046264
3  6  5  2 
0.065750
4  1  5  2 
0.030963
4  6  5  2 
0.030963
5  2 
0.114659
6  5  2 
0.059238
7  4  1  5  2 
0.053543
7  4  6  5  2 
0.053543
8  2 
0.046038
9  3  6  5  2 
0.016293
10   3   6   5   2 
0.053526
11   8   2 
0.060374
1  4  6  3 
0.017479
1  5  6  3 
0.017479
2  5  6  3 
0.285000
4  6  3 
0.028409
5  6  3 
0.036801
6  3 
0.063304
7  9  3 
0.028529
8  2  5  6  3 
0.054933
9  3 
0.056217
10   3 
0.061973
11   1   4   6   3 
0.025488
11   1   5   6   3 
0.025488
1  4 
0.020068
2  5  1  4 
0.093415
2  5  6  4 
0.093415
3  6  4 
0.013148
5  1  4 
0.016612
5  6  4 
0.016612
6  4 
0.007936
7  4 
0.535544
8  11   1   4 
0.041344
9  7  4 
0.004137
10   3   6   4 
0.005226
10   9   7   4 
0.005226
11   1   4 
0.025649
1  5 
0.072150
2  5 
0.672101
3  6  5 
0.047968
4  1  5 
0.013244
4  6  5 
0.013244
6  5 
0.095304
7  4  1  5 
0.050208
7  4  6  5 
0.050208
8  2  5 
0.119406
9  3  6  5 
0.040341
10   3   6   5 
0.053860
11   1   5 
0.162693
1  4  6 
0.020268
1  5  6 
0.020268
2  5  6 
0.188838
3  6 
0.016745
4  6 
0.019840
5  6 
0.088707
7  4  6 
0.035418
8  2  5  6 
0.061940
9  3  6 
0.003869
10   3   6 
0.023784
11   1   4   6 
0.025962
11   1   5   6 
0.025962
1  4  7 
0.082665
2  5  1  4  7 
0.390485
2  5  6  4  7 
0.390485
3  9  7 
0.034485
4  7 
0.055427
5  1  4  7 
0.095970
5  6  4  7 
0.095970
6  4  7 
0.043441
8  11   1   4   7 
0.265540
9  7 
0.052457
10   9   7 
0.126020
11   1   4   7 
0.338461
1  11   8 
0.199790
2  8 
0.359722
3  6  5  2  8 
0.077607
4   1  11   8 
0.191311
5  2  8 
0.287820
6  5  2  8 
0.091352
7   4   1  11   8 
0.379048
9  3  6  5  2  8 
0.017454
9   7   4   1  11   8 
0.017454
10   3   6   5   2   8 
0.161911
11   8 
0.377664
1  4  7  9 
0.004864
2  5  6  3  9 
0.039094
3  9 
0.092376
4  7  9 
0.006371
5  6  3  9 
0.068753
6  3  9 
0.003441
7  9 
0.043825
8  2  5  6  3  9 
0.005245
8  11   1   4   7   9 
0.005245
10   9 
0.015880
11   1   4   7   9 
0.008938
1   4   6   3  10 
0.021452
1   4   7   9  10 
0.021452
1   5   6   3  10 
0.036481
2   5   6   3  10 
0.409118
3  10 
0.024832
4   6   3  10 
0.004956
4   7   9  10 
0.004956
5   6   3  10 
0.025920
6   3  10 
0.018339
7   9  10 
0.109329
8   2   5   6   3  10 
0.106370
9  10 
0.013040
11   1   4   6   3  10 
0.011058
11   1   4   7   9  10 
0.011058
11   1   5   6   3  10 
0.011092
1  11 
0.743638
2   8  11 
0.383307
3   6   4   1  11 
0.139122
3   6   5   1  11 
0.139122
4   1  11 
0.176394
5   1  11 
0.274119
6   4   1  11 
0.029474
6   5   1  11 
0.029474
7   4   1  11 
0.322788
8  11 
0.625201
9   7   4   1  11 
0.033881
10   3   6   4   1  11 
0.062821
10   3   6   5   1  11 
0.062821
10   9   7   4   1  11 
0.062821
