2  5  1  0 
0.050198
2   8  11   1 
0.005671
3  6  4  1 
0.006027
3  6  5  1 
0.004134
4  1 
0.087509
5  1 
0.087355
6  4  1 
0.012269
6  5  1 
0.008416
7  4  1 
0.091118
8  11   1 
0.095064
9  3  6  4  1 
0.008149
9  3  6  5  1 
0.008149
9  7  4  1  0 
0.003947
10   3   6   4   1   0 
0.020525
10   3   6   5   1   0 
0.019614
10   9   3   6   4   1 
0.010803
10   9   3   6   5   1 
0.010803
10   9   7   4   1   0 
0.006555
11   1 
0.413072
1  5  2  0 
0.029269
1  11   8   2 
0.029269
3  6  5  2 
0.085631
4  1  5  2  0 
0.009002
4   1  11   8   2 
0.009002
4  6  5  2  0 
0.003284
5  2 
0.136068
6  5  2 
0.047459
7  4  1  5  2  0 
0.027160
7   4   1  11   8   2 
0.027160
7  4  6  5  2  0 
0.009914
7  9  3  6  5  2 
0.005245
8  2 
0.047721
9  3  6  5  2 
0.013222
10   3   6   5   2   0 
0.033787
10   9   3   6   5   2 
0.011980
11   8   2 
0.042710
1  4  6  3  0 
0.010483
1  4  7  9  3 
0.007573
1  5  6  3  0 
0.016565
2  5  6  3 
0.251738
4  6  3  0 
0.014501
4  7  9  3 
0.010475
5  6  3 
0.041328
6  3 
0.070745
7  9  3 
0.063572
8  2  5  6  3  0  0 
0.020500
8  11   1   4   6   3   0 
0.012151
8  11   1   4   7   9   3 
0.012151
8  11   1   5   6   3   0 
0.012151
9  3 
0.070679
10   9   3 
0.019643
10   3   0 
0.055398
11   1   4   6   3   0 
0.020466
11   1   4   7   9   3 
0.014784
11   1   5   6   3   0 
0.032339
1  4 
0.016864
2  5  1  4  0 
0.033854
2  5  6  4  0 
0.084022
2   8  11   1   4 
0.002753
3  6  4  0 
0.010975
3  9  7  4 
0.000953
5  1  4 
0.013063
5  6  4 
0.032422
6  4 
0.010648
7  4 
0.575685
8  11   1   4 
0.043619
9  7  4 
0.005231
10   3   6   4   0 
0.028298
10   3   9   7   4 
0.003136
10   9   7   4   0 
0.007539
11   1   4 
0.021171
1  5 
0.084893
2  5 
0.590403
3  6  5 
0.057567
4  1  5 
0.019232
4  6  5 
0.014033
6  5 
0.060044
7  4  1  5  0 
0.057671
7  4  6  5  0 
0.042081
7  9  3  6  5 
0.022431
8  2  5  0 
0.083159
8  11   1   5 
0.028357
9  3  6  5 
0.044371
10   3   6   5   0 
0.036811
10   9   3   6   5 
0.013052
11   1   5 
0.206253
1  4  6 
0.004227
1  5  6 
0.009862
2  5  6 
0.195611
3  6 
0.024035
4  6 
0.018244
5  6 
0.153148
7  4  6  0 
0.017189
7  9  3  6 
0.012417
8  2  5  6  0 
0.032101
8  11   1   4   6 
0.015638
8  11   1   5   6 
0.015638
9  3  6 
0.004540
10   3   6   0 
0.019288
10   9   3   6 
0.006839
11   1   4   6 
0.014123
11   1   5   6 
0.032951
1  4  7 
0.072935
2  5  1  4  7  0 
0.220911
2  5  6  3  9  7 
0.050934
2  5  6  4  7  0 
0.586756
2   8  11   1   4   7 
0.018268
3  9  7 
0.045566
4  7 
0.064615
5  1  4  7  0 
0.080182
5  6  3  9  7 
0.018487
5  6  4  7  0 
0.212970
6  3  9  7 
0.004754
6  4  7  0 
0.054762
8  11   1   4   7 
0.357162
9  7 
0.048389
10   3   9   7 
0.037497
10   9   7   0 
0.125066
11   1   4   7 
0.329894
1  5  2  8 
0.035751
1  11   8   0 
0.157313
2  8 
0.434937
3  6  5  2  8 
0.106925
4  1  5  2  8 
0.030963
4   1  11   8   0 
0.127650
4  6  5  2  8 
0.017248
5  2  8 
0.266903
6  5  2  8 
0.116670
7  4  1  5  2  8 
0.081267
7   4   1  11   8   0 
0.285730
7  4  6  5  2  8 
0.045270
9  3  6  5  2  8  0 
0.003369
9  7  4  1  5  2  8 
0.016863
9   7   4   1  11   8   0 
0.016863
9  7  4  6  5  2  8 
0.011924
10   3   6   5   2   8   0   0 
0.017882
10   9   3   6   5   2   8   0 
0.009654
10   9   7   4   1   5   2   8 
0.038078
10   9   7   4   1  11   8   0 
0.038078
10   9   7   4   6   5   2   8 
0.034170
11   8 
0.302166
1  4  6  3  9 
0.000230
1  4  7  9  0 
0.001561
2  5  1  4  6  3  9 
0.004866
2  5  1  4  7  9  0 
0.023517
2  5  6  3  9  0  0 
0.010262
3  9 
0.068497
4  6  3  9 
0.000587
4  7  9  0 
0.003987
5  1  4  6  3  9 
0.001013
5  1  4  7  9  0 
0.004894
5  6  3  9  0  0 
0.002136
6  3  9 
0.004760
7  9 
0.039093
8  2  5  1  4  6  3  9 
0.002853
8  2  5  1  4  7  9  0 
0.002853
8  2  5  6  3  9  0  0 
0.002853
8  11   1   4   6   3   9   0 
0.000987
8  11   1   4   7   9   0   0 
0.000987
10   3   9 
0.002963
10   9   0 
0.009884
11   1   4   6   3   9 
0.004503
11   1   4   7   9   0 
0.009689
1   4   6   3   9  10 
0.012944
1   4   6   3  10   0 
0.012944
1   4   7   9  10   0 
0.014761
1   5   6   3   9  10 
0.026821
1   5   6   3  10   0 
0.026821
2   5   6   3   9  10 
0.079446
2   5   6   3  10   0 
0.322569
3   9  10 
0.005135
3  10   0 
0.025460
4   6   3   9  10 
0.003480
4   6   3  10   0 
0.003480
4   7   9  10   0 
0.003969
5   6   3   9  10 
0.004934
5   6   3  10   0 
0.024462
6   3   9  10 
0.003412
6   3  10   0 
0.016916
7   9  10 
0.142531
8   2   5   6   3   9  10   0 
0.021935
8   2   5   6   3  10   0   0 
0.021935
8  11   1   4   6   3   9  10 
0.014333
8  11   1   4   6   3  10   0 
0.014333
8  11   1   4   7   9  10   0 
0.014342
8  11   1   5   6   3   9  10 
0.014342
8  11   1   5   6   3  10   0 
0.014342
9  10 
0.017882
11   1   4   6   3   9  10 
0.005956
11   1   4   6   3  10   0 
0.005956
11   1   4   7   9  10   0 
0.006792
11   1   5   6   3   9  10 
0.011364
11   1   5   6   3  10   0 
0.011364
1  11 
0.574721
2   8  11 
0.402471
3   6   4   1  11   0 
0.113400
3   6   5   1  11   0 
0.086571
3   6   5   2   8  11 
0.019114
4   1  11 
0.091464
5   1  11   0 
0.231116
5   2   8  11 
0.026111
6   4   1  11   0 
0.052361
6   5   1  11   0 
0.039973
6   5   2   8  11 
0.008826
7   4   1  11 
0.335795
8  11 
0.746101
9   3   6   4   1  11   0 
0.006697
9   3   6   5   1  11   0 
0.006697
9   3   6   5   2   8  11 
0.005431
9   7   4   1  11   0   0 
0.003101
10   3   6   4   1  11   0   0 
0.048562
10   3   6   5   1  11   0   0 
0.048562
10   3   6   5   2   8  11   0 
0.018655
10   9   3   6   4   1  11   0 
0.023003
10   9   3   6   5   1  11   0 
0.023003
10   9   3   6   5   2   8  11 
0.018655
10   9   7   4   1  11   0   0 
0.010652
