2  5  1 
0.091155
3  6  4  1 
0.015516
3  6  5  1 
0.015516
4  1 
0.081390
5  1 
0.105147
6  4  1 
0.021534
6  5  1 
0.021534
7  4  1 
0.104952
8  11   1 
0.103830
9  7  4  1 
0.022809
10   3   6   4   1 
0.015303
10   3   6   5   1 
0.015303
10   9   7   4   1 
0.015303
11   1 
0.354885
1  5  2 
0.113803
3  6  5  2 
0.081209
4  1  5  2 
0.014416
4  6  5  2 
0.014416
5  2 
0.144104
6  5  2 
0.048601
7  4  1  5  2 
0.078666
7  4  6  5  2 
0.078666
8  2 
0.017823
9  3  6  5  2 
0.012145
10   3   6   5   2 
0.040724
11   8   2 
0.096306
1  4  6  3 
0.016811
1  5  6  3 
0.016811
2  5  6  3 
0.190752
4  6  3 
0.029193
5  6  3 
0.044157
6  3 
0.063531
7  9  3 
0.143297
8  2  5  6  3 
0.047613
9  3 
0.091287
10   3 
0.083143
11   1   4   6   3 
0.045212
11   1   5   6   3 
0.045212
1  4 
0.019534
2  5  1  4 
0.069303
2  5  6  4 
0.069303
3  6  4 
0.015530
5  1  4 
0.022478
5  6  4 
0.022478
6  4 
0.015978
7  4 
0.527668
8  11   1   4 
0.052784
9  7  4 
0.024186
10   3   6   4 
0.015729
10   9   7   4 
0.015729
11   1   4 
0.028115
1  5 
0.076167
2  5 
0.598791
3  6  5 
0.040046
4  1  5 
0.020514
4  6  5 
0.020514
6  5 
0.063516
7  4  1  5 
0.063573
7  4  6  5 
0.063573
8  2  5 
0.115111
9  3  6  5 
0.032733
10   3   6   5 
0.065847
11   1   5 
0.176454
1  4  6 
0.011694
1  5  6 
0.011694
2  5  6 
0.199646
3  6 
0.051005
4  6 
0.020609
5  6 
0.063667
7  4  6 
0.065816
8  2  5  6 
0.071587
9  3  6 
0.004339
10   3   6 
0.024355
11   1   4   6 
0.027749
11   1   5   6 
0.027749
1  4  7 
0.084353
2  5  1  4  7 
0.307796
2  5  6  4  7 
0.307796
3  9  7 
0.039373
4  7 
0.116326
5  1  4  7 
0.154075
5  6  4  7 
0.154075
6  4  7 
0.073084
8  11   1   4   7 
0.317520
9  7 
0.053655
10   9   7 
0.185022
11   1   4   7 
0.364156
1  11   8 
0.176871
2  8 
0.360390
3  6  5  2  8 
0.117021
4   1  11   8 
0.215237
5  2  8 
0.314522
6  5  2  8 
0.168561
7   4   1  11   8 
0.418918
9  3  6  5  2  8 
0.023224
9   7   4   1  11   8 
0.023224
10   3   6   5   2   8 
0.143121
11   8 
0.388525
1  4  7  9 
0.004175
2  5  6  3  9 
0.027081
3  9 
0.036296
4  7  9 
0.006563
5  6  3  9 
0.012247
6  3  9 
0.005265
7  9 
0.041101
8  2  5  6  3  9 
0.007330
8  11   1   4   7   9 
0.007330
10   9 
0.010934
11   1   4   7   9 
0.016617
1   4   6   3  10 
0.026252
1   4   7   9  10 
0.026252
1   5   6   3  10 
0.043323
2   5   6   3  10 
0.305995
3  10 
0.026985
4   6   3  10 
0.007437
4   7   9  10 
0.007437
5   6   3  10 
0.042157
6   3  10 
0.025678
7   9  10 
0.131122
8   2   5   6   3  10 
0.091320
9  10 
0.033122
11   1   4   6   3  10 
0.014616
11   1   4   7   9  10 
0.014616
11   1   5   6   3  10 
0.015307
1  11 
0.556817
2   8  11 
0.385051
3   6   4   1  11 
0.109072
3   6   5   1  11 
0.109072
4   1  11 
0.121887
5   1  11 
0.270357
6   4   1  11 
0.034889
6   5   1  11 
0.034889
7   4   1  11 
0.394395
8  11 
1.036598
9   7   4   1  11 
0.034854
10   3   6   4   1  11 
0.056293
10   3   6   5   1  11 
0.056293
10   9   7   4   1  11 
0.056293
