1  5  2  0  0  0  0  0  0  0 
7.720966e-002
1  11   8   2   0   0   0   0   0   0 
6.223008e-015
1  4  6  5  2  0  0  0  0  0 
3.111207e-015
1  4  6  3  0  0  0  0  0  0 
2.254536e-002
1  5  6  3  0  0  0  0  0  0 
2.050611e-002
1  4  7  9  3  0  0  0  0  0 
6.215935e-015
1  4  0  0  0  0  0  0  0  0 
2.346555e-002
1  5  6  4  0  0  0  0  0  0 
3.110008e-015
1  5  0  0  0  0  0  0  0  0 
8.637256e-002
1  4  6  5  0  0  0  0  0  0 
3.112356e-015
1  11   8   2   5   0   0   0   0   0 
2.076003e-015
1  4  6  0  0  0  0  0  0  0 
1.410750e-002
1  5  6  0  0  0  0  0  0  0 
1.333214e-002
1  4  7  0  0  0  0  0  0  0 
6.232339e-002
1  5  6  4  7  0  0  0  0  0 
3.112932e-015
1  11   8   0   0   0   0   0   0   0 
1.620109e-001
1  5  2  8  0  0  0  0  0  0 
6.226327e-015
1  4  6  5  2  8  0  0  0  0 
2.075822e-015
1  4  7  9  0  0  0  0  0  0 
2.258820e-003
1  4  6  3  9  0  0  0  0  0 
8.820272e-015
1  5  6  3  9  0  0  0  0  0 
9.565638e-015
1   4   6   3  10   0   0   0   0   0 
1.492400e-002
1   5   6   3  10   0   0   0   0   0 
1.401688e-002
1   4   7   9  10   0   0   0   0   0 
1.922582e-002
1  11   0   0   0   0   0   0   0   0 
6.083188e-001
1   5   2   8  11   0   0   0   0   0 
2.076622e-015
2  5  1  0  0  0  0  0  0  0 
7.861764e-002
2   8  11   1   0   0   0   0   0   0 
6.222059e-015
2  5  6  4  1  0  0  0  0  0 
3.112511e-015
2  5  6  3  0  0  0  0  0  0 
2.477122e-001
2  5  1  4  6  3  0  0  0  0 
3.113404e-015
2  5  1  4  0  0  0  0  0  0 
5.946422e-002
2  5  6  4  0  0  0  0  0  0 
5.258701e-002
2   8  11   1   4   0   0   0   0   0 
6.227239e-015
2  5  0  0  0  0  0  0  0  0 
5.768967e-001
2   8  11   1   5   0   0   0   0   0 
2.076617e-015
2   8  11   1   4   6   5   0   0   0 
1.245840e-015
2  5  6  0  0  0  0  0  0  0 
2.073402e-001
2  5  1  4  6  0  0  0  0  0 
3.113292e-015
2  5  1  4  7  0  0  0  0  0 
4.160544e-001
2  5  6  4  7  0  0  0  0  0 
4.054819e-001
2   8  11   1   4   7   0   0   0   0 
6.229981e-015
2  8  0  0  0  0  0  0  0  0 
3.853714e-001
2   5   1  11   8   0   0   0   0   0 
2.076452e-015
2  5  6  3  9  0  0  0  0  0 
4.249978e-002
2   5   6   3  10   9   0   0   0   0 
6.219102e-015
2  5  1  4  7  9  0  0  0  0 
6.223083e-015
2   5   6   3  10   0   0   0   0   0 
3.913421e-001
2   5   6   3   9  10   0   0   0   0 
6.201763e-015
2   8  11   0   0   0   0   0   0   0 
4.452311e-001
2   5   1  11   0   0   0   0   0   0 
6.228699e-015
3  6  4  1  0  0  0  0  0  0 
8.604571e-003
3  6  5  1  0  0  0  0  0  0 
8.422724e-003
3  9  7  4  1  0  0  0  0  0 
6.335764e-015
3  6  5  2  0  0  0  0  0  0 
7.822372e-002
3  6  4  1  5  2  0  0  0  0 
3.113329e-015
3  6  4  0  0  0  0  0  0  0 
1.558791e-002
3  9  7  4  0  0  0  0  0  0 
6.160319e-015
3  6  5  0  0  0  0  0  0  0 
6.133882e-002
3  6  4  1  5  0  0  0  0  0 
3.112925e-015
3  6  0  0  0  0  0  0  0  0 
4.525881e-002
3  9  7  4  6  0  0  0  0  0 
2.072560e-015
3  10   9   7   4   6   0   0   0   0 
1.556001e-015
3  9  7  0  0  0  0  0  0  0 
3.645574e-002
3  10   9   7   0   0   0   0   0   0 
6.212249e-015
3  6  4  7  0  0  0  0  0  0 
6.236742e-015
3  6  5  2  8  0  0  0  0  0 
1.022508e-001
3   6   4   1  11   8   0   0   0   0 
6.222919e-015
3   6   5   1  11   8   0   0   0   0 
6.223001e-015
3  9  0  0  0  0  0  0  0  0 
4.349913e-002
3  10   9   0   0   0   0   0   0   0 
6.231071e-015
3  6  4  7  9  0  0  0  0  0 
2.075523e-015
3  10   0   0   0   0   0   0   0   0 
3.540628e-002
3   9  10   0   0   0   0   0   0   0 
6.164214e-015
3   6   4   1  11   0   0   0   0   0 
8.422942e-002
3   6   5   1  11   0   0   0   0   0 
9.276386e-002
3   9   7   4   1  11   0   0   0   0 
6.208718e-015
4  1  0  0  0  0  0  0  0  0 
8.021139e-002
4  6  5  1  0  0  0  0  0  0 
3.112193e-015
4  1  5  2  0  0  0  0  0  0 
8.994279e-003
4  6  5  2  0  0  0  0  0  0 
9.255831e-003
4   1  11   8   2   0   0   0   0   0 
6.411299e-015
4  6  3  0  0  0  0  0  0  0 
2.466333e-002
4  7  9  3  0  0  0  0  0  0 
6.167095e-015
4  1  5  6  3  0  0  0  0  0 
3.100428e-015
4  1  5  0  0  0  0  0  0  0 
1.910804e-002
4  6  5  0  0  0  0  0  0  0 
2.026307e-002
4  6  0  0  0  0  0  0  0  0 
1.842273e-002
4  1  5  6  0  0  0  0  0  0 
3.104978e-015
4  7  9  3  6  0  0  0  0  0 
2.067649e-015
4  7  0  0  0  0  0  0  0  0 
7.749400e-002
4  6  3  9  7  0  0  0  0  0 
2.073651e-015
4   6   3  10   9   7   0   0   0   0 
1.556600e-015
4   1  11   8   0   0   0   0   0   0 
1.733389e-001
4  1  5  2  8  0  0  0  0  0 
6.225904e-015
4  6  5  2  8  0  0  0  0  0 
6.221826e-015
4  7  9  0  0  0  0  0  0  0 
6.489000e-003
4  6  3  9  0  0  0  0  0  0 
5.937014e-015
4   6   3  10   9   0   0   0   0   0 
2.928919e-015
4   7   9  10   0   0   0   0   0   0 
4.784153e-003
4   6   3  10   0   0   0   0   0   0 
5.087917e-003
4   6   3   9  10   0   0   0   0   0 
6.715769e-015
4   1  11   0   0   0   0   0   0   0 
8.827033e-002
4   6   5   1  11   0   0   0   0   0 
3.112354e-015
5  1  0  0  0  0  0  0  0  0 
9.212352e-002
5  6  4  1  0  0  0  0  0  0 
3.113666e-015
5   2   8  11   1   0   0   0   0   0 
2.076055e-015
5  2  0  0  0  0  0  0  0  0 
1.432079e-001
5   1  11   8   2   0   0   0   0   0 
2.076301e-015
5  6  3  0  0  0  0  0  0  0 
4.195351e-002
5  1  4  6  3  0  0  0  0  0 
3.110622e-015
5  1  4  0  0  0  0  0  0  0 
2.314113e-002
5  6  4  0  0  0  0  0  0  0 
2.067017e-002
5  6  0  0  0  0  0  0  0  0 
7.069798e-002
5  1  4  6  0  0  0  0  0  0 
3.111973e-015
5  1  4  7  0  0  0  0  0  0 
9.193049e-002
5  6  4  7  0  0  0  0  0  0 
8.988065e-002
5  6  3  9  7  0  0  0  0  0 
6.209251e-015
5  2  8  0  0  0  0  0  0  0 
2.771578e-001
5   1  11   8   0   0   0   0   0   0 
6.228018e-015
5  6  3  9  0  0  0  0  0  0 
5.084907e-002
5  1  4  7  9  0  0  0  0  0 
6.228815e-015
5  6  4  7  9  0  0  0  0  0 
6.228577e-015
5   6   3  10   0   0   0   0   0   0 
4.019244e-002
5   6   3   9  10   0   0   0   0   0 
6.168976e-015
5   1  11   0   0   0   0   0   0   0 
2.582004e-001
5   2   8  11   0   0   0   0   0   0 
6.229137e-015
6  4  1  0  0  0  0  0  0  0 
1.077878e-002
6  5  1  0  0  0  0  0  0  0 
1.152505e-002
6  5  2  0  0  0  0  0  0  0 
4.620351e-002
6  4  1  5  2  0  0  0  0  0 
3.112319e-015
6  3  0  0  0  0  0  0  0  0 
8.481516e-002
6  4  7  9  3  0  0  0  0  0 
2.074848e-015
6   4   7   9  10   3   0   0   0   0 
1.555896e-015
6  4  0  0  0  0  0  0  0  0 
8.124900e-003
6  5  1  4  0  0  0  0  0  0 
3.070969e-015
6  3  9  7  4  0  0  0  0  0 
2.041521e-015
6  5  0  0  0  0  0  0  0  0 
5.079715e-002
6  4  1  5  0  0  0  0  0  0 
3.112540e-015
6  4  7  0  0  0  0  0  0  0 
6.725031e-002
6  3  9  7  0  0  0  0  0  0 
6.202754e-015
6  5  2  8  0  0  0  0  0  0 
1.062805e-001
6   4   1  11   8   0   0   0   0   0 
6.223259e-015
6   5   1  11   8   0   0   0   0   0 
6.223343e-015
6  3  9  0  0  0  0  0  0  0 
4.437120e-003
6   3  10   9   0   0   0   0   0   0 
5.538577e-015
6  4  7  9  0  0  0  0  0  0 
5.562865e-015
6   3  10   0   0   0   0   0   0   0 
2.315787e-002
6   3   9  10   0   0   0   0   0   0 
6.114451e-015
6   4   7   9  10   0   0   0   0   0 
3.086976e-015
6   4   1  11   0   0   0   0   0   0 
4.945207e-002
6   5   1  11   0   0   0   0   0   0 
5.513608e-002
6   5   2   8  11   0   0   0   0   0 
6.227771e-015
7  4  1  0  0  0  0  0  0  0 
8.631337e-002
7  4  6  5  1  0  0  0  0  0 
3.112318e-015
7  4  6  5  2  0  0  0  0  0 
4.428304e-002
7  4  1  5  2  0  0  0  0  0 
3.905671e-002
7  9  3  6  5  2  0  0  0  0 
6.210733e-015
7  9  3  0  0  0  0  0  0  0 
5.920962e-002
7  4  6  3  0  0  0  0  0  0 
6.231709e-015
7   9  10   3   0   0   0   0   0   0 
6.200590e-015
7  4  0  0  0  0  0  0  0  0 
6.060438e-001
7  9  3  6  4  0  0  0  0  0 
2.075831e-015
7   9  10   3   6   4   0   0   0   0 
1.556472e-015
7  4  6  5  0  0  0  0  0  0 
4.974772e-002
7  4  1  5  0  0  0  0  0  0 
4.319202e-002
7  9  3  6  5  0  0  0  0  0 
6.211711e-015
7  4  6  0  0  0  0  0  0  0 
3.180543e-002
7  9  3  6  0  0  0  0  0  0 
6.197468e-015
7   4   1  11   8   0   0   0   0   0 
3.965192e-001
7  4  6  5  2  8  0  0  0  0 
6.225353e-015
7  4  1  5  2  8  0  0  0  0 
6.228740e-015
7  9  0  0  0  0  0  0  0  0 
3.046866e-002
7  4  6  3  9  0  0  0  0  0 
2.071701e-015
7   4   6   3  10   9   0   0   0   0 
1.555442e-015
7   9  10   0   0   0   0   0   0   0 
1.221787e-001
7   9   3  10   0   0   0   0   0   0 
6.236337e-015
7   4   6   3  10   0   0   0   0   0 
3.118386e-015
7   4   1  11   0   0   0   0   0   0 
3.292622e-001
8  11   1   0   0   0   0   0   0   0 
7.262929e-002
8  2  5  1  0  0  0  0  0  0 
6.223275e-015
8  2  0  0  0  0  0  0  0  0 
2.524930e-002
8  11   1   5   2   0   0   0   0   0 
2.073881e-015
8  11   1   4   6   5   2   0   0   0 
1.244503e-015
8  2  5  6  3  0  0  0  0  0 
6.437434e-002
8  11   1   5   6   3   0   0   0   0 
6.214993e-015
8  11   1   4   6   3   0   0   0   0 
6.208484e-015
8  11   1   4   0   0   0   0   0   0 
5.944804e-002
8  2  5  1  4  0  0  0  0  0 
6.212942e-015
8  2  5  6  4  0  0  0  0  0 
6.212728e-015
8  2  5  0  0  0  0  0  0  0 
1.311662e-001
8  11   1   5   0   0   0   0   0   0 
6.226203e-015
8  2  5  6  0  0  0  0  0  0 
7.245483e-002
8  11   1   5   6   0   0   0   0   0 
6.217359e-015
8  11   1   4   6   0   0   0   0   0 
6.211211e-015
8  11   1   4   7   0   0   0   0   0 
3.111932e-001
8  2  5  1  4  7  0  0  0  0 
6.227808e-015
8  2  5  6  4  7  0  0  0  0 
6.227635e-015
8  11   1   4   7   9   0   0   0   0 
7.275565e-003
8  2  5  6  3  9  0  0  0  0 
7.464725e-003
8  11   1   5   6   3   9   0   0   0 
6.467087e-015
8   2   5   6   3  10   0   0   0   0 
1.310211e-001
8   2   5   6   3   9  10   0   0   0 
6.192261e-015
8  11   1   4   7   9  10   0   0   0 
6.204861e-015
8  11   0   0   0   0   0   0   0   0 
7.181078e-001
8   2   5   1  11   0   0   0   0   0 
2.076524e-015
9  7  4  1  0  0  0  0  0  0 
1.096045e-002
9  3  6  4  1  0  0  0  0  0 
5.951628e-015
9  3  6  5  1  0  0  0  0  0 
5.951404e-015
9  3  6  5  2  0  0  0  0  0 
1.209843e-002
9  10   3   6   5   2   0   0   0   0 
5.995273e-015
9  7  4  6  5  2  0  0  0  0 
6.036145e-015
9  3  0  0  0  0  0  0  0  0 
7.778469e-002
9  10   3   0   0   0   0   0   0   0 
6.210548e-015
9  7  4  6  3  0  0  0  0  0 
2.075957e-015
9  7  4  0  0  0  0  0  0  0 
7.747620e-003
9  3  6  4  0  0  0  0  0  0 
5.984936e-015
9  10   3   6   4   0   0   0   0   0 
2.969516e-015
9  3  6  5  0  0  0  0  0  0 
4.607968e-002
9  10   3   6   5   0   0   0   0   0 
6.191567e-015
9  7  4  6  5  0  0  0  0  0 
6.211322e-015
9  3  6  0  0  0  0  0  0  0 
4.509240e-003
9  10   3   6   0   0   0   0   0   0 
5.444484e-015
9  7  4  6  0  0  0  0  0  0 
5.537315e-015
9  7  0  0  0  0  0  0  0  0 
5.446204e-002
9  3  6  4  7  0  0  0  0  0 
2.074458e-015
9  10   3   6   4   7   0   0   0   0 
1.555576e-015
9   7   4   1  11   8   0   0   0   0 
2.191503e-002
9  3  6  5  2  8  0  0  0  0 
2.677794e-002
9  10   3   6   5   2   8   0   0   0 
6.211184e-015
9  10   0   0   0   0   0   0   0   0 
1.358608e-002
9   3  10   0   0   0   0   0   0   0 
6.229431e-015
9   7   4   1  11   0   0   0   0   0 
2.596129e-002
9   3   6   4   1  11   0   0   0   0 
6.148733e-015
9   3   6   5   1  11   0   0   0   0 
6.148726e-015
10   3   6   4   1   0   0   0   0   0 
2.004014e-002
10   9   7   4   1   0   0   0   0   0 
2.228609e-002
10   3   6   5   1   0   0   0   0   0 
2.174417e-002
10   3   6   5   2   0   0   0   0   0 
4.543501e-002
10   9   3   6   5   2   0   0   0   0 
6.198895e-015
10   3   0   0   0   0   0   0   0   0 
7.281052e-002
10   9   3   0   0   0   0   0   0   0 
6.207668e-015
10   3   6   4   0   0   0   0   0   0 
1.325646e-002
10   9   7   4   0   0   0   0   0   0 
1.453649e-002
10   3   9   7   4   0   0   0   0   0 
6.241571e-015
10   3   6   5   0   0   0   0   0   0 
8.644296e-002
10   9   3   6   5   0   0   0   0   0 
6.210005e-015
10   3   6   0   0   0   0   0   0   0 
2.894767e-002
10   9   3   6   0   0   0   0   0   0 
6.186349e-015
10   9   7   0   0   0   0   0   0   0 
1.566111e-001
10   3   9   7   0   0   0   0   0   0 
6.214204e-015
10   3   6   5   2   8   0   0   0   0 
1.396225e-001
10   9   3   6   5   2   8   0   0   0 
6.213126e-015
10   3   6   5   1  11   8   0   0   0 
6.225224e-015
10   9   0   0   0   0   0   0   0   0 
1.318423e-002
10   3   9   0   0   0   0   0   0   0 
6.179370e-015
10   3   6   4   1  11   0   0   0   0 
5.381689e-002
10   3   6   5   1  11   0   0   0   0 
5.630614e-002
10   9   7   4   1  11   0   0   0   0 
6.823249e-002
11   1   0   0   0   0   0   0   0   0 
4.071990e-001
11   8   2   5   1   0   0   0   0   0 
2.076521e-015
11   8   2   0   0   0   0   0   0   0 
5.583172e-002
11   1   5   2   0   0   0   0   0   0 
6.224005e-015
11   1   4   6   3   0   0   0   0   0 
4.462550e-002
11   1   5   6   3   0   0   0   0   0 
3.749593e-002
11   8   2   5   6   3   0   0   0   0 
6.236775e-015
11   1   4   0   0   0   0   0   0   0 
2.671288e-002
11   1   5   6   4   0   0   0   0   0 
3.110551e-015
11   1   5   0   0   0   0   0   0   0 
2.431934e-001
11   8   2   5   0   0   0   0   0   0 
6.228750e-015
11   1   4   6   5   0   0   0   0   0 
3.113483e-015
11   1   4   6   0   0   0   0   0   0 
3.166378e-002
11   1   5   6   0   0   0   0   0   0 
2.733584e-002
11   8   2   5   6   0   0   0   0   0 
6.243583e-015
11   1   4   7   0   0   0   0   0   0 
3.270494e-001
11   8   0   0   0   0   0   0   0   0 
3.278096e-001
11   1   5   2   8   0   0   0   0   0 
2.076498e-015
11   1   4   7   9   0   0   0   0   0 
1.087402e-002
11   1   4   6   3   9   0   0   0   0 
5.926350e-015
11   1   5   6   3   9   0   0   0   0 
5.948691e-015
11   1   4   7   9  10   0   0   0   0 
2.413228e-002
11   1   5   6   3  10   0   0   0   0 
1.678630e-002
11   1   4   6   3  10   0   0   0   0 
1.821366e-002
