1  5  2  0  0  0  0  0  0  0 
7.819755e-002
1  11   8   2   0   0   0   0   0   0 
1.967902e-014
1  4  6  5  2  0  0  0  0  0 
9.871890e-015
1  4  6  3  0  0  0  0  0  0 
2.257826e-002
1  5  6  3  0  0  0  0  0  0 
1.930219e-002
1  4  7  9  3  0  0  0  0  0 
1.944672e-014
1  4  0  0  0  0  0  0  0  0 
2.041227e-002
1  5  6  4  0  0  0  0  0  0 
9.788504e-015
1  5  0  0  0  0  0  0  0  0 
7.561876e-002
1  4  6  5  0  0  0  0  0  0 
9.875301e-015
1  11   8   2   5   0   0   0   0   0 
6.589023e-015
1  4  6  0  0  0  0  0  0  0 
1.626519e-002
1  5  6  0  0  0  0  0  0  0 
1.477461e-002
1  4  7  0  0  0  0  0  0  0 
6.042384e-002
1  5  6  4  7  0  0  0  0  0 
9.870945e-015
1  11   8   0   0   0   0   0   0   0 
1.559540e-001
1  5  2  8  0  0  0  0  0  0 
1.977248e-014
1  4  6  5  2  8  0  0  0  0 
6.602320e-015
1  4  7  9  0  0  0  0  0  0 
2.701725e-003
1  4  6  3  9  0  0  0  0  0 
1.987118e-014
1  5  6  3  9  0  0  0  0  0 
1.978848e-014
1   4   6   3  10   0   0   0   0   0 
1.360174e-002
1   5   6   3  10   0   0   0   0   0 
1.231177e-002
1   4   7   9  10   0   0   0   0   0 
1.629332e-002
1  11   0   0   0   0   0   0   0   0 
5.058123e-001
1   5   2   8  11   0   0   0   0   0 
6.607560e-015
2  5  1  0  0  0  0  0  0  0 
7.971810e-002
2   8  11   1   0   0   0   0   0   0 
1.968670e-014
2  5  6  4  1  0  0  0  0  0 
9.870823e-015
2  5  6  3  0  0  0  0  0  0 
2.522635e-001
2  5  1  4  6  3  0  0  0  0 
9.907455e-015
2  5  1  4  0  0  0  0  0  0 
6.435546e-002
2  5  6  4  0  0  0  0  0  0 
5.725278e-002
2   8  11   1   4   0   0   0   0   0 
1.967196e-014
2  5  0  0  0  0  0  0  0  0 
5.339876e-001
2   8  11   1   5   0   0   0   0   0 
6.607849e-015
2   8  11   1   4   6   5   0   0   0 
3.964848e-015
2  5  6  0  0  0  0  0  0  0 
2.023959e-001
2  5  1  4  6  0  0  0  0  0 
9.904797e-015
2  5  1  4  7  0  0  0  0  0 
3.803857e-001
2  5  6  4  7  0  0  0  0  0 
3.887108e-001
2   8  11   1   4   7   0   0   0   0 
1.980373e-014
2  8  0  0  0  0  0  0  0  0 
3.606388e-001
2   5   1  11   8   0   0   0   0   0 
6.600832e-015
2  5  6  3  9  0  0  0  0  0 
3.447033e-002
2   5   6   3  10   9   0   0   0   0 
1.945679e-014
2  5  1  4  7  9  0  0  0  0 
1.944595e-014
2   5   6   3  10   0   0   0   0   0 
3.817270e-001
2   5   6   3   9  10   0   0   0   0 
1.989137e-014
2   8  11   0   0   0   0   0   0   0 
4.072263e-001
2   5   1  11   0   0   0   0   0   0 
1.976910e-014
3  6  4  1  0  0  0  0  0  0 
9.000603e-003
3  6  5  1  0  0  0  0  0  0 
9.589752e-003
3  9  7  4  1  0  0  0  0  0 
1.922168e-014
3  6  5  2  0  0  0  0  0  0 
9.518809e-002
3  6  4  1  5  2  0  0  0  0 
9.886767e-015
3  6  4  0  0  0  0  0  0  0 
1.576113e-002
3  9  7  4  0  0  0  0  0  0 
1.919932e-014
3  6  5  0  0  0  0  0  0  0 
6.152182e-002
3  6  4  1  5  0  0  0  0  0 
9.871455e-015
3  6  0  0  0  0  0  0  0  0 
2.655868e-002
3  9  7  4  6  0  0  0  0  0 
6.564454e-015
3  10   9   7   4   6   0   0   0   0 
4.931397e-015
3  9  7  0  0  0  0  0  0  0 
3.840247e-002
3  10   9   7   0   0   0   0   0   0 
1.949614e-014
3  6  4  7  0  0  0  0  0  0 
1.946367e-014
3  6  5  2  8  0  0  0  0  0 
1.094555e-001
3   6   4   1  11   8   0   0   0   0 
1.970617e-014
3   6   5   1  11   8   0   0   0   0 
1.970574e-014
3  9  0  0  0  0  0  0  0  0 
9.339718e-002
3  10   9   0   0   0   0   0   0   0 
1.971547e-014
3  6  4  7  9  0  0  0  0  0 
6.592524e-015
3  10   0   0   0   0   0   0   0   0 
3.378576e-002
3   9  10   0   0   0   0   0   0   0 
1.954711e-014
3   6   4   1  11   0   0   0   0   0 
8.576467e-002
3   6   5   1  11   0   0   0   0   0 
9.130398e-002
3   9   7   4   1  11   0   0   0   0 
1.976811e-014
4  1  0  0  0  0  0  0  0  0 
2.114109e-002
4  6  5  1  0  0  0  0  0  0 
9.793839e-015
4  1  5  2  0  0  0  0  0  0 
5.447331e-002
4  6  5  2  0  0  0  0  0  0 
6.273940e-002
4   1  11   8   2   0   0   0   0   0 
1.966009e-014
4  6  3  0  0  0  0  0  0  0 
2.567944e-002
4  7  9  3  0  0  0  0  0  0 
1.935630e-014
4  1  5  6  3  0  0  0  0  0 
9.771818e-015
4  1  5  0  0  0  0  0  0  0 
2.263619e-002
4  6  5  0  0  0  0  0  0  0 
2.369558e-002
4  6  0  0  0  0  0  0  0  0 
1.929280e-002
4  1  5  6  0  0  0  0  0  0 
9.740786e-015
4  7  9  3  6  0  0  0  0  0 
6.530217e-015
4  7  0  0  0  0  0  0  0  0 
3.173371e-001
4  6  3  9  7  0  0  0  0  0 
6.617934e-015
4   6   3  10   9   7   0   0   0   0 
4.961999e-015
4   1  11   8   0   0   0   0   0   0 
1.635997e-001
4  1  5  2  8  0  0  0  0  0 
1.977138e-014
4  6  5  2  8  0  0  0  0  0 
1.978516e-014
4  7  9  0  0  0  0  0  0  0 
5.884500e-003
4  6  3  9  0  0  0  0  0  0 
1.768710e-014
4   6   3  10   9   0   0   0   0   0 
9.049158e-015
4   7   9  10   0   0   0   0   0   0 
4.849169e-003
4   6   3  10   0   0   0   0   0   0 
4.540306e-003
4   6   3   9  10   0   0   0   0   0 
1.950309e-014
4   1  11   0   0   0   0   0   0   0 
9.183111e-002
4   6   5   1  11   0   0   0   0   0 
9.888918e-015
5  1  0  0  0  0  0  0  0  0 
1.205275e-001
5  6  4  1  0  0  0  0  0  0 
9.886869e-015
5   2   8  11   1   0   0   0   0   0 
6.596022e-015
5  2  0  0  0  0  0  0  0  0 
1.500671e-001
5   1  11   8   2   0   0   0   0   0 
6.601753e-015
5  6  3  0  0  0  0  0  0  0 
3.725896e-002
5  1  4  6  3  0  0  0  0  0 
9.845568e-015
5  1  4  0  0  0  0  0  0  0 
2.393780e-002
5  6  4  0  0  0  0  0  0  0 
2.061869e-002
5  6  0  0  0  0  0  0  0  0 
1.276137e-001
5  1  4  6  0  0  0  0  0  0 
9.896970e-015
5  1  4  7  0  0  0  0  0  0 
1.003632e-001
5  6  4  7  0  0  0  0  0  0 
1.067342e-001
5  6  3  9  7  0  0  0  0  0 
1.980885e-014
5  2  8  0  0  0  0  0  0  0 
2.467468e-001
5   1  11   8   0   0   0   0   0   0 
1.977159e-014
5  6  3  9  0  0  0  0  0  0 
1.418550e-002
5  1  4  7  9  0  0  0  0  0 
1.884840e-014
5  6  4  7  9  0  0  0  0  0 
1.884649e-014
5   6   3  10   0   0   0   0   0   0 
2.488831e-002
5   6   3   9  10   0   0   0   0   0 
1.942253e-014
5   1  11   0   0   0   0   0   0   0 
2.263563e-001
5   2   8  11   0   0   0   0   0   0 
1.978340e-014
6  4  1  0  0  0  0  0  0  0 
9.587921e-003
6  5  1  0  0  0  0  0  0  0 
1.034613e-002
6  5  2  0  0  0  0  0  0  0 
5.183337e-002
6  4  1  5  2  0  0  0  0  0 
9.863423e-015
6  3  0  0  0  0  0  0  0  0 
8.777572e-002
6  4  7  9  3  0  0  0  0  0 
6.603380e-015
6   4   7   9  10   3   0   0   0   0 
4.954528e-015
6  4  0  0  0  0  0  0  0  0 
9.129990e-003
6  5  1  4  0  0  0  0  0  0 
9.568760e-015
6  3  9  7  4  0  0  0  0  0 
6.431275e-015
6  5  0  0  0  0  0  0  0  0 
5.430387e-002
6  4  1  5  0  0  0  0  0  0 
9.865737e-015
6  4  7  0  0  0  0  0  0  0 
6.874666e-002
6  3  9  7  0  0  0  0  0  0 
1.973371e-014
6  5  2  8  0  0  0  0  0  0 
1.138007e-001
6   4   1  11   8   0   0   0   0   0 
1.971076e-014
6   5   1  11   8   0   0   0   0   0 
1.971031e-014
6  3  9  0  0  0  0  0  0  0 
3.568575e-003
6   3  10   9   0   0   0   0   0   0 
1.648335e-014
6  4  7  9  0  0  0  0  0  0 
1.654063e-014
6   3  10   0   0   0   0   0   0   0 
1.890697e-002
6   3   9  10   0   0   0   0   0   0 
1.914845e-014
6   4   7   9  10   0   0   0   0   0 
9.718136e-015
6   4   1  11   0   0   0   0   0   0 
3.381367e-002
6   5   1  11   0   0   0   0   0   0 
3.629808e-002
6   5   2   8  11   0   0   0   0   0 
1.957469e-014
7  4  1  0  0  0  0  0  0  0 
1.071822e-001
7  4  6  5  1  0  0  0  0  0 
9.893173e-015
7  4  6  5  2  0  0  0  0  0 
4.595159e-002
7  4  1  5  2  0  0  0  0  0 
4.183609e-002
7  9  3  6  5  2  0  0  0  0 
1.966784e-014
7  9  3  0  0  0  0  0  0  0 
5.458449e-002
7  4  6  3  0  0  0  0  0  0 
1.955262e-014
7   9  10   3   0   0   0   0   0   0 
1.959322e-014
7  4  0  0  0  0  0  0  0  0 
5.196660e-001
7  9  3  6  4  0  0  0  0  0 
6.618597e-015
7   9  10   3   6   4   0   0   0   0 
4.963189e-015
7  4  6  5  0  0  0  0  0  0 
4.460980e-002
7  4  1  5  0  0  0  0  0  0 
4.080244e-002
7  9  3  6  5  0  0  0  0  0 
1.966170e-014
7  4  6  0  0  0  0  0  0  0 
3.402220e-002
7  9  3  6  0  0  0  0  0  0 
1.955833e-014
7   4   1  11   8   0   0   0   0   0 
3.557516e-001
7  4  6  5  2  8  0  0  0  0 
1.982786e-014
7  4  1  5  2  8  0  0  0  0 
1.981364e-014
7  9  0  0  0  0  0  0  0  0 
4.459579e-002
7  4  6  3  9  0  0  0  0  0 
6.581012e-015
7   4   6   3  10   9   0   0   0   0 
4.941041e-015
7   9  10   0   0   0   0   0   0   0 
1.267238e-001
7   9   3  10   0   0   0   0   0   0 
1.975451e-014
7   4   6   3  10   0   0   0   0   0 
9.876129e-015
7   4   1  11   0   0   0   0   0   0 
3.464728e-001
8  11   1   0   0   0   0   0   0   0 
5.819548e-002
8  2  5  1  0  0  0  0  0  0 
1.965507e-014
8  2  0  0  0  0  0  0  0  0 
2.777044e-002
8  11   1   5   2   0   0   0   0   0 
6.559212e-015
8  11   1   4   6   5   2   0   0   0 
3.946020e-015
8  2  5  6  3  0  0  0  0  0 
4.140153e-002
8  11   1   5   6   3   0   0   0   0 
1.950681e-014
8  11   1   4   6   3   0   0   0   0 
1.951209e-014
8  11   1   4   0   0   0   0   0   0 
3.050011e-002
8  2  5  1  4  0  0  0  0  0 
1.940049e-014
8  2  5  6  4  0  0  0  0  0 
1.940380e-014
8  2  5  0  0  0  0  0  0  0 
1.323792e-001
8  11   1   5   0   0   0   0   0   0 
1.973842e-014
8  2  5  6  0  0  0  0  0  0 
5.758392e-002
8  11   1   5   6   0   0   0   0   0 
1.959519e-014
8  11   1   4   6   0   0   0   0   0 
1.960251e-014
8  11   1   4   7   0   0   0   0   0 
3.074042e-001
8  2  5  1  4  7  0  0  0  0 
1.980475e-014
8  2  5  6  4  7  0  0  0  0 
1.980625e-014
8  11   1   4   7   9   0   0   0   0 
5.741449e-003
8  2  5  6  3  9  0  0  0  0 
5.921921e-003
8  11   1   5   6   3   9   0   0   0 
1.943464e-014
8   2   5   6   3  10   0   0   0   0 
1.107003e-001
8   2   5   6   3   9  10   0   0   0 
1.978840e-014
8  11   1   4   7   9  10   0   0   0 
1.975373e-014
8  11   0   0   0   0   0   0   0   0 
7.533856e-001
8   2   5   1  11   0   0   0   0   0 
6.605788e-015
9  7  4  1  0  0  0  0  0  0 
1.410135e-002
9  3  6  4  1  0  0  0  0  0 
1.875491e-014
9  3  6  5  1  0  0  0  0  0 
1.875658e-014
9  3  6  5  2  0  0  0  0  0 
9.555225e-003
9  10   3   6   5   2   0   0   0   0 
1.801096e-014
9  7  4  6  5  2  0  0  0  0 
1.812526e-014
9  3  0  0  0  0  0  0  0  0 
8.347723e-002
9  10   3   0   0   0   0   0   0   0 
1.969978e-014
9  7  4  6  3  0  0  0  0  0 
6.590875e-015
9  7  4  0  0  0  0  0  0  0 
9.773325e-003
9  3  6  4  0  0  0  0  0  0 
1.857339e-014
9  10   3   6   4   0   0   0   0   0 
9.444184e-015
9  3  6  5  0  0  0  0  0  0 
3.218412e-002
9  10   3   6   5   0   0   0   0   0 
1.941778e-014
9  7  4  6  5  0  0  0  0  0 
1.942394e-014
9  3  6  0  0  0  0  0  0  0 
3.862245e-003
9  10   3   6   0   0   0   0   0   0 
1.644210e-014
9  7  4  6  0  0  0  0  0  0 
1.658823e-014
9  7  0  0  0  0  0  0  0  0 
5.956063e-002
9  3  6  4  7  0  0  0  0  0 
6.588314e-015
9  10   3   6   4   7   0   0   0   0 
4.945748e-015
9   7   4   1  11   8   0   0   0   0 
2.431170e-002
9  3  6  5  2  8  0  0  0  0 
2.877178e-002
9  10   3   6   5   2   8   0   0   0 
1.950889e-014
9  10   0   0   0   0   0   0   0   0 
2.054085e-002
9   3  10   0   0   0   0   0   0   0 
1.936261e-014
9   7   4   1  11   0   0   0   0   0 
1.604029e-002
9   3   6   4   1  11   0   0   0   0 
1.889235e-014
9   3   6   5   1  11   0   0   0   0 
1.889090e-014
10   3   6   4   1   0   0   0   0   0 
1.579373e-002
10   9   7   4   1   0   0   0   0   0 
1.803530e-002
10   3   6   5   1   0   0   0   0   0 
1.721459e-002
10   3   6   5   2   0   0   0   0   0 
4.416210e-002
10   9   3   6   5   2   0   0   0   0 
1.962694e-014
10   3   0   0   0   0   0   0   0   0 
7.688529e-002
10   9   3   0   0   0   0   0   0   0 
1.973995e-014
10   3   6   4   0   0   0   0   0   0 
9.737325e-003
10   9   7   4   0   0   0   0   0   0 
1.050792e-002
10   3   9   7   4   0   0   0   0   0 
1.924177e-014
10   3   6   5   0   0   0   0   0   0 
8.014542e-002
10   9   3   6   5   0   0   0   0   0 
1.974656e-014
10   3   6   0   0   0   0   0   0   0 
2.952250e-002
10   9   3   6   0   0   0   0   0   0 
1.950244e-014
10   9   7   0   0   0   0   0   0   0 
1.510865e-001
10   3   9   7   0   0   0   0   0   0 
1.977925e-014
10   3   6   5   2   8   0   0   0   0 
1.377421e-001
10   9   3   6   5   2   8   0   0   0 
1.980467e-014
10   3   6   5   1  11   8   0   0   0 
1.972943e-014
10   9   0   0   0   0   0   0   0   0 
2.523933e-002
10   3   9   0   0   0   0   0   0   0 
1.942625e-014
10   3   6   4   1  11   0   0   0   0 
5.956639e-002
10   3   6   5   1  11   0   0   0   0 
6.156781e-002
10   9   7   4   1  11   0   0   0   0 
8.172440e-002
11   1   0   0   0   0   0   0   0   0 
4.552421e-001
11   8   2   5   1   0   0   0   0   0 
6.606884e-015
11   8   2   0   0   0   0   0   0   0 
5.236245e-002
11   1   5   2   0   0   0   0   0   0 
1.960905e-014
11   1   4   6   3   0   0   0   0   0 
7.426009e-002
11   1   5   6   3   0   0   0   0   0 
5.449967e-002
11   8   2   5   6   3   0   0   0   0 
1.967253e-014
11   1   4   0   0   0   0   0   0   0 
2.541262e-002
11   1   5   6   4   0   0   0   0   0 
9.812412e-015
11   1   5   0   0   0   0   0   0   0 
1.960624e-001
11   8   2   5   0   0   0   0   0   0 
1.977073e-014
11   1   4   6   5   0   0   0   0   0 
9.898166e-015
11   1   4   6   0   0   0   0   0   0 
2.458846e-002
11   1   5   6   0   0   0   0   0   0 
1.962741e-002
11   8   2   5   6   0   0   0   0   0 
1.945989e-014
11   1   4   7   0   0   0   0   0   0 
4.409177e-001
11   8   0   0   0   0   0   0   0   0 
3.426524e-001
11   1   5   2   8   0   0   0   0   0 
6.604330e-015
11   1   4   7   9   0   0   0   0   0 
1.004830e-002
11   1   4   6   3   9   0   0   0   0 
1.803762e-014
11   1   5   6   3   9   0   0   0   0 
1.806561e-014
11   1   4   7   9  10   0   0   0   0 
2.277481e-002
11   1   5   6   3  10   0   0   0   0 
1.622038e-002
11   1   4   6   3  10   0   0   0   0 
1.834107e-002
