2 1 2 0.085307 * 2  5  1 
3 1 3 0.009934 * 3  6  4  1 
3 1 3 0.009934 * 3  6  5  1 
4 1 1 0.024287 * 4  1 
5 1 1 0.078268 * 5  1 
6 1 2 0.009272 * 6  4  1 
6 1 2 0.009272 * 6  5  1 
7 1 2 0.121202 * 7  4  1 
8 1 2 0.077311 * 8  11   1 
9 1 3 0.013195 * 9  7  4  1 
10 1 4 0.017349 * 10   3   6   4   1 
10 1 4 0.017349 * 10   3   6   5   1 
10 1 4 0.017349 * 10   9   7   4   1 
11 1 1 0.364492 * 11   1 
1 2 2 0.091955 * 1  5  2 
3 2 3 0.100859 * 3  6  5  2 
4 2 3 0.014181 * 4  1  5  2 
4 2 3 0.014181 * 4  6  5  2 
5 2 1 0.142528 * 5  2 
6 2 2 0.055002 * 6  5  2 
7 2 4 0.060762 * 7  4  1  5  2 
7 2 4 0.060762 * 7  4  6  5  2 
8 2 1 0.028865 * 8  2 
9 2 4 0.010872 * 9  3  6  5  2 
10 2 4 0.045147 * 10   3   6   5   2 
11 2 2 0.047891 * 11   8   2 
1 3 3 0.017080 * 1  4  6  3 
1 3 3 0.017080 * 1  5  6  3 
2 3 3 0.244735 * 2  5  6  3 
4 3 2 0.038518 * 4  6  3 
5 3 2 0.038065 * 5  6  3 
6 3 1 0.109999 * 6  3 
7 3 2 0.116296 * 7  9  3 
8 3 4 0.035806 * 8  2  5  6  3 
9 3 1 0.081269 * 9  3 
10 3 1 0.085498 * 10   3 
11 3 4 0.042495 * 11   1   4   6   3 
11 3 4 0.042495 * 11   1   5   6   3 
1 4 1 0.038686 * 1  4 
2 4 3 0.056366 * 2  5  1  4 
2 4 3 0.056366 * 2  5  6  4 
3 4 2 0.025758 * 3  6  4 
5 4 2 0.018243 * 5  1  4 
5 4 2 0.018243 * 5  6  4 
6 4 1 0.017935 * 6  4 
7 4 1 0.046978 * 7  4 
8 4 3 0.038941 * 8  11   1   4 
9 4 2 0.015980 * 9  7  4 
10 4 3 0.014421 * 10   3   6   4 
10 4 3 0.014421 * 10   9   7   4 
11 4 2 0.029705 * 11   1   4 
1 5 1 0.065812 * 1  5 
2 5 1 0.586401 * 2  5 
3 5 2 0.102879 * 3  6  5 
4 5 2 0.019968 * 4  1  5 
4 5 2 0.019968 * 4  6  5 
6 5 1 0.059051 * 6  5 
7 5 3 0.043688 * 7  4  1  5 
7 5 3 0.043688 * 7  4  6  5 
8 5 2 0.097630 * 8  2  5 
9 5 3 0.044834 * 9  3  6  5 
10 5 3 0.090449 * 10   3   6   5 
11 5 2 0.194682 * 11   1   5 
1 6 2 0.008191 * 1  4  6 
1 6 2 0.008191 * 1  5  6 
2 6 2 0.197885 * 2  5  6 
3 6 1 0.033372 * 3  6 
4 6 1 0.017168 * 4  6 
5 6 1 0.082705 * 5  6 
7 6 2 0.036788 * 7  4  6 
8 6 3 0.056837 * 8  2  5  6 
9 6 2 0.003488 * 9  3  6 
10 6 2 0.029656 * 10   3   6 
11 6 3 0.029137 * 11   1   4   6 
11 6 3 0.029137 * 11   1   5   6 
1 7 2 0.132448 * 1  4  7 
2 7 4 0.369519 * 2  5  1  4  7 
2 7 4 0.369519 * 2  5  6  4  7 
3 7 2 0.052241 * 3  9  7 
4 7 1 0.049998 * 4  7 
5 7 3 0.108965 * 5  1  4  7 
5 7 3 0.108965 * 5  6  4  7 
6 7 2 0.068508 * 6  4  7 
8 7 4 0.330144 * 8  11   1   4   7 
9 7 1 0.029022 * 9  7 
10 7 2 0.157473 * 10   9   7 
11 7 3 0.322508 * 11   1   4   7 
1 8 2 0.200094 * 1  11   8 
2 8 1 0.365745 * 2  8 
3 8 4 0.136985 * 3  6  5  2  8 
4 8 3 0.191297 * 4   1  11   8 
5 8 2 0.267314 * 5  2  8 
6 8 3 0.109058 * 6  5  2  8 
7 8 4 0.398433 * 7   4   1  11   8 
9 8 5 0.026156 * 9  3  6  5  2  8 
9 8 5 0.026156 * 9   7   4   1  11   8 
10 8 5 0.165610 * 10   3   6   5   2   8 
11 8 1 0.361685 * 11   8 
1 9 3 0.004332 * 1  4  7  9 
2 9 4 0.036847 * 2  5  6  3  9 
3 9 1 0.074342 * 3  9 
4 9 2 0.007415 * 4  7  9 
5 9 3 0.013349 * 5  6  3  9 
6 9 2 0.002077 * 6  3  9 
7 9 1 0.054814 * 7  9 
8 9 5 0.031541 * 8  2  5  6  3  9 
8 9 5 0.031541 * 8  11   1   4   7   9 
10 9 1 0.036204 * 10   9 
11 9 4 0.014848 * 11   1   4   7   9 
1 10 4 0.010765 * 1   4   6   3  10 
1 10 4 0.010765 * 1   4   7   9  10 
1 10 4 0.016668 * 1   5   6   3  10 
2 10 4 0.372256 * 2   5   6   3  10 
3 10 1 0.036312 * 3  10 
4 10 3 0.006327 * 4   6   3  10 
4 10 3 0.006327 * 4   7   9  10 
5 10 3 0.022826 * 5   6   3  10 
6 10 2 0.017156 * 6   3  10 
7 10 2 0.122216 * 7   9  10 
8 10 5 0.113138 * 8   2   5   6   3  10 
9 10 1 0.025054 * 9  10 
11 10 5 0.013682 * 11   1   4   6   3  10 
11 10 5 0.013682 * 11   1   4   7   9  10 
11 10 5 0.021184 * 11   1   5   6   3  10 
1 11 1 0.761458 * 1  11 
2 11 2 0.379159 * 2   8  11 
3 11 4 0.121497 * 3   6   4   1  11 
3 11 4 0.121497 * 3   6   5   1  11 
4 11 2 0.047032 * 4   1  11 
5 11 2 0.228845 * 5   1  11 
6 11 3 0.039012 * 6   4   1  11 
6 11 3 0.039012 * 6   5   1  11 
7 11 3 0.338321 * 7   4   1  11 
8 11 1 0.691248 * 8  11 
9 11 4 0.025532 * 9   7   4   1  11 
10 11 5 0.062334 * 10   3   6   4   1  11 
10 11 5 0.062334 * 10   3   6   5   1  11 
10 11 5 0.062334 * 10   9   7   4   1  11 
