2 1 2 0.066968 * 2  5  1 
3 1 3 0.008199 * 3  6  4  1 
3 1 3 0.008199 * 3  6  5  1 
4 1 1 0.016978 * 4  1 
5 1 1 0.078858 * 5  1 
6 1 2 0.006143 * 6  4  1 
6 1 2 0.006143 * 6  5  1 
7 1 2 0.102619 * 7  4  1 
8 1 2 0.102186 * 8  11   1 
9 1 3 0.023655 * 9  7  4  1 
10 1 4 0.016736 * 10   3   6   4   1 
10 1 4 0.016736 * 10   3   6   5   1 
10 1 4 0.016736 * 10   9   7   4   1 
11 1 1 0.734412 * 11   1 
1 2 2 0.072309 * 1  5  2 
3 2 3 0.078963 * 3  6  5  2 
4 2 3 0.114459 * 4  1  5  2 
4 2 3 0.114459 * 4  6  5  2 
5 2 1 0.077178 * 5  2 
6 2 2 0.042556 * 6  5  2 
7 2 4 0.048151 * 7  4  1  5  2 
7 2 4 0.048151 * 7  4  6  5  2 
8 2 1 0.021966 * 8  2 
9 2 4 0.019847 * 9  3  6  5  2 
10 2 4 0.040311 * 10   3   6   5   2 
11 2 2 0.037037 * 11   8   2 
1 3 3 0.019716 * 1  4  6  3 
1 3 3 0.019716 * 1  5  6  3 
2 3 3 0.295492 * 2  5  6  3 
4 3 2 0.022964 * 4  6  3 
5 3 2 0.053419 * 5  6  3 
6 3 1 0.022747 * 6  3 
7 3 2 0.017934 * 7  9  3 
8 3 4 0.035852 * 8  2  5  6  3 
9 3 1 0.041431 * 9  3 
10 3 1 0.039413 * 10   3 
11 3 4 0.024731 * 11   1   4   6   3 
11 3 4 0.024731 * 11   1   5   6   3 
1 4 1 0.033589 * 1  4 
2 4 3 0.081400 * 2  5  1  4 
2 4 3 0.081400 * 2  5  6  4 
3 4 2 0.007439 * 3  6  4 
5 4 2 0.025853 * 5  1  4 
5 4 2 0.025853 * 5  6  4 
6 4 1 0.005285 * 6  4 
7 4 1 0.094064 * 7  4 
8 4 3 0.036173 * 8  11   1   4 
9 4 2 0.006628 * 9  7  4 
10 4 3 0.008967 * 10   3   6   4 
10 4 3 0.008967 * 10   9   7   4 
11 4 2 0.015257 * 11   1   4 
1 5 1 0.071312 * 1  5 
2 5 1 0.603149 * 2  5 
3 5 2 0.034160 * 3  6  5 
4 5 2 0.016187 * 4  1  5 
4 5 2 0.016187 * 4  6  5 
6 5 1 0.074602 * 6  5 
7 5 3 0.035158 * 7  4  1  5 
7 5 3 0.035158 * 7  4  6  5 
8 5 2 0.128209 * 8  2  5 
9 5 3 0.046123 * 9  3  6  5 
10 5 3 0.041928 * 10   3   6   5 
11 5 2 0.147052 * 11   1   5 
1 6 2 0.019054 * 1  4  6 
1 6 2 0.019054 * 1  5  6 
2 6 2 0.205442 * 2  5  6 
3 6 1 0.016192 * 3  6 
4 6 1 0.034327 * 4  6 
5 6 1 0.075172 * 5  6 
7 6 2 0.033363 * 7  4  6 
8 6 3 0.043856 * 8  2  5  6 
9 6 2 0.002505 * 9  3  6 
10 6 2 0.028010 * 10   3   6 
11 6 3 0.035786 * 11   1   4   6 
11 6 3 0.035786 * 11   1   5   6 
1 7 2 0.095940 * 1  4  7 
2 7 4 0.387824 * 2  5  1  4  7 
2 7 4 0.387824 * 2  5  6  4  7 
3 7 2 0.020924 * 3  9  7 
4 7 1 0.035049 * 4  7 
5 7 3 0.147269 * 5  1  4  7 
5 7 3 0.147269 * 5  6  4  7 
6 7 2 0.040085 * 6  4  7 
8 7 4 0.298112 * 8  11   1   4   7 
9 7 1 0.029866 * 9  7 
10 7 2 0.136327 * 10   9   7 
11 7 3 0.268256 * 11   1   4   7 
1 8 2 0.204293 * 1  11   8 
2 8 1 0.322098 * 2  8 
3 8 4 0.072799 * 3  6  5  2  8 
4 8 3 0.185484 * 4   1  11   8 
5 8 2 0.310305 * 5  2  8 
6 8 3 0.100401 * 6  5  2  8 
7 8 4 0.276843 * 7   4   1  11   8 
9 8 5 0.017863 * 9  3  6  5  2  8 
9 8 5 0.017863 * 9   7   4   1  11   8 
10 8 5 0.120790 * 10   3   6   5   2   8 
11 8 1 0.257654 * 11   8 
1 9 3 0.002994 * 1  4  7  9 
2 9 4 0.051000 * 2  5  6  3  9 
3 9 1 0.025170 * 3  9 
4 9 2 0.007440 * 4  7  9 
5 9 3 0.017411 * 5  6  3  9 
6 9 2 0.001444 * 6  3  9 
7 9 1 0.037216 * 7  9 
8 9 5 0.008669 * 8  2  5  6  3  9 
8 9 5 0.008669 * 8  11   1   4   7   9 
10 9 1 0.012593 * 10   9 
11 9 4 0.005154 * 11   1   4   7   9 
1 10 4 0.023869 * 1   4   6   3  10 
1 10 4 0.023869 * 1   4   7   9  10 
1 10 4 0.038199 * 1   5   6   3  10 
2 10 4 0.421830 * 2   5   6   3  10 
3 10 1 0.014854 * 3  10 
4 10 3 0.007589 * 4   6   3  10 
4 10 3 0.007589 * 4   7   9  10 
5 10 3 0.054968 * 5   6   3  10 
6 10 2 0.015902 * 6   3  10 
7 10 2 0.108288 * 7   9  10 
8 10 5 0.119920 * 8   2   5   6   3  10 
9 10 1 0.013053 * 9  10 
11 10 5 0.011867 * 11   1   4   6   3  10 
11 10 5 0.011867 * 11   1   4   7   9  10 
11 10 5 0.011867 * 11   1   5   6   3  10 
1 11 1 0.714390 * 1  11 
2 11 2 0.249833 * 2   8  11 
3 11 4 0.057031 * 3   6   4   1  11 
3 11 4 0.057031 * 3   6   5   1  11 
4 11 2 0.145300 * 4   1  11 
5 11 2 0.314204 * 5   1  11 
6 11 3 0.024638 * 6   4   1  11 
6 11 3 0.024638 * 6   5   1  11 
7 11 3 0.399510 * 7   4   1  11 
8 11 1 0.730210 * 8  11 
9 11 4 0.023184 * 9   7   4   1  11 
10 11 5 0.065132 * 10   3   6   4   1  11 
10 11 5 0.065132 * 10   3   6   5   1  11 
10 11 5 0.065132 * 10   9   7   4   1  11 
