2 1 2 0.121334 * 2  5  1 
3 1 3 0.012152 * 3  6  4  1 
3 1 3 0.012152 * 3  6  5  1 
4 1 1 0.078351 * 4  1 
5 1 1 0.104459 * 5  1 
6 1 2 0.019004 * 6  4  1 
6 1 2 0.019004 * 6  5  1 
7 1 2 0.095339 * 7  4  1 
8 1 2 0.112247 * 8  11   1 
9 1 3 0.015716 * 9  7  4  1 
10 1 4 0.014391 * 10   3   6   4   1 
10 1 4 0.014391 * 10   3   6   5   1 
10 1 4 0.014391 * 10   9   7   4   1 
11 1 1 0.351481 * 11   1 
1 2 2 0.109374 * 1  5  2 
3 2 3 0.088374 * 3  6  5  2 
4 2 3 0.017358 * 4  1  5  2 
4 2 3 0.017358 * 4  6  5  2 
5 2 1 0.206239 * 5  2 
6 2 2 0.057069 * 6  5  2 
7 2 4 0.083033 * 7  4  1  5  2 
7 2 4 0.083033 * 7  4  6  5  2 
8 2 1 0.039880 * 8  2 
9 2 4 0.011039 * 9  3  6  5  2 
10 2 4 0.030912 * 10   3   6   5   2 
11 2 2 0.069483 * 11   8   2 
1 3 3 0.011790 * 1  4  6  3 
1 3 3 0.011790 * 1  5  6  3 
2 3 3 0.235394 * 2  5  6  3 
4 3 2 0.034116 * 4  6  3 
5 3 2 0.048123 * 5  6  3 
6 3 1 0.067738 * 6  3 
7 3 2 0.134112 * 7  9  3 
8 3 4 0.078529 * 8  2  5  6  3 
9 3 1 0.066426 * 9  3 
10 3 1 0.071064 * 10   3 
11 3 4 0.039971 * 11   1   4   6   3 
11 3 4 0.039971 * 11   1   5   6   3 
1 4 1 0.016140 * 1  4 
2 4 3 0.061522 * 2  5  1  4 
2 4 3 0.061522 * 2  5  6  4 
3 4 2 0.014670 * 3  6  4 
5 4 2 0.027619 * 5  1  4 
5 4 2 0.027619 * 5  6  4 
6 4 1 0.018290 * 6  4 
7 4 1 0.331700 * 7  4 
8 4 3 0.021098 * 8  11   1   4 
9 4 2 0.015996 * 9  7  4 
10 4 3 0.013834 * 10   3   6   4 
10 4 3 0.013834 * 10   9   7   4 
11 4 2 0.036630 * 11   1   4 
1 5 1 0.098432 * 1  5 
2 5 1 0.559916 * 2  5 
3 5 2 0.044554 * 3  6  5 
4 5 2 0.025406 * 4  1  5 
4 5 2 0.025406 * 4  6  5 
6 5 1 0.070533 * 6  5 
7 5 3 0.049228 * 7  4  1  5 
7 5 3 0.049228 * 7  4  6  5 
8 5 2 0.123257 * 8  2  5 
9 5 3 0.037933 * 9  3  6  5 
10 5 3 0.057309 * 10   3   6   5 
11 5 2 0.215270 * 11   1   5 
1 6 2 0.015550 * 1  4  6 
1 6 2 0.015550 * 1  5  6 
2 6 2 0.220294 * 2  5  6 
3 6 1 0.049190 * 3  6 
4 6 1 0.025375 * 4  6 
5 6 1 0.061237 * 5  6 
7 6 2 0.057640 * 7  4  6 
8 6 3 0.055873 * 8  2  5  6 
9 6 2 0.004147 * 9  3  6 
10 6 2 0.019763 * 10   3   6 
11 6 3 0.028618 * 11   1   4   6 
11 6 3 0.028618 * 11   1   5   6 
1 7 2 0.103438 * 1  4  7 
2 7 4 0.312210 * 2  5  1  4  7 
2 7 4 0.312210 * 2  5  6  4  7 
3 7 2 0.051901 * 3  9  7 
4 7 1 0.057098 * 4  7 
5 7 3 0.132806 * 5  1  4  7 
5 7 3 0.132806 * 5  6  4  7 
6 7 2 0.060231 * 6  4  7 
8 7 4 0.297624 * 8  11   1   4   7 
9 7 1 0.029126 * 9  7 
10 7 2 0.168659 * 10   9   7 
11 7 3 0.359248 * 11   1   4   7 
1 8 2 0.188140 * 1  11   8 
2 8 1 0.364373 * 2  8 
3 8 4 0.116672 * 3  6  5  2  8 
4 8 3 0.227428 * 4   1  11   8 
5 8 2 0.311024 * 5  2  8 
6 8 3 0.175184 * 6  5  2  8 
7 8 4 0.390967 * 7   4   1  11   8 
9 8 5 0.019158 * 9  3  6  5  2  8 
9 8 5 0.019158 * 9   7   4   1  11   8 
10 8 5 0.153539 * 10   3   6   5   2   8 
11 8 1 0.445773 * 11   8 
1 9 3 0.005476 * 1  4  7  9 
2 9 4 0.033662 * 2  5  6  3  9 
3 9 1 0.089391 * 3  9 
4 9 2 0.006232 * 4  7  9 
5 9 3 0.019419 * 5  6  3  9 
6 9 2 0.010070 * 6  3  9 
7 9 1 0.017035 * 7  9 
8 9 5 0.008722 * 8  2  5  6  3  9 
8 9 5 0.008722 * 8  11   1   4   7   9 
10 9 1 0.021912 * 10   9 
11 9 4 0.016217 * 11   1   4   7   9 
1 10 4 0.026763 * 1   4   6   3  10 
1 10 4 0.026763 * 1   4   7   9  10 
1 10 4 0.042861 * 1   5   6   3  10 
2 10 4 0.275649 * 2   5   6   3  10 
3 10 1 0.026800 * 3  10 
4 10 3 0.008943 * 4   6   3  10 
4 10 3 0.008943 * 4   7   9  10 
5 10 3 0.046396 * 5   6   3  10 
6 10 2 0.021851 * 6   3  10 
7 10 2 0.134722 * 7   9  10 
8 10 5 0.088545 * 8   2   5   6   3  10 
9 10 1 0.029116 * 9  10 
11 10 5 0.015507 * 11   1   4   6   3  10 
11 10 5 0.015507 * 11   1   4   7   9  10 
11 10 5 0.016370 * 11   1   5   6   3  10 
1 11 1 0.477883 * 1  11 
2 11 2 0.446549 * 2   8  11 
3 11 4 0.122026 * 3   6   4   1  11 
3 11 4 0.122026 * 3   6   5   1  11 
4 11 2 0.071644 * 4   1  11 
5 11 2 0.274405 * 5   1  11 
6 11 3 0.043992 * 6   4   1  11 
6 11 3 0.043992 * 6   5   1  11 
7 11 3 0.361355 * 7   4   1  11 
8 11 1 1.022245 * 8  11 
9 11 4 0.018991 * 9   7   4   1  11 
10 11 5 0.063486 * 10   3   6   4   1  11 
10 11 5 0.063486 * 10   3   6   5   1  11 
10 11 5 0.063486 * 10   9   7   4   1  11 
