2  5  1 
0.104715
3  6  4  1 
0.013131
3  6  5  1 
0.013131
4  1 
0.065699
5  1 
0.207511
6  4  1 
0.018367
6  5  1 
0.018367
7  4  1 
0.096998
8  11   1 
0.102715
9  7  4  1 
0.023475
10   3   6   4   1 
0.017850
10   3   6   5   1 
0.017850
10   9   7   4   1 
0.017850
11   1 
0.360021
1  5  2 
0.117776
3  6  5  2 
0.088214
4  1  5  2 
0.020044
4  6  5  2 
0.020044
5  2 
0.189732
6  5  2 
0.064370
7  4  1  5  2 
0.057017
7  4  6  5  2 
0.057017
8  2 
0.069547
9  3  6  5  2 
0.014206
10   3   6   5   2 
0.032185
11   8   2 
0.088623
1  4  6  3 
0.013846
1  5  6  3 
0.013846
2  5  6  3 
0.182421
4  6  3 
0.039607
5  6  3 
0.040196
6  3 
0.079150
7  9  3 
0.128227
8  2  5  6  3 
0.055754
9  3 
0.066867
10   3 
0.076200
11   1   4   6   3 
0.041077
11   1   5   6   3 
0.041077
1  4 
0.026162
2  5  1  4 
0.061797
2  5  6  4 
0.061797
3  6  4 
0.019860
5  1  4 
0.031583
5  6  4 
0.031583
6  4 
0.025704
7  4 
0.347160
8  11   1   4 
0.022954
9  7  4 
0.014125
10   3   6   4 
0.014709
10   9   7   4 
0.014709
11   1   4 
0.048061
1  5 
0.144685
2  5 
0.500324
3  6  5 
0.058357
4  1  5 
0.022255
4  6  5 
0.022255
6  5 
0.082494
7  4  1  5 
0.063699
7  4  6  5 
0.063699
8  2  5 
0.196849
9  3  6  5 
0.041137
10   3   6   5 
0.082754
11   1   5 
0.246696
1  4  6 
0.034880
1  5  6 
0.034880
2  5  6 
0.224470
3  6 
0.077662
4  6 
0.023082
5  6 
0.071946
7  4  6 
0.062380
8  2  5  6 
0.037684
9  3  6 
0.010293
10   3   6 
0.021734
11   1   4   6 
0.034461
11   1   5   6 
0.034461
1  4  7 
0.070208
2  5  1  4  7 
0.311224
2  5  6  4  7 
0.311224
3  9  7 
0.097816
4  7 
0.066148
5  1  4  7 
0.126843
5  6  4  7 
0.126843
6  4  7 
0.067218
8  11   1   4   7 
0.285405
9  7 
0.013511
10   9   7 
0.184046
11   1   4   7 
0.339115
1  11   8 
0.197814
2  8 
0.359338
3  6  5  2  8 
0.104141
4   1  11   8 
0.210443
5  2  8 
0.359634
6  5  2  8 
0.162056
7   4   1  11   8 
0.437801
9  3  6  5  2  8 
0.021384
9   7   4   1  11   8 
0.021384
10   3   6   5   2   8 
0.123320
11   8 
0.397156
1  4  7  9 
0.005613
2  5  6  3  9 
0.036009
3  9 
0.042339
4  7  9 
0.009448
5  6  3  9 
0.075928
6  3  9 
0.006319
7  9 
0.009582
8  2  5  6  3  9 
0.012841
8  11   1   4   7   9 
0.012841
10   9 
0.022291
11   1   4   7   9 
0.015020
1   4   6   3  10 
0.023490
1   4   7   9  10 
0.023490
1   5   6   3  10 
0.036709
2   5   6   3  10 
0.220552
3  10 
0.032617
4   6   3  10 
0.008971
4   7   9  10 
0.008971
5   6   3  10 
0.049908
6   3  10 
0.025503
7   9  10 
0.133845
8   2   5   6   3  10 
0.084185
9  10 
0.036448
11   1   4   6   3  10 
0.014438
11   1   4   7   9  10 
0.014438
11   1   5   6   3  10 
0.015677
1  11 
0.448000
2   8  11 
0.410062
3   6   4   1  11 
0.099640
3   6   5   1  11 
0.099640
4   1  11 
0.071072
5   1  11 
0.303383
6   4   1  11 
0.065228
6   5   1  11 
0.065228
7   4   1  11 
0.435905
8  11 
0.891101
9   7   4   1  11 
0.025706
10   3   6   4   1  11 
0.063979
10   3   6   5   1  11 
0.063979
10   9   7   4   1  11 
0.063979
