2  5  1  0 
0.069545
2   8  11   1 
0.008046
3  6  4  1 
0.009975
3  6  5  1 
0.008867
4  1 
0.020157
5  1 
0.084099
6  4  1 
0.008305
6  5  1 
0.007383
7  4  1 
0.098680
8  11   1 
0.074461
9  3  6  4  1 
0.003008
9  3  6  5  1 
0.003008
9  7  4  1  0 
0.003629
10   3   6   4   1   0 
0.015046
10   3   6   5   1   0 
0.015046
10   9   3   6   4   1 
0.008819
10   9   3   6   5   1 
0.008819
10   9   7   4   1   0 
0.010640
11   1 
0.492841
1  5  2  0 
0.030758
1  11   8   2 
0.030758
3  6  5  2 
0.076454
4  1  5  2  0 
0.012915
4   1  11   8   2 
0.012915
4  6  5  2  0 
0.005045
5  2 
0.108972
6  5  2 
0.040213
7  4  1  5  2  0 
0.036788
7   4   1  11   8   2 
0.036788
7  4  6  5  2  0 
0.014372
7  9  3  6  5  2 
0.006750
8  2 
0.037700
9  3  6  5  2 
0.017028
10   3   6   5   2   0 
0.037110
10   9   3   6   5   2 
0.016284
11   8   2 
0.054386
1  4  6  3  0 
0.008003
1  4  7  9  3 
0.005268
1  5  6  3  0 
0.014743
2  5  6  3 
0.224925
4  6  3  0 
0.016569
4  7  9  3 
0.010735
5  6  3 
0.031735
6  3 
0.059412
7  9  3 
0.020389
8  2  5  6  3  0  0 
0.024016
8  11   1   4   6   3   0 
0.013954
8  11   1   4   7   9   3 
0.013954
8  11   1   5   6   3   0 
0.013954
9  3 
0.046360
10   9   3 
0.035864
10   3   0 
0.081734
11   1   4   6   3   0 
0.017959
11   1   4   7   9   3 
0.011821
11   1   5   6   3   0 
0.033084
1  4 
0.036790
2  5  1  4  0 
0.047182
2  5  6  4  0 
0.109129
2   8  11   1   4 
0.004588
3  6  4  0 
0.007480
3  9  7  4 
0.001299
5  1  4 
0.008908
5  6  4 
0.020603
6  4 
0.058905
7  4 
0.102986
8  11   1   4 
0.039109
9  7  4 
0.003531
10   3   6   4   0 
0.018621
10   3   9   7   4 
0.003921
10   9   7   4   0 
0.015865
11   1   4 
0.023297
1  5 
0.065548
2  5 
0.660603
3  6  5 
0.055413
4  1  5 
0.022162
4  6  5 
0.015011
6  5 
0.062773
7  4  1  5  0 
0.061623
7  4  6  5  0 
0.041738
7  9  3  6  5 
0.019573
8  2  5  0 
0.088183
8  11   1   5 
0.033209
9  3  6  5 
0.027897
10   3   6   5   0 
0.031580
10   9   3   6   5 
0.013857
11   1   5 
0.167327
1  4  6 
0.008022
1  5  6 
0.024353
2  5  6 
0.219342
3  6 
0.019530
4  6 
0.030876
5  6 
0.074249
7  4  6  0 
0.018558
7  9  3  6 
0.012023
8  2  5  6  0 
0.029086
8  11   1   4   6 
0.014562
8  11   1   5   6 
0.014562
9  3  6 
0.008916
10   3   6   0 
0.018572
10   9   3   6 
0.008149
11   1   4   6 
0.013829
11   1   5   6 
0.038448
1  4  7 
0.052711
2  5  1  4  7  0 
0.193267
2  5  6  3  9  7 
0.082364
2  5  6  4  7  0 
0.474288
2   8  11   1   4   7 
0.018336
3  9  7 
0.065372
4  7 
0.034144
5  1  4  7  0 
0.042150
5  6  3  9  7 
0.017963
5  6  4  7  0 
0.103439
6  3  9  7 
0.005995
6  4  7  0 
0.034520
8  11   1   4   7 
0.308958
9  7 
0.034370
10   3   9   7 
0.020860
10   9   7   0 
0.120120
11   1   4   7 
0.263191
1  5  2  8 
0.036825
1  11   8   0 
0.134838
2  8 
0.377020
3  6  5  2  8 
0.091761
4  1  5  2  8 
0.034908
4   1  11   8   0 
0.127364
4  6  5  2  8 
0.018505
5  2  8 
0.232491
6  5  2  8 
0.103607
7  4  1  5  2  8 
0.081849
7   4   1  11   8   0 
0.254715
7  4  6  5  2  8 
0.043390
9  3  6  5  2  8  0 
0.001117
9  7  4  1  5  2  8 
0.013586
9   7   4   1  11   8   0 
0.013586
9  7  4  6  5  2  8 
0.008279
10   3   6   5   2   8   0   0 
0.008318
10   9   3   6   5   2   8   0 
0.004735
10   9   7   4   1   5   2   8 
0.048056
10   9   7   4   1  11   8   0 
0.048056
10   9   7   4   6   5   2   8 
0.035105
11   8 
0.301247
1  4  6  3  9 
0.000219
1  4  7  9  0 
0.001858
2  5  1  4  6  3  9 
0.004104
2  5  1  4  7  9  0 
0.028355
2  5  6  3  9  0  0 
0.010190
3  9 
0.020794
4  6  3  9 
0.000484
4  7  9  0 
0.004119
5  1  4  6  3  9 
0.001036
5  1  4  7  9  0 
0.007158
5  6  3  9  0  0 
0.002572
6  3  9 
0.003460
7  9 
0.031843
8  2  5  1  4  6  3  9 
0.002464
8  2  5  1  4  7  9  0 
0.002926
8  2  5  6  3  9  0  0 
0.002926
8  11   1   4   6   3   9   0 
0.000912
8  11   1   4   7   9   0   0 
0.000912
10   3   9 
0.002252
10   9   0 
0.012969
11   1   4   6   3   9 
0.003036
11   1   4   7   9   0 
0.004757
1   4   6   3   9  10 
0.009820
1   4   6   3  10   0 
0.009820
1   4   7   9  10   0 
0.012353
1   5   6   3   9  10 
0.026390
1   5   6   3  10   0 
0.026390
2   5   6   3   9  10 
0.070310
2   5   6   3  10   0 
0.329952
3   9  10 
0.003905
3  10   0 
0.022486
4   6   3   9  10 
0.002810
4   6   3  10   0 
0.002810
4   7   9  10   0 
0.003535
5   6   3   9  10 
0.004564
5   6   3  10   0 
0.026281
6   3   9  10 
0.002550
6   3  10   0 
0.014685
7   9  10 
0.144302
8   2   5   6   3   9  10   0 
0.021308
8   2   5   6   3  10   0   0 
0.021308
8  11   1   4   6   3   9  10 
0.011580
8  11   1   4   6   3  10   0 
0.011580
8  11   1   4   7   9  10   0 
0.013993
8  11   1   5   6   3   9  10 
0.013993
8  11   1   5   6   3  10   0 
0.013993
9  10 
0.010242
11   1   4   6   3   9  10 
0.004872
11   1   4   6   3  10   0 
0.004872
11   1   4   7   9  10   0 
0.006129
11   1   5   6   3   9  10 
0.011149
11   1   5   6   3  10   0 
0.011149
1  11 
0.542712
2   8  11 
0.304925
3   6   4   1  11   0 
0.086813
3   6   5   1  11   0 
0.086101
3   6   5   2   8  11 
0.022573
4   1  11 
0.125477
5   1  11   0 
0.269006
5   2   8  11 
0.031123
6   4   1  11   0 
0.022180
6   5   1  11   0 
0.021998
6   5   2   8  11 
0.005767
7   4   1  11 
0.328893
8  11 
0.662890
9   3   6   4   1  11   0 
0.007577
9   3   6   5   1  11   0 
0.007577
9   3   6   5   2   8  11 
0.007037
9   7   4   1  11   0   0 
0.008670
10   3   6   4   1  11   0   0 
0.036574
10   3   6   5   1  11   0   0 
0.036574
10   3   6   5   2   8  11   0 
0.020131
10   9   3   6   4   1  11   0 
0.021675
10   9   3   6   5   1  11   0 
0.021675
10   9   3   6   5   2   8  11 
0.020131
10   9   7   4   1  11   0   0 
0.024801
