2  5  1 
0.073870
3  6  4  1 
0.010225
3  6  5  1 
0.010225
4  1 
0.049644
5  1 
0.093586
6  4  1 
0.008582
6  5  1 
0.008582
7  4  1 
0.096700
8  11   1 
0.065066
9  7  4  1 
0.018594
10   3   6   4   1 
0.019527
10   3   6   5   1 
0.019527
10   9   7   4   1 
0.019527
11   1 
0.413457
1  5  2 
0.089506
3  6  5  2 
0.095849
4  1  5  2 
0.011881
4  6  5  2 
0.011881
5  2 
0.188523
6  5  2 
0.054141
7  4  1  5  2 
0.050305
7  4  6  5  2 
0.050305
8  2 
0.024525
9  3  6  5  2 
0.014337
10   3   6   5   2 
0.046500
11   8   2 
0.090178
1  4  6  3 
0.019030
1  5  6  3 
0.019030
2  5  6  3 
0.248119
4  6  3 
0.030860
5  6  3 
0.039807
6  3 
0.107656
7  9  3 
0.040162
8  2  5  6  3 
0.068030
9  3 
0.099658
10   3 
0.075495
11   1   4   6   3 
0.038746
11   1   5   6   3 
0.038746
1  4 
0.028670
2  5  1  4 
0.066964
2  5  6  4 
0.066964
3  6  4 
0.019803
5  1  4 
0.020880
5  6  4 
0.020880
6  4 
0.008957
7  4 
0.038474
8  11   1   4 
0.050384
9  7  4 
0.009881
10   3   6   4 
0.010446
10   9   7   4 
0.010446
11   1   4 
0.026229
1  5 
0.079869
2  5 
0.570918
3  6  5 
0.074397
4  1  5 
0.021845
4  6  5 
0.021845
6  5 
0.048197
7  4  1  5 
0.047036
7  4  6  5 
0.047036
8  2  5 
0.119282
9  3  6  5 
0.043946
10   3   6   5 
0.084135
11   1   5 
0.227769
1  4  6 
0.014590
1  5  6 
0.014590
2  5  6 
0.191490
3  6 
0.032969
4  6 
0.021518
5  6 
0.077091
7  4  6 
0.035511
8  2  5  6 
0.059401
9  3  6 
0.004862
10   3   6 
0.028174
11   1   4   6 
0.026466
11   1   5   6 
0.026466
1  4  7 
0.163207
2  5  1  4  7 
0.434956
2  5  6  4  7 
0.434956
3  9  7 
0.054922
4  7 
0.046718
5  1  4  7 
0.118509
5  6  4  7 
0.118509
6  4  7 
0.067753
8  11   1   4   7 
0.305108
9  7 
0.056827
10   9   7 
0.172989
11   1   4   7 
0.308507
1  11   8 
0.164472
2  8 
0.394053
3  6  5  2  8 
0.106499
4   1  11   8 
0.169097
5  2  8 
0.279350
6  5  2  8 
0.103261
7   4   1  11   8 
0.392735
9  3  6  5  2  8 
0.020718
9   7   4   1  11   8 
0.020718
10   3   6   5   2   8 
0.127652
11   8 
0.331765
1  4  7  9 
0.003777
2  5  6  3  9 
0.034359
3  9 
0.053201
4  7  9 
0.005848
5  6  3  9 
0.013607
6  3  9 
0.004149
7  9 
0.039374
8  2  5  6  3  9 
0.005729
8  11   1   4   7   9 
0.005729
10   9 
0.013456
11   1   4   7   9 
0.012961
1   4   6   3  10 
0.013979
1   4   7   9  10 
0.013979
1   5   6   3  10 
0.024327
2   5   6   3  10 
0.415258
3  10 
0.031005
4   6   3  10 
0.004083
4   7   9  10 
0.004083
5   6   3  10 
0.032445
6   3  10 
0.020676
7   9  10 
0.122701
8   2   5   6   3  10 
0.121740
9  10 
0.017688
11   1   4   6   3  10 
0.015280
11   1   4   7   9  10 
0.015280
11   1   5   6   3  10 
0.026592
1  11 
0.602150
2   8  11 
0.401100
3   6   4   1  11 
0.108297
3   6   5   1  11 
0.108297
4   1  11 
0.080264
5   1  11 
0.224257
6   4   1  11 
0.034852
6   5   1  11 
0.034852
7   4   1  11 
0.423650
8  11 
0.791439
9   7   4   1  11 
0.018722
10   3   6   4   1  11 
0.061437
10   3   6   5   1  11 
0.061437
10   9   7   4   1  11 
0.061437
