2 1 2 0.074169 * 2  5  1 
3 1 3 0.008251 * 3  6  4  1 
3 1 3 0.008251 * 3  6  5  1 
4 1 1 0.015870 * 4  1 
5 1 1 0.106023 * 5  1 
6 1 2 0.015752 * 6  4  1 
6 1 2 0.015752 * 6  5  1 
7 1 2 0.086868 * 7  4  1 
8 1 2 0.070674 * 8  11   1 
9 1 3 0.043260 * 9  7  4  1 
10 1 4 0.015290 * 10   3   6   4   1 
10 1 4 0.015290 * 10   3   6   5   1 
10 1 4 0.015290 * 10   9   7   4   1 
11 1 1 0.497256 * 11   1 
1 2 2 0.065940 * 1  5  2 
3 2 3 0.040158 * 3  6  5  2 
4 2 3 0.015463 * 4  1  5  2 
4 2 3 0.015463 * 4  6  5  2 
5 2 1 0.136875 * 5  2 
6 2 2 0.043824 * 6  5  2 
7 2 4 0.627656 * 7  4  1  5  2 
7 2 4 0.627656 * 7  4  6  5  2 
8 2 1 0.032416 * 8  2 
9 2 4 0.004718 * 9  3  6  5  2 
10 2 4 0.035735 * 10   3   6   5   2 
11 2 2 0.048684 * 11   8   2 
1 3 3 0.018282 * 1  4  6  3 
1 3 3 0.018282 * 1  5  6  3 
2 3 3 0.274883 * 2  5  6  3 
4 3 2 0.033514 * 4  6  3 
5 3 2 0.024826 * 5  6  3 
6 3 1 0.051894 * 6  3 
7 3 2 0.025449 * 7  9  3 
8 3 4 0.059503 * 8  2  5  6  3 
9 3 1 0.050255 * 9  3 
10 3 1 0.080208 * 10   3 
11 3 4 0.028205 * 11   1   4   6   3 
11 3 4 0.028205 * 11   1   5   6   3 
1 4 1 0.040699 * 1  4 
2 4 3 0.075520 * 2  5  1  4 
2 4 3 0.075520 * 2  5  6  4 
3 4 2 0.008830 * 3  6  4 
5 4 2 0.021518 * 5  1  4 
5 4 2 0.021518 * 5  6  4 
6 4 1 0.023271 * 6  4 
7 4 1 0.105612 * 7  4 
8 4 3 0.025193 * 8  11   1   4 
9 4 2 0.010100 * 9  7  4 
10 4 3 0.004942 * 10   3   6   4 
10 4 3 0.004942 * 10   9   7   4 
11 4 2 0.029196 * 11   1   4 
1 5 1 0.062066 * 1  5 
2 5 1 0.670154 * 2  5 
3 5 2 0.036905 * 3  6  5 
4 5 2 0.018957 * 4  1  5 
4 5 2 0.018957 * 4  6  5 
6 5 1 0.050210 * 6  5 
7 5 3 0.040661 * 7  4  1  5 
7 5 3 0.040661 * 7  4  6  5 
8 5 2 0.199170 * 8  2  5 
9 5 3 0.042147 * 9  3  6  5 
10 5 3 0.042579 * 10   3   6   5 
11 5 2 0.100370 * 11   1   5 
1 6 2 0.014990 * 1  4  6 
1 6 2 0.014990 * 1  5  6 
2 6 2 0.224210 * 2  5  6 
3 6 1 0.016213 * 3  6 
4 6 1 0.015365 * 4  6 
5 6 1 0.053588 * 5  6 
7 6 2 0.018639 * 7  4  6 
8 6 3 0.037044 * 8  2  5  6 
9 6 2 0.003498 * 9  3  6 
10 6 2 0.024858 * 10   3   6 
11 6 3 0.042421 * 11   1   4   6 
11 6 3 0.042421 * 11   1   5   6 
1 7 2 0.064514 * 1  4  7 
2 7 4 0.363297 * 2  5  1  4  7 
2 7 4 0.363297 * 2  5  6  4  7 
3 7 2 0.016901 * 3  9  7 
4 7 1 0.071449 * 4  7 
5 7 3 0.086163 * 5  1  4  7 
5 7 3 0.086163 * 5  6  4  7 
6 7 2 0.029550 * 6  4  7 
8 7 4 0.258015 * 8  11   1   4   7 
9 7 1 0.020873 * 9  7 
10 7 2 0.124723 * 10   9   7 
11 7 3 0.267303 * 11   1   4   7 
1 8 2 0.216864 * 1  11   8 
2 8 1 0.325694 * 2  8 
3 8 4 0.085487 * 3  6  5  2  8 
4 8 3 0.189334 * 4   1  11   8 
5 8 2 0.321941 * 5  2  8 
6 8 3 0.105667 * 6  5  2  8 
7 8 4 0.249278 * 7   4   1  11   8 
9 8 5 0.009186 * 9  3  6  5  2  8 
9 8 5 0.009186 * 9   7   4   1  11   8 
10 8 5 0.121187 * 10   3   6   5   2   8 
11 8 1 0.338643 * 11   8 
1 9 3 0.004092 * 1  4  7  9 
2 9 4 0.043479 * 2  5  6  3  9 
3 9 1 0.069052 * 3  9 
4 9 2 0.002895 * 4  7  9 
5 9 3 0.014453 * 5  6  3  9 
6 9 2 0.002552 * 6  3  9 
7 9 1 0.037293 * 7  9 
8 9 5 0.010204 * 8  2  5  6  3  9 
8 9 5 0.010204 * 8  11   1   4   7   9 
10 9 1 0.011801 * 10   9 
11 9 4 0.008360 * 11   1   4   7   9 
1 10 4 0.023915 * 1   4   6   3  10 
1 10 4 0.023915 * 1   4   7   9  10 
1 10 4 0.043524 * 1   5   6   3  10 
2 10 4 0.491282 * 2   5   6   3  10 
3 10 1 0.018193 * 3  10 
4 10 3 0.004413 * 4   6   3  10 
4 10 3 0.004413 * 4   7   9  10 
5 10 3 0.049047 * 5   6   3  10 
6 10 2 0.017907 * 6   3  10 
7 10 2 0.099544 * 7   9  10 
8 10 5 0.113344 * 8   2   5   6   3  10 
9 10 1 0.014466 * 9  10 
11 10 5 0.023055 * 11   1   4   6   3  10 
11 10 5 0.023055 * 11   1   4   7   9  10 
11 10 5 0.040947 * 11   1   5   6   3  10 
1 11 1 0.544712 * 1  11 
2 11 2 0.313345 * 2   8  11 
3 11 4 0.061433 * 3   6   4   1  11 
3 11 4 0.061433 * 3   6   5   1  11 
4 11 2 0.077082 * 4   1  11 
5 11 2 0.241808 * 5   1  11 
6 11 3 0.035539 * 6   4   1  11 
6 11 3 0.035539 * 6   5   1  11 
7 11 3 0.318207 * 7   4   1  11 
8 11 1 0.618534 * 8  11 
9 11 4 0.009583 * 9   7   4   1  11 
10 11 5 0.047477 * 10   3   6   4   1  11 
10 11 5 0.047477 * 10   3   6   5   1  11 
10 11 5 0.047477 * 10   9   7   4   1  11 
