2 1 0.252018 0.071968 * 2  5  1  0 
2 1 0.355444 0.007678 * 2   8  11   1 
3 1 0.345618 0.004931 * 3  6  4  1 
3 1 0.326778 0.004675 * 3  6  5  1 
4 1 0.118798 0.010442 * 4  1 
5 1 0.108795 0.127304 * 5  1 
6 1 0.236036 0.029324 * 6  4  1 
6 1 0.217196 0.023886 * 6  5  1 
7 1 0.235023 0.076461 * 7  4  1 
8 1 0.239631 0.078698 * 8  11   1 
9 1 0.447279 0.002256 * 9  3  6  4  1 
9 1 0.428439 0.002256 * 9  3  6  5  1 
9 1 0.337006 0.001417 * 9  7  4  1  0 
10 1 0.450447 0.011007 * 10   3   6   4   1   0 
10 1 0.431607 0.011007 * 10   3   6   5   1   0 
10 1 0.548677 0.007670 * 10   9   3   6   4   1 
10 1 0.529837 0.007670 * 10   9   3   6   5   1 
10 1 0.438404 0.004819 * 10   9   7   4   1   0 
11 1 0.122140 0.519168 * 11   1 
1 2 0.224801 0.034593 * 1  5  2  0 
1 2 0.351349 0.034593 * 1  11   8   2 
3 2 0.331162 0.045666 * 3  6  5  2 
4 2 0.343599 0.014972 * 4  1  5  2  0 
4 2 0.470148 0.014972 * 4   1  11   8   2 
4 2 0.322590 0.005225 * 4  6  5  2  0 
5 2 0.113179 0.103209 * 5  2 
6 2 0.221580 0.075234 * 6  5  2 
7 2 0.459824 0.037236 * 7  4  1  5  2  0 
7 2 0.586372 0.037236 * 7   4   1  11   8   2 
7 2 0.438815 0.012994 * 7  4  6  5  2  0 
7 2 0.534899 0.008787 * 7  9  3  6  5  2 
8 2 0.105474 0.027455 * 8  2 
9 2 0.432823 0.006727 * 9  3  6  5  2 
10 2 0.435991 0.022700 * 10   3   6   5   2   0 
10 2 0.534221 0.012148 * 10   9   3   6   5   2 
11 2 0.218824 0.084454 * 11   8   2 
1 3 0.332328 0.008933 * 1  4  6  3  0 
1 3 0.439837 0.008767 * 1  4  7  9  3 
1 3 0.363149 0.019036 * 1  5  6  3  0 
2 3 0.394751 0.263416 * 2  5  6  3 
4 3 0.218683 0.013091 * 4  6  3  0 
4 3 0.326192 0.012848 * 4  7  9  3 
5 3 0.251528 0.036537 * 5  6  3 
6 3 0.117673 0.095934 * 6  3 
7 3 0.203737 0.049297 * 7  9  3 
8 3 0.500225 0.029548 * 8  2  5  6  3  0  0 
8 3 0.571959 0.015395 * 8  11   1   4   6   3   0 
8 3 0.679468 0.015395 * 8  11   1   4   7   9   3 
8 3 0.602780 0.015395 * 8  11   1   5   6   3   0 
9 3 0.101661 0.058284 * 9  3 
10 3 0.203059 0.024492 * 10   9   3 
10 3 0.104829 0.045763 * 10   3   0 
11 3 0.454468 0.022604 * 11   1   4   6   3   0 
11 3 0.561977 0.022184 * 11   1   4   7   9   3 
11 3 0.485289 0.048170 * 11   1   5   6   3   0 
1 4 0.113645 0.040383 * 1  4 
2 4 0.365663 0.036162 * 2  5  1  4  0 
2 4 0.394316 0.084671 * 2  5  6  4  0 
2 4 0.469089 0.002816 * 2   8  11   1   4 
3 4 0.226820 0.005631 * 3  6  4  0 
3 4 0.319369 0.000728 * 3  9  7  4 
5 4 0.222440 0.013271 * 5  1  4 
5 4 0.251092 0.031072 * 5  6  4 
6 4 0.117238 0.018743 * 6  4 
7 4 0.116225 0.485656 * 7  4 
8 4 0.353276 0.037831 * 8  11   1   4 
9 4 0.218208 0.007962 * 9  7  4 
10 4 0.331649 0.007115 * 10   3   6   4   0 
10 4 0.424198 0.001458 * 10   3   9   7   4 
10 4 0.319606 0.003844 * 10   9   7   4   0 
11 4 0.235785 0.068676 * 11   1   4 
1 5 0.111622 0.085118 * 1  5 
2 5 0.143223 0.664378 * 2  5 
3 5 0.217983 0.044780 * 3  6  5 
4 5 0.230420 0.044001 * 4  1  5 
4 5 0.209411 0.027703 * 4  6  5 
6 5 0.108401 0.047051 * 6  5 
7 5 0.346645 0.041180 * 7  4  1  5  0 
7 5 0.325636 0.033362 * 7  4  6  5  0 
7 5 0.421720 0.015615 * 7  9  3  6  5 
8 5 0.248697 0.106768 * 8  2  5  0 
8 5 0.351253 0.033631 * 8  11   1   5 
9 5 0.319644 0.010625 * 9  3  6  5 
10 5 0.322812 0.023168 * 10   3   6   5   0 
10 5 0.421042 0.012399 * 10   9   3   6   5 
11 5 0.233762 0.266532 * 11   1   5 
1 6 0.214655 0.008430 * 1  4  6 
1 6 0.245476 0.025536 * 1  5  6 
2 6 0.277077 0.214110 * 2  5  6 
3 6 0.109582 0.019471 * 3  6 
4 6 0.101010 0.015612 * 4  6 
5 6 0.133854 0.059418 * 5  6 
7 6 0.217234 0.009056 * 7  4  6  0 
7 6 0.313319 0.008888 * 7  9  3  6 
8 6 0.382551 0.021490 * 8  2  5  6  0 
8 6 0.454285 0.009004 * 8  11   1   4   6 
8 6 0.485107 0.009004 * 8  11   1   5   6 
9 6 0.211243 0.003135 * 9  3  6 
10 6 0.214411 0.015321 * 10   3   6   0 
10 6 0.312641 0.008200 * 10   9   3   6 
11 6 0.336795 0.023337 * 11   1   4   6 
11 6 0.367616 0.070692 * 11   1   5   6 
1 7 0.236100 0.090649 * 1  4  7 
2 7 0.488119 0.199951 * 2  5  1  4  7  0 
2 7 0.597896 0.062772 * 2  5  6  3  9  7 
2 7 0.516771 0.485281 * 2  5  6  4  7  0 
2 7 0.591544 0.016615 * 2   8  11   1   4   7 
3 7 0.203145 0.016546 * 3  9  7 
4 7 0.122455 0.094481 * 4  7 
5 7 0.344895 0.056392 * 5  1  4  7  0 
5 7 0.454672 0.017704 * 5  6  3  9  7 
5 7 0.373548 0.136862 * 5  6  4  7  0 
6 7 0.320818 0.002896 * 6  3  9  7 
6 7 0.239694 0.022392 * 6  4  7  0 
8 7 0.475731 0.300061 * 8  11   1   4   7 
9 7 0.101983 0.025873 * 9  7 
10 7 0.307974 0.018716 * 10   3   9   7 
10 7 0.203381 0.088284 * 10   9   7   0 
11 7 0.358240 0.281376 * 11   1   4   7 
1 8 0.340614 0.056269 * 1  5  2  8 
1 8 0.245876 0.203956 * 1  11   8   0 
2 8 0.115813 0.332614 * 2  8 
3 8 0.446976 0.091991 * 3  6  5  2  8 
4 8 0.459412 0.041098 * 4  1  5  2  8 
4 8 0.364674 0.124905 * 4   1  11   8   0 
4 8 0.438403 0.017005 * 4  6  5  2  8 
5 8 0.228992 0.360254 * 5  2  8 
6 8 0.337394 0.092928 * 6  5  2  8 
7 8 0.575637 0.073006 * 7  4  1  5  2  8 
7 8 0.480899 0.170687 * 7   4   1  11   8   0 
7 8 0.554628 0.030207 * 7  4  6  5  2  8 
9 8 0.548637 0.002116 * 9  3  6  5  2  8  0 
9 8 0.677620 0.012678 * 9  7  4  1  5  2  8 
9 8 0.582882 0.012678 * 9   7   4   1  11   8   0 
9 8 0.656611 0.007839 * 9  7  4  6  5  2  8 
10 8 0.551805 0.009843 * 10   3   6   5   2   8   0   0 
10 8 0.650035 0.007271 * 10   9   3   6   5   2   8   0 
10 8 0.779019 0.036823 * 10   9   7   4   1   5   2   8 
10 8 0.684280 0.036823 * 10   9   7   4   1  11   8   0 
10 8 0.758009 0.026929 * 10   9   7   4   6   5   2   8 
11 8 0.113351 0.376188 * 11   8 
1 9 0.433489 0.000834 * 1  4  6  3  9 
1 9 0.338176 0.007212 * 1  4  7  9  0 
2 9 0.685508 0.003230 * 2  5  1  4  6  3  9 
2 9 0.590195 0.018956 * 2  5  1  4  7  9  0 
2 9 0.495912 0.007305 * 2  5  6  3  9  0  0 
3 9 0.101161 0.044562 * 3  9 
4 9 0.319844 0.000267 * 4  6  3  9 
4 9 0.224531 0.002309 * 4  7  9  0 
5 9 0.542284 0.001306 * 5  1  4  6  3  9 
5 9 0.446971 0.007667 * 5  1  4  7  9  0 
5 9 0.352689 0.002955 * 5  6  3  9  0  0 
6 9 0.218835 0.002387 * 6  3  9 
7 9 0.102076 0.030926 * 7  9 
8 9 0.790981 0.002329 * 8  2  5  1  4  6  3  9 
8 9 0.695668 0.003021 * 8  2  5  1  4  7  9  0 
8 9 0.601386 0.003021 * 8  2  5  6  3  9  0  0 
8 9 0.673120 0.000843 * 8  11   1   4   6   3   9   0 
8 9 0.577807 0.000843 * 8  11   1   4   7   9   0   0 
10 9 0.205990 0.002022 * 10   3   9 
10 9 0.101398 0.009536 * 10   9   0 
11 9 0.555629 0.003334 * 11   1   4   6   3   9 
11 9 0.460316 0.006762 * 11   1   4   7   9   0 
1 10 0.534738 0.011303 * 1   4   6   3   9  10 
1 10 0.441654 0.011303 * 1   4   6   3  10   0 
1 10 0.439425 0.015167 * 1   4   7   9  10   0 
1 10 0.565559 0.032072 * 1   5   6   3   9  10 
1 10 0.472476 0.032072 * 1   5   6   3  10   0 
2 10 0.597161 0.086947 * 2   5   6   3   9  10 
2 10 0.504077 0.387081 * 2   5   6   3  10   0 
3 10 0.202410 0.002578 * 3   9  10 
3 10 0.109326 0.014040 * 3  10   0 
4 10 0.421093 0.001883 * 4   6   3   9  10 
4 10 0.328009 0.001883 * 4   6   3  10   0 
4 10 0.325780 0.002527 * 4   7   9  10   0 
5 10 0.453937 0.007870 * 5   6   3   9  10 
5 10 0.360854 0.042862 * 5   6   3  10   0 
6 10 0.320083 0.003556 * 6   3   9  10 
6 10 0.227000 0.019368 * 6   3  10   0 
7 10 0.203325 0.092748 * 7   9  10 
8 10 0.702634 0.030889 * 8   2   5   6   3   9  10   0 
8 10 0.609551 0.030889 * 8   2   5   6   3  10   0   0 
8 10 0.774369 0.014368 * 8  11   1   4   6   3   9  10 
8 10 0.681285 0.014368 * 8  11   1   4   6   3  10   0 
8 10 0.679056 0.017252 * 8  11   1   4   7   9  10   0 
8 10 0.805190 0.017252 * 8  11   1   5   6   3   9  10 
8 10 0.712106 0.017252 * 8  11   1   5   6   3  10   0 
9 10 0.101249 0.023871 * 9  10 
11 10 0.656878 0.007059 * 11   1   4   6   3   9  10 
11 10 0.563794 0.007059 * 11   1   4   6   3  10   0 
11 10 0.561565 0.009472 * 11   1   4   7   9  10   0 
11 10 0.687699 0.018571 * 11   1   5   6   3   9  10 
11 10 0.594615 0.018571 * 11   1   5   6   3  10   0 
1 11 0.132525 0.669000 * 1  11 
2 11 0.233304 0.334643 * 2   8  11 
3 11 0.478143 0.099505 * 3   6   4   1  11   0 
3 11 0.459303 0.089699 * 3   6   5   1  11   0 
3 11 0.564467 0.020764 * 3   6   5   2   8  11 
4 11 0.251323 0.051943 * 4   1  11 
5 11 0.241320 0.243534 * 5   1  11   0 
5 11 0.346483 0.025983 * 5   2   8  11 
6 11 0.368561 0.033154 * 6   4   1  11   0 
6 11 0.349721 0.029887 * 6   5   1  11   0 
6 11 0.454885 0.006919 * 6   5   2   8  11 
7 11 0.367548 0.311696 * 7   4   1  11 
8 11 0.117491 0.735269 * 8  11 
9 11 0.579804 0.003389 * 9   3   6   4   1  11   0 
9 11 0.560964 0.003389 * 9   3   6   5   1  11   0 
9 11 0.666128 0.003098 * 9   3   6   5   2   8  11 
9 11 0.469531 0.002032 * 9   7   4   1  11   0   0 
10 11 0.582972 0.029823 * 10   3   6   4   1  11   0   0 
10 11 0.564132 0.029823 * 10   3   6   5   1  11   0   0 
10 11 0.669295 0.017226 * 10   3   6   5   2   8  11   0 
10 11 0.681203 0.018840 * 10   9   3   6   4   1  11   0 
10 11 0.662362 0.018840 * 10   9   3   6   5   1  11   0 
10 11 0.767526 0.017226 * 10   9   3   6   5   2   8  11 
10 11 0.570929 0.011296 * 10   9   7   4   1  11   0   0 
