2  5  1  0 
0.096259
2   8  11   1 
0.008456
3  6  4  1 
0.016081
3  6  5  1 
0.010182
4  1 
0.065699
5  1 
0.207511
6  4  1 
0.022492
6  5  1 
0.014241
7  4  1 
0.096998
8  11   1 
0.102715
9  3  6  4  1 
0.010287
9  3  6  5  1 
0.010287
9  7  4  1  0 
0.002902
10   3   6   4   1   0 
0.021493
10   3   6   5   1   0 
0.021493
10   9   3   6   4   1 
0.003665
10   9   3   6   5   1 
0.003665
10   9   7   4   1   0 
0.003233
11   1 
0.360021
1  5  2  0 
0.058888
1  11   8   2 
0.058888
3  6  5  2 
0.088214
4  1  5  2  0 
0.017386
4   1  11   8   2 
0.017386
4  6  5  2  0 
0.005316
5  2 
0.189732
6  5  2 
0.064370
7  4  1  5  2  0 
0.044509
7   4   1  11   8   2 
0.044509
7  4  6  5  2  0 
0.014917
7  9  3  6  5  2 
0.010099
8  2 
0.069547
9  3  6  5  2 
0.014206
10   3   6   5   2   0 
0.028407
10   9   3   6   5   2 
0.003778
11   8   2 
0.088623
1  4  6  3  0 
0.007987
1  4  7  9  3 
0.007740
1  5  6  3  0 
0.011966
2  5  6  3 
0.182421
4  6  3  0 
0.020115
4  7  9  3 
0.019492
5  6  3 
0.040196
6  3 
0.079150
7  9  3 
0.128227
8  2  5  6  3  0  0 
0.016786
8  11   1   4   6   3   0 
0.012989
8  11   1   4   7   9   3 
0.012989
8  11   1   5   6   3   0 
0.012989
9  3 
0.066867
10   9   3 
0.008945
10   3   0 
0.067254
11   1   4   6   3   0 
0.023695
11   1   4   7   9   3 
0.022961
11   1   5   6   3   0 
0.035499
1  4 
0.026162
2  5  1  4  0 
0.037459
2  5  6  4  0 
0.083976
2   8  11   1   4 
0.002159
3  6  4  0 
0.016502
3  9  7  4 
0.003358
5  1  4 
0.018486
5  6  4 
0.044680
6  4 
0.025704
7  4 
0.347160
8  11   1   4 
0.022954
9  7  4 
0.014125
10   3   6   4   0 
0.021955
10   3   9   7   4 
0.006346
10   9   7   4   0 
0.001118
11   1   4 
0.048061
1  5 
0.144685
2  5 
0.500324
3  6  5 
0.058357
4  1  5 
0.027621
4  6  5 
0.016890
6  5 
0.082494
7  4  1  5  0 
0.063304
7  4  6  5  0 
0.038711
7  9  3  6  5 
0.025383
8  2  5  0 
0.137360
8  11   1   5 
0.059489
9  3  6  5 
0.041137
10   3   6   5   0 
0.073039
10   9   3   6   5 
0.009715
11   1   5 
0.246696
1  4  6 
0.019917
1  5  6 
0.049842
2  5  6 
0.224470
3  6 
0.077662
4  6 
0.023082
5  6 
0.071946
7  4  6  0 
0.031681
7  9  3  6 
0.030699
8  2  5  6  0 
0.017034
8  11   1   4   6 
0.010325
8  11   1   5   6 
0.010325
9  3  6 
0.010293
10   3   6   0 
0.019183
10   9   3   6 
0.002551
11   1   4   6 
0.023729
11   1   5   6 
0.045193
1  4  7 
0.070208
2  5  1  4  7  0  0 
0.132300
2  5  6  3  9  7  0 
0.093416
2   5   6   3  10   9   7 
0.035702
2  5  6  4  7  0  0 
0.352825
2   8  11   1   4   7   0 
0.008206
3  9  7  0 
0.075177
3  10   9   7 
0.022639
4  7 
0.066148
5  1  4  7  0  0 
0.054641
5  6  3  9  7  0 
0.038581
5   6   3  10   9   7 
0.014745
5  6  4  7  0  0 
0.145719
6  3  9  7  0 
0.013029
6   3  10   9   7 
0.004979
6  4  7  0  0 
0.049209
8  11   1   4   7 
0.285405
9  7 
0.013511
10   9   7 
0.184046
11   1   4   7 
0.339115
1  5  2  8 
0.033359
1  11   8   0 
0.164455
2  8 
0.359338
3  6  5  2  8 
0.104141
4  1  5  2  8 
0.034885
4   1  11   8   0 
0.159146
4  6  5  2  8 
0.016412
5  2  8 
0.359634
6  5  2  8 
0.162056
7  4  1  5  2  8 
0.086731
7   4   1  11   8   0 
0.310267
7  4  6  5  2  8 
0.040803
9  3  6  5  2  8  0 
0.002931
9  7  4  1  5  2  8 
0.013952
9   7   4   1  11   8   0 
0.013952
9  7  4  6  5  2  8 
0.011933
10   3   6   5   2   8   0   0 
0.034859
10   9   3   6   5   2   8   0 
0.008343
10   9   7   4   1   5   2   8 
0.026706
10   9   7   4   1  11   8   0 
0.026706
10   9   7   4   6   5   2   8 
0.026706
11   8 
0.397156
1   4   6   3  10   9 
0.001418
1  4  6  3  9  0 
0.001562
1  4  7  9  0  0 
0.002633
2   5   1   4   6   3  10   9 
0.005666
2  5  1  4  6  3  9  0 
0.006239
2  5  1  4  7  9  0  0 
0.009219
2   5   6   3  10   9   0   0 
0.005666
2  5  6  3  9  0  0  0 
0.009219
3  10   9 
0.009799
3  9  0 
0.032540
4   6   3  10   9 
0.002387
4  6  3  9  0 
0.002629
4  7  9  0  0 
0.004432
5   1   4   6   3  10   9 
0.011186
5  1  4  6  3  9  0 
0.012316
5  1  4  7  9  0  0 
0.020768
5   6   3  10   9   0   0 
0.011186
5  6  3  9  0  0  0 
0.020473
6   3  10   9 
0.001537
6  3  9  0 
0.004783
7  9 
0.009582
8   2   5   1   4   6   3  10   9 
0.004527
8  2  5  1  4  6  3  9  0 
0.004527
8  2  5  1  4  7  9  0  0 
0.004527
8   2   5   6   3  10   9   0   0 
0.004527
8  2  5  6  3  9  0  0  0 
0.004527
8  11   1   4   6   3  10   9   0 
0.001015
8  11   1   4   6   3   9   0   0 
0.001015
8  11   1   4   7   9   0   0   0 
0.001015
10   9 
0.022291
11   1   4   6   3  10   9 
0.005007
11   1   4   6   3   9   0 
0.005007
11   1   4   7   9   0   0 
0.005007
1   4   6   3   9  10 
0.012599
1   4   6   3  10   0 
0.012599
1   4   7   9  10   0 
0.008862
1   5   6   3   9  10 
0.024814
1   5   6   3  10   0 
0.024814
2   5   6   3   9  10 
0.084753
2   5   6   3  10   0 
0.135798
3   9  10 
0.010458
3  10   0 
0.022159
4   6   3   9  10 
0.006637
4   6   3  10   0 
0.006637
4   7   9  10   0 
0.004669
5   6   3   9  10 
0.016002
5   6   3  10   0 
0.033907
6   3   9  10 
0.008177
6   3  10   0 
0.017326
7   9  10 
0.133845
8   2   5   6   3   9  10   0 
0.014965
8   2   5   6   3  10   0   0 
0.014965
8  11   1   4   6   3   9  10 
0.010893
8  11   1   4   6   3  10   0 
0.010893
8  11   1   4   7   9  10   0 
0.010685
8  11   1   5   6   3   9  10 
0.010893
8  11   1   5   6   3  10   0 
0.010893
9  10 
0.036448
11   1   4   6   3   9  10 
0.007501
11   1   4   6   3  10   0 
0.007501
11   1   4   7   9  10   0 
0.005277
11   1   5   6   3   9  10 
0.012137
11   1   5   6   3  10   0 
0.012137
1  11 
0.448000
2   8  11 
0.410062
3   6   4   1  11   0 
0.109398
3   6   5   1  11   0 
0.075351
3   6   5   2   8  11 
0.014531
4   1  11 
0.071072
5   1  11   0 
0.278883
5   2   8  11 
0.024500
6   4   1  11   0 
0.071615
6   5   1  11   0 
0.049327
6   5   2   8  11 
0.009512
7   4   1  11 
0.435905
8  11 
0.891101
9   3   6   4   1  11   0 
0.007855
9   3   6   5   1  11   0 
0.007855
9   3   6   5   2   8  11 
0.007855
9   7   4   1  11   0   0 
0.002143
10   3   6   4   1  11   0   0 
0.067714
10   3   6   5   1  11   0   0 
0.067714
10   3   6   5   2   8  11   0 
0.017388
10   9   3   6   4   1  11   0 
0.011464
10   9   3   6   5   1  11   0 
0.011464
10   9   3   6   5   2   8  11 
0.011464
10   9   7   4   1  11   0   0 
0.004730
