1  5  2  0  0  0  0  0  0  0 
6.807436e-002
1  11   8   2   0   0   0   0   0   0 
5.687122e-013
1  4  6  5  2  0  0  0  0  0 
2.852696e-013
1  4  6  3  0  0  0  0  0  0 
1.456035e-002
1  5  6  3  0  0  0  0  0  0 
1.430029e-002
1  4  7  9  3  0  0  0  0  0 
5.575439e-013
1  4  0  0  0  0  0  0  0  0 
2.146650e-002
1  5  6  4  0  0  0  0  0  0 
2.836613e-013
1  5  0  0  0  0  0  0  0  0 
4.966887e-002
1  4  6  5  0  0  0  0  0  0 
2.850210e-013
1  11   8   2   5   0   0   0   0   0 
1.902723e-013
1  4  6  0  0  0  0  0  0  0 
2.181419e-002
1  5  6  0  0  0  0  0  0  0 
1.943137e-002
1  4  7  0  0  0  0  0  0  0 
1.945992e-001
1  5  6  4  7  0  0  0  0  0 
2.863630e-013
1  11   8   0   0   0   0   0   0   0 
2.036952e-001
1  5  2  8  0  0  0  0  0  0 
5.722219e-013
1  4  6  5  2  8  0  0  0  0 
1.909695e-013
1  4  7  9  0  0  0  0  0  0 
4.344555e-003
1  4  6  3  9  0  0  0  0  0 
3.539610e-013
1  5  6  3  9  0  0  0  0  0 
3.575224e-013
1   4   6   3  10   0   0   0   0   0 
2.575600e-002
1   5   6   3  10   0   0   0   0   0 
2.246949e-002
1   4   7   9  10   0   0   0   0   0 
4.039476e-002
1  11   0   0   0   0   0   0   0   0 
4.641233e-001
1   5   2   8  11   0   0   0   0   0 
1.911037e-013
2  5  1  0  0  0  0  0  0  0 
7.466586e-002
2   8  11   1   0   0   0   0   0   0 
5.693818e-013
2  5  6  4  1  0  0  0  0  0 
2.854122e-013
2  5  6  3  0  0  0  0  0  0 
2.711899e-001
2  5  1  4  6  3  0  0  0  0 
2.864985e-013
2  5  1  4  0  0  0  0  0  0 
7.380447e-002
2  5  6  4  0  0  0  0  0  0 
6.691161e-002
2   8  11   1   4   0   0   0   0   0 
5.701711e-013
2  5  0  0  0  0  0  0  0  0 
6.291375e-001
2   8  11   1   5   0   0   0   0   0 
1.911279e-013
2   8  11   1   4   6   5   0   0   0 
1.146682e-013
2  5  6  0  0  0  0  0  0  0 
2.262351e-001
2  5  1  4  6  0  0  0  0  0 
2.864359e-013
2  5  1  4  7  0  0  0  0  0 
3.545229e-001
2  5  6  4  7  0  0  0  0  0 
3.682846e-001
2   8  11   1   4   7   0   0   0   0 
5.729384e-013
2  8  0  0  0  0  0  0  0  0 
3.124333e-001
2   5   1  11   8   0   0   0   0   0 
1.908870e-013
2  5  6  3  9  0  0  0  0  0 
3.976131e-002
2   5   6   3  10   9   0   0   0   0 
5.695868e-013
2  5  1  4  7  9  0  0  0  0 
5.698727e-013
2   5   6   3  10   0   0   0   0   0 
4.594452e-001
2   5   6   3   9  10   0   0   0   0 
5.717507e-013
2   8  11   0   0   0   0   0   0   0 
4.395217e-001
2   5   1  11   0   0   0   0   0   0 
5.717933e-013
3  6  4  1  0  0  0  0  0  0 
4.710606e-003
3  6  5  1  0  0  0  0  0  0 
4.668039e-003
3  9  7  4  1  0  0  0  0  0 
5.770587e-013
3  6  5  2  0  0  0  0  0  0 
6.802930e-002
3  6  4  1  5  2  0  0  0  0 
2.856490e-013
3  6  4  0  0  0  0  0  0  0 
8.999265e-003
3  9  7  4  0  0  0  0  0  0 
5.315114e-013
3  6  5  0  0  0  0  0  0  0 
3.118164e-002
3  6  4  1  5  0  0  0  0  0 
2.845282e-013
3  6  0  0  0  0  0  0  0  0 
1.584244e-002
3  9  7  4  6  0  0  0  0  0 
1.880185e-013
3  10   9   7   4   6   0   0   0   0 
1.417692e-013
3  9  7  0  0  0  0  0  0  0 
1.741779e-002
3  10   9   7   0   0   0   0   0   0 
5.535874e-013
3  6  4  7  0  0  0  0  0  0 
5.570425e-013
3  6  5  2  8  0  0  0  0  0 
8.996839e-002
3   6   4   1  11   8   0   0   0   0 
5.693312e-013
3   6   5   1  11   8   0   0   0   0 
5.693528e-013
3  9  0  0  0  0  0  0  0  0 
1.385227e-002
3  10   9   0   0   0   0   0   0   0 
5.560561e-013
3  6  4  7  9  0  0  0  0  0 
1.877066e-013
3  10   0   0   0   0   0   0   0   0 
1.976677e-002
3   9  10   0   0   0   0   0   0   0 
5.511498e-013
3   6   4   1  11   0   0   0   0   0 
8.657132e-002
3   6   5   1  11   0   0   0   0   0 
9.319544e-002
3   9   7   4   1  11   0   0   0   0 
5.677872e-013
4  1  0  0  0  0  0  0  0  0 
6.952380e-003
4  6  5  1  0  0  0  0  0  0 
2.766639e-013
4  1  5  2  0  0  0  0  0  0 
4.607647e-002
4  6  5  2  0  0  0  0  0  0 
5.067667e-002
4   1  11   8   2   0   0   0   0   0 
5.688903e-013
4  6  3  0  0  0  0  0  0  0 
2.396272e-002
4  7  9  3  0  0  0  0  0  0 
5.565255e-013
4  1  5  6  3  0  0  0  0  0 
2.824823e-013
4  1  5  0  0  0  0  0  0  0 
1.287791e-002
4  6  5  0  0  0  0  0  0  0 
1.327855e-002
4  6  0  0  0  0  0  0  0  0 
1.811779e-002
4  1  5  6  0  0  0  0  0  0 
2.819348e-013
4  7  9  3  6  0  0  0  0  0 
1.885354e-013
4  7  0  0  0  0  0  0  0  0 
5.542948e-002
4  6  3  9  7  0  0  0  0  0 
1.902296e-013
4   6   3  10   9   7   0   0   0   0 
1.430904e-013
4   1  11   8   0   0   0   0   0   0 
1.995761e-001
4  1  5  2  8  0  0  0  0  0 
5.720625e-013
4  6  5  2  8  0  0  0  0  0 
5.722298e-013
4  7  9  0  0  0  0  0  0  0 
2.922675e-003
4  6  3  9  0  0  0  0  0  0 
4.070989e-013
4   6   3  10   9   0   0   0   0   0 
1.809718e-013
4   7   9  10   0   0   0   0   0   0 
6.446381e-003
4   6   3  10   0   0   0   0   0   0 
5.539414e-003
4   6   3   9  10   0   0   0   0   0 
5.589903e-013
4   1  11   0   0   0   0   0   0   0 
1.363886e-001
4   6   5   1  11   0   0   0   0   0 
2.862076e-013
5  1  0  0  0  0  0  0  0  0 
7.842699e-002
5  6  4  1  0  0  0  0  0  0 
2.855873e-013
5   2   8  11   1   0   0   0   0   0 
1.905846e-013
5  2  0  0  0  0  0  0  0  0 
7.529821e-002
5   1  11   8   2   0   0   0   0   0 
1.906878e-013
5  6  3  0  0  0  0  0  0  0 
3.023446e-002
5  1  4  6  3  0  0  0  0  0 
2.844445e-013
5  1  4  0  0  0  0  0  0  0 
3.191162e-002
5  6  4  0  0  0  0  0  0  0 
2.929115e-002
5  6  0  0  0  0  0  0  0  0 
5.015383e-002
5  1  4  6  0  0  0  0  0  0 
2.853085e-013
5  1  4  7  0  0  0  0  0  0 
8.466443e-002
5  6  4  7  0  0  0  0  0  0 
8.687732e-002
5  6  3  9  7  0  0  0  0  0 
5.683301e-013
5  2  8  0  0  0  0  0  0  0 
2.873440e-001
5   1  11   8   0   0   0   0   0   0 
5.719911e-013
5  6  3  9  0  0  0  0  0  0 
1.694782e-002
5  1  4  7  9  0  0  0  0  0 
5.535384e-013
5  6  4  7  9  0  0  0  0  0 
5.537101e-013
5   6   3  10   0   0   0   0   0   0 
5.497890e-002
5   6   3   9  10   0   0   0   0   0 
5.647910e-013
5   1  11   0   0   0   0   0   0   0 
2.765457e-001
5   2   8  11   0   0   0   0   0   0 
5.724534e-013
6  4  1  0  0  0  0  0  0  0 
8.512800e-003
6  5  1  0  0  0  0  0  0  0 
8.772570e-003
6  5  2  0  0  0  0  0  0  0 
2.690622e-002
6  4  1  5  2  0  0  0  0  0 
2.842138e-013
6  3  0  0  0  0  0  0  0  0 
1.835155e-002
6  4  7  9  3  0  0  0  0  0 
1.888356e-013
6   4   7   9  10   3   0   0   0   0 
1.420302e-013
6  4  0  0  0  0  0  0  0  0 
7.408530e-003
6  5  1  4  0  0  0  0  0  0 
2.745207e-013
6  3  9  7  4  0  0  0  0  0 
1.840238e-013
6  5  0  0  0  0  0  0  0  0 
4.777191e-002
6  4  1  5  0  0  0  0  0  0 
2.852411e-013
6  4  7  0  0  0  0  0  0  0 
3.704410e-002
6  3  9  7  0  0  0  0  0  0 
5.625208e-013
6  5  2  8  0  0  0  0  0  0 
8.638122e-002
6   4   1  11   8   0   0   0   0   0 
5.691627e-013
6   5   1  11   8   0   0   0   0   0 
5.691837e-013
6  3  9  0  0  0  0  0  0  0 
1.889745e-003
6   3  10   9   0   0   0   0   0   0 
4.142159e-013
6  4  7  9  0  0  0  0  0  0 
7.210827e-013
6   3  10   0   0   0   0   0   0   0 
1.580019e-002
6   3   9  10   0   0   0   0   0   0 
5.392361e-013
6   4   7   9  10   0   0   0   0   0 
2.791332e-013
6   4   1  11   0   0   0   0   0   0 
2.517987e-002
6   5   1  11   0   0   0   0   0   0 
2.698317e-002
6   5   2   8  11   0   0   0   0   0 
5.663676e-013
7  4  1  0  0  0  0  0  0  0 
1.035257e-001
7  4  6  5  1  0  0  0  0  0 
2.860273e-013
7  4  6  5  2  0  0  0  0  0 
5.562213e-002
7  4  1  5  2  0  0  0  0  0 
4.871247e-002
7  9  3  6  5  2  0  0  0  0 
5.688783e-013
7  9  3  0  0  0  0  0  0  0 
3.344317e-002
7  4  6  3  0  0  0  0  0  0 
5.664771e-013
7   9  10   3   0   0   0   0   0   0 
5.639675e-013
7  4  0  0  0  0  0  0  0  0 
1.051560e+000
7  9  3  6  4  0  0  0  0  0 
1.913050e-013
7   9  10   3   6   4   0   0   0   0 
1.435134e-013
7  4  6  5  0  0  0  0  0  0 
3.849280e-002
7  4  1  5  0  0  0  0  0  0 
3.525126e-002
7  9  3  6  5  0  0  0  0  0 
5.667748e-013
7  4  6  0  0  0  0  0  0  0 
2.362849e-002
7  9  3  6  0  0  0  0  0  0 
5.600766e-013
7   4   1  11   8   0   0   0   0   0 
2.656144e-001
7  4  6  5  2  8  0  0  0  0 
5.725606e-013
7  4  1  5  2  8  0  0  0  0 
5.723891e-013
7  9  0  0  0  0  0  0  0  0 
3.444909e-002
7  4  6  3  9  0  0  0  0  0 
1.895349e-013
7   4   6   3  10   9   0   0   0   0 
1.427047e-013
7   9  10   0   0   0   0   0   0   0 
1.027906e-001
7   9   3  10   0   0   0   0   0   0 
5.696022e-013
7   4   6   3  10   0   0   0   0   0 
2.856925e-013
7   4   1  11   0   0   0   0   0   0 
3.538998e-001
8  11   1   0   0   0   0   0   0   0 
8.755513e-002
8  2  5  1  0  0  0  0  0  0 
5.702165e-013
8  2  0  0  0  0  0  0  0  0 
2.261737e-002
8  11   1   5   2   0   0   0   0   0 
1.895193e-013
8  11   1   4   6   5   2   0   0   0 
1.140110e-013
8  2  5  6  3  0  0  0  0  0 
7.243462e-002
8  11   1   5   6   3   0   0   0   0 
5.685115e-013
8  11   1   4   6   3   0   0   0   0 
5.684303e-013
8  11   1   4   0   0   0   0   0   0 
2.626281e-002
8  2  5  1  4  0  0  0  0  0 
5.581506e-013
8  2  5  6  4  0  0  0  0  0 
5.582953e-013
8  2  5  0  0  0  0  0  0  0 
1.207608e-001
8  11   1   5   0   0   0   0   0   0 
5.710498e-013
8  2  5  6  0  0  0  0  0  0 
4.420204e-002
8  11   1   5   6   0   0   0   0   0 
5.652690e-013
8  11   1   4   6   0   0   0   0   0 
5.650743e-013
8  11   1   4   7   0   0   0   0   0 
2.585698e-001
8  2  5  1  4  7  0  0  0  0 
5.720489e-013
8  2  5  6  4  7  0  0  0  0 
5.720922e-013
8  11   1   4   7   9   0   0   0   0 
6.988263e-003
8  2  5  6  3  9  0  0  0  0 
7.421742e-003
8  11   1   5   6   3   9   0   0   0 
5.642741e-013
8   2   5   6   3  10   0   0   0   0 
1.127394e-001
8   2   5   6   3   9  10   0   0   0 
5.683402e-013
8  11   1   4   7   9  10   0   0   0 
5.713812e-013
8  11   0   0   0   0   0   0   0   0 
6.640243e-001
8   2   5   1  11   0   0   0   0   0 
1.910000e-013
9  7  4  1  0  0  0  0  0  0 
3.382762e-002
9  3  6  4  1  0  0  0  0  0 
5.601099e-013
9  3  6  5  1  0  0  0  0  0 
5.601112e-013
9  3  6  5  2  0  0  0  0  0 
8.459145e-003
9  10   3   6   5   2   0   0   0   0 
5.150524e-013
9  7  4  6  5  2  0  0  0  0 
5.204632e-013
9  3  0  0  0  0  0  0  0  0 
3.507130e-002
9  10   3   0   0   0   0   0   0   0 
5.657948e-013
9  7  4  6  3  0  0  0  0  0 
1.899718e-013
9  7  4  0  0  0  0  0  0  0 
3.633870e-003
9  3  6  4  0  0  0  0  0  0 
4.894724e-013
9  10   3   6   4   0   0   0   0   0 
2.241013e-013
9  3  6  5  0  0  0  0  0  0 
3.816648e-002
9  10   3   6   5   0   0   0   0   0 
5.651177e-013
9  7  4  6  5  0  0  0  0  0 
5.663592e-013
9  3  6  0  0  0  0  0  0  0 
2.957925e-003
9  10   3   6   0   0   0   0   0   0 
6.096809e-013
9  7  4  6  0  0  0  0  0  0 
6.234525e-013
9  7  0  0  0  0  0  0  0  0 
1.872744e-002
9  3  6  4  7  0  0  0  0  0 
1.888474e-013
9  10   3   6   4   7   0   0   0   0 
1.420318e-013
9   7   4   1  11   8   0   0   0   0 
1.033752e-002
9  3  6  5  2  8  0  0  0  0 
1.164328e-002
9  10   3   6   5   2   8   0   0   0 
5.623244e-013
9  10   0   0   0   0   0   0   0   0 
1.363561e-002
9   3  10   0   0   0   0   0   0   0 
5.514699e-013
9   7   4   1  11   0   0   0   0   0 
1.561015e-002
9   3   6   4   1  11   0   0   0   0 
5.357982e-013
9   3   6   5   1  11   0   0   0   0 
5.354003e-013
10   3   6   4   1   0   0   0   0   0 
1.396316e-002
10   9   7   4   1   0   0   0   0   0 
1.478459e-002
10   3   6   5   1   0   0   0   0   0 
1.450141e-002
10   3   6   5   2   0   0   0   0   0 
4.298064e-002
10   9   3   6   5   2   0   0   0   0 
5.657592e-013
10   3   0   0   0   0   0   0   0   0 
6.862470e-002
10   9   3   0   0   0   0   0   0   0 
5.686411e-013
10   3   6   4   0   0   0   0   0   0 
5.425982e-003
10   9   7   4   0   0   0   0   0   0 
5.712088e-003
10   3   9   7   4   0   0   0   0   0 
5.668989e-013
10   3   6   5   0   0   0   0   0   0 
3.899838e-002
10   9   3   6   5   0   0   0   0   0 
5.649810e-013
10   3   6   0   0   0   0   0   0   0 
2.529784e-002
10   9   3   6   0   0   0   0   0   0 
5.600711e-013
10   9   7   0   0   0   0   0   0   0 
1.348914e-001
10   3   9   7   0   0   0   0   0   0 
5.677872e-013
10   3   6   5   2   8   0   0   0   0 
1.199492e-001
10   9   3   6   5   2   8   0   0   0 
5.704169e-013
10   3   6   5   1  11   8   0   0   0 
5.702944e-013
10   9   0   0   0   0   0   0   0   0 
1.058386e-002
10   3   9   0   0   0   0   0   0   0 
5.381661e-013
10   3   6   4   1  11   0   0   0   0 
4.535365e-002
10   3   6   5   1  11   0   0   0   0 
4.685192e-002
10   9   7   4   1  11   0   0   0   0 
5.552755e-002
11   1   0   0   0   0   0   0   0   0 
8.056090e-001
11   8   2   5   1   0   0   0   0   0 
1.910744e-013
11   8   2   0   0   0   0   0   0   0 
5.501005e-002
11   1   5   2   0   0   0   0   0   0 
5.682887e-013
11   1   4   6   3   0   0   0   0   0 
2.045662e-002
11   1   5   6   3   0   0   0   0   0 
1.779371e-002
11   8   2   5   6   3   0   0   0   0 
5.655408e-013
11   1   4   0   0   0   0   0   0   0 
2.224270e-002
11   1   5   6   4   0   0   0   0   0 
2.837560e-013
11   1   5   0   0   0   0   0   0   0 
1.081346e-001
11   8   2   5   0   0   0   0   0   0 
5.702812e-013
11   1   4   6   5   0   0   0   0   0 
2.857957e-013
11   1   4   6   0   0   0   0   0   0 
4.274624e-002
11   1   5   6   0   0   0   0   0   0 
3.503096e-002
11   8   2   5   6   0   0   0   0   0 
5.681289e-013
11   1   4   7   0   0   0   0   0   0 
3.030876e-001
11   8   0   0   0   0   0   0   0   0 
2.904516e-001
11   1   5   2   8   0   0   0   0   0 
1.910030e-013
11   1   4   7   9   0   0   0   0   0 
6.521070e-003
11   1   4   6   3   9   0   0   0   0 
4.840590e-013
11   1   5   6   3   9   0   0   0   0 
4.855923e-013
11   1   4   7   9  10   0   0   0   0 
1.671402e-002
11   1   5   6   3  10   0   0   0   0 
1.180080e-002
11   1   4   6   3  10   0   0   0   0 
1.276952e-002
