1  5  2  0  0  0  0  0  0  0 
1.173158e-001
1  11   8   2   0   0   0   0   0   0 
6.942218e-013
1  4  6  5  2  0  0  0  0  0 
3.472068e-013
1  4  6  3  0  0  0  0  0  0 
1.155061e-002
1  5  6  3  0  0  0  0  0  0 
1.120421e-002
1  4  7  9  3  0  0  0  0  0 
7.120208e-013
1  4  0  0  0  0  0  0  0  0 
3.561741e-002
1  5  6  4  0  0  0  0  0  0 
3.465488e-013
1  5  0  0  0  0  0  0  0  0 
1.026973e-001
1  4  6  5  0  0  0  0  0  0 
3.472755e-013
1  11   8   2   5   0   0   0   0   0 
2.318025e-013
1  4  6  0  0  0  0  0  0  0 
1.515856e-002
1  5  6  0  0  0  0  0  0  0 
1.387654e-002
1  4  7  0  0  0  0  0  0  0 
1.922311e-001
1  5  6  4  7  0  0  0  0  0 
3.477710e-013
1  11   8   0   0   0   0   0   0   0 
1.704369e-001
1  5  2  8  0  0  0  0  0  0 
6.946946e-013
1  4  6  5  2  8  0  0  0  0 
2.317723e-013
1  4  7  9  0  0  0  0  0  0 
3.496650e-003
1  4  6  3  9  0  0  0  0  0 
6.768904e-013
1  5  6  3  9  0  0  0  0  0 
6.358638e-013
1   4   6   3  10   0   0   0   0   0 
2.922359e-002
1   5   6   3  10   0   0   0   0   0 
2.567842e-002
1   4   7   9  10   0   0   0   0   0 
3.423714e-002
1  11   0   0   0   0   0   0   0   0 
5.054290e-001
1   5   2   8  11   0   0   0   0   0 
2.319978e-013
2  5  1  0  0  0  0  0  0  0 
1.034307e-001
2   8  11   1   0   0   0   0   0   0 
6.937921e-013
2  5  6  4  1  0  0  0  0  0 
3.473451e-013
2  5  6  3  0  0  0  0  0  0 
2.206004e-001
2  5  1  4  6  3  0  0  0  0 
3.475679e-013
2  5  1  4  0  0  0  0  0  0 
6.807078e-002
2  5  6  4  0  0  0  0  0  0 
6.801564e-002
2   8  11   1   4   0   0   0   0   0 
6.948294e-013
2  5  0  0  0  0  0  0  0  0 
6.052216e-001
2   8  11   1   5   0   0   0   0   0 
2.319907e-013
2   8  11   1   4   6   5   0   0   0 
1.391722e-013
2  5  6  0  0  0  0  0  0  0 
2.130072e-001
2  5  1  4  6  0  0  0  0  0 
3.475591e-013
2  5  1  4  7  0  0  0  0  0 
3.310372e-001
2  5  6  4  7  0  0  0  0  0 
3.498369e-001
2   8  11   1   4   7   0   0   0   0 
6.957846e-013
2  8  0  0  0  0  0  0  0  0 
3.512355e-001
2   5   1  11   8   0   0   0   0   0 
2.319602e-013
2  5  6  3  9  0  0  0  0  0 
2.945860e-002
2   5   6   3  10   9   0   0   0   0 
6.783633e-013
2  5  1  4  7  9  0  0  0  0 
6.820701e-013
2   5   6   3  10   0   0   0   0   0 
2.540551e-001
2   5   6   3   9  10   0   0   0   0 
6.871426e-013
2   8  11   0   0   0   0   0   0   0 
4.101356e-001
2   5   1  11   0   0   0   0   0   0 
6.956232e-013
3  6  4  1  0  0  0  0  0  0 
1.252884e-002
3  6  5  1  0  0  0  0  0  0 
1.272380e-002
3  9  7  4  1  0  0  0  0  0 
6.994992e-013
3  6  5  2  0  0  0  0  0  0 
7.891785e-002
3  6  4  1  5  2  0  0  0  0 
3.473787e-013
3  6  4  0  0  0  0  0  0  0 
1.958430e-002
3  9  7  4  0  0  0  0  0  0 
6.787380e-013
3  6  5  0  0  0  0  0  0  0 
4.001779e-002
3  6  4  1  5  0  0  0  0  0 
3.467354e-013
3  6  0  0  0  0  0  0  0  0 
4.872207e-002
3  9  7  4  6  0  0  0  0  0 
2.308525e-013
3  10   9   7   4   6   0   0   0   0 
1.735189e-013
3  9  7  0  0  0  0  0  0  0 
5.396484e-002
3  10   9   7   0   0   0   0   0   0 
6.906677e-013
3  6  4  7  0  0  0  0  0  0 
6.965407e-013
3  6  5  2  8  0  0  0  0  0 
1.158824e-001
3   6   4   1  11   8   0   0   0   0 
6.934945e-013
3   6   5   1  11   8   0   0   0   0 
6.935318e-013
3  9  0  0  0  0  0  0  0  0 
7.724860e-002
3  10   9   0   0   0   0   0   0   0 
6.957146e-013
3  6  4  7  9  0  0  0  0  0 
2.319185e-013
3  10   0   0   0   0   0   0   0   0 
2.727090e-002
3   9  10   0   0   0   0   0   0   0 
6.745224e-013
3   6   4   1  11   0   0   0   0   0 
1.061427e-001
3   6   5   1  11   0   0   0   0   0 
1.109856e-001
3   9   7   4   1  11   0   0   0   0 
6.907229e-013
4  1  0  0  0  0  0  0  0  0 
5.254591e-002
4  6  5  1  0  0  0  0  0  0 
3.467695e-013
4  1  5  2  0  0  0  0  0  0 
1.547511e-002
4  6  5  2  0  0  0  0  0  0 
1.590354e-002
4   1  11   8   2   0   0   0   0   0 
7.085278e-013
4  6  3  0  0  0  0  0  0  0 
2.940001e-002
4  7  9  3  0  0  0  0  0  0 
6.786213e-013
4  1  5  6  3  0  0  0  0  0 
3.431569e-013
4  1  5  0  0  0  0  0  0  0 
2.377825e-002
4  6  5  0  0  0  0  0  0  0 
2.594698e-002
4  6  0  0  0  0  0  0  0  0 
2.727769e-002
4  1  5  6  0  0  0  0  0  0 
3.452800e-013
4  7  9  3  6  0  0  0  0  0 
2.300165e-013
4  7  0  0  0  0  0  0  0  0 
4.950181e-002
4  6  3  9  7  0  0  0  0  0 
2.308742e-013
4   6   3  10   9   7   0   0   0   0 
1.735323e-013
4   1  11   8   0   0   0   0   0   0 
2.307183e-001
4  1  5  2  8  0  0  0  0  0 
6.949064e-013
4  6  5  2  8  0  0  0  0  0 
6.939999e-013
4  7  9  0  0  0  0  0  0  0 
6.070200e-003
4  6  3  9  0  0  0  0  0  0 
6.637198e-013
4   6   3  10   9   0   0   0   0   0 
2.563264e-013
4   7   9  10   0   0   0   0   0   0 
7.771963e-003
4   6   3  10   0   0   0   0   0   0 
7.467902e-003
4   6   3   9  10   0   0   0   0   0 
7.400105e-013
4   1  11   0   0   0   0   0   0   0 
8.311273e-002
4   6   5   1  11   0   0   0   0   0 
3.471573e-013
5  1  0  0  0  0  0  0  0  0 
1.062554e-001
5  6  4  1  0  0  0  0  0  0 
3.475697e-013
5   2   8  11   1   0   0   0   0   0 
2.318084e-013
5  2  0  0  0  0  0  0  0  0 
2.016544e-001
5   1  11   8   2   0   0   0   0   0 
2.319340e-013
5  6  3  0  0  0  0  0  0  0 
5.475826e-002
5  1  4  6  3  0  0  0  0  0 
3.468104e-013
5  1  4  0  0  0  0  0  0  0 
2.162169e-002
5  6  4  0  0  0  0  0  0  0 
2.114338e-002
5  6  0  0  0  0  0  0  0  0 
7.207714e-002
5  1  4  6  0  0  0  0  0  0 
3.470500e-013
5  1  4  7  0  0  0  0  0  0 
1.514737e-001
5  6  4  7  0  0  0  0  0  0 
1.520757e-001
5  6  3  9  7  0  0  0  0  0 
6.917481e-013
5  2  8  0  0  0  0  0  0  0 
3.937291e-001
5   1  11   8   0   0   0   0   0   0 
6.955141e-013
5  6  3  9  0  0  0  0  0  0 
1.862113e-002
5  1  4  7  9  0  0  0  0  0 
6.776403e-013
5  6  4  7  9  0  0  0  0  0 
6.771211e-013
5   6   3  10   0   0   0   0   0   0 
4.972792e-002
5   6   3   9  10   0   0   0   0   0 
6.799395e-013
5   1  11   0   0   0   0   0   0   0 
2.683653e-001
5   2   8  11   0   0   0   0   0   0 
6.956747e-013
6  4  1  0  0  0  0  0  0  0 
1.535075e-002
6  5  1  0  0  0  0  0  0  0 
1.554544e-002
6  5  2  0  0  0  0  0  0  0 
4.999939e-002
6  4  1  5  2  0  0  0  0  0 
3.470050e-013
6  3  0  0  0  0  0  0  0  0 
7.734574e-002
6  4  7  9  3  0  0  0  0  0 
2.314224e-013
6   4   7   9  10   3   0   0   0   0 
1.734540e-013
6  4  0  0  0  0  0  0  0  0 
2.010021e-002
6  5  1  4  0  0  0  0  0  0 
3.426846e-013
6  3  9  7  4  0  0  0  0  0 
2.281854e-013
6  5  0  0  0  0  0  0  0  0 
5.650216e-002
6  4  1  5  0  0  0  0  0  0 
3.471247e-013
6  4  7  0  0  0  0  0  0  0 
6.840144e-002
6  3  9  7  0  0  0  0  0  0 
6.880250e-013
6  5  2  8  0  0  0  0  0  0 
1.799820e-001
6   4   1  11   8   0   0   0   0   0 
6.945024e-013
6   5   1  11   8   0   0   0   0   0 
6.945459e-013
6  3  9  0  0  0  0  0  0  0 
6.467775e-003
6   3  10   9   0   0   0   0   0   0 
4.531929e-013
6  4  7  9  0  0  0  0  0  0 
4.737604e-013
6   3  10   0   0   0   0   0   0   0 
2.278408e-002
6   3   9  10   0   0   0   0   0   0 
6.599807e-013
6   4   7   9  10   0   0   0   0   0 
3.375289e-013
6   4   1  11   0   0   0   0   0   0 
4.886725e-002
6   5   1  11   0   0   0   0   0   0 
5.102866e-002
6   5   2   8  11   0   0   0   0   0 
6.948718e-013
7  4  1  0  0  0  0  0  0  0 
9.338383e-002
7  4  6  5  1  0  0  0  0  0 
3.472305e-013
7  4  6  5  2  0  0  0  0  0 
8.971531e-002
7  4  1  5  2  0  0  0  0  0 
7.531842e-002
7  9  3  6  5  2  0  0  0  0 
6.924280e-013
7  9  3  0  0  0  0  0  0  0 
1.445190e-001
7  4  6  3  0  0  0  0  0  0 
6.963651e-013
7   9  10   3   0   0   0   0   0   0 
6.904289e-013
7  4  0  0  0  0  0  0  0  0 
5.477415e-002
7  9  3  6  4  0  0  0  0  0 
2.312355e-013
7   9  10   3   6   4   0   0   0   0 
1.733413e-013
7  4  6  5  0  0  0  0  0  0 
5.774285e-002
7  4  1  5  0  0  0  0  0  0 
5.222950e-002
7  9  3  6  5  0  0  0  0  0 
6.913115e-013
7  4  6  0  0  0  0  0  0  0 
5.681509e-002
7  9  3  6  0  0  0  0  0  0 
6.899174e-013
7   4   1  11   8   0   0   0   0   0 
3.897955e-001
7  4  6  5  2  8  0  0  0  0 
6.947467e-013
7  4  1  5  2  8  0  0  0  0 
6.955429e-013
7  9  0  0  0  0  0  0  0  0 
1.673073e-002
7  4  6  3  9  0  0  0  0  0 
2.284677e-013
7   4   6   3  10   9   0   0   0   0 
1.719897e-013
7   9  10   0   0   0   0   0   0   0 
1.300199e-001
7   9   3  10   0   0   0   0   0   0 
6.980760e-013
7   4   6   3  10   0   0   0   0   0 
3.488676e-013
7   4   1  11   0   0   0   0   0   0 
3.850531e-001
8  11   1   0   0   0   0   0   0   0 
1.097349e-001
8  2  5  1  0  0  0  0  0  0 
6.941753e-013
8  2  0  0  0  0  0  0  0  0 
3.373749e-002
8  11   1   5   2   0   0   0   0   0 
2.312093e-013
8  11   1   4   6   5   2   0   0   0 
1.388184e-013
8  2  5  6  3  0  0  0  0  0 
5.195791e-002
8  11   1   5   6   3   0   0   0   0 
6.875187e-013
8  11   1   4   6   3   0   0   0   0 
6.858843e-013
8  11   1   4   0   0   0   0   0   0 
2.410077e-002
8  2  5  1  4  0  0  0  0  0 
6.727656e-013
8  2  5  6  4  0  0  0  0  0 
6.723628e-013
8  2  5  0  0  0  0  0  0  0 
1.048247e-001
8  11   1   5   0   0   0   0   0   0 
6.942462e-013
8  2  5  6  0  0  0  0  0  0 
5.694679e-002
8  11   1   5   6   0   0   0   0   0 
6.886865e-013
8  11   1   4   6   0   0   0   0   0 
6.871274e-013
8  11   1   4   7   0   0   0   0   0 
3.068948e-001
8  2  5  1  4  7  0  0  0  0 
6.953557e-013
8  2  5  6  4  7  0  0  0  0 
6.953664e-013
8  11   1   4   7   9   0   0   0   0 
2.965935e-002
8  2  5  6  3  9  0  0  0  0 
4.156326e-002
8  11   1   5   6   3   9   0   0   0 
6.930234e-013
8   2   5   6   3  10   0   0   0   0 
1.107923e-001
8   2   5   6   3   9  10   0   0   0 
6.848363e-013
8  11   1   4   7   9  10   0   0   0 
6.871744e-013
8  11   0   0   0   0   0   0   0   0 
9.558911e-001
8   2   5   1  11   0   0   0   0   0 
2.320054e-013
9  7  4  1  0  0  0  0  0  0 
1.785961e-002
9  3  6  4  1  0  0  0  0  0 
6.696590e-013
9  3  6  5  1  0  0  0  0  0 
6.696447e-013
9  3  6  5  2  0  0  0  0  0 
1.235070e-002
9  10   3   6   5   2   0   0   0   0 
6.075424e-013
9  7  4  6  5  2  0  0  0  0 
6.177354e-013
9  3  0  0  0  0  0  0  0  0 
7.312177e-002
9  10   3   0   0   0   0   0   0   0 
6.884298e-013
9  7  4  6  3  0  0  0  0  0 
2.315534e-013
9  7  4  0  0  0  0  0  0  0 
1.040856e-002
9  3  6  4  0  0  0  0  0  0 
6.485615e-013
9  10   3   6   4   0   0   0   0   0 
3.209799e-013
9  3  6  5  0  0  0  0  0  0 
4.788397e-002
9  10   3   6   5   0   0   0   0   0 
6.799867e-013
9  7  4  6  5  0  0  0  0  0 
6.856622e-013
9  3  6  0  0  0  0  0  0  0 
6.428085e-003
9  10   3   6   0   0   0   0   0   0 
3.480175e-013
9  7  4  6  0  0  0  0  0  0 
3.733262e-013
9  7  0  0  0  0  0  0  0  0 
2.223208e-002
9  3  6  4  7  0  0  0  0  0 
2.300514e-013
9  10   3   6   4   7   0   0   0   0 
1.725175e-013
9   7   4   1  11   8   0   0   0   0 
1.650903e-002
9  3  6  5  2  8  0  0  0  0 
1.810050e-002
9  10   3   6   5   2   8   0   0   0 
6.931187e-013
9  10   0   0   0   0   0   0   0   0 
2.754111e-002
9   3  10   0   0   0   0   0   0   0 
6.925807e-013
9   7   4   1  11   0   0   0   0   0 
1.607896e-002
9   3   6   4   1  11   0   0   0   0 
6.604879e-013
9   3   6   5   1  11   0   0   0   0 
6.604342e-013
10   3   6   4   1   0   0   0   0   0 
1.561329e-002
10   9   7   4   1   0   0   0   0   0 
1.696507e-002
10   3   6   5   1   0   0   0   0   0 
1.579481e-002
10   3   6   5   2   0   0   0   0   0 
3.508434e-002
10   9   3   6   5   2   0   0   0   0 
6.840279e-013
10   3   0   0   0   0   0   0   0   0 
1.501931e-001
10   9   3   0   0   0   0   0   0   0 
6.919342e-013
10   3   6   4   0   0   0   0   0   0 
1.219507e-002
10   9   7   4   0   0   0   0   0   0 
1.311104e-002
10   3   9   7   4   0   0   0   0   0 
7.030930e-013
10   3   6   5   0   0   0   0   0   0 
5.909197e-002
10   9   3   6   5   0   0   0   0   0 
6.881725e-013
10   3   6   0   0   0   0   0   0   0 
1.957957e-002
10   9   3   6   0   0   0   0   0   0 
6.794626e-013
10   9   7   0   0   0   0   0   0   0 
1.972840e-001
10   3   9   7   0   0   0   0   0   0 
6.924859e-013
10   3   6   5   2   8   0   0   0   0 
1.504708e-001
10   9   3   6   5   2   8   0   0   0 
6.913823e-013
10   3   6   5   1  11   8   0   0   0 
6.942153e-013
10   9   0   0   0   0   0   0   0   0 
1.668415e-002
10   3   9   0   0   0   0   0   0   0 
6.819034e-013
10   3   6   4   1  11   0   0   0   0 
5.812012e-002
10   3   6   5   1  11   0   0   0   0 
5.861996e-002
10   9   7   4   1  11   0   0   0   0 
8.020543e-002
11   1   0   0   0   0   0   0   0   0 
3.587724e-001
11   8   2   5   1   0   0   0   0   0 
2.319864e-013
11   8   2   0   0   0   0   0   0   0 
8.169205e-002
11   1   5   2   0   0   0   0   0   0 
6.941982e-013
11   1   4   6   3   0   0   0   0   0 
5.057239e-002
11   1   5   6   3   0   0   0   0   0 
4.743745e-002
11   8   2   5   6   3   0   0   0   0 
6.958789e-013
11   1   4   0   0   0   0   0   0   0 
3.544243e-002
11   1   5   6   4   0   0   0   0   0 
3.465408e-013
11   1   5   0   0   0   0   0   0   0 
2.015056e-001
11   8   2   5   0   0   0   0   0   0 
6.953167e-013
11   1   4   6   5   0   0   0   0   0 
3.475402e-013
11   1   4   6   0   0   0   0   0   0 
2.829696e-002
11   1   5   6   0   0   0   0   0   0 
2.724995e-002
11   8   2   5   6   0   0   0   0   0 
6.979250e-013
11   1   4   7   0   0   0   0   0   0 
3.477682e-001
11   8   0   0   0   0   0   0   0   0 
4.022595e-001
11   1   5   2   8   0   0   0   0   0 
2.319751e-013
11   1   4   7   9   0   0   0   0   0 
1.471740e-002
11   1   4   6   3   9   0   0   0   0 
6.425531e-013
11   1   5   6   3   9   0   0   0   0 
6.447458e-013
11   1   4   7   9  10   0   0   0   0 
1.806088e-002
11   1   5   6   3  10   0   0   0   0 
1.507644e-002
11   1   4   6   3  10   0   0   0   0 
1.665278e-002
