1  5  2  0  0  0  0  0  0  0 
8.950627e-002
1  11   8   2   0   0   0   0   0   0 
1.228769e-014
1  4  6  5  2  0  0  0  0  0 
6.140139e-015
1  4  6  3  0  0  0  0  0  0 
2.009278e-002
1  5  6  3  0  0  0  0  0  0 
1.796787e-002
1  4  7  9  3  0  0  0  0  0 
1.228925e-014
1  4  0  0  0  0  0  0  0  0 
2.866989e-002
1  5  6  4  0  0  0  0  0  0 
6.138960e-015
1  5  0  0  0  0  0  0  0  0 
7.986948e-002
1  4  6  5  0  0  0  0  0  0 
6.142723e-015
1  11   8   2   5   0   0   0   0   0 
4.100490e-015
1  4  6  0  0  0  0  0  0  0 
1.523737e-002
1  5  6  0  0  0  0  0  0  0 
1.394262e-002
1  4  7  0  0  0  0  0  0  0 
1.632071e-001
1  5  6  4  7  0  0  0  0  0 
6.150769e-015
1  11   8   0   0   0   0   0   0   0 
1.644715e-001
1  5  2  8  0  0  0  0  0  0 
1.229233e-014
1  4  6  5  2  8  0  0  0  0 
4.099170e-015
1  4  7  9  0  0  0  0  0  0 
3.776610e-003
1  4  6  3  9  0  0  0  0  0 
2.356546e-014
1  5  6  3  9  0  0  0  0  0 
2.445777e-014
1   4   6   3  10   0   0   0   0   0 
1.711348e-002
1   5   6   3  10   0   0   0   0   0 
1.525965e-002
1   4   7   9  10   0   0   0   0   0 
1.991045e-002
1  11   0   0   0   0   0   0   0   0 
6.021499e-001
1   5   2   8  11   0   0   0   0   0 
4.102824e-015
2  5  1  0  0  0  0  0  0  0 
7.387039e-002
2   8  11   1   0   0   0   0   0   0 
1.227064e-014
2  5  6  4  1  0  0  0  0  0 
6.142795e-015
2  5  6  3  0  0  0  0  0  0 
2.481187e-001
2  5  1  4  6  3  0  0  0  0 
6.147020e-015
2  5  1  4  0  0  0  0  0  0 
7.044871e-002
2  5  6  4  0  0  0  0  0  0 
6.347884e-002
2   8  11   1   4   0   0   0   0   0 
1.230313e-014
2  5  0  0  0  0  0  0  0  0 
5.709178e-001
2   8  11   1   5   0   0   0   0   0 
4.102806e-015
2   8  11   1   4   6   5   0   0   0 
2.461091e-015
2  5  6  0  0  0  0  0  0  0 
1.914902e-001
2  5  1  4  6  0  0  0  0  0 
6.146359e-015
2  5  1  4  7  0  0  0  0  0 
4.549714e-001
2  5  6  4  7  0  0  0  0  0 
4.149397e-001
2   8  11   1   4   7   0   0   0   0 
1.231020e-014
2  8  0  0  0  0  0  0  0  0 
3.940528e-001
2   5   1  11   8   0   0   0   0   0 
4.102559e-015
2  5  6  3  9  0  0  0  0  0 
3.435868e-002
2   5   6   3  10   9   0   0   0   0 
1.226386e-014
2  5  1  4  7  9  0  0  0  0 
1.228388e-014
2   5   6   3  10   0   0   0   0   0 
4.152577e-001
2   5   6   3   9  10   0   0   0   0 
1.213340e-014
2   8  11   0   0   0   0   0   0   0 
4.011001e-001
2   5   1  11   0   0   0   0   0   0 
1.230748e-014
3  6  4  1  0  0  0  0  0  0 
9.810526e-003
3  6  5  1  0  0  0  0  0  0 
1.063971e-002
3  9  7  4  1  0  0  0  0  0 
1.261753e-014
3  6  5  2  0  0  0  0  0  0 
9.584946e-002
3  6  4  1  5  2  0  0  0  0 
6.148988e-015
3  6  4  0  0  0  0  0  0  0 
1.980327e-002
3  9  7  4  0  0  0  0  0  0 
1.197950e-014
3  6  5  0  0  0  0  0  0  0 
7.439698e-002
3  6  4  1  5  0  0  0  0  0 
6.147721e-015
3  6  0  0  0  0  0  0  0  0 
3.296893e-002
3  9  7  4  6  0  0  0  0  0 
4.074400e-015
3  10   9   7   4   6   0   0   0   0 
3.067271e-015
3  9  7  0  0  0  0  0  0  0 
5.492208e-002
3  10   9   7   0   0   0   0   0   0 
1.234661e-014
3  6  4  7  0  0  0  0  0  0 
1.245145e-014
3  6  5  2  8  0  0  0  0  0 
1.064993e-001
3   6   4   1  11   8   0   0   0   0 
1.228248e-014
3   6   5   1  11   8   0   0   0   0 
1.228225e-014
3  9  0  0  0  0  0  0  0  0 
5.320131e-002
3  10   9   0   0   0   0   0   0   0 
1.238218e-014
3  6  4  7  9  0  0  0  0  0 
4.105619e-015
3  10   0   0   0   0   0   0   0   0 
3.100543e-002
3   9  10   0   0   0   0   0   0   0 
1.191880e-014
3   6   4   1  11   0   0   0   0   0 
1.032928e-001
3   6   5   1  11   0   0   0   0   0 
1.133017e-001
3   9   7   4   1  11   0   0   0   0 
1.218086e-014
4  1  0  0  0  0  0  0  0  0 
4.964415e-002
4  6  5  1  0  0  0  0  0  0 
6.138047e-015
4  1  5  2  0  0  0  0  0  0 
1.166113e-002
4  6  5  2  0  0  0  0  0  0 
1.210106e-002
4   1  11   8   2   0   0   0   0   0 
1.293460e-014
4  6  3  0  0  0  0  0  0  0 
3.085968e-002
4  7  9  3  0  0  0  0  0  0 
1.206397e-014
4  1  5  6  3  0  0  0  0  0 
6.109335e-015
4  1  5  0  0  0  0  0  0  0 
2.093427e-002
4  6  5  0  0  0  0  0  0  0 
2.275661e-002
4  6  0  0  0  0  0  0  0  0 
2.151829e-002
4  1  5  6  0  0  0  0  0  0 
6.122831e-015
4  7  9  3  6  0  0  0  0  0 
4.066708e-015
4  7  0  0  0  0  0  0  0  0 
4.671793e-002
4  6  3  9  7  0  0  0  0  0 
4.079804e-015
4   6   3  10   9   7   0   0   0   0 
3.070330e-015
4   1  11   8   0   0   0   0   0   0 
1.690972e-001
4  1  5  2  8  0  0  0  0  0 
1.228873e-014
4  6  5  2  8  0  0  0  0  0 
1.226845e-014
4  7  9  0  0  0  0  0  0  0 
5.848200e-003
4  6  3  9  0  0  0  0  0  0 
1.180224e-014
4   6   3  10   9   0   0   0   0   0 
5.160843e-015
4   7   9  10   0   0   0   0   0   0 
4.200614e-003
4   6   3  10   0   0   0   0   0   0 
3.965416e-003
4   6   3   9  10   0   0   0   0   0 
1.724238e-014
4   1  11   0   0   0   0   0   0   0 
8.026410e-002
4   6   5   1  11   0   0   0   0   0 
6.142278e-015
5  1  0  0  0  0  0  0  0  0 
9.358630e-002
5  6  4  1  0  0  0  0  0  0 
6.149987e-015
5   2   8  11   1   0   0   0   0   0 
4.100892e-015
5  2  0  0  0  0  0  0  0  0 
1.885227e-001
5   1  11   8   2   0   0   0   0   0 
4.101978e-015
5  6  3  0  0  0  0  0  0  0 
3.980670e-002
5  1  4  6  3  0  0  0  0  0 
6.135642e-015
5  1  4  0  0  0  0  0  0  0 
2.224721e-002
5  6  4  0  0  0  0  0  0  0 
1.951315e-002
5  6  0  0  0  0  0  0  0  0 
7.709131e-002
5  1  4  6  0  0  0  0  0  0 
6.142097e-015
5  1  4  7  0  0  0  0  0  0 
1.162337e-001
5  6  4  7  0  0  0  0  0  0 
1.207840e-001
5  6  3  9  7  0  0  0  0  0 
1.218593e-014
5  2  8  0  0  0  0  0  0  0 
2.793499e-001
5   1  11   8   0   0   0   0   0   0 
1.230279e-014
5  6  3  9  0  0  0  0  0  0 
1.360723e-002
5  1  4  7  9  0  0  0  0  0 
1.177483e-014
5  6  4  7  9  0  0  0  0  0 
1.177177e-014
5   6   3  10   0   0   0   0   0   0 
3.244483e-002
5   6   3   9  10   0   0   0   0   0 
1.192822e-014
5   1  11   0   0   0   0   0   0   0 
2.242565e-001
5   2   8  11   0   0   0   0   0   0 
1.230569e-014
6  4  1  0  0  0  0  0  0  0 
8.321061e-003
6  5  1  0  0  0  0  0  0  0 
8.843574e-003
6  5  2  0  0  0  0  0  0  0 
5.414082e-002
6  4  1  5  2  0  0  0  0  0 
6.145641e-015
6  3  0  0  0  0  0  0  0  0 
1.076558e-001
6  4  7  9  3  0  0  0  0  0 
4.093850e-015
6   4   7   9  10   3   0   0   0   0 
3.069360e-015
6  4  0  0  0  0  0  0  0  0 
8.957490e-003
6  5  1  4  0  0  0  0  0  0 
5.981841e-015
6  3  9  7  4  0  0  0  0  0 
3.946605e-015
6  5  0  0  0  0  0  0  0  0 
4.819734e-002
6  4  1  5  0  0  0  0  0  0 
6.144718e-015
6  4  7  0  0  0  0  0  0  0 
6.775327e-002
6  3  9  7  0  0  0  0  0  0 
1.214149e-014
6  5  2  8  0  0  0  0  0  0 
1.032609e-001
6   4   1  11   8   0   0   0   0   0 
1.228128e-014
6   5   1  11   8   0   0   0   0   0 
1.228103e-014
6  3  9  0  0  0  0  0  0  0 
4.149435e-003
6   3  10   9   0   0   0   0   0   0 
1.502932e-014
6  4  7  9  0  0  0  0  0  0 
1.518072e-014
6   3  10   0   0   0   0   0   0   0 
2.067603e-002
6   3   9  10   0   0   0   0   0   0 
1.162259e-014
6   4   7   9  10   0   0   0   0   0 
5.986362e-015
6   4   1  11   0   0   0   0   0   0 
3.289468e-002
6   5   1  11   0   0   0   0   0   0 
3.681026e-002
6   5   2   8  11   0   0   0   0   0 
1.233497e-014
7  4  1  0  0  0  0  0  0  0 
9.669954e-002
7  4  6  5  1  0  0  0  0  0 
6.143463e-015
7  4  6  5  2  0  0  0  0  0 
5.502369e-002
7  4  1  5  2  0  0  0  0  0 
4.558672e-002
7  9  3  6  5  2  0  0  0  0 
1.221550e-014
7  9  3  0  0  0  0  0  0  0 
4.016202e-002
7  4  6  3  0  0  0  0  0  0 
1.231100e-014
7   9  10   3   0   0   0   0   0   0 
1.209548e-014
7  4  0  0  0  0  0  0  0  0 
3.847395e-002
7  9  3  6  4  0  0  0  0  0 
4.085321e-015
7   9  10   3   6   4   0   0   0   0 
3.064085e-015
7  4  6  5  0  0  0  0  0  0 
5.112205e-002
7  4  1  5  0  0  0  0  0  0 
4.294940e-002
7  9  3  6  5  0  0  0  0  0 
1.221331e-014
7  4  6  0  0  0  0  0  0  0 
3.551068e-002
7  9  3  6  0  0  0  0  0  0 
1.215828e-014
7   4   1  11   8   0   0   0   0   0 
3.927352e-001
7  4  6  5  2  8  0  0  0  0 
1.228554e-014
7  4  1  5  2  8  0  0  0  0 
1.230228e-014
7  9  0  0  0  0  0  0  0  0 
3.937440e-002
7  4  6  3  9  0  0  0  0  0 
4.080448e-015
7   4   6   3  10   9   0   0   0   0 
3.070635e-015
7   9  10   0   0   0   0   0   0   0 
1.227006e-001
7   9   3  10   0   0   0   0   0   0 
1.234039e-014
7   4   6   3  10   0   0   0   0   0 
6.176156e-015
7   4   1  11   0   0   0   0   0   0 
4.236500e-001
8  11   1   0   0   0   0   0   0   0 
6.506617e-002
8  2  5  1  0  0  0  0  0  0 
1.228199e-014
8  2  0  0  0  0  0  0  0  0 
2.452513e-002
8  11   1   5   2   0   0   0   0   0 
4.091261e-015
8  11   1   4   6   5   2   0   0   0 
2.454938e-015
8  2  5  6  3  0  0  0  0  0 
6.802995e-002
8  11   1   5   6   3   0   0   0   0 
1.224473e-014
8  11   1   4   6   3   0   0   0   0 
1.221422e-014
8  11   1   4   0   0   0   0   0   0 
5.038401e-002
8  2  5  1  4  0  0  0  0  0 
1.220857e-014
8  2  5  6  4  0  0  0  0  0 
1.220746e-014
8  2  5  0  0  0  0  0  0  0 
1.192823e-001
8  11   1   5   0   0   0   0   0   0 
1.229270e-014
8  2  5  6  0  0  0  0  0  0 
5.940060e-002
8  11   1   5   6   0   0   0   0   0 
1.222990e-014
8  11   1   4   6   0   0   0   0   0 
1.219732e-014
8  11   1   4   7   0   0   0   0   0 
3.051081e-001
8  2  5  1  4  7  0  0  0  0 
1.229919e-014
8  2  5  6  4  7  0  0  0  0 
1.229859e-014
8  11   1   4   7   9   0   0   0   0 
5.578439e-003
8  2  5  6  3  9  0  0  0  0 
5.879866e-003
8  11   1   5   6   3   9   0   0   0 
1.490855e-014
8   2   5   6   3  10   0   0   0   0 
1.217400e-001
8   2   5   6   3   9  10   0   0   0 
1.207764e-014
8  11   1   4   7   9  10   0   0   0 
1.216858e-014
8  11   0   0   0   0   0   0   0   0 
7.914394e-001
8   2   5   1  11   0   0   0   0   0 
4.102608e-015
9  7  4  1  0  0  0  0  0  0 
1.859429e-002
9  3  6  4  1  0  0  0  0  0 
1.166919e-014
9  3  6  5  1  0  0  0  0  0 
1.166598e-014
9  3  6  5  2  0  0  0  0  0 
1.433697e-002
9  10   3   6   5   2   0   0   0   0 
1.145273e-014
9  7  4  6  5  2  0  0  0  0 
1.164497e-014
9  3  0  0  0  0  0  0  0  0 
9.965751e-002
9  10   3   0   0   0   0   0   0   0 
1.223216e-014
9  7  4  6  3  0  0  0  0  0 
4.102941e-015
9  7  4  0  0  0  0  0  0  0 
9.880530e-003
9  3  6  4  0  0  0  0  0  0 
1.158533e-014
9  10   3   6   4   0   0   0   0   0 
5.668515e-015
9  3  6  5  0  0  0  0  0  0 
4.394565e-002
9  10   3   6   5   0   0   0   0   0 
1.211668e-014
9  7  4  6  5  0  0  0  0  0 
1.222604e-014
9  3  6  0  0  0  0  0  0  0 
4.862400e-003
9  10   3   6   0   0   0   0   0   0 
1.117467e-014
9  7  4  6  0  0  0  0  0  0 
1.161425e-014
9  7  0  0  0  0  0  0  0  0 
5.682721e-002
9  3  6  4  7  0  0  0  0  0 
4.092481e-015
9  10   3   6   4   7   0   0   0   0 
3.068063e-015
9   7   4   1  11   8   0   0   0   0 
1.857460e-002
9  3  6  5  2  8  0  0  0  0 
2.286117e-002
9  10   3   6   5   2   8   0   0   0 
1.228313e-014
9  10   0   0   0   0   0   0   0   0 
1.768812e-002
9   3  10   0   0   0   0   0   0   0 
1.233307e-014
9   7   4   1  11   0   0   0   0   0 
1.872180e-002
9   3   6   4   1  11   0   0   0   0 
1.167511e-014
9   3   6   5   1  11   0   0   0   0 
1.167192e-014
10   3   6   4   1   0   0   0   0   0 
1.813986e-002
10   9   7   4   1   0   0   0   0   0 
2.053658e-002
10   3   6   5   1   0   0   0   0   0 
1.990575e-002
10   3   6   5   2   0   0   0   0   0 
4.650007e-002
10   9   3   6   5   2   0   0   0   0 
1.215603e-014
10   3   0   0   0   0   0   0   0   0 
7.549485e-002
10   9   3   0   0   0   0   0   0   0 
1.219501e-014
10   3   6   4   0   0   0   0   0   0 
1.009280e-002
10   9   7   4   0   0   0   0   0   0 
1.079928e-002
10   3   9   7   4   0   0   0   0   0 
1.266662e-014
10   3   6   5   0   0   0   0   0   0 
8.413521e-002
10   9   3   6   5   0   0   0   0   0 
1.220163e-014
10   3   6   0   0   0   0   0   0   0 
2.817355e-002
10   9   3   6   0   0   0   0   0   0 
1.209728e-014
10   9   7   0   0   0   0   0   0   0 
1.729892e-001
10   3   9   7   0   0   0   0   0   0 
1.220147e-014
10   3   6   5   2   8   0   0   0   0 
1.276519e-001
10   9   3   6   5   2   8   0   0   0 
1.221065e-014
10   3   6   5   1  11   8   0   0   0 
1.228810e-014
10   9   0   0   0   0   0   0   0   0 
1.345576e-002
10   3   9   0   0   0   0   0   0   0 
1.205343e-014
10   3   6   4   1  11   0   0   0   0 
5.540858e-002
10   3   6   5   1  11   0   0   0   0 
5.861262e-002
10   9   7   4   1  11   0   0   0   0 
7.028856e-002
11   1   0   0   0   0   0   0   0   0 
4.134574e-001
11   8   2   5   1   0   0   0   0   0 
4.102506e-015
11   8   2   0   0   0   0   0   0   0 
9.017848e-002
11   1   5   2   0   0   0   0   0   0 
1.229748e-014
11   1   4   6   3   0   0   0   0   0 
4.344023e-002
11   1   5   6   3   0   0   0   0   0 
3.405088e-002
11   8   2   5   6   3   0   0   0   0 
1.237135e-014
11   1   4   0   0   0   0   0   0   0 
2.622865e-002
11   1   5   6   4   0   0   0   0   0 
6.137806e-015
11   1   5   0   0   0   0   0   0   0 
2.277694e-001
11   8   2   5   0   0   0   0   0   0 
1.230625e-014
11   1   4   6   5   0   0   0   0   0 
6.147720e-015
11   1   4   6   0   0   0   0   0   0 
2.912939e-002
11   1   5   6   0   0   0   0   0   0 
2.380315e-002
11   8   2   5   6   0   0   0   0   0 
1.243480e-014
11   1   4   7   0   0   0   0   0   0 
3.085071e-001
11   8   0   0   0   0   0   0   0   0 
3.317645e-001
11   1   5   2   8   0   0   0   0   0 
4.102444e-015
11   1   4   7   9   0   0   0   0   0 
1.296111e-002
11   1   4   6   3   9   0   0   0   0 
1.113014e-014
11   1   5   6   3   9   0   0   0   0 
1.121976e-014
11   1   4   7   9  10   0   0   0   0 
2.193582e-002
11   1   5   6   3  10   0   0   0   0 
1.652503e-002
11   1   4   6   3  10   0   0   0   0 
1.869137e-002
