1  5  2  0  0  0  0  0  0  0 
1.154782e-001
1  11   8   2   0   0   0   0   0   0 
3.331594e-011
1  4  6  5  2  0  0  0  0  0 
1.668340e-011
1  4  6  3  0  0  0  0  0  0 
1.232815e-002
1  5  6  3  0  0  0  0  0  0 
1.177610e-002
1  4  7  9  3  0  0  0  0  0 
3.375810e-011
1  4  0  0  0  0  0  0  0  0 
2.344216e-002
1  5  6  4  0  0  0  0  0  0 
1.658078e-011
1  5  0  0  0  0  0  0  0  0 
9.083089e-002
1  4  6  5  0  0  0  0  0  0 
1.667903e-011
1  11   8   2   5   0   0   0   0   0 
1.112939e-011
1  4  6  0  0  0  0  0  0  0 
1.882284e-002
1  5  6  0  0  0  0  0  0  0 
1.729279e-002
1  4  7  0  0  0  0  0  0  0 
8.284539e-002
1  5  6  4  7  0  0  0  0  0 
1.668446e-011
1  11   8   0   0   0   0   0   0   0 
1.777206e-001
1  5  2  8  0  0  0  0  0  0 
3.338371e-011
1  4  6  5  2  8  0  0  0  0 
1.114142e-011
1  4  7  9  0  0  0  0  0  0 
5.966085e-003
1  4  6  3  9  0  0  0  0  0 
3.038052e-011
1  5  6  3  9  0  0  0  0  0 
3.067734e-011
1   4   6   3  10   0   0   0   0   0 
2.948543e-002
1   5   6   3  10   0   0   0   0   0 
2.650560e-002
1   4   7   9  10   0   0   0   0   0 
3.481657e-002
1  11   0   0   0   0   0   0   0   0 
4.804461e-001
1   5   2   8  11   0   0   0   0   0 
1.114954e-011
2  5  1  0  0  0  0  0  0  0 
1.213065e-001
2   8  11   1   0   0   0   0   0   0 
3.332543e-011
2  5  6  4  1  0  0  0  0  0 
1.668894e-011
2  5  6  3  0  0  0  0  0  0 
2.120359e-001
2  5  1  4  6  3  0  0  0  0 
1.670801e-011
2  5  1  4  0  0  0  0  0  0 
5.073837e-002
2  5  6  4  0  0  0  0  0  0 
5.136576e-002
2   8  11   1   4   0   0   0   0   0 
3.327189e-011
2  5  0  0  0  0  0  0  0  0 
5.550478e-001
2   8  11   1   5   0   0   0   0   0 
1.114899e-011
2   8  11   1   4   6   5   0   0   0 
6.689384e-012
2  5  6  0  0  0  0  0  0  0 
2.119728e-001
2  5  1  4  6  0  0  0  0  0 
1.670801e-011
2  5  1  4  7  0  0  0  0  0 
2.764936e-001
2  5  6  4  7  0  0  0  0  0 
3.168950e-001
2   8  11   1   4   7   0   0   0   0 
3.340940e-011
2  8  0  0  0  0  0  0  0  0 
3.656433e-001
2   5   1  11   8   0   0   0   0   0 
1.114289e-011
2  5  6  3  9  0  0  0  0  0 
3.865762e-002
2   5   6   3  10   9   0   0   0   0 
3.303066e-011
2  5  1  4  7  9  0  0  0  0 
3.309737e-011
2   5   6   3  10   0   0   0   0   0 
2.821538e-001
2   5   6   3   9  10   0   0   0   0 
3.324722e-011
2   8  11   0   0   0   0   0   0   0 
4.749643e-001
2   5   1  11   0   0   0   0   0   0 
3.339945e-011
3  6  4  1  0  0  0  0  0  0 
9.130644e-003
3  6  5  1  0  0  0  0  0  0 
9.150726e-003
3  9  7  4  1  0  0  0  0  0 
3.448391e-011
3  6  5  2  0  0  0  0  0  0 
9.519750e-002
3  6  4  1  5  2  0  0  0  0 
1.668909e-011
3  6  4  0  0  0  0  0  0  0 
1.651822e-002
3  9  7  4  0  0  0  0  0  0 
3.259352e-011
3  6  5  0  0  0  0  0  0  0 
5.525610e-002
3  6  4  1  5  0  0  0  0  0 
1.666166e-011
3  6  0  0  0  0  0  0  0  0 
6.218031e-002
3  9  7  4  6  0  0  0  0  0 
1.111168e-011
3  10   9   7   4   6   0   0   0   0 
8.349496e-012
3  9  7  0  0  0  0  0  0  0 
5.980846e-002
3  10   9   7   0   0   0   0   0   0 
3.324771e-011
3  6  4  7  0  0  0  0  0  0 
3.336416e-011
3  6  5  2  8  0  0  0  0  0 
9.937167e-002
3   6   4   1  11   8   0   0   0   0 
3.325863e-011
3   6   5   1  11   8   0   0   0   0 
3.325974e-011
3  9  0  0  0  0  0  0  0  0 
5.611486e-002
3  10   9   0   0   0   0   0   0   0 
3.330467e-011
3  6  4  7  9  0  0  0  0  0 
1.112175e-011
3  10   0   0   0   0   0   0   0   0 
2.985472e-002
3   9  10   0   0   0   0   0   0   0 
3.260175e-011
3   6   4   1  11   0   0   0   0   0 
1.075700e-001
3   6   5   1  11   0   0   0   0   0 
1.075118e-001
3   9   7   4   1  11   0   0   0   0 
3.324134e-011
4  1  0  0  0  0  0  0  0  0 
7.780824e-002
4  6  5  1  0  0  0  0  0  0 
1.667799e-011
4  1  5  2  0  0  0  0  0  0 
2.852958e-002
4  6  5  2  0  0  0  0  0  0 
3.051168e-002
4   1  11   8   2   0   0   0   0   0 
3.328839e-011
4  6  3  0  0  0  0  0  0  0 
3.406851e-002
4  7  9  3  0  0  0  0  0  0 
3.283662e-011
4  1  5  6  3  0  0  0  0  0 
1.655069e-011
4  1  5  0  0  0  0  0  0  0 
2.338238e-002
4  6  5  0  0  0  0  0  0  0 
2.574464e-002
4  6  0  0  0  0  0  0  0  0 
2.424247e-002
4  1  5  6  0  0  0  0  0  0 
1.654940e-011
4  7  9  3  6  0  0  0  0  0 
1.104297e-011
4  7  0  0  0  0  0  0  0  0 
6.286339e-002
4  6  3  9  7  0  0  0  0  0 
1.111462e-011
4   6   3  10   9   7   0   0   0   0 
8.351164e-012
4   1  11   8   0   0   0   0   0   0 
2.195527e-001
4  1  5  2  8  0  0  0  0  0 
3.339630e-011
4  6  5  2  8  0  0  0  0  0 
3.339296e-011
4  7  9  0  0  0  0  0  0  0 
8.551335e-003
4  6  3  9  0  0  0  0  0  0 
3.676609e-011
4   6   3  10   9   0   0   0   0   0 
1.667351e-011
4   7   9  10   0   0   0   0   0   0 
9.028660e-003
4   6   3  10   0   0   0   0   0   0 
8.334320e-003
4   6   3   9  10   0   0   0   0   0 
3.465435e-011
4   1  11   0   0   0   0   0   0   0 
7.259293e-002
4   6   5   1  11   0   0   0   0   0 
1.667442e-011
5  1  0  0  0  0  0  0  0  0 
1.052633e-001
5  6  4  1  0  0  0  0  0  0 
1.668907e-011
5   2   8  11   1   0   0   0   0   0 
1.113275e-011
5  2  0  0  0  0  0  0  0  0 
2.145812e-001
5   1  11   8   2   0   0   0   0   0 
1.114407e-011
5  6  3  0  0  0  0  0  0  0 
3.927754e-002
5  1  4  6  3  0  0  0  0  0 
1.663002e-011
5  1  4  0  0  0  0  0  0  0 
3.101203e-002
5  6  4  0  0  0  0  0  0  0 
3.163714e-002
5  6  0  0  0  0  0  0  0  0 
8.110381e-002
5  1  4  6  0  0  0  0  0  0 
1.667888e-011
5  1  4  7  0  0  0  0  0  0 
1.238806e-001
5  6  4  7  0  0  0  0  0  0 
1.290538e-001
5  6  3  9  7  0  0  0  0  0 
3.329793e-011
5  2  8  0  0  0  0  0  0  0 
3.206310e-001
5   1  11   8   0   0   0   0   0   0 
3.339315e-011
5  6  3  9  0  0  0  0  0  0 
2.452651e-002
5  1  4  7  9  0  0  0  0  0 
3.271375e-011
5  6  4  7  9  0  0  0  0  0 
3.269727e-011
5   6   3  10   0   0   0   0   0   0 
5.022577e-002
5   6   3   9  10   0   0   0   0   0 
3.287969e-011
5   1  11   0   0   0   0   0   0   0 
2.967019e-001
5   2   8  11   0   0   0   0   0   0 
3.341629e-011
6  4  1  0  0  0  0  0  0  0 
1.926198e-002
6  5  1  0  0  0  0  0  0  0 
1.921626e-002
6  5  2  0  0  0  0  0  0  0 
5.544804e-002
6  4  1  5  2  0  0  0  0  0 
1.666189e-011
6  3  0  0  0  0  0  0  0  0 
9.477906e-002
6  4  7  9  3  0  0  0  0  0 
1.113111e-011
6   4   7   9  10   3   0   0   0   0 
8.350740e-012
6  4  0  0  0  0  0  0  0  0 
2.424970e-002
6  5  1  4  0  0  0  0  0  0 
1.654170e-011
6  3  9  7  4  0  0  0  0  0 
1.103302e-011
6  5  0  0  0  0  0  0  0  0 
7.888666e-002
6  4  1  5  0  0  0  0  0  0 
1.668120e-011
6  4  7  0  0  0  0  0  0  0 
6.282015e-002
6  3  9  7  0  0  0  0  0  0 
3.309956e-011
6  5  2  8  0  0  0  0  0  0 
1.576872e-001
6   4   1  11   8   0   0   0   0   0 
3.333206e-011
6   5   1  11   8   0   0   0   0   0 
3.333314e-011
6  3  9  0  0  0  0  0  0  0 
9.483135e-003
6   3  10   9   0   0   0   0   0   0 
3.648313e-011
6  4  7  9  0  0  0  0  0  0 
3.680110e-011
6   3  10   0   0   0   0   0   0   0 
1.804062e-002
6   3   9  10   0   0   0   0   0   0 
3.188778e-011
6   4   7   9  10   0   0   0   0   0 
1.617008e-011
6   4   1  11   0   0   0   0   0   0 
4.505622e-002
6   5   1  11   0   0   0   0   0   0 
4.640801e-002
6   5   2   8  11   0   0   0   0   0 
3.326167e-011
7  4  1  0  0  0  0  0  0  0 
1.348222e-001
7  4  6  5  1  0  0  0  0  0 
1.669905e-011
7  4  6  5  2  0  0  0  0  0 
7.152067e-002
7  4  1  5  2  0  0  0  0  0 
6.086489e-002
7  9  3  6  5  2  0  0  0  0 
3.323510e-011
7  9  3  0  0  0  0  0  0  0 
1.196498e-001
7  4  6  3  0  0  0  0  0  0 
3.336135e-011
7   9  10   3   0   0   0   0   0   0 
3.326182e-011
7  4  0  0  0  0  0  0  0  0 
5.574625e-001
7  9  3  6  4  0  0  0  0  0 
1.115197e-011
7   9  10   3   6   4   0   0   0   0 
8.362898e-012
7  4  6  5  0  0  0  0  0  0 
5.347442e-002
7  4  1  5  0  0  0  0  0  0 
4.727098e-002
7  9  3  6  5  0  0  0  0  0 
3.317482e-011
7  4  6  0  0  0  0  0  0  0 
4.999606e-002
7  9  3  6  0  0  0  0  0  0 
3.310408e-011
7   4   1  11   8   0   0   0   0   0 
3.932383e-001
7  4  6  5  2  8  0  0  0  0 
3.343577e-011
7  4  1  5  2  8  0  0  0  0 
3.343535e-011
7  9  0  0  0  0  0  0  0  0 
9.744405e-003
7  4  6  3  9  0  0  0  0  0 
1.088061e-011
7   4   6   3  10   9   0   0   0   0 
8.191544e-012
7   9  10   0   0   0   0   0   0   0 
1.320156e-001
7   9   3  10   0   0   0   0   0   0 
3.340545e-011
7   4   6   3  10   0   0   0   0   0 
1.671652e-011
7   4   1  11   0   0   0   0   0   0 
3.812717e-001
8  11   1   0   0   0   0   0   0   0 
1.101589e-001
8  2  5  1  0  0  0  0  0  0 
3.333066e-011
8  2  0  0  0  0  0  0  0  0 
4.307658e-002
8  11   1   5   2   0   0   0   0   0 
1.110782e-011
8  11   1   4   6   5   2   0   0   0 
6.672658e-012
8  2  5  6  3  0  0  0  0  0 
6.647149e-002
8  11   1   5   6   3   0   0   0   0 
3.315431e-011
8  11   1   4   6   3   0   0   0   0 
3.312540e-011
8  11   1   4   0   0   0   0   0   0 
2.016205e-002
8  2  5  1  4  0  0  0  0  0 
3.220535e-011
8  2  5  6  4  0  0  0  0  0 
3.218308e-011
8  2  5  0  0  0  0  0  0  0 
1.654467e-001
8  11   1   5   0   0   0   0   0   0 
3.335762e-011
8  2  5  6  0  0  0  0  0  0 
4.228215e-002
8  11   1   5   6   0   0   0   0   0 
3.296618e-011
8  11   1   4   6   0   0   0   0   0 
3.292860e-011
8  11   1   4   7   0   0   0   0   0 
2.933546e-001
8  2  5  1  4  7  0  0  0  0 
3.341582e-011
8  2  5  6  4  7  0  0  0  0 
3.342101e-011
8  11   1   4   7   9   0   0   0   0 
1.086990e-002
8  2  5  6  3  9  0  0  0  0 
1.144334e-002
8  11   1   5   6   3   9   0   0   0 
3.414420e-011
8   2   5   6   3  10   0   0   0   0 
8.597866e-002
8   2   5   6   3   9  10   0   0   0 
3.297906e-011
8  11   1   4   7   9  10   0   0   0 
3.308075e-011
8  11   0   0   0   0   0   0   0   0 
8.640022e-001
8   2   5   1  11   0   0   0   0   0 
1.114850e-011
9  7  4  1  0  0  0  0  0  0 
1.887522e-002
9  3  6  4  1  0  0  0  0  0 
3.195071e-011
9  3  6  5  1  0  0  0  0  0 
3.195369e-011
9  3  6  5  2  0  0  0  0  0 
1.053883e-002
9  10   3   6   5   2   0   0   0   0 
3.664964e-011
9  7  4  6  5  2  0  0  0  0 
3.715259e-011
9  3  0  0  0  0  0  0  0  0 
7.143367e-002
9  10   3   0   0   0   0   0   0   0 
3.317167e-011
9  7  4  6  3  0  0  0  0  0 
1.112461e-011
9  7  4  0  0  0  0  0  0  0 
1.780336e-002
9  3  6  4  0  0  0  0  0  0 
3.241143e-011
9  10   3   6   4   0   0   0   0   0 
1.617707e-011
9  3  6  5  0  0  0  0  0  0 
4.651065e-002
9  10   3   6   5   0   0   0   0   0 
3.293742e-011
9  7  4  6  5  0  0  0  0  0 
3.305981e-011
9  3  6  0  0  0  0  0  0  0 
4.589265e-003
9  10   3   6   0   0   0   0   0   0 
2.392026e-011
9  7  4  6  0  0  0  0  0  0 
2.454328e-011
9  7  0  0  0  0  0  0  0  0 
1.854469e-002
9  3  6  4  7  0  0  0  0  0 
1.102962e-011
9  10   3   6   4   7   0   0   0   0 
8.283123e-012
9   7   4   1  11   8   0   0   0   0 
1.861730e-002
9  3  6  5  2  8  0  0  0  0 
2.114662e-002
9  10   3   6   5   2   8   0   0   0 
3.311375e-011
9  10   0   0   0   0   0   0   0   0 
3.321582e-002
9   3  10   0   0   0   0   0   0   0 
3.314082e-011
9   7   4   1  11   0   0   0   0   0 
1.994676e-002
9   3   6   4   1  11   0   0   0   0 
3.206220e-011
9   3   6   5   1  11   0   0   0   0 
3.206501e-011
10   3   6   4   1   0   0   0   0   0 
1.683494e-002
10   9   7   4   1   0   0   0   0   0 
1.788080e-002
10   3   6   5   1   0   0   0   0   0 
1.679642e-002
10   3   6   5   2   0   0   0   0   0 
3.626205e-002
10   9   3   6   5   2   0   0   0   0 
3.292855e-011
10   3   0   0   0   0   0   0   0   0 
1.047805e-001
10   9   3   0   0   0   0   0   0   0 
3.325459e-011
10   3   6   4   0   0   0   0   0   0 
1.425715e-002
10   9   7   4   0   0   0   0   0   0 
1.507864e-002
10   3   9   7   4   0   0   0   0   0 
3.326602e-011
10   3   6   5   0   0   0   0   0   0 
6.986241e-002
10   9   3   6   5   0   0   0   0   0 
3.316067e-011
10   3   6   0   0   0   0   0   0   0 
1.755591e-002
10   9   3   6   0   0   0   0   0   0 
3.267076e-011
10   9   7   0   0   0   0   0   0   0 
1.592323e-001
10   3   9   7   0   0   0   0   0   0 
3.326990e-011
10   3   6   5   2   8   0   0   0   0 
1.501560e-001
10   9   3   6   5   2   8   0   0   0 
3.329305e-011
10   3   6   5   1  11   8   0   0   0 
3.332654e-011
10   9   0   0   0   0   0   0   0   0 
2.095279e-002
10   3   9   0   0   0   0   0   0   0 
3.271863e-011
10   3   6   4   1  11   0   0   0   0 
5.757791e-002
10   3   6   5   1  11   0   0   0   0 
5.679454e-002
10   9   7   4   1  11   0   0   0   0 
7.697920e-002
11   1   0   0   0   0   0   0   0   0 
3.144757e-001
11   8   2   5   1   0   0   0   0   0 
1.114738e-011
11   8   2   0   0   0   0   0   0   0 
7.408134e-002
11   1   5   2   0   0   0   0   0   0 
3.326742e-011
11   1   4   6   3   0   0   0   0   0 
4.604830e-002
11   1   5   6   3   0   0   0   0   0 
4.316809e-002
11   8   2   5   6   3   0   0   0   0 
3.327938e-011
11   1   4   0   0   0   0   0   0   0 
4.449157e-002
11   1   5   6   4   0   0   0   0   0 
1.664669e-011
11   1   5   0   0   0   0   0   0   0 
2.194756e-001
11   8   2   5   0   0   0   0   0   0 
3.339145e-011
11   1   4   6   5   0   0   0   0   0 
1.670453e-011
11   1   4   6   0   0   0   0   0   0 
3.559759e-002
11   1   5   6   0   0   0   0   0   0 
3.392071e-002
11   8   2   5   6   0   0   0   0   0 
3.327099e-011
11   1   4   7   0   0   0   0   0   0 
4.810067e-001
11   8   0   0   0   0   0   0   0   0 
4.326526e-001
11   1   5   2   8   0   0   0   0   0 
1.114705e-011
11   1   4   7   9   0   0   0   0   0 
1.773102e-002
11   1   4   6   3   9   0   0   0   0 
3.113713e-011
11   1   5   6   3   9   0   0   0   0 
3.124386e-011
11   1   4   7   9  10   0   0   0   0 
1.662111e-002
11   1   5   6   3  10   0   0   0   0 
1.412513e-002
11   1   4   6   3  10   0   0   0   0 
1.523877e-002
