1  5  2  0  0  0  0  0  0  0 
1.044511e-001
1  11   8   2   0   0   0   0   0   0 
2.309727e-014
1  4  6  5  2  0  0  0  0  0 
1.161812e-014
1  4  6  3  0  0  0  0  0  0 
1.521111e-002
1  5  6  3  0  0  0  0  0  0 
1.497720e-002
1  4  7  9  3  0  0  0  0  0 
2.245926e-014
1  4  0  0  0  0  0  0  0  0 
2.263668e-002
1  5  6  4  0  0  0  0  0  0 
1.145253e-014
1  5  0  0  0  0  0  0  0  0 
1.036506e-001
1  4  6  5  0  0  0  0  0  0 
1.162294e-014
1  11   8   2   5   0   0   0   0   0 
7.751444e-015
1  4  6  0  0  0  0  0  0  0 
2.446898e-002
1  5  6  0  0  0  0  0  0  0 
2.278195e-002
1  4  7  0  0  0  0  0  0  0 
9.886530e-002
1  5  6  4  7  0  0  0  0  0 
1.162729e-014
1  11   8   0   0   0   0   0   0   0 
2.175414e-001
1  5  2  8  0  0  0  0  0  0 
2.331480e-014
1  4  6  5  2  8  0  0  0  0 
7.780748e-015
1  4  7  9  0  0  0  0  0  0 
4.851900e-003
1  4  6  3  9  0  0  0  0  0 
1.837555e-014
1  5  6  3  9  0  0  0  0  0 
1.874472e-014
1   4   6   3  10   0   0   0   0   0 
2.837435e-002
1   5   6   3  10   0   0   0   0   0 
2.606319e-002
1   4   7   9  10   0   0   0   0   0 
3.498221e-002
1  11   0   0   0   0   0   0   0   0 
6.779622e-001
1   5   2   8  11   0   0   0   0   0 
7.786736e-015
2  5  1  0  0  0  0  0  0  0 
1.445324e-001
2   8  11   1   0   0   0   0   0   0 
2.319719e-014
2  5  6  4  1  0  0  0  0  0 
1.163074e-014
2  5  6  3  0  0  0  0  0  0 
1.922487e-001
2  5  1  4  6  3  0  0  0  0 
1.165707e-014
2  5  1  4  0  0  0  0  0  0 
7.100090e-002
2  5  6  4  0  0  0  0  0  0 
6.590444e-002
2   8  11   1   4   0   0   0   0   0 
2.306883e-014
2  5  0  0  0  0  0  0  0  0 
5.746419e-001
2   8  11   1   5   0   0   0   0   0 
7.782295e-015
2   8  11   1   4   6   5   0   0   0 
4.670153e-015
2  5  6  0  0  0  0  0  0  0 
1.914030e-001
2  5  1  4  6  0  0  0  0  0 
1.165695e-014
2  5  1  4  7  0  0  0  0  0 
2.687771e-001
2  5  6  4  7  0  0  0  0  0 
3.099230e-001
2   8  11   1   4   7   0   0   0   0 
2.327854e-014
2  8  0  0  0  0  0  0  0  0 
4.972218e-001
2   5   1  11   8   0   0   0   0   0 
7.769233e-015
2  5  6  3  9  0  0  0  0  0 
2.984691e-002
2   5   6   3  10   9   0   0   0   0 
2.252598e-014
2  5  1  4  7  9  0  0  0  0 
2.251416e-014
2   5   6   3  10   0   0   0   0   0 
2.278762e-001
2   5   6   3   9  10   0   0   0   0 
2.341270e-014
2   8  11   0   0   0   0   0   0   0 
5.091445e-001
2   5   1  11   0   0   0   0   0   0 
2.323996e-014
3  6  4  1  0  0  0  0  0  0 
1.910933e-002
3  6  5  1  0  0  0  0  0  0 
2.225542e-002
3  9  7  4  1  0  0  0  0  0 
2.259025e-014
3  6  5  2  0  0  0  0  0  0 
1.009339e-001
3  6  4  1  5  2  0  0  0  0 
1.162581e-014
3  6  4  0  0  0  0  0  0  0 
3.040945e-002
3  9  7  4  0  0  0  0  0  0 
2.272122e-014
3  6  5  0  0  0  0  0  0  0 
3.531232e-002
3  6  4  1  5  0  0  0  0  0 
1.152918e-014
3  6  0  0  0  0  0  0  0  0 
5.167596e-002
3  9  7  4  6  0  0  0  0  0 
7.750184e-015
3  10   9   7   4   6   0   0   0   0 
5.821489e-015
3  9  7  0  0  0  0  0  0  0 
5.515105e-002
3  10   9   7   0   0   0   0   0   0 
2.293220e-014
3  6  4  7  0  0  0  0  0  0 
2.284353e-014
3  6  5  2  8  0  0  0  0  0 
9.589603e-002
3   6   4   1  11   8   0   0   0   0 
2.304946e-014
3   6   5   1  11   8   0   0   0   0 
2.305087e-014
3  9  0  0  0  0  0  0  0  0 
5.774440e-002
3  10   9   0   0   0   0   0   0   0 
2.299955e-014
3  6  4  7  9  0  0  0  0  0 
7.732065e-015
3  10   0   0   0   0   0   0   0   0 
3.302952e-002
3   9  10   0   0   0   0   0   0   0 
2.276458e-014
3   6   4   1  11   0   0   0   0   0 
8.058481e-002
3   6   5   1  11   0   0   0   0   0 
8.928629e-002
3   9   7   4   1  11   0   0   0   0 
2.322655e-014
4  1  0  0  0  0  0  0  0  0 
2.670487e-002
4  6  5  1  0  0  0  0  0  0 
1.148875e-014
4  1  5  2  0  0  0  0  0  0 
2.380111e-002
4  6  5  2  0  0  0  0  0  0 
2.520346e-002
4   1  11   8   2   0   0   0   0   0 
2.267150e-014
4  6  3  0  0  0  0  0  0  0 
2.299387e-002
4  7  9  3  0  0  0  0  0  0 
2.237084e-014
4  1  5  6  3  0  0  0  0  0 
1.135017e-014
4  1  5  0  0  0  0  0  0  0 
2.085540e-002
4  6  5  0  0  0  0  0  0  0 
2.200849e-002
4  6  0  0  0  0  0  0  0  0 
3.760534e-002
4  1  5  6  0  0  0  0  0  0 
1.150201e-014
4  7  9  3  6  0  0  0  0  0 
7.714754e-015
4  7  0  0  0  0  0  0  0  0 
5.563123e-002
4  6  3  9  7  0  0  0  0  0 
7.758273e-015
4   6   3  10   9   7   0   0   0   0 
5.826239e-015
4   1  11   8   0   0   0   0   0   0 
2.481155e-001
4  1  5  2  8  0  0  0  0  0 
2.332022e-014
4  6  5  2  8  0  0  0  0  0 
2.335328e-014
4  7  9  0  0  0  0  0  0  0 
6.882195e-003
4  6  3  9  0  0  0  0  0  0 
2.048859e-014
4   6   3  10   9   0   0   0   0   0 
1.043510e-014
4   7   9  10   0   0   0   0   0   0 
1.222615e-002
4   6   3  10   0   0   0   0   0   0 
1.104468e-002
4   6   3   9  10   0   0   0   0   0 
2.227710e-014
4   1  11   0   0   0   0   0   0   0 
9.877999e-002
4   6   5   1  11   0   0   0   0   0 
1.163275e-014
5  1  0  0  0  0  0  0  0  0 
1.764378e-001
5  6  4  1  0  0  0  0  0  0 
1.164041e-014
5   2   8  11   1   0   0   0   0   0 
7.766222e-015
5  2  0  0  0  0  0  0  0  0 
1.627735e-001
5   1  11   8   2   0   0   0   0   0 
7.766716e-015
5  6  3  0  0  0  0  0  0  0 
6.116433e-002
5  1  4  6  3  0  0  0  0  0 
1.159605e-014
5  1  4  0  0  0  0  0  0  0 
3.417626e-002
5  6  4  0  0  0  0  0  0  0 
3.130372e-002
5  6  0  0  0  0  0  0  0  0 
7.164291e-002
5  1  4  6  0  0  0  0  0  0 
1.160908e-014
5  1  4  7  0  0  0  0  0  0 
1.377283e-001
5  6  4  7  0  0  0  0  0  0 
1.474725e-001
5  6  3  9  7  0  0  0  0  0 
2.338339e-014
5  2  8  0  0  0  0  0  0  0 
3.059804e-001
5   1  11   8   0   0   0   0   0   0 
2.323102e-014
5  6  3  9  0  0  0  0  0  0 
1.811158e-002
5  1  4  7  9  0  0  0  0  0 
2.205490e-014
5  6  4  7  9  0  0  0  0  0 
2.205205e-014
5   6   3  10   0   0   0   0   0   0 
6.846477e-002
5   6   3   9  10   0   0   0   0   0 
2.313741e-014
5   1  11   0   0   0   0   0   0   0 
2.724029e-001
5   2   8  11   0   0   0   0   0   0 
2.330720e-014
6  4  1  0  0  0  0  0  0  0 
2.768951e-002
6  5  1  0  0  0  0  0  0  0 
3.002964e-002
6  5  2  0  0  0  0  0  0  0 
6.206623e-002
6  4  1  5  2  0  0  0  0  0 
1.159256e-014
6  3  0  0  0  0  0  0  0  0 
5.557012e-002
6  4  7  9  3  0  0  0  0  0 
7.751629e-015
6   4   7   9  10   3   0   0   0   0 
5.822360e-015
6  4  0  0  0  0  0  0  0  0 
2.751987e-002
6  5  1  4  0  0  0  0  0  0 
1.143874e-014
6  3  9  7  4  0  0  0  0  0 
7.682023e-015
6  5  0  0  0  0  0  0  0  0 
7.178431e-002
6  4  1  5  0  0  0  0  0  0 
1.160419e-014
6  4  7  0  0  0  0  0  0  0 
7.622574e-002
6  3  9  7  0  0  0  0  0  0 
2.320205e-014
6  5  2  8  0  0  0  0  0  0 
1.461579e-001
6   4   1  11   8   0   0   0   0   0 
2.314138e-014
6   5   1  11   8   0   0   0   0   0 
2.314347e-014
6  3  9  0  0  0  0  0  0  0 
1.131474e-002
6   3  10   9   0   0   0   0   0   0 
2.127332e-014
6  4  7  9  0  0  0  0  0  0 
2.139202e-014
6   3  10   0   0   0   0   0   0   0 
2.681130e-002
6   3   9  10   0   0   0   0   0   0 
2.246883e-014
6   4   7   9  10   0   0   0   0   0 
1.142112e-014
6   4   1  11   0   0   0   0   0   0 
9.369071e-002
6   5   1  11   0   0   0   0   0   0 
1.008579e-001
6   5   2   8  11   0   0   0   0   0 
2.317790e-014
7  4  1  0  0  0  0  0  0  0 
1.214066e-001
7  4  6  5  1  0  0  0  0  0 
1.164319e-014
7  4  6  5  2  0  0  0  0  0 
9.109844e-002
7  4  1  5  2  0  0  0  0  0 
7.425292e-002
7  9  3  6  5  2  0  0  0  0 
2.324025e-014
7  9  3  0  0  0  0  0  0  0 
1.307470e-001
7  4  6  3  0  0  0  0  0  0 
2.307413e-014
7   9  10   3   0   0   0   0   0   0 
2.319981e-014
7  4  0  0  0  0  0  0  0  0 
4.257078e-002
7  9  3  6  4  0  0  0  0  0 
7.737851e-015
7   9  10   3   6   4   0   0   0   0 
5.814122e-015
7  4  6  5  0  0  0  0  0  0 
6.992284e-002
7  4  1  5  0  0  0  0  0  0 
5.951175e-002
7  9  3  6  5  0  0  0  0  0 
2.316965e-014
7  4  6  0  0  0  0  0  0  0 
5.276638e-002
7  9  3  6  0  0  0  0  0  0 
2.304397e-014
7   4   1  11   8   0   0   0   0   0 
4.128819e-001
7  4  6  5  2  8  0  0  0  0 
2.339889e-014
7  4  1  5  2  8  0  0  0  0 
2.336524e-014
7  9  0  0  0  0  0  0  0  0 
1.642804e-002
7  4  6  3  9  0  0  0  0  0 
7.615538e-015
7   4   6   3  10   9   0   0   0   0 
5.742274e-015
7   9  10   0   0   0   0   0   0   0 
1.335526e-001
7   9   3  10   0   0   0   0   0   0 
2.322240e-014
7   4   6   3  10   0   0   0   0   0 
1.161447e-014
7   4   1  11   0   0   0   0   0   0 
4.586126e-001
8  11   1   0   0   0   0   0   0   0 
9.333211e-002
8  2  5  1  0  0  0  0  0  0 
2.314323e-014
8  2  0  0  0  0  0  0  0  0 
2.653321e-002
8  11   1   5   2   0   0   0   0   0 
7.679632e-015
8  11   1   4   6   5   2   0   0   0 
4.630132e-015
8  2  5  6  3  0  0  0  0  0 
7.511074e-002
8  11   1   5   6   3   0   0   0   0 
2.300460e-014
8  11   1   4   6   3   0   0   0   0 
2.301739e-014
8  11   1   4   0   0   0   0   0   0 
3.337173e-002
8  2  5  1  4  0  0  0  0  0 
2.259169e-014
8  2  5  6  4  0  0  0  0  0 
2.259989e-014
8  2  5  0  0  0  0  0  0  0 
2.012329e-001
8  11   1   5   0   0   0   0   0   0 
2.323607e-014
8  2  5  6  0  0  0  0  0  0 
6.132921e-002
8  11   1   5   6   0   0   0   0   0 
2.292970e-014
8  11   1   4   6   0   0   0   0   0 
2.294103e-014
8  11   1   4   7   0   0   0   0   0 
3.150955e-001
8  2  5  1  4  7  0  0  0  0 
2.330558e-014
8  2  5  6  4  7  0  0  0  0 
2.331365e-014
8  11   1   4   7   9   0   0   0   0 
8.205306e-003
8  2  5  6  3  9  0  0  0  0 
8.820864e-003
8  11   1   5   6   3   9   0   0   0 
2.232428e-014
8   2   5   6   3  10   0   0   0   0 
9.957877e-002
8   2   5   6   3   9  10   0   0   0 
2.319476e-014
8  11   1   4   7   9  10   0   0   0 
2.313157e-014
8  11   0   0   0   0   0   0   0   0 
8.944297e-001
8   2   5   1  11   0   0   0   0   0 
7.776755e-015
9  7  4  1  0  0  0  0  0  0 
1.529439e-002
9  3  6  4  1  0  0  0  0  0 
2.139935e-014
9  3  6  5  1  0  0  0  0  0 
2.137880e-014
9  3  6  5  2  0  0  0  0  0 
2.123992e-002
9  10   3   6   5   2   0   0   0   0 
2.211888e-014
9  7  4  6  5  2  0  0  0  0 
2.215504e-014
9  3  0  0  0  0  0  0  0  0 
6.216120e-002
9  10   3   0   0   0   0   0   0   0 
2.300292e-014
9  7  4  6  3  0  0  0  0  0 
7.738107e-015
9  7  4  0  0  0  0  0  0  0 
1.794709e-002
9  3  6  4  0  0  0  0  0  0 
2.213240e-014
9  10   3   6   4   0   0   0   0   0 
1.124959e-014
9  3  6  5  0  0  0  0  0  0 
2.255472e-002
9  10   3   6   5   0   0   0   0   0 
2.217755e-014
9  7  4  6  5  0  0  0  0  0 
2.220851e-014
9  3  6  0  0  0  0  0  0  0 
8.202435e-003
9  10   3   6   0   0   0   0   0   0 
1.941079e-014
9  7  4  6  0  0  0  0  0  0 
1.952810e-014
9  7  0  0  0  0  0  0  0  0 
1.954114e-002
9  3  6  4  7  0  0  0  0  0 
7.640836e-015
9  10   3   6   4   7   0   0   0   0 
5.755709e-015
9   7   4   1  11   8   0   0   0   0 
2.080126e-002
9  3  6  5  2  8  0  0  0  0 
2.590691e-002
9  10   3   6   5   2   8   0   0   0 
2.267065e-014
9  10   0   0   0   0   0   0   0   0 
1.633882e-002
9   3  10   0   0   0   0   0   0   0 
2.233967e-014
9   7   4   1  11   0   0   0   0   0 
3.108123e-002
9   3   6   4   1  11   0   0   0   0 
2.252166e-014
9   3   6   5   1  11   0   0   0   0 
2.251828e-014
10   3   6   4   1   0   0   0   0   0 
1.852898e-002
10   9   7   4   1   0   0   0   0   0 
2.179916e-002
10   3   6   5   1   0   0   0   0   0 
2.078940e-002
10   3   6   5   2   0   0   0   0   0 
3.737877e-002
10   9   3   6   5   2   0   0   0   0 
2.286561e-014
10   3   0   0   0   0   0   0   0   0 
1.057049e-001
10   9   3   0   0   0   0   0   0   0 
2.326156e-014
10   3   6   4   0   0   0   0   0   0 
9.971798e-003
10   9   7   4   0   0   0   0   0   0 
1.090363e-002
10   3   9   7   4   0   0   0   0   0 
2.229405e-014
10   3   6   5   0   0   0   0   0   0 
5.796673e-002
10   9   3   6   5   0   0   0   0   0 
2.307687e-014
10   3   6   0   0   0   0   0   0   0 
1.786297e-002
10   9   3   6   0   0   0   0   0   0 
2.234423e-014
10   9   7   0   0   0   0   0   0   0 
1.497862e-001
10   3   9   7   0   0   0   0   0   0 
2.324874e-014
10   3   6   5   2   8   0   0   0   0 
1.340342e-001
10   9   3   6   5   2   8   0   0   0 
2.328433e-014
10   3   6   5   1  11   8   0   0   0 
2.312183e-014
10   9   0   0   0   0   0   0   0   0 
2.315875e-002
10   3   9   0   0   0   0   0   0   0 
2.250800e-014
10   3   6   4   1  11   0   0   0   0 
4.669334e-002
10   3   6   5   1  11   0   0   0   0 
4.956254e-002
10   9   7   4   1  11   0   0   0   0 
6.198540e-002
11   1   0   0   0   0   0   0   0   0 
3.255605e-001
11   8   2   5   1   0   0   0   0   0 
7.777842e-015
11   8   2   0   0   0   0   0   0   0 
7.175383e-002
11   1   5   2   0   0   0   0   0   0 
2.303727e-014
11   1   4   6   3   0   0   0   0   0 
4.416008e-002
11   1   5   6   3   0   0   0   0   0 
3.944862e-002
11   8   2   5   6   3   0   0   0   0 
2.290928e-014
11   1   4   0   0   0   0   0   0   0 
4.404679e-002
11   1   5   6   4   0   0   0   0   0 
1.156025e-014
11   1   5   0   0   0   0   0   0   0 
1.953126e-001
11   8   2   5   0   0   0   0   0   0 
2.323098e-014
11   1   4   6   5   0   0   0   0   0 
1.164799e-014
11   1   4   6   0   0   0   0   0   0 
4.749365e-002
11   1   5   6   0   0   0   0   0   0 
4.225930e-002
11   8   2   5   6   0   0   0   0   0 
2.293428e-014
11   1   4   7   0   0   0   0   0   0 
3.366029e-001
11   8   0   0   0   0   0   0   0   0 
4.236902e-001
11   1   5   2   8   0   0   0   0   0 
7.778585e-015
11   1   4   7   9   0   0   0   0   0 
1.564158e-002
11   1   4   6   3   9   0   0   0   0 
2.133132e-014
11   1   5   6   3   9   0   0   0   0 
2.133556e-014
11   1   4   7   9  10   0   0   0   0 
2.247053e-002
11   1   5   6   3  10   0   0   0   0 
1.825343e-002
11   1   4   6   3  10   0   0   0   0 
1.935882e-002
