1  5  2  0  0  0  0  0  0  0 
7.026525e-002
1  11   8   2   0   0   0   0   0   0 
7.634338e-013
1  4  6  5  2  0  0  0  0  0 
3.837056e-013
1  4  6  3  0  0  0  0  0  0 
2.017293e-002
1  5  6  3  0  0  0  0  0  0 
1.834864e-002
1  4  7  9  3  0  0  0  0  0 
7.612467e-013
1  4  0  0  0  0  0  0  0  0 
2.593717e-002
1  5  6  4  0  0  0  0  0  0 
3.823162e-013
1  5  0  0  0  0  0  0  0  0 
4.386786e-002
1  4  6  5  0  0  0  0  0  0 
3.819481e-013
1  11   8   2   5   0   0   0   0   0 
2.558330e-013
1  4  6  0  0  0  0  0  0  0 
1.040900e-002
1  5  6  0  0  0  0  0  0  0 
9.864149e-003
1  4  7  0  0  0  0  0  0  0 
5.895529e-002
1  5  6  4  7  0  0  0  0  0 
3.849379e-013
1  11   8   0   0   0   0   0   0   0 
1.748696e-001
1  5  2  8  0  0  0  0  0  0 
7.717532e-013
1  4  6  5  2  8  0  0  0  0 
2.579910e-013
1  4  7  9  0  0  0  0  0  0 
3.834840e-003
1  4  6  3  9  0  0  0  0  0 
1.010534e-012
1  5  6  3  9  0  0  0  0  0 
1.019587e-012
1   4   6   3  10   0   0   0   0   0 
2.721170e-002
1   5   6   3  10   0   0   0   0   0 
2.413147e-002
1   4   7   9  10   0   0   0   0   0 
3.512744e-002
1  11   0   0   0   0   0   0   0   0 
6.567190e-001
1   5   2   8  11   0   0   0   0   0 
2.591474e-013
2  5  1  0  0  0  0  0  0  0 
9.745854e-002
2   8  11   1   0   0   0   0   0   0 
7.670352e-013
2  5  6  4  1  0  0  0  0  0 
3.853777e-013
2  5  6  3  0  0  0  0  0  0 
2.998031e-001
2  5  1  4  6  3  0  0  0  0 
3.876003e-013
2  5  1  4  0  0  0  0  0  0 
7.328008e-002
2  5  6  4  0  0  0  0  0  0 
6.546556e-002
2   8  11   1   4   0   0   0   0   0 
7.694452e-013
2  5  0  0  0  0  0  0  0  0 
5.242654e-001
2   8  11   1   5   0   0   0   0   0 
2.588738e-013
2   8  11   1   4   6   5   0   0   0 
1.554741e-013
2  5  6  0  0  0  0  0  0  0 
2.181375e-001
2  5  1  4  6  0  0  0  0  0 
3.869472e-013
2  5  1  4  7  0  0  0  0  0 
3.344466e-001
2  5  6  4  7  0  0  0  0  0 
3.489401e-001
2   8  11   1   4   7   0   0   0   0 
7.743948e-013
2  8  0  0  0  0  0  0  0  0 
3.832508e-001
2   5   1  11   8   0   0   0   0   0 
2.587494e-013
2  5  6  3  9  0  0  0  0  0 
3.413278e-002
2   5   6   3  10   9   0   0   0   0 
7.584163e-013
2  5  1  4  7  9  0  0  0  0 
7.602836e-013
2   5   6   3  10   0   0   0   0   0 
3.592442e-001
2   5   6   3   9  10   0   0   0   0 
7.688123e-013
2   8  11   0   0   0   0   0   0   0 
5.122921e-001
2   5   1  11   0   0   0   0   0   0 
7.744983e-013
3  6  4  1  0  0  0  0  0  0 
1.937741e-002
3  6  5  1  0  0  0  0  0  0 
2.144305e-002
3  9  7  4  1  0  0  0  0  0 
7.573868e-013
3  6  5  2  0  0  0  0  0  0 
8.696338e-002
3  6  4  1  5  2  0  0  0  0 
3.858717e-013
3  6  4  0  0  0  0  0  0  0 
1.970721e-002
3  9  7  4  0  0  0  0  0  0 
7.452619e-013
3  6  5  0  0  0  0  0  0  0 
5.583129e-002
3  6  4  1  5  0  0  0  0  0 
3.848051e-013
3  6  0  0  0  0  0  0  0  0 
5.097165e-002
3  9  7  4  6  0  0  0  0  0 
2.561891e-013
3  10   9   7   4   6   0   0   0   0 
1.929701e-013
3  9  7  0  0  0  0  0  0  0 
4.747501e-002
3  10   9   7   0   0   0   0   0   0 
7.631199e-013
3  6  4  7  0  0  0  0  0  0 
7.656218e-013
3  6  5  2  8  0  0  0  0  0 
1.331199e-001
3   6   4   1  11   8   0   0   0   0 
7.687557e-013
3   6   5   1  11   8   0   0   0   0 
7.691581e-013
3  9  0  0  0  0  0  0  0  0 
4.219462e-002
3  10   9   0   0   0   0   0   0   0 
7.628794e-013
3  6  4  7  9  0  0  0  0  0 
2.560588e-013
3  10   0   0   0   0   0   0   0   0 
3.431118e-002
3   9  10   0   0   0   0   0   0   0 
7.534489e-013
3   6   4   1  11   0   0   0   0   0 
1.084729e-001
3   6   5   1  11   0   0   0   0   0 
1.140951e-001
3   9   7   4   1  11   0   0   0   0 
7.681863e-013
4  1  0  0  0  0  0  0  0  0 
3.523821e-002
4  6  5  1  0  0  0  0  0  0 
3.830142e-013
4  1  5  2  0  0  0  0  0  0 
1.296828e-002
4  6  5  2  0  0  0  0  0  0 
1.342084e-002
4   1  11   8   2   0   0   0   0   0 
7.682007e-013
4  6  3  0  0  0  0  0  0  0 
3.005523e-002
4  7  9  3  0  0  0  0  0  0 
7.534349e-013
4  1  5  6  3  0  0  0  0  0 
3.809622e-013
4  1  5  0  0  0  0  0  0  0 
2.047226e-002
4  6  5  0  0  0  0  0  0  0 
2.138189e-002
4  6  0  0  0  0  0  0  0  0 
2.105383e-002
4  1  5  6  0  0  0  0  0  0 
3.793788e-013
4  7  9  3  6  0  0  0  0  0 
2.535120e-013
4  7  0  0  0  0  0  0  0  0 
4.981929e-002
4  6  3  9  7  0  0  0  0  0 
2.562797e-013
4   6   3  10   9   7   0   0   0   0 
1.928662e-013
4   1  11   8   0   0   0   0   0   0 
2.040970e-001
4  1  5  2  8  0  0  0  0  0 
7.734462e-013
4  6  5  2  8  0  0  0  0  0 
7.733775e-013
4  7  9  0  0  0  0  0  0  0 
9.358515e-003
4  6  3  9  0  0  0  0  0  0 
7.005859e-013
4   6   3  10   9   0   0   0   0   0 
3.550660e-013
4   7   9  10   0   0   0   0   0   0 
5.273695e-003
4   6   3  10   0   0   0   0   0   0 
5.012480e-003
4   6   3   9  10   0   0   0   0   0 
8.165891e-013
4   1  11   0   0   0   0   0   0   0 
9.916435e-002
4   6   5   1  11   0   0   0   0   0 
3.859887e-013
5  1  0  0  0  0  0  0  0  0 
1.248293e-001
5  6  4  1  0  0  0  0  0  0 
3.861095e-013
5   2   8  11   1   0   0   0   0   0 
2.575666e-013
5  2  0  0  0  0  0  0  0  0 
1.599108e-001
5   1  11   8   2   0   0   0   0   0 
2.582218e-013
5  6  3  0  0  0  0  0  0  0 
4.447414e-002
5  1  4  6  3  0  0  0  0  0 
3.838626e-013
5  1  4  0  0  0  0  0  0  0 
2.864856e-002
5  6  4  0  0  0  0  0  0  0 
2.575935e-002
5  6  0  0  0  0  0  0  0  0 
6.100671e-002
5  1  4  6  0  0  0  0  0  0 
3.849643e-013
5  1  4  7  0  0  0  0  0  0 
1.185833e-001
5  6  4  7  0  0  0  0  0  0 
1.247448e-001
5  6  3  9  7  0  0  0  0  0 
7.694860e-013
5  2  8  0  0  0  0  0  0  0 
2.771117e-001
5   1  11   8   0   0   0   0   0   0 
7.728004e-013
5  6  3  9  0  0  0  0  0  0 
6.971961e-002
5  1  4  7  9  0  0  0  0  0 
7.657605e-013
5  6  4  7  9  0  0  0  0  0 
7.652153e-013
5   6   3  10   0   0   0   0   0   0 
3.429120e-002
5   6   3   9  10   0   0   0   0   0 
7.534401e-013
5   1  11   0   0   0   0   0   0   0 
2.542795e-001
5   2   8  11   0   0   0   0   0   0 
7.729363e-013
6  4  1  0  0  0  0  0  0  0 
1.061247e-002
6  5  1  0  0  0  0  0  0  0 
1.139604e-002
6  5  2  0  0  0  0  0  0  0 
5.389905e-002
6  4  1  5  2  0  0  0  0  0 
3.846962e-013
6  3  0  0  0  0  0  0  0  0 
6.862410e-002
6  4  7  9  3  0  0  0  0  0 
2.572016e-013
6   4   7   9  10   3   0   0   0   0 
1.930745e-013
6  4  0  0  0  0  0  0  0  0 
1.914529e-002
6  5  1  4  0  0  0  0  0  0 
3.792010e-013
6  3  9  7  4  0  0  0  0  0 
2.530785e-013
6  5  0  0  0  0  0  0  0  0 
6.837832e-002
6  4  1  5  0  0  0  0  0  0 
3.853700e-013
6  4  7  0  0  0  0  0  0  0 
6.736023e-002
6  3  9  7  0  0  0  0  0  0 
7.611528e-013
6  5  2  8  0  0  0  0  0  0 
1.322131e-001
6   4   1  11   8   0   0   0   0   0 
7.686965e-013
6   5   1  11   8   0   0   0   0   0 
7.690991e-013
6  3  9  0  0  0  0  0  0  0 
2.601885e-003
6   3  10   9   0   0   0   0   0   0 
6.072080e-013
6  4  7  9  0  0  0  0  0  0 
6.558199e-013
6   3  10   0   0   0   0   0   0   0 
1.917849e-002
6   3   9  10   0   0   0   0   0   0 
7.312704e-013
6   4   7   9  10   0   0   0   0   0 
3.763361e-013
6   4   1  11   0   0   0   0   0   0 
5.315015e-002
6   5   1  11   0   0   0   0   0   0 
5.707831e-002
6   5   2   8  11   0   0   0   0   0 
7.678577e-013
7  4  1  0  0  0  0  0  0  0 
9.570721e-002
7  4  6  5  1  0  0  0  0  0 
3.859391e-013
7  4  6  5  2  0  0  0  0  0 
4.697161e-002
7  4  1  5  2  0  0  0  0  0 
4.220528e-002
7  9  3  6  5  2  0  0  0  0 
7.656342e-013
7  9  3  0  0  0  0  0  0  0 
1.215559e-001
7  4  6  3  0  0  0  0  0  0 
7.674777e-013
7   9  10   3   0   0   0   0   0   0 
7.646806e-013
7  4  0  0  0  0  0  0  0  0 
5.822176e-001
7  9  3  6  4  0  0  0  0  0 
2.588494e-013
7   9  10   3   6   4   0   0   0   0 
1.939562e-013
7  4  6  5  0  0  0  0  0  0 
4.992098e-002
7  4  1  5  0  0  0  0  0  0 
4.445523e-002
7  9  3  6  5  0  0  0  0  0 
7.659775e-013
7  4  6  0  0  0  0  0  0  0 
5.269114e-002
7  9  3  6  0  0  0  0  0  0 
7.635178e-013
7   4   1  11   8   0   0   0   0   0 
4.245805e-001
7  4  6  5  2  8  0  0  0  0 
7.691339e-013
7  4  1  5  2  8  0  0  0  0 
7.690474e-013
7  9  0  0  0  0  0  0  0  0 
6.570642e-002
7  4  6  3  9  0  0  0  0  0 
2.566958e-013
7   4   6   3  10   9   0   0   0   0 
1.930633e-013
7   9  10   0   0   0   0   0   0   0 
1.134008e-001
7   9   3  10   0   0   0   0   0   0 
7.716456e-013
7   4   6   3  10   0   0   0   0   0 
3.864693e-013
7   4   1  11   0   0   0   0   0   0 
4.129677e-001
8  11   1   0   0   0   0   0   0   0 
7.819651e-002
8  2  5  1  0  0  0  0  0  0 
7.663280e-013
8  2  0  0  0  0  0  0  0  0 
3.380431e-002
8  11   1   5   2   0   0   0   0   0 
2.554811e-013
8  11   1   4   6   5   2   0   0   0 
1.541798e-013
8  2  5  6  3  0  0  0  0  0 
2.484720e-002
8  11   1   5   6   3   0   0   0   0 
7.482886e-013
8  11   1   4   6   3   0   0   0   0 
7.469169e-013
8  11   1   4   0   0   0   0   0   0 
2.984140e-002
8  2  5  1  4  0  0  0  0  0 
7.549608e-013
8  2  5  6  4  0  0  0  0  0 
7.540250e-013
8  2  5  0  0  0  0  0  0  0 
1.032603e-001
8  11   1   5   0   0   0   0   0   0 
7.697361e-013
8  2  5  6  0  0  0  0  0  0 
6.238687e-002
8  11   1   5   6   0   0   0   0   0 
7.616753e-013
8  11   1   4   6   0   0   0   0   0 
7.608690e-013
8  11   1   4   7   0   0   0   0   0 
2.955595e-001
8  2  5  1  4  7  0  0  0  0 
7.713250e-013
8  2  5  6  4  7  0  0  0  0 
7.717708e-013
8  11   1   4   7   9   0   0   0   0 
6.312351e-003
8  2  5  6  3  9  0  0  0  0 
6.314049e-003
8  11   1   5   6   3   9   0   0   0 
8.015950e-013
8   2   5   6   3  10   0   0   0   0 
9.072157e-002
8   2   5   6   3   9  10   0   0   0 
7.536447e-013
8  11   1   4   7   9  10   0   0   0 
7.590976e-013
8  11   0   0   0   0   0   0   0   0 
7.086682e-001
8   2   5   1  11   0   0   0   0   0 
2.584097e-013
9  7  4  1  0  0  0  0  0  0 
3.123546e-002
9  3  6  4  1  0  0  0  0  0 
7.535700e-013
9  3  6  5  1  0  0  0  0  0 
7.541097e-013
9  3  6  5  2  0  0  0  0  0 
1.653409e-002
9  10   3   6   5   2   0   0   0   0 
7.135152e-013
9  7  4  6  5  2  0  0  0  0 
7.200710e-013
9  3  0  0  0  0  0  0  0  0 
8.717334e-002
9  10   3   0   0   0   0   0   0   0 
7.631119e-013
9  7  4  6  3  0  0  0  0  0 
2.571789e-013
9  7  4  0  0  0  0  0  0  0 
1.830951e-002
9  3  6  4  0  0  0  0  0  0 
7.371494e-013
9  10   3   6   4   0   0   0   0   0 
3.751800e-013
9  3  6  5  0  0  0  0  0  0 
4.035693e-002
9  10   3   6   5   0   0   0   0   0 
7.568982e-013
9  7  4  6  5  0  0  0  0  0 
7.598978e-013
9  3  6  0  0  0  0  0  0  0 
4.768065e-003
9  10   3   6   0   0   0   0   0   0 
4.483109e-013
9  7  4  6  0  0  0  0  0  0 
4.682626e-013
9  7  0  0  0  0  0  0  0  0 
2.870010e-002
9  3  6  4  7  0  0  0  0  0 
2.543573e-013
9  10   3   6   4   7   0   0   0   0 
1.913304e-013
9   7   4   1  11   8   0   0   0   0 
1.848614e-002
9  3  6  5  2  8  0  0  0  0 
2.200263e-002
9  10   3   6   5   2   8   0   0   0 
7.578032e-013
9  10   0   0   0   0   0   0   0   0 
1.962871e-002
9   3  10   0   0   0   0   0   0   0 
7.562863e-013
9   7   4   1  11   0   0   0   0   0 
2.217894e-002
9   3   6   4   1  11   0   0   0   0 
7.391820e-013
9   3   6   5   1  11   0   0   0   0 
7.393568e-013
10   3   6   4   1   0   0   0   0   0 
1.787985e-002
10   9   7   4   1   0   0   0   0   0 
1.965130e-002
10   3   6   5   1   0   0   0   0   0 
1.925374e-002
10   3   6   5   2   0   0   0   0   0 
3.802615e-002
10   9   3   6   5   2   0   0   0   0 
7.602318e-013
10   3   0   0   0   0   0   0   0   0 
8.544721e-002
10   9   3   0   0   0   0   0   0   0 
7.659832e-013
10   3   6   4   0   0   0   0   0   0 
1.831555e-002
10   9   7   4   0   0   0   0   0   0 
1.947892e-002
10   3   9   7   4   0   0   0   0   0 
7.577439e-013
10   3   6   5   0   0   0   0   0   0 
5.322303e-002
10   9   3   6   5   0   0   0   0   0 
7.625291e-013
10   3   6   0   0   0   0   0   0   0 
3.445362e-002
10   9   3   6   0   0   0   0   0   0 
7.591579e-013
10   9   7   0   0   0   0   0   0   0 
1.674727e-001
10   3   9   7   0   0   0   0   0   0 
7.691796e-013
10   3   6   5   2   8   0   0   0   0 
1.467066e-001
10   9   3   6   5   2   8   0   0   0 
7.692939e-013
10   3   6   5   1  11   8   0   0   0 
7.695373e-013
10   9   0   0   0   0   0   0   0   0 
3.105772e-002
10   3   9   0   0   0   0   0   0   0 
7.571311e-013
10   3   6   4   1  11   0   0   0   0 
6.057021e-002
10   3   6   5   1  11   0   0   0   0 
6.203760e-002
10   9   7   4   1  11   0   0   0   0 
8.085607e-002
11   1   0   0   0   0   0   0   0   0 
4.002191e-001
11   8   2   5   1   0   0   0   0   0 
2.587123e-013
11   8   2   0   0   0   0   0   0   0 
1.072753e-001
11   1   5   2   0   0   0   0   0   0 
7.697215e-013
11   1   4   6   3   0   0   0   0   0 
3.919969e-002
11   1   5   6   3   0   0   0   0   0 
3.375806e-002
11   8   2   5   6   3   0   0   0   0 
7.671613e-013
11   1   4   0   0   0   0   0   0   0 
2.851666e-002
11   1   5   6   4   0   0   0   0   0 
3.826069e-013
11   1   5   0   0   0   0   0   0   0 
1.763979e-001
11   8   2   5   0   0   0   0   0   0 
7.714359e-013
11   1   4   6   5   0   0   0   0   0 
3.862882e-013
11   1   4   6   0   0   0   0   0   0 
3.459158e-002
11   1   5   6   0   0   0   0   0   0 
2.993200e-002
11   8   2   5   6   0   0   0   0   0 
7.668467e-013
11   1   4   7   0   0   0   0   0   0 
3.284327e-001
11   8   0   0   0   0   0   0   0   0 
3.813696e-001
11   1   5   2   8   0   0   0   0   0 
2.589249e-013
11   1   4   7   9   0   0   0   0   0 
1.737622e-002
11   1   4   6   3   9   0   0   0   0 
7.145367e-013
11   1   5   6   3   9   0   0   0   0 
7.157123e-013
11   1   4   7   9  10   0   0   0   0 
2.278392e-002
11   1   5   6   3  10   0   0   0   0 
1.719335e-002
11   1   4   6   3  10   0   0   0   0 
1.891825e-002
