1  5  2  0  0  0  0  0  0  0 
6.781617e-002
1  11   8   2   0   0   0   0   0   0 
1.541591e-014
1  4  6  5  2  0  0  0  0  0 
7.746025e-015
1  4  6  3  0  0  0  0  0  0 
1.953395e-002
1  5  6  3  0  0  0  0  0  0 
1.759438e-002
1  4  7  9  3  0  0  0  0  0 
1.519803e-014
1  4  0  0  0  0  0  0  0  0 
2.616979e-002
1  5  6  4  0  0  0  0  0  0 
7.698237e-015
1  5  0  0  0  0  0  0  0  0 
8.375686e-002
1  4  6  5  0  0  0  0  0  0 
7.755651e-015
1  11   8   2   5   0   0   0   0   0 
5.172749e-015
1  4  6  0  0  0  0  0  0  0 
1.714341e-002
1  5  6  0  0  0  0  0  0  0 
1.537806e-002
1  4  7  0  0  0  0  0  0  0 
8.934480e-002
1  5  6  4  7  0  0  0  0  0 
7.760025e-015
1  11   8   0   0   0   0   0   0   0 
1.567820e-001
1  5  2  8  0  0  0  0  0  0 
1.552544e-014
1  4  6  5  2  8  0  0  0  0 
5.185273e-015
1  4  7  9  0  0  0  0  0  0 
3.270075e-003
1  4  6  3  9  0  0  0  0  0 
1.208060e-014
1  5  6  3  9  0  0  0  0  0 
1.254351e-014
1   4   6   3  10   0   0   0   0   0 
1.465981e-002
1   5   6   3  10   0   0   0   0   0 
1.311004e-002
1   4   7   9  10   0   0   0   0   0 
1.711825e-002
1  11   0   0   0   0   0   0   0   0 
5.660809e-001
1   5   2   8  11   0   0   0   0   0 
5.189208e-015
2  5  1  0  0  0  0  0  0  0 
6.927099e-002
2   8  11   1   0   0   0   0   0   0 
1.542939e-014
2  5  6  4  1  0  0  0  0  0 
7.743006e-015
2  5  6  3  0  0  0  0  0  0 
2.497092e-001
2  5  1  4  6  3  0  0  0  0 
7.781571e-015
2  5  1  4  0  0  0  0  0  0 
6.108654e-002
2  5  6  4  0  0  0  0  0  0 
5.332425e-002
2   8  11   1   4   0   0   0   0   0 
1.542455e-014
2  5  0  0  0  0  0  0  0  0 
5.207133e-001
2   8  11   1   5   0   0   0   0   0 
5.189265e-015
2   8  11   1   4   6   5   0   0   0 
3.113866e-015
2  5  6  0  0  0  0  0  0  0 
1.962291e-001
2  5  1  4  6  0  0  0  0  0 
7.778888e-015
2  5  1  4  7  0  0  0  0  0 
4.276524e-001
2  5  6  4  7  0  0  0  0  0 
3.810046e-001
2   8  11   1   4   7   0   0   0   0 
1.555287e-014
2  8  0  0  0  0  0  0  0  0 
3.665196e-001
2   5   1  11   8   0   0   0   0   0 
5.182407e-015
2  5  6  3  9  0  0  0  0  0 
3.643528e-002
2   5   6   3  10   9   0   0   0   0 
1.527601e-014
2  5  1  4  7  9  0  0  0  0 
1.526739e-014
2   5   6   3  10   0   0   0   0   0 
4.094887e-001
2   5   6   3   9  10   0   0   0   0 
1.564697e-014
2   8  11   0   0   0   0   0   0   0 
4.326951e-001
2   5   1  11   0   0   0   0   0   0 
1.551769e-014
3  6  4  1  0  0  0  0  0  0 
1.068166e-002
3  6  5  1  0  0  0  0  0  0 
1.155843e-002
3  9  7  4  1  0  0  0  0  0 
1.501876e-014
3  6  5  2  0  0  0  0  0  0 
9.605193e-002
3  6  4  1  5  2  0  0  0  0 
7.761479e-015
3  6  4  0  0  0  0  0  0  0 
1.769416e-002
3  9  7  4  0  0  0  0  0  0 
1.511078e-014
3  6  5  0  0  0  0  0  0  0 
5.623084e-002
3  6  4  1  5  0  0  0  0  0 
7.744438e-015
3  6  0  0  0  0  0  0  0  0 
2.833821e-002
3  9  7  4  6  0  0  0  0  0 
5.157481e-015
3  10   9   7   4   6   0   0   0   0 
3.873966e-015
3  9  7  0  0  0  0  0  0  0 
4.342302e-002
3  10   9   7   0   0   0   0   0   0 
1.532045e-014
3  6  4  7  0  0  0  0  0  0 
1.527262e-014
3  6  5  2  8  0  0  0  0  0 
1.080033e-001
3   6   4   1  11   8   0   0   0   0 
1.546111e-014
3   6   5   1  11   8   0   0   0   0 
1.546199e-014
3  9  0  0  0  0  0  0  0  0 
9.976710e-002
3  10   9   0   0   0   0   0   0   0 
1.547130e-014
3  6  4  7  9  0  0  0  0  0 
5.176440e-015
3  10   0   0   0   0   0   0   0   0 
2.548768e-002
3   9  10   0   0   0   0   0   0   0 
1.526375e-014
3   6   4   1  11   0   0   0   0   0 
8.931284e-002
3   6   5   1  11   0   0   0   0   0 
9.773815e-002
3   9   7   4   1  11   0   0   0   0 
1.553263e-014
4  1  0  0  0  0  0  0  0  0 
2.050872e-002
4  6  5  1  0  0  0  0  0  0 
7.678184e-015
4  1  5  2  0  0  0  0  0  0 
2.412950e-002
4  6  5  2  0  0  0  0  0  0 
2.629402e-002
4   1  11   8   2   0   0   0   0   0 
1.525330e-014
4  6  3  0  0  0  0  0  0  0 
2.661529e-002
4  7  9  3  0  0  0  0  0  0 
1.521588e-014
4  1  5  6  3  0  0  0  0  0 
7.672042e-015
4  1  5  0  0  0  0  0  0  0 
2.402179e-002
4  6  5  0  0  0  0  0  0  0 
2.643126e-002
4  6  0  0  0  0  0  0  0  0 
1.703353e-002
4  1  5  6  0  0  0  0  0  0 
7.619944e-015
4  7  9  3  6  0  0  0  0  0 
5.118545e-015
4  7  0  0  0  0  0  0  0  0 
5.922349e-002
4  6  3  9  7  0  0  0  0  0 
5.181697e-015
4   6   3  10   9   7   0   0   0   0 
3.887736e-015
4   1  11   8   0   0   0   0   0   0 
1.649319e-001
4  1  5  2  8  0  0  0  0  0 
1.552840e-014
4  6  5  2  8  0  0  0  0  0 
1.554777e-014
4  7  9  0  0  0  0  0  0  0 
5.390190e-003
4  6  3  9  0  0  0  0  0  0 
1.407075e-014
4   6   3  10   9   0   0   0   0   0 
7.121607e-015
4   7   9  10   0   0   0   0   0   0 
4.590661e-003
4   6   3  10   0   0   0   0   0   0 
4.323149e-003
4   6   3   9  10   0   0   0   0   0 
1.487065e-014
4   1  11   0   0   0   0   0   0   0 
9.851833e-002
4   6   5   1  11   0   0   0   0   0 
7.766985e-015
5  1  0  0  0  0  0  0  0  0 
9.556723e-002
5  6  4  1  0  0  0  0  0  0 
7.755123e-015
5   2   8  11   1   0   0   0   0   0 
5.175842e-015
5  2  0  0  0  0  0  0  0  0 
1.739791e-001
5   1  11   8   2   0   0   0   0   0 
5.183858e-015
5  6  3  0  0  0  0  0  0  0 
3.191097e-002
5  1  4  6  3  0  0  0  0  0 
7.717320e-015
5  1  4  0  0  0  0  0  0  0 
2.261879e-002
5  6  4  0  0  0  0  0  0  0 
1.959820e-002
5  6  0  0  0  0  0  0  0  0 
7.249443e-002
5  1  4  6  0  0  0  0  0  0 
7.757985e-015
5  1  4  7  0  0  0  0  0  0 
1.158842e-001
5  6  4  7  0  0  0  0  0  0 
1.159437e-001
5  6  3  9  7  0  0  0  0  0 
1.556445e-014
5  2  8  0  0  0  0  0  0  0 
2.460068e-001
5   1  11   8   0   0   0   0   0   0 
1.551759e-014
5  6  3  9  0  0  0  0  0  0 
1.270126e-002
5  1  4  7  9  0  0  0  0  0 
1.468833e-014
5  6  4  7  9  0  0  0  0  0 
1.468860e-014
5   6   3  10   0   0   0   0   0   0 
2.607567e-002
5   6   3   9  10   0   0   0   0   0 
1.527210e-014
5   1  11   0   0   0   0   0   0   0 
2.205955e-001
5   2   8  11   0   0   0   0   0   0 
1.553072e-014
6  4  1  0  0  0  0  0  0  0 
9.879649e-003
6  5  1  0  0  0  0  0  0  0 
1.061703e-002
6  5  2  0  0  0  0  0  0  0 
5.186617e-002
6  4  1  5  2  0  0  0  0  0 
7.741000e-015
6  3  0  0  0  0  0  0  0  0 
9.642840e-002
6  4  7  9  3  0  0  0  0  0 
5.187929e-015
6   4   7   9  10   3   0   0   0   0 
3.892161e-015
6  4  0  0  0  0  0  0  0  0 
9.763470e-003
6  5  1  4  0  0  0  0  0  0 
7.529007e-015
6  3  9  7  4  0  0  0  0  0 
5.065335e-015
6  5  0  0  0  0  0  0  0  0 
4.765737e-002
6  4  1  5  0  0  0  0  0  0 
7.737093e-015
6  4  7  0  0  0  0  0  0  0 
7.529418e-002
6  3  9  7  0  0  0  0  0  0 
1.551069e-014
6  5  2  8  0  0  0  0  0  0 
1.000216e-001
6   4   1  11   8   0   0   0   0   0 
1.545321e-014
6   5   1  11   8   0   0   0   0   0 
1.545410e-014
6  3  9  0  0  0  0  0  0  0 
3.675015e-003
6   3  10   9   0   0   0   0   0   0 
1.247263e-014
6  4  7  9  0  0  0  0  0  0 
1.264826e-014
6   3  10   0   0   0   0   0   0   0 
1.729882e-002
6   3   9  10   0   0   0   0   0   0 
1.501437e-014
6   4   7   9  10   0   0   0   0   0 
7.622547e-015
6   4   1  11   0   0   0   0   0   0 
3.678391e-002
6   5   1  11   0   0   0   0   0   0 
4.081240e-002
6   5   2   8  11   0   0   0   0   0 
1.535975e-014
7  4  1  0  0  0  0  0  0  0 
9.924268e-002
7  4  6  5  1  0  0  0  0  0 
7.767162e-015
7  4  6  5  2  0  0  0  0  0 
4.354682e-002
7  4  1  5  2  0  0  0  0  0 
3.794040e-002
7  9  3  6  5  2  0  0  0  0 
1.542334e-014
7  9  3  0  0  0  0  0  0  0 
4.022325e-002
7  4  6  3  0  0  0  0  0  0 
1.525829e-014
7   9  10   3   0   0   0   0   0   0 
1.530582e-014
7  4  0  0  0  0  0  0  0  0 
8.891511e-002
7  9  3  6  4  0  0  0  0  0 
5.187933e-015
7   9  10   3   6   4   0   0   0   0 
3.892162e-015
7  4  6  5  0  0  0  0  0  0 
5.033297e-002
7  4  1  5  0  0  0  0  0  0 
4.276936e-002
7  9  3  6  5  0  0  0  0  0 
1.544993e-014
7  4  6  0  0  0  0  0  0  0 
3.662436e-002
7  9  3  6  0  0  0  0  0  0 
1.536858e-014
7   4   1  11   8   0   0   0   0   0 
3.688223e-001
7  4  6  5  2  8  0  0  0  0 
1.558364e-014
7  4  1  5  2  8  0  0  0  0 
1.556282e-014
7  9  0  0  0  0  0  0  0  0 
4.374843e-002
7  4  6  3  9  0  0  0  0  0 
5.166611e-015
7   4   6   3  10   9   0   0   0   0 
3.879133e-015
7   9  10   0   0   0   0   0   0   0 
1.293994e-001
7   9   3  10   0   0   0   0   0   0 
1.550266e-014
7   4   6   3  10   0   0   0   0   0 
7.749968e-015
7   4   1  11   0   0   0   0   0   0 
3.681798e-001
8  11   1   0   0   0   0   0   0   0 
7.522692e-002
8  2  5  1  0  0  0  0  0  0 
1.545285e-014
8  2  0  0  0  0  0  0  0  0 
2.538937e-002
8  11   1   5   2   0   0   0   0   0 
5.143187e-015
8  11   1   4   6   5   2   0   0   0 
3.096516e-015
8  2  5  6  3  0  0  0  0  0 
7.125802e-002
8  11   1   5   6   3   0   0   0   0 
1.541753e-014
8  11   1   4   6   3   0   0   0   0 
1.543207e-014
8  11   1   4   0   0   0   0   0   0 
2.978425e-002
8  2  5  1  4  0  0  0  0  0 
1.521865e-014
8  2  5  6  4  0  0  0  0  0 
1.521963e-014
8  2  5  0  0  0  0  0  0  0 
1.231740e-001
8  11   1   5   0   0   0   0   0   0 
1.549195e-014
8  2  5  6  0  0  0  0  0  0 
5.606598e-002
8  11   1   5   6   0   0   0   0   0 
1.537411e-014
8  11   1   4   6   0   0   0   0   0 
1.538745e-014
8  11   1   4   7   0   0   0   0   0 
3.019884e-001
8  2  5  1  4  7  0  0  0  0 
1.554343e-014
8  2  5  6  4  7  0  0  0  0 
1.554385e-014
8  11   1   4   7   9   0   0   0   0 
5.613233e-003
8  2  5  6  3  9  0  0  0  0 
5.754157e-003
8  11   1   5   6   3   9   0   0   0 
1.491360e-014
8   2   5   6   3  10   0   0   0   0 
1.073406e-001
8   2   5   6   3   9  10   0   0   0 
1.555355e-014
8  11   1   4   7   9  10   0   0   0 
1.553180e-014
8  11   0   0   0   0   0   0   0   0 
7.550907e-001
8   2   5   1  11   0   0   0   0   0 
5.186491e-015
9  7  4  1  0  0  0  0  0  0 
1.835530e-002
9  3  6  4  1  0  0  0  0  0 
1.497121e-014
9  3  6  5  1  0  0  0  0  0 
1.497128e-014
9  3  6  5  2  0  0  0  0  0 
8.578665e-003
9  10   3   6   5   2   0   0   0   0 
1.396929e-014
9  7  4  6  5  2  0  0  0  0 
1.405587e-014
9  3  0  0  0  0  0  0  0  0 
7.284742e-002
9  10   3   0   0   0   0   0   0   0 
1.544405e-014
9  7  4  6  3  0  0  0  0  0 
5.172314e-015
9  7  4  0  0  0  0  0  0  0 
1.096186e-002
9  3  6  4  0  0  0  0  0  0 
1.470534e-014
9  10   3   6   4   0   0   0   0   0 
7.484591e-015
9  3  6  5  0  0  0  0  0  0 
3.580078e-002
9  10   3   6   5   0   0   0   0   0 
1.527515e-014
9  7  4  6  5  0  0  0  0  0 
1.526724e-014
9  3  6  0  0  0  0  0  0  0 
4.348080e-003
9  10   3   6   0   0   0   0   0   0 
1.206848e-014
9  7  4  6  0  0  0  0  0  0 
1.218440e-014
9  7  0  0  0  0  0  0  0  0 
6.168300e-002
9  3  6  4  7  0  0  0  0  0 
5.173843e-015
9  10   3   6   4   7   0   0   0   0 
3.884088e-015
9   7   4   1  11   8   0   0   0   0 
2.333659e-002
9  3  6  5  2  8  0  0  0  0 
3.119064e-002
9  10   3   6   5   2   8   0   0   0 
1.529509e-014
9  10   0   0   0   0   0   0   0   0 
1.234839e-002
9   3  10   0   0   0   0   0   0   0 
1.495395e-014
9   7   4   1  11   0   0   0   0   0 
1.918819e-002
9   3   6   4   1  11   0   0   0   0 
1.500363e-014
9   3   6   5   1  11   0   0   0   0 
1.500351e-014
10   3   6   4   1   0   0   0   0   0 
1.751644e-002
10   9   7   4   1   0   0   0   0   0 
2.003638e-002
10   3   6   5   1   0   0   0   0   0 
1.921312e-002
10   3   6   5   2   0   0   0   0   0 
3.922984e-002
10   9   3   6   5   2   0   0   0   0 
1.538688e-014
10   3   0   0   0   0   0   0   0   0 
1.450574e-001
10   9   3   0   0   0   0   0   0   0 
1.557676e-014
10   3   6   4   0   0   0   0   0   0 
1.074069e-002
10   9   7   4   0   0   0   0   0   0 
1.155462e-002
10   3   9   7   4   0   0   0   0   0 
1.501827e-014
10   3   6   5   0   0   0   0   0   0 
8.112094e-002
10   9   3   6   5   0   0   0   0   0 
1.551885e-014
10   3   6   0   0   0   0   0   0   0 
2.342664e-002
10   9   3   6   0   0   0   0   0   0 
1.522894e-014
10   9   7   0   0   0   0   0   0   0 
1.779205e-001
10   3   9   7   0   0   0   0   0   0 
1.554049e-014
10   3   6   5   2   8   0   0   0   0 
1.342709e-001
10   9   3   6   5   2   8   0   0   0 
1.556375e-014
10   3   6   5   1  11   8   0   0   0 
1.548049e-014
10   9   0   0   0   0   0   0   0   0 
1.523095e-002
10   3   9   0   0   0   0   0   0   0 
1.503318e-014
10   3   6   4   1  11   0   0   0   0 
5.618009e-002
10   3   6   5   1  11   0   0   0   0 
5.906026e-002
10   9   7   4   1  11   0   0   0   0 
7.473702e-002
11   1   0   0   0   0   0   0   0   0 
4.176983e-001
11   8   2   5   1   0   0   0   0   0 
5.187122e-015
11   8   2   0   0   0   0   0   0   0 
7.939669e-002
11   1   5   2   0   0   0   0   0   0 
1.543768e-014
11   1   4   6   3   0   0   0   0   0 
3.827369e-002
11   1   5   6   3   0   0   0   0   0 
2.951373e-002
11   8   2   5   6   3   0   0   0   0 
1.531959e-014
11   1   4   0   0   0   0   0   0   0 
2.603727e-002
11   1   5   6   4   0   0   0   0   0 
7.697802e-015
11   1   5   0   0   0   0   0   0   0 
2.155941e-001
11   8   2   5   0   0   0   0   0   0 
1.551546e-014
11   1   4   6   5   0   0   0   0   0 
7.773943e-015
11   1   4   6   0   0   0   0   0   0 
2.541681e-002
11   1   5   6   0   0   0   0   0   0 
2.055402e-002
11   8   2   5   6   0   0   0   0   0 
1.522960e-014
11   1   4   7   0   0   0   0   0   0 
3.266663e-001
11   8   0   0   0   0   0   0   0   0 
3.353774e-001
11   1   5   2   8   0   0   0   0   0 
5.186213e-015
11   1   4   7   9   0   0   0   0   0 
1.377550e-002
11   1   4   6   3   9   0   0   0   0 
1.474410e-014
11   1   5   6   3   9   0   0   0   0 
1.474864e-014
11   1   4   7   9  10   0   0   0   0 
2.059267e-002
11   1   5   6   3  10   0   0   0   0 
1.528001e-002
11   1   4   6   3  10   0   0   0   0 
1.737059e-002
