1  5  2  0  0  0  0  0  0  0 
5.709828e-002
1  11   8   2   0   0   0   0   0   0 
1.983950e-012
1  4  6  5  2  0  0  0  0  0 
9.939123e-013
1  4  6  3  0  0  0  0  0  0 
1.955452e-002
1  5  6  3  0  0  0  0  0  0 
1.783681e-002
1  4  7  9  3  0  0  0  0  0 
1.980139e-012
1  4  0  0  0  0  0  0  0  0 
2.236689e-002
1  5  6  4  0  0  0  0  0  0 
9.917534e-013
1  5  0  0  0  0  0  0  0  0 
8.687886e-002
1  4  6  5  0  0  0  0  0  0 
9.976223e-013
1  11   8   2   5   0   0   0   0   0 
6.660900e-013
1  4  6  0  0  0  0  0  0  0 
9.061683e-003
1  5  6  0  0  0  0  0  0  0 
8.568102e-003
1  4  7  0  0  0  0  0  0  0 
7.473339e-002
1  5  6  4  7  0  0  0  0  0 
9.981881e-013
1  11   8   0   0   0   0   0   0   0 
1.935507e-001
1  5  2  8  0  0  0  0  0  0 
1.997831e-012
1  4  6  5  2  8  0  0  0  0 
6.664064e-013
1  4  7  9  0  0  0  0  0  0 
3.032685e-003
1  4  6  3  9  0  0  0  0  0 
4.951754e-012
1  5  6  3  9  0  0  0  0  0 
5.016213e-012
1   4   6   3  10   0   0   0   0   0 
2.310058e-002
1   5   6   3  10   0   0   0   0   0 
2.041477e-002
1   4   7   9  10   0   0   0   0   0 
2.972742e-002
1  11   0   0   0   0   0   0   0   0 
5.258762e-001
1   5   2   8  11   0   0   0   0   0 
6.671324e-013
2  5  1  0  0  0  0  0  0  0 
6.275721e-002
2   8  11   1   0   0   0   0   0   0 
1.985171e-012
2  5  6  4  1  0  0  0  0  0 
9.957501e-013
2  5  6  3  0  0  0  0  0  0 
2.339908e-001
2  5  1  4  6  3  0  0  0  0 
9.990902e-013
2  5  1  4  0  0  0  0  0  0 
6.404277e-002
2  5  6  4  0  0  0  0  0  0 
5.993953e-002
2   8  11   1   4   0   0   0   0   0 
1.994573e-012
2  5  0  0  0  0  0  0  0  0 
6.103849e-001
2   8  11   1   5   0   0   0   0   0 
6.671458e-013
2   8  11   1   4   6   5   0   0   0 
4.001759e-013
2  5  6  0  0  0  0  0  0  0 
1.876640e-001
2  5  1  4  6  0  0  0  0  0 
9.988592e-013
2  5  1  4  7  0  0  0  0  0 
4.280233e-001
2  5  6  4  7  0  0  0  0  0 
4.298833e-001
2   8  11   1   4   7   0   0   0   0 
2.001349e-012
2  8  0  0  0  0  0  0  0  0 
4.047644e-001
2   5   1  11   8   0   0   0   0   0 
6.668215e-013
2  5  6  3  9  0  0  0  0  0 
4.109178e-002
2   5   6   3  10   9   0   0   0   0 
1.983463e-012
2  5  1  4  7  9  0  0  0  0 
1.987233e-012
2   5   6   3  10   0   0   0   0   0 
3.864195e-001
2   5   6   3   9  10   0   0   0   0 
1.969817e-012
2   8  11   0   0   0   0   0   0   0 
4.473125e-001
2   5   1  11   0   0   0   0   0   0 
1.998935e-012
3  6  4  1  0  0  0  0  0  0 
6.500271e-003
3  6  5  1  0  0  0  0  0  0 
6.349224e-003
3  9  7  4  1  0  0  0  0  0 
2.224691e-012
3  6  5  2  0  0  0  0  0  0 
8.609641e-002
3  6  4  1  5  2  0  0  0  0 
9.984997e-013
3  6  4  0  0  0  0  0  0  0 
1.535629e-002
3  9  7  4  0  0  0  0  0  0 
1.918297e-012
3  6  5  0  0  0  0  0  0  0 
6.328441e-002
3  6  4  1  5  0  0  0  0  0 
9.977266e-013
3  6  0  0  0  0  0  0  0  0 
2.125638e-002
3  9  7  4  6  0  0  0  0  0 
6.573489e-013
3  10   9   7   4   6   0   0   0   0 
4.957534e-013
3  9  7  0  0  0  0  0  0  0 
4.900771e-002
3  10   9   7   0   0   0   0   0   0 
1.991565e-012
3  6  4  7  0  0  0  0  0  0 
2.006497e-012
3  6  5  2  8  0  0  0  0  0 
1.053726e-001
3   6   4   1  11   8   0   0   0   0 
1.991534e-012
3   6   5   1  11   8   0   0   0   0 
1.991592e-012
3  9  0  0  0  0  0  0  0  0 
6.841386e-002
3  10   9   0   0   0   0   0   0   0 
2.007789e-012
3  6  4  7  9  0  0  0  0  0 
6.674187e-013
3  10   0   0   0   0   0   0   0   0 
3.049233e-002
3   9  10   0   0   0   0   0   0   0 
1.933952e-012
3   6   4   1  11   0   0   0   0   0 
1.180596e-001
3   6   5   1  11   0   0   0   0   0 
1.219151e-001
3   9   7   4   1  11   0   0   0   0 
1.977223e-012
4  1  0  0  0  0  0  0  0  0 
6.314385e-002
4  6  5  1  0  0  0  0  0  0 
9.968006e-013
4  1  5  2  0  0  0  0  0  0 
1.013789e-002
4  6  5  2  0  0  0  0  0  0 
1.045106e-002
4   1  11   8   2   0   0   0   0   0 
2.090822e-012
4  6  3  0  0  0  0  0  0  0 
2.686528e-002
4  7  9  3  0  0  0  0  0  0 
1.948980e-012
4  1  5  6  3  0  0  0  0  0 
9.859646e-013
4  1  5  0  0  0  0  0  0  0 
1.563832e-002
4  6  5  0  0  0  0  0  0  0 
1.666609e-002
4  6  0  0  0  0  0  0  0  0 
2.023726e-002
4  1  5  6  0  0  0  0  0  0 
9.870254e-013
4  7  9  3  6  0  0  0  0  0 
6.571759e-013
4  7  0  0  0  0  0  0  0  0 
5.906581e-002
4  6  3  9  7  0  0  0  0  0 
6.631745e-013
4   6   3  10   9   7   0   0   0   0 
4.991788e-013
4   1  11   8   0   0   0   0   0   0 
1.929539e-001
4  1  5  2  8  0  0  0  0  0 
1.997522e-012
4  6  5  2  8  0  0  0  0  0 
1.994962e-012
4  7  9  0  0  0  0  0  0  0 
6.828735e-003
4  6  3  9  0  0  0  0  0  0 
1.603530e-012
4   6   3  10   9   0   0   0   0   0 
7.391424e-013
4   7   9  10   0   0   0   0   0   0 
3.521657e-003
4   6   3  10   0   0   0   0   0   0 
3.464818e-003
4   6   3   9  10   0   0   0   0   0 
3.125895e-012
4   1  11   0   0   0   0   0   0   0 
9.128227e-002
4   6   5   1  11   0   0   0   0   0 
9.977553e-013
5  1  0  0  0  0  0  0  0  0 
7.275826e-002
5  6  4  1  0  0  0  0  0  0 
9.980137e-013
5   2   8  11   1   0   0   0   0   0 
6.658740e-013
5  2  0  0  0  0  0  0  0  0 
1.506618e-001
5   1  11   8   2   0   0   0   0   0 
6.666468e-013
5  6  3  0  0  0  0  0  0  0 
3.191304e-002
5  1  4  6  3  0  0  0  0  0 
9.933015e-013
5  1  4  0  0  0  0  0  0  0 
2.503552e-002
5  6  4  0  0  0  0  0  0  0 
2.360263e-002
5  6  0  0  0  0  0  0  0  0 
1.328225e-001
5  1  4  6  0  0  0  0  0  0 
9.983979e-013
5  1  4  7  0  0  0  0  0  0 
9.049164e-002
5  6  4  7  0  0  0  0  0  0 
8.891699e-002
5  6  3  9  7  0  0  0  0  0 
1.975965e-012
5  2  8  0  0  0  0  0  0  0 
2.572771e-001
5   1  11   8   0   0   0   0   0   0 
1.998125e-012
5  6  3  9  0  0  0  0  0  0 
1.071693e-002
5  1  4  7  9  0  0  0  0  0 
1.712270e-012
5  6  4  7  9  0  0  0  0  0 
1.710882e-012
5   6   3  10   0   0   0   0   0   0 
2.971116e-002
5   6   3   9  10   0   0   0   0   0 
1.933407e-012
5   1  11   0   0   0   0   0   0   0 
2.519815e-001
5   2   8  11   0   0   0   0   0   0 
2.000019e-012
6  4  1  0  0  0  0  0  0  0 
1.067017e-002
6  5  1  0  0  0  0  0  0  0 
1.086514e-002
6  5  2  0  0  0  0  0  0  0 
4.975051e-002
6  4  1  5  2  0  0  0  0  0 
9.968894e-013
6  3  0  0  0  0  0  0  0  0 
8.378386e-002
6  4  7  9  3  0  0  0  0  0 
6.650371e-013
6   4   7   9  10   3   0   0   0   0 
4.989408e-013
6  4  0  0  0  0  0  0  0  0 
1.044268e-002
6  5  1  4  0  0  0  0  0  0 
9.751674e-013
6  3  9  7  4  0  0  0  0  0 
6.464892e-013
6  5  0  0  0  0  0  0  0  0 
5.407362e-002
6  4  1  5  0  0  0  0  0  0 
9.972083e-013
6  4  7  0  0  0  0  0  0  0 
6.317523e-002
6  3  9  7  0  0  0  0  0  0 
1.965776e-012
6  5  2  8  0  0  0  0  0  0 
1.124990e-001
6   4   1  11   8   0   0   0   0   0 
1.992367e-012
6   5   1  11   8   0   0   0   0   0 
1.992435e-012
6  3  9  0  0  0  0  0  0  0 
4.768515e-003
6   3  10   9   0   0   0   0   0   0 
1.825749e-012
6  4  7  9  0  0  0  0  0  0 
1.955707e-012
6   3  10   0   0   0   0   0   0   0 
1.886496e-002
6   3   9  10   0   0   0   0   0   0 
1.912203e-012
6   4   7   9  10   0   0   0   0   0 
9.721169e-013
6   4   1  11   0   0   0   0   0   0 
5.065784e-002
6   5   1  11   0   0   0   0   0   0 
5.558484e-002
6   5   2   8  11   0   0   0   0   0 
1.994063e-012
7  4  1  0  0  0  0  0  0  0 
9.149074e-002
7  4  6  5  1  0  0  0  0  0 
9.977601e-013
7  4  6  5  2  0  0  0  0  0 
5.594368e-002
7  4  1  5  2  0  0  0  0  0 
4.724969e-002
7  9  3  6  5  2  0  0  0  0 
1.981068e-012
7  9  3  0  0  0  0  0  0  0 
6.348672e-002
7  4  6  3  0  0  0  0  0  0 
1.994968e-012
7   9  10   3   0   0   0   0   0   0 
1.974176e-012
7  4  0  0  0  0  0  0  0  0 
9.790608e-001
7  9  3  6  4  0  0  0  0  0 
6.665018e-013
7   9  10   3   6   4   0   0   0   0 
4.997582e-013
7  4  6  5  0  0  0  0  0  0 
7.398595e-002
7  4  1  5  0  0  0  0  0  0 
5.913635e-002
7  9  3  6  5  0  0  0  0  0 
1.984929e-012
7  4  6  0  0  0  0  0  0  0 
3.041088e-002
7  9  3  6  0  0  0  0  0  0 
1.961855e-012
7   4   1  11   8   0   0   0   0   0 
4.395946e-001
7  4  6  5  2  8  0  0  0  0 
1.997687e-012
7  4  1  5  2  8  0  0  0  0 
2.000434e-012
7  9  0  0  0  0  0  0  0  0 
2.699415e-002
7  4  6  3  9  0  0  0  0  0 
6.599099e-013
7   4   6   3  10   9   0   0   0   0 
4.972718e-013
7   9  10   0   0   0   0   0   0   0 
1.370004e-001
7   9   3  10   0   0   0   0   0   0 
2.000943e-012
7   4   6   3  10   0   0   0   0   0 
1.002077e-012
7   4   1  11   0   0   0   0   0   0 
3.466349e-001
8  11   1   0   0   0   0   0   0   0 
8.156260e-002
8  2  5  1  0  0  0  0  0  0 
1.991488e-012
8  2  0  0  0  0  0  0  0  0 
3.227578e-002
8  11   1   5   2   0   0   0   0   0 
6.641227e-013
8  11   1   4   6   5   2   0   0   0 
3.988775e-013
8  2  5  6  3  0  0  0  0  0 
6.388473e-002
8  11   1   5   6   3   0   0   0   0 
1.980563e-012
8  11   1   4   6   3   0   0   0   0 
1.975339e-012
8  11   1   4   0   0   0   0   0   0 
4.695135e-002
8  2  5  1  4  0  0  0  0  0 
1.964036e-012
8  2  5  6  4  0  0  0  0  0 
1.964168e-012
8  2  5  0  0  0  0  0  0  0 
1.135197e-001
8  11   1   5   0   0   0   0   0   0 
1.995161e-012
8  2  5  6  0  0  0  0  0  0 
6.083274e-002
8  11   1   5   6   0   0   0   0   0 
1.979045e-012
8  11   1   4   6   0   0   0   0   0 
1.973700e-012
8  11   1   4   7   0   0   0   0   0 
3.228395e-001
8  2  5  1  4  7  0  0  0  0 
1.998574e-012
8  2  5  6  4  7  0  0  0  0 
1.998521e-012
8  11   1   4   7   9   0   0   0   0 
5.281612e-003
8  2  5  6  3  9  0  0  0  0 
5.482658e-003
8  11   1   5   6   3   9   0   0   0 
2.451101e-012
8   2   5   6   3  10   0   0   0   0 
1.156821e-001
8   2   5   6   3   9  10   0   0   0 
1.962722e-012
8  11   1   4   7   9  10   0   0   0 
1.978758e-012
8  11   0   0   0   0   0   0   0   0 
8.038369e-001
8   2   5   1  11   0   0   0   0   0 
6.669619e-013
9  7  4  1  0  0  0  0  0  0 
1.675084e-002
9  3  6  4  1  0  0  0  0  0 
1.834195e-012
9  3  6  5  1  0  0  0  0  0 
1.833568e-012
9  3  6  5  2  0  0  0  0  0 
1.408911e-002
9  10   3   6   5   2   0   0   0   0 
1.787435e-012
9  7  4  6  5  2  0  0  0  0 
1.820189e-012
9  3  0  0  0  0  0  0  0  0 
7.105312e-002
9  10   3   0   0   0   0   0   0   0 
1.983479e-012
9  7  4  6  3  0  0  0  0  0 
6.659106e-013
9  7  4  0  0  0  0  0  0  0 
1.082763e-002
9  3  6  4  0  0  0  0  0  0 
1.843753e-012
9  10   3   6   4   0   0   0   0   0 
9.051103e-013
9  3  6  5  0  0  0  0  0  0 
4.809205e-002
9  10   3   6   5   0   0   0   0   0 
1.961853e-012
9  7  4  6  5  0  0  0  0  0 
1.975858e-012
9  3  6  0  0  0  0  0  0  0 
3.668610e-003
9  10   3   6   0   0   0   0   0   0 
3.498773e-012
9  7  4  6  0  0  0  0  0  0 
3.524411e-012
9  7  0  0  0  0  0  0  0  0 
3.904593e-002
9  3  6  4  7  0  0  0  0  0 
6.635878e-013
9  10   3   6   4   7   0   0   0   0 
4.979967e-013
9   7   4   1  11   8   0   0   0   0 
2.284530e-002
9  3  6  5  2  8  0  0  0  0 
3.020616e-002
9  10   3   6   5   2   8   0   0   0 
1.977761e-012
9  10   0   0   0   0   0   0   0   0 
1.809021e-002
9   3  10   0   0   0   0   0   0   0 
1.970962e-012
9   7   4   1  11   0   0   0   0   0 
2.829906e-002
9   3   6   4   1  11   0   0   0   0 
1.946230e-012
9   3   6   5   1  11   0   0   0   0 
1.946109e-012
10   3   6   4   1   0   0   0   0   0 
1.965956e-002
10   9   7   4   1   0   0   0   0   0 
1.998391e-002
10   3   6   5   1   0   0   0   0   0 
2.002453e-002
10   3   6   5   2   0   0   0   0   0 
4.336675e-002
10   9   3   6   5   2   0   0   0   0 
1.965110e-012
10   3   0   0   0   0   0   0   0   0 
9.828523e-002
10   9   3   0   0   0   0   0   0   0 
1.981742e-012
10   3   6   4   0   0   0   0   0   0 
9.708349e-003
10   9   7   4   0   0   0   0   0   0 
9.890501e-003
10   3   9   7   4   0   0   0   0   0 
2.035397e-012
10   3   6   5   0   0   0   0   0   0 
5.197033e-002
10   9   3   6   5   0   0   0   0   0 
1.969429e-012
10   3   6   0   0   0   0   0   0   0 
2.579698e-002
10   9   3   6   0   0   0   0   0   0 
1.951692e-012
10   9   7   0   0   0   0   0   0   0 
1.838400e-001
10   3   9   7   0   0   0   0   0   0 
1.981265e-012
10   3   6   5   2   8   0   0   0   0 
1.527957e-001
10   9   3   6   5   2   8   0   0   0 
1.985792e-012
10   3   6   5   1  11   8   0   0   0 
1.995261e-012
10   9   0   0   0   0   0   0   0   0 
1.133644e-002
10   3   9   0   0   0   0   0   0   0 
1.923417e-012
10   3   6   4   1  11   0   0   0   0 
6.089714e-002
10   3   6   5   1  11   0   0   0   0 
6.168200e-002
10   9   7   4   1  11   0   0   0   0 
7.328322e-002
11   1   0   0   0   0   0   0   0   0 
4.151814e-001
11   8   2   5   1   0   0   0   0   0 
6.669682e-013
11   8   2   0   0   0   0   0   0   0 
2.706699e-002
11   1   5   2   0   0   0   0   0   0 
1.979312e-012
11   1   4   6   3   0   0   0   0   0 
3.869931e-002
11   1   5   6   3   0   0   0   0   0 
3.507113e-002
11   8   2   5   6   3   0   0   0   0 
1.998897e-012
11   1   4   0   0   0   0   0   0   0 
2.648155e-002
11   1   5   6   4   0   0   0   0   0 
9.931468e-013
11   1   5   0   0   0   0   0   0   0 
1.959573e-001
11   8   2   5   0   0   0   0   0   0 
1.998152e-012
11   1   4   6   5   0   0   0   0   0 
9.988780e-013
11   1   4   6   0   0   0   0   0   0 
2.549769e-002
11   1   5   6   0   0   0   0   0   0 
2.369796e-002
11   8   2   5   6   0   0   0   0   0 
2.004021e-012
11   1   4   7   0   0   0   0   0   0 
3.156981e-001
11   8   0   0   0   0   0   0   0   0 
3.403160e-001
11   1   5   2   8   0   0   0   0   0 
6.669594e-013
11   1   4   7   9   0   0   0   0   0 
1.358710e-002
11   1   4   6   3   9   0   0   0   0 
1.708827e-012
11   1   5   6   3   9   0   0   0   0 
1.723984e-012
11   1   4   7   9  10   0   0   0   0 
1.676593e-002
11   1   5   6   3  10   0   0   0   0 
1.285242e-002
11   1   4   6   3  10   0   0   0   0 
1.399688e-002
