1  5  2  0  0  0  0  0  0  0 
1.093739e-001
1  11   8   2   0   0   0   0   0   0 
3.521494e-011
1  4  6  5  2  0  0  0  0  0 
1.763691e-011
1  4  6  3  0  0  0  0  0  0 
1.196631e-002
1  5  6  3  0  0  0  0  0  0 
1.161299e-002
1  4  7  9  3  0  0  0  0  0 
3.537545e-011
1  4  0  0  0  0  0  0  0  0 
1.613973e-002
1  5  6  4  0  0  0  0  0  0 
1.747199e-011
1  5  0  0  0  0  0  0  0  0 
9.843198e-002
1  4  6  5  0  0  0  0  0  0 
1.763857e-011
1  11   8   2   5   0   0   0   0   0 
1.176758e-011
1  4  6  0  0  0  0  0  0  0 
1.604601e-002
1  5  6  0  0  0  0  0  0  0 
1.505319e-002
1  4  7  0  0  0  0  0  0  0 
1.034376e-001
1  5  6  4  7  0  0  0  0  0 
1.764772e-011
1  11   8   0   0   0   0   0   0   0 
1.881404e-001
1  5  2  8  0  0  0  0  0  0 
3.530116e-011
1  4  6  5  2  8  0  0  0  0 
1.177955e-011
1  4  7  9  0  0  0  0  0  0 
5.476110e-003
1  4  6  3  9  0  0  0  0  0 
3.199457e-011
1  5  6  3  9  0  0  0  0  0 
3.184398e-011
1   4   6   3  10   0   0   0   0   0 
3.094259e-002
1   5   6   3  10   0   0   0   0   0 
2.807419e-002
1   4   7   9  10   0   0   0   0   0 
3.736942e-002
1  11   0   0   0   0   0   0   0   0 
4.778829e-001
1   5   2   8  11   0   0   0   0   0 
1.178619e-011
2  5  1  0  0  0  0  0  0  0 
1.213344e-001
2   8  11   1   0   0   0   0   0   0 
3.523432e-011
2  5  6  4  1  0  0  0  0  0 
1.764392e-011
2  5  6  3  0  0  0  0  0  0 
2.353938e-001
2  5  1  4  6  3  0  0  0  0 
1.766633e-011
2  5  1  4  0  0  0  0  0  0 
6.207037e-002
2  5  6  4  0  0  0  0  0  0 
6.097409e-002
2   8  11   1   4   0   0   0   0   0 
3.518397e-011
2  5  0  0  0  0  0  0  0  0 
5.599161e-001
2   8  11   1   5   0   0   0   0   0 
1.178613e-011
2   8  11   1   4   6   5   0   0   0 
7.071748e-012
2  5  6  0  0  0  0  0  0  0 
2.202936e-001
2  5  1  4  6  0  0  0  0  0 
1.766518e-011
2  5  1  4  7  0  0  0  0  0 
2.977635e-001
2  5  6  4  7  0  0  0  0  0 
3.266561e-001
2   8  11   1   4   7   0   0   0   0 
3.532290e-011
2  8  0  0  0  0  0  0  0  0 
3.643727e-001
2   5   1  11   8   0   0   0   0   0 
1.177928e-011
2  5  6  3  9  0  0  0  0  0 
3.366231e-002
2   5   6   3  10   9   0   0   0   0 
3.483999e-011
2  5  1  4  7  9  0  0  0  0 
3.489568e-011
2   5   6   3  10   0   0   0   0   0 
2.756487e-001
2   5   6   3   9  10   0   0   0   0 
3.520649e-011
2   8  11   0   0   0   0   0   0   0 
4.465489e-001
2   5   1  11   0   0   0   0   0   0 
3.530633e-011
3  6  4  1  0  0  0  0  0  0 
1.207584e-002
3  6  5  1  0  0  0  0  0  0 
1.222731e-002
3  9  7  4  1  0  0  0  0  0 
3.512925e-011
3  6  5  2  0  0  0  0  0  0 
8.837448e-002
3  6  4  1  5  2  0  0  0  0 
1.764080e-011
3  6  4  0  0  0  0  0  0  0 
1.466961e-002
3  9  7  4  0  0  0  0  0  0 
3.433587e-011
3  6  5  0  0  0  0  0  0  0 
4.455375e-002
3  6  4  1  5  0  0  0  0  0 
1.759894e-011
3  6  0  0  0  0  0  0  0  0 
4.918995e-002
3  9  7  4  6  0  0  0  0  0 
1.174429e-011
3  10   9   7   4   6   0   0   0   0 
8.822012e-012
3  9  7  0  0  0  0  0  0  0 
5.190132e-002
3  10   9   7   0   0   0   0   0   0 
3.505179e-011
3  6  4  7  0  0  0  0  0  0 
3.514791e-011
3  6  5  2  8  0  0  0  0  0 
1.166724e-001
3   6   4   1  11   8   0   0   0   0 
3.519630e-011
3   6   5   1  11   8   0   0   0   0 
3.519735e-011
3  9  0  0  0  0  0  0  0  0 
8.939110e-002
3  10   9   0   0   0   0   0   0   0 
3.527758e-011
3  6  4  7  9  0  0  0  0  0 
1.177271e-011
3  10   0   0   0   0   0   0   0   0 
2.679987e-002
3   9  10   0   0   0   0   0   0   0 
3.455079e-011
3   6   4   1  11   0   0   0   0   0 
1.203157e-001
3   6   5   1  11   0   0   0   0   0 
1.237360e-001
3   9   7   4   1  11   0   0   0   0 
3.521805e-011
4  1  0  0  0  0  0  0  0  0 
7.835118e-002
4  6  5  1  0  0  0  0  0  0 
1.763381e-011
4  1  5  2  0  0  0  0  0  0 
1.700757e-002
4  6  5  2  0  0  0  0  0  0 
1.770809e-002
4   1  11   8   2   0   0   0   0   0 
3.524989e-011
4  6  3  0  0  0  0  0  0  0 
3.411561e-002
4  7  9  3  0  0  0  0  0  0 
3.479924e-011
4  1  5  6  3  0  0  0  0  0 
1.751408e-011
4  1  5  0  0  0  0  0  0  0 
2.442482e-002
4  6  5  0  0  0  0  0  0  0 
2.638701e-002
4  6  0  0  0  0  0  0  0  0 
2.537485e-002
4  1  5  6  0  0  0  0  0  0 
1.750578e-011
4  7  9  3  6  0  0  0  0  0 
1.168720e-011
4  7  0  0  0  0  0  0  0  0 
5.709814e-002
4  6  3  9  7  0  0  0  0  0 
1.175351e-011
4   6   3  10   9   7   0   0   0   0 
8.827284e-012
4   1  11   8   0   0   0   0   0   0 
2.274283e-001
4  1  5  2  8  0  0  0  0  0 
3.531255e-011
4  6  5  2  8  0  0  0  0  0 
3.531238e-011
4  7  9  0  0  0  0  0  0  0 
6.231555e-003
4  6  3  9  0  0  0  0  0  0 
3.686311e-011
4   6   3  10   9   0   0   0   0   0 
1.993763e-011
4   7   9  10   0   0   0   0   0   0 
9.287104e-003
4   6   3  10   0   0   0   0   0   0 
8.598131e-003
4   6   3   9  10   0   0   0   0   0 
3.590628e-011
4   1  11   0   0   0   0   0   0   0 
7.164429e-002
4   6   5   1  11   0   0   0   0   0 
1.762908e-011
5  1  0  0  0  0  0  0  0  0 
1.044588e-001
5  6  4  1  0  0  0  0  0  0 
1.764316e-011
5   2   8  11   1   0   0   0   0   0 
1.176906e-011
5  2  0  0  0  0  0  0  0  0 
2.062388e-001
5   1  11   8   2   0   0   0   0   0 
1.178077e-011
5  6  3  0  0  0  0  0  0  0 
4.812255e-002
5  1  4  6  3  0  0  0  0  0 
1.760157e-011
5  1  4  0  0  0  0  0  0  0 
2.797011e-002
5  6  4  0  0  0  0  0  0  0 
2.726697e-002
5  6  0  0  0  0  0  0  0  0 
6.123652e-002
5  1  4  6  0  0  0  0  0  0 
1.761906e-011
5  1  4  7  0  0  0  0  0  0 
1.301779e-001
5  6  4  7  0  0  0  0  0  0 
1.354346e-001
5  6  3  9  7  0  0  0  0  0 
3.525743e-011
5  2  8  0  0  0  0  0  0  0 
3.110245e-001
5   1  11   8   0   0   0   0   0   0 
3.530045e-011
5  6  3  9  0  0  0  0  0  0 
1.941927e-002
5  1  4  7  9  0  0  0  0  0 
3.420690e-011
5  6  4  7  9  0  0  0  0  0 
3.419412e-011
5   6   3  10   0   0   0   0   0   0 
4.639597e-002
5   6   3   9  10   0   0   0   0   0 
3.483726e-011
5   1  11   0   0   0   0   0   0   0 
2.744046e-001
5   2   8  11   0   0   0   0   0   0 
3.531962e-011
6  4  1  0  0  0  0  0  0  0 
1.880530e-002
6  5  1  0  0  0  0  0  0  0 
1.920205e-002
6  5  2  0  0  0  0  0  0  0 
5.706855e-002
6  4  1  5  2  0  0  0  0  0 
1.761741e-011
6  3  0  0  0  0  0  0  0  0 
6.773842e-002
6  4  7  9  3  0  0  0  0  0 
1.176040e-011
6   4   7   9  10   3   0   0   0   0 
8.823999e-012
6  4  0  0  0  0  0  0  0  0 
1.829029e-002
6  5  1  4  0  0  0  0  0  0 
1.744637e-011
6  3  9  7  4  0  0  0  0  0 
1.164261e-011
6  5  0  0  0  0  0  0  0  0 
7.053279e-002
6  4  1  5  0  0  0  0  0  0 
1.763004e-011
6  4  7  0  0  0  0  0  0  0 
6.023101e-002
6  3  9  7  0  0  0  0  0  0 
3.504442e-011
6  5  2  8  0  0  0  0  0  0 
1.751839e-001
6   4   1  11   8   0   0   0   0   0 
3.525279e-011
6   5   1  11   8   0   0   0   0   0 
3.525379e-011
6  3  9  0  0  0  0  0  0  0 
1.006960e-002
6   3  10   9   0   0   0   0   0   0 
3.626774e-011
6  4  7  9  0  0  0  0  0  0 
3.658499e-011
6   3  10   0   0   0   0   0   0   0 
2.185147e-002
6   3   9  10   0   0   0   0   0   0 
3.416368e-011
6   4   7   9  10   0   0   0   0   0 
1.732431e-011
6   4   1  11   0   0   0   0   0   0 
4.288623e-002
6   5   1  11   0   0   0   0   0   0 
4.509702e-002
6   5   2   8  11   0   0   0   0   0 
3.514151e-011
7  4  1  0  0  0  0  0  0  0 
9.533895e-002
7  4  6  5  1  0  0  0  0  0 
1.764276e-011
7  4  6  5  2  0  0  0  0  0 
9.155919e-002
7  4  1  5  2  0  0  0  0  0 
7.450725e-002
7  9  3  6  5  2  0  0  0  0 
3.519738e-011
7  9  3  0  0  0  0  0  0  0 
1.341122e-001
7  4  6  3  0  0  0  0  0  0 
3.526627e-011
7   9  10   3   0   0   0   0   0   0 
3.519837e-011
7  4  0  0  0  0  0  0  0  0 
3.316998e-001
7  9  3  6  4  0  0  0  0  0 
1.178710e-011
7   9  10   3   6   4   0   0   0   0 
8.839692e-012
7  4  6  5  0  0  0  0  0  0 
5.238341e-002
7  4  1  5  0  0  0  0  0  0 
4.607211e-002
7  9  3  6  5  0  0  0  0  0 
3.508407e-011
7  4  6  0  0  0  0  0  0  0 
5.763964e-002
7  9  3  6  0  0  0  0  0  0 
3.506992e-011
7   4   1  11   8   0   0   0   0   0 
3.909669e-001
7  4  6  5  2  8  0  0  0  0 
3.534916e-011
7  4  1  5  2  8  0  0  0  0 
3.534700e-011
7  9  0  0  0  0  0  0  0  0 
1.703533e-002
7  4  6  3  9  0  0  0  0  0 
1.164760e-011
7   4   6   3  10   9   0   0   0   0 
8.759484e-012
7   9  10   0   0   0   0   0   0   0 
1.347219e-001
7   9   3  10   0   0   0   0   0   0 
3.531532e-011
7   4   6   3  10   0   0   0   0   0 
1.766947e-011
7   4   1  11   0   0   0   0   0   0 
3.613545e-001
8  11   1   0   0   0   0   0   0   0 
1.122469e-001
8  2  5  1  0  0  0  0  0  0 
3.524223e-011
8  2  0  0  0  0  0  0  0  0 
3.987987e-002
8  11   1   5   2   0   0   0   0   0 
1.173971e-011
8  11   1   4   6   5   2   0   0   0 
7.053118e-012
8  2  5  6  3  0  0  0  0  0 
7.852945e-002
8  11   1   5   6   3   0   0   0   0 
3.511101e-011
8  11   1   4   6   3   0   0   0   0 
3.509126e-011
8  11   1   4   0   0   0   0   0   0 
2.109816e-002
8  2  5  1  4  0  0  0  0  0 
3.395205e-011
8  2  5  6  4  0  0  0  0  0 
3.394252e-011
8  2  5  0  0  0  0  0  0  0 
1.232569e-001
8  11   1   5   0   0   0   0   0   0 
3.523689e-011
8  2  5  6  0  0  0  0  0  0 
5.587251e-002
8  11   1   5   6   0   0   0   0   0 
3.500161e-011
8  11   1   4   6   0   0   0   0   0 
3.497753e-011
8  11   1   4   7   0   0   0   0   0 
2.976236e-001
8  2  5  1  4  7  0  0  0  0 
3.532897e-011
8  2  5  6  4  7  0  0  0  0 
3.533193e-011
8  11   1   4   7   9   0   0   0   0 
8.577468e-003
8  2  5  6  3  9  0  0  0  0 
8.866227e-003
8  11   1   5   6   3   9   0   0   0 
3.654362e-011
8   2   5   6   3  10   0   0   0   0 
8.854548e-002
8   2   5   6   3   9  10   0   0   0 
3.495754e-011
8  11   1   4   7   9  10   0   0   0 
3.501650e-011
8  11   0   0   0   0   0   0   0   0 
1.022245e+000
8   2   5   1  11   0   0   0   0   0 
1.178593e-011
9  7  4  1  0  0  0  0  0  0 
1.571626e-002
9  3  6  4  1  0  0  0  0  0 
3.294335e-011
9  3  6  5  1  0  0  0  0  0 
3.294788e-011
9  3  6  5  2  0  0  0  0  0 
1.103869e-002
9  10   3   6   5   2   0   0   0   0 
3.242319e-011
9  7  4  6  5  2  0  0  0  0 
3.283870e-011
9  3  0  0  0  0  0  0  0  0 
6.642552e-002
9  10   3   0   0   0   0   0   0   0 
3.506128e-011
9  7  4  6  3  0  0  0  0  0 
1.175793e-011
9  7  4  0  0  0  0  0  0  0 
1.599604e-002
9  3  6  4  0  0  0  0  0  0 
3.401929e-011
9  10   3   6   4   0   0   0   0   0 
1.705086e-011
9  3  6  5  0  0  0  0  0  0 
3.793315e-002
9  10   3   6   5   0   0   0   0   0 
3.478642e-011
9  7  4  6  5  0  0  0  0  0 
3.489255e-011
9  3  6  0  0  0  0  0  0  0 
4.146630e-003
9  10   3   6   0   0   0   0   0   0 
2.404106e-011
9  7  4  6  0  0  0  0  0  0 
2.462929e-011
9  7  0  0  0  0  0  0  0  0 
2.912610e-002
9  3  6  4  7  0  0  0  0  0 
1.171198e-011
9  10   3   6   4   7   0   0   0   0 
8.793027e-012
9   7   4   1  11   8   0   0   0   0 
1.809137e-002
9  3  6  5  2  8  0  0  0  0 
2.022554e-002
9  10   3   6   5   2   8   0   0   0 
3.493145e-011
9  10   0   0   0   0   0   0   0   0 
2.911615e-002
9   3  10   0   0   0   0   0   0   0 
3.497196e-011
9   7   4   1  11   0   0   0   0   0 
1.899120e-002
9   3   6   4   1  11   0   0   0   0 
3.366613e-011
9   3   6   5   1  11   0   0   0   0 
3.366933e-011
10   3   6   4   1   0   0   0   0   0 
1.402251e-002
10   9   7   4   1   0   0   0   0   0 
1.488399e-002
10   3   6   5   1   0   0   0   0   0 
1.426542e-002
10   3   6   5   2   0   0   0   0   0 
3.091218e-002
10   9   3   6   5   2   0   0   0   0 
3.479589e-011
10   3   0   0   0   0   0   0   0   0 
7.106365e-002
10   9   3   0   0   0   0   0   0   0 
3.509176e-011
10   3   6   4   0   0   0   0   0   0 
1.337472e-002
10   9   7   4   0   0   0   0   0   0 
1.429320e-002
10   3   9   7   4   0   0   0   0   0 
3.505934e-011
10   3   6   5   0   0   0   0   0   0 
5.730946e-002
10   9   3   6   5   0   0   0   0   0 
3.503137e-011
10   3   6   0   0   0   0   0   0   0 
1.976311e-002
10   9   3   6   0   0   0   0   0   0 
3.450378e-011
10   9   7   0   0   0   0   0   0   0 
1.686585e-001
10   3   9   7   0   0   0   0   0   0 
3.522962e-011
10   3   6   5   2   8   0   0   0   0 
1.535385e-001
10   9   3   6   5   2   8   0   0   0 
3.522444e-011
10   3   6   5   1  11   8   0   0   0 
3.523821e-011
10   9   0   0   0   0   0   0   0   0 
2.191248e-002
10   3   9   0   0   0   0   0   0   0 
3.462594e-011
10   3   6   4   1  11   0   0   0   0 
5.701684e-002
10   3   6   5   1  11   0   0   0   0 
5.718109e-002
10   9   7   4   1  11   0   0   0   0 
7.626019e-002
11   1   0   0   0   0   0   0   0   0 
3.514814e-001
11   8   2   5   1   0   0   0   0   0 
1.178459e-011
11   8   2   0   0   0   0   0   0   0 
6.948255e-002
11   1   5   2   0   0   0   0   0   0 
3.515441e-011
11   1   4   6   3   0   0   0   0   0 
4.144987e-002
11   1   5   6   3   0   0   0   0   0 
3.849263e-002
11   8   2   5   6   3   0   0   0   0 
3.514603e-011
11   1   4   0   0   0   0   0   0   0 
3.663043e-002
11   1   5   6   4   0   0   0   0   0 
1.758135e-011
11   1   5   0   0   0   0   0   0   0 
2.152697e-001
11   8   2   5   0   0   0   0   0   0 
3.529734e-011
11   1   4   6   5   0   0   0   0   0 
1.766016e-011
11   1   4   6   0   0   0   0   0   0 
2.943134e-002
11   1   5   6   0   0   0   0   0   0 
2.780561e-002
11   8   2   5   6   0   0   0   0   0 
3.512616e-011
11   1   4   7   0   0   0   0   0   0 
3.592479e-001
11   8   0   0   0   0   0   0   0   0 
4.457731e-001
11   1   5   2   8   0   0   0   0   0 
1.178426e-011
11   1   4   7   9   0   0   0   0   0 
1.621675e-002
11   1   4   6   3   9   0   0   0   0 
3.256745e-011
11   1   5   6   3   9   0   0   0   0 
3.267683e-011
11   1   4   7   9  10   0   0   0   0 
1.718837e-002
11   1   5   6   3  10   0   0   0   0 
1.462545e-002
11   1   4   6   3  10   0   0   0   0 
1.556992e-002
