1  5  2  0  0  0  0  0  0  0 
1.012279e-001
1  11   8   2   0   0   0   0   0   0 
5.215249e-013
1  4  6  5  2  0  0  0  0  0 
2.613694e-013
1  4  6  3  0  0  0  0  0  0 
1.568494e-002
1  5  6  3  0  0  0  0  0  0 
1.553119e-002
1  4  7  9  3  0  0  0  0  0 
5.217358e-013
1  4  0  0  0  0  0  0  0  0 
3.095547e-002
1  5  6  4  0  0  0  0  0  0 
2.601759e-013
1  5  0  0  0  0  0  0  0  0 
1.156641e-001
1  4  6  5  0  0  0  0  0  0 
2.616845e-013
1  11   8   2   5   0   0   0   0   0 
1.745977e-013
1  4  6  0  0  0  0  0  0  0 
2.508435e-002
1  5  6  0  0  0  0  0  0  0 
2.356026e-002
1  4  7  0  0  0  0  0  0  0 
1.023458e-001
1  5  6  4  7  0  0  0  0  0 
2.617744e-013
1  11   8   0   0   0   0   0   0   0 
2.476813e-001
1  5  2  8  0  0  0  0  0  0 
5.242626e-013
1  4  6  5  2  8  0  0  0  0 
1.748937e-013
1  4  7  9  0  0  0  0  0  0 
3.984885e-003
1  4  6  3  9  0  0  0  0  0 
3.792746e-013
1  5  6  3  9  0  0  0  0  0 
8.628751e-013
1   4   6   3  10   0   0   0   0   0 
2.898536e-002
1   5   6   3  10   0   0   0   0   0 
2.679289e-002
1   4   7   9  10   0   0   0   0   0 
3.615012e-002
1  11   0   0   0   0   0   0   0   0 
6.571066e-001
1   5   2   8  11   0   0   0   0   0 
1.750405e-013
2  5  1  0  0  0  0  0  0  0 
1.281292e-001
2   8  11   1   0   0   0   0   0   0 
5.223664e-013
2  5  6  4  1  0  0  0  0  0 
2.617144e-013
2  5  6  3  0  0  0  0  0  0 
1.741552e-001
2  5  1  4  6  3  0  0  0  0 
2.619930e-013
2  5  1  4  0  0  0  0  0  0 
7.890667e-002
2  5  6  4  0  0  0  0  0  0 
7.355369e-002
2   8  11   1   4   0   0   0   0   0 
5.223336e-013
2  5  0  0  0  0  0  0  0  0 
5.375355e-001
2   8  11   1   5   0   0   0   0   0 
1.749652e-013
2   8  11   1   4   6   5   0   0   0 
1.049822e-013
2  5  6  0  0  0  0  0  0  0 
2.129099e-001
2  5  1  4  6  0  0  0  0  0 
2.620811e-013
2  5  1  4  7  0  0  0  0  0 
2.567410e-001
2  5  6  4  7  0  0  0  0  0 
2.920591e-001
2   8  11   1   4   7   0   0   0   0 
5.240596e-013
2  8  0  0  0  0  0  0  0  0 
4.363374e-001
2   5   1  11   8   0   0   0   0   0 
1.748335e-013
2  5  6  3  9  0  0  0  0  0 
2.921127e-002
2   5   6   3  10   9   0   0   0   0 
5.108983e-013
2  5  1  4  7  9  0  0  0  0 
5.128459e-013
2   5   6   3  10   0   0   0   0   0 
2.377251e-001
2   5   6   3   9  10   0   0   0   0 
5.193509e-013
2   8  11   0   0   0   0   0   0   0 
5.054328e-001
2   5   1  11   0   0   0   0   0   0 
5.238160e-013
3  6  4  1  0  0  0  0  0  0 
1.431127e-002
3  6  5  1  0  0  0  0  0  0 
1.681270e-002
3  9  7  4  1  0  0  0  0  0 
5.149140e-013
3  6  5  2  0  0  0  0  0  0 
7.648500e-002
3  6  4  1  5  2  0  0  0  0 
2.615061e-013
3  6  4  0  0  0  0  0  0  0 
1.804947e-002
3  9  7  4  0  0  0  0  0  0 
4.995263e-013
3  6  5  0  0  0  0  0  0  0 
5.359111e-002
3  6  4  1  5  0  0  0  0  0 
2.610971e-013
3  6  0  0  0  0  0  0  0  0 
4.653349e-002
3  9  7  4  6  0  0  0  0  0 
1.736642e-013
3  10   9   7   4   6   0   0   0   0 
1.307185e-013
3  9  7  0  0  0  0  0  0  0 
4.787128e-002
3  10   9   7   0   0   0   0   0   0 
5.199406e-013
3  6  4  7  0  0  0  0  0  0 
5.237641e-013
3  6  5  2  8  0  0  0  0  0 
9.339462e-002
3   6   4   1  11   8   0   0   0   0 
5.204189e-013
3   6   5   1  11   8   0   0   0   0 
5.204722e-013
3  9  0  0  0  0  0  0  0  0 
5.596303e-002
3  10   9   0   0   0   0   0   0   0 
5.233622e-013
3  6  4  7  9  0  0  0  0  0 
1.744665e-013
3  10   0   0   0   0   0   0   0   0 
2.659108e-002
3   9  10   0   0   0   0   0   0   0 
5.017144e-013
3   6   4   1  11   0   0   0   0   0 
1.063861e-001
3   6   5   1  11   0   0   0   0   0 
1.156533e-001
3   9   7   4   1  11   0   0   0   0 
5.196646e-013
4  1  0  0  0  0  0  0  0  0 
7.767109e-002
4  6  5  1  0  0  0  0  0  0 
2.614557e-013
4  1  5  2  0  0  0  0  0  0 
2.665812e-002
4  6  5  2  0  0  0  0  0  0 
2.826609e-002
4   1  11   8   2   0   0   0   0   0 
5.238522e-013
4  6  3  0  0  0  0  0  0  0 
2.535375e-002
4  7  9  3  0  0  0  0  0  0 
5.039673e-013
4  1  5  6  3  0  0  0  0  0 
2.564842e-013
4  1  5  0  0  0  0  0  0  0 
2.052069e-002
4  6  5  0  0  0  0  0  0  0 
2.138571e-002
4  6  0  0  0  0  0  0  0  0 
3.241548e-002
4  1  5  6  0  0  0  0  0  0 
2.595298e-013
4  7  9  3  6  0  0  0  0  0 
1.732089e-013
4  7  0  0  0  0  0  0  0  0 
4.821876e-002
4  6  3  9  7  0  0  0  0  0 
1.737309e-013
4   6   3  10   9   7   0   0   0   0 
1.307567e-013
4   1  11   8   0   0   0   0   0   0 
2.280805e-001
4  1  5  2  8  0  0  0  0  0 
5.239261e-013
4  6  5  2  8  0  0  0  0  0 
5.238643e-013
4  7  9  0  0  0  0  0  0  0 
7.293360e-003
4  6  3  9  0  0  0  0  0  0 
4.691052e-013
4   6   3  10   9   0   0   0   0   0 
2.207410e-013
4   7   9  10   0   0   0   0   0   0 
1.136984e-002
4   6   3  10   0   0   0   0   0   0 
1.043308e-002
4   6   3   9  10   0   0   0   0   0 
5.237814e-013
4   1  11   0   0   0   0   0   0   0 
9.410938e-002
4   6   5   1  11   0   0   0   0   0 
2.616365e-013
5  1  0  0  0  0  0  0  0  0 
1.385442e-001
5  6  4  1  0  0  0  0  0  0 
2.618782e-013
5   2   8  11   1   0   0   0   0   0 
1.746959e-013
5  2  0  0  0  0  0  0  0  0 
1.533582e-001
5   1  11   8   2   0   0   0   0   0 
1.747462e-013
5  6  3  0  0  0  0  0  0  0 
4.176675e-002
5  1  4  6  3  0  0  0  0  0 
2.605927e-013
5  1  4  0  0  0  0  0  0  0 
2.521222e-002
5  6  4  0  0  0  0  0  0  0 
2.248473e-002
5  6  0  0  0  0  0  0  0  0 
7.080726e-002
5  1  4  6  0  0  0  0  0  0 
2.613390e-013
5  1  4  7  0  0  0  0  0  0 
1.012941e-001
5  6  4  7  0  0  0  0  0  0 
1.070089e-001
5  6  3  9  7  0  0  0  0  0 
5.198379e-013
5  2  8  0  0  0  0  0  0  0 
3.885482e-001
5   1  11   8   0   0   0   0   0   0 
5.236920e-013
5  6  3  9  0  0  0  0  0  0 
2.419918e-002
5  1  4  7  9  0  0  0  0  0 
5.072269e-013
5  6  4  7  9  0  0  0  0  0 
5.069143e-013
5   6   3  10   0   0   0   0   0   0 
8.457582e-002
5   6   3   9  10   0   0   0   0   0 
5.149342e-013
5   1  11   0   0   0   0   0   0   0 
2.613966e-001
5   2   8  11   0   0   0   0   0   0 
5.243180e-013
6  4  1  0  0  0  0  0  0  0 
1.903626e-002
6  5  1  0  0  0  0  0  0  0 
2.115664e-002
6  5  2  0  0  0  0  0  0  0 
5.595205e-002
6  4  1  5  2  0  0  0  0  0 
2.611537e-013
6  3  0  0  0  0  0  0  0  0 
6.828768e-002
6  4  7  9  3  0  0  0  0  0 
1.743525e-013
6   4   7   9  10   3   0   0   0   0 
1.308121e-013
6  4  0  0  0  0  0  0  0  0 
1.419595e-002
6  5  1  4  0  0  0  0  0  0 
2.550601e-013
6  3  9  7  4  0  0  0  0  0 
1.699023e-013
6  5  0  0  0  0  0  0  0  0 
1.039940e-001
6  4  1  5  0  0  0  0  0  0 
2.617629e-013
6  4  7  0  0  0  0  0  0  0 
7.725895e-002
6  3  9  7  0  0  0  0  0  0 
5.174014e-013
6  5  2  8  0  0  0  0  0  0 
1.552776e-001
6   4   1  11   8   0   0   0   0   0 
5.222360e-013
6   5   1  11   8   0   0   0   0   0 
5.222934e-013
6  3  9  0  0  0  0  0  0  0 
5.998200e-003
6   3  10   9   0   0   0   0   0   0 
4.691085e-013
6  4  7  9  0  0  0  0  0  0 
4.778695e-013
6   3  10   0   0   0   0   0   0   0 
2.971510e-002
6   3   9  10   0   0   0   0   0   0 
4.980902e-013
6   4   7   9  10   0   0   0   0   0 
2.562793e-013
6   4   1  11   0   0   0   0   0   0 
5.421246e-002
6   5   1  11   0   0   0   0   0   0 
6.024097e-002
6   5   2   8  11   0   0   0   0   0 
5.217644e-013
7  4  1  0  0  0  0  0  0  0 
1.113106e-001
7  4  6  5  1  0  0  0  0  0 
2.617672e-013
7  4  6  5  2  0  0  0  0  0 
7.258367e-002
7  4  1  5  2  0  0  0  0  0 
6.195773e-002
7  9  3  6  5  2  0  0  0  0 
5.205130e-013
7  9  3  0  0  0  0  0  0  0 
1.297839e-001
7  4  6  3  0  0  0  0  0  0 
5.232227e-013
7   9  10   3   0   0   0   0   0   0 
5.202628e-013
7  4  0  0  0  0  0  0  0  0 
3.339036e-002
7  9  3  6  4  0  0  0  0  0 
1.734979e-013
7   9  10   3   6   4   0   0   0   0 
1.302759e-013
7  4  6  5  0  0  0  0  0  0 
6.259072e-002
7  4  1  5  0  0  0  0  0  0 
5.463578e-002
7  9  3  6  5  0  0  0  0  0 
5.199385e-013
7  4  6  0  0  0  0  0  0  0 
5.767105e-002
7  9  3  6  0  0  0  0  0  0 
5.185084e-013
7   4   1  11   8   0   0   0   0   0 
4.303434e-001
7  4  6  5  2  8  0  0  0  0 
5.248697e-013
7  4  1  5  2  8  0  0  0  0 
5.248162e-013
7  9  0  0  0  0  0  0  0  0 
1.415488e-002
7  4  6  3  9  0  0  0  0  0 
1.708709e-013
7   4   6   3  10   9   0   0   0   0 
1.289710e-013
7   9  10   0   0   0   0   0   0   0 
1.258063e-001
7   9   3  10   0   0   0   0   0   0 
5.241763e-013
7   4   6   3  10   0   0   0   0   0 
2.623628e-013
7   4   1  11   0   0   0   0   0   0 
4.246297e-001
8  11   1   0   0   0   0   0   0   0 
7.038163e-002
8  2  5  1  0  0  0  0  0  0 
5.207744e-013
8  2  0  0  0  0  0  0  0  0 
4.688590e-002
8  11   1   5   2   0   0   0   0   0 
1.741485e-013
8  11   1   4   6   5   2   0   0   0 
1.046454e-013
8  2  5  6  3  0  0  0  0  0 
7.335271e-002
8  11   1   5   6   3   0   0   0   0 
5.190677e-013
8  11   1   4   6   3   0   0   0   0 
5.184280e-013
8  11   1   4   0   0   0   0   0   0 
3.134208e-002
8  2  5  1  4  0  0  0  0  0 
5.071449e-013
8  2  5  6  4  0  0  0  0  0 
5.069768e-013
8  2  5  0  0  0  0  0  0  0 
1.975970e-001
8  11   1   5   0   0   0   0   0   0 
5.233615e-013
8  2  5  6  0  0  0  0  0  0 
5.629918e-002
8  11   1   5   6   0   0   0   0   0 
5.170213e-013
8  11   1   4   6   0   0   0   0   0 
5.162636e-013
8  11   1   4   7   0   0   0   0   0 
2.959161e-001
8  2  5  1  4  7  0  0  0  0 
5.239359e-013
8  2  5  6  4  7  0  0  0  0 
5.240144e-013
8  11   1   4   7   9   0   0   0   0 
9.053415e-003
8  2  5  6  3  9  0  0  0  0 
9.771510e-003
8  11   1   5   6   3   9   0   0   0 
5.495544e-013
8   2   5   6   3  10   0   0   0   0 
9.520428e-002
8   2   5   6   3   9  10   0   0   0 
5.140242e-013
8  11   1   4   7   9  10   0   0   0 
5.169799e-013
8  11   0   0   0   0   0   0   0   0 
8.564818e-001
8   2   5   1  11   0   0   0   0   0 
1.749111e-013
9  7  4  1  0  0  0  0  0  0 
2.509065e-002
9  3  6  4  1  0  0  0  0  0 
4.963140e-013
9  3  6  5  1  0  0  0  0  0 
4.961571e-013
9  3  6  5  2  0  0  0  0  0 
2.265270e-002
9  10   3   6   5   2   0   0   0   0 
4.907289e-013
9  7  4  6  5  2  0  0  0  0 
4.965784e-013
9  3  0  0  0  0  0  0  0  0 
5.849256e-002
9  10   3   0   0   0   0   0   0   0 
5.167269e-013
9  7  4  6  3  0  0  0  0  0 
1.741670e-013
9  7  4  0  0  0  0  0  0  0 
1.728934e-002
9  3  6  4  0  0  0  0  0  0 
4.926095e-013
9  10   3   6   4   0   0   0   0   0 
2.489185e-013
9  3  6  5  0  0  0  0  0  0 
5.190843e-002
9  10   3   6   5   0   0   0   0   0 
5.137117e-013
9  7  4  6  5  0  0  0  0  0 
5.171325e-013
9  3  6  0  0  0  0  0  0  0 
1.024153e-002
9  10   3   6   0   0   0   0   0   0 
4.440549e-013
9  7  4  6  0  0  0  0  0  0 
4.548764e-013
9  7  0  0  0  0  0  0  0  0 
1.751002e-002
9  3  6  4  7  0  0  0  0  0 
1.721556e-013
9  10   3   6   4   7   0   0   0   0 
1.293271e-013
9   7   4   1  11   8   0   0   0   0 
1.866855e-002
9  3  6  5  2  8  0  0  0  0 
2.209611e-002
9  10   3   6   5   2   8   0   0   0 
5.171638e-013
9  10   0   0   0   0   0   0   0   0 
3.132337e-002
9   3  10   0   0   0   0   0   0   0 
5.187848e-013
9   7   4   1  11   0   0   0   0   0 
2.465469e-002
9   3   6   4   1  11   0   0   0   0 
4.955404e-013
9   3   6   5   1  11   0   0   0   0 
4.953726e-013
10   3   6   4   1   0   0   0   0   0 
1.691813e-002
10   9   7   4   1   0   0   0   0   0 
1.934868e-002
10   3   6   5   1   0   0   0   0   0 
1.929358e-002
10   3   6   5   2   0   0   0   0   0 
3.690397e-002
10   9   3   6   5   2   0   0   0   0 
5.140709e-013
10   3   0   0   0   0   0   0   0   0 
6.824604e-002
10   9   3   0   0   0   0   0   0   0 
5.186389e-013
10   3   6   4   0   0   0   0   0   0 
1.324696e-002
10   9   7   4   0   0   0   0   0   0 
1.425760e-002
10   3   9   7   4   0   0   0   0   0 
5.193756e-013
10   3   6   5   0   0   0   0   0   0 
5.926879e-002
10   9   3   6   5   0   0   0   0   0 
5.178145e-013
10   3   6   0   0   0   0   0   0   0 
1.591407e-002
10   9   3   6   0   0   0   0   0   0 
5.041764e-013
10   9   7   0   0   0   0   0   0   0 
1.806571e-001
10   3   9   7   0   0   0   0   0   0 
5.205201e-013
10   3   6   5   2   8   0   0   0   0 
1.264067e-001
10   9   3   6   5   2   8   0   0   0 
5.204168e-013
10   3   6   5   1  11   8   0   0   0 
5.215479e-013
10   9   0   0   0   0   0   0   0   0 
2.337540e-002
10   3   9   0   0   0   0   0   0   0 
5.063943e-013
10   3   6   4   1  11   0   0   0   0 
6.493726e-002
10   3   6   5   1  11   0   0   0   0 
6.737573e-002
10   9   7   4   1  11   0   0   0   0 
8.145764e-002
11   1   0   0   0   0   0   0   0   0 
3.567787e-001
11   8   2   5   1   0   0   0   0   0 
1.749367e-013
11   8   2   0   0   0   0   0   0   0 
8.587071e-002
11   1   5   2   0   0   0   0   0   0 
5.216661e-013
11   1   4   6   3   0   0   0   0   0 
6.013723e-002
11   1   5   6   3   0   0   0   0   0 
5.283264e-002
11   8   2   5   6   3   0   0   0   0 
5.223349e-013
11   1   4   0   0   0   0   0   0   0 
4.234723e-002
11   1   5   6   4   0   0   0   0   0 
2.607524e-013
11   1   5   0   0   0   0   0   0   0 
1.892242e-001
11   8   2   5   0   0   0   0   0   0 
5.233283e-013
11   1   4   6   5   0   0   0   0   0 
2.619336e-013
11   1   4   6   0   0   0   0   0   0 
3.643349e-002
11   1   5   6   0   0   0   0   0   0 
3.298339e-002
11   8   2   5   6   0   0   0   0   0 
5.222969e-013
11   1   4   7   0   0   0   0   0   0 
3.419330e-001
11   8   0   0   0   0   0   0   0   0 
4.005466e-001
11   1   5   2   8   0   0   0   0   0 
1.749347e-013
11   1   4   7   9   0   0   0   0   0 
1.252120e-002
11   1   4   6   3   9   0   0   0   0 
4.488080e-013
11   1   5   6   3   9   0   0   0   0 
4.513164e-013
11   1   4   7   9  10   0   0   0   0 
2.366703e-002
11   1   5   6   3  10   0   0   0   0 
1.914813e-002
11   1   4   6   3  10   0   0   0   0 
2.014732e-002
