1  5  2  0  0  0  0  0  0  0 
7.182946e-002
1  11   8   2   0   0   0   0   0   0 
4.699687e-013
1  4  6  5  2  0  0  0  0  0 
2.351102e-013
1  4  6  3  0  0  0  0  0  0 
1.747803e-002
1  5  6  3  0  0  0  0  0  0 
1.628292e-002
1  4  7  9  3  0  0  0  0  0 
4.708369e-013
1  4  0  0  0  0  0  0  0  0 
1.600179e-002
1  5  6  4  0  0  0  0  0  0 
2.341544e-013
1  5  0  0  0  0  0  0  0  0 
5.638645e-002
1  4  6  5  0  0  0  0  0  0 
2.351290e-013
1  11   8   2   5   0   0   0   0   0 
1.569417e-013
1  4  6  0  0  0  0  0  0  0 
9.874715e-003
1  5  6  0  0  0  0  0  0  0 
9.376510e-003
1  4  7  0  0  0  0  0  0  0 
6.454158e-002
1  5  6  4  7  0  0  0  0  0 
2.353734e-013
1  11   8   0   0   0   0   0   0   0 
1.817958e-001
1  5  2  8  0  0  0  0  0  0 
4.709506e-013
1  4  6  5  2  8  0  0  0  0 
1.570569e-013
1  4  7  9  0  0  0  0  0  0 
4.839885e-003
1  4  6  3  9  0  0  0  0  0 
2.290655e-013
1  5  6  3  9  0  0  0  0  0 
2.353091e-013
1   4   6   3  10   0   0   0   0   0 
1.298703e-002
1   5   6   3  10   0   0   0   0   0 
1.213666e-002
1   4   7   9  10   0   0   0   0   0 
1.475929e-002
1  11   0   0   0   0   0   0   0   0 
7.465227e-001
1   5   2   8  11   0   0   0   0   0 
1.571683e-013
2  5  1  0  0  0  0  0  0  0 
8.146282e-002
2   8  11   1   0   0   0   0   0   0 
4.701584e-013
2  5  6  4  1  0  0  0  0  0 
2.353433e-013
2  5  6  3  0  0  0  0  0  0 
2.835583e-001
2  5  1  4  6  3  0  0  0  0 
2.355314e-013
2  5  1  4  0  0  0  0  0  0 
1.086016e-001
2  5  6  4  0  0  0  0  0  0 
1.030058e-001
2   8  11   1   4   0   0   0   0   0 
4.710212e-013
2  5  0  0  0  0  0  0  0  0 
5.184179e-001
2   8  11   1   5   0   0   0   0   0 
1.571554e-013
2   8  11   1   4   6   5   0   0   0 
9.427881e-014
2  5  6  0  0  0  0  0  0  0 
1.988920e-001
2  5  1  4  6  0  0  0  0  0 
2.354955e-013
2  5  1  4  7  0  0  0  0  0 
3.482874e-001
2  5  6  4  7  0  0  0  0  0 
3.452971e-001
2   8  11   1   4   7   0   0   0   0 
4.714270e-013
2  8  0  0  0  0  0  0  0  0 
3.704264e-001
2   5   1  11   8   0   0   0   0   0 
1.571310e-013
2  5  6  3  9  0  0  0  0  0 
3.745801e-002
2   5   6   3  10   9   0   0   0   0 
4.688209e-013
2  5  1  4  7  9  0  0  0  0 
4.699729e-013
2   5   6   3  10   0   0   0   0   0 
3.723085e-001
2   5   6   3   9  10   0   0   0   0 
4.663073e-013
2   8  11   0   0   0   0   0   0   0 
3.795887e-001
2   5   1  11   0   0   0   0   0   0 
4.712044e-013
3  6  4  1  0  0  0  0  0  0 
1.682515e-002
3  6  5  1  0  0  0  0  0  0 
1.794592e-002
3  9  7  4  1  0  0  0  0  0 
4.661797e-013
3  6  5  2  0  0  0  0  0  0 
9.661890e-002
3  6  4  1  5  2  0  0  0  0 
2.354984e-013
3  6  4  0  0  0  0  0  0  0 
2.631420e-002
3  9  7  4  0  0  0  0  0  0 
4.622973e-013
3  6  5  0  0  0  0  0  0  0 
1.182403e-001
3  6  4  1  5  0  0  0  0  0 
2.355424e-013
3  6  0  0  0  0  0  0  0  0 
3.718635e-002
3  9  7  4  6  0  0  0  0  0 
1.563492e-013
3  10   9   7   4   6   0   0   0   0 
1.175916e-013
3  9  7  0  0  0  0  0  0  0 
5.113045e-002
3  10   9   7   0   0   0   0   0   0 
4.710385e-013
3  6  4  7  0  0  0  0  0  0 
4.734378e-013
3  6  5  2  8  0  0  0  0  0 
1.351979e-001
3   6   4   1  11   8   0   0   0   0 
4.705915e-013
3   6   5   1  11   8   0   0   0   0 
4.705922e-013
3  9  0  0  0  0  0  0  0  0 
6.781140e-002
3  10   9   0   0   0   0   0   0   0 
4.729268e-013
3  6  4  7  9  0  0  0  0  0 
1.573021e-013
3  10   0   0   0   0   0   0   0   0 
2.475184e-002
3   9  10   0   0   0   0   0   0   0 
4.582402e-013
3   6   4   1  11   0   0   0   0   0 
1.087289e-001
3   6   5   1  11   0   0   0   0   0 
1.118061e-001
3   9   7   4   1  11   0   0   0   0 
4.677049e-013
4  1  0  0  0  0  0  0  0  0 
2.669652e-002
4  6  5  1  0  0  0  0  0  0 
2.346288e-013
4  1  5  2  0  0  0  0  0  0 
1.365287e-002
4  6  5  2  0  0  0  0  0  0 
1.399040e-002
4   1  11   8   2   0   0   0   0   0 
4.771736e-013
4  6  3  0  0  0  0  0  0  0 
3.950629e-002
4  7  9  3  0  0  0  0  0  0 
4.668880e-013
4  1  5  6  3  0  0  0  0  0 
2.346706e-013
4  1  5  0  0  0  0  0  0  0 
1.844037e-002
4  6  5  0  0  0  0  0  0  0 
1.944509e-002
4  6  0  0  0  0  0  0  0  0 
1.929027e-002
4  1  5  6  0  0  0  0  0  0 
2.338423e-013
4  7  9  3  6  0  0  0  0  0 
1.558925e-013
4  7  0  0  0  0  0  0  0  0 
5.603625e-002
4  6  3  9  7  0  0  0  0  0 
1.565275e-013
4   6   3  10   9   7   0   0   0   0 
1.176981e-013
4   1  11   8   0   0   0   0   0   0 
1.937065e-001
4  1  5  2  8  0  0  0  0  0 
4.708995e-013
4  6  5  2  8  0  0  0  0  0 
4.704012e-013
4  7  9  0  0  0  0  0  0  0 
6.978570e-003
4  6  3  9  0  0  0  0  0  0 
4.225105e-013
4   6   3  10   9   0   0   0   0   0 
2.129801e-013
4   7   9  10   0   0   0   0   0   0 
5.975154e-003
4   6   3  10   0   0   0   0   0   0 
5.534751e-003
4   6   3   9  10   0   0   0   0   0 
5.016513e-013
4   1  11   0   0   0   0   0   0   0 
8.231070e-002
4   6   5   1  11   0   0   0   0   0 
2.353126e-013
5  1  0  0  0  0  0  0  0  0 
7.317993e-002
5  6  4  1  0  0  0  0  0  0 
2.354231e-013
5   2   8  11   1   0   0   0   0   0 
1.570138e-013
5  2  0  0  0  0  0  0  0  0 
1.452703e-001
5   1  11   8   2   0   0   0   0   0 
1.571013e-013
5  6  3  0  0  0  0  0  0  0 
3.897450e-002
5  1  4  6  3  0  0  0  0  0 
2.349589e-013
5  1  4  0  0  0  0  0  0  0 
1.998799e-002
5  6  4  0  0  0  0  0  0  0 
1.847792e-002
5  6  0  0  0  0  0  0  0  0 
6.474891e-002
5  1  4  6  0  0  0  0  0  0 
2.352293e-013
5  1  4  7  0  0  0  0  0  0 
1.156063e-001
5  6  4  7  0  0  0  0  0  0 
1.168286e-001
5  6  3  9  7  0  0  0  0  0 
4.678321e-013
5  2  8  0  0  0  0  0  0  0 
2.877484e-001
5   1  11   8   0   0   0   0   0   0 
4.711366e-013
5  6  3  9  0  0  0  0  0  0 
1.280373e-002
5  1  4  7  9  0  0  0  0  0 
4.601872e-013
5  6  4  7  9  0  0  0  0  0 
4.600938e-013
5   6   3  10   0   0   0   0   0   0 
2.753568e-002
5   6   3   9  10   0   0   0   0   0 
4.590037e-013
5   1  11   0   0   0   0   0   0   0 
2.154816e-001
5   2   8  11   0   0   0   0   0   0 
4.712917e-013
6  4  1  0  0  0  0  0  0  0 
9.981946e-003
6  5  1  0  0  0  0  0  0  0 
1.043329e-002
6  5  2  0  0  0  0  0  0  0 
5.362216e-002
6  4  1  5  2  0  0  0  0  0 
2.353002e-013
6  3  0  0  0  0  0  0  0  0 
1.097914e-001
6  4  7  9  3  0  0  0  0  0 
1.570097e-013
6   4   7   9  10   3   0   0   0   0 
1.176845e-013
6  4  0  0  0  0  0  0  0  0 
1.780785e-002
6  5  1  4  0  0  0  0  0  0 
2.332982e-013
6  3  9  7  4  0  0  0  0  0 
1.552909e-013
6  5  0  0  0  0  0  0  0  0 
5.073027e-002
6  4  1  5  0  0  0  0  0  0 
2.352744e-013
6  4  7  0  0  0  0  0  0  0 
6.218353e-002
6  3  9  7  0  0  0  0  0  0 
4.663270e-013
6  5  2  8  0  0  0  0  0  0 
1.255554e-001
6   4   1  11   8   0   0   0   0   0 
4.705096e-013
6   5   1  11   8   0   0   0   0   0 
4.705102e-013
6  3  9  0  0  0  0  0  0  0 
2.409915e-003
6   3  10   9   0   0   0   0   0   0 
4.289868e-013
6  4  7  9  0  0  0  0  0  0 
4.904916e-013
6   3  10   0   0   0   0   0   0   0 
1.792674e-002
6   3   9  10   0   0   0   0   0   0 
4.480200e-013
6   4   7   9  10   0   0   0   0   0 
2.295110e-013
6   4   1  11   0   0   0   0   0   0 
3.906772e-002
6   5   1  11   0   0   0   0   0   0 
4.154620e-002
6   5   2   8  11   0   0   0   0   0 
4.706704e-013
7  4  1  0  0  0  0  0  0  0 
1.058702e-001
7  4  6  5  1  0  0  0  0  0 
2.353825e-013
7  4  6  5  2  0  0  0  0  0 
4.877330e-002
7  4  1  5  2  0  0  0  0  0 
4.357329e-002
7  9  3  6  5  2  0  0  0  0 
4.694995e-013
7  9  3  0  0  0  0  0  0  0 
1.111618e-001
7  4  6  3  0  0  0  0  0  0 
4.709724e-013
7   9  10   3   0   0   0   0   0   0 
4.684407e-013
7  4  0  0  0  0  0  0  0  0 
5.732369e-001
7  9  3  6  4  0  0  0  0  0 
1.571139e-013
7   9  10   3   6   4   0   0   0   0 
1.177457e-013
7  4  6  5  0  0  0  0  0  0 
4.342580e-002
7  4  1  5  0  0  0  0  0  0 
3.935287e-002
7  9  3  6  5  0  0  0  0  0 
4.693586e-013
7  4  6  0  0  0  0  0  0  0 
3.789324e-002
7  9  3  6  0  0  0  0  0  0 
4.680002e-013
7   4   1  11   8   0   0   0   0   0 
4.168854e-001
7  4  6  5  2  8  0  0  0  0 
4.708931e-013
7  4  1  5  2  8  0  0  0  0 
4.713323e-013
7  9  0  0  0  0  0  0  0  0 
6.046134e-002
7  4  6  3  9  0  0  0  0  0 
1.565397e-013
7   4   6   3  10   9   0   0   0   0 
1.177044e-013
7   9  10   0   0   0   0   0   0   0 
1.233077e-001
7   9   3  10   0   0   0   0   0   0 
4.727057e-013
7   4   6   3  10   0   0   0   0   0 
2.360797e-013
7   4   1  11   0   0   0   0   0   0 
3.477112e-001
8  11   1   0   0   0   0   0   0   0 
5.610201e-002
8  2  5  1  0  0  0  0  0  0 
4.695735e-013
8  2  0  0  0  0  0  0  0  0 
3.356040e-002
8  11   1   5   2   0   0   0   0   0 
1.568119e-013
8  11   1   4   6   5   2   0   0   0 
9.412741e-014
8  2  5  6  3  0  0  0  0  0 
2.801455e-002
8  11   1   5   6   3   0   0   0   0 
4.621978e-013
8  11   1   4   6   3   0   0   0   0 
4.610380e-013
8  11   1   4   0   0   0   0   0   0 
2.926453e-002
8  2  5  1  4  0  0  0  0  0 
4.614760e-013
8  2  5  6  4  0  0  0  0  0 
4.614785e-013
8  2  5  0  0  0  0  0  0  0 
1.051833e-001
8  11   1   5   0   0   0   0   0   0 
4.706786e-013
8  2  5  6  0  0  0  0  0  0 
5.916870e-002
8  11   1   5   6   0   0   0   0   0 
4.686924e-013
8  11   1   4   6   0   0   0   0   0 
4.679214e-013
8  11   1   4   7   0   0   0   0   0 
3.356483e-001
8  2  5  1  4  7  0  0  0  0 
4.711742e-013
8  2  5  6  4  7  0  0  0  0 
4.711623e-013
8  11   1   4   7   9   0   0   0   0 
6.732209e-003
8  2  5  6  3  9  0  0  0  0 
6.803926e-003
8  11   1   5   6   3   9   0   0   0 
5.001779e-013
8   2   5   6   3  10   0   0   0   0 
1.045356e-001
8   2   5   6   3   9  10   0   0   0 
4.646505e-013
8  11   1   4   7   9  10   0   0   0 
4.675537e-013
8  11   0   0   0   0   0   0   0   0 
7.975440e-001
8   2   5   1  11   0   0   0   0   0 
1.571465e-013
9  7  4  1  0  0  0  0  0  0 
1.607463e-002
9  3  6  4  1  0  0  0  0  0 
4.546784e-013
9  3  6  5  1  0  0  0  0  0 
4.547647e-013
9  3  6  5  2  0  0  0  0  0 
1.191631e-002
9  10   3   6   5   2   0   0   0   0 
4.477327e-013
9  7  4  6  5  2  0  0  0  0 
4.514841e-013
9  3  0  0  0  0  0  0  0  0 
8.208574e-002
9  10   3   0   0   0   0   0   0   0 
4.681756e-013
9  7  4  6  3  0  0  0  0  0 
1.570012e-013
9  7  4  0  0  0  0  0  0  0 
1.539172e-002
9  3  6  4  0  0  0  0  0  0 
4.561660e-013
9  10   3   6   4   0   0   0   0   0 
2.285808e-013
9  3  6  5  0  0  0  0  0  0 
3.838591e-002
9  10   3   6   5   0   0   0   0   0 
4.630302e-013
9  7  4  6  5  0  0  0  0  0 
4.657543e-013
9  3  6  0  0  0  0  0  0  0 
8.039580e-003
9  10   3   6   0   0   0   0   0   0 
3.955297e-013
9  7  4  6  0  0  0  0  0  0 
4.025307e-013
9  7  0  0  0  0  0  0  0  0 
4.283880e-002
9  3  6  4  7  0  0  0  0  0 
1.567881e-013
9  10   3   6   4   7   0   0   0   0 
1.175334e-013
9   7   4   1  11   8   0   0   0   0 
2.063915e-002
9  3  6  5  2  8  0  0  0  0 
2.330151e-002
9  10   3   6   5   2   8   0   0   0 
4.673336e-013
9  10   0   0   0   0   0   0   0   0 
2.051776e-002
9   3  10   0   0   0   0   0   0   0 
4.695602e-013
9   7   4   1  11   0   0   0   0   0 
2.178441e-002
9   3   6   4   1  11   0   0   0   0 
4.558277e-013
9   3   6   5   1  11   0   0   0   0 
4.558284e-013
10   3   6   4   1   0   0   0   0   0 
1.545000e-002
10   9   7   4   1   0   0   0   0   0 
1.664043e-002
10   3   6   5   1   0   0   0   0   0 
1.620743e-002
10   3   6   5   2   0   0   0   0   0 
3.984361e-002
10   9   3   6   5   2   0   0   0   0 
4.667296e-013
10   3   0   0   0   0   0   0   0   0 
7.546929e-002
10   9   3   0   0   0   0   0   0   0 
4.687371e-013
10   3   6   4   0   0   0   0   0   0 
1.509588e-002
10   9   7   4   0   0   0   0   0   0 
1.623798e-002
10   3   9   7   4   0   0   0   0   0 
4.680188e-013
10   3   6   5   0   0   0   0   0   0 
6.842830e-002
10   9   3   6   5   0   0   0   0   0 
4.685176e-013
10   3   6   0   0   0   0   0   0   0 
2.876544e-002
10   9   3   6   0   0   0   0   0   0 
4.651019e-013
10   9   7   0   0   0   0   0   0   0 
1.526678e-001
10   3   9   7   0   0   0   0   0   0 
4.681577e-013
10   3   6   5   2   8   0   0   0   0 
1.570853e-001
10   9   3   6   5   2   8   0   0   0 
4.696155e-013
10   3   6   5   1  11   8   0   0   0 
4.707319e-013
10   9   0   0   0   0   0   0   0   0 
2.779944e-002
10   3   9   0   0   0   0   0   0   0 
4.641250e-013
10   3   6   4   1  11   0   0   0   0 
5.000515e-002
10   3   6   5   1  11   0   0   0   0 
5.073668e-002
10   9   7   4   1  11   0   0   0   0 
6.702824e-002
11   1   0   0   0   0   0   0   0   0 
3.843201e-001
11   8   2   5   1   0   0   0   0   0 
1.571478e-013
11   8   2   0   0   0   0   0   0   0 
2.868928e-002
11   1   5   2   0   0   0   0   0   0 
4.688709e-013
11   1   4   6   3   0   0   0   0   0 
3.933813e-002
11   1   5   6   3   0   0   0   0   0 
3.456856e-002
11   8   2   5   6   3   0   0   0   0 
4.713946e-013
11   1   4   0   0   0   0   0   0   0 
2.523960e-002
11   1   5   6   4   0   0   0   0   0 
2.347670e-013
11   1   5   0   0   0   0   0   0   0 
1.758220e-001
11   8   2   5   0   0   0   0   0   0 
4.710844e-013
11   1   4   6   5   0   0   0   0   0 
2.354851e-013
11   1   4   6   0   0   0   0   0   0 
3.379042e-002
11   1   5   6   0   0   0   0   0   0 
2.998588e-002
11   8   2   5   6   0   0   0   0   0 
4.715615e-013
11   1   4   7   0   0   0   0   0   0 
3.124232e-001
11   8   0   0   0   0   0   0   0   0 
3.572603e-001
11   1   5   2   8   0   0   0   0   0 
1.571406e-013
11   1   4   7   9   0   0   0   0   0 
1.507173e-002
11   1   4   6   3   9   0   0   0   0 
4.503827e-013
11   1   5   6   3   9   0   0   0   0 
4.516316e-013
11   1   4   7   9  10   0   0   0   0 
2.052974e-002
11   1   5   6   3  10   0   0   0   0 
1.606573e-002
11   1   4   6   3  10   0   0   0   0 
1.746865e-002
