1  5  2  0  0  0  0  0  0  0 
5.543323e-002
1  11   8   2   0   0   0   0   0   0 
6.809536e-010
1  4  6  5  2  0  0  0  0  0 
3.411001e-010
1  4  6  3  0  0  0  0  0  0 
1.275529e-002
1  5  6  3  0  0  0  0  0  0 
1.226250e-002
1  4  7  9  3  0  0  0  0  0 
6.771955e-010
1  4  0  0  0  0  0  0  0  0 
3.839304e-002
1  5  6  4  0  0  0  0  0  0 
3.410695e-010
1  5  0  0  0  0  0  0  0  0 
6.791499e-002
1  4  6  5  0  0  0  0  0  0 
3.413613e-010
1  11   8   2   5   0   0   0   0   0 
2.276505e-010
1  4  6  0  0  0  0  0  0  0 
2.806216e-002
1  5  6  0  0  0  0  0  0  0 
2.481977e-002
1  4  7  0  0  0  0  0  0  0 
8.219914e-002
1  5  6  4  7  0  0  0  0  0 
3.415584e-010
1  11   8   0   0   0   0   0   0   0 
2.017840e-001
1  5  2  8  0  0  0  0  0  0 
6.836186e-010
1  4  6  5  2  8  0  0  0  0 
2.279416e-010
1  4  7  9  0  0  0  0  0  0 
5.145374e-003
1  4  6  3  9  0  0  0  0  0 
5.966600e-010
1  5  6  3  9  0  0  0  0  0 
5.984546e-010
1   4   6   3  10   0   0   0   0   0 
2.590776e-002
1   5   6   3  10   0   0   0   0   0 
2.290428e-002
1   4   7   9  10   0   0   0   0   0 
3.644947e-002
1  11   0   0   0   0   0   0   0   0 
6.557782e-001
1   5   2   8  11   0   0   0   0   0 
2.280112e-010
2  5  1  0  0  0  0  0  0  0 
6.199992e-002
2   8  11   1   0   0   0   0   0   0 
6.815162e-010
2  5  6  4  1  0  0  0  0  0 
3.412029e-010
2  5  6  3  0  0  0  0  0  0 
3.162804e-001
2  5  1  4  6  3  0  0  0  0 
3.419046e-010
2  5  1  4  0  0  0  0  0  0 
9.151776e-002
2  5  6  4  0  0  0  0  0  0 
9.490876e-002
2   8  11   1   4   0   0   0   0   0 
6.828778e-010
2  5  0  0  0  0  0  0  0  0 
6.413926e-001
2   8  11   1   5   0   0   0   0   0 
2.280172e-010
2   8  11   1   4   6   5   0   0   0 
1.368006e-010
2  5  6  0  0  0  0  0  0  0 
1.691587e-001
2  5  1  4  6  0  0  0  0  0 
3.418016e-010
2  5  1  4  7  0  0  0  0  0 
3.723881e-001
2  5  6  4  7  0  0  0  0  0 
3.782870e-001
2   8  11   1   4   7   0   0   0   0 
6.839825e-010
2  8  0  0  0  0  0  0  0  0 
3.536368e-001
2   5   1  11   8   0   0   0   0   0 
2.278494e-010
2  5  6  3  9  0  0  0  0  0 
5.920740e-002
2   5   6   3  10   9   0   0   0   0 
6.812812e-010
2  5  1  4  7  9  0  0  0  0 
6.814043e-010
2   5   6   3  10   0   0   0   0   0 
3.870251e-001
2   5   6   3   9  10   0   0   0   0 
6.837398e-010
2   8  11   0   0   0   0   0   0   0 
3.166508e-001
2   5   1  11   0   0   0   0   0   0 
6.828521e-010
3  6  4  1  0  0  0  0  0  0 
2.261984e-002
3  6  5  1  0  0  0  0  0  0 
2.250274e-002
3  9  7  4  1  0  0  0  0  0 
6.791466e-010
3  6  5  2  0  0  0  0  0  0 
6.836794e-002
3  6  4  1  5  2  0  0  0  0 
3.414636e-010
3  6  4  0  0  0  0  0  0  0 
1.234045e-002
3  9  7  4  0  0  0  0  0  0 
6.716123e-010
3  6  5  0  0  0  0  0  0  0 
3.777598e-002
3  6  4  1  5  0  0  0  0  0 
3.410525e-010
3  6  0  0  0  0  0  0  0  0 
1.846740e-002
3  9  7  4  6  0  0  0  0  0 
2.269526e-010
3  10   9   7   4   6   0   0   0   0 
1.704128e-010
3  9  7  0  0  0  0  0  0  0 
3.003444e-002
3  10   9   7   0   0   0   0   0   0 
6.768876e-010
3  6  4  7  0  0  0  0  0  0 
6.781521e-010
3  6  5  2  8  0  0  0  0  0 
7.333225e-002
3   6   4   1  11   8   0   0   0   0 
6.812970e-010
3   6   5   1  11   8   0   0   0   0 
6.813092e-010
3  9  0  0  0  0  0  0  0  0 
1.164256e-001
3  10   9   0   0   0   0   0   0   0 
6.830860e-010
3  6  4  7  9  0  0  0  0  0 
2.278758e-010
3  10   0   0   0   0   0   0   0   0 
2.139636e-002
3   9  10   0   0   0   0   0   0   0 
6.748733e-010
3   6   4   1  11   0   0   0   0   0 
1.191030e-001
3   6   5   1  11   0   0   0   0   0 
1.210291e-001
3   9   7   4   1  11   0   0   0   0 
6.830564e-010
4  1  0  0  0  0  0  0  0  0 
1.072863e-002
4  6  5  1  0  0  0  0  0  0 
3.388380e-010
4  1  5  2  0  0  0  0  0  0 
1.060404e-001
4  6  5  2  0  0  0  0  0  0 
1.446360e-001
4   1  11   8   2   0   0   0   0   0 
6.828055e-010
4  6  3  0  0  0  0  0  0  0 
2.486862e-002
4  7  9  3  0  0  0  0  0  0 
6.745344e-010
4  1  5  6  3  0  0  0  0  0 
3.395005e-010
4  1  5  0  0  0  0  0  0  0 
1.303610e-002
4  6  5  0  0  0  0  0  0  0 
1.357164e-002
4  6  0  0  0  0  0  0  0  0 
1.771159e-002
4  1  5  6  0  0  0  0  0  0 
3.394155e-010
4  7  9  3  6  0  0  0  0  0 
2.265683e-010
4  7  0  0  0  0  0  0  0  0 
7.447051e-002
4  6  3  9  7  0  0  0  0  0 
2.278278e-010
4   6   3  10   9   7   0   0   0   0 
1.709317e-010
4   1  11   8   0   0   0   0   0   0 
1.809010e-001
4  1  5  2  8  0  0  0  0  0 
6.834236e-010
4  6  5  2  8  0  0  0  0  0 
6.835280e-010
4  7  9  0  0  0  0  0  0  0 
5.503874e-003
4  6  3  9  0  0  0  0  0  0 
6.345952e-010
4   6   3  10   9   0   0   0   0   0 
3.192284e-010
4   7   9  10   0   0   0   0   0   0 
5.147245e-003
4   6   3  10   0   0   0   0   0   0 
5.000929e-003
4   6   3   9  10   0   0   0   0   0 
7.008195e-010
4   1  11   0   0   0   0   0   0   0 
2.622155e-001
4   6   5   1  11   0   0   0   0   0 
3.418876e-010
5  1  0  0  0  0  0  0  0  0 
1.071955e-001
5  6  4  1  0  0  0  0  0  0 
3.415903e-010
5   2   8  11   1   0   0   0   0   0 
2.278152e-010
5  2  0  0  0  0  0  0  0  0 
9.405255e-002
5   1  11   8   2   0   0   0   0   0 
2.278062e-010
5  6  3  0  0  0  0  0  0  0 
3.730380e-002
5  1  4  6  3  0  0  0  0  0 
3.410375e-010
5  1  4  0  0  0  0  0  0  0 
2.051318e-002
5  6  4  0  0  0  0  0  0  0 
2.031205e-002
5  6  0  0  0  0  0  0  0  0 
7.254567e-002
5  1  4  6  0  0  0  0  0  0 
3.415054e-010
5  1  4  7  0  0  0  0  0  0 
8.982967e-002
5  6  4  7  0  0  0  0  0  0 
9.012115e-002
5  6  3  9  7  0  0  0  0  0 
6.828298e-010
5  2  8  0  0  0  0  0  0  0 
2.980947e-001
5   1  11   8   0   0   0   0   0   0 
6.831553e-010
5  6  3  9  0  0  0  0  0  0 
1.361670e-002
5  1  4  7  9  0  0  0  0  0 
6.641497e-010
5  6  4  7  9  0  0  0  0  0 
6.642125e-010
5   6   3  10   0   0   0   0   0   0 
2.298202e-002
5   6   3   9  10   0   0   0   0   0 
6.754558e-010
5   1  11   0   0   0   0   0   0   0 
3.142770e-001
5   2   8  11   0   0   0   0   0   0 
6.838345e-010
6  4  1  0  0  0  0  0  0  0 
7.253590e-003
6  5  1  0  0  0  0  0  0  0 
7.225580e-003
6  5  2  0  0  0  0  0  0  0 
5.500914e-002
6  4  1  5  2  0  0  0  0  0 
3.413366e-010
6  3  0  0  0  0  0  0  0  0 
6.483696e-002
6  4  7  9  3  0  0  0  0  0 
2.277610e-010
6   4   7   9  10   3   0   0   0   0 
1.708693e-010
6  4  0  0  0  0  0  0  0  0 
6.655094e-003
6  5  1  4  0  0  0  0  0  0 
3.334456e-010
6  3  9  7  4  0  0  0  0  0 
2.228982e-010
6  5  0  0  0  0  0  0  0  0 
8.716948e-002
6  4  1  5  0  0  0  0  0  0 
3.415783e-010
6  4  7  0  0  0  0  0  0  0 
4.064758e-002
6  3  9  7  0  0  0  0  0  0 
6.801549e-010
6  5  2  8  0  0  0  0  0  0 
9.918922e-002
6   4   1  11   8   0   0   0   0   0 
6.819141e-010
6   5   1  11   8   0   0   0   0   0 
6.819283e-010
6  3  9  0  0  0  0  0  0  0 
2.950154e-003
6   3  10   9   0   0   0   0   0   0 
5.612900e-010
6  4  7  9  0  0  0  0  0  0 
5.663527e-010
6   3  10   0   0   0   0   0   0   0 
1.769271e-002
6   3   9  10   0   0   0   0   0   0 
6.688952e-010
6   4   7   9  10   0   0   0   0   0 
3.376591e-010
6   4   1  11   0   0   0   0   0   0 
2.336980e-002
6   5   1  11   0   0   0   0   0   0 
2.344248e-002
6   5   2   8  11   0   0   0   0   0 
6.804195e-010
7  4  1  0  0  0  0  0  0  0 
8.482438e-002
7  4  6  5  1  0  0  0  0  0 
3.415865e-010
7  4  6  5  2  0  0  0  0  0 
5.560084e-002
7  4  1  5  2  0  0  0  0  0 
4.998721e-002
7  9  3  6  5  2  0  0  0  0 
6.816300e-010
7  9  3  0  0  0  0  0  0  0 
2.163898e-002
7  4  6  3  0  0  0  0  0  0 
6.760372e-010
7   9  10   3   0   0   0   0   0   0 
6.725011e-010
7  4  0  0  0  0  0  0  0  0 
5.749326e-001
7  9  3  6  4  0  0  0  0  0 
2.280795e-010
7   9  10   3   6   4   0   0   0   0 
1.710462e-010
7  4  6  5  0  0  0  0  0  0 
4.938822e-002
7  4  1  5  0  0  0  0  0  0 
4.503770e-002
7  9  3  6  5  0  0  0  0  0 
6.812718e-010
7  4  6  0  0  0  0  0  0  0 
3.029895e-002
7  9  3  6  0  0  0  0  0  0 
6.782606e-010
7   4   1  11   8   0   0   0   0   0 
3.701077e-001
7  4  6  5  2  8  0  0  0  0 
6.841350e-010
7  4  1  5  2  8  0  0  0  0 
6.839980e-010
7  9  0  0  0  0  0  0  0  0 
4.075443e-002
7  4  6  3  9  0  0  0  0  0 
2.274839e-010
7   4   6   3  10   9   0   0   0   0 
1.707295e-010
7   9  10   0   0   0   0   0   0   0 
1.201446e-001
7   9   3  10   0   0   0   0   0   0 
6.829413e-010
7   4   6   3  10   0   0   0   0   0 
3.416738e-010
7   4   1  11   0   0   0   0   0   0 
3.799995e-001
8  11   1   0   0   0   0   0   0   0 
7.112635e-002
8  2  5  1  0  0  0  0  0  0 
6.818895e-010
8  2  0  0  0  0  0  0  0  0 
2.794831e-002
8  11   1   5   2   0   0   0   0   0 
2.273446e-010
8  11   1   4   6   5   2   0   0   0 
1.365382e-010
8  2  5  6  3  0  0  0  0  0 
7.786830e-002
8  11   1   5   6   3   0   0   0   0 
6.817681e-010
8  11   1   4   6   3   0   0   0   0 
6.817546e-010
8  11   1   4   0   0   0   0   0   0 
3.775392e-002
8  2  5  1  4  0  0  0  0  0 
6.784570e-010
8  2  5  6  4  0  0  0  0  0 
6.784428e-010
8  2  5  0  0  0  0  0  0  0 
1.324998e-001
8  11   1   5   0   0   0   0   0   0 
6.830208e-010
8  2  5  6  0  0  0  0  0  0 
6.310413e-002
8  11   1   5   6   0   0   0   0   0 
6.812049e-010
8  11   1   4   6   0   0   0   0   0 
6.811645e-010
8  11   1   4   7   0   0   0   0   0 
2.711638e-001
8  2  5  1  4  7  0  0  0  0 
6.832554e-010
8  2  5  6  4  7  0  0  0  0 
6.832628e-010
8  11   1   4   7   9   0   0   0   0 
7.121888e-003
8  2  5  6  3  9  0  0  0  0 
7.117312e-003
8  11   1   5   6   3   9   0   0   0 
6.894841e-010
8   2   5   6   3  10   0   0   0   0 
1.057400e-001
8   2   5   6   3   9  10   0   0   0 
6.817642e-010
8  11   1   4   7   9  10   0   0   0 
6.823058e-010
8  11   0   0   0   0   0   0   0   0 
6.865084e-001
8   2   5   1  11   0   0   0   0   0 
2.279005e-010
9  7  4  1  0  0  0  0  0  0 
2.128033e-002
9  3  6  4  1  0  0  0  0  0 
6.703792e-010
9  3  6  5  1  0  0  0  0  0 
6.703798e-010
9  3  6  5  2  0  0  0  0  0 
1.825957e-002
9  10   3   6   5   2   0   0   0   0 
6.697806e-010
9  7  4  6  5  2  0  0  0  0 
6.718416e-010
9  3  0  0  0  0  0  0  0  0 
7.275081e-002
9  10   3   0   0   0   0   0   0   0 
6.817714e-010
9  7  4  6  3  0  0  0  0  0 
2.277587e-010
9  7  4  0  0  0  0  0  0  0 
4.898174e-003
9  3  6  4  0  0  0  0  0  0 
6.243367e-010
9  10   3   6   4   0   0   0   0   0 
3.140013e-010
9  3  6  5  0  0  0  0  0  0 
3.063324e-002
9  10   3   6   5   0   0   0   0   0 
6.765407e-010
9  7  4  6  5  0  0  0  0  0 
6.779382e-010
9  3  6  0  0  0  0  0  0  0 
3.014624e-003
9  10   3   6   0   0   0   0   0   0 
5.953601e-010
9  7  4  6  0  0  0  0  0  0 
6.052566e-010
9  7  0  0  0  0  0  0  0  0 
5.155008e-002
9  3  6  4  7  0  0  0  0  0 
2.275776e-010
9  10   3   6   4   7   0   0   0   0 
1.707622e-010
9   7   4   1  11   8   0   0   0   0 
1.590415e-002
9  3  6  5  2  8  0  0  0  0 
2.027093e-002
9  10   3   6   5   2   8   0   0   0 
6.791959e-010
9  10   0   0   0   0   0   0   0   0 
1.393984e-002
9   3  10   0   0   0   0   0   0   0 
6.747653e-010
9   7   4   1  11   0   0   0   0   0 
2.475247e-002
9   3   6   4   1  11   0   0   0   0 
6.724894e-010
9   3   6   5   1  11   0   0   0   0 
6.724949e-010
10   3   6   4   1   0   0   0   0   0 
1.286437e-002
10   9   7   4   1   0   0   0   0   0 
1.427618e-002
10   3   6   5   1   0   0   0   0   0 
1.275532e-002
10   3   6   5   2   0   0   0   0   0 
4.546981e-002
10   9   3   6   5   2   0   0   0   0 
6.800698e-010
10   3   0   0   0   0   0   0   0   0 
6.394801e-002
10   9   3   0   0   0   0   0   0   0 
6.813274e-010
10   3   6   4   0   0   0   0   0   0 
9.171376e-003
10   9   7   4   0   0   0   0   0   0 
9.919168e-003
10   3   9   7   4   0   0   0   0   0 
6.815153e-010
10   3   6   5   0   0   0   0   0   0 
4.247800e-002
10   9   3   6   5   0   0   0   0   0 
6.797607e-010
10   3   6   0   0   0   0   0   0   0 
2.134297e-002
10   9   3   6   0   0   0   0   0   0 
6.752835e-010
10   9   7   0   0   0   0   0   0   0 
1.261533e-001
10   3   9   7   0   0   0   0   0   0 
6.827119e-010
10   3   6   5   2   8   0   0   0   0 
1.620122e-001
10   9   3   6   5   2   8   0   0   0 
6.831577e-010
10   3   6   5   1  11   8   0   0   0 
6.826471e-010
10   9   0   0   0   0   0   0   0   0 
1.531711e-002
10   3   9   0   0   0   0   0   0   0 
6.750259e-010
10   3   6   4   1  11   0   0   0   0 
5.141002e-002
10   3   6   5   1  11   0   0   0   0 
5.078326e-002
10   9   7   4   1  11   0   0   0   0 
8.285276e-002
11   1   0   0   0   0   0   0   0   0 
3.952107e-001
11   8   2   5   1   0   0   0   0   0 
2.279273e-010
11   8   2   0   0   0   0   0   0   0 
6.772764e-002
11   1   5   2   0   0   0   0   0   0 
6.817976e-010
11   1   4   6   3   0   0   0   0   0 
2.498536e-002
11   1   5   6   3   0   0   0   0   0 
2.422752e-002
11   8   2   5   6   3   0   0   0   0 
6.808888e-010
11   1   4   0   0   0   0   0   0   0 
2.719897e-002
11   1   5   6   4   0   0   0   0   0 
3.407156e-010
11   1   5   0   0   0   0   0   0   0 
1.614173e-001
11   8   2   5   0   0   0   0   0   0 
6.828432e-010
11   1   4   6   5   0   0   0   0   0 
3.417133e-010
11   1   4   6   0   0   0   0   0   0 
2.956236e-002
11   1   5   6   0   0   0   0   0   0 
2.855624e-002
11   8   2   5   6   0   0   0   0   0 
6.810330e-010
11   1   4   7   0   0   0   0   0   0 
3.350984e-001
11   8   0   0   0   0   0   0   0   0 
3.419911e-001
11   1   5   2   8   0   0   0   0   0 
2.279426e-010
11   1   4   7   9   0   0   0   0   0 
5.733959e-003
11   1   4   6   3   9   0   0   0   0 
6.083207e-010
11   1   5   6   3   9   0   0   0   0 
6.105630e-010
11   1   4   7   9  10   0   0   0   0 
1.417131e-002
11   1   5   6   3  10   0   0   0   0 
1.131761e-002
11   1   4   6   3  10   0   0   0   0 
1.250626e-002
