1  5  2  0  0  0  0  0  0  0 
7.337079e-002
1  11   8   2   0   0   0   0   0   0 
6.805590e-011
1  4  6  5  2  0  0  0  0  0 
3.410940e-011
1  4  6  3  0  0  0  0  0  0 
1.919300e-002
1  5  6  3  0  0  0  0  0  0 
1.902142e-002
1  4  7  9  3  0  0  0  0  0 
6.755467e-011
1  4  0  0  0  0  0  0  0  0 
2.752171e-002
1  5  6  4  0  0  0  0  0  0 
3.400063e-011
1  5  0  0  0  0  0  0  0  0 
7.161817e-002
1  4  6  5  0  0  0  0  0  0 
3.411496e-011
1  11   8   2   5   0   0   0   0   0 
2.275250e-011
1  4  6  0  0  0  0  0  0  0 
8.437993e-003
1  5  6  0  0  0  0  0  0  0 
8.358272e-003
1  4  7  0  0  0  0  0  0  0 
5.533593e-002
1  5  6  4  7  0  0  0  0  0 
3.410147e-011
1  11   8   0   0   0   0   0   0   0 
1.935601e-001
1  5  2  8  0  0  0  0  0  0 
6.833163e-011
1  4  6  5  2  8  0  0  0  0 
2.279109e-011
1  4  7  9  0  0  0  0  0  0 
4.273965e-003
1  4  6  3  9  0  0  0  0  0 
6.837610e-011
1  5  6  3  9  0  0  0  0  0 
7.943751e-011
1   4   6   3  10   0   0   0   0   0 
1.305127e-002
1   5   6   3  10   0   0   0   0   0 
1.234256e-002
1   4   7   9  10   0   0   0   0   0 
1.497816e-002
1  11   0   0   0   0   0   0   0   0 
5.622256e-001
1   5   2   8  11   0   0   0   0   0 
2.279843e-011
2  5  1  0  0  0  0  0  0  0 
8.127220e-002
2   8  11   1   0   0   0   0   0   0 
6.812335e-011
2  5  6  4  1  0  0  0  0  0 
3.411351e-011
2  5  6  3  0  0  0  0  0  0 
2.318103e-001
2  5  1  4  6  3  0  0  0  0 
3.418687e-011
2  5  1  4  0  0  0  0  0  0 
7.434703e-002
2  5  6  4  0  0  0  0  0  0 
5.917552e-002
2   8  11   1   4   0   0   0   0   0 
6.810787e-011
2  5  0  0  0  0  0  0  0  0 
5.732797e-001
2   8  11   1   5   0   0   0   0   0 
2.279961e-011
2   8  11   1   4   6   5   0   0   0 
1.367943e-011
2  5  6  0  0  0  0  0  0  0 
1.826227e-001
2  5  1  4  6  0  0  0  0  0 
3.418010e-011
2  5  1  4  7  0  0  0  0  0 
3.803383e-001
2  5  6  4  7  0  0  0  0  0 
3.537946e-001
2   8  11   1   4   7   0   0   0   0 
6.835999e-011
2  8  0  0  0  0  0  0  0  0 
3.672060e-001
2   5   1  11   8   0   0   0   0   0 
2.278104e-011
2  5  6  3  9  0  0  0  0  0 
3.296625e-002
2   5   6   3  10   9   0   0   0   0 
6.759753e-011
2  5  1  4  7  9  0  0  0  0 
6.759395e-011
2   5   6   3  10   0   0   0   0   0 
4.064080e-001
2   5   6   3   9  10   0   0   0   0 
6.851504e-011
2   8  11   0   0   0   0   0   0   0 
3.785243e-001
2   5   1  11   0   0   0   0   0   0 
6.826437e-011
3  6  4  1  0  0  0  0  0  0 
9.981011e-003
3  6  5  1  0  0  0  0  0  0 
1.064129e-002
3  9  7  4  1  0  0  0  0  0 
6.735951e-011
3  6  5  2  0  0  0  0  0  0 
9.557748e-002
3  6  4  1  5  2  0  0  0  0 
3.414514e-011
3  6  4  0  0  0  0  0  0  0 
1.727383e-002
3  9  7  4  0  0  0  0  0  0 
6.715635e-011
3  6  5  0  0  0  0  0  0  0 
7.722912e-002
3  6  4  1  5  0  0  0  0  0 
3.413106e-011
3  6  0  0  0  0  0  0  0  0 
3.564091e-002
3  9  7  4  6  0  0  0  0  0 
2.274060e-011
3  10   9   7   4   6   0   0   0   0 
1.706681e-011
3  9  7  0  0  0  0  0  0  0 
4.525216e-002
3  10   9   7   0   0   0   0   0   0 
6.783977e-011
3  6  4  7  0  0  0  0  0  0 
6.778953e-011
3  6  5  2  8  0  0  0  0  0 
1.167658e-001
3   6   4   1  11   8   0   0   0   0 
6.816100e-011
3   6   5   1  11   8   0   0   0   0 
6.815850e-011
3  9  0  0  0  0  0  0  0  0 
7.859325e-002
3  10   9   0   0   0   0   0   0   0 
6.812484e-011
3  6  4  7  9  0  0  0  0  0 
2.275928e-011
3  10   0   0   0   0   0   0   0   0 
2.563269e-002
3   9  10   0   0   0   0   0   0   0 
6.747161e-011
3   6   4   1  11   0   0   0   0   0 
1.072697e-001
3   6   5   1  11   0   0   0   0   0 
1.145019e-001
3   9   7   4   1  11   0   0   0   0 
6.833470e-011
4  1  0  0  0  0  0  0  0  0 
1.900518e-002
4  6  5  1  0  0  0  0  0  0 
3.391504e-011
4  1  5  2  0  0  0  0  0  0 
1.242169e-002
4  6  5  2  0  0  0  0  0  0 
1.288825e-002
4   1  11   8   2   0   0   0   0   0 
6.755833e-011
4  6  3  0  0  0  0  0  0  0 
3.377164e-002
4  7  9  3  0  0  0  0  0  0 
6.767358e-011
4  1  5  6  3  0  0  0  0  0 
3.397448e-011
4  1  5  0  0  0  0  0  0  0 
2.131334e-002
4  6  5  0  0  0  0  0  0  0 
2.205469e-002
4  6  0  0  0  0  0  0  0  0 
1.600876e-002
4  1  5  6  0  0  0  0  0  0 
3.379551e-011
4  7  9  3  6  0  0  0  0  0 
2.259967e-011
4  7  0  0  0  0  0  0  0  0 
7.744887e-002
4  6  3  9  7  0  0  0  0  0 
2.278828e-011
4   6   3  10   9   7   0   0   0   0 
1.709368e-011
4   1  11   8   0   0   0   0   0   0 
2.006906e-001
4  1  5  2  8  0  0  0  0  0 
6.833190e-011
4  6  5  2  8  0  0  0  0  0 
6.835897e-011
4  7  9  0  0  0  0  0  0  0 
7.144860e-003
4  6  3  9  0  0  0  0  0  0 
6.738217e-011
4   6   3  10   9   0   0   0   0   0 
3.378866e-011
4   7   9  10   0   0   0   0   0   0 
5.948635e-003
4   6   3  10   0   0   0   0   0   0 
5.652890e-003
4   6   3   9  10   0   0   0   0   0 
6.836327e-011
4   1  11   0   0   0   0   0   0   0 
4.137210e-002
4   6   5   1  11   0   0   0   0   0 
3.407165e-011
5  1  0  0  0  0  0  0  0  0 
8.417991e-002
5  6  4  1  0  0  0  0  0  0 
3.412227e-011
5   2   8  11   1   0   0   0   0   0 
2.276323e-011
5  2  0  0  0  0  0  0  0  0 
1.380156e-001
5   1  11   8   2   0   0   0   0   0 
2.278025e-011
5  6  3  0  0  0  0  0  0  0 
5.854957e-002
5  1  4  6  3  0  0  0  0  0 
3.411292e-011
5  1  4  0  0  0  0  0  0  0 
1.746798e-002
5  6  4  0  0  0  0  0  0  0 
1.467790e-002
5  6  0  0  0  0  0  0  0  0 
7.410418e-002
5  1  4  6  0  0  0  0  0  0 
3.413360e-011
5  1  4  7  0  0  0  0  0  0 
1.097619e-001
5  6  4  7  0  0  0  0  0  0 
1.033666e-001
5  6  3  9  7  0  0  0  0  0 
6.834164e-011
5  2  8  0  0  0  0  0  0  0 
2.398121e-001
5   1  11   8   0   0   0   0   0   0 
6.827052e-011
5  6  3  9  0  0  0  0  0  0 
1.259722e-002
5  1  4  7  9  0  0  0  0  0 
6.700979e-011
5  6  4  7  9  0  0  0  0  0 
6.700889e-011
5   6   3  10   0   0   0   0   0   0 
2.682064e-002
5   6   3   9  10   0   0   0   0   0 
6.751692e-011
5   1  11   0   0   0   0   0   0   0 
2.321974e-001
5   2   8  11   0   0   0   0   0   0 
6.831385e-011
6  4  1  0  0  0  0  0  0  0 
9.489417e-003
6  5  1  0  0  0  0  0  0  0 
1.056363e-002
6  5  2  0  0  0  0  0  0  0 
5.398203e-002
6  4  1  5  2  0  0  0  0  0 
3.409962e-011
6  3  0  0  0  0  0  0  0  0 
9.500757e-002
6  4  7  9  3  0  0  0  0  0 
2.278588e-011
6   4   7   9  10   3   0   0   0   0 
1.709390e-011
6  4  0  0  0  0  0  0  0  0 
1.570432e-002
6  5  1  4  0  0  0  0  0  0 
3.378897e-011
6  3  9  7  4  0  0  0  0  0 
2.259617e-011
6  5  0  0  0  0  0  0  0  0 
7.426557e-002
6  4  1  5  0  0  0  0  0  0 
3.412814e-011
6  4  7  0  0  0  0  0  0  0 
6.824097e-002
6  3  9  7  0  0  0  0  0  0 
6.818479e-011
6  5  2  8  0  0  0  0  0  0 
1.103386e-001
6   4   1  11   8   0   0   0   0   0 
6.814821e-011
6   5   1  11   8   0   0   0   0   0 
6.814577e-011
6  3  9  0  0  0  0  0  0  0 
3.136065e-003
6   3  10   9   0   0   0   0   0   0 
2.861874e-011
6  4  7  9  0  0  0  0  0  0 
3.321090e-011
6   3  10   0   0   0   0   0   0   0 
1.717503e-002
6   3   9  10   0   0   0   0   0   0 
6.667958e-011
6   4   7   9  10   0   0   0   0   0 
3.368226e-011
6   4   1  11   0   0   0   0   0   0 
3.231225e-002
6   5   1  11   0   0   0   0   0   0 
3.891043e-002
6   5   2   8  11   0   0   0   0   0 
6.787917e-011
7  4  1  0  0  0  0  0  0  0 
1.197368e-001
7  4  6  5  1  0  0  0  0  0 
3.416259e-011
7  4  6  5  2  0  0  0  0  0 
5.048789e-002
7  4  1  5  2  0  0  0  0  0 
4.550706e-002
7  9  3  6  5  2  0  0  0  0 
6.804130e-011
7  9  3  0  0  0  0  0  0  0 
8.244745e-002
7  4  6  3  0  0  0  0  0  0 
6.803076e-011
7   9  10   3   0   0   0   0   0   0 
6.810154e-011
7  4  0  0  0  0  0  0  0  0 
4.105278e-002
7  9  3  6  4  0  0  0  0  0 
2.274764e-011
7   9  10   3   6   4   0   0   0   0 
1.707158e-011
7  4  6  5  0  0  0  0  0  0 
5.034700e-002
7  4  1  5  0  0  0  0  0  0 
4.539356e-002
7  9  3  6  5  0  0  0  0  0 
6.804019e-011
7  4  6  0  0  0  0  0  0  0 
3.021946e-002
7  9  3  6  0  0  0  0  0  0 
6.770135e-011
7   4   1  11   8   0   0   0   0   0 
3.482088e-001
7  4  6  5  2  8  0  0  0  0 
6.841578e-011
7  4  1  5  2  8  0  0  0  0 
6.838641e-011
7  9  0  0  0  0  0  0  0  0 
6.116929e-002
7  4  6  3  9  0  0  0  0  0 
2.276095e-011
7   4   6   3  10   9   0   0   0   0 
1.707837e-011
7   9  10   0   0   0   0   0   0   0 
1.106370e-001
7   9   3  10   0   0   0   0   0   0 
6.822406e-011
7   4   6   3  10   0   0   0   0   0 
3.412928e-011
7   4   1  11   0   0   0   0   0   0 
3.200321e-001
8  11   1   0   0   0   0   0   0   0 
6.420364e-002
8  2  5  1  0  0  0  0  0  0 
6.805572e-011
8  2  0  0  0  0  0  0  0  0 
3.219984e-002
8  11   1   5   2   0   0   0   0   0 
2.271240e-011
8  11   1   4   6   5   2   0   0   0 
1.364640e-011
8  2  5  6  3  0  0  0  0  0 
4.401442e-002
8  11   1   5   6   3   0   0   0   0 
6.778726e-011
8  11   1   4   6   3   0   0   0   0 
6.779452e-011
8  11   1   4   0   0   0   0   0   0 
2.913682e-002
8  2  5  1  4  0  0  0  0  0 
6.742212e-011
8  2  5  6  4  0  0  0  0  0 
6.742026e-011
8  2  5  0  0  0  0  0  0  0 
1.797911e-001
8  11   1   5   0   0   0   0   0   0 
6.828476e-011
8  2  5  6  0  0  0  0  0  0 
5.446972e-002
8  11   1   5   6   0   0   0   0   0 
6.791934e-011
8  11   1   4   6   0   0   0   0   0 
6.793180e-011
8  11   1   4   7   0   0   0   0   0 
3.061711e-001
8  2  5  1  4  7  0  0  0  0 
6.832691e-011
8  2  5  6  4  7  0  0  0  0 
6.832698e-011
8  11   1   4   7   9   0   0   0   0 
5.692791e-003
8  2  5  6  3  9  0  0  0  0 
6.454928e-003
8  11   1   5   6   3   9   0   0   0 
6.843511e-011
8   2   5   6   3  10   0   0   0   0 
1.192557e-001
8   2   5   6   3   9  10   0   0   0 
6.831667e-011
8  11   1   4   7   9  10   0   0   0 
6.826910e-011
8  11   0   0   0   0   0   0   0   0 
6.834012e-001
8   2   5   1  11   0   0   0   0   0 
2.278978e-011
9  7  4  1  0  0  0  0  0  0 
1.672123e-002
9  3  6  4  1  0  0  0  0  0 
6.676830e-011
9  3  6  5  1  0  0  0  0  0 
6.677446e-011
9  3  6  5  2  0  0  0  0  0 
1.333225e-002
9  10   3   6   5   2   0   0   0   0 
6.635683e-011
9  7  4  6  5  2  0  0  0  0 
6.649014e-011
9  3  0  0  0  0  0  0  0  0 
8.136741e-002
9  10   3   0   0   0   0   0   0   0 
6.812100e-011
9  7  4  6  3  0  0  0  0  0 
2.276644e-011
9  7  4  0  0  0  0  0  0  0 
1.526472e-002
9  3  6  4  0  0  0  0  0  0 
6.678143e-011
9  10   3   6   4   0   0   0   0   0 
3.360600e-011
9  3  6  5  0  0  0  0  0  0 
3.658741e-002
9  10   3   6   5   0   0   0   0   0 
6.761427e-011
9  7  4  6  5  0  0  0  0  0 
6.766460e-011
9  3  6  0  0  0  0  0  0  0 
3.782505e-003
9  10   3   6   0   0   0   0   0   0 
7.523874e-011
9  7  4  6  0  0  0  0  0  0 
7.949293e-011
9  7  0  0  0  0  0  0  0  0 
3.279241e-002
9  3  6  4  7  0  0  0  0  0 
2.271510e-011
9  10   3   6   4   7   0   0   0   0 
1.705189e-011
9   7   4   1  11   8   0   0   0   0 
2.705240e-002
9  3  6  5  2  8  0  0  0  0 
3.183025e-002
9  10   3   6   5   2   8   0   0   0 
6.775549e-011
9  10   0   0   0   0   0   0   0   0 
2.258868e-002
9   3  10   0   0   0   0   0   0   0 
6.755378e-011
9   7   4   1  11   0   0   0   0   0 
1.992982e-002
9   3   6   4   1  11   0   0   0   0 
6.689914e-011
9   3   6   5   1  11   0   0   0   0 
6.690288e-011
10   3   6   4   1   0   0   0   0   0 
1.554097e-002
10   9   7   4   1   0   0   0   0   0 
1.832946e-002
10   3   6   5   1   0   0   0   0   0 
1.780638e-002
10   3   6   5   2   0   0   0   0   0 
5.088622e-002
10   9   3   6   5   2   0   0   0   0 
6.801326e-011
10   3   0   0   0   0   0   0   0   0 
7.426678e-002
10   9   3   0   0   0   0   0   0   0 
6.817051e-011
10   3   6   4   0   0   0   0   0   0 
1.087742e-002
10   9   7   4   0   0   0   0   0   0 
1.207281e-002
10   3   9   7   4   0   0   0   0   0 
6.737371e-011
10   3   6   5   0   0   0   0   0   0 
9.100831e-002
10   9   3   6   5   0   0   0   0   0 
6.823459e-011
10   3   6   0   0   0   0   0   0   0 
3.053067e-002
10   9   3   6   0   0   0   0   0   0 
6.769519e-011
10   9   7   0   0   0   0   0   0   0 
1.749408e-001
10   3   9   7   0   0   0   0   0   0 
6.831627e-011
10   3   6   5   2   8   0   0   0   0 
1.662555e-001
10   9   3   6   5   2   8   0   0   0 
6.835525e-011
10   3   6   5   1  11   8   0   0   0 
6.822175e-011
10   9   0   0   0   0   0   0   0   0 
3.113089e-002
10   3   9   0   0   0   0   0   0   0 
6.768934e-011
10   3   6   4   1  11   0   0   0   0 
5.150445e-002
10   3   6   5   1  11   0   0   0   0 
5.457068e-002
10   9   7   4   1  11   0   0   0   0 
6.635202e-002
11   1   0   0   0   0   0   0   0   0 
3.851063e-001
11   8   2   5   1   0   0   0   0   0 
2.279072e-011
11   8   2   0   0   0   0   0   0   0 
6.508693e-002
11   1   5   2   0   0   0   0   0   0 
6.803636e-011
11   1   4   6   3   0   0   0   0   0 
4.194842e-002
11   1   5   6   3   0   0   0   0   0 
3.308085e-002
11   8   2   5   6   3   0   0   0   0 
6.788333e-011
11   1   4   0   0   0   0   0   0   0 
2.669743e-002
11   1   5   6   4   0   0   0   0   0 
3.399457e-011
11   1   5   0   0   0   0   0   0   0 
1.572048e-001
11   8   2   5   0   0   0   0   0   0 
6.821983e-011
11   1   4   6   5   0   0   0   0   0 
3.415905e-011
11   1   4   6   0   0   0   0   0   0 
3.167386e-002
11   1   5   6   0   0   0   0   0   0 
2.518454e-002
11   8   2   5   6   0   0   0   0   0 
6.777542e-011
11   1   4   7   0   0   0   0   0   0 
3.138210e-001
11   8   0   0   0   0   0   0   0   0 
3.632261e-001
11   1   5   2   8   0   0   0   0   0 
2.279218e-011
11   1   4   7   9   0   0   0   0   0 
1.323696e-002
11   1   4   6   3   9   0   0   0   0 
6.597510e-011
11   1   5   6   3   9   0   0   0   0 
6.601502e-011
11   1   4   7   9  10   0   0   0   0 
1.959127e-002
11   1   5   6   3  10   0   0   0   0 
1.556109e-002
11   1   4   6   3  10   0   0   0   0 
1.685861e-002
