1  5  2  0  0  0  0  0  0  0 
7.381668e-002
1  11   8   2   0   0   0   0   0   0 
9.057607e-013
1  4  6  5  2  0  0  0  0  0 
4.570901e-013
1  4  6  3  0  0  0  0  0  0 
2.344678e-002
1  5  6  3  0  0  0  0  0  0 
2.208287e-002
1  4  7  9  3  0  0  0  0  0 
8.803217e-013
1  4  0  0  0  0  0  0  0  0 
3.333673e-002
1  5  6  4  0  0  0  0  0  0 
4.555065e-013
1  5  0  0  0  0  0  0  0  0 
8.796052e-002
1  4  6  5  0  0  0  0  0  0 
4.605118e-013
1  11   8   2   5   0   0   0   0   0 
3.074061e-013
1  4  6  0  0  0  0  0  0  0 
2.601713e-002
1  5  6  0  0  0  0  0  0  0 
2.359567e-002
1  4  7  0  0  0  0  0  0  0 
9.567430e-002
1  5  6  4  7  0  0  0  0  0 
4.613861e-013
1  11   8   0   0   0   0   0   0   0 
2.811260e-001
1  5  2  8  0  0  0  0  0  0 
9.204421e-013
1  4  6  5  2  8  0  0  0  0 
3.096845e-013
1  4  7  9  0  0  0  0  0  0 
7.166835e-003
1  4  6  3  9  0  0  0  0  0 
5.563100e-013
1  5  6  3  9  0  0  0  0  0 
5.604873e-013
1   4   6   3  10   0   0   0   0   0 
2.773373e-002
1   5   6   3  10   0   0   0   0   0 
2.460392e-002
1   4   7   9  10   0   0   0   0   0 
4.812620e-002
1  11   0   0   0   0   0   0   0   0 
5.318798e-001
1   5   2   8  11   0   0   0   0   0 
3.095245e-013
2  5  1  0  0  0  0  0  0  0 
1.046335e-001
2   8  11   1   0   0   0   0   0   0 
9.109578e-013
2  5  6  4  1  0  0  0  0  0 
4.598613e-013
2  5  6  3  0  0  0  0  0  0 
2.458676e-001
2  5  1  4  6  3  0  0  0  0 
4.650803e-013
2  5  1  4  0  0  0  0  0  0 
8.371555e-002
2  5  6  4  0  0  0  0  0  0 
8.154122e-002
2   8  11   1   4   0   0   0   0   0 
9.179031e-013
2  5  0  0  0  0  0  0  0  0 
6.942619e-001
2   8  11   1   5   0   0   0   0   0 
3.115832e-013
2   8  11   1   4   6   5   0   0   0 
1.865878e-013
2  5  6  0  0  0  0  0  0  0 
2.443498e-001
2  5  1  4  6  0  0  0  0  0 
4.650411e-013
2  5  1  4  7  0  0  0  0  0 
3.812009e-001
2  5  6  4  7  0  0  0  0  0 
3.731663e-001
2   8  11   1   4   7   0   0   0   0 
9.144491e-013
2  8  0  0  0  0  0  0  0  0 
3.660665e-001
2   5   1  11   8   0   0   0   0   0 
3.099920e-013
2  5  6  3  9  0  0  0  0  0 
3.144858e-002
2   5   6   3  10   9   0   0   0   0 
9.179687e-013
2  5  1  4  7  9  0  0  0  0 
9.223116e-013
2   5   6   3  10   0   0   0   0   0 
4.136943e-001
2   5   6   3   9  10   0   0   0   0 
9.021814e-013
2   8  11   0   0   0   0   0   0   0 
2.906481e-001
2   5   1  11   0   0   0   0   0   0 
9.249892e-013
3  6  4  1  0  0  0  0  0  0 
1.158083e-002
3  6  5  1  0  0  0  0  0  0 
1.248949e-002
3  9  7  4  1  0  0  0  0  0 
8.552067e-013
3  6  5  2  0  0  0  0  0  0 
3.642529e-002
3  6  4  1  5  2  0  0  0  0 
4.560943e-013
3  6  4  0  0  0  0  0  0  0 
6.918618e-002
3  9  7  4  0  0  0  0  0  0 
8.838932e-013
3  6  5  0  0  0  0  0  0  0 
4.857786e-002
3  6  4  1  5  0  0  0  0  0 
4.578147e-013
3  6  0  0  0  0  0  0  0  0 
1.902688e-002
3  9  7  4  6  0  0  0  0  0 
2.973765e-013
3  10   9   7   4   6   0   0   0   0 
2.275254e-013
3  9  7  0  0  0  0  0  0  0 
1.738873e-002
3  10   9   7   0   0   0   0   0   0 
8.678492e-013
3  6  4  7  0  0  0  0  0  0 
8.917033e-013
3  6  5  2  8  0  0  0  0  0 
8.689404e-002
3   6   4   1  11   8   0   0   0   0 
9.074427e-013
3   6   5   1  11   8   0   0   0   0 
9.080873e-013
3  9  0  0  0  0  0  0  0  0 
1.781898e-002
3  10   9   0   0   0   0   0   0   0 
8.976568e-013
3  6  4  7  9  0  0  0  0  0 
3.020161e-013
3  10   0   0   0   0   0   0   0   0 
1.540617e-002
3   9  10   0   0   0   0   0   0   0 
8.241419e-013
3   6   4   1  11   0   0   0   0   0 
9.122209e-002
3   6   5   1  11   0   0   0   0   0 
9.108127e-002
3   9   7   4   1  11   0   0   0   0 
8.920941e-013
4  1  0  0  0  0  0  0  0  0 
1.684752e-002
4  6  5  1  0  0  0  0  0  0 
4.503665e-013
4  1  5  2  0  0  0  0  0  0 
1.296777e-002
4  6  5  2  0  0  0  0  0  0 
1.371509e-002
4   1  11   8   2   0   0   0   0   0 
9.066370e-013
4  6  3  0  0  0  0  0  0  0 
3.629877e-002
4  7  9  3  0  0  0  0  0  0 
8.769920e-013
4  1  5  6  3  0  0  0  0  0 
4.538708e-013
4  1  5  0  0  0  0  0  0  0 
1.582242e-002
4  6  5  0  0  0  0  0  0  0 
1.627092e-002
4  6  0  0  0  0  0  0  0  0 
1.924600e-002
4  1  5  6  0  0  0  0  0  0 
4.484377e-013
4  7  9  3  6  0  0  0  0  0 
3.008382e-013
4  7  0  0  0  0  0  0  0  0 
1.604034e-001
4  6  3  9  7  0  0  0  0  0 
3.047654e-013
4   6   3  10   9   7   0   0   0   0 
2.314882e-013
4   1  11   8   0   0   0   0   0   0 
1.793916e-001
4  1  5  2  8  0  0  0  0  0 
9.192216e-013
4  6  5  2  8  0  0  0  0  0 
9.199211e-013
4  7  9  0  0  0  0  0  0  0 
2.438415e-003
4  6  3  9  0  0  0  0  0  0 
7.198829e-013
4   6   3  10   9   0   0   0   0   0 
1.025031e-012
4   7   9  10   0   0   0   0   0   0 
4.482830e-003
4   6   3  10   0   0   0   0   0   0 
4.125685e-003
4   6   3   9  10   0   0   0   0   0 
1.025049e-012
4   1  11   0   0   0   0   0   0   0 
6.293758e-002
4   6   5   1  11   0   0   0   0   0 
4.593537e-013
5  1  0  0  0  0  0  0  0  0 
1.168044e-001
5  6  4  1  0  0  0  0  0  0 
4.619499e-013
5   2   8  11   1   0   0   0   0   0 
3.082430e-013
5  2  0  0  0  0  0  0  0  0 
9.936064e-002
5   1  11   8   2   0   0   0   0   0 
3.085370e-013
5  6  3  0  0  0  0  0  0  0 
4.363483e-002
5  1  4  6  3  0  0  0  0  0 
4.571928e-013
5  1  4  0  0  0  0  0  0  0 
1.642187e-002
5  6  4  0  0  0  0  0  0  0 
1.494487e-002
5  6  0  0  0  0  0  0  0  0 
5.825671e-002
5  1  4  6  0  0  0  0  0  0 
4.590772e-013
5  1  4  7  0  0  0  0  0  0 
8.672128e-002
5  6  4  7  0  0  0  0  0  0 
9.074330e-002
5  6  3  9  7  0  0  0  0  0 
8.919187e-013
5  2  8  0  0  0  0  0  0  0 
3.634018e-001
5   1  11   8   0   0   0   0   0   0 
9.286104e-013
5  6  3  9  0  0  0  0  0  0 
1.772064e-002
5  1  4  7  9  0  0  0  0  0 
8.745698e-013
5  6  4  7  9  0  0  0  0  0 
8.748548e-013
5   6   3  10   0   0   0   0   0   0 
4.968493e-002
5   6   3   9  10   0   0   0   0   0 
8.729250e-013
5   1  11   0   0   0   0   0   0   0 
3.114889e-001
5   2   8  11   0   0   0   0   0   0 
9.259085e-013
6  4  1  0  0  0  0  0  0  0 
1.182441e-002
6  5  1  0  0  0  0  0  0  0 
1.257858e-002
6  5  2  0  0  0  0  0  0  0 
8.264470e-002
6  4  1  5  2  0  0  0  0  0 
4.607662e-013
6  3  0  0  0  0  0  0  0  0 
4.969945e-002
6  4  7  9  3  0  0  0  0  0 
3.038503e-013
6   4   7   9  10   3   0   0   0   0 
2.299606e-013
6  4  0  0  0  0  0  0  0  0 
2.940057e-002
6  5  1  4  0  0  0  0  0  0 
4.509267e-013
6  3  9  7  4  0  0  0  0  0 
2.985404e-013
6  5  0  0  0  0  0  0  0  0 
6.472881e-002
6  4  1  5  0  0  0  0  0  0 
4.595064e-013
6  4  7  0  0  0  0  0  0  0 
3.019636e-002
6  3  9  7  0  0  0  0  0  0 
8.629736e-013
6  5  2  8  0  0  0  0  0  0 
1.006336e-001
6   4   1  11   8   0   0   0   0   0 
9.099201e-013
6   5   1  11   8   0   0   0   0   0 
9.105331e-013
6  3  9  0  0  0  0  0  0  0 
3.075180e-003
6   3  10   9   0   0   0   0   0   0 
1.465288e-012
6  4  7  9  0  0  0  0  0  0 
1.512905e-012
6   3  10   0   0   0   0   0   0   0 
2.116141e-002
6   3   9  10   0   0   0   0   0   0 
8.295835e-013
6   4   7   9  10   0   0   0   0   0 
4.433660e-013
6   4   1  11   0   0   0   0   0   0 
6.041968e-002
6   5   1  11   0   0   0   0   0   0 
6.129030e-002
6   5   2   8  11   0   0   0   0   0 
9.132666e-013
7  4  1  0  0  0  0  0  0  0 
8.400592e-002
7  4  6  5  1  0  0  0  0  0 
4.608125e-013
7  4  6  5  2  0  0  0  0  0 
3.069106e-001
7  4  1  5  2  0  0  0  0  0 
2.012635e-001
7  9  3  6  5  2  0  0  0  0 
9.189449e-013
7  9  3  0  0  0  0  0  0  0 
3.149824e-002
7  4  6  3  0  0  0  0  0  0 
9.113804e-013
7   9  10   3   0   0   0   0   0   0 
8.942293e-013
7  4  0  0  0  0  0  0  0  0 
4.563840e-002
7  9  3  6  4  0  0  0  0  0 
3.035803e-013
7   9  10   3   6   4   0   0   0   0 
2.291780e-013
7  4  6  5  0  0  0  0  0  0 
5.895773e-002
7  4  1  5  0  0  0  0  0  0 
5.252977e-002
7  9  3  6  5  0  0  0  0  0 
8.978050e-013
7  4  6  0  0  0  0  0  0  0 
2.285578e-002
7  9  3  6  0  0  0  0  0  0 
8.641733e-013
7   4   1  11   8   0   0   0   0   0 
2.475372e-001
7  4  6  5  2  8  0  0  0  0 
9.244521e-013
7  4  1  5  2  8  0  0  0  0 
9.231129e-013
7  9  0  0  0  0  0  0  0  0 
3.075138e-002
7  4  6  3  9  0  0  0  0  0 
2.995817e-013
7   4   6   3  10   9   0   0   0   0 
2.286083e-013
7   9  10   0   0   0   0   0   0   0 
7.332765e-002
7   9   3  10   0   0   0   0   0   0 
9.009029e-013
7   4   6   3  10   0   0   0   0   0 
4.606605e-013
7   4   1  11   0   0   0   0   0   0 
2.607946e-001
8  11   1   0   0   0   0   0   0   0 
7.839495e-002
8  2  5  1  0  0  0  0  0  0 
9.137045e-013
8  2  0  0  0  0  0  0  0  0 
3.787735e-002
8  11   1   5   2   0   0   0   0   0 
3.037670e-013
8  11   1   4   6   5   2   0   0   0 
1.846706e-013
8  2  5  6  3  0  0  0  0  0 
4.259008e-002
8  11   1   5   6   3   0   0   0   0 
9.011613e-013
8  11   1   4   6   3   0   0   0   0 
9.004517e-013
8  11   1   4   0   0   0   0   0   0 
3.712632e-002
8  2  5  1  4  0  0  0  0  0 
8.925841e-013
8  2  5  6  4  0  0  0  0  0 
8.912597e-013
8  2  5  0  0  0  0  0  0  0 
1.931388e-001
8  11   1   5   0   0   0   0   0   0 
9.247895e-013
8  2  5  6  0  0  0  0  0  0 
5.050306e-002
8  11   1   5   6   0   0   0   0   0 
9.017787e-013
8  11   1   4   6   0   0   0   0   0 
9.012581e-013
8  11   1   4   7   0   0   0   0   0 
2.731615e-001
8  2  5  1  4  7  0  0  0  0 
9.221405e-013
8  2  5  6  4  7  0  0  0  0 
9.225979e-013
8  11   1   4   7   9   0   0   0   0 
6.536525e-003
8  2  5  6  3  9  0  0  0  0 
7.104205e-003
8  11   1   5   6   3   9   0   0   0 
9.354245e-013
8   2   5   6   3  10   0   0   0   0 
1.283082e-001
8   2   5   6   3   9  10   0   0   0 
8.742766e-013
8  11   1   4   7   9  10   0   0   0 
8.927334e-013
8  11   0   0   0   0   0   0   0   0 
7.305595e-001
8   2   5   1  11   0   0   0   0   0 
3.084886e-013
9  7  4  1  0  0  0  0  0  0 
7.021470e-003
9  3  6  4  1  0  0  0  0  0 
5.746287e-013
9  3  6  5  1  0  0  0  0  0 
5.756020e-013
9  3  6  5  2  0  0  0  0  0 
5.487435e-003
9  10   3   6   5   2   0   0   0   0 
5.283597e-013
9  7  4  6  5  2  0  0  0  0 
5.658634e-013
9  3  0  0  0  0  0  0  0  0 
5.717319e-002
9  10   3   0   0   0   0   0   0   0 
9.091773e-013
9  7  4  6  3  0  0  0  0  0 
3.069857e-013
9  7  4  0  0  0  0  0  0  0 
5.472420e-003
9  3  6  4  0  0  0  0  0  0 
8.065965e-013
9  10   3   6   4   0   0   0   0   0 
3.464325e-013
9  3  6  5  0  0  0  0  0  0 
1.336401e-002
9  10   3   6   5   0   0   0   0   0 
8.290120e-013
9  7  4  6  5  0  0  0  0  0 
8.437738e-013
9  3  6  0  0  0  0  0  0  0 
3.744840e-003
9  10   3   6   0   0   0   0   0   0 
1.915496e-012
9  7  4  6  0  0  0  0  0  0 
1.966317e-012
9  7  0  0  0  0  0  0  0  0 
1.840816e-002
9  3  6  4  7  0  0  0  0  0 
2.994730e-013
9  10   3   6   4   7   0   0   0   0 
2.268522e-013
9   7   4   1  11   8   0   0   0   0 
1.026112e-002
9  3  6  5  2  8  0  0  0  0 
1.246910e-002
9  10   3   6   5   2   8   0   0   0 
9.057301e-013
9  10   0   0   0   0   0   0   0   0 
2.095761e-002
9   3  10   0   0   0   0   0   0   0 
8.769271e-013
9   7   4   1  11   0   0   0   0   0 
1.774596e-002
9   3   6   4   1  11   0   0   0   0 
8.258156e-013
9   3   6   5   1  11   0   0   0   0 
8.251569e-013
10   3   6   4   1   0   0   0   0   0 
1.169900e-002
10   9   7   4   1   0   0   0   0   0 
1.422554e-002
10   3   6   5   1   0   0   0   0   0 
1.270063e-002
10   3   6   5   2   0   0   0   0   0 
3.633852e-002
10   9   3   6   5   2   0   0   0   0 
8.825381e-013
10   3   0   0   0   0   0   0   0   0 
5.377423e-002
10   9   3   0   0   0   0   0   0   0 
8.914669e-013
10   3   6   4   0   0   0   0   0   0 
4.531625e-003
10   9   7   4   0   0   0   0   0   0 
4.792900e-003
10   3   9   7   4   0   0   0   0   0 
1.001018e-012
10   3   6   5   0   0   0   0   0   0 
3.121632e-002
10   9   3   6   5   0   0   0   0   0 
8.771860e-013
10   3   6   0   0   0   0   0   0   0 
2.544156e-002
10   9   3   6   0   0   0   0   0   0 
8.682893e-013
10   9   7   0   0   0   0   0   0   0 
9.635272e-002
10   3   9   7   0   0   0   0   0   0 
8.895567e-013
10   3   6   5   2   8   0   0   0   0 
1.229716e-001
10   9   3   6   5   2   8   0   0   0 
8.967253e-013
10   3   6   5   1  11   8   0   0   0 
9.124344e-013
10   9   0   0   0   0   0   0   0   0 
1.003027e-002
10   3   9   0   0   0   0   0   0   0 
8.338845e-013
10   3   6   4   1  11   0   0   0   0 
4.401651e-002
10   3   6   5   1  11   0   0   0   0 
4.555985e-002
10   9   7   4   1  11   0   0   0   0 
7.521307e-002
11   1   0   0   0   0   0   0   0   0 
5.183881e-001
11   8   2   5   1   0   0   0   0   0 
3.084265e-013
11   8   2   0   0   0   0   0   0   0 
7.366927e-002
11   1   5   2   0   0   0   0   0   0 
9.127921e-013
11   1   4   6   3   0   0   0   0   0 
5.143708e-002
11   1   5   6   3   0   0   0   0   0 
4.423116e-002
11   8   2   5   6   3   0   0   0   0 
9.133135e-013
11   1   4   0   0   0   0   0   0   0 
5.874033e-002
11   1   5   6   4   0   0   0   0   0 
4.588541e-013
11   1   5   0   0   0   0   0   0   0 
2.292959e-001
11   8   2   5   0   0   0   0   0   0 
9.229819e-013
11   1   4   6   5   0   0   0   0   0 
4.627812e-013
11   1   4   6   0   0   0   0   0   0 
3.545741e-002
11   1   5   6   0   0   0   0   0   0 
3.087902e-002
11   8   2   5   6   0   0   0   0   0 
9.107651e-013
11   1   4   7   0   0   0   0   0   0 
2.603355e-001
11   8   0   0   0   0   0   0   0   0 
3.639805e-001
11   1   5   2   8   0   0   0   0   0 
3.103127e-013
11   1   4   7   9   0   0   0   0   0 
1.153117e-002
11   1   4   6   3   9   0   0   0   0 
7.723265e-013
11   1   5   6   3   9   0   0   0   0 
7.742991e-013
11   1   4   7   9  10   0   0   0   0 
2.746395e-002
11   1   5   6   3  10   0   0   0   0 
1.743704e-002
11   1   4   6   3  10   0   0   0   0 
1.915807e-002
