1  5  2  0  0  0  0  0  0  0 
4.631365e-002
1  11   8   2   0   0   0   0   0   0 
4.038214e-015
1  4  6  5  2  0  0  0  0  0 
2.027029e-015
1  4  6  3  0  0  0  0  0  0 
1.753322e-002
1  5  6  3  0  0  0  0  0  0 
1.686564e-002
1  4  7  9  3  0  0  0  0  0 
4.009166e-015
1  4  0  0  0  0  0  0  0  0 
3.577777e-002
1  5  6  4  0  0  0  0  0  0 
2.025944e-015
1  5  0  0  0  0  0  0  0  0 
6.049857e-002
1  4  6  5  0  0  0  0  0  0 
2.029148e-015
1  11   8   2   5   0   0   0   0   0 
1.353346e-015
1  4  6  0  0  0  0  0  0  0 
4.141379e-002
1  5  6  0  0  0  0  0  0  0 
3.632878e-002
1  4  7  0  0  0  0  0  0  0 
2.034701e-001
1  5  6  4  7  0  0  0  0  0 
2.033822e-015
1  11   8   0   0   0   0   0   0   0 
2.008127e-001
1  5  2  8  0  0  0  0  0  0 
4.068011e-015
1  4  6  5  2  8  0  0  0  0 
1.356441e-015
1  4  7  9  0  0  0  0  0  0 
4.473795e-003
1  4  6  3  9  0  0  0  0  0 
3.698282e-015
1  5  6  3  9  0  0  0  0  0 
3.670399e-015
1   4   6   3  10   0   0   0   0   0 
2.697885e-002
1   5   6   3  10   0   0   0   0   0 
2.453359e-002
1   4   7   9  10   0   0   0   0   0 
3.427169e-002
1  11   0   0   0   0   0   0   0   0 
6.913265e-001
1   5   2   8  11   0   0   0   0   0 
1.356962e-015
2  5  1  0  0  0  0  0  0  0 
7.248781e-002
2   8  11   1   0   0   0   0   0   0 
4.053867e-015
2  5  6  4  1  0  0  0  0  0 
2.029526e-015
2  5  6  3  0  0  0  0  0  0 
2.935110e-001
2  5  1  4  6  3  0  0  0  0 
2.034722e-015
2  5  1  4  0  0  0  0  0  0 
8.894884e-002
2  5  6  4  0  0  0  0  0  0 
8.404283e-002
2   8  11   1   4   0   0   0   0   0 
4.057723e-015
2  5  0  0  0  0  0  0  0  0 
6.068209e-001
2   8  11   1   5   0   0   0   0   0 
1.357004e-015
2   8  11   1   4   6   5   0   0   0 
8.141206e-016
2  5  6  0  0  0  0  0  0  0 
1.689990e-001
2  5  1  4  6  0  0  0  0  0 
2.033851e-015
2  5  1  4  7  0  0  0  0  0 
3.859595e-001
2  5  6  4  7  0  0  0  0  0 
4.061118e-001
2   8  11   1   4   7   0   0   0   0 
4.069961e-015
2  8  0  0  0  0  0  0  0  0 
3.468238e-001
2   5   1  11   8   0   0   0   0   0 
1.355321e-015
2  5  6  3  9  0  0  0  0  0 
4.815237e-002
2   5   6   3  10   9   0   0   0   0 
4.036036e-015
2  5  1  4  7  9  0  0  0  0 
4.032507e-015
2   5   6   3  10   0   0   0   0   0 
4.093234e-001
2   5   6   3   9  10   0   0   0   0 
4.090921e-015
2   8  11   0   0   0   0   0   0   0 
2.539922e-001
2   5   1  11   0   0   0   0   0   0 
4.057172e-015
3  6  4  1  0  0  0  0  0  0 
1.106156e-002
3  6  5  1  0  0  0  0  0  0 
1.128915e-002
3  9  7  4  1  0  0  0  0  0 
3.976105e-015
3  6  5  2  0  0  0  0  0  0 
5.535672e-002
3  6  4  1  5  2  0  0  0  0 
2.029181e-015
3  6  4  0  0  0  0  0  0  0 
1.414101e-002
3  9  7  4  0  0  0  0  0  0 
3.987464e-015
3  6  5  0  0  0  0  0  0  0 
3.806013e-002
3  6  4  1  5  0  0  0  0  0 
2.026396e-015
3  6  0  0  0  0  0  0  0  0 
1.745580e-002
3  9  7  4  6  0  0  0  0  0 
1.349703e-015
3  10   9   7   4   6   0   0   0   0 
1.013250e-015
3  9  7  0  0  0  0  0  0  0 
2.565453e-002
3  10   9   7   0   0   0   0   0   0 
4.008299e-015
3  6  4  7  0  0  0  0  0  0 
3.997384e-015
3  6  5  2  8  0  0  0  0  0 
6.821433e-002
3   6   4   1  11   8   0   0   0   0 
4.045799e-015
3   6   5   1  11   8   0   0   0   0 
4.045900e-015
3  9  0  0  0  0  0  0  0  0 
1.727914e-002
3  10   9   0   0   0   0   0   0   0 
3.985639e-015
3  6  4  7  9  0  0  0  0  0 
1.345561e-015
3  10   0   0   0   0   0   0   0   0 
1.532652e-002
3   9  10   0   0   0   0   0   0   0 
3.998175e-015
3   6   4   1  11   0   0   0   0   0 
1.022553e-001
3   6   5   1  11   0   0   0   0   0 
1.079557e-001
3   9   7   4   1  11   0   0   0   0 
4.074711e-015
4  1  0  0  0  0  0  0  0  0 
1.708596e-002
4  6  5  1  0  0  0  0  0  0 
2.016182e-015
4  1  5  2  0  0  0  0  0  0 
7.488115e-002
4  6  5  2  0  0  0  0  0  0 
8.790491e-002
4   1  11   8   2   0   0   0   0   0 
4.050924e-015
4  6  3  0  0  0  0  0  0  0 
3.115767e-002
4  7  9  3  0  0  0  0  0  0 
4.035827e-015
4  1  5  6  3  0  0  0  0  0 
2.021862e-015
4  1  5  0  0  0  0  0  0  0 
1.439834e-002
4  6  5  0  0  0  0  0  0  0 
1.478716e-002
4  6  0  0  0  0  0  0  0  0 
1.577949e-002
4  1  5  6  0  0  0  0  0  0 
2.011404e-015
4  7  9  3  6  0  0  0  0  0 
1.347394e-015
4  7  0  0  0  0  0  0  0  0 
3.138625e-002
4  6  3  9  7  0  0  0  0  0 
1.354131e-015
4   6   3  10   9   7   0   0   0   0 
1.015792e-015
4   1  11   8   0   0   0   0   0   0 
2.027544e-001
4  1  5  2  8  0  0  0  0  0 
4.067821e-015
4  6  5  2  8  0  0  0  0  0 
4.070171e-015
4  7  9  0  0  0  0  0  0  0 
5.082420e-003
4  6  3  9  0  0  0  0  0  0 
3.747079e-015
4   6   3  10   9   0   0   0   0   0 
1.960206e-015
4   7   9  10   0   0   0   0   0   0 
4.586940e-003
4   6   3  10   0   0   0   0   0   0 
4.289940e-003
4   6   3   9  10   0   0   0   0   0 
3.883852e-015
4   1  11   0   0   0   0   0   0   0 
1.196168e-001
4   6   5   1  11   0   0   0   0   0 
2.033123e-015
5  1  0  0  0  0  0  0  0  0 
8.832220e-002
5  6  4  1  0  0  0  0  0  0 
2.030536e-015
5   2   8  11   1   0   0   0   0   0 
1.354749e-015
5  2  0  0  0  0  0  0  0  0 
1.205454e-001
5   1  11   8   2   0   0   0   0   0 
1.355404e-015
5  6  3  0  0  0  0  0  0  0 
5.408448e-002
5  1  4  6  3  0  0  0  0  0 
2.029507e-015
5  1  4  0  0  0  0  0  0  0 
2.576015e-002
5  6  4  0  0  0  0  0  0  0 
2.381747e-002
5  6  0  0  0  0  0  0  0  0 
5.432556e-002
5  1  4  6  0  0  0  0  0  0 
2.029535e-015
5  1  4  7  0  0  0  0  0  0 
9.158672e-002
5  6  4  7  0  0  0  0  0  0 
9.433927e-002
5  6  3  9  7  0  0  0  0  0 
4.075409e-015
5  2  8  0  0  0  0  0  0  0 
2.240718e-001
5   1  11   8   0   0   0   0   0   0 
4.060592e-015
5  6  3  9  0  0  0  0  0  0 
1.420503e-002
5  1  4  7  9  0  0  0  0  0 
3.951831e-015
5  6  4  7  9  0  0  0  0  0 
3.952002e-015
5   6   3  10   0   0   0   0   0   0 
2.012172e-002
5   6   3   9  10   0   0   0   0   0 
4.020896e-015
5   1  11   0   0   0   0   0   0   0 
3.305623e-001
5   2   8  11   0   0   0   0   0   0 
4.068759e-015
6  4  1  0  0  0  0  0  0  0 
7.555971e-003
6  5  1  0  0  0  0  0  0  0 
7.647744e-003
6  5  2  0  0  0  0  0  0  0 
4.999761e-002
6  4  1  5  2  0  0  0  0  0 
2.028522e-015
6  3  0  0  0  0  0  0  0  0 
1.558491e-002
6  4  7  9  3  0  0  0  0  0 
1.348173e-015
6   4   7   9  10   3   0   0   0   0 
1.012715e-015
6  4  0  0  0  0  0  0  0  0 
1.021099e-002
6  5  1  4  0  0  0  0  0  0 
1.998565e-015
6  3  9  7  4  0  0  0  0  0 
1.341372e-015
6  5  0  0  0  0  0  0  0  0 
8.639149e-002
6  4  1  5  0  0  0  0  0  0 
2.031402e-015
6  4  7  0  0  0  0  0  0  0 
5.001868e-002
6  3  9  7  0  0  0  0  0  0 
4.061179e-015
6  5  2  8  0  0  0  0  0  0 
1.010051e-001
6   4   1  11   8   0   0   0   0   0 
4.052584e-015
6   5   1  11   8   0   0   0   0   0 
4.052688e-015
6  3  9  0  0  0  0  0  0  0 
1.994790e-003
6   3  10   9   0   0   0   0   0   0 
3.333488e-015
6  4  7  9  0  0  0  0  0  0 
3.265265e-015
6   3  10   0   0   0   0   0   0   0 
1.633812e-002
6   3   9  10   0   0   0   0   0   0 
3.995166e-015
6   4   7   9  10   0   0   0   0   0 
2.013315e-015
6   4   1  11   0   0   0   0   0   0 
2.524009e-002
6   5   1  11   0   0   0   0   0   0 
2.646704e-002
6   5   2   8  11   0   0   0   0   0 
4.023472e-015
7  4  1  0  0  0  0  0  0  0 
1.186216e-001
7  4  6  5  1  0  0  0  0  0 
2.033099e-015
7  4  6  5  2  0  0  0  0  0 
6.399358e-002
7  4  1  5  2  0  0  0  0  0 
5.563178e-002
7  9  3  6  5  2  0  0  0  0 
4.064177e-015
7  9  3  0  0  0  0  0  0  0 
1.945360e-002
7  4  6  3  0  0  0  0  0  0 
3.980264e-015
7   9  10   3   0   0   0   0   0   0 
3.991330e-015
7  4  0  0  0  0  0  0  0  0 
6.043689e-002
7  9  3  6  4  0  0  0  0  0 
1.356260e-015
7   9  10   3   6   4   0   0   0   0 
1.017380e-015
7  4  6  5  0  0  0  0  0  0 
4.334202e-002
7  4  1  5  0  0  0  0  0  0 
3.956043e-002
7  9  3  6  5  0  0  0  0  0 
4.054069e-015
7  4  6  0  0  0  0  0  0  0 
3.129982e-002
7  9  3  6  0  0  0  0  0  0 
4.040694e-015
7   4   1  11   8   0   0   0   0   0 
3.307102e-001
7  4  6  5  2  8  0  0  0  0 
4.073246e-015
7  4  1  5  2  8  0  0  0  0 
4.070814e-015
7  9  0  0  0  0  0  0  0  0 
3.637297e-002
7  4  6  3  9  0  0  0  0  0 
1.353424e-015
7   4   6   3  10   9   0   0   0   0 
1.015391e-015
7   9  10   0   0   0   0   0   0   0 
1.155471e-001
7   9   3  10   0   0   0   0   0   0 
4.061277e-015
7   4   6   3  10   0   0   0   0   0 
2.028908e-015
7   4   1  11   0   0   0   0   0   0 
3.328675e-001
8  11   1   0   0   0   0   0   0   0 
7.830961e-002
8  2  5  1  0  0  0  0  0  0 
4.052420e-015
8  2  0  0  0  0  0  0  0  0 
4.103715e-002
8  11   1   5   2   0   0   0   0   0 
1.352543e-015
8  11   1   4   6   5   2   0   0   0 
8.124911e-016
8  2  5  6  3  0  0  0  0  0 
4.251484e-002
8  11   1   5   6   3   0   0   0   0 
4.037131e-015
8  11   1   4   6   3   0   0   0   0 
4.038712e-015
8  11   1   4   0   0   0   0   0   0 
2.957223e-002
8  2  5  1  4  0  0  0  0  0 
4.019409e-015
8  2  5  6  4  0  0  0  0  0 
4.019655e-015
8  2  5  0  0  0  0  0  0  0 
1.235945e-001
8  11   1   5   0   0   0   0   0   0 
4.060647e-015
8  2  5  6  0  0  0  0  0  0 
5.479393e-002
8  11   1   5   6   0   0   0   0   0 
4.045244e-015
8  11   1   4   6   0   0   0   0   0 
4.046901e-015
8  11   1   4   7   0   0   0   0   0 
2.864188e-001
8  2  5  1  4  7  0  0  0  0 
4.064917e-015
8  2  5  6  4  7  0  0  0  0 
4.065284e-015
8  11   1   4   7   9   0   0   0   0 
2.810867e-002
8  2  5  6  3  9  0  0  0  0 
3.806608e-002
8  11   1   5   6   3   9   0   0   0 
4.035944e-015
8   2   5   6   3  10   0   0   0   0 
1.019883e-001
8   2   5   6   3   9  10   0   0   0 
4.078768e-015
8  11   1   4   7   9  10   0   0   0 
4.069879e-015
8  11   0   0   0   0   0   0   0   0 
5.947167e-001
8   2   5   1  11   0   0   0   0   0 
1.355928e-015
9  7  4  1  0  0  0  0  0  0 
1.711321e-002
9  3  6  4  1  0  0  0  0  0 
3.981773e-015
9  3  6  5  1  0  0  0  0  0 
3.981851e-015
9  3  6  5  2  0  0  0  0  0 
9.933945e-003
9  10   3   6   5   2   0   0   0   0 
3.902920e-015
9  7  4  6  5  2  0  0  0  0 
3.901805e-015
9  3  0  0  0  0  0  0  0  0 
6.391759e-002
9  10   3   0   0   0   0   0   0   0 
4.049709e-015
9  7  4  6  3  0  0  0  0  0 
1.353645e-015
9  7  4  0  0  0  0  0  0  0 
5.080245e-003
9  3  6  4  0  0  0  0  0  0 
3.746555e-015
9  10   3   6   4   0   0   0   0   0 
1.959846e-015
9  3  6  5  0  0  0  0  0  0 
3.599233e-002
9  10   3   6   5   0   0   0   0   0 
4.030404e-015
9  7  4  6  5  0  0  0  0  0 
4.025483e-015
9  3  6  0  0  0  0  0  0  0 
4.295475e-003
9  10   3   6   0   0   0   0   0   0 
3.819699e-015
9  7  4  6  0  0  0  0  0  0 
3.827560e-015
9  7  0  0  0  0  0  0  0  0 
5.252868e-002
9  3  6  4  7  0  0  0  0  0 
1.354390e-015
9  10   3   6   4   7   0   0   0   0 
1.016319e-015
9   7   4   1  11   8   0   0   0   0 
1.734691e-002
9  3  6  5  2  8  0  0  0  0 
2.323766e-002
9  10   3   6   5   2   8   0   0   0 
4.014200e-015
9  10   0   0   0   0   0   0   0   0 
1.143717e-002
9   3  10   0   0   0   0   0   0   0 
3.958657e-015
9   7   4   1  11   0   0   0   0   0 
2.788020e-002
9   3   6   4   1  11   0   0   0   0 
4.022617e-015
9   3   6   5   1  11   0   0   0   0 
4.022714e-015
10   3   6   4   1   0   0   0   0   0 
1.382434e-002
10   9   7   4   1   0   0   0   0   0 
1.553259e-002
10   3   6   5   1   0   0   0   0   0 
1.435738e-002
10   3   6   5   2   0   0   0   0   0 
4.882747e-002
10   9   3   6   5   2   0   0   0   0 
4.057212e-015
10   3   0   0   0   0   0   0   0   0 
4.427182e-002
10   9   3   0   0   0   0   0   0   0 
4.054193e-015
10   3   6   4   0   0   0   0   0   0 
1.710479e-002
10   9   7   4   0   0   0   0   0   0 
1.937307e-002
10   3   9   7   4   0   0   0   0   0 
4.012368e-015
10   3   6   5   0   0   0   0   0   0 
4.943122e-002
10   9   3   6   5   0   0   0   0   0 
4.057571e-015
10   3   6   0   0   0   0   0   0   0 
2.145051e-002
10   9   3   6   0   0   0   0   0   0 
4.020358e-015
10   9   7   0   0   0   0   0   0   0 
1.166480e-001
10   3   9   7   0   0   0   0   0   0 
4.067847e-015
10   3   6   5   2   8   0   0   0   0 
1.412866e-001
10   9   3   6   5   2   8   0   0   0 
4.076318e-015
10   3   6   5   1  11   8   0   0   0 
4.056612e-015
10   9   0   0   0   0   0   0   0   0 
1.484443e-002
10   3   9   0   0   0   0   0   0   0 
3.987015e-015
10   3   6   4   1  11   0   0   0   0 
5.203558e-002
10   3   6   5   1  11   0   0   0   0 
5.473129e-002
10   9   7   4   1  11   0   0   0   0 
7.193843e-002
11   1   0   0   0   0   0   0   0   0 
4.291957e-001
11   8   2   5   1   0   0   0   0   0 
1.356240e-015
11   8   2   0   0   0   0   0   0   0 
4.841232e-002
11   1   5   2   0   0   0   0   0   0 
4.039945e-015
11   1   4   6   3   0   0   0   0   0 
1.974851e-002
11   1   5   6   3   0   0   0   0   0 
1.840924e-002
11   8   2   5   6   3   0   0   0   0 
4.002957e-015
11   1   4   0   0   0   0   0   0   0 
2.757435e-002
11   1   5   6   4   0   0   0   0   0 
2.023148e-015
11   1   5   0   0   0   0   0   0   0 
1.478713e-001
11   8   2   5   0   0   0   0   0   0 
4.058297e-015
11   1   4   6   5   0   0   0   0   0 
2.032582e-015
11   1   4   6   0   0   0   0   0   0 
2.724266e-002
11   1   5   6   0   0   0   0   0   0 
2.470048e-002
11   8   2   5   6   0   0   0   0   0 
4.018754e-015
11   1   4   7   0   0   0   0   0   0 
3.132577e-001
11   8   0   0   0   0   0   0   0   0 
2.808293e-001
11   1   5   2   8   0   0   0   0   0 
1.356224e-015
11   1   4   7   9   0   0   0   0   0 
6.691800e-003
11   1   4   6   3   9   0   0   0   0 
3.822564e-015
11   1   5   6   3   9   0   0   0   0 
3.819492e-015
11   1   4   7   9  10   0   0   0   0 
1.581876e-002
11   1   5   6   3  10   0   0   0   0 
1.304989e-002
11   1   4   6   3  10   0   0   0   0 
1.360299e-002
