1  5  2  0  0  0  0  0  0  0 
6.151503e-002
1  11   8   2   0   0   0   0   0   0 
5.833771e-013
1  4  6  5  2  0  0  0  0  0 
2.929329e-013
1  4  6  3  0  0  0  0  0  0 
1.442590e-002
1  5  6  3  0  0  0  0  0  0 
1.358705e-002
1  4  7  9  3  0  0  0  0  0 
5.669506e-013
1  4  0  0  0  0  0  0  0  0 
3.679014e-002
1  5  6  4  0  0  0  0  0  0 
2.928136e-013
1  5  0  0  0  0  0  0  0  0 
6.554797e-002
1  4  6  5  0  0  0  0  0  0 
2.935771e-013
1  11   8   2   5   0   0   0   0   0 
1.960776e-013
1  4  6  0  0  0  0  0  0  0 
1.701123e-002
1  5  6  0  0  0  0  0  0  0 
1.536357e-002
1  4  7  0  0  0  0  0  0  0 
5.271078e-002
1  5  6  4  7  0  0  0  0  0 
2.936353e-013
1  11   8   0   0   0   0   0   0   0 
1.716632e-001
1  5  2  8  0  0  0  0  0  0 
5.891531e-013
1  4  6  5  2  8  0  0  0  0 
1.968448e-013
1  4  7  9  0  0  0  0  0  0 
2.076705e-003
1  4  6  3  9  0  0  0  0  0 
4.011994e-013
1  5  6  3  9  0  0  0  0  0 
4.378834e-013
1   4   6   3  10   0   0   0   0   0 
2.778894e-002
1   5   6   3  10   0   0   0   0   0 
2.373702e-002
1   4   7   9  10   0   0   0   0   0 
3.324656e-002
1  11   0   0   0   0   0   0   0   0 
5.427118e-001
1   5   2   8  11   0   0   0   0   0 
1.971781e-013
2  5  1  0  0  0  0  0  0  0 
7.759075e-002
2   8  11   1   0   0   0   0   0   0 
5.851402e-013
2  5  6  4  1  0  0  0  0  0 
2.936278e-013
2  5  6  3  0  0  0  0  0  0 
2.249253e-001
2  5  1  4  6  3  0  0  0  0 
2.952587e-013
2  5  1  4  0  0  0  0  0  0 
8.524071e-002
2  5  6  4  0  0  0  0  0  0 
7.565871e-002
2   8  11   1   4   0   0   0   0   0 
5.874705e-013
2  5  0  0  0  0  0  0  0  0 
6.606030e-001
2   8  11   1   5   0   0   0   0   0 
1.971877e-013
2   8  11   1   4   6   5   0   0   0 
1.183489e-013
2  5  6  0  0  0  0  0  0  0 
2.193418e-001
2  5  1  4  6  0  0  0  0  0 
2.952445e-013
2  5  1  4  7  0  0  0  0  0 
4.014275e-001
2  5  6  4  7  0  0  0  0  0 
3.668259e-001
2   8  11   1   4   7   0   0   0   0 
5.904966e-013
2  8  0  0  0  0  0  0  0  0 
3.770200e-001
2   5   1  11   8   0   0   0   0   0 
1.968756e-013
2  5  6  3  9  0  0  0  0  0 
4.264906e-002
2   5   6   3  10   9   0   0   0   0 
5.816436e-013
2  5  1  4  7  9  0  0  0  0 
5.814456e-013
2   5   6   3  10   0   0   0   0   0 
4.002622e-001
2   5   6   3   9  10   0   0   0   0 
5.891079e-013
2   8  11   0   0   0   0   0   0   0 
3.049252e-001
2   5   1  11   0   0   0   0   0   0 
5.887614e-013
3  6  4  1  0  0  0  0  0  0 
9.046011e-003
3  6  5  1  0  0  0  0  0  0 
9.796404e-003
3  9  7  4  1  0  0  0  0  0 
5.745043e-013
3  6  5  2  0  0  0  0  0  0 
7.645383e-002
3  6  4  1  5  2  0  0  0  0 
2.942948e-013
3  6  4  0  0  0  0  0  0  0 
8.778405e-003
3  9  7  4  0  0  0  0  0  0 
5.502142e-013
3  6  5  0  0  0  0  0  0  0 
5.541349e-002
3  6  4  1  5  0  0  0  0  0 
2.937328e-013
3  6  0  0  0  0  0  0  0  0 
1.952952e-002
3  9  7  4  6  0  0  0  0  0 
1.936496e-013
3  10   9   7   4   6   0   0   0   0 
1.459450e-013
3  9  7  0  0  0  0  0  0  0 
6.537243e-002
3  10   9   7   0   0   0   0   0   0 
5.867930e-013
3  6  4  7  0  0  0  0  0  0 
5.884988e-013
3  6  5  2  8  0  0  0  0  0 
9.176115e-002
3   6   4   1  11   8   0   0   0   0 
5.847778e-013
3   6   5   1  11   8   0   0   0   0 
5.848087e-013
3  9  0  0  0  0  0  0  0  0 
2.079435e-002
3  10   9   0   0   0   0   0   0   0 
5.725485e-013
3  6  4  7  9  0  0  0  0  0 
1.932020e-013
3  10   0   0   0   0   0   0   0   0 
2.639137e-002
3   9  10   0   0   0   0   0   0   0 
5.653066e-013
3   6   4   1  11   0   0   0   0   0 
9.203667e-002
3   6   5   1  11   0   0   0   0   0 
1.034512e-001
3   9   7   4   1  11   0   0   0   0 
5.856756e-013
4  1  0  0  0  0  0  0  0  0 
2.015683e-002
4  6  5  1  0  0  0  0  0  0 
2.905219e-013
4  1  5  2  0  0  0  0  0  0 
1.503692e-002
4  6  5  2  0  0  0  0  0  0 
1.583812e-002
4   1  11   8   2   0   0   0   0   0 
5.820891e-013
4  6  3  0  0  0  0  0  0  0 
2.730397e-002
4  7  9  3  0  0  0  0  0  0 
5.624103e-013
4  1  5  6  3  0  0  0  0  0 
2.893628e-013
4  1  5  0  0  0  0  0  0  0 
1.796288e-002
4  6  5  0  0  0  0  0  0  0 
1.920990e-002
4  6  0  0  0  0  0  0  0  0 
3.087588e-002
4  1  5  6  0  0  0  0  0  0 
2.916120e-013
4  7  9  3  6  0  0  0  0  0 
1.945921e-013
4  7  0  0  0  0  0  0  0  0 
3.414382e-002
4  6  3  9  7  0  0  0  0  0 
1.950491e-013
4   6   3  10   9   7   0   0   0   0 
1.468248e-013
4   1  11   8   0   0   0   0   0   0 
1.807770e-001
4  1  5  2  8  0  0  0  0  0 
5.892274e-013
4  6  5  2  8  0  0  0  0  0 
5.893020e-013
4  7  9  0  0  0  0  0  0  0 
4.603500e-003
4  6  3  9  0  0  0  0  0  0 
5.376153e-013
4   6   3  10   9   0   0   0   0   0 
2.358507e-013
4   7   9  10   0   0   0   0   0   0 
4.715020e-003
4   6   3  10   0   0   0   0   0   0 
4.439435e-003
4   6   3   9  10   0   0   0   0   0 
6.488015e-013
4   1  11   0   0   0   0   0   0   0 
1.254771e-001
4   6   5   1  11   0   0   0   0   0 
2.948781e-013
5  1  0  0  0  0  0  0  0  0 
8.409885e-002
5  6  4  1  0  0  0  0  0  0 
2.941533e-013
5   2   8  11   1   0   0   0   0   0 
1.964231e-013
5  2  0  0  0  0  0  0  0  0 
1.089716e-001
5   1  11   8   2   0   0   0   0   0 
1.967028e-013
5  6  3  0  0  0  0  0  0  0 
3.173496e-002
5  1  4  6  3  0  0  0  0  0 
2.922805e-013
5  1  4  0  0  0  0  0  0  0 
1.570115e-002
5  6  4  0  0  0  0  0  0  0 
1.381006e-002
5  6  0  0  0  0  0  0  0  0 
7.424941e-002
5  1  4  6  0  0  0  0  0  0 
2.942188e-013
5  1  4  7  0  0  0  0  0  0 
8.152997e-002
5  6  4  7  0  0  0  0  0  0 
8.202155e-002
5  6  3  9  7  0  0  0  0  0 
5.850797e-013
5  2  8  0  0  0  0  0  0  0 
2.324914e-001
5   1  11   8   0   0   0   0   0   0 
5.891632e-013
5  6  3  9  0  0  0  0  0  0 
1.076635e-002
5  1  4  7  9  0  0  0  0  0 
5.354100e-013
5  6  4  7  9  0  0  0  0  0 
5.356389e-013
5   6   3  10   0   0   0   0   0   0 
3.084480e-002
5   6   3   9  10   0   0   0   0   0 
5.692142e-013
5   1  11   0   0   0   0   0   0   0 
3.001294e-001
5   2   8  11   0   0   0   0   0   0 
5.904298e-013
6  4  1  0  0  0  0  0  0  0 
7.596835e-003
6  5  1  0  0  0  0  0  0  0 
8.090675e-003
6  5  2  0  0  0  0  0  0  0 
4.021269e-002
6  4  1  5  2  0  0  0  0  0 
2.930275e-013
6  3  0  0  0  0  0  0  0  0 
5.941185e-002
6  4  7  9  3  0  0  0  0  0 
1.959360e-013
6   4   7   9  10   3   0   0   0   0 
1.473201e-013
6  4  0  0  0  0  0  0  0  0 
5.890494e-002
6  5  1  4  0  0  0  0  0  0 
2.933568e-013
6  3  9  7  4  0  0  0  0  0 
1.957809e-013
6  5  0  0  0  0  0  0  0  0 
6.277285e-002
6  4  1  5  0  0  0  0  0  0 
2.939676e-013
6  4  7  0  0  0  0  0  0  0 
4.051416e-002
6  3  9  7  0  0  0  0  0  0 
5.770599e-013
6  5  2  8  0  0  0  0  0  0 
1.036065e-001
6   4   1  11   8   0   0   0   0   0 
5.854591e-013
6   5   1  11   8   0   0   0   0   0 
5.854904e-013
6  3  9  0  0  0  0  0  0  0 
3.459915e-003
6   3  10   9   0   0   0   0   0   0 
1.007101e-012
6  4  7  9  0  0  0  0  0  0 
1.011541e-012
6   3  10   0   0   0   0   0   0   0 
1.723552e-002
6   3   9  10   0   0   0   0   0   0 
5.442496e-013
6   4   7   9  10   0   0   0   0   0 
2.826577e-013
6   4   1  11   0   0   0   0   0   0 
2.324375e-002
6   5   1  11   0   0   0   0   0   0 
2.670084e-002
6   5   2   8  11   0   0   0   0   0 
5.813123e-013
7  4  1  0  0  0  0  0  0  0 
9.867957e-002
7  4  6  5  1  0  0  0  0  0 
2.946252e-013
7  4  6  5  2  0  0  0  0  0 
5.092338e-002
7  4  1  5  2  0  0  0  0  0 
4.377426e-002
7  9  3  6  5  2  0  0  0  0 
5.807619e-013
7  9  3  0  0  0  0  0  0  0 
2.038864e-002
7  4  6  3  0  0  0  0  0  0 
5.667532e-013
7   9  10   3   0   0   0   0   0   0 
5.585808e-013
7  4  0  0  0  0  0  0  0  0 
1.029858e-001
7  9  3  6  4  0  0  0  0  0 
1.965519e-013
7   9  10   3   6   4   0   0   0   0 
1.476231e-013
7  4  6  5  0  0  0  0  0  0 
6.757693e-002
7  4  1  5  0  0  0  0  0  0 
5.535722e-002
7  9  3  6  5  0  0  0  0  0 
5.829634e-013
7  4  6  0  0  0  0  0  0  0 
3.058051e-002
7  9  3  6  0  0  0  0  0  0 
5.710530e-013
7   4   1  11   8   0   0   0   0   0 
3.799537e-001
7  4  6  5  2  8  0  0  0  0 
5.912255e-013
7  4  1  5  2  8  0  0  0  0 
5.909346e-013
7  9  0  0  0  0  0  0  0  0 
3.184309e-002
7  4  6  3  9  0  0  0  0  0 
1.947775e-013
7   4   6   3  10   9   0   0   0   0 
1.466608e-013
7   9  10   0   0   0   0   0   0   0 
1.443019e-001
7   9   3  10   0   0   0   0   0   0 
5.867591e-013
7   4   6   3  10   0   0   0   0   0 
2.950744e-013
7   4   1  11   0   0   0   0   0   0 
3.288928e-001
8  11   1   0   0   0   0   0   0   0 
7.446102e-002
8  2  5  1  0  0  0  0  0  0 
5.854174e-013
8  2  0  0  0  0  0  0  0  0 
3.769969e-002
8  11   1   5   2   0   0   0   0   0 
1.955515e-013
8  11   1   4   6   5   2   0   0   0 
1.176484e-013
8  2  5  6  3  0  0  0  0  0 
6.587688e-002
8  11   1   5   6   3   0   0   0   0 
5.828497e-013
8  11   1   4   6   3   0   0   0   0 
5.824446e-013
8  11   1   4   0   0   0   0   0   0 
3.910899e-002
8  2  5  1  4  0  0  0  0  0 
5.766799e-013
8  2  5  6  4  0  0  0  0  0 
5.769813e-013
8  2  5  0  0  0  0  0  0  0 
1.213925e-001
8  11   1   5   0   0   0   0   0   0 
5.881168e-013
8  2  5  6  0  0  0  0  0  0 
5.820991e-002
8  11   1   5   6   0   0   0   0   0 
5.814987e-013
8  11   1   4   6   0   0   0   0   0 
5.810497e-013
8  11   1   4   7   0   0   0   0   0 
3.089578e-001
8  2  5  1  4  7  0  0  0  0 
5.895183e-013
8  2  5  6  4  7  0  0  0  0 
5.895096e-013
8  11   1   4   7   9   0   0   0   0 
4.938003e-003
8  2  5  6  3  9  0  0  0  0 
5.201127e-003
8  11   1   5   6   3   9   0   0   0 
6.459904e-013
8   2   5   6   3  10   0   0   0   0 
1.077563e-001
8   2   5   6   3   9  10   0   0   0 
5.829742e-013
8  11   1   4   7   9  10   0   0   0 
5.846706e-013
8  11   0   0   0   0   0   0   0   0 
6.628902e-001
8   2   5   1  11   0   0   0   0   0 
1.970052e-013
9  7  4  1  0  0  0  0  0  0 
9.643650e-003
9  3  6  4  1  0  0  0  0  0 
5.118603e-013
9  3  6  5  1  0  0  0  0  0 
5.118115e-013
9  3  6  5  2  0  0  0  0  0 
1.702768e-002
9  10   3   6   5   2   0   0   0   0 
5.459335e-013
9  7  4  6  5  2  0  0  0  0 
5.490629e-013
9  3  0  0  0  0  0  0  0  0 
4.636002e-002
9  10   3   0   0   0   0   0   0   0 
5.836920e-013
9  7  4  6  3  0  0  0  0  0 
1.958955e-013
9  7  4  0  0  0  0  0  0  0 
3.531060e-003
9  3  6  4  0  0  0  0  0  0 
5.392131e-013
9  10   3   6   4   0   0   0   0   0 
1.962628e-013
9  3  6  5  0  0  0  0  0  0 
2.789692e-002
9  10   3   6   5   0   0   0   0   0 
5.723194e-013
9  7  4  6  5  0  0  0  0  0 
5.746659e-013
9  3  6  0  0  0  0  0  0  0 
8.915745e-003
9  10   3   6   0   0   0   0   0   0 
5.211808e-013
9  7  4  6  0  0  0  0  0  0 
5.264366e-013
9  7  0  0  0  0  0  0  0  0 
3.436981e-002
9  3  6  4  7  0  0  0  0  0 
1.949265e-013
9  10   3   6   4   7   0   0   0   0 
1.466548e-013
9   7   4   1  11   8   0   0   0   0 
1.515791e-002
9  3  6  5  2  8  0  0  0  0 
2.140987e-002
9  10   3   6   5   2   8   0   0   0 
5.804283e-013
9  10   0   0   0   0   0   0   0   0 
1.024224e-002
9   3  10   0   0   0   0   0   0   0 
5.580750e-013
9   7   4   1  11   0   0   0   0   0 
3.086092e-002
9   3   6   4   1  11   0   0   0   0 
5.691420e-013
9   3   6   5   1  11   0   0   0   0 
5.687357e-013
10   3   6   4   1   0   0   0   0   0 
1.807145e-002
10   9   7   4   1   0   0   0   0   0 
2.035667e-002
10   3   6   5   1   0   0   0   0   0 
1.994305e-002
10   3   6   5   2   0   0   0   0   0 
5.339358e-002
10   9   3   6   5   2   0   0   0   0 
5.796578e-013
10   3   0   0   0   0   0   0   0   0 
1.175986e-001
10   9   3   0   0   0   0   0   0   0 
5.856440e-013
10   3   6   4   0   0   0   0   0   0 
1.801968e-002
10   9   7   4   0   0   0   0   0   0 
2.038775e-002
10   3   9   7   4   0   0   0   0   0 
5.718074e-013
10   3   6   5   0   0   0   0   0   0 
4.543699e-002
10   9   3   6   5   0   0   0   0   0 
5.775883e-013
10   3   6   0   0   0   0   0   0   0 
2.672073e-002
10   9   3   6   0   0   0   0   0   0 
5.672576e-013
10   9   7   0   0   0   0   0   0   0 
1.409798e-001
10   3   9   7   0   0   0   0   0   0 
5.856440e-013
10   3   6   5   2   8   0   0   0   0 
1.442706e-001
10   9   3   6   5   2   8   0   0   0 
5.855129e-013
10   3   6   5   1  11   8   0   0   0 
5.870193e-013
10   9   0   0   0   0   0   0   0   0 
1.522117e-002
10   3   9   0   0   0   0   0   0   0 
5.568575e-013
10   3   6   4   1  11   0   0   0   0 
5.466987e-002
10   3   6   5   1  11   0   0   0   0 
5.830098e-002
10   9   7   4   1  11   0   0   0   0 
6.858933e-002
11   1   0   0   0   0   0   0   0   0 
4.928408e-001
11   8   2   5   1   0   0   0   0   0 
1.970572e-013
11   8   2   0   0   0   0   0   0   0 
5.438640e-002
11   1   5   2   0   0   0   0   0   0 
5.837606e-013
11   1   4   6   3   0   0   0   0   0 
3.481220e-002
11   1   5   6   3   0   0   0   0   0 
2.805173e-002
11   8   2   5   6   3   0   0   0   0 
5.834789e-013
11   1   4   0   0   0   0   0   0   0 
2.329665e-002
11   1   5   6   4   0   0   0   0   0 
2.913404e-013
11   1   5   0   0   0   0   0   0   0 
1.673272e-001
11   8   2   5   0   0   0   0   0   0 
5.881527e-013
11   1   4   6   5   0   0   0   0   0 
2.948379e-013
11   1   4   6   0   0   0   0   0   0 
2.872085e-002
11   1   5   6   0   0   0   0   0   0 
2.355626e-002
11   8   2   5   6   0   0   0   0   0 
5.827223e-013
11   1   4   7   0   0   0   0   0   0 
2.631914e-001
11   8   0   0   0   0   0   0   0   0 
3.012465e-001
11   1   5   2   8   0   0   0   0   0 
1.970294e-013
11   1   4   7   9   0   0   0   0   0 
7.793235e-003
11   1   4   6   3   9   0   0   0   0 
4.885110e-013
11   1   5   6   3   9   0   0   0   0 
4.916307e-013
11   1   4   7   9  10   0   0   0   0 
1.402748e-002
11   1   5   6   3  10   0   0   0   0 
1.155469e-002
11   1   4   6   3  10   0   0   0   0 
1.259064e-002
