1  5  2  0  0  0  0  0  0  0 
6.593967e-002
1  11   8   2   0   0   0   0   0   0 
1.299861e-014
1  4  6  5  2  0  0  0  0  0 
6.519305e-015
1  4  6  3  0  0  0  0  0  0 
1.829809e-002
1  5  6  3  0  0  0  0  0  0 
1.826604e-002
1  4  7  9  3  0  0  0  0  0 
1.280060e-014
1  4  0  0  0  0  0  0  0  0 
4.069884e-002
1  5  6  4  0  0  0  0  0  0 
6.507231e-015
1  5  0  0  0  0  0  0  0  0 
6.206641e-002
1  4  6  5  0  0  0  0  0  0 
6.520044e-015
1  11   8   2   5   0   0   0   0   0 
4.351908e-015
1  4  6  0  0  0  0  0  0  0 
1.513789e-002
1  5  6  0  0  0  0  0  0  0 
1.484137e-002
1  4  7  0  0  0  0  0  0  0 
6.451369e-002
1  5  6  4  7  0  0  0  0  0 
6.524813e-015
1  11   8   0   0   0   0   0   0   0 
2.168639e-001
1  5  2  8  0  0  0  0  0  0 
1.307086e-014
1  4  6  5  2  8  0  0  0  0 
4.364494e-015
1  4  7  9  0  0  0  0  0  0 
4.092210e-003
1  4  6  3  9  0  0  0  0  0 
1.055633e-014
1  5  6  3  9  0  0  0  0  0 
1.045780e-014
1   4   6   3  10   0   0   0   0   0 
2.645376e-002
1   5   6   3  10   0   0   0   0   0 
2.498663e-002
1   4   7   9  10   0   0   0   0   0 
3.991378e-002
1  11   0   0   0   0   0   0   0   0 
5.447115e-001
1   5   2   8  11   0   0   0   0   0 
4.367944e-015
2  5  1  0  0  0  0  0  0  0 
7.416880e-002
2   8  11   1   0   0   0   0   0   0 
1.302256e-014
2  5  6  4  1  0  0  0  0  0 
6.522637e-015
2  5  6  3  0  0  0  0  0  0 
2.748834e-001
2  5  1  4  6  3  0  0  0  0 
6.549290e-015
2  5  1  4  0  0  0  0  0  0 
7.939284e-002
2  5  6  4  0  0  0  0  0  0 
7.164702e-002
2   8  11   1   4   0   0   0   0   0 
1.303614e-014
2  5  0  0  0  0  0  0  0  0 
6.701543e-001
2   8  11   1   5   0   0   0   0   0 
4.372030e-015
2   8  11   1   4   6   5   0   0   0 
2.622353e-015
2  5  6  0  0  0  0  0  0  0 
2.242097e-001
2  5  1  4  6  0  0  0  0  0 
6.547653e-015
2  5  1  4  7  0  0  0  0  0 
3.803305e-001
2  5  6  4  7  0  0  0  0  0 
3.462632e-001
2   8  11   1   4   7   0   0   0   0 
1.311770e-014
2  8  0  0  0  0  0  0  0  0 
3.256936e-001
2   5   1  11   8   0   0   0   0   0 
4.362364e-015
2  5  6  3  9  0  0  0  0  0 
4.347928e-002
2   5   6   3  10   9   0   0   0   0 
1.290885e-014
2  5  1  4  7  9  0  0  0  0 
1.290239e-014
2   5   6   3  10   0   0   0   0   0 
4.912823e-001
2   5   6   3   9  10   0   0   0   0 
1.319642e-014
2   8  11   0   0   0   0   0   0   0 
3.133448e-001
2   5   1  11   0   0   0   0   0   0 
1.304391e-014
3  6  4  1  0  0  0  0  0  0 
8.123138e-003
3  6  5  1  0  0  0  0  0  0 
8.378662e-003
3  9  7  4  1  0  0  0  0  0 
1.248379e-014
3  6  5  2  0  0  0  0  0  0 
4.015843e-002
3  6  4  1  5  2  0  0  0  0 
6.507168e-015
3  6  4  0  0  0  0  0  0  0 
8.829975e-003
3  9  7  4  0  0  0  0  0  0 
1.239387e-014
3  6  5  0  0  0  0  0  0  0 
3.690531e-002
3  6  4  1  5  0  0  0  0  0 
6.502950e-015
3  6  0  0  0  0  0  0  0  0 
1.621273e-002
3  9  7  4  6  0  0  0  0  0 
4.315511e-015
3  10   9   7   4   6   0   0   0   0 
3.246173e-015
3  9  7  0  0  0  0  0  0  0 
1.690053e-002
3  10   9   7   0   0   0   0   0   0 
1.252722e-014
3  6  4  7  0  0  0  0  0  0 
1.252240e-014
3  6  5  2  8  0  0  0  0  0 
8.548746e-002
3   6   4   1  11   8   0   0   0   0 
1.301452e-014
3   6   5   1  11   8   0   0   0   0 
1.301221e-014
3  9  0  0  0  0  0  0  0  0 
6.905236e-002
3  10   9   0   0   0   0   0   0   0 
1.299558e-014
3  6  4  7  9  0  0  0  0  0 
4.355324e-015
3  10   0   0   0   0   0   0   0   0 
1.819344e-002
3   9  10   0   0   0   0   0   0   0 
1.271409e-014
3   6   4   1  11   0   0   0   0   0 
5.999370e-002
3   6   5   1  11   0   0   0   0   0 
6.287276e-002
3   9   7   4   1  11   0   0   0   0 
1.304251e-014
4  1  0  0  0  0  0  0  0  0 
1.587016e-002
4  6  5  1  0  0  0  0  0  0 
6.435586e-015
4  1  5  2  0  0  0  0  0  0 
1.532615e-002
4  6  5  2  0  0  0  0  0  0 
1.560058e-002
4   1  11   8   2   0   0   0   0   0 
1.270739e-014
4  6  3  0  0  0  0  0  0  0 
3.351399e-002
4  7  9  3  0  0  0  0  0  0 
1.292425e-014
4  1  5  6  3  0  0  0  0  0 
6.482518e-015
4  1  5  0  0  0  0  0  0  0 
1.872280e-002
4  6  5  0  0  0  0  0  0  0 
1.919046e-002
4  6  0  0  0  0  0  0  0  0 
1.536472e-002
4  1  5  6  0  0  0  0  0  0 
6.407362e-015
4  7  9  3  6  0  0  0  0  0 
4.310946e-015
4  7  0  0  0  0  0  0  0  0 
7.144852e-002
4  6  3  9  7  0  0  0  0  0 
4.367050e-015
4   6   3  10   9   7   0   0   0   0 
3.275913e-015
4   1  11   8   0   0   0   0   0   0 
1.893341e-001
4  1  5  2  8  0  0  0  0  0 
1.306426e-014
4  6  5  2  8  0  0  0  0  0 
1.306670e-014
4  7  9  0  0  0  0  0  0  0 
2.894760e-003
4  6  3  9  0  0  0  0  0  0 
9.209742e-015
4   6   3  10   9   0   0   0   0   0 
5.488158e-015
4   7   9  10   0   0   0   0   0   0 
4.514043e-003
4   6   3  10   0   0   0   0   0   0 
4.311087e-003
4   6   3   9  10   0   0   0   0   0 
1.228211e-014
4   1  11   0   0   0   0   0   0   0 
7.708188e-002
4   6   5   1  11   0   0   0   0   0 
6.530296e-015
5  1  0  0  0  0  0  0  0  0 
1.060229e-001
5  6  4  1  0  0  0  0  0  0 
6.533336e-015
5   2   8  11   1   0   0   0   0   0 
4.359383e-015
5  2  0  0  0  0  0  0  0  0 
1.368750e-001
5   1  11   8   2   0   0   0   0   0 
4.365608e-015
5  6  3  0  0  0  0  0  0  0 
2.482629e-002
5  1  4  6  3  0  0  0  0  0 
6.478608e-015
5  1  4  0  0  0  0  0  0  0 
2.238152e-002
5  6  4  0  0  0  0  0  0  0 
2.065351e-002
5  6  0  0  0  0  0  0  0  0 
5.358822e-002
5  1  4  6  0  0  0  0  0  0 
6.519784e-015
5  1  4  7  0  0  0  0  0  0 
8.736178e-002
5  6  4  7  0  0  0  0  0  0 
8.496490e-002
5  6  3  9  7  0  0  0  0  0 
1.310007e-014
5  2  8  0  0  0  0  0  0  0 
3.219409e-001
5   1  11   8   0   0   0   0   0   0 
1.308871e-014
5  6  3  9  0  0  0  0  0  0 
1.445316e-002
5  1  4  7  9  0  0  0  0  0 
1.241808e-014
5  6  4  7  9  0  0  0  0  0 
1.241560e-014
5   6   3  10   0   0   0   0   0   0 
4.904730e-002
5   6   3   9  10   0   0   0   0   0 
1.302302e-014
5   1  11   0   0   0   0   0   0   0 
2.418082e-001
5   2   8  11   0   0   0   0   0   0 
1.307330e-014
6  4  1  0  0  0  0  0  0  0 
1.530883e-002
6  5  1  0  0  0  0  0  0  0 
1.619509e-002
6  5  2  0  0  0  0  0  0  0 
4.382401e-002
6  4  1  5  2  0  0  0  0  0 
6.511188e-015
6  3  0  0  0  0  0  0  0  0 
5.189415e-002
6  4  7  9  3  0  0  0  0  0 
4.364137e-015
6   4   7   9  10   3   0   0   0   0 
3.273932e-015
6  4  0  0  0  0  0  0  0  0 
2.327052e-002
6  5  1  4  0  0  0  0  0  0 
6.460822e-015
6  3  9  7  4  0  0  0  0  0 
4.332543e-015
6  5  0  0  0  0  0  0  0  0 
5.021004e-002
6  4  1  5  0  0  0  0  0  0 
6.516817e-015
6  4  7  0  0  0  0  0  0  0 
2.955018e-002
6  3  9  7  0  0  0  0  0  0 
1.290383e-014
6  5  2  8  0  0  0  0  0  0 
1.056669e-001
6   4   1  11   8   0   0   0   0   0 
1.303509e-014
6   5   1  11   8   0   0   0   0   0 
1.303255e-014
6  3  9  0  0  0  0  0  0  0 
2.552175e-003
6   3  10   9   0   0   0   0   0   0 
8.396196e-015
6  4  7  9  0  0  0  0  0  0 
9.420028e-015
6   3  10   0   0   0   0   0   0   0 
1.790661e-002
6   3   9  10   0   0   0   0   0   0 
1.262648e-014
6   4   7   9  10   0   0   0   0   0 
6.415630e-015
6   4   1  11   0   0   0   0   0   0 
3.392973e-002
6   5   1  11   0   0   0   0   0   0 
3.714865e-002
6   5   2   8  11   0   0   0   0   0 
1.290788e-014
7  4  1  0  0  0  0  0  0  0 
8.686834e-002
7  4  6  5  1  0  0  0  0  0 
6.533156e-015
7  4  6  5  2  0  0  0  0  0 
7.312192e-001
7  4  1  5  2  0  0  0  0  0 
5.240932e-001
7  9  3  6  5  2  0  0  0  0 
1.325240e-014
7  9  3  0  0  0  0  0  0  0 
2.544856e-002
7  4  6  3  0  0  0  0  0  0 
1.268326e-014
7   9  10   3   0   0   0   0   0   0 
1.272512e-014
7  4  0  0  0  0  0  0  0  0 
1.056119e-001
7  9  3  6  4  0  0  0  0  0 
4.376511e-015
7   9  10   3   6   4   0   0   0   0 
3.280889e-015
7  4  6  5  0  0  0  0  0  0 
4.153647e-002
7  4  1  5  0  0  0  0  0  0 
3.978479e-002
7  9  3  6  5  0  0  0  0  0 
1.303533e-014
7  4  6  0  0  0  0  0  0  0 
1.863868e-002
7  9  3  6  0  0  0  0  0  0 
1.275276e-014
7   4   1  11   8   0   0   0   0   0 
2.492777e-001
7  4  6  5  2  8  0  0  0  0 
1.307754e-014
7  4  1  5  2  8  0  0  0  0 
1.307503e-014
7  9  0  0  0  0  0  0  0  0 
3.729325e-002
7  4  6  3  9  0  0  0  0  0 
4.345133e-015
7   4   6   3  10   9   0   0   0   0 
3.263382e-015
7   9  10   0   0   0   0   0   0   0 
9.954351e-002
7   9   3  10   0   0   0   0   0   0 
1.305680e-014
7   4   6   3  10   0   0   0   0   0 
6.513888e-015
7   4   1  11   0   0   0   0   0   0 
3.182074e-001
8  11   1   0   0   0   0   0   0   0 
7.067449e-002
8  2  5  1  0  0  0  0  0  0 
1.298829e-014
8  2  0  0  0  0  0  0  0  0 
3.241564e-002
8  11   1   5   2   0   0   0   0   0 
4.338636e-015
8  11   1   4   6   5   2   0   0   0 
2.609941e-015
8  2  5  6  3  0  0  0  0  0 
5.950303e-002
8  11   1   5   6   3   0   0   0   0 
1.297417e-014
8  11   1   4   6   3   0   0   0   0 
1.297840e-014
8  11   1   4   0   0   0   0   0   0 
2.519286e-002
8  2  5  1  4  0  0  0  0  0 
1.271367e-014
8  2  5  6  4  0  0  0  0  0 
1.270946e-014
8  2  5  0  0  0  0  0  0  0 
1.991695e-001
8  11   1   5   0   0   0   0   0   0 
1.308455e-014
8  2  5  6  0  0  0  0  0  0 
3.704365e-002
8  11   1   5   6   0   0   0   0   0 
1.287570e-014
8  11   1   4   6   0   0   0   0   0 
1.287949e-014
8  11   1   4   7   0   0   0   0   0 
2.580150e-001
8  2  5  1  4  7  0  0  0  0 
1.306531e-014
8  2  5  6  4  7  0  0  0  0 
1.306556e-014
8  11   1   4   7   9   0   0   0   0 
1.040495e-002
8  2  5  6  3  9  0  0  0  0 
1.000246e-002
8  11   1   5   6   3   9   0   0   0 
1.256059e-014
8   2   5   6   3  10   0   0   0   0 
1.133444e-001
8   2   5   6   3   9  10   0   0   0 
1.312178e-014
8  11   1   4   7   9  10   0   0   0 
1.312302e-014
8  11   0   0   0   0   0   0   0   0 
6.185340e-001
8   2   5   1  11   0   0   0   0   0 
4.365390e-015
9  7  4  1  0  0  0  0  0  0 
4.326049e-002
9  3  6  4  1  0  0  0  0  0 
1.294218e-014
9  3  6  5  1  0  0  0  0  0 
1.294048e-014
9  3  6  5  2  0  0  0  0  0 
4.717995e-003
9  10   3   6   5   2   0   0   0   0 
1.015847e-014
9  7  4  6  5  2  0  0  0  0 
1.039568e-014
9  3  0  0  0  0  0  0  0  0 
5.025472e-002
9  10   3   0   0   0   0   0   0   0 
1.294592e-014
9  7  4  6  3  0  0  0  0  0 
4.345177e-015
9  7  4  0  0  0  0  0  0  0 
1.009995e-002
9  3  6  4  0  0  0  0  0  0 
1.228624e-014
9  10   3   6   4   0   0   0   0   0 
6.254376e-015
9  3  6  5  0  0  0  0  0  0 
4.214691e-002
9  10   3   6   5   0   0   0   0   0 
1.289661e-014
9  7  4  6  5  0  0  0  0  0 
1.286700e-014
9  3  6  0  0  0  0  0  0  0 
3.497925e-003
9  10   3   6   0   0   0   0   0   0 
1.041701e-014
9  7  4  6  0  0  0  0  0  0 
1.077403e-014
9  7  0  0  0  0  0  0  0  0 
2.087340e-002
9  3  6  4  7  0  0  0  0  0 
4.327571e-015
9  10   3   6   4   7   0   0   0   0 
3.252926e-015
9   7   4   1  11   8   0   0   0   0 
8.489289e-003
9  3  6  5  2  8  0  0  0  0 
9.883596e-003
9  10   3   6   5   2   8   0   0   0 
1.253409e-014
9  10   0   0   0   0   0   0   0   0 
1.446643e-002
9   3  10   0   0   0   0   0   0   0 
1.261064e-014
9   7   4   1  11   0   0   0   0   0 
9.582885e-003
9   3   6   4   1  11   0   0   0   0 
1.186008e-014
9   3   6   5   1  11   0   0   0   0 
1.186568e-014
10   3   6   4   1   0   0   0   0   0 
1.469853e-002
10   9   7   4   1   0   0   0   0   0 
1.546952e-002
10   3   6   5   1   0   0   0   0   0 
1.570202e-002
10   3   6   5   2   0   0   0   0   0 
3.573501e-002
10   9   3   6   5   2   0   0   0   0 
1.296041e-014
10   3   0   0   0   0   0   0   0   0 
8.020843e-002
10   9   3   0   0   0   0   0   0   0 
1.309743e-014
10   3   6   4   0   0   0   0   0   0 
4.874168e-003
10   9   7   4   0   0   0   0   0   0 
5.009857e-003
10   3   9   7   4   0   0   0   0   0 
1.233456e-014
10   3   6   5   0   0   0   0   0   0 
4.257880e-002
10   9   3   6   5   0   0   0   0   0 
1.299960e-014
10   3   6   0   0   0   0   0   0   0 
2.485849e-002
10   9   3   6   0   0   0   0   0   0 
1.285085e-014
10   9   7   0   0   0   0   0   0   0 
1.247232e-001
10   3   9   7   0   0   0   0   0   0 
1.307192e-014
10   3   6   5   2   8   0   0   0   0 
1.211875e-001
10   9   3   6   5   2   8   0   0   0 
1.313091e-014
10   3   6   5   1  11   8   0   0   0 
1.304281e-014
10   9   0   0   0   0   0   0   0   0 
1.180072e-002
10   3   9   0   0   0   0   0   0   0 
1.251134e-014
10   3   6   4   1  11   0   0   0   0 
4.288830e-002
10   3   6   5   1  11   0   0   0   0 
4.541903e-002
10   9   7   4   1  11   0   0   0   0 
5.412248e-002
11   1   0   0   0   0   0   0   0   0 
4.972560e-001
11   8   2   5   1   0   0   0   0   0 
4.366559e-015
11   8   2   0   0   0   0   0   0   0 
4.868400e-002
11   1   5   2   0   0   0   0   0   0 
1.292812e-014
11   1   4   6   3   0   0   0   0   0 
2.893313e-002
11   1   5   6   3   0   0   0   0   0 
2.747632e-002
11   8   2   5   6   3   0   0   0   0 
1.285290e-014
11   1   4   0   0   0   0   0   0   0 
2.919607e-002
11   1   5   6   4   0   0   0   0   0 
6.488818e-015
11   1   5   0   0   0   0   0   0   0 
1.003704e-001
11   8   2   5   0   0   0   0   0   0 
1.301528e-014
11   1   4   6   5   0   0   0   0   0 
6.531753e-015
11   1   4   6   0   0   0   0   0   0 
4.373385e-002
11   1   5   6   0   0   0   0   0   0 
4.110809e-002
11   8   2   5   6   0   0   0   0   0 
1.292725e-014
11   1   4   7   0   0   0   0   0   0 
2.673026e-001
11   8   0   0   0   0   0   0   0   0 
3.386433e-001
11   1   5   2   8   0   0   0   0   0 
4.365457e-015
11   1   4   7   9   0   0   0   0   0 
8.360250e-003
11   1   4   6   3   9   0   0   0   0 
1.193983e-014
11   1   5   6   3   9   0   0   0   0 
1.194372e-014
11   1   4   7   9  10   0   0   0   0 
3.748919e-002
11   1   5   6   3  10   0   0   0   0 
2.410835e-002
11   1   4   6   3  10   0   0   0   0 
2.545878e-002
