1  5  2  0  0  0  0  0  0  0 
5.787285e-002
1  11   8   2   0   0   0   0   0   0 
1.631563e-014
1  4  6  5  2  0  0  0  0  0 
8.207557e-015
1  4  6  3  0  0  0  0  0  0 
2.014336e-002
1  5  6  3  0  0  0  0  0  0 
1.876267e-002
1  4  7  9  3  0  0  0  0  0 
1.608466e-014
1  4  0  0  0  0  0  0  0  0 
3.513820e-002
1  5  6  4  0  0  0  0  0  0 
8.185731e-015
1  5  0  0  0  0  0  0  0  0 
8.469493e-002
1  4  6  5  0  0  0  0  0  0 
8.229311e-015
1  11   8   2   5   0   0   0   0   0 
5.488818e-015
1  4  6  0  0  0  0  0  0  0 
1.439198e-002
1  5  6  0  0  0  0  0  0  0 
1.341616e-002
1  4  7  0  0  0  0  0  0  0 
6.848670e-002
1  5  6  4  7  0  0  0  0  0 
8.224084e-015
1  11   8   0   0   0   0   0   0   0 
1.971306e-001
1  5  2  8  0  0  0  0  0  0 
1.649517e-014
1  4  6  5  2  8  0  0  0  0 
5.505821e-015
1  4  7  9  0  0  0  0  0  0 
4.404300e-003
1  4  6  3  9  0  0  0  0  0 
1.305747e-014
1  5  6  3  9  0  0  0  0  0 
1.324803e-014
1   4   6   3  10   0   0   0   0   0 
1.550993e-002
1   5   6   3  10   0   0   0   0   0 
1.426657e-002
1   4   7   9  10   0   0   0   0   0 
1.937673e-002
1  11   0   0   0   0   0   0   0   0 
6.010300e-001
1   5   2   8  11   0   0   0   0   0 
5.508591e-015
2  5  1  0  0  0  0  0  0  0 
6.389488e-002
2   8  11   1   0   0   0   0   0   0 
1.634402e-014
2  5  6  4  1  0  0  0  0  0 
8.208935e-015
2  5  6  3  0  0  0  0  0  0 
2.723753e-001
2  5  1  4  6  3  0  0  0  0 
8.260319e-015
2  5  1  4  0  0  0  0  0  0 
6.120131e-002
2  5  6  4  0  0  0  0  0  0 
5.376084e-002
2   8  11   1   4   0   0   0   0   0 
1.635091e-014
2  5  0  0  0  0  0  0  0  0 
5.731695e-001
2   8  11   1   5   0   0   0   0   0 
5.508430e-015
2   8  11   1   4   6   5   0   0   0 
3.305364e-015
2  5  6  0  0  0  0  0  0  0 
1.894387e-001
2  5  1  4  6  0  0  0  0  0 
8.255568e-015
2  5  1  4  7  0  0  0  0  0 
4.079524e-001
2  5  6  4  7  0  0  0  0  0 
4.028206e-001
2   8  11   1   4   7   0   0   0   0 
1.650568e-014
2  8  0  0  0  0  0  0  0  0 
3.971049e-001
2   5   1  11   8   0   0   0   0   0 
5.499572e-015
2  5  6  3  9  0  0  0  0  0 
4.462032e-002
2   5   6   3  10   9   0   0   0   0 
1.623612e-014
2  5  1  4  7  9  0  0  0  0 
1.622433e-014
2   5   6   3  10   0   0   0   0   0 
3.731443e-001
2   5   6   3   9  10   0   0   0   0 
1.661631e-014
2   8  11   0   0   0   0   0   0   0 
4.024608e-001
2   5   1  11   0   0   0   0   0   0 
1.645894e-014
3  6  4  1  0  0  0  0  0  0 
6.486507e-003
3  6  5  1  0  0  0  0  0  0 
6.414273e-003
3  9  7  4  1  0  0  0  0  0 
1.569552e-014
3  6  5  2  0  0  0  0  0  0 
7.868967e-002
3  6  4  1  5  2  0  0  0  0 
8.228902e-015
3  6  4  0  0  0  0  0  0  0 
9.040200e-003
3  9  7  4  0  0  0  0  0  0 
1.558105e-014
3  6  5  0  0  0  0  0  0  0 
6.206112e-002
3  6  4  1  5  0  0  0  0  0 
8.219392e-015
3  6  0  0  0  0  0  0  0  0 
3.153078e-002
3  9  7  4  6  0  0  0  0  0 
5.476224e-015
3  10   9   7   4   6   0   0   0   0 
4.112760e-015
3  9  7  0  0  0  0  0  0  0 
4.025919e-002
3  10   9   7   0   0   0   0   0   0 
1.620168e-014
3  6  4  7  0  0  0  0  0  0 
1.614821e-014
3  6  5  2  8  0  0  0  0  0 
1.028072e-001
3   6   4   1  11   8   0   0   0   0 
1.638846e-014
3   6   5   1  11   8   0   0   0   0 
1.638958e-014
3  9  0  0  0  0  0  0  0  0 
7.033308e-002
3  10   9   0   0   0   0   0   0   0 
1.636042e-014
3  6  4  7  9  0  0  0  0  0 
5.486021e-015
3  10   0   0   0   0   0   0   0   0 
3.074011e-002
3   9  10   0   0   0   0   0   0   0 
1.622160e-014
3   6   4   1  11   0   0   0   0   0 
9.007086e-002
3   6   5   1  11   0   0   0   0   0 
9.951141e-002
3   9   7   4   1  11   0   0   0   0 
1.648442e-014
4  1  0  0  0  0  0  0  0  0 
8.332650e-002
4  6  5  1  0  0  0  0  0  0 
8.236658e-015
4  1  5  2  0  0  0  0  0  0 
9.113247e-003
4  6  5  2  0  0  0  0  0  0 
9.438318e-003
4   1  11   8   2   0   0   0   0   0 
1.582969e-014
4  6  3  0  0  0  0  0  0  0 
2.685103e-002
4  7  9  3  0  0  0  0  0  0 
1.608661e-014
4  1  5  6  3  0  0  0  0  0 
8.124537e-015
4  1  5  0  0  0  0  0  0  0 
1.374722e-002
4  6  5  0  0  0  0  0  0  0 
1.420636e-002
4  6  0  0  0  0  0  0  0  0 
1.920151e-002
4  1  5  6  0  0  0  0  0  0 
8.093341e-015
4  7  9  3  6  0  0  0  0  0 
5.436508e-015
4  7  0  0  0  0  0  0  0  0 
1.089015e-001
4  6  3  9  7  0  0  0  0  0 
5.511171e-015
4   6   3  10   9   7   0   0   0   0 
4.132691e-015
4   1  11   8   0   0   0   0   0   0 
1.815268e-001
4  1  5  2  8  0  0  0  0  0 
1.648823e-014
4  6  5  2  8  0  0  0  0  0 
1.651147e-014
4  7  9  0  0  0  0  0  0  0 
5.556705e-003
4  6  3  9  0  0  0  0  0  0 
1.497549e-014
4   6   3  10   9   0   0   0   0   0 
7.492846e-015
4   7   9  10   0   0   0   0   0   0 
4.664048e-003
4   6   3  10   0   0   0   0   0   0 
4.448377e-003
4   6   3   9  10   0   0   0   0   0 
1.566231e-014
4   1  11   0   0   0   0   0   0   0 
9.019998e-002
4   6   5   1  11   0   0   0   0   0 
8.239276e-015
5  1  0  0  0  0  0  0  0  0 
8.641069e-002
5  6  4  1  0  0  0  0  0  0 
8.224955e-015
5   2   8  11   1   0   0   0   0   0 
5.490611e-015
5  2  0  0  0  0  0  0  0  0 
1.347618e-001
5   1  11   8   2   0   0   0   0   0 
5.499634e-015
5  6  3  0  0  0  0  0  0  0 
3.289506e-002
5  1  4  6  3  0  0  0  0  0 
8.184746e-015
5  1  4  0  0  0  0  0  0  0 
2.156585e-002
5  6  4  0  0  0  0  0  0  0 
1.888693e-002
5  6  0  0  0  0  0  0  0  0 
9.026092e-002
5  1  4  6  0  0  0  0  0  0 
8.238782e-015
5  1  4  7  0  0  0  0  0  0 
8.028956e-002
5  6  4  7  0  0  0  0  0  0 
8.098535e-002
5  6  3  9  7  0  0  0  0  0 
1.648380e-014
5  2  8  0  0  0  0  0  0  0 
2.565692e-001
5   1  11   8   0   0   0   0   0   0 
1.646213e-014
5  6  3  9  0  0  0  0  0  0 
1.719433e-002
5  1  4  7  9  0  0  0  0  0 
1.569932e-014
5  6  4  7  9  0  0  0  0  0 
1.569922e-014
5   6   3  10   0   0   0   0   0   0 
2.439853e-002
5   6   3   9  10   0   0   0   0   0 
1.610931e-014
5   1  11   0   0   0   0   0   0   0 
2.562745e-001
5   2   8  11   0   0   0   0   0   0 
1.648958e-014
6  4  1  0  0  0  0  0  0  0 
1.088081e-002
6  5  1  0  0  0  0  0  0  0 
1.181692e-002
6  5  2  0  0  0  0  0  0  0 
5.084589e-002
6  4  1  5  2  0  0  0  0  0 
8.209526e-015
6  3  0  0  0  0  0  0  0  0 
7.800387e-002
6  4  7  9  3  0  0  0  0  0 
5.502415e-015
6   4   7   9  10   3   0   0   0   0 
4.129281e-015
6  4  0  0  0  0  0  0  0  0 
1.004994e-002
6  5  1  4  0  0  0  0  0  0 
7.929356e-015
6  3  9  7  4  0  0  0  0  0 
5.343403e-015
6  5  0  0  0  0  0  0  0  0 
4.835644e-002
6  4  1  5  0  0  0  0  0  0 
8.206727e-015
6  4  7  0  0  0  0  0  0  0 
6.600693e-002
6  3  9  7  0  0  0  0  0  0 
1.644024e-014
6  5  2  8  0  0  0  0  0  0 
1.155935e-001
6   4   1  11   8   0   0   0   0   0 
1.640194e-014
6   5   1  11   8   0   0   0   0   0 
1.640299e-014
6  3  9  0  0  0  0  0  0  0 
4.158090e-003
6   3  10   9   0   0   0   0   0   0 
1.308832e-014
6  4  7  9  0  0  0  0  0  0 
1.314619e-014
6   3  10   0   0   0   0   0   0   0 
1.932334e-002
6   3   9  10   0   0   0   0   0   0 
1.584766e-014
6   4   7   9  10   0   0   0   0   0 
8.072945e-015
6   4   1  11   0   0   0   0   0   0 
5.567836e-002
6   5   1  11   0   0   0   0   0   0 
6.148659e-002
6   5   2   8  11   0   0   0   0   0 
1.635546e-014
7  4  1  0  0  0  0  0  0  0 
9.558553e-002
7  4  6  5  1  0  0  0  0  0 
8.241068e-015
7  4  6  5  2  0  0  0  0  0 
6.394031e-002
7  4  1  5  2  0  0  0  0  0 
5.284688e-002
7  9  3  6  5  2  0  0  0  0 
1.642923e-014
7  9  3  0  0  0  0  0  0  0 
6.015583e-002
7  4  6  3  0  0  0  0  0  0 
1.625523e-014
7   9  10   3   0   0   0   0   0   0 
1.632692e-014
7  4  0  0  0  0  0  0  0  0 
5.441151e-001
7  9  3  6  4  0  0  0  0  0 
5.520613e-015
7   9  10   3   6   4   0   0   0   0 
4.139636e-015
7  4  6  5  0  0  0  0  0  0 
5.110945e-002
7  4  1  5  0  0  0  0  0  0 
4.393654e-002
7  9  3  6  5  0  0  0  0  0 
1.638716e-014
7  4  6  0  0  0  0  0  0  0 
3.508662e-002
7  9  3  6  0  0  0  0  0  0 
1.627060e-014
7   4   1  11   8   0   0   0   0   0 
4.005402e-001
7  4  6  5  2  8  0  0  0  0 
1.655095e-014
7  4  1  5  2  8  0  0  0  0 
1.652623e-014
7  9  0  0  0  0  0  0  0  0 
2.773171e-002
7  4  6  3  9  0  0  0  0  0 
5.462368e-015
7   4   6   3  10   9   0   0   0   0 
4.104643e-015
7   9  10   0   0   0   0   0   0   0 
1.280345e-001
7   9   3  10   0   0   0   0   0   0 
1.644939e-014
7   4   6   3  10   0   0   0   0   0 
8.222293e-015
7   4   1  11   0   0   0   0   0   0 
3.242160e-001
8  11   1   0   0   0   0   0   0   0 
7.558519e-002
8  2  5  1  0  0  0  0  0  0 
1.639224e-014
8  2  0  0  0  0  0  0  0  0 
2.597202e-002
8  11   1   5   2   0   0   0   0   0 
5.454124e-015
8  11   1   4   6   5   2   0   0   0 
3.284628e-015
8  2  5  6  3  0  0  0  0  0 
7.085877e-002
8  11   1   5   6   3   0   0   0   0 
1.634192e-014
8  11   1   4   6   3   0   0   0   0 
1.635822e-014
8  11   1   4   0   0   0   0   0   0 
6.366504e-002
8  2  5  1  4  0  0  0  0  0 
1.633811e-014
8  2  5  6  4  0  0  0  0  0 
1.633703e-014
8  2  5  0  0  0  0  0  0  0 
1.158894e-001
8  11   1   5   0   0   0   0   0   0 
1.642287e-014
8  2  5  6  0  0  0  0  0  0 
6.352036e-002
8  11   1   5   6   0   0   0   0   0 
1.631985e-014
8  11   1   4   6   0   0   0   0   0 
1.633552e-014
8  11   1   4   7   0   0   0   0   0 
3.179393e-001
8  2  5  1  4  7  0  0  0  0 
1.650363e-014
8  2  5  6  4  7  0  0  0  0 
1.650450e-014
8  11   1   4   7   9   0   0   0   0 
5.528764e-003
8  2  5  6  3  9  0  0  0  0 
5.687666e-003
8  11   1   5   6   3   9   0   0   0 
1.575088e-014
8   2   5   6   3  10   0   0   0   0 
1.155729e-001
8   2   5   6   3   9  10   0   0   0 
1.651977e-014
8  11   1   4   7   9  10   0   0   0 
1.647950e-014
8  11   0   0   0   0   0   0   0   0 
8.630755e-001
8   2   5   1  11   0   0   0   0   0 
5.505301e-015
9  7  4  1  0  0  0  0  0  0 
1.144312e-002
9  3  6  4  1  0  0  0  0  0 
1.501140e-014
9  3  6  5  1  0  0  0  0  0 
1.502796e-014
9  3  6  5  2  0  0  0  0  0 
9.759210e-003
9  10   3   6   5   2   0   0   0   0 
1.489043e-014
9  7  4  6  5  2  0  0  0  0 
1.500481e-014
9  3  0  0  0  0  0  0  0  0 
7.206244e-002
9  10   3   0   0   0   0   0   0   0 
1.637773e-014
9  7  4  6  3  0  0  0  0  0 
5.487559e-015
9  7  4  0  0  0  0  0  0  0 
1.272820e-002
9  3  6  4  0  0  0  0  0  0 
1.557880e-014
9  10   3   6   4   0   0   0   0   0 
7.925975e-015
9  3  6  5  0  0  0  0  0  0 
4.356769e-002
9  10   3   6   5   0   0   0   0   0 
1.623489e-014
9  7  4  6  5  0  0  0  0  0 
1.622149e-014
9  3  6  0  0  0  0  0  0  0 
3.647100e-003
9  10   3   6   0   0   0   0   0   0 
1.316096e-014
9  7  4  6  0  0  0  0  0  0 
1.323708e-014
9  7  0  0  0  0  0  0  0  0 
4.499950e-002
9  3  6  4  7  0  0  0  0  0 
5.481016e-015
9  10   3   6   4   7   0   0   0   0 
4.116820e-015
9   7   4   1  11   8   0   0   0   0 
2.444365e-002
9  3  6  5  2  8  0  0  0  0 
3.069061e-002
9  10   3   6   5   2   8   0   0   0 
1.619593e-014
9  10   0   0   0   0   0   0   0   0 
1.733946e-002
9   3  10   0   0   0   0   0   0   0 
1.593522e-014
9   7   4   1  11   0   0   0   0   0 
2.473912e-002
9   3   6   4   1  11   0   0   0   0 
1.595922e-014
9   3   6   5   1  11   0   0   0   0 
1.595665e-014
10   3   6   4   1   0   0   0   0   0 
1.870785e-002
10   9   7   4   1   0   0   0   0   0 
2.135617e-002
10   3   6   5   1   0   0   0   0   0 
2.080969e-002
10   3   6   5   2   0   0   0   0   0 
3.712894e-002
10   9   3   6   5   2   0   0   0   0 
1.628173e-014
10   3   0   0   0   0   0   0   0   0 
8.604765e-002
10   9   3   0   0   0   0   0   0   0 
1.646732e-014
10   3   6   4   0   0   0   0   0   0 
1.238235e-002
10   9   7   4   0   0   0   0   0   0 
1.356816e-002
10   3   9   7   4   0   0   0   0   0 
1.590273e-014
10   3   6   5   0   0   0   0   0   0 
6.672118e-002
10   9   3   6   5   0   0   0   0   0 
1.642587e-014
10   3   6   0   0   0   0   0   0   0 
2.651881e-002
10   9   3   6   0   0   0   0   0   0 
1.614935e-014
10   9   7   0   0   0   0   0   0   0 
1.642556e-001
10   3   9   7   0   0   0   0   0   0 
1.649418e-014
10   3   6   5   2   8   0   0   0   0 
1.479823e-001
10   9   3   6   5   2   8   0   0   0 
1.652263e-014
10   3   6   5   1  11   8   0   0   0 
1.642621e-014
10   9   0   0   0   0   0   0   0   0 
1.837398e-002
10   3   9   0   0   0   0   0   0   0 
1.594603e-014
10   3   6   4   1  11   0   0   0   0 
5.566876e-002
10   3   6   5   1  11   0   0   0   0 
5.903003e-002
10   9   7   4   1  11   0   0   0   0 
7.147652e-002
11   1   0   0   0   0   0   0   0   0 
4.242534e-001
11   8   2   5   1   0   0   0   0   0 
5.506113e-015
11   8   2   0   0   0   0   0   0   0 
2.226904e-002
11   1   5   2   0   0   0   0   0   0 
1.602754e-014
11   1   4   6   3   0   0   0   0   0 
4.785338e-002
11   1   5   6   3   0   0   0   0   0 
3.827401e-002
11   8   2   5   6   3   0   0   0   0 
1.628091e-014
11   1   4   0   0   0   0   0   0   0 
2.773366e-002
11   1   5   6   4   0   0   0   0   0 
8.164969e-015
11   1   5   0   0   0   0   0   0   0 
2.255138e-001
11   8   2   5   0   0   0   0   0   0 
1.646838e-014
11   1   4   6   5   0   0   0   0   0 
8.251012e-015
11   1   4   6   0   0   0   0   0   0 
2.960627e-002
11   1   5   6   0   0   0   0   0   0 
2.470005e-002
11   8   2   5   6   0   0   0   0   0 
1.616485e-014
11   1   4   7   0   0   0   0   0   0 
3.004849e-001
11   8   0   0   0   0   0   0   0   0 
3.313444e-001
11   1   5   2   8   0   0   0   0   0 
5.504527e-015
11   1   4   7   9   0   0   0   0   0 
1.148725e-002
11   1   4   6   3   9   0   0   0   0 
1.507058e-014
11   1   5   6   3   9   0   0   0   0 
1.511570e-014
11   1   4   7   9  10   0   0   0   0 
1.920460e-002
11   1   5   6   3  10   0   0   0   0 
1.416419e-002
11   1   4   6   3  10   0   0   0   0 
1.538802e-002
