1  5  2  0  0  0  0  0  0  0 
1.434102e-001
1  11   8   2   0   0   0   0   0   0 
4.590300e-013
1  4  6  5  2  0  0  0  0  0 
2.298226e-013
1  4  6  3  0  0  0  0  0  0 
1.837479e-002
1  5  6  3  0  0  0  0  0  0 
1.571013e-002
1  4  7  9  3  0  0  0  0  0 
4.562792e-013
1  4  0  0  0  0  0  0  0  0 
1.594222e-002
1  5  6  4  0  0  0  0  0  0 
2.265516e-013
1  5  0  0  0  0  0  0  0  0 
5.502358e-002
1  4  6  5  0  0  0  0  0  0 
2.289375e-013
1  11   8   2   5   0   0   0   0   0 
1.529713e-013
1  4  6  0  0  0  0  0  0  0 
1.407266e-002
1  5  6  0  0  0  0  0  0  0 
1.292287e-002
1  4  7  0  0  0  0  0  0  0 
7.795954e-002
1  5  6  4  7  0  0  0  0  0 
2.296537e-013
1  11   8   0   0   0   0   0   0   0 
1.809191e-001
1  5  2  8  0  0  0  0  0  0 
4.597481e-013
1  4  6  5  2  8  0  0  0  0 
1.534805e-013
1  4  7  9  0  0  0  0  0  0 
6.220770e-003
1  4  6  3  9  0  0  0  0  0 
4.661771e-013
1  5  6  3  9  0  0  0  0  0 
4.726019e-013
1   4   6   3  10   0   0   0   0   0 
2.502093e-002
1   5   6   3  10   0   0   0   0   0 
2.246497e-002
1   4   7   9  10   0   0   0   0   0 
2.933260e-002
1  11   0   0   0   0   0   0   0   0 
5.510401e-001
1   5   2   8  11   0   0   0   0   0 
1.536685e-013
2  5  1  0  0  0  0  0  0  0 
1.455713e-001
2   8  11   1   0   0   0   0   0   0 
4.591996e-013
2  5  6  4  1  0  0  0  0  0 
2.299265e-013
2  5  6  3  0  0  0  0  0  0 
3.017992e-001
2  5  1  4  6  3  0  0  0  0 
2.302329e-013
2  5  1  4  0  0  0  0  0  0 
6.829227e-002
2  5  6  4  0  0  0  0  0  0 
6.993358e-002
2   8  11   1   4   0   0   0   0   0 
4.582251e-013
2  5  0  0  0  0  0  0  0  0 
5.450705e-001
2   8  11   1   5   0   0   0   0   0 
1.536638e-013
2   8  11   1   4   6   5   0   0   0 
9.218642e-014
2  5  6  0  0  0  0  0  0  0 
2.060413e-001
2  5  1  4  6  0  0  0  0  0 
2.301215e-013
2  5  1  4  7  0  0  0  0  0 
3.246725e-001
2  5  6  4  7  0  0  0  0  0 
3.545507e-001
2   8  11   1   4   7   0   0   0   0 
4.605718e-013
2  8  0  0  0  0  0  0  0  0 
3.721189e-001
2   5   1  11   8   0   0   0   0   0 
1.535117e-013
2  5  6  3  9  0  0  0  0  0 
4.080586e-002
2   5   6   3  10   9   0   0   0   0 
4.552844e-013
2  5  1  4  7  9  0  0  0  0 
4.567707e-013
2   5   6   3  10   0   0   0   0   0 
3.322863e-001
2   5   6   3   9  10   0   0   0   0 
4.551755e-013
2   8  11   0   0   0   0   0   0   0 
3.937676e-001
2   5   1  11   0   0   0   0   0   0 
4.598052e-013
3  6  4  1  0  0  0  0  0  0 
1.739904e-002
3  6  5  1  0  0  0  0  0  0 
1.717212e-002
3  9  7  4  1  0  0  0  0  0 
4.493200e-013
3  6  5  2  0  0  0  0  0  0 
9.031708e-002
3  6  4  1  5  2  0  0  0  0 
2.297645e-013
3  6  4  0  0  0  0  0  0  0 
1.572046e-002
3  9  7  4  0  0  0  0  0  0 
4.387434e-013
3  6  5  0  0  0  0  0  0  0 
5.898702e-002
3  6  4  1  5  0  0  0  0  0 
2.293686e-013
3  6  0  0  0  0  0  0  0  0 
5.493313e-002
3  9  7  4  6  0  0  0  0  0 
1.525521e-013
3  10   9   7   4   6   0   0   0   0 
1.148990e-013
3  9  7  0  0  0  0  0  0  0 
4.742821e-002
3  10   9   7   0   0   0   0   0   0 
4.571867e-013
3  6  4  7  0  0  0  0  0  0 
4.607334e-013
3  6  5  2  8  0  0  0  0  0 
1.320725e-001
3   6   4   1  11   8   0   0   0   0 
4.582335e-013
3   6   5   1  11   8   0   0   0   0 
4.582709e-013
3  9  0  0  0  0  0  0  0  0 
4.234875e-002
3  10   9   0   0   0   0   0   0   0 
4.588670e-013
3  6  4  7  9  0  0  0  0  0 
1.530135e-013
3  10   0   0   0   0   0   0   0   0 
3.795936e-002
3   9  10   0   0   0   0   0   0   0 
4.430580e-013
3   6   4   1  11   0   0   0   0   0 
8.943196e-002
3   6   5   1  11   0   0   0   0   0 
8.814173e-002
3   9   7   4   1  11   0   0   0   0 
4.541809e-013
4  1  0  0  0  0  0  0  0  0 
3.551934e-002
4  6  5  1  0  0  0  0  0  0 
2.284285e-013
4  1  5  2  0  0  0  0  0  0 
1.633462e-002
4  6  5  2  0  0  0  0  0  0 
1.746106e-002
4   1  11   8   2   0   0   0   0   0 
4.631927e-013
4  6  3  0  0  0  0  0  0  0 
3.195484e-002
4  7  9  3  0  0  0  0  0  0 
4.471715e-013
4  1  5  6  3  0  0  0  0  0 
2.265247e-013
4  1  5  0  0  0  0  0  0  0 
1.773666e-002
4  6  5  0  0  0  0  0  0  0 
1.977867e-002
4  6  0  0  0  0  0  0  0  0 
1.997788e-002
4  1  5  6  0  0  0  0  0  0 
2.259279e-013
4  7  9  3  6  0  0  0  0  0 
1.508595e-013
4  7  0  0  0  0  0  0  0  0 
4.796508e-002
4  6  3  9  7  0  0  0  0  0 
1.524573e-013
4   6   3  10   9   7   0   0   0   0 
1.148409e-013
4   1  11   8   0   0   0   0   0   0 
1.982474e-001
4  1  5  2  8  0  0  0  0  0 
4.596910e-013
4  6  5  2  8  0  0  0  0  0 
4.593859e-013
4  7  9  0  0  0  0  0  0  0 
8.298450e-003
4  6  3  9  0  0  0  0  0  0 
4.455042e-013
4   6   3  10   9   0   0   0   0   0 
2.087751e-013
4   7   9  10   0   0   0   0   0   0 
5.869529e-003
4   6   3  10   0   0   0   0   0   0 
5.601241e-003
4   6   3   9  10   0   0   0   0   0 
5.260766e-013
4   1  11   0   0   0   0   0   0   0 
1.226212e-001
4   6   5   1  11   0   0   0   0   0 
2.298885e-013
5  1  0  0  0  0  0  0  0  0 
1.011374e-001
5  6  4  1  0  0  0  0  0  0 
2.297692e-013
5   2   8  11   1   0   0   0   0   0 
1.533278e-013
5  2  0  0  0  0  0  0  0  0 
1.705413e-001
5   1  11   8   2   0   0   0   0   0 
1.535145e-013
5  6  3  0  0  0  0  0  0  0 
5.153545e-002
5  1  4  6  3  0  0  0  0  0 
2.290650e-013
5  1  4  0  0  0  0  0  0  0 
2.415819e-002
5  6  4  0  0  0  0  0  0  0 
2.486434e-002
5  6  0  0  0  0  0  0  0  0 
6.151237e-002
5  1  4  6  0  0  0  0  0  0 
2.292903e-013
5  1  4  7  0  0  0  0  0  0 
1.141058e-001
5  6  4  7  0  0  0  0  0  0 
1.162252e-001
5  6  3  9  7  0  0  0  0  0 
4.555507e-013
5  2  8  0  0  0  0  0  0  0 
2.594771e-001
5   1  11   8   0   0   0   0   0   0 
4.597098e-013
5  6  3  9  0  0  0  0  0  0 
1.378564e-002
5  1  4  7  9  0  0  0  0  0 
4.360835e-013
5  6  4  7  9  0  0  0  0  0 
4.359529e-013
5   6   3  10   0   0   0   0   0   0 
3.651292e-002
5   6   3   9  10   0   0   0   0   0 
4.426028e-013
5   1  11   0   0   0   0   0   0   0 
2.058373e-001
5   2   8  11   0   0   0   0   0   0 
4.600254e-013
6  4  1  0  0  0  0  0  0  0 
1.323765e-002
6  5  1  0  0  0  0  0  0  0 
1.299700e-002
6  5  2  0  0  0  0  0  0  0 
6.329130e-002
6  4  1  5  2  0  0  0  0  0 
2.294457e-013
6  3  0  0  0  0  0  0  0  0 
5.030428e-002
6  4  7  9  3  0  0  0  0  0 
1.529108e-013
6   4   7   9  10   3   0   0   0   0 
1.147223e-013
6  4  0  0  0  0  0  0  0  0 
2.670424e-002
6  5  1  4  0  0  0  0  0  0 
2.270165e-013
6  3  9  7  4  0  0  0  0  0 
1.512736e-013
6  5  0  0  0  0  0  0  0  0 
5.883483e-002
6  4  1  5  0  0  0  0  0  0 
2.293657e-013
6  4  7  0  0  0  0  0  0  0 
6.765561e-002
6  3  9  7  0  0  0  0  0  0 
4.522451e-013
6  5  2  8  0  0  0  0  0  0 
1.418504e-001
6   4   1  11   8   0   0   0   0   0 
4.584265e-013
6   5   1  11   8   0   0   0   0   0 
4.584633e-013
6  3  9  0  0  0  0  0  0  0 
2.719965e-003
6   3  10   9   0   0   0   0   0   0 
1.546166e-012
6  4  7  9  0  0  0  0  0  0 
1.588875e-012
6   3  10   0   0   0   0   0   0   0 
1.874001e-002
6   3   9  10   0   0   0   0   0   0 
4.238373e-013
6   4   7   9  10   0   0   0   0   0 
2.204039e-013
6   4   1  11   0   0   0   0   0   0 
3.589300e-002
6   5   1  11   0   0   0   0   0   0 
3.655460e-002
6   5   2   8  11   0   0   0   0   0 
4.569660e-013
7  4  1  0  0  0  0  0  0  0 
1.053211e-001
7  4  6  5  1  0  0  0  0  0 
2.297886e-013
7  4  6  5  2  0  0  0  0  0 
5.885056e-002
7  4  1  5  2  0  0  0  0  0 
5.048665e-002
7  9  3  6  5  2  0  0  0  0 
4.563529e-013
7  9  3  0  0  0  0  0  0  0 
1.023999e-001
7  4  6  3  0  0  0  0  0  0 
4.585903e-013
7   9  10   3   0   0   0   0   0   0 
4.557762e-013
7  4  0  0  0  0  0  0  0  0 
3.901177e-001
7  9  3  6  4  0  0  0  0  0 
1.536906e-013
7   9  10   3   6   4   0   0   0   0 
1.151956e-013
7  4  6  5  0  0  0  0  0  0 
4.446487e-002
7  4  1  5  0  0  0  0  0  0 
3.959984e-002
7  9  3  6  5  0  0  0  0  0 
4.551365e-013
7  4  6  0  0  0  0  0  0  0 
5.439880e-002
7  9  3  6  0  0  0  0  0  0 
4.551137e-013
7   4   1  11   8   0   0   0   0   0 
4.096546e-001
7  4  6  5  2  8  0  0  0  0 
4.605929e-013
7  4  1  5  2  8  0  0  0  0 
4.607472e-013
7  9  0  0  0  0  0  0  0  0 
5.931952e-002
7  4  6  3  9  0  0  0  0  0 
1.525257e-013
7   4   6   3  10   9   0   0   0   0 
1.148873e-013
7   9  10   0   0   0   0   0   0   0 
1.131774e-001
7   9   3  10   0   0   0   0   0   0 
4.605995e-013
7   4   6   3  10   0   0   0   0   0 
2.303565e-013
7   4   1  11   0   0   0   0   0   0 
3.920468e-001
8  11   1   0   0   0   0   0   0   0 
6.264624e-002
8  2  5  1  0  0  0  0  0  0 
4.566754e-013
8  2  0  0  0  0  0  0  0  0 
3.699564e-002
8  11   1   5   2   0   0   0   0   0 
1.527208e-013
8  11   1   4   6   5   2   0   0   0 
9.179980e-014
8  2  5  6  3  0  0  0  0  0 
3.638659e-002
8  11   1   5   6   3   0   0   0   0 
4.477650e-013
8  11   1   4   6   3   0   0   0   0 
4.462262e-013
8  11   1   4   0   0   0   0   0   0 
2.797569e-002
8  2  5  1  4  0  0  0  0  0 
4.429345e-013
8  2  5  6  4  0  0  0  0  0 
4.428450e-013
8  2  5  0  0  0  0  0  0  0 
1.072131e-001
8  11   1   5   0   0   0   0   0   0 
4.584449e-013
8  2  5  6  0  0  0  0  0  0 
6.439914e-002
8  11   1   5   6   0   0   0   0   0 
4.545906e-013
8  11   1   4   6   0   0   0   0   0 
4.536500e-013
8  11   1   4   7   0   0   0   0   0 
2.960719e-001
8  2  5  1  4  7  0  0  0  0 
4.601668e-013
8  2  5  6  4  7  0  0  0  0 
4.601828e-013
8  11   1   4   7   9   0   0   0   0 
5.772442e-003
8  2  5  6  3  9  0  0  0  0 
6.093083e-003
8  11   1   5   6   3   9   0   0   0 
5.408671e-013
8   2   5   6   3  10   0   0   0   0 
8.136285e-002
8   2   5   6   3   9  10   0   0   0 
4.487827e-013
8  11   1   4   7   9  10   0   0   0 
4.529621e-013
8  11   0   0   0   0   0   0   0   0 
6.785388e-001
8   2   5   1  11   0   0   0   0   0 
1.536054e-013
9  7  4  1  0  0  0  0  0  0 
2.554456e-002
9  3  6  4  1  0  0  0  0  0 
4.385059e-013
9  3  6  5  1  0  0  0  0  0 
4.384794e-013
9  3  6  5  2  0  0  0  0  0 
8.250510e-003
9  10   3   6   5   2   0   0   0   0 
4.193694e-013
9  7  4  6  5  2  0  0  0  0 
4.295370e-013
9  3  0  0  0  0  0  0  0  0 
9.157453e-002
9  10   3   0   0   0   0   0   0   0 
4.559079e-013
9  7  4  6  3  0  0  0  0  0 
1.533056e-013
9  7  4  0  0  0  0  0  0  0 
1.682815e-002
9  3  6  4  0  0  0  0  0  0 
4.360546e-013
9  10   3   6   4   0   0   0   0   0 
2.190578e-013
9  3  6  5  0  0  0  0  0  0 
3.393267e-002
9  10   3   6   5   0   0   0   0   0 
4.431843e-013
9  7  4  6  5  0  0  0  0  0 
4.470783e-013
9  3  6  0  0  0  0  0  0  0 
6.186855e-003
9  10   3   6   0   0   0   0   0   0 
5.356845e-013
9  7  4  6  0  0  0  0  0  0 
5.476307e-013
9  7  0  0  0  0  0  0  0  0 
2.587531e-002
9  3  6  4  7  0  0  0  0  0 
1.519988e-013
9  10   3   6   4   7   0   0   0   0 
1.141440e-013
9   7   4   1  11   8   0   0   0   0 
2.067481e-002
9  3  6  5  2  8  0  0  0  0 
2.472155e-002
9  10   3   6   5   2   8   0   0   0 
4.525312e-013
9  10   0   0   0   0   0   0   0   0 
2.339302e-002
9   3  10   0   0   0   0   0   0   0 
4.545122e-013
9   7   4   1  11   0   0   0   0   0 
2.033203e-002
9   3   6   4   1  11   0   0   0   0 
4.319051e-013
9   3   6   5   1  11   0   0   0   0 
4.318802e-013
10   3   6   4   1   0   0   0   0   0 
1.587011e-002
10   9   7   4   1   0   0   0   0   0 
1.622955e-002
10   3   6   5   1   0   0   0   0   0 
1.568521e-002
10   3   6   5   2   0   0   0   0   0 
3.492132e-002
10   9   3   6   5   2   0   0   0   0 
4.497832e-013
10   3   0   0   0   0   0   0   0   0 
1.388180e-001
10   9   3   0   0   0   0   0   0   0 
4.581822e-013
10   3   6   4   0   0   0   0   0   0 
1.546344e-002
10   9   7   4   0   0   0   0   0   0 
1.606440e-002
10   3   9   7   4   0   0   0   0   0 
4.520149e-013
10   3   6   5   0   0   0   0   0   0 
6.505065e-002
10   9   3   6   5   0   0   0   0   0 
4.548805e-013
10   3   6   0   0   0   0   0   0   0 
2.910514e-002
10   9   3   6   0   0   0   0   0   0 
4.481055e-013
10   9   7   0   0   0   0   0   0   0 
1.674850e-001
10   3   9   7   0   0   0   0   0   0 
4.555535e-013
10   3   6   5   2   8   0   0   0   0 
1.476911e-001
10   9   3   6   5   2   8   0   0   0 
4.578104e-013
10   3   6   5   1  11   8   0   0   0 
4.585551e-013
10   9   0   0   0   0   0   0   0   0 
1.614099e-002
10   3   9   0   0   0   0   0   0   0 
4.427075e-013
10   3   6   4   1  11   0   0   0   0 
5.604981e-002
10   3   6   5   1  11   0   0   0   0 
5.491759e-002
10   9   7   4   1  11   0   0   0   0 
7.278922e-002
11   1   0   0   0   0   0   0   0   0 
4.307488e-001
11   8   2   5   1   0   0   0   0   0 
1.536224e-013
11   8   2   0   0   0   0   0   0   0 
1.132808e-001
11   1   5   2   0   0   0   0   0   0 
4.585322e-013
11   1   4   6   3   0   0   0   0   0 
3.280478e-002
11   1   5   6   3   0   0   0   0   0 
3.059089e-002
11   8   2   5   6   3   0   0   0   0 
4.580404e-013
11   1   4   0   0   0   0   0   0   0 
3.332434e-002
11   1   5   6   4   0   0   0   0   0 
2.284789e-013
11   1   5   0   0   0   0   0   0   0 
1.885046e-001
11   8   2   5   0   0   0   0   0   0 
4.596018e-013
11   1   4   6   5   0   0   0   0   0 
2.299875e-013
11   1   4   6   0   0   0   0   0   0 
3.071843e-002
11   1   5   6   0   0   0   0   0   0 
2.877399e-002
11   8   2   5   6   0   0   0   0   0 
4.581562e-013
11   1   4   7   0   0   0   0   0   0 
3.203474e-001
11   8   0   0   0   0   0   0   0   0 
3.863828e-001
11   1   5   2   8   0   0   0   0   0 
1.536005e-013
11   1   4   7   9   0   0   0   0   0 
1.713334e-002
11   1   4   6   3   9   0   0   0   0 
4.172211e-013
11   1   5   6   3   9   0   0   0   0 
4.195772e-013
11   1   4   7   9  10   0   0   0   0 
1.966488e-002
11   1   5   6   3  10   0   0   0   0 
1.624603e-002
11   1   4   6   3  10   0   0   0   0 
1.778928e-002
