1  5  2  0  0  0  0  0  0  0 
6.602539e-002
1  11   8   2   0   0   0   0   0   0 
7.137325e-015
1  4  6  5  2  0  0  0  0  0 
3.586571e-015
1  4  6  3  0  0  0  0  0  0 
1.274535e-002
1  5  6  3  0  0  0  0  0  0 
1.259583e-002
1  4  7  9  3  0  0  0  0  0 
6.923499e-015
1  4  0  0  0  0  0  0  0  0 
1.553347e-002
1  5  6  4  0  0  0  0  0  0 
3.537937e-015
1  5  0  0  0  0  0  0  0  0 
6.903034e-002
1  4  6  5  0  0  0  0  0  0 
3.588269e-015
1  11   8   2   5   0   0   0   0   0 
2.393358e-015
1  4  6  0  0  0  0  0  0  0 
1.568517e-002
1  5  6  0  0  0  0  0  0  0 
1.481535e-002
1  4  7  0  0  0  0  0  0  0 
6.911427e-002
1  5  6  4  7  0  0  0  0  0 
3.589240e-015
1  11   8   0   0   0   0   0   0   0 
1.766353e-001
1  5  2  8  0  0  0  0  0  0 
7.195801e-015
1  4  6  5  2  8  0  0  0  0 
2.401275e-015
1  4  7  9  0  0  0  0  0  0 
3.402150e-003
1  4  6  3  9  0  0  0  0  0 
4.161967e-015
1  5  6  3  9  0  0  0  0  0 
4.611289e-015
1   4   6   3  10   0   0   0   0   0 
2.492123e-002
1   5   6   3  10   0   0   0   0   0 
2.252731e-002
1   4   7   9  10   0   0   0   0   0 
3.235921e-002
1  11   0   0   0   0   0   0   0   0 
5.895390e-001
1   5   2   8  11   0   0   0   0   0 
2.402673e-015
2  5  1  0  0  0  0  0  0  0 
6.936372e-002
2   8  11   1   0   0   0   0   0   0 
7.149056e-015
2  5  6  4  1  0  0  0  0  0 
3.585615e-015
2  5  6  3  0  0  0  0  0  0 
2.046615e-001
2  5  1  4  6  3  0  0  0  0 
3.601239e-015
2  5  1  4  0  0  0  0  0  0 
9.062807e-002
2  5  6  4  0  0  0  0  0  0 
8.430568e-002
2   8  11   1   4   0   0   0   0   0 
7.164195e-015
2  5  0  0  0  0  0  0  0  0 
6.235934e-001
2   8  11   1   5   0   0   0   0   0 
2.402709e-015
2   8  11   1   4   6   5   0   0   0 
1.441632e-015
2  5  6  0  0  0  0  0  0  0 
2.068697e-001
2  5  1  4  6  0  0  0  0  0 
3.601296e-015
2  5  1  4  7  0  0  0  0  0 
3.623764e-001
2  5  6  4  7  0  0  0  0  0 
3.793157e-001
2   8  11   1   4   7   0   0   0   0 
7.200485e-015
2  8  0  0  0  0  0  0  0  0 
3.886176e-001
2   5   1  11   8   0   0   0   0   0 
2.398701e-015
2  5  6  3  9  0  0  0  0  0 
3.783532e-002
2   5   6   3  10   9   0   0   0   0 
7.091782e-015
2  5  1  4  7  9  0  0  0  0 
7.087301e-015
2   5   6   3  10   0   0   0   0   0 
4.093099e-001
2   5   6   3   9  10   0   0   0   0 
7.254999e-015
2   8  11   0   0   0   0   0   0   0 
3.632011e-001
2   5   1  11   0   0   0   0   0   0 
7.177666e-015
3  6  4  1  0  0  0  0  0  0 
6.769823e-003
3  6  5  1  0  0  0  0  0  0 
6.490282e-003
3  9  7  4  1  0  0  0  0  0 
6.742288e-015
3  6  5  2  0  0  0  0  0  0 
7.243125e-002
3  6  4  1  5  2  0  0  0  0 
3.589759e-015
3  6  4  0  0  0  0  0  0  0 
1.356964e-002
3  9  7  4  0  0  0  0  0  0 
6.860994e-015
3  6  5  0  0  0  0  0  0  0 
6.656050e-002
3  6  4  1  5  0  0  0  0  0 
3.588452e-015
3  6  0  0  0  0  0  0  0  0 
1.876909e-002
3  9  7  4  6  0  0  0  0  0 
2.382170e-015
3  10   9   7   4   6   0   0   0   0 
1.789281e-015
3  9  7  0  0  0  0  0  0  0 
3.839385e-002
3  10   9   7   0   0   0   0   0   0 
7.090188e-015
3  6  4  7  0  0  0  0  0  0 
7.064593e-015
3  6  5  2  8  0  0  0  0  0 
9.475275e-002
3   6   4   1  11   8   0   0   0   0 
7.152193e-015
3   6   5   1  11   8   0   0   0   0 
7.152142e-015
3  9  0  0  0  0  0  0  0  0 
2.154423e-002
3  10   9   0   0   0   0   0   0   0 
7.006494e-015
3  6  4  7  9  0  0  0  0  0 
2.375499e-015
3  10   0   0   0   0   0   0   0   0 
2.855545e-002
3   9  10   0   0   0   0   0   0   0 
7.107952e-015
3   6   4   1  11   0   0   0   0   0 
9.124803e-002
3   6   5   1  11   0   0   0   0   0 
9.938658e-002
3   9   7   4   1  11   0   0   0   0 
7.199165e-015
4  1  0  0  0  0  0  0  0  0 
4.653211e-002
4  6  5  1  0  0  0  0  0  0 
3.583507e-015
4  1  5  2  0  0  0  0  0  0 
2.043917e-002
4  6  5  2  0  0  0  0  0  0 
2.134632e-002
4   1  11   8   2   0   0   0   0   0 
7.014080e-015
4  6  3  0  0  0  0  0  0  0 
2.940979e-002
4  7  9  3  0  0  0  0  0  0 
7.104505e-015
4  1  5  6  3  0  0  0  0  0 
3.563897e-015
4  1  5  0  0  0  0  0  0  0 
1.563335e-002
4  6  5  0  0  0  0  0  0  0 
1.620889e-002
4  6  0  0  0  0  0  0  0  0 
2.413671e-002
4  1  5  6  0  0  0  0  0  0 
3.558201e-015
4  7  9  3  6  0  0  0  0  0 
2.385367e-015
4  7  0  0  0  0  0  0  0  0 
4.553083e-002
4  6  3  9  7  0  0  0  0  0 
2.397712e-015
4   6   3  10   9   7   0   0   0   0 
1.798567e-015
4   1  11   8   0   0   0   0   0   0 
1.859921e-001
4  1  5  2  8  0  0  0  0  0 
7.196393e-015
4  6  5  2  8  0  0  0  0  0 
7.204726e-015
4  7  9  0  0  0  0  0  0  0 
5.753400e-003
4  6  3  9  0  0  0  0  0  0 
6.244474e-015
4   6   3  10   9   0   0   0   0   0 
3.478597e-015
4   7   9  10   0   0   0   0   0   0 
5.888839e-003
4   6   3  10   0   0   0   0   0   0 
5.646506e-003
4   6   3   9  10   0   0   0   0   0 
6.708906e-015
4   1  11   0   0   0   0   0   0   0 
1.075689e-001
4   6   5   1  11   0   0   0   0   0 
3.596692e-015
5  1  0  0  0  0  0  0  0  0 
8.633013e-002
5  6  4  1  0  0  0  0  0  0 
3.589649e-015
5   2   8  11   1   0   0   0   0   0 
2.395952e-015
5  2  0  0  0  0  0  0  0  0 
1.284565e-001
5   1  11   8   2   0   0   0   0   0 
2.398461e-015
5  6  3  0  0  0  0  0  0  0 
3.322582e-002
5  1  4  6  3  0  0  0  0  0 
3.574361e-015
5  1  4  0  0  0  0  0  0  0 
1.589484e-002
5  6  4  0  0  0  0  0  0  0 
1.444140e-002
5  6  0  0  0  0  0  0  0  0 
8.359104e-002
5  1  4  6  0  0  0  0  0  0 
3.593619e-015
5  1  4  7  0  0  0  0  0  0 
9.524790e-002
5  6  4  7  0  0  0  0  0  0 
9.450390e-002
5  6  3  9  7  0  0  0  0  0 
7.207250e-015
5  2  8  0  0  0  0  0  0  0 
2.297284e-001
5   1  11   8   0   0   0   0   0   0 
7.179592e-015
5  6  3  9  0  0  0  0  0  0 
9.597300e-003
5  1  4  7  9  0  0  0  0  0 
6.734571e-015
5  6  4  7  9  0  0  0  0  0 
6.734221e-015
5   6   3  10   0   0   0   0   0   0 
2.831259e-002
5   6   3   9  10   0   0   0   0   0 
7.106315e-015
5   1  11   0   0   0   0   0   0   0 
3.447003e-001
5   2   8  11   0   0   0   0   0   0 
7.200114e-015
6  4  1  0  0  0  0  0  0  0 
7.783791e-003
6  5  1  0  0  0  0  0  0  0 
8.124894e-003
6  5  2  0  0  0  0  0  0  0 
4.596312e-002
6  4  1  5  2  0  0  0  0  0 
3.581260e-015
6  3  0  0  0  0  0  0  0  0 
9.681151e-002
6  4  7  9  3  0  0  0  0  0 
2.402761e-015
6   4   7   9  10   3   0   0   0   0 
1.802103e-015
6  4  0  0  0  0  0  0  0  0 
3.630885e-002
6  5  1  4  0  0  0  0  0  0 
3.572163e-015
6  3  9  7  4  0  0  0  0  0 
2.392147e-015
6  5  0  0  0  0  0  0  0  0 
6.279934e-002
6  4  1  5  0  0  0  0  0  0 
3.587487e-015
6  4  7  0  0  0  0  0  0  0 
6.374925e-002
6  3  9  7  0  0  0  0  0  0 
7.183055e-015
6  5  2  8  0  0  0  0  0  0 
1.066454e-001
6   4   1  11   8   0   0   0   0   0 
7.157195e-015
6   5   1  11   8   0   0   0   0   0 
7.157146e-015
6  3  9  0  0  0  0  0  0  0 
2.760390e-003
6   3  10   9   0   0   0   0   0   0 
4.886271e-015
6  4  7  9  0  0  0  0  0  0 
5.068063e-015
6   3  10   0   0   0   0   0   0   0 
2.029234e-002
6   3   9  10   0   0   0   0   0   0 
6.991846e-015
6   4   7   9  10   0   0   0   0   0 
3.546117e-015
6   4   1  11   0   0   0   0   0   0 
3.604171e-002
6   5   1  11   0   0   0   0   0   0 
4.020353e-002
6   5   2   8  11   0   0   0   0   0 
7.107127e-015
7  4  1  0  0  0  0  0  0  0 
9.514255e-002
7  4  6  5  1  0  0  0  0  0 
3.595384e-015
7  4  6  5  2  0  0  0  0  0 
4.706420e-002
7  4  1  5  2  0  0  0  0  0 
4.241645e-002
7  9  3  6  5  2  0  0  0  0 
7.158879e-015
7  9  3  0  0  0  0  0  0  0 
2.807668e-002
7  4  6  3  0  0  0  0  0  0 
7.005117e-015
7   9  10   3   0   0   0   0   0   0 
7.033778e-015
7  4  0  0  0  0  0  0  0  0 
4.682984e-001
7  9  3  6  4  0  0  0  0  0 
2.408003e-015
7   9  10   3   6   4   0   0   0   0 
1.805049e-015
7  4  6  5  0  0  0  0  0  0 
7.417741e-002
7  4  1  5  0  0  0  0  0  0 
6.311969e-002
7  9  3  6  5  0  0  0  0  0 
7.191202e-015
7  4  6  0  0  0  0  0  0  0 
2.932296e-002
7  9  3  6  0  0  0  0  0  0 
7.104977e-015
7   4   1  11   8   0   0   0   0   0 
3.773254e-001
7  4  6  5  2  8  0  0  0  0 
7.217465e-015
7  4  1  5  2  8  0  0  0  0 
7.208810e-015
7  9  0  0  0  0  0  0  0  0 
3.950052e-002
7  4  6  3  9  0  0  0  0  0 
2.392061e-015
7   4   6   3  10   9   0   0   0   0 
1.795358e-015
7   9  10   0   0   0   0   0   0   0 
1.386625e-001
7   9   3  10   0   0   0   0   0   0 
7.187250e-015
7   4   6   3  10   0   0   0   0   0 
3.587870e-015
7   4   1  11   0   0   0   0   0   0 
2.957592e-001
8  11   1   0   0   0   0   0   0   0 
8.155435e-002
8  2  5  1  0  0  0  0  0  0 
7.156667e-015
8  2  0  0  0  0  0  0  0  0 
4.086502e-002
8  11   1   5   2   0   0   0   0   0 
2.389446e-015
8  11   1   4   6   5   2   0   0   0 
1.436734e-015
8  2  5  6  3  0  0  0  0  0 
6.760362e-002
8  11   1   5   6   3   0   0   0   0 
7.144717e-015
8  11   1   4   6   3   0   0   0   0 
7.151502e-015
8  11   1   4   0   0   0   0   0   0 
4.704823e-002
8  2  5  1  4  0  0  0  0  0 
7.126704e-015
8  2  5  6  4  0  0  0  0  0 
7.126186e-015
8  2  5  0  0  0  0  0  0  0 
1.223725e-001
8  11   1   5   0   0   0   0   0   0 
7.174049e-015
8  2  5  6  0  0  0  0  0  0 
5.860245e-002
8  11   1   5   6   0   0   0   0   0 
7.136553e-015
8  11   1   4   6   0   0   0   0   0 
7.143230e-015
8  11   1   4   7   0   0   0   0   0 
3.629596e-001
8  2  5  1  4  7  0  0  0  0 
7.197421e-015
8  2  5  6  4  7  0  0  0  0 
7.198229e-015
8  11   1   4   7   9   0   0   0   0 
4.651437e-003
8  2  5  6  3  9  0  0  0  0 
4.940898e-003
8  11   1   5   6   3   9   0   0   0 
6.684127e-015
8   2   5   6   3  10   0   0   0   0 
1.112388e-001
8   2   5   6   3   9  10   0   0   0 
7.219264e-015
8  11   1   4   7   9  10   0   0   0 
7.198026e-015
8  11   0   0   0   0   0   0   0   0 
6.844480e-001
8   2   5   1  11   0   0   0   0   0 
2.400497e-015
9  7  4  1  0  0  0  0  0  0 
9.765990e-003
9  3  6  4  1  0  0  0  0  0 
6.625010e-015
9  3  6  5  1  0  0  0  0  0 
6.626473e-015
9  3  6  5  2  0  0  0  0  0 
1.243090e-002
9  10   3   6   5   2   0   0   0   0 
6.609462e-015
9  7  4  6  5  2  0  0  0  0 
6.617161e-015
9  3  0  0  0  0  0  0  0  0 
6.511383e-002
9  10   3   0   0   0   0   0   0   0 
7.141591e-015
9  7  4  6  3  0  0  0  0  0 
2.392790e-015
9  7  4  0  0  0  0  0  0  0 
4.152390e-003
9  3  6  4  0  0  0  0  0  0 
6.999136e-015
9  10   3   6   4   0   0   0   0   0 
3.336199e-015
9  3  6  5  0  0  0  0  0  0 
3.514690e-002
9  10   3   6   5   0   0   0   0   0 
7.085682e-015
9  7  4  6  5  0  0  0  0  0 
7.075065e-015
9  3  6  0  0  0  0  0  0  0 
7.617945e-003
9  10   3   6   0   0   0   0   0   0 
6.829319e-015
9  7  4  6  0  0  0  0  0  0 
6.854761e-015
9  7  0  0  0  0  0  0  0  0 
1.628254e-001
9  3  6  4  7  0  0  0  0  0 
2.401605e-015
9  10   3   6   4   7   0   0   0   0 
1.801452e-015
9   7   4   1  11   8   0   0   0   0 
1.458639e-002
9  3  6  5  2  8  0  0  0  0 
1.849837e-002
9  10   3   6   5   2   8   0   0   0 
6.984705e-015
9  10   0   0   0   0   0   0   0   0 
1.559266e-002
9   3  10   0   0   0   0   0   0   0 
6.915445e-015
9   7   4   1  11   0   0   0   0   0 
3.510438e-002
9   3   6   4   1  11   0   0   0   0 
7.107012e-015
9   3   6   5   1  11   0   0   0   0 
7.107839e-015
10   3   6   4   1   0   0   0   0   0 
1.778369e-002
10   9   7   4   1   0   0   0   0   0 
1.894726e-002
10   3   6   5   1   0   0   0   0   0 
1.913597e-002
10   3   6   5   2   0   0   0   0   0 
5.310150e-002
10   9   3   6   5   2   0   0   0   0 
7.166095e-015
10   3   0   0   0   0   0   0   0   0 
7.321596e-002
10   9   3   0   0   0   0   0   0   0 
7.187789e-015
10   3   6   4   0   0   0   0   0   0 
1.178551e-002
10   9   7   4   0   0   0   0   0   0 
1.257597e-002
10   3   9   7   4   0   0   0   0   0 
6.901391e-015
10   3   6   5   0   0   0   0   0   0 
5.206240e-002
10   9   3   6   5   0   0   0   0   0 
7.164577e-015
10   3   6   0   0   0   0   0   0   0 
2.824855e-002
10   9   3   6   0   0   0   0   0   0 
7.093833e-015
10   9   7   0   0   0   0   0   0   0 
1.540601e-001
10   3   9   7   0   0   0   0   0   0 
7.202017e-015
10   3   6   5   2   8   0   0   0   0 
1.480757e-001
10   9   3   6   5   2   8   0   0   0 
7.218460e-015
10   3   6   5   1  11   8   0   0   0 
7.168690e-015
10   9   0   0   0   0   0   0   0   0 
1.647132e-002
10   3   9   0   0   0   0   0   0   0 
6.930873e-015
10   3   6   4   1  11   0   0   0   0 
5.750932e-002
10   3   6   5   1  11   0   0   0   0 
5.941870e-002
10   9   7   4   1  11   0   0   0   0 
6.690912e-002
11   1   0   0   0   0   0   0   0   0 
4.385046e-001
11   8   2   5   1   0   0   0   0   0 
2.401124e-015
11   8   2   0   0   0   0   0   0   0 
7.736533e-002
11   1   5   2   0   0   0   0   0   0 
7.145875e-015
11   1   4   6   3   0   0   0   0   0 
3.691284e-002
11   1   5   6   3   0   0   0   0   0 
3.226757e-002
11   8   2   5   6   3   0   0   0   0 
7.084970e-015
11   1   4   0   0   0   0   0   0   0 
2.132068e-002
11   1   5   6   4   0   0   0   0   0 
3.555951e-015
11   1   5   0   0   0   0   0   0   0 
1.941030e-001
11   8   2   5   0   0   0   0   0   0 
7.179942e-015
11   1   4   6   5   0   0   0   0   0 
3.598372e-015
11   1   4   6   0   0   0   0   0   0 
2.656067e-002
11   1   5   6   0   0   0   0   0   0 
2.368759e-002
11   8   2   5   6   0   0   0   0   0 
7.044764e-015
11   1   4   7   0   0   0   0   0   0 
3.165871e-001
11   8   0   0   0   0   0   0   0   0 
2.929196e-001
11   1   5   2   8   0   0   0   0   0 
2.400798e-015
11   1   4   7   9   0   0   0   0   0 
1.046949e-002
11   1   4   6   3   9   0   0   0   0 
6.454715e-015
11   1   5   6   3   9   0   0   0   0 
6.472291e-015
11   1   4   7   9  10   0   0   0   0 
1.506880e-002
11   1   5   6   3  10   0   0   0   0 
1.201344e-002
11   1   4   6   3  10   0   0   0   0 
1.252383e-002
