2 1 2 0.142468 * 2  5  1 
3 1 3 0.012919 * 3  6  4  1 
3 1 3 0.012919 * 3  6  5  1 
4 1 1 0.019246 * 4  1 
5 1 1 0.163066 * 5  1 
6 1 2 0.035464 * 6  4  1 
6 1 2 0.035464 * 6  5  1 
7 1 2 0.089558 * 7  4  1 
8 1 2 0.094146 * 8  11   1 
9 1 3 0.008626 * 9  7  4  1 
10 1 4 0.015582 * 10   3   6   4   1 
10 1 4 0.015582 * 10   3   6   5   1 
10 1 4 0.015582 * 10   9   7   4   1 
11 1 1 0.725936 * 11   1 
1 2 2 0.088984 * 1  5  2 
3 2 3 0.040125 * 3  6  5  2 
4 2 3 0.023346 * 4  1  5  2 
4 2 3 0.023346 * 4  6  5  2 
5 2 1 0.162275 * 5  2 
6 2 2 0.096496 * 6  5  2 
7 2 4 0.048465 * 7  4  1  5  2 
7 2 4 0.048465 * 7  4  6  5  2 
8 2 1 0.056594 * 8  2 
9 2 4 0.011039 * 9  3  6  5  2 
10 2 4 0.042217 * 10   3   6   5   2 
11 2 2 0.089197 * 11   8   2 
1 3 3 0.030005 * 1  4  6  3 
1 3 3 0.030005 * 1  5  6  3 
2 3 3 0.293832 * 2  5  6  3 
4 3 2 0.032887 * 4  6  3 
5 3 2 0.076030 * 5  6  3 
6 3 1 0.074777 * 6  3 
7 3 2 0.050440 * 7  9  3 
8 3 4 0.103118 * 8  2  5  6  3 
9 3 1 0.075744 * 9  3 
10 3 1 0.075714 * 10   3 
11 3 4 0.058539 * 11   1   4   6   3 
11 3 4 0.058539 * 11   1   5   6   3 
1 4 1 0.037756 * 1  4 
2 4 3 0.079477 * 2  5  1  4 
2 4 3 0.079477 * 2  5  6  4 
3 4 2 0.018725 * 3  6  4 
5 4 2 0.019236 * 5  1  4 
5 4 2 0.019236 * 5  6  4 
6 4 1 0.028022 * 6  4 
7 4 1 0.390838 * 7  4 
8 4 3 0.050263 * 8  11   1   4 
9 4 2 0.005002 * 9  7  4 
10 4 3 0.003855 * 10   3   6   4 
10 4 3 0.003855 * 10   9   7   4 
11 4 2 0.083038 * 11   1   4 
1 5 1 0.109912 * 1  5 
2 5 1 0.713517 * 2  5 
3 5 2 0.088530 * 3  6  5 
4 5 2 0.036340 * 4  1  5 
4 5 2 0.036340 * 4  6  5 
6 5 1 0.089384 * 6  5 
7 5 3 0.115544 * 7  4  1  5 
7 5 3 0.115544 * 7  4  6  5 
8 5 2 0.196334 * 8  2  5 
9 5 3 0.014588 * 9  3  6  5 
10 5 3 0.047159 * 10   3   6   5 
11 5 2 0.200212 * 11   1   5 
1 6 2 0.044286 * 1  4  6 
1 6 2 0.044286 * 1  5  6 
2 6 2 0.228903 * 2  5  6 
3 6 1 0.020526 * 3  6 
4 6 1 0.030850 * 4  6 
5 6 1 0.116822 * 5  6 
7 6 2 0.017734 * 7  4  6 
8 6 3 0.050491 * 8  2  5  6 
9 6 2 0.004699 * 9  3  6 
10 6 2 0.018331 * 10   3   6 
11 6 3 0.045112 * 11   1   4   6 
11 6 3 0.045112 * 11   1   5   6 
1 7 2 0.151586 * 1  4  7 
2 7 4 0.408724 * 2  5  1  4  7 
2 7 4 0.408724 * 2  5  6  4  7 
3 7 2 0.069504 * 3  9  7 
4 7 1 0.109217 * 4  7 
5 7 3 0.131815 * 5  1  4  7 
5 7 3 0.131815 * 5  6  4  7 
6 7 2 0.050543 * 6  4  7 
8 7 4 0.322139 * 8  11   1   4   7 
9 7 1 0.023203 * 9  7 
10 7 2 0.119465 * 10   9   7 
11 7 3 0.353723 * 11   1   4   7 
1 8 2 0.272210 * 1  11   8 
2 8 1 0.454039 * 2  8 
3 8 4 0.085032 * 3  6  5  2  8 
4 8 3 0.213559 * 4   1  11   8 
5 8 2 0.475867 * 5  2  8 
6 8 3 0.132470 * 6  5  2  8 
7 8 4 0.282058 * 7   4   1  11   8 
9 8 5 0.019037 * 9  3  6  5  2  8 
9 8 5 0.019037 * 9   7   4   1  11   8 
10 8 5 0.119682 * 10   3   6   5   2   8 
11 8 1 0.510936 * 11   8 
1 9 3 0.007518 * 1  4  7  9 
2 9 4 0.051096 * 2  5  6  3  9 
3 9 1 0.027213 * 3  9 
4 9 2 0.006497 * 4  7  9 
5 9 3 0.023669 * 5  6  3  9 
6 9 2 0.004957 * 6  3  9 
7 9 1 0.057164 * 7  9 
8 9 5 0.010132 * 8  2  5  6  3  9 
8 9 5 0.010132 * 8  11   1   4   7   9 
10 9 1 0.010487 * 10   9 
11 9 4 0.017047 * 11   1   4   7   9 
1 10 4 0.034547 * 1   4   6   3  10 
1 10 4 0.034547 * 1   4   7   9  10 
1 10 4 0.059552 * 1   5   6   3  10 
2 10 4 0.460786 * 2   5   6   3  10 
3 10 1 0.020163 * 3  10 
4 10 3 0.008409 * 4   6   3  10 
4 10 3 0.008409 * 4   7   9  10 
5 10 3 0.080802 * 5   6   3  10 
6 10 2 0.032601 * 6   3  10 
7 10 2 0.091453 * 7   9  10 
8 10 5 0.148090 * 8   2   5   6   3  10 
9 10 1 0.031214 * 9  10 
11 10 5 0.024368 * 11   1   4   6   3  10 
11 10 5 0.024368 * 11   1   4   7   9  10 
11 10 5 0.032522 * 11   1   5   6   3  10 
1 11 1 0.710687 * 1  11 
2 11 2 0.447120 * 2   8  11 
3 11 4 0.099710 * 3   6   4   1  11 
3 11 4 0.099710 * 3   6   5   1  11 
4 11 2 0.129372 * 4   1  11 
5 11 2 0.443955 * 5   1  11 
6 11 3 0.092578 * 6   4   1  11 
6 11 3 0.092578 * 6   5   1  11 
7 11 3 0.295220 * 7   4   1  11 
8 11 1 0.916866 * 8  11 
9 11 4 0.024817 * 9   7   4   1  11 
10 11 5 0.051835 * 10   3   6   4   1  11 
10 11 5 0.051835 * 10   3   6   5   1  11 
10 11 5 0.051835 * 10   9   7   4   1  11 
