2 1 0.264956 0.132804 * 2  5  1  0 
2 1 0.370967 0.009665 * 2   8  11   1 
3 1 0.355171 0.014518 * 3  6  4  1 
3 1 0.336117 0.011321 * 3  6  5  1 
4 1 0.123954 0.019246 * 4  1 
5 1 0.113944 0.163066 * 5  1 
6 1 0.244550 0.042159 * 6  4  1 
6 1 0.225496 0.028768 * 6  5  1 
7 1 0.241114 0.089558 * 7  4  1 
8 1 0.249721 0.094146 * 8  11   1 
9 1 0.457156 0.003665 * 9  3  6  4  1 
9 1 0.438102 0.003665 * 9  3  6  5  1 
9 1 0.343957 0.001296 * 9  7  4  1  0 
10 1 0.460301 0.018526 * 10   3   6   4   1   0 
10 1 0.441247 0.018526 * 10   3   6   5   1   0 
10 1 0.558743 0.003810 * 10   9   3   6   4   1 
10 1 0.539689 0.003810 * 10   9   3   6   5   1 
10 1 0.445544 0.002072 * 10   9   7   4   1   0 
11 1 0.127238 0.725936 * 11   1 
1 2 0.231208 0.044492 * 1  5  2  0 
1 2 0.364019 0.044492 * 1  11   8   2 
3 2 0.338939 0.040125 * 3  6  5  2 
4 2 0.355162 0.020985 * 4  1  5  2  0 
4 2 0.487973 0.020985 * 4   1  11   8   2 
4 2 0.329990 0.004721 * 4  6  5  2  0 
5 2 0.116766 0.162275 * 5  2 
6 2 0.228318 0.096496 * 6  5  2 
7 2 0.472321 0.039330 * 7  4  1  5  2  0 
7 2 0.605133 0.039330 * 7   4   1  11   8   2 
7 2 0.447150 0.010625 * 7  4  6  5  2  0 
7 2 0.543484 0.007643 * 7  9  3  6  5  2 
8 2 0.107087 0.056594 * 8  2 
9 2 0.440924 0.011039 * 9  3  6  5  2 
10 2 0.444070 0.036648 * 10   3   6   5   2   0 
10 2 0.542511 0.005569 * 10   9   3   6   5   2 
11 2 0.222935 0.089197 * 11   8   2 
1 3 0.340630 0.013958 * 1  4  6  3  0 
1 3 0.450096 0.015817 * 1  4  7  9  3 
1 3 0.376850 0.030236 * 1  5  6  3  0 
2 3 0.413421 0.293832 * 2  5  6  3 
4 3 0.222823 0.015417 * 4  6  3  0 
4 3 0.332290 0.017470 * 4  7  9  3 
5 3 0.262408 0.076030 * 5  6  3 
6 3 0.121151 0.074777 * 6  3 
7 3 0.204545 0.050440 * 7  9  3 
8 3 0.520509 0.044918 * 8  2  5  6  3  0  0 
8 3 0.590351 0.019400 * 8  11   1   4   6   3   0 
8 3 0.699817 0.019400 * 8  11   1   4   7   9   3 
8 3 0.626571 0.019400 * 8  11   1   5   6   3   0 
9 3 0.101985 0.075744 * 9  3 
10 3 0.203572 0.009987 * 10   9   3 
10 3 0.105130 0.065726 * 10   3   0 
11 3 0.467867 0.027232 * 11   1   4   6   3   0 
11 3 0.577334 0.030858 * 11   1   4   7   9   3 
11 3 0.504088 0.058988 * 11   1   5   6   3   0 
1 4 0.117806 0.037756 * 1  4 
2 4 0.382763 0.055370 * 2  5  1  4  0 
2 4 0.412866 0.100356 * 2  5  6  4  0 
2 4 0.488773 0.003228 * 2   8  11   1   4 
3 4 0.231217 0.015935 * 3  6  4  0 
3 4 0.322002 0.002790 * 3  9  7  4 
5 4 0.231750 0.013679 * 5  1  4 
5 4 0.261853 0.024793 * 5  6  4 
6 4 0.120596 0.028022 * 6  4 
7 4 0.117160 0.390838 * 7  4 
8 4 0.367527 0.050263 * 8  11   1   4 
9 4 0.220003 0.005002 * 9  7  4 
10 4 0.336348 0.004773 * 10   3   6   4   0 
10 4 0.427133 0.002571 * 10   3   9   7   4 
10 4 0.321590 0.000367 * 10   9   7   4   0 
11 4 0.245044 0.083038 * 11   1   4 
1 5 0.114442 0.109912 * 1  5 
2 5 0.151013 0.713517 * 2  5 
3 5 0.222173 0.088530 * 3  6  5 
4 5 0.238395 0.051400 * 4  1  5 
4 5 0.213224 0.021279 * 4  6  5 
6 5 0.111552 0.089384 * 6  5 
7 5 0.355555 0.132264 * 7  4  1  5  0 
7 5 0.330383 0.054943 * 7  4  6  5  0 
7 5 0.426718 0.043880 * 7  9  3  6  5 
8 5 0.258100 0.156819 * 8  2  5  0 
8 5 0.364162 0.039515 * 8  11   1   5 
9 5 0.324158 0.014588 * 9  3  6  5 
10 5 0.327303 0.040938 * 10   3   6   5   0 
10 5 0.425745 0.006221 * 10   9   3   6   5 
11 5 0.241679 0.200212 * 11   1   5 
1 6 0.219478 0.022212 * 1  4  6 
1 6 0.255699 0.066361 * 1  5  6 
2 6 0.292270 0.228903 * 2  5  6 
3 6 0.110621 0.020526 * 3  6 
4 6 0.101672 0.030850 * 4  6 
5 6 0.141257 0.116822 * 5  6 
7 6 0.218832 0.008313 * 7  4  6  0 
7 6 0.315166 0.009420 * 7  9  3  6 
8 6 0.399357 0.030187 * 8  2  5  6  0 
8 6 0.469199 0.010152 * 8  11   1   4   6 
8 6 0.505420 0.010152 * 8  11   1   5   6 
9 6 0.212606 0.004699 * 9  3  6 
10 6 0.215752 0.015913 * 10   3   6   0 
10 6 0.314193 0.002418 * 10   9   3   6 
11 6 0.346716 0.028704 * 11   1   4   6 
11 6 0.382936 0.061520 * 11   1   5   6 
1 7 0.245552 0.151586 * 1  4  7 
2 7 0.510508 0.219733 * 2  5  1  4  7  0  0 
2 7 0.618264 0.105686 * 2  5  6  3  9  7  0 
2 7 0.728157 0.054560 * 2   5   6   3  10   9   7 
2 7 0.540611 0.425442 * 2  5  6  4  7  0  0 
2 7 0.616518 0.012027 * 2   8  11   1   4   7   0 
3 7 0.204843 0.045839 * 3  9  7  0 
3 7 0.314736 0.023664 * 3  10   9   7 
4 7 0.127745 0.109217 * 4  7 
5 7 0.359495 0.071923 * 5  1  4  7  0  0 
5 7 0.467251 0.034593 * 5  6  3  9  7  0 
5 7 0.577144 0.017859 * 5   6   3  10   9   7 
5 7 0.389598 0.139256 * 5  6  4  7  0  0 
6 7 0.325994 0.009120 * 6  3  9  7  0 
6 7 0.435887 0.004708 * 6   3  10   9   7 
6 7 0.248341 0.036715 * 6  4  7  0  0 
8 7 0.495272 0.322139 * 8  11   1   4   7 
9 7 0.102843 0.023203 * 9  7 
10 7 0.204430 0.119465 * 10   9   7 
11 7 0.372789 0.353723 * 11   1   4   7 
1 8 0.352453 0.052236 * 1  5  2  8 
1 8 0.256932 0.219974 * 1  11   8   0 
2 8 0.121246 0.454039 * 2  8 
3 8 0.460185 0.085032 * 3  6  5  2  8 
4 8 0.476407 0.045374 * 4  1  5  2  8 
4 8 0.380885 0.155807 * 4   1  11   8   0 
4 8 0.451236 0.012377 * 4  6  5  2  8 
5 8 0.238012 0.475867 * 5  2  8 
6 8 0.349564 0.132470 * 6  5  2  8 
7 8 0.593567 0.078678 * 7  4  1  5  2  8 
7 8 0.498045 0.181918 * 7   4   1  11   8   0 
7 8 0.568395 0.021462 * 7  4  6  5  2  8 
9 8 0.562170 0.003340 * 9  3  6  5  2  8  0 
9 8 0.696410 0.013464 * 9  7  4  1  5  2  8 
9 8 0.600888 0.013464 * 9   7   4   1  11   8   0 
9 8 0.671239 0.007806 * 9  7  4  6  5  2  8 
10 8 0.565315 0.035111 * 10   3   6   5   2   8   0   0 
10 8 0.663757 0.009253 * 10   9   3   6   5   2   8   0 
10 8 0.797997 0.026846 * 10   9   7   4   1   5   2   8 
10 8 0.702476 0.026846 * 10   9   7   4   1  11   8   0 
10 8 0.772826 0.021627 * 10   9   7   4   6   5   2   8 
11 8 0.115848 0.510936 * 11   8 
1 9 0.552522 0.001656 * 1   4   6   3  10   9 
1 9 0.442629 0.001656 * 1  4  6  3  9  0 
1 9 0.348112 0.004205 * 1  4  7  9  0  0 
2 9 0.817479 0.006668 * 2   5   1   4   6   3  10   9 
2 9 0.707586 0.006668 * 2  5  1  4  6  3  9  0 
2 9 0.613068 0.013563 * 2  5  1  4  7  9  0  0 
2 9 0.625314 0.010271 * 2   5   6   3  10   9   0   0 
2 9 0.515420 0.013925 * 2  5  6  3  9  0  0  0 
3 9 0.211893 0.009265 * 3  10   9 
3 9 0.101999 0.017948 * 3  9  0 
4 9 0.434716 0.001431 * 4   6   3  10   9 
4 9 0.324823 0.001431 * 4  6  3  9  0 
4 9 0.230305 0.003634 * 4  7  9  0  0 
5 9 0.666466 0.003089 * 5   1   4   6   3  10   9 
5 9 0.556573 0.003089 * 5  1  4  6  3  9  0 
5 9 0.462055 0.006283 * 5  1  4  7  9  0  0 
5 9 0.474301 0.004758 * 5   6   3  10   9   0   0 
5 9 0.364408 0.006451 * 5  6  3  9  0  0  0 
6 9 0.333044 0.001688 * 6   3  10   9 
6 9 0.223151 0.003269 * 6  3  9  0 
7 9 0.102560 0.057164 * 7  9 
8 9 0.924566 0.003716 * 8   2   5   1   4   6   3  10   9 
8 9 0.814673 0.003716 * 8  2  5  1  4  6  3  9  0 
8 9 0.720155 0.003716 * 8  2  5  1  4  7  9  0  0 
8 9 0.732401 0.003716 * 8   2   5   6   3  10   9   0   0 
8 9 0.622508 0.003716 * 8  2  5  6  3  9  0  0  0 
8 9 0.802243 0.000562 * 8  11   1   4   6   3  10   9   0 
8 9 0.692350 0.000562 * 8  11   1   4   6   3   9   0   0 
8 9 0.597832 0.000562 * 8  11   1   4   7   9   0   0   0 
10 9 0.101587 0.010487 * 10   9 
11 9 0.679760 0.005682 * 11   1   4   6   3  10   9 
11 9 0.569867 0.005682 * 11   1   4   6   3   9   0 
11 9 0.475349 0.005682 * 11   1   4   7   9   0   0 
1 10 0.544011 0.016592 * 1   4   6   3   9  10 
1 10 0.450935 0.016592 * 1   4   6   3  10   0 
1 10 0.449493 0.011707 * 1   4   7   9  10   0 
1 10 0.580231 0.041877 * 1   5   6   3   9  10 
1 10 0.487156 0.041877 * 1   5   6   3  10   0 
2 10 0.616802 0.106024 * 2   5   6   3   9  10 
2 10 0.523727 0.354763 * 2   5   6   3  10   0 
3 10 0.203381 0.003696 * 3   9  10 
3 10 0.110306 0.016467 * 3  10   0 
4 10 0.426205 0.006216 * 4   6   3   9  10 
4 10 0.333129 0.006216 * 4   6   3  10   0 
4 10 0.331687 0.004386 * 4   7   9  10   0 
5 10 0.465790 0.014810 * 5   6   3   9  10 
5 10 0.372714 0.065992 * 5   6   3  10   0 
6 10 0.324533 0.005975 * 6   3   9  10 
6 10 0.231457 0.026625 * 6   3  10   0 
7 10 0.203942 0.091453 * 7   9  10 
8 10 0.723890 0.037216 * 8   2   5   6   3   9  10   0 
8 10 0.630814 0.037216 * 8   2   5   6   3  10   0   0 
8 10 0.793732 0.014731 * 8  11   1   4   6   3   9  10 
8 10 0.700656 0.014731 * 8  11   1   4   6   3  10   0 
8 10 0.699214 0.014731 * 8  11   1   4   7   9  10   0 
8 10 0.829952 0.014731 * 8  11   1   5   6   3   9  10 
8 10 0.736876 0.014731 * 8  11   1   5   6   3  10   0 
9 10 0.101382 0.031214 * 9  10 
11 10 0.671249 0.012339 * 11   1   4   6   3   9  10 
11 10 0.578173 0.012339 * 11   1   4   6   3  10   0 
11 10 0.576731 0.008706 * 11   1   4   7   9  10   0 
11 10 0.707469 0.023937 * 11   1   5   6   3   9  10 
11 10 0.614393 0.023937 * 11   1   5   6   3  10   0 
1 11 0.141084 0.710687 * 1  11 
2 11 0.243729 0.447120 * 2   8  11 
3 11 0.496255 0.106287 * 3   6   4   1  11   0 
3 11 0.477201 0.077806 * 3   6   5   1  11   0 
3 11 0.582668 0.015326 * 3   6   5   2   8  11 
4 11 0.265038 0.129372 * 4   1  11 
5 11 0.255028 0.413838 * 5   1  11   0 
5 11 0.360495 0.030117 * 5   2   8  11 
6 11 0.385634 0.098685 * 6   4   1  11   0 
6 11 0.366579 0.072241 * 6   5   1  11   0 
6 11 0.472047 0.014229 * 6   5   2   8  11 
7 11 0.382197 0.295220 * 7   4   1  11 
8 11 0.122483 0.916866 * 8  11 
9 11 0.598239 0.007423 * 9   3   6   4   1  11   0 
9 11 0.579185 0.007423 * 9   3   6   5   1  11   0 
9 11 0.684653 0.007423 * 9   3   6   5   2   8  11 
9 11 0.485040 0.002549 * 9   7   4   1  11   0   0 
10 11 0.601385 0.050662 * 10   3   6   4   1  11   0   0 
10 11 0.582331 0.050662 * 10   3   6   5   1  11   0   0 
10 11 0.687799 0.018021 * 10   3   6   5   2   8  11   0 
10 11 0.699827 0.010342 * 10   9   3   6   4   1  11   0 
10 11 0.680772 0.010342 * 10   9   3   6   5   1  11   0 
10 11 0.786240 0.010342 * 10   9   3   6   5   2   8  11 
10 11 0.586628 0.005133 * 10   9   7   4   1  11   0   0 
