2 1 2 0.183218 * 2  5  1 
3 1 3 0.024917 * 3  6  4  1 
3 1 3 0.024917 * 3  6  5  1 
4 1 1 0.042600 * 4  1 
5 1 1 0.173651 * 5  1 
6 1 2 0.034306 * 6  4  1 
6 1 2 0.034306 * 6  5  1 
7 1 2 0.124548 * 7  4  1 
8 1 2 0.113818 * 8  11   1 
9 1 3 0.012171 * 9  7  4  1 
10 1 4 0.018528 * 10   3   6   4   1 
10 1 4 0.018528 * 10   3   6   5   1 
10 1 4 0.018528 * 10   9   7   4   1 
11 1 1 0.325218 * 11   1 
1 2 2 0.106078 * 1  5  2 
3 2 3 0.070431 * 3  6  5  2 
4 2 3 0.033596 * 4  1  5  2 
4 2 3 0.033596 * 4  6  5  2 
5 2 1 0.185885 * 5  2 
6 2 2 0.059963 * 6  5  2 
7 2 4 0.091761 * 7  4  1  5  2 
7 2 4 0.091761 * 7  4  6  5  2 
8 2 1 0.031034 * 8  2 
9 2 4 0.014022 * 9  3  6  5  2 
10 2 4 0.045691 * 10   3   6   5   2 
11 2 2 0.065952 * 11   8   2 
1 3 3 0.014324 * 1  4  6  3 
1 3 3 0.014324 * 1  5  6  3 
2 3 3 0.207344 * 2  5  6  3 
4 3 2 0.038414 * 4  6  3 
5 3 2 0.060080 * 5  6  3 
6 3 1 0.059089 * 6  3 
7 3 2 0.106146 * 7  9  3 
8 3 4 0.088708 * 8  2  5  6  3 
9 3 1 0.066954 * 9  3 
10 3 1 0.087991 * 10   3 
11 3 4 0.046613 * 11   1   4   6   3 
11 3 4 0.046613 * 11   1   5   6   3 
1 4 1 0.044214 * 1  4 
2 4 3 0.069361 * 2  5  1  4 
2 4 3 0.069361 * 2  5  6  4 
3 4 2 0.025037 * 3  6  4 
5 4 2 0.031261 * 5  1  4 
5 4 2 0.031261 * 5  6  4 
6 4 1 0.023056 * 6  4 
7 4 1 0.262864 * 7  4 
8 4 3 0.037621 * 8  11   1   4 
9 4 2 0.013700 * 9  7  4 
10 4 3 0.010374 * 10   3   6   4 
10 4 3 0.010374 * 10   9   7   4 
11 4 2 0.045696 * 11   1   4 
1 5 1 0.115389 * 1  5 
2 5 1 0.496096 * 2  5 
3 5 2 0.068563 * 3  6  5 
4 5 2 0.026031 * 4  1  5 
4 5 2 0.026031 * 4  6  5 
6 5 1 0.081127 * 6  5 
7 5 3 0.070257 * 7  4  1  5 
7 5 3 0.070257 * 7  4  6  5 
8 5 2 0.168206 * 8  2  5 
9 5 3 0.022667 * 9  3  6  5 
10 5 3 0.066765 * 10   3   6   5 
11 5 2 0.213259 * 11   1   5 
1 6 2 0.025148 * 1  4  6 
1 6 2 0.025148 * 1  5  6 
2 6 2 0.209060 * 2  5  6 
3 6 1 0.069861 * 3  6 
4 6 1 0.029553 * 4  6 
5 6 1 0.103183 * 5  6 
7 6 2 0.057319 * 7  4  6 
8 6 3 0.066488 * 8  2  5  6 
9 6 2 0.007991 * 9  3  6 
10 6 2 0.025352 * 10   3   6 
11 6 3 0.045768 * 11   1   4   6 
11 6 3 0.045768 * 11   1   5   6 
1 7 2 0.117638 * 1  4  7 
2 7 4 0.253465 * 2  5  1  4  7 
2 7 4 0.253465 * 2  5  6  4  7 
3 7 2 0.064176 * 3  9  7 
4 7 1 0.112918 * 4  7 
5 7 3 0.142637 * 5  1  4  7 
5 7 3 0.142637 * 5  6  4  7 
6 7 2 0.070619 * 6  4  7 
8 7 4 0.318024 * 8  11   1   4   7 
9 7 1 0.033264 * 9  7 
10 7 2 0.168470 * 10   9   7 
11 7 3 0.294530 * 11   1   4   7 
1 8 2 0.251915 * 1  11   8 
2 8 1 0.435979 * 2  8 
3 8 4 0.124809 * 3  6  5  2  8 
4 8 3 0.248646 * 4   1  11   8 
5 8 2 0.398938 * 5  2  8 
6 8 3 0.135842 * 6  5  2  8 
7 8 4 0.431226 * 7   4   1  11   8 
9 8 5 0.023619 * 9  3  6  5  2  8 
9 8 5 0.023619 * 9   7   4   1  11   8 
10 8 5 0.166422 * 10   3   6   5   2   8 
11 8 1 0.527053 * 11   8 
1 9 3 0.007000 * 1  4  7  9 
2 9 4 0.032440 * 2  5  6  3  9 
3 9 1 0.064784 * 3  9 
4 9 2 0.009325 * 4  7  9 
5 9 3 0.023216 * 5  6  3  9 
6 9 2 0.007677 * 6  3  9 
7 9 1 0.015339 * 7  9 
8 9 5 0.010908 * 8  2  5  6  3  9 
8 9 5 0.010908 * 8  11   1   4   7   9 
10 9 1 0.021187 * 10   9 
11 9 4 0.012963 * 11   1   4   7   9 
1 10 4 0.026631 * 1   4   6   3  10 
1 10 4 0.026631 * 1   4   7   9  10 
1 10 4 0.040962 * 1   5   6   3  10 
2 10 4 0.223574 * 2   5   6   3  10 
3 10 1 0.036238 * 3  10 
4 10 3 0.012090 * 4   6   3  10 
4 10 3 0.012090 * 4   7   9  10 
5 10 3 0.076870 * 5   6   3  10 
6 10 2 0.037533 * 6   3  10 
7 10 2 0.125527 * 7   9  10 
8 10 5 0.126754 * 8   2   5   6   3  10 
9 10 1 0.025918 * 9  10 
11 10 5 0.020400 * 11   1   4   6   3  10 
11 10 5 0.020400 * 11   1   4   7   9  10 
11 10 5 0.026044 * 11   1   5   6   3  10 
1 11 1 0.669592 * 1  11 
2 11 2 0.502912 * 2   8  11 
3 11 4 0.095366 * 3   6   4   1  11 
3 11 4 0.095366 * 3   6   5   1  11 
4 11 2 0.112143 * 4   1  11 
5 11 2 0.293466 * 5   1  11 
6 11 3 0.059726 * 6   4   1  11 
6 11 3 0.059726 * 6   5   1  11 
7 11 3 0.386281 * 7   4   1  11 
8 11 1 0.964112 * 8  11 
9 11 4 0.038278 * 9   7   4   1  11 
10 11 5 0.061201 * 10   3   6   4   1  11 
10 11 5 0.061201 * 10   3   6   5   1  11 
10 11 5 0.061201 * 10   9   7   4   1  11 
