2  5  1 
0.142468
3  6  4  1 
0.012919
3  6  5  1 
0.012919
4  1 
0.019246
5  1 
0.163066
6  4  1 
0.035464
6  5  1 
0.035464
7  4  1 
0.089558
8  11   1 
0.094146
9  7  4  1 
0.008626
10   3   6   4   1 
0.015582
10   3   6   5   1 
0.015582
10   9   7   4   1 
0.015582
11   1 
0.725936
1  5  2 
0.088984
3  6  5  2 
0.040125
4  1  5  2 
0.023346
4  6  5  2 
0.023346
5  2 
0.162275
6  5  2 
0.096496
7  4  1  5  2 
0.048465
7  4  6  5  2 
0.048465
8  2 
0.056594
9  3  6  5  2 
0.011039
10   3   6   5   2 
0.042217
11   8   2 
0.089197
1  4  6  3 
0.030005
1  5  6  3 
0.030005
2  5  6  3 
0.293832
4  6  3 
0.032887
5  6  3 
0.076030
6  3 
0.074777
7  9  3 
0.050440
8  2  5  6  3 
0.103118
9  3 
0.075744
10   3 
0.075714
11   1   4   6   3 
0.058539
11   1   5   6   3 
0.058539
1  4 
0.037756
2  5  1  4 
0.079477
2  5  6  4 
0.079477
3  6  4 
0.018725
5  1  4 
0.019236
5  6  4 
0.019236
6  4 
0.028022
7  4 
0.390838
8  11   1   4 
0.050263
9  7  4 
0.005002
10   3   6   4 
0.003855
10   9   7   4 
0.003855
11   1   4 
0.083038
1  5 
0.109912
2  5 
0.713517
3  6  5 
0.088530
4  1  5 
0.036340
4  6  5 
0.036340
6  5 
0.089384
7  4  1  5 
0.115544
7  4  6  5 
0.115544
8  2  5 
0.196334
9  3  6  5 
0.014588
10   3   6   5 
0.047159
11   1   5 
0.200212
1  4  6 
0.044286
1  5  6 
0.044286
2  5  6 
0.228903
3  6 
0.020526
4  6 
0.030850
5  6 
0.116822
7  4  6 
0.017734
8  2  5  6 
0.050491
9  3  6 
0.004699
10   3   6 
0.018331
11   1   4   6 
0.045112
11   1   5   6 
0.045112
1  4  7 
0.151586
2  5  1  4  7 
0.408724
2  5  6  4  7 
0.408724
3  9  7 
0.069504
4  7 
0.109217
5  1  4  7 
0.131815
5  6  4  7 
0.131815
6  4  7 
0.050543
8  11   1   4   7 
0.322139
9  7 
0.023203
10   9   7 
0.119465
11   1   4   7 
0.353723
1  11   8 
0.272210
2  8 
0.454039
3  6  5  2  8 
0.085032
4   1  11   8 
0.213559
5  2  8 
0.475867
6  5  2  8 
0.132470
7   4   1  11   8 
0.282058
9  3  6  5  2  8 
0.019037
9   7   4   1  11   8 
0.019037
10   3   6   5   2   8 
0.119682
11   8 
0.510936
1  4  7  9 
0.007518
2  5  6  3  9 
0.051096
3  9 
0.027213
4  7  9 
0.006497
5  6  3  9 
0.023669
6  3  9 
0.004957
7  9 
0.057164
8  2  5  6  3  9 
0.010132
8  11   1   4   7   9 
0.010132
10   9 
0.010487
11   1   4   7   9 
0.017047
1   4   6   3  10 
0.034547
1   4   7   9  10 
0.034547
1   5   6   3  10 
0.059552
2   5   6   3  10 
0.460786
3  10 
0.020163
4   6   3  10 
0.008409
4   7   9  10 
0.008409
5   6   3  10 
0.080802
6   3  10 
0.032601
7   9  10 
0.091453
8   2   5   6   3  10 
0.148090
9  10 
0.031214
11   1   4   6   3  10 
0.024368
11   1   4   7   9  10 
0.024368
11   1   5   6   3  10 
0.032522
1  11 
0.710687
2   8  11 
0.447120
3   6   4   1  11 
0.099710
3   6   5   1  11 
0.099710
4   1  11 
0.129372
5   1  11 
0.443955
6   4   1  11 
0.092578
6   5   1  11 
0.092578
7   4   1  11 
0.295220
8  11 
0.916866
9   7   4   1  11 
0.024817
10   3   6   4   1  11 
0.051835
10   3   6   5   1  11 
0.051835
10   9   7   4   1  11 
0.051835
