2  5  1 
0.079803
3  6  4  1 
0.007527
3  6  5  1 
0.007527
4  1 
0.010824
5  1 
0.095476
6  4  1 
0.010924
6  5  1 
0.010924
7  4  1 
0.096325
8  11   1 
0.080557
9  7  4  1 
0.021624
10   3   6   4   1 
0.014457
10   3   6   5   1 
0.014457
10   9   7   4   1 
0.014457
11   1 
0.572464
1  5  2 
0.071085
3  6  5  2 
0.057070
4  1  5  2 
0.046612
4  6  5  2 
0.046612
5  2 
0.105153
6  5  2 
0.048303
7  4  1  5  2 
0.231129
7  4  6  5  2 
0.231129
8  2 
0.029330
9  3  6  5  2 
0.009152
10   3   6   5   2 
0.039989
11   8   2 
0.056039
1  4  6  3 
0.018980
1  5  6  3 
0.018980
2  5  6  3 
0.262984
4  6  3 
0.028824
5  6  3 
0.034551
6  3 
0.046468
7  9  3 
0.027300
8  2  5  6  3 
0.058623
9  3 
0.051269
10   3 
0.064243
11   1   4   6   3 
0.033720
11   1   5   6   3 
0.033720
1  4 
0.030313
2  5  1  4 
0.077044
2  5  6  4 
0.077044
3  6  4 
0.012269
5  1  4 
0.023865
5  6  4 
0.023865
6  4 
0.014256
7  4 
0.382802
8  11   1   4 
0.031211
9  7  4 
0.006929
10   3   6   4 
0.005906
10   9   7   4 
0.005906
11   1   4 
0.031539
1  5 
0.068940
2  5 
0.640892
3  6  5 
0.041194
4  1  5 
0.017554
4  6  5 
0.017554
6  5 
0.054797
7  4  1  5 
0.044004
7  4  6  5 
0.044004
8  2  5 
0.144478
9  3  6  5 
0.027014
10   3   6   5 
0.039510
11   1   5 
0.161770
1  4  6 
0.021281
1  5  6 
0.021281
2  5  6 
0.214129
3  6 
0.018214
4  6 
0.021077
5  6 
0.057397
7  4  6 
0.022901
8  2  5  6 
0.042105
9  3  6 
0.003442
10   3   6 
0.025386
11   1   4   6 
0.041231
11   1   5   6 
0.041231
1  4  7 
0.096943
2  5  1  4  7 
0.378614
2  5  6  4  7 
0.378614
3  9  7 
0.018772
4  7 
0.077454
5  1  4  7 
0.095525
5  6  4  7 
0.095525
6  4  7 
0.032848
8  11   1   4   7 
0.274037
9  7 
0.024343
10   9   7 
0.126798
11   1   4   7 
0.280208
1  11   8 
0.225196
2  8 
0.323326
3  6  5  2  8 
0.082372
4   1  11   8 
0.184725
5  2  8 
0.325730
6  5  2  8 
0.095208
7   4   1  11   8 
0.260093
9  3  6  5  2  8 
0.014279
9   7   4   1  11   8 
0.014279
10   3   6   5   2   8 
0.121464
11   8 
0.323061
1  4  7  9 
0.005287
2  5  6  3  9 
0.041032
3  9 
0.034254
4  7  9 
0.003587
5  6  3  9 
0.020033
6  3  9 
0.002156
7  9 
0.034972
8  2  5  6  3  9 
0.009838
8  11   1   4   7   9 
0.009838
10   9 
0.012357
11   1   4   7   9 
0.007675
1   4   6   3  10 
0.024092
1   4   7   9  10 
0.024092
1   5   6   3  10 
0.042092
2   5   6   3  10 
0.463801
3  10 
0.017307
4   6   3  10 
0.005276
4   7   9  10 
0.005276
5   6   3  10 
0.054024
6   3  10 
0.017228
7   9  10 
0.097336
8   2   5   6   3  10 
0.116573
9  10 
0.015631
11   1   4   6   3  10 
0.016669
11   1   4   7   9  10 
0.016669
11   1   5   6   3  10 
0.022181
1  11 
0.595165
2   8  11 
0.323706
3   6   4   1  11 
0.082345
3   6   5   1  11 
0.082345
4   1  11 
0.104131
5   1  11 
0.284988
6   4   1  11 
0.034551
6   5   1  11 
0.034551
7   4   1  11 
0.330926
8  11 
0.675174
9   7   4   1  11 
0.018117
10   3   6   4   1  11 
0.054092
10   3   6   5   1  11 
0.054092
10   9   7   4   1  11 
0.054092
