2  5  1 
0.183218
3  6  4  1 
0.024917
3  6  5  1 
0.024917
4  1 
0.042600
5  1 
0.173651
6  4  1 
0.034306
6  5  1 
0.034306
7  4  1 
0.124548
8  11   1 
0.113818
9  7  4  1 
0.012171
10   3   6   4   1 
0.018528
10   3   6   5   1 
0.018528
10   9   7   4   1 
0.018528
11   1 
0.325218
1  5  2 
0.106078
3  6  5  2 
0.070431
4  1  5  2 
0.033596
4  6  5  2 
0.033596
5  2 
0.185885
6  5  2 
0.059963
7  4  1  5  2 
0.091761
7  4  6  5  2 
0.091761
8  2 
0.031034
9  3  6  5  2 
0.014022
10   3   6   5   2 
0.045691
11   8   2 
0.065952
1  4  6  3 
0.014324
1  5  6  3 
0.014324
2  5  6  3 
0.207344
4  6  3 
0.038414
5  6  3 
0.060080
6  3 
0.059089
7  9  3 
0.106146
8  2  5  6  3 
0.088708
9  3 
0.066954
10   3 
0.087991
11   1   4   6   3 
0.046613
11   1   5   6   3 
0.046613
1  4 
0.044214
2  5  1  4 
0.069361
2  5  6  4 
0.069361
3  6  4 
0.025037
5  1  4 
0.031261
5  6  4 
0.031261
6  4 
0.023056
7  4 
0.262864
8  11   1   4 
0.037621
9  7  4 
0.013700
10   3   6   4 
0.010374
10   9   7   4 
0.010374
11   1   4 
0.045696
1  5 
0.115389
2  5 
0.496096
3  6  5 
0.068563
4  1  5 
0.026031
4  6  5 
0.026031
6  5 
0.081127
7  4  1  5 
0.070257
7  4  6  5 
0.070257
8  2  5 
0.168206
9  3  6  5 
0.022667
10   3   6   5 
0.066765
11   1   5 
0.213259
1  4  6 
0.025148
1  5  6 
0.025148
2  5  6 
0.209060
3  6 
0.069861
4  6 
0.029553
5  6 
0.103183
7  4  6 
0.057319
8  2  5  6 
0.066488
9  3  6 
0.007991
10   3   6 
0.025352
11   1   4   6 
0.045768
11   1   5   6 
0.045768
1  4  7 
0.117638
2  5  1  4  7 
0.253465
2  5  6  4  7 
0.253465
3  9  7 
0.064176
4  7 
0.112918
5  1  4  7 
0.142637
5  6  4  7 
0.142637
6  4  7 
0.070619
8  11   1   4   7 
0.318024
9  7 
0.033264
10   9   7 
0.168470
11   1   4   7 
0.294530
1  11   8 
0.251915
2  8 
0.435979
3  6  5  2  8 
0.124809
4   1  11   8 
0.248646
5  2  8 
0.398938
6  5  2  8 
0.135842
7   4   1  11   8 
0.431226
9  3  6  5  2  8 
0.023619
9   7   4   1  11   8 
0.023619
10   3   6   5   2   8 
0.166422
11   8 
0.527053
1  4  7  9 
0.007000
2  5  6  3  9 
0.032440
3  9 
0.064784
4  7  9 
0.009325
5  6  3  9 
0.023216
6  3  9 
0.007677
7  9 
0.015339
8  2  5  6  3  9 
0.010908
8  11   1   4   7   9 
0.010908
10   9 
0.021187
11   1   4   7   9 
0.012963
1   4   6   3  10 
0.026631
1   4   7   9  10 
0.026631
1   5   6   3  10 
0.040962
2   5   6   3  10 
0.223574
3  10 
0.036238
4   6   3  10 
0.012090
4   7   9  10 
0.012090
5   6   3  10 
0.076870
6   3  10 
0.037533
7   9  10 
0.125527
8   2   5   6   3  10 
0.126754
9  10 
0.025918
11   1   4   6   3  10 
0.020400
11   1   4   7   9  10 
0.020400
11   1   5   6   3  10 
0.026044
1  11 
0.669592
2   8  11 
0.502912
3   6   4   1  11 
0.095366
3   6   5   1  11 
0.095366
4   1  11 
0.112143
5   1  11 
0.293466
6   4   1  11 
0.059726
6   5   1  11 
0.059726
7   4   1  11 
0.386281
8  11 
0.964112
9   7   4   1  11 
0.038278
10   3   6   4   1  11 
0.061201
10   3   6   5   1  11 
0.061201
10   9   7   4   1  11 
0.061201
