2 1 0.243935 0.170793 * 2  5  1  0 
2 1 0.365504 0.012424 * 2   8  11   1 
3 1 0.360857 0.029590 * 3  6  4  1 
3 1 0.338372 0.020243 * 3  6  5  1 
4 1 0.128487 0.042600 * 4  1 
5 1 0.111237 0.173651 * 5  1 
6 1 0.246601 0.040741 * 6  4  1 
6 1 0.224115 0.027872 * 6  5  1 
7 1 0.248374 0.124548 * 7  4  1 
8 1 0.243372 0.113818 * 8  11   1 
9 1 0.463580 0.005147 * 9  3  6  4  1 
9 1 0.441095 0.005147 * 9  3  6  5  1 
9 1 0.351847 0.001878 * 9  7  4  1  0 
10 1 0.467762 0.023157 * 10   3   6   4   1   0 
10 1 0.445276 0.023157 * 10   3   6   5   1   0 
10 1 0.565568 0.003403 * 10   9   3   6   4   1 
10 1 0.543082 0.003403 * 10   9   3   6   5   1 
10 1 0.453835 0.002464 * 10   9   7   4   1   0 
11 1 0.119286 0.325218 * 11   1 
1 2 0.232490 0.053039 * 1  5  2  0 
1 2 0.365356 0.053039 * 1  11   8   2 
3 2 0.346268 0.070431 * 3  6  5  2 
4 2 0.360977 0.028576 * 4  1  5  2  0 
4 2 0.493843 0.028576 * 4   1  11   8   2 
4 2 0.334216 0.010039 * 4  6  5  2  0 
5 2 0.119133 0.185885 * 5  2 
6 2 0.232012 0.059963 * 6  5  2 
7 2 0.480864 0.071065 * 7  4  1  5  2  0 
7 2 0.613730 0.071065 * 7   4   1  11   8   2 
7 2 0.454103 0.024966 * 7  4  6  5  2  0 
7 2 0.552084 0.016425 * 7  9  3  6  5  2 
8 2 0.106014 0.031034 * 8  2 
9 2 0.448991 0.014022 * 9  3  6  5  2 
10 2 0.453173 0.041250 * 10   3   6   5   2   0 
10 2 0.550978 0.004441 * 10   9   3   6   5   2 
11 2 0.224006 0.065952 * 11   8   2 
1 3 0.330689 0.007972 * 1  4  6  3  0 
1 3 0.440845 0.007570 * 1  4  7  9  3 
1 3 0.357743 0.013106 * 1  5  6  3  0 
2 3 0.377084 0.207344 * 2  5  6  3 
4 3 0.216987 0.019705 * 4  6  3  0 
4 3 0.327143 0.018710 * 4  7  9  3 
5 3 0.244386 0.060080 * 5  6  3 
6 3 0.114782 0.059089 * 6  3 
7 3 0.205816 0.106146 * 7  9  3 
8 3 0.483098 0.032461 * 8  2  5  6  3  0  0 
8 3 0.574060 0.018749 * 8  11   1   4   6   3   0 
8 3 0.684216 0.018749 * 8  11   1   4   7   9   3 
8 3 0.601114 0.018749 * 8  11   1   5   6   3   0 
9 3 0.102723 0.066954 * 9  3 
10 3 0.204710 0.008553 * 10   9   3 
10 3 0.106904 0.079439 * 10   3   0 
11 3 0.449974 0.025943 * 11   1   4   6   3   0 
11 3 0.560130 0.024633 * 11   1   4   7   9   3 
11 3 0.477029 0.042650 * 11   1   5   6   3   0 
1 4 0.113702 0.044214 * 1  4 
2 4 0.357637 0.043140 * 2  5  1  4  0 
2 4 0.380416 0.093433 * 2  5  6  4  0 
2 4 0.479206 0.002148 * 2   8  11   1   4 
3 4 0.232370 0.021143 * 3  6  4  0 
3 4 0.325541 0.003895 * 3  9  7  4 
5 4 0.224939 0.019749 * 5  1  4 
5 4 0.247718 0.042773 * 5  6  4 
6 4 0.118113 0.023056 * 6  4 
7 4 0.119887 0.262864 * 7  4 
8 4 0.357073 0.037621 * 8  11   1   4 
9 4 0.223360 0.013700 * 9  7  4 
10 4 0.339274 0.014719 * 10   3   6   4   0 
10 4 0.432445 0.005207 * 10   3   9   7   4 
10 4 0.325347 0.000822 * 10   9   7   4   0 
11 4 0.232988 0.045696 * 11   1   4 
1 5 0.113356 0.115389 * 1  5 
2 5 0.132698 0.496096 * 2  5 
3 5 0.227135 0.068563 * 3  6  5 
4 5 0.241844 0.033156 * 4  1  5 
4 5 0.215083 0.018906 * 4  6  5 
6 5 0.112878 0.081127 * 6  5 
7 5 0.361730 0.072746 * 7  4  1  5  0 
7 5 0.334970 0.041480 * 7  4  6  5  0 
7 5 0.432951 0.026288 * 7  9  3  6  5 
8 5 0.238712 0.126470 * 8  2  5  0 
8 5 0.356728 0.041736 * 8  11   1   5 
9 5 0.329858 0.022667 * 9  3  6  5 
10 5 0.334039 0.060275 * 10   3   6   5   0 
10 5 0.431845 0.006490 * 10   9   3   6   5 
11 5 0.232642 0.213259 * 11   1   5 
1 6 0.215907 0.013977 * 1  4  6 
1 6 0.242961 0.036319 * 1  5  6 
2 6 0.262302 0.209060 * 2  5  6 
3 6 0.114256 0.069861 * 3  6 
4 6 0.102205 0.029553 * 4  6 
5 6 0.129604 0.103183 * 5  6 
7 6 0.222092 0.029402 * 7  4  6  0 
7 6 0.320073 0.027917 * 7  9  3  6 
8 6 0.368317 0.034738 * 8  2  5  6  0 
8 6 0.459278 0.015875 * 8  11   1   4   6 
8 6 0.486332 0.015875 * 8  11   1   5   6 
9 6 0.216979 0.007991 * 9  3  6 
10 6 0.221161 0.022888 * 10   3   6   0 
10 6 0.318967 0.002464 * 10   9   3   6 
11 6 0.335192 0.026258 * 11   1   4   6 
11 6 0.362247 0.065278 * 11   1   5   6 
1 7 0.235028 0.117638 * 1  4  7 
2 7 0.478963 0.119194 * 2  5  1  4  7  0  0 
2 7 0.582739 0.072620 * 2  5  6  3  9  7  0 
2 7 0.689668 0.028768 * 2   5   6   3  10   9   7 
2 7 0.501742 0.280839 * 2  5  6  4  7  0  0 
2 7 0.600532 0.005509 * 2   8  11   1   4   7   0 
3 7 0.205654 0.047218 * 3  9  7  0 
3 7 0.312584 0.016958 * 3  10   9   7 
4 7 0.121326 0.112918 * 4  7 
5 7 0.346265 0.066589 * 5  1  4  7  0  0 
5 7 0.450041 0.040570 * 5  6  3  9  7  0 
5 7 0.556970 0.016071 * 5   6   3  10   9   7 
5 7 0.369044 0.162043 * 5  6  4  7  0  0 
6 7 0.320436 0.013101 * 6  3  9  7  0 
6 7 0.427366 0.005190 * 6   3  10   9   7 
6 7 0.239440 0.052328 * 6  4  7  0  0 
8 7 0.478400 0.318024 * 8  11   1   4   7 
9 7 0.103473 0.033264 * 9  7 
10 7 0.205461 0.168470 * 10   9   7 
11 7 0.354314 0.294530 * 11   1   4   7 
1 8 0.354622 0.043862 * 1  5  2  8 
1 8 0.259342 0.208053 * 1  11   8   0 
2 8 0.122132 0.435979 * 2  8 
3 8 0.468400 0.124809 * 3  6  5  2  8 
4 8 0.483109 0.043970 * 4  1  5  2  8 
4 8 0.387829 0.186191 * 4   1  11   8   0 
4 8 0.456349 0.018486 * 4  6  5  2  8 
5 8 0.241266 0.398938 * 5  2  8 
6 8 0.354144 0.135842 * 6  5  2  8 
7 8 0.602996 0.094029 * 7  4  1  5  2  8 
7 8 0.507716 0.297666 * 7   4   1  11   8   0 
7 8 0.576235 0.039531 * 7  4  6  5  2  8 
9 8 0.571123 0.002998 * 9  3  6  5  2  8  0 
9 8 0.706469 0.016258 * 9  7  4  1  5  2  8 
9 8 0.611189 0.016258 * 9   7   4   1  11   8   0 
9 8 0.679709 0.011725 * 9  7  4  6  5  2  8 
10 8 0.575305 0.051095 * 10   3   6   5   2   8   0   0 
10 8 0.673111 0.009321 * 10   9   3   6   5   2   8   0 
10 8 0.808457 0.035336 * 10   9   7   4   1   5   2   8 
10 8 0.713177 0.035336 * 10   9   7   4   1  11   8   0 
10 8 0.781696 0.035336 * 10   9   7   4   6   5   2   8 
11 8 0.117992 0.527053 * 11   8 
1 9 0.539799 0.001617 * 1   4   6   3  10   9 
1 9 0.432870 0.001617 * 1  4  6  3  9  0 
1 9 0.338122 0.003767 * 1  4  7  9  0  0 
2 9 0.783734 0.004731 * 2   5   1   4   6   3  10   9 
2 9 0.676805 0.004731 * 2  5  1  4  6  3  9  0 
2 9 0.582057 0.008732 * 2  5  1  4  7  9  0  0 
2 9 0.586195 0.007124 * 2   5   6   3  10   9   0   0 
2 9 0.479265 0.007124 * 2  5  6  3  9  0  0  0 
3 9 0.209110 0.017118 * 3  10   9 
3 9 0.102181 0.047666 * 3  9  0 
4 9 0.426097 0.002154 * 4   6   3  10   9 
4 9 0.319168 0.002154 * 4  6  3  9  0 
4 9 0.224420 0.005018 * 4  7  9  0  0 
5 9 0.651036 0.003386 * 5   1   4   6   3  10   9 
5 9 0.544107 0.003386 * 5  1  4  6  3  9  0 
5 9 0.449359 0.006249 * 5  1  4  7  9  0  0 
5 9 0.453497 0.005098 * 5   6   3  10   9   0   0 
5 9 0.346567 0.005098 * 5  6  3  9  0  0  0 
6 9 0.323892 0.002679 * 6   3  10   9 
6 9 0.216963 0.004998 * 6  3  9  0 
7 9 0.103094 0.015339 * 7  9 
8 9 0.889748 0.003917 * 8   2   5   1   4   6   3  10   9 
8 9 0.782819 0.003917 * 8  2  5  1  4  6  3  9  0 
8 9 0.688071 0.003917 * 8  2  5  1  4  7  9  0  0 
8 9 0.692209 0.003917 * 8   2   5   6   3  10   9   0   0 
8 9 0.585280 0.003917 * 8  2  5  6  3  9  0  0  0 
8 9 0.783171 0.000744 * 8  11   1   4   6   3  10   9   0 
8 9 0.676241 0.000744 * 8  11   1   4   6   3   9   0   0 
8 9 0.581493 0.000744 * 8  11   1   4   7   9   0   0   0 
10 9 0.101988 0.021187 * 10   9 
11 9 0.659085 0.004321 * 11   1   4   6   3  10   9 
11 9 0.552155 0.004321 * 11   1   4   6   3   9   0 
11 9 0.457407 0.004321 * 11   1   4   7   9   0   0 
1 10 0.534649 0.013629 * 1   4   6   3   9  10 
1 10 0.437812 0.013629 * 1   4   6   3  10   0 
1 10 0.439901 0.011657 * 1   4   7   9  10   0 
1 10 0.561703 0.027654 * 1   5   6   3   9  10 
1 10 0.464866 0.027654 * 1   5   6   3  10   0 
2 10 0.581045 0.080571 * 2   5   6   3   9  10 
2 10 0.484207 0.143003 * 2   5   6   3  10   0 
3 10 0.203960 0.009786 * 3   9  10 
3 10 0.107123 0.026451 * 3  10   0 
4 10 0.420947 0.008469 * 4   6   3   9  10 
4 10 0.324110 0.008469 * 4   6   3  10   0 
4 10 0.326199 0.007244 * 4   7   9  10   0 
5 10 0.448347 0.020760 * 5   6   3   9  10 
5 10 0.351509 0.056110 * 5   6   3  10   0 
6 10 0.318742 0.010136 * 6   3   9  10 
6 10 0.221905 0.027397 * 6   3  10   0 
7 10 0.204873 0.125527 * 7   9  10 
8 10 0.687059 0.026253 * 8   2   5   6   3   9  10   0 
8 10 0.590221 0.026253 * 8   2   5   6   3  10   0   0 
8 10 0.778021 0.014850 * 8  11   1   4   6   3   9  10 
8 10 0.681183 0.014850 * 8  11   1   4   6   3  10   0 
8 10 0.683273 0.014850 * 8  11   1   4   7   9  10   0 
8 10 0.805075 0.014850 * 8  11   1   5   6   3   9  10 
8 10 0.708237 0.014850 * 8  11   1   5   6   3  10   0 
9 10 0.101779 0.025918 * 9  10 
11 10 0.653935 0.010063 * 11   1   4   6   3   9  10 
11 10 0.557097 0.010063 * 11   1   4   6   3  10   0 
11 10 0.559187 0.008607 * 11   1   4   7   9  10   0 
11 10 0.680989 0.019056 * 11   1   5   6   3   9  10 
11 10 0.584152 0.019056 * 11   1   5   6   3  10   0 
1 11 0.141350 0.669592 * 1  11 
2 11 0.246218 0.502912 * 2   8  11 
3 11 0.502208 0.103069 * 3   6   4   1  11   0 
3 11 0.479722 0.075641 * 3   6   5   1  11   0 
3 11 0.592486 0.012022 * 3   6   5   2   8  11 
4 11 0.269838 0.112143 * 4   1  11 
5 11 0.252587 0.273565 * 5   1  11   0 
5 11 0.365351 0.019901 * 5   2   8  11 
6 11 0.387951 0.064551 * 6   4   1  11   0 
6 11 0.365466 0.047373 * 6   5   1  11   0 
6 11 0.478230 0.007530 * 6   5   2   8  11 
7 11 0.389724 0.386281 * 7   4   1  11 
8 11 0.124086 0.964112 * 8  11 
9 11 0.604930 0.012280 * 9   3   6   4   1  11   0 
9 11 0.582445 0.012280 * 9   3   6   5   1  11   0 
9 11 0.695209 0.009365 * 9   3   6   5   2   8  11 
9 11 0.493197 0.004352 * 9   7   4   1  11   0   0 
10 11 0.609112 0.066650 * 10   3   6   4   1  11   0   0 
10 11 0.586627 0.066650 * 10   3   6   5   1  11   0   0 
10 11 0.699391 0.014437 * 10   3   6   5   2   8  11   0 
10 11 0.706918 0.009719 * 10   9   3   6   4   1  11   0 
10 11 0.684433 0.009719 * 10   9   3   6   5   1  11   0 
10 11 0.797197 0.009719 * 10   9   3   6   5   2   8  11 
10 11 0.595185 0.006709 * 10   9   7   4   1  11   0   0 
