2 1 2 0.077500 * 2  5  1 
3 1 3 0.011084 * 3  6  4  1 
3 1 3 0.011084 * 3  6  5  1 
4 1 1 0.037764 * 4  1 
5 1 1 0.096002 * 5  1 
6 1 2 0.008941 * 6  4  1 
6 1 2 0.008941 * 6  5  1 
7 1 2 0.096745 * 7  4  1 
8 1 2 0.074751 * 8  11   1 
9 1 3 0.016836 * 9  7  4  1 
10 1 4 0.018235 * 10   3   6   4   1 
10 1 4 0.018235 * 10   3   6   5   1 
10 1 4 0.018235 * 10   9   7   4   1 
11 1 1 0.435627 * 11   1 
1 2 2 0.067073 * 1  5  2 
3 2 3 0.075651 * 3  6  5  2 
4 2 3 0.036725 * 4  1  5  2 
4 2 3 0.036725 * 4  6  5  2 
5 2 1 0.133730 * 5  2 
6 2 2 0.047981 * 6  5  2 
7 2 4 0.050772 * 7  4  1  5  2 
7 2 4 0.050772 * 7  4  6  5  2 
8 2 1 0.034985 * 8  2 
9 2 4 0.013873 * 9  3  6  5  2 
10 2 4 0.046141 * 10   3   6   5   2 
11 2 2 0.054793 * 11   8   2 
1 3 3 0.016364 * 1  4  6  3 
1 3 3 0.016364 * 1  5  6  3 
2 3 3 0.257326 * 2  5  6  3 
4 3 2 0.026522 * 4  6  3 
5 3 2 0.041607 * 5  6  3 
6 3 1 0.065720 * 6  3 
7 3 2 0.038391 * 7  9  3 
8 3 4 0.061003 * 8  2  5  6  3 
9 3 1 0.065243 * 9  3 
10 3 1 0.073908 * 10   3 
11 3 4 0.032619 * 11   1   4   6   3 
11 3 4 0.032619 * 11   1   5   6   3 
1 4 1 0.025662 * 1  4 
2 4 3 0.077773 * 2  5  1  4 
2 4 3 0.077773 * 2  5  6  4 
3 4 2 0.014288 * 3  6  4 
5 4 2 0.020290 * 5  1  4 
5 4 2 0.020290 * 5  6  4 
6 4 1 0.019621 * 6  4 
7 4 1 0.378628 * 7  4 
8 4 3 0.040399 * 8  11   1   4 
9 4 2 0.007711 * 9  7  4 
10 4 3 0.013336 * 10   3   6   4 
10 4 3 0.013336 * 10   9   7   4 
11 4 2 0.024770 * 11   1   4 
1 5 1 0.077436 * 1  5 
2 5 1 0.605918 * 2  5 
3 5 2 0.053495 * 3  6  5 
4 5 2 0.017366 * 4  1  5 
4 5 2 0.017366 * 4  6  5 
6 5 1 0.066779 * 6  5 
7 5 3 0.052249 * 7  4  1  5 
7 5 3 0.052249 * 7  4  6  5 
8 5 2 0.129672 * 8  2  5 
9 5 3 0.036708 * 9  3  6  5 
10 5 3 0.058501 * 10   3   6   5 
11 5 2 0.185667 * 11   1   5 
1 6 2 0.017436 * 1  4  6 
1 6 2 0.017436 * 1  5  6 
2 6 2 0.192700 * 2  5  6 
3 6 1 0.024242 * 3  6 
4 6 1 0.019660 * 4  6 
5 6 1 0.084291 * 5  6 
7 6 2 0.032357 * 7  4  6 
8 6 3 0.060530 * 8  2  5  6 
9 6 2 0.004832 * 9  3  6 
10 6 2 0.026498 * 10   3   6 
11 6 3 0.026592 * 11   1   4   6 
11 6 3 0.026592 * 11   1   5   6 
1 7 2 0.090954 * 1  4  7 
2 7 4 0.402750 * 2  5  1  4  7 
2 7 4 0.402750 * 2  5  6  4  7 
3 7 2 0.040298 * 3  9  7 
4 7 1 0.077833 * 4  7 
5 7 3 0.097874 * 5  1  4  7 
5 7 3 0.097874 * 5  6  4  7 
6 7 2 0.056245 * 6  4  7 
8 7 4 0.305502 * 8  11   1   4   7 
9 7 1 0.053930 * 9  7 
10 7 2 0.148687 * 10   9   7 
11 7 3 0.319104 * 11   1   4   7 
1 8 2 0.188847 * 1  11   8 
2 8 1 0.377454 * 2  8 
3 8 4 0.094196 * 3  6  5  2  8 
4 8 3 0.180311 * 4   1  11   8 
5 8 2 0.260412 * 5  2  8 
6 8 3 0.106296 * 6  5  2  8 
7 8 4 0.370771 * 7   4   1  11   8 
9 8 5 0.021649 * 9  3  6  5  2  8 
9 8 5 0.021649 * 9   7   4   1  11   8 
10 8 5 0.149386 * 10   3   6   5   2   8 
11 8 1 0.319467 * 11   8 
1 9 3 0.003740 * 1  4  7  9 
2 9 4 0.041936 * 2  5  6  3  9 
3 9 1 0.052676 * 3  9 
4 9 2 0.005367 * 4  7  9 
5 9 3 0.017244 * 5  6  3  9 
6 9 2 0.003516 * 6  3  9 
7 9 1 0.037757 * 7  9 
8 9 5 0.007920 * 8  2  5  6  3  9 
8 9 5 0.007920 * 8  11   1   4   7   9 
10 9 1 0.017180 * 10   9 
11 9 4 0.009909 * 11   1   4   7   9 
1 10 4 0.019379 * 1   4   6   3  10 
1 10 4 0.019379 * 1   4   7   9  10 
1 10 4 0.033141 * 1   5   6   3  10 
2 10 4 0.404356 * 2   5   6   3  10 
3 10 1 0.026877 * 3  10 
4 10 3 0.004879 * 4   6   3  10 
4 10 3 0.004879 * 4   7   9  10 
5 10 3 0.027086 * 5   6   3  10 
6 10 2 0.018604 * 6   3  10 
7 10 2 0.126750 * 7   9  10 
8 10 5 0.111678 * 8   2   5   6   3  10 
9 10 1 0.015143 * 9  10 
11 10 5 0.013163 * 11   1   4   6   3  10 
11 10 5 0.013163 * 11   1   4   7   9  10 
11 10 5 0.016904 * 11   1   5   6   3  10 
1 11 1 0.612435 * 1  11 
2 11 2 0.361836 * 2   8  11 
3 11 4 0.106731 * 3   6   4   1  11 
3 11 4 0.106731 * 3   6   5   1  11 
4 11 2 0.125823 * 4   1  11 
5 11 2 0.274074 * 5   1  11 
6 11 3 0.036122 * 6   4   1  11 
6 11 3 0.036122 * 6   5   1  11 
7 11 3 0.342304 * 7   4   1  11 
8 11 1 0.706981 * 8  11 
9 11 4 0.025177 * 9   7   4   1  11 
10 11 5 0.062410 * 10   3   6   4   1  11 
10 11 5 0.062410 * 10   3   6   5   1  11 
10 11 5 0.062410 * 10   9   7   4   1  11 
