2 1 0.249846 0.069490 * 2  5  1  0 
2 1 0.352225 0.008010 * 2   8  11   1 
3 1 0.354184 0.012807 * 3  6  4  1 
3 1 0.331821 0.009360 * 3  6  5  1 
4 1 0.123061 0.037764 * 4  1 
5 1 0.108717 0.096002 * 5  1 
6 1 0.241676 0.010331 * 6  4  1 
6 1 0.219313 0.007550 * 6  5  1 
7 1 0.240845 0.096745 * 7  4  1 
8 1 0.236046 0.074751 * 8  11   1 
9 1 0.456245 0.006353 * 9  3  6  4  1 
9 1 0.433882 0.006353 * 9  3  6  5  1 
9 1 0.344228 0.004131 * 9  7  4  1  0 
10 1 0.460446 0.014626 * 10   3   6   4   1   0 
10 1 0.438083 0.014626 * 10   3   6   5   1   0 
10 1 0.558288 0.009414 * 10   9   3   6   4   1 
10 1 0.535925 0.009414 * 10   9   3   6   5   1 
10 1 0.446270 0.006625 * 10   9   7   4   1   0 
11 1 0.118497 0.435627 * 11   1 
1 2 0.223421 0.033537 * 1  5  2  0 
1 2 0.352453 0.033537 * 1  11   8   2 
3 2 0.336904 0.075651 * 3  6  5  2 
4 2 0.346482 0.030264 * 4  1  5  2  0 
4 2 0.475514 0.030264 * 4   1  11   8   2 
4 2 0.325658 0.012921 * 4  6  5  2  0 
5 2 0.113801 0.133730 * 5  2 
6 2 0.224396 0.047981 * 6  5  2 
7 2 0.464266 0.038539 * 7  4  1  5  2  0 
7 2 0.593297 0.038539 * 7   4   1  11   8   2 
7 2 0.443442 0.017788 * 7  4  6  5  2  0 
7 2 0.541329 0.006680 * 7  9  3  6  5  2 
8 2 0.104901 0.034985 * 8  2 
9 2 0.438966 0.013873 * 9  3  6  5  2 
10 2 0.443166 0.033194 * 10   3   6   5   2   0 
10 2 0.541008 0.012947 * 10   9   3   6   5   2 
11 2 0.217445 0.054793 * 11   8   2 
1 3 0.329431 0.009611 * 1  4  6  3  0 
1 3 0.440739 0.006673 * 1  4  7  9  3 
1 3 0.356297 0.016446 * 1  5  6  3  0 
2 3 0.387804 0.257326 * 2  5  6  3 
4 3 0.216275 0.015654 * 4  6  3  0 
4 3 0.327583 0.010868 * 4  7  9  3 
5 3 0.246676 0.041607 * 5  6  3 
6 3 0.115012 0.065720 * 6  3 
7 3 0.204425 0.038391 * 7  9  3 
8 3 0.492705 0.023600 * 8  2  5  6  3  0  0 
8 3 0.565477 0.012468 * 8  11   1   4   6   3   0 
8 3 0.676786 0.012468 * 8  11   1   4   7   9   3 
8 3 0.592343 0.012468 * 8  11   1   5   6   3   0 
9 3 0.102061 0.065243 * 9  3 
10 3 0.204104 0.020738 * 10   9   3 
10 3 0.106262 0.053170 * 10   3   0 
11 3 0.447927 0.019157 * 11   1   4   6   3   0 
11 3 0.559236 0.013301 * 11   1   4   7   9   3 
11 3 0.474793 0.032781 * 11   1   5   6   3   0 
1 4 0.113156 0.025662 * 1  4 
2 4 0.363002 0.043826 * 2  5  1  4  0 
2 4 0.391406 0.107740 * 2  5  6  4  0 
2 4 0.465381 0.003979 * 2   8  11   1   4 
3 4 0.231123 0.012792 * 3  6  4  0 
3 4 0.322907 0.001496 * 3  9  7  4 
5 4 0.221873 0.011734 * 5  1  4 
5 4 0.250278 0.028846 * 5  6  4 
6 4 0.118614 0.019621 * 6  4 
7 4 0.117784 0.378628 * 7  4 
8 4 0.349202 0.040399 * 8  11   1   4 
9 4 0.221166 0.007711 * 9  7  4 
10 4 0.337385 0.016925 * 10   3   6   4   0 
10 4 0.429169 0.003095 * 10   3   9   7   4 
10 4 0.323209 0.006652 * 10   9   7   4   0 
11 4 0.231653 0.024770 * 11   1   4 
1 5 0.109621 0.077436 * 1  5 
2 5 0.141128 0.605918 * 2  5 
3 5 0.223104 0.053495 * 3  6  5 
4 5 0.232682 0.020854 * 4  1  5 
4 5 0.211858 0.013878 * 4  6  5 
6 5 0.110596 0.066779 * 6  5 
7 5 0.350465 0.052517 * 7  4  1  5  0 
7 5 0.329641 0.034949 * 7  4  6  5  0 
7 5 0.427529 0.017033 * 7  9  3  6  5 
8 5 0.246030 0.097896 * 8  2  5  0 
8 5 0.345667 0.031776 * 8  11   1   5 
9 5 0.325165 0.036708 * 9  3  6  5 
10 5 0.329366 0.042086 * 10   3   6   5   0 
10 5 0.427208 0.016415 * 10   9   3   6   5 
11 5 0.228118 0.185667 * 11   1   5 
1 6 0.214418 0.009426 * 1  4  6 
1 6 0.241284 0.025447 * 1  5  6 
2 6 0.272792 0.192700 * 2  5  6 
3 6 0.112508 0.024242 * 3  6 
4 6 0.101262 0.019660 * 4  6 
5 6 0.131664 0.084291 * 5  6 
7 6 0.219046 0.019098 * 7  4  6  0 
7 6 0.316933 0.013259 * 7  9  3  6 
8 6 0.377693 0.032033 * 8  2  5  6  0 
8 6 0.450465 0.014249 * 8  11   1   4   6 
8 6 0.477331 0.014249 * 8  11   1   5   6 
9 6 0.214569 0.004832 * 9  3  6 
10 6 0.218770 0.019062 * 10   3   6   0 
10 6 0.316612 0.007435 * 10   9   3   6 
11 6 0.332915 0.015237 * 11   1   4   6 
11 6 0.359781 0.037947 * 11   1   5   6 
1 7 0.236315 0.090954 * 1  4  7 
2 7 0.486160 0.198708 * 2  5  1  4  7  0 
2 7 0.592928 0.061628 * 2  5  6  3  9  7 
2 7 0.514565 0.526848 * 2  5  6  4  7  0 
2 7 0.588539 0.018316 * 2   8  11   1   4   7 
3 7 0.205124 0.040298 * 3  9  7 
4 7 0.123159 0.077833 * 4  7 
5 7 0.345032 0.049412 * 5  1  4  7  0 
5 7 0.451799 0.015325 * 5  6  3  9  7 
5 7 0.373436 0.131011 * 5  6  4  7  0 
6 7 0.320136 0.005890 * 6  3  9  7 
6 7 0.241773 0.050355 * 6  4  7  0 
8 7 0.472361 0.305502 * 8  11   1   4   7 
9 7 0.103383 0.053930 * 9  7 
10 7 0.311385 0.031284 * 10   3   9   7 
10 7 0.205426 0.117403 * 10   9   7   0 
11 7 0.354811 0.319104 * 11   1   4   7 
1 8 0.339600 0.038911 * 1  5  2  8 
1 8 0.247551 0.149937 * 1  11   8   0 
2 8 0.116179 0.377454 * 2  8 
3 8 0.453083 0.094196 * 3  6  5  2  8 
4 8 0.462661 0.034681 * 4  1  5  2  8 
4 8 0.370613 0.128070 * 4   1  11   8   0 
4 8 0.441837 0.017560 * 4  6  5  2  8 
5 8 0.229979 0.260412 * 5  2  8 
6 8 0.340575 0.106296 * 6  5  2  8 
7 8 0.580445 0.080648 * 7  4  1  5  2  8 
7 8 0.488396 0.249287 * 7   4   1  11   8   0 
7 8 0.559621 0.040836 * 7  4  6  5  2  8 
9 8 0.555144 0.002504 * 9  3  6  5  2  8  0 
9 8 0.683827 0.015551 * 9  7  4  1  5  2  8 
9 8 0.591779 0.015551 * 9   7   4   1  11   8   0 
9 8 0.663004 0.009691 * 9  7  4  6  5  2  8 
10 8 0.559345 0.016112 * 10   3   6   5   2   8   0   0 
10 8 0.657187 0.008753 * 10   9   3   6   5   2   8   0 
10 8 0.785870 0.045319 * 10   9   7   4   1   5   2   8 
10 8 0.693822 0.045319 * 10   9   7   4   1  11   8   0 
10 8 0.765046 0.033882 * 10   9   7   4   6   5   2   8 
11 8 0.112544 0.319467 * 11   8 
1 9 0.431171 0.000487 * 1  4  6  3  9 
1 9 0.338678 0.003253 * 1  4  7  9  0 
2 9 0.681017 0.004801 * 2  5  1  4  6  3  9 
2 9 0.588524 0.025075 * 2  5  1  4  7  9  0 
2 9 0.489545 0.012061 * 2  5  6  3  9  0  0 
3 9 0.101741 0.052676 * 3  9 
4 9 0.318015 0.000699 * 4  6  3  9 
4 9 0.225522 0.004668 * 4  7  9  0 
5 9 0.539888 0.001974 * 5  1  4  6  3  9 
5 9 0.447395 0.010311 * 5  1  4  7  9  0 
5 9 0.348416 0.004959 * 5  6  3  9  0  0 
6 9 0.216753 0.003516 * 6  3  9 
7 9 0.102364 0.037757 * 7  9 
8 9 0.785918 0.003573 * 8  2  5  1  4  6  3  9 
8 9 0.693425 0.004718 * 8  2  5  1  4  7  9  0 
8 9 0.594446 0.004718 * 8  2  5  6  3  9  0  0 
8 9 0.667218 0.001415 * 8  11   1   4   6   3   9   0 
8 9 0.574725 0.001415 * 8  11   1   4   7   9   0   0 
10 9 0.208003 0.003615 * 10   3   9 
10 9 0.102043 0.013565 * 10   9   0 
11 9 0.549668 0.004012 * 11   1   4   6   3   9 
11 9 0.457175 0.005898 * 11   1   4   7   9   0 
1 10 0.532697 0.009019 * 1   4   6   3   9  10 
1 10 0.437026 0.009019 * 1   4   6   3  10   0 
1 10 0.440204 0.011063 * 1   4   7   9  10   0 
1 10 0.559563 0.021399 * 1   5   6   3   9  10 
1 10 0.463892 0.021399 * 1   5   6   3  10   0 
2 10 0.591071 0.083172 * 2   5   6   3   9  10 
2 10 0.495400 0.321184 * 2   5   6   3  10   0 
3 10 0.203267 0.004936 * 3   9  10 
3 10 0.107595 0.021941 * 3  10   0 
4 10 0.419541 0.003024 * 4   6   3   9  10 
4 10 0.323870 0.003024 * 4   6   3  10   0 
4 10 0.327048 0.003709 * 4   7   9  10   0 
5 10 0.449943 0.004974 * 5   6   3   9  10 
5 10 0.354271 0.022112 * 5   6   3  10   0 
6 10 0.318279 0.003416 * 6   3   9  10 
6 10 0.222608 0.015188 * 6   3  10   0 
7 10 0.203890 0.126750 * 7   9  10 
8 10 0.695972 0.023224 * 8   2   5   6   3   9  10   0 
8 10 0.600301 0.023224 * 8   2   5   6   3  10   0   0 
8 10 0.768744 0.011981 * 8  11   1   4   6   3   9  10 
8 10 0.673072 0.011981 * 8  11   1   4   6   3  10   0 
8 10 0.676251 0.013756 * 8  11   1   4   7   9  10   0 
8 10 0.795610 0.013756 * 8  11   1   5   6   3   9  10 
8 10 0.699938 0.013756 * 8  11   1   5   6   3  10   0 
9 10 0.101526 0.015143 * 9  10 
11 10 0.651194 0.005464 * 11   1   4   6   3   9  10 
11 10 0.555523 0.005464 * 11   1   4   6   3  10   0 
11 10 0.558701 0.006702 * 11   1   4   7   9  10   0 
11 10 0.678060 0.012800 * 11   1   5   6   3   9  10 
11 10 0.582389 0.012800 * 11   1   5   6   3  10   0 
1 11 0.135007 0.612435 * 1  11 
2 11 0.233728 0.361836 * 2   8  11 
3 11 0.489191 0.106153 * 3   6   4   1  11   0 
3 11 0.466828 0.086521 * 3   6   5   1  11   0 
3 11 0.570632 0.020788 * 3   6   5   2   8  11 
4 11 0.258069 0.125823 * 4   1  11 
5 11 0.243725 0.245748 * 5   1  11   0 
5 11 0.347529 0.028326 * 5   2   8  11 
6 11 0.376683 0.035926 * 6   4   1  11   0 
6 11 0.354320 0.029282 * 6   5   1  11   0 
6 11 0.458124 0.007035 * 6   5   2   8  11 
7 11 0.375852 0.342304 * 7   4   1  11 
8 11 0.117550 0.706981 * 8  11 
9 11 0.591252 0.007309 * 9   3   6   4   1  11   0 
9 11 0.568890 0.007309 * 9   3   6   5   1  11   0 
9 11 0.672694 0.006026 * 9   3   6   5   2   8  11 
9 11 0.479235 0.004532 * 9   7   4   1  11   0   0 
10 11 0.595453 0.044123 * 10   3   6   4   1  11   0   0 
10 11 0.573090 0.044123 * 10   3   6   5   1  11   0   0 
10 11 0.676894 0.019117 * 10   3   6   5   2   8  11   0 
10 11 0.693295 0.023186 * 10   9   3   6   4   1  11   0 
10 11 0.670932 0.023186 * 10   9   3   6   5   1  11   0 
10 11 0.774736 0.019117 * 10   9   3   6   5   2   8  11 
10 11 0.581278 0.014378 * 10   9   7   4   1  11   0   0 
