2 1 0.243907 0.098395 * 2  5  1  0 
2 1 0.358563 0.011550 * 2   8  11   1 
3 1 0.358039 0.018646 * 3  6  4  1 
3 1 0.334890 0.013191 * 3  6  5  1 
4 1 0.126004 0.057490 * 4  1 
5 1 0.109133 0.119614 * 5  1 
6 1 0.244412 0.019330 * 6  4  1 
6 1 0.221264 0.013675 * 6  5  1 
7 1 0.244759 0.107083 * 7  4  1 
8 1 0.239610 0.084673 * 8  11   1 
9 1 0.461208 0.007788 * 9  3  6  4  1 
9 1 0.438060 0.007788 * 9  3  6  5  1 
9 1 0.348392 0.005593 * 9  7  4  1  0 
10 1 0.464495 0.013685 * 10   3   6   4   1   0 
10 1 0.441346 0.013685 * 10   3   6   5   1   0 
10 1 0.563538 0.008537 * 10   9   3   6   4   1 
10 1 0.540389 0.008537 * 10   9   3   6   5   1 
10 1 0.450722 0.007363 * 10   9   7   4   1   0 
11 1 0.118993 0.375296 * 11   1 
1 2 0.227316 0.052414 * 1  5  2  0 
1 2 0.356885 0.052414 * 1  11   8   2 
3 2 0.342233 0.088359 * 3  6  5  2 
4 2 0.353320 0.017642 * 4  1  5  2  0 
4 2 0.482889 0.017642 * 4   1  11   8   2 
4 2 0.330307 0.005953 * 4  6  5  2  0 
5 2 0.116476 0.165751 * 5  2 
6 2 0.228607 0.056988 * 6  5  2 
7 2 0.472076 0.053048 * 7  4  1  5  2  0 
7 2 0.601645 0.053048 * 7   4   1  11   8   2 
7 2 0.449063 0.017900 * 7  4  6  5  2  0 
7 2 0.548865 0.007550 * 7  9  3  6  5  2 
8 2 0.105160 0.039751 * 8  2 
9 2 0.445402 0.015110 * 9  3  6  5  2 
10 2 0.448689 0.028507 * 10   3   6   5   2   0 
10 2 0.547732 0.010350 * 10   9   3   6   5   2 
11 2 0.219906 0.079985 * 11   8   2 
1 3 0.329253 0.009808 * 1  4  6  3  0 
1 3 0.442809 0.005863 * 1  4  7  9  3 
1 3 0.353755 0.016664 * 1  5  6  3  0 
2 3 0.377689 0.223453 * 2  5  6  3 
4 3 0.215718 0.021225 * 4  6  3  0 
4 3 0.329274 0.012145 * 4  7  9  3 
5 3 0.242915 0.046105 * 5  6  3 
6 3 0.114017 0.075849 * 6  3 
7 3 0.206632 0.124309 * 7  9  3 
8 3 0.482849 0.020109 * 8  2  5  6  3  0  0 
8 3 0.568863 0.011189 * 8  11   1   4   6   3   0 
8 3 0.682418 0.011189 * 8  11   1   4   7   9   3 
8 3 0.593365 0.011189 * 8  11   1   5   6   3   0 
9 3 0.103169 0.076492 * 9  3 
10 3 0.205499 0.025107 * 10   9   3 
10 3 0.106456 0.069155 * 10   3   0 
11 3 0.448246 0.026906 * 11   1   4   6   3   0 
11 3 0.561801 0.016082 * 11   1   4   7   9   3 
11 3 0.472748 0.045713 * 11   1   5   6   3   0 
1 4 0.113535 0.028049 * 1  4 
2 4 0.357442 0.039840 * 2  5  1  4  0 
2 4 0.382080 0.095441 * 2  5  6  4  0 
2 4 0.472098 0.003442 * 2   8  11   1   4 
3 4 0.232035 0.016928 * 3  6  4  0 
3 4 0.324386 0.001956 * 3  9  7  4 
5 4 0.222668 0.014168 * 5  1  4 
5 4 0.247306 0.033942 * 5  6  4 
6 4 0.118408 0.021469 * 6  4 
7 4 0.118755 0.271272 * 7  4 
8 4 0.353145 0.029345 * 8  11   1   4 
9 4 0.222388 0.017091 * 9  7  4 
10 4 0.338490 0.018189 * 10   3   6   4   0 
10 4 0.430842 0.003598 * 10   3   9   7   4 
10 4 0.324718 0.007259 * 10   9   7   4   0 
11 4 0.232528 0.035290 * 11   1   4 
1 5 0.110841 0.087832 * 1  5 
2 5 0.134775 0.555737 * 2  5 
3 5 0.225757 0.057857 * 3  6  5 
4 5 0.236845 0.025918 * 4  1  5 
4 5 0.213832 0.016444 * 4  6  5 
6 5 0.112131 0.076056 * 6  5 
7 5 0.355600 0.056703 * 7  4  1  5  0 
7 5 0.332587 0.035976 * 7  4  6  5  0 
7 5 0.432389 0.013854 * 7  9  3  6  5 
8 5 0.239934 0.108623 * 8  2  5  0 
8 5 0.350450 0.038047 * 8  11   1   5 
9 5 0.328927 0.039327 * 9  3  6  5 
10 5 0.332213 0.046185 * 10   3   6   5   0 
10 5 0.431256 0.016768 * 10   9   3   6   5 
11 5 0.229833 0.192309 * 11   1   5 
1 6 0.215236 0.009297 * 1  4  6 
1 6 0.239738 0.024833 * 1  5  6 
2 6 0.263672 0.207278 * 2  5  6 
3 6 0.113626 0.052518 * 3  6 
4 6 0.101701 0.023829 * 4  6 
5 6 0.128897 0.069157 * 5  6 
7 6 0.220456 0.033624 * 7  4  6  0 
7 6 0.320258 0.019240 * 7  9  3  6 
8 6 0.368832 0.029339 * 8  2  5  6  0 
8 6 0.454845 0.014124 * 8  11   1   4   6 
8 6 0.479348 0.014124 * 8  11   1   5   6 
9 6 0.216796 0.006752 * 9  3  6 
10 6 0.220082 0.017070 * 10   3   6   0 
10 6 0.319125 0.006197 * 10   9   3   6 
11 6 0.334228 0.018178 * 11   1   4   6 
11 6 0.358731 0.047521 * 11   1   5   6 
1 7 0.236177 0.094852 * 1  4  7 
2 7 0.480084 0.161722 * 2  5  1  4  7  0 
2 7 0.583320 0.049743 * 2  5  6  3  9  7 
2 7 0.504722 0.422082 * 2  5  6  4  7  0 
2 7 0.594740 0.013491 * 2   8  11   1   4   7 
3 7 0.205631 0.055030 * 3  9  7 
4 7 0.122642 0.081377 * 4  7 
5 7 0.345310 0.064301 * 5  1  4  7  0 
5 7 0.448546 0.019778 * 5  6  3  9  7 
5 7 0.369947 0.171169 * 5  6  4  7  0 
6 7 0.319648 0.007395 * 6  3  9  7 
6 7 0.241050 0.064001 * 6  4  7  0 
8 7 0.475786 0.310369 * 8  11   1   4   7 
9 7 0.103633 0.026130 * 9  7 
10 7 0.312087 0.035771 * 10   3   9   7 
10 7 0.205962 0.137817 * 10   9   7   0 
11 7 0.355169 0.341517 * 11   1   4   7 
1 8 0.346270 0.036262 * 1  5  2  8 
1 8 0.251726 0.152950 * 1  11   8   0 
2 8 0.118954 0.386367 * 2  8 
3 8 0.461187 0.115673 * 3  6  5  2  8 
4 8 0.472274 0.037959 * 4  1  5  2  8 
4 8 0.377730 0.154788 * 4   1  11   8   0 
4 8 0.449261 0.018821 * 4  6  5  2  8 
5 8 0.235429 0.318232 * 5  2  8 
6 8 0.347560 0.147902 * 6  5  2  8 
7 8 0.591029 0.085973 * 7  4  1  5  2  8 
7 8 0.496485 0.283597 * 7   4   1  11   8   0 
7 8 0.568016 0.042628 * 7  4  6  5  2  8 
9 8 0.564356 0.002323 * 9  3  6  5  2  8  0 
9 8 0.694662 0.016672 * 9  7  4  1  5  2  8 
9 8 0.600118 0.016672 * 9   7   4   1  11   8   0 
9 8 0.671649 0.010145 * 9  7  4  6  5  2  8 
10 8 0.567642 0.014905 * 10   3   6   5   2   8   0   0 
10 8 0.666686 0.007701 * 10   9   3   6   5   2   8   0 
10 8 0.796992 0.044244 * 10   9   7   4   1   5   2   8 
10 8 0.702447 0.044244 * 10   9   7   4   1  11   8   0 
10 8 0.773978 0.033629 * 10   9   7   4   6   5   2   8 
11 8 0.114746 0.391550 * 11   8 
1 9 0.431251 0.000672 * 1  4  6  3  9 
1 9 0.339639 0.004079 * 1  4  7  9  0 
2 9 0.675159 0.004615 * 2  5  1  4  6  3  9 
2 9 0.583547 0.019069 * 2  5  1  4  7  9  0 
2 9 0.479688 0.010180 * 2  5  6  3  9  0  0 
3 9 0.101998 0.059753 * 3  9 
4 9 0.317716 0.001093 * 4  6  3  9 
4 9 0.226104 0.006635 * 4  7  9  0 
5 9 0.540384 0.002970 * 5  1  4  6  3  9 
5 9 0.448772 0.012272 * 5  1  4  7  9  0 
5 9 0.344913 0.006552 * 5  6  3  9  0  0 
6 9 0.216016 0.005234 * 6  3  9 
7 9 0.103462 0.037687 * 7  9 
8 9 0.780318 0.004443 * 8  2  5  1  4  6  3  9 
8 9 0.688706 0.006236 * 8  2  5  1  4  7  9  0 
8 9 0.584847 0.006236 * 8  2  5  6  3  9  0  0 
8 9 0.670861 0.002013 * 8  11   1   4   6   3   9   0 
8 9 0.579249 0.002013 * 8  11   1   4   7   9   0   0 
10 9 0.208454 0.004604 * 10   3   9 
10 9 0.102329 0.017737 * 10   9   0 
11 9 0.550244 0.005497 * 11   1   4   6   3   9 
11 9 0.458632 0.010085 * 11   1   4   7   9   0 
1 10 0.533010 0.010432 * 1   4   6   3   9  10 
1 10 0.435942 0.010432 * 1   4   6   3  10   0 
1 10 0.441398 0.013054 * 1   4   7   9  10   0 
1 10 0.557512 0.023171 * 1   5   6   3   9  10 
1 10 0.460445 0.023171 * 1   5   6   3  10   0 
2 10 0.581446 0.075856 * 2   5   6   3   9  10 
2 10 0.484379 0.221279 * 2   5   6   3  10   0 
3 10 0.203757 0.006346 * 3   9  10 
3 10 0.106690 0.024450 * 3  10   0 
4 10 0.419475 0.004851 * 4   6   3   9  10 
4 10 0.322408 0.004851 * 4   6   3  10   0 
4 10 0.327863 0.006071 * 4   7   9  10   0 
5 10 0.446672 0.009621 * 5   6   3   9  10 
5 10 0.349604 0.037066 * 5   6   3  10   0 
6 10 0.317774 0.004839 * 6   3   9  10 
6 10 0.220707 0.018644 * 6   3  10   0 
7 10 0.205221 0.128582 * 7   9  10 
8 10 0.686606 0.017910 * 8   2   5   6   3   9  10   0 
8 10 0.589539 0.017910 * 8   2   5   6   3  10   0   0 
8 10 0.772619 0.011560 * 8  11   1   4   6   3   9  10 
8 10 0.675552 0.011560 * 8  11   1   4   6   3  10   0 
8 10 0.681007 0.011560 * 8  11   1   4   7   9  10   0 
8 10 0.797122 0.011560 * 8  11   1   5   6   3   9  10 
8 10 0.700054 0.011560 * 8  11   1   5   6   3  10   0 
9 10 0.101759 0.028943 * 9  10 
11 10 0.652003 0.007026 * 11   1   4   6   3   9  10 
11 10 0.554935 0.007026 * 11   1   4   6   3  10   0 
11 10 0.560390 0.008792 * 11   1   4   7   9  10   0 
11 10 0.676505 0.015201 * 11   1   5   6   3   9  10 
11 10 0.579437 0.015201 * 11   1   5   6   3  10   0 
1 11 0.136980 0.574440 * 1  11 
2 11 0.239571 0.435133 * 2   8  11 
3 11 0.495019 0.109170 * 3   6   4   1  11   0 
3 11 0.471870 0.086298 * 3   6   5   1  11   0 
3 11 0.581804 0.019816 * 3   6   5   2   8  11 
4 11 0.262984 0.113459 * 4   1  11 
5 11 0.246113 0.232385 * 5   1  11   0 
5 11 0.356046 0.027278 * 5   2   8  11 
6 11 0.381392 0.051996 * 6   4   1  11   0 
6 11 0.358243 0.041102 * 6   5   1  11   0 
6 11 0.468177 0.009438 * 6   5   2   8  11 
7 11 0.381739 0.402589 * 7   4   1  11 
8 11 0.120617 0.845478 * 8  11 
9 11 0.598188 0.007127 * 9   3   6   4   1  11   0 
9 11 0.575039 0.007127 * 9   3   6   5   1  11   0 
9 11 0.684973 0.006130 * 9   3   6   5   2   8  11 
9 11 0.485372 0.004881 * 9   7   4   1  11   0   0 
10 11 0.601474 0.046481 * 10   3   6   4   1  11   0   0 
10 11 0.578326 0.046481 * 10   3   6   5   1  11   0   0 
10 11 0.688259 0.019523 * 10   3   6   5   2   8  11   0 
10 11 0.700518 0.022697 * 10   9   3   6   4   1  11   0 
10 11 0.677369 0.022697 * 10   9   3   6   5   1  11   0 
10 11 0.787302 0.019523 * 10   9   3   6   5   2   8  11 
10 11 0.587701 0.015544 * 10   9   7   4   1  11   0   0 
