2 1 0.251046 0.071192 * 2  5  1  0 
2 1 0.350824 0.008612 * 2   8  11   1 
3 1 0.350701 0.008396 * 3  6  4  1 
3 1 0.327738 0.006658 * 3  6  5  1 
4 1 0.123731 0.010824 * 4  1 
5 1 0.108414 0.095476 * 5  1 
6 1 0.240799 0.012185 * 6  4  1 
6 1 0.217836 0.009663 * 6  5  1 
7 1 0.244111 0.096325 * 7  4  1 
8 1 0.235878 0.080557 * 8  11   1 
9 1 0.452190 0.007605 * 9  3  6  4  1 
9 1 0.429227 0.007605 * 9  3  6  5  1 
9 1 0.346331 0.006415 * 9  7  4  1  0 
10 1 0.456042 0.011106 * 10   3   6   4   1   0 
10 1 0.433078 0.011106 * 10   3   6   5   1   0 
10 1 0.553606 0.007053 * 10   9   3   6   4   1 
10 1 0.530643 0.007053 * 10   9   3   6   5   1 
10 1 0.447746 0.007053 * 10   9   7   4   1   0 
11 1 0.119752 0.572464 * 11   1 
1 2 0.231972 0.035542 * 1  5  2  0 
1 2 0.348172 0.035542 * 1  11   8   2 
3 2 0.337521 0.057070 * 3  6  5  2 
4 2 0.355703 0.037753 * 4  1  5  2  0 
4 2 0.471903 0.037753 * 4   1  11   8   2 
4 2 0.329243 0.017718 * 4  6  5  2  0 
5 2 0.118196 0.105153 * 5  2 
6 2 0.227619 0.048303 * 6  5  2 
7 2 0.476083 0.170789 * 7  4  1  5  2  0 
7 2 0.592283 0.170789 * 7   4   1  11   8   2 
7 2 0.449622 0.080153 * 7  4  6  5  2  0 
7 2 0.540987 0.040527 * 7  9  3  6  5  2 
8 2 0.104880 0.029330 * 8  2 
9 2 0.439010 0.009152 * 9  3  6  5  2 
10 2 0.442861 0.029743 * 10   3   6   5   2   0 
10 2 0.540426 0.010246 * 10   9   3   6   5   2 
11 2 0.216601 0.056039 * 11   8   2 
1 3 0.330059 0.010030 * 1  4  6  3  0 
1 3 0.437429 0.006616 * 1  4  7  9  3 
1 3 0.362889 0.021315 * 1  5  6  3  0 
2 3 0.391746 0.262984 * 2  5  6  3 
4 3 0.217705 0.017778 * 4  6  3  0 
4 3 0.325075 0.011046 * 4  7  9  3 
5 3 0.249114 0.034551 * 5  6  3 
6 3 0.116081 0.046468 * 6  3 
7 3 0.203466 0.027300 * 7  9  3 
8 3 0.496625 0.023498 * 8  2  5  6  3  0  0 
8 3 0.565936 0.011709 * 8  11   1   4   6   3   0 
8 3 0.673307 0.011709 * 8  11   1   4   7   9   3 
8 3 0.598767 0.011709 * 8  11   1   5   6   3   0 
9 3 0.101489 0.051269 * 9  3 
10 3 0.202905 0.016460 * 10   9   3 
10 3 0.105340 0.047782 * 10   3   0 
11 3 0.449810 0.017818 * 11   1   4   6   3   0 
11 3 0.557181 0.011753 * 11   1   4   7   9   3 
11 3 0.482641 0.037868 * 11   1   5   6   3   0 
1 4 0.112354 0.030313 * 1  4 
2 4 0.363400 0.044016 * 2  5  1  4  0 
2 4 0.392733 0.106041 * 2  5  6  4  0 
2 4 0.463178 0.004031 * 2   8  11   1   4 
3 4 0.226970 0.010962 * 3  6  4  0 
3 4 0.323973 0.001306 * 3  9  7  4 
5 4 0.220768 0.014000 * 5  1  4 
5 4 0.250101 0.033729 * 5  6  4 
6 4 0.117068 0.014256 * 6  4 
7 4 0.120380 0.382802 * 7  4 
8 4 0.348232 0.031211 * 8  11   1   4 
9 4 0.222600 0.006929 * 9  7  4 
10 4 0.332310 0.006811 * 10   3   6   4   0 
10 4 0.429313 0.001829 * 10   3   9   7   4 
10 4 0.324015 0.003171 * 10   9   7   4   0 
11 4 0.232106 0.031539 * 11   1   4 
1 5 0.113775 0.068940 * 1  5 
2 5 0.142632 0.640892 * 2  5 
3 5 0.219324 0.041194 * 3  6  5 
4 5 0.237506 0.022586 * 4  1  5 
4 5 0.211046 0.012522 * 4  6  5 
6 5 0.109422 0.054797 * 6  5 
7 5 0.357886 0.049276 * 7  4  1  5  0 
7 5 0.331426 0.027320 * 7  4  6  5  0 
7 5 0.422790 0.011413 * 7  9  3  6  5 
8 5 0.247512 0.107912 * 8  2  5  0 
8 5 0.349653 0.036566 * 8  11   1   5 
9 5 0.320814 0.027014 * 9  3  6  5 
10 5 0.324665 0.029387 * 10   3   6   5   0 
10 5 0.422229 0.010123 * 10   9   3   6   5 
11 5 0.233527 0.161770 * 11   1   5 
1 6 0.213978 0.009574 * 1  4  6 
1 6 0.246808 0.032988 * 1  5  6 
2 6 0.275665 0.214129 * 2  5  6 
3 6 0.109902 0.018214 * 3  6 
4 6 0.101624 0.021077 * 4  6 
5 6 0.133033 0.057397 * 5  6 
7 6 0.222004 0.014125 * 7  4  6  0 
7 6 0.313368 0.008776 * 7  9  3  6 
8 6 0.380545 0.022463 * 8  2  5  6  0 
8 6 0.449856 0.009821 * 8  11   1   4   6 
8 6 0.482686 0.009821 * 8  11   1   5   6 
9 6 0.211391 0.003442 * 9  3  6 
10 6 0.215243 0.018881 * 10   3   6   0 
10 6 0.312807 0.006504 * 10   9   3   6 
11 6 0.333730 0.020246 * 11   1   4   6 
11 6 0.366560 0.062216 * 11   1   5   6 
1 7 0.233963 0.096943 * 1  4  7 
2 7 0.485009 0.192994 * 2  5  1  4  7  0 
2 7 0.595339 0.058105 * 2  5  6  3  9  7 
2 7 0.514342 0.487609 * 2  5  6  4  7  0 
2 7 0.584788 0.018520 * 2   8  11   1   4   7 
3 7 0.203593 0.018772 * 3  9  7 
4 7 0.121609 0.077454 * 4  7 
5 7 0.342377 0.049914 * 5  1  4  7  0 
5 7 0.452707 0.015028 * 5  6  3  9  7 
5 7 0.371710 0.126109 * 5  6  4  7  0 
6 7 0.319674 0.003498 * 6  3  9  7 
6 7 0.238677 0.029351 * 6  4  7  0 
8 7 0.469841 0.274037 * 8  11   1   4   7 
9 7 0.102220 0.024343 * 9  7 
10 7 0.308934 0.023602 * 10   3   9   7 
10 7 0.203636 0.103195 * 10   9   7   0 
11 7 0.353715 0.280208 * 11   1   4   7 
1 8 0.346918 0.049684 * 1  5  2  8 
1 8 0.243293 0.175512 * 1  11   8   0 
2 8 0.114947 0.323326 * 2  8 
3 8 0.452468 0.082372 * 3  6  5  2  8 
4 8 0.470650 0.041172 * 4  1  5  2  8 
4 8 0.367024 0.127908 * 4   1  11   8   0 
4 8 0.444189 0.015646 * 4  6  5  2  8 
5 8 0.233143 0.325730 * 5  2  8 
6 8 0.342565 0.095208 * 6  5  2  8 
7 8 0.591029 0.070350 * 7  4  1  5  2  8 
7 8 0.487403 0.163008 * 7   4   1  11   8   0 
7 8 0.564569 0.026734 * 7  4  6  5  2  8 
9 8 0.553957 0.001376 * 9  3  6  5  2  8  0 
9 8 0.693249 0.010589 * 9  7  4  1  5  2  8 
9 8 0.589624 0.010589 * 9   7   4   1  11   8   0 
9 8 0.666789 0.006004 * 9  7  4  6  5  2  8 
10 8 0.557808 0.012899 * 10   3   6   5   2   8   0   0 
10 8 0.655372 0.005837 * 10   9   3   6   5   2   8   0 
10 8 0.794665 0.038632 * 10   9   7   4   1   5   2   8 
10 8 0.691039 0.038632 * 10   9   7   4   1  11   8   0 
10 8 0.768205 0.025463 * 10   9   7   4   6   5   2   8 
11 8 0.111722 0.323061 * 11   8 
1 9 0.431432 0.000595 * 1  4  6  3  9 
1 9 0.335940 0.004692 * 1  4  7  9  0 
2 9 0.682478 0.003947 * 2  5  1  4  6  3  9 
2 9 0.586985 0.024906 * 2  5  1  4  7  9  0 
2 9 0.493119 0.012179 * 2  5  6  3  9  0  0 
3 9 0.101373 0.034254 * 3  9 
4 9 0.319078 0.000404 * 4  6  3  9 
4 9 0.223586 0.003184 * 4  7  9  0 
5 9 0.539846 0.001927 * 5  1  4  6  3  9 
5 9 0.444353 0.012159 * 5  1  4  7  9  0 
5 9 0.350487 0.005946 * 5  6  3  9  0  0 
6 9 0.217454 0.002156 * 6  3  9 
7 9 0.101977 0.034972 * 7  9 
8 9 0.787357 0.003368 * 8  2  5  1  4  6  3  9 
8 9 0.691865 0.006336 * 8  2  5  1  4  7  9  0 
8 9 0.597999 0.006336 * 8  2  5  6  3  9  0  0 
8 9 0.667310 0.001818 * 8  11   1   4   6   3   9   0 
8 9 0.571817 0.001818 * 8  11   1   4   7   9   0   0 
10 9 0.206714 0.002300 * 10   3   9 
10 9 0.101415 0.010057 * 10   9   0 
11 9 0.551184 0.003090 * 11   1   4   6   3   9 
11 9 0.455691 0.004586 * 11   1   4   7   9   0 
1 10 0.532726 0.009458 * 1   4   6   3   9  10 
1 10 0.438726 0.009458 * 1   4   6   3  10   0 
1 10 0.437234 0.013883 * 1   4   7   9  10   0 
1 10 0.565556 0.028738 * 1   5   6   3   9  10 
1 10 0.471557 0.028738 * 1   5   6   3  10   0 
2 10 0.594413 0.097857 * 2   5   6   3   9  10 
2 10 0.500413 0.365945 * 2   5   6   3  10   0 
3 10 0.202667 0.003222 * 3   9  10 
3 10 0.108668 0.014085 * 3  10   0 
4 10 0.420372 0.003042 * 4   6   3   9  10 
4 10 0.326372 0.003042 * 4   6   3  10   0 
4 10 0.324880 0.004466 * 4   7   9  10   0 
5 10 0.451781 0.010056 * 5   6   3   9  10 
5 10 0.357781 0.043968 * 5   6   3  10   0 
6 10 0.318748 0.003207 * 6   3   9  10 
6 10 0.224748 0.014021 * 6   3  10   0 
7 10 0.203271 0.097336 * 7   9  10 
8 10 0.699293 0.024665 * 8   2   5   6   3   9  10   0 
8 10 0.605293 0.024665 * 8   2   5   6   3  10   0   0 
8 10 0.768604 0.012106 * 8  11   1   4   6   3   9  10 
8 10 0.674604 0.012106 * 8  11   1   4   6   3  10   0 
8 10 0.673112 0.014344 * 8  11   1   4   7   9  10   0 
8 10 0.801434 0.014344 * 8  11   1   5   6   3   9  10 
8 10 0.707434 0.014344 * 8  11   1   5   6   3  10   0 
9 10 0.101294 0.015631 * 9  10 
11 10 0.652478 0.006233 * 11   1   4   6   3   9  10 
11 10 0.558478 0.006233 * 11   1   4   6   3  10   0 
11 10 0.556985 0.009150 * 11   1   4   7   9  10   0 
11 10 0.685308 0.016951 * 11   1   5   6   3   9  10 
11 10 0.591308 0.016951 * 11   1   5   6   3  10   0 
1 11 0.131571 0.595165 * 1  11 
2 11 0.231073 0.323706 * 2   8  11 
3 11 0.482272 0.077019 * 3   6   4   1  11   0 
3 11 0.459309 0.068463 * 3   6   5   1  11   0 
3 11 0.568594 0.019208 * 3   6   5   2   8  11 
4 11 0.255302 0.104131 * 4   1  11 
5 11 0.239985 0.254235 * 5   1  11   0 
5 11 0.349269 0.030753 * 5   2   8  11 
6 11 0.372370 0.032316 * 6   4   1  11   0 
6 11 0.349407 0.028726 * 6   5   1  11   0 
6 11 0.458691 0.008059 * 6   5   2   8  11 
7 11 0.375682 0.330926 * 7   4   1  11 
8 11 0.116126 0.675174 * 8  11 
9 11 0.583761 0.004767 * 9   3   6   4   1  11   0 
9 11 0.560798 0.004767 * 9   3   6   5   1  11   0 
9 11 0.670083 0.004767 * 9   3   6   5   2   8  11 
9 11 0.477902 0.003817 * 9   7   4   1  11   0   0 
10 11 0.587612 0.038729 * 10   3   6   4   1  11   0   0 
10 11 0.564649 0.038729 * 10   3   6   5   1  11   0   0 
10 11 0.673934 0.019325 * 10   3   6   5   2   8  11   0 
10 11 0.685177 0.017232 * 10   9   3   6   4   1  11   0 
10 11 0.662214 0.017232 * 10   9   3   6   5   1  11   0 
10 11 0.771498 0.017232 * 10   9   3   6   5   2   8  11 
10 11 0.579317 0.013798 * 10   9   7   4   1  11   0   0 
