2  5  1  0 
0.106434
2   8  11   1 
0.024517
3  6  4  1 
0.014386
3  6  5  1 
0.015871
4  1 
0.028855
5  1 
0.130694
6  4  1 
0.016723
6  5  1 
0.018450
7  4  1 
0.125210
8  11   1 
0.106746
9  3  6  4  1 
0.002250
9  3  6  5  1 
0.002250
9  7  4  1  0 
0.003857
10   3   6   4   1   0 
0.013867
10   3   6   5   1   0 
0.013867
10   9   3   6   4   1 
0.006441
10   9   3   6   5   1 
0.006441
10   9   7   4   1   0 
0.011037
11   1 
0.363738
1  5  2  0 
0.043912
1  11   8   2 
0.043912
3  6  5  2 
0.061880
4  1  5  2  0 
0.026198
4   1  11   8   2 
0.026198
4  6  5  2  0 
0.009635
5  2 
0.150282
6  5  2 
0.063296
7  4  1  5  2  0 
0.049792
7   4   1  11   8   2 
0.049792
7  4  6  5  2  0 
0.018312
7  9  3  6  5  2 
0.005873
8  2 
0.044995
9  3  6  5  2 
0.011260
10   3   6   5   2   0 
0.025908
10   9   3   6   5   2 
0.009028
11   8   2 
0.064384
1  4  6  3  0 
0.008023
1  4  7  9  3 
0.004014
1  5  6  3  0 
0.007121
2  5  6  3 
0.236370
4  6  3  0 
0.014617
4  7  9  3 
0.007312
5  6  3 
0.068802
6  3 
0.065572
7  9  3 
0.091965
8  2  5  6  3  0  0 
0.014535
8  11   1   4   6   3   0 
0.032541
8  11   1   4   7   9   3 
0.018475
8  11   1   5   6   3   0 
0.032541
9  3 
0.089688
10   9   3 
0.022429
10   3   0 
0.064369
11   1   4   6   3   0 
0.031350
11   1   4   7   9   3 
0.015684
11   1   5   6   3   0 
0.027826
1  4 
0.043772
2  5  1  4 
0.082052
2  5  6  4 
0.049859
3  6  4 
0.017352
5  1  4 
0.045487
5  6  4 
0.027640
6  4 
0.034026
7  4 
0.266586
8  2  5  1  4 
0.018340
8  2  5  6  4 
0.018340
8  11   1   4   0 
0.010780
9  3  6  4 
0.001811
9  7  4  0 
0.006528
10   3   6   4   0 
0.003918
10   9   3   6   4 
0.002788
10   9   7   4   0 
0.006287
11   1   4 
0.043571
1  5 
0.118506
2  5 
0.490379
3  6  5 
0.093854
4  1  5 
0.041670
4  6  5 
0.025496
6  5 
0.068609
7  4  1  5  0 
0.165691
7  4  6  5  0 
0.101377
7  9  3  6  5 
0.040249
8  2  5  0 
0.091154
8  11   1   5 
0.086138
9  3  6  5 
0.022829
10   3   6   5   0 
0.060317
10   9   3   6   5 
0.021018
11   1   5 
0.234672
1  4  6 
0.015454
1  5  6 
0.016933
2  5  6 
0.178229
3  6 
0.042008
4  6 
0.030782
5  6 
0.089184
7  4  6  0 
0.026609
7  9  3  6 
0.013312
8  2  5  6  0 
0.015127
8  11   1   4   6 
0.027341
8  11   1   5   6 
0.027341
9  3  6 
0.009342
10   3   6   0 
0.015857
10   9   3   6 
0.005525
11   1   4   6 
0.035882
11   1   5   6 
0.039317
1  4  7 
0.173203
2  5  1  4  7  0 
0.252996
2  5  6  3  9  7 
0.049328
2  5  6  4  7  0 
0.175291
3  9  7 
0.051336
4  7 
0.099208
5  1  4  7  0 
0.127551
5  6  3  9  7 
0.024869
5  6  4  7  0 
0.088375
6  3  9  7 
0.012494
6  4  7  0 
0.044397
8  2  5  1  4  7  0 
0.105633
8  2  5  6  3  9  7 
0.051524
8  2  5  6  4  7  0 
0.105633
8  11   1   4   7   0   0 
0.056122
9  7 
0.026853
10   3   9   7 
0.029415
10   9   7   0 
0.131284
11   1   4   7 
0.329026
1  5  2  8 
0.044340
1  11   8   0 
0.181898
2  8 
0.339328
3  6  5  2  8 
0.095062
4  1  5  2  8 
0.022640
4   1  11   8   0 
0.082746
4  6  5  2  8 
0.009922
5  2  8 
0.467069
6  5  2  8 
0.152033
7  4  1  5  2  8 
0.076187
7   4   1  11   8   0 
0.255628
7  4  6  5  2  8 
0.033390
9  3  6  5  2  8  0 
0.000946
9  7  4  1  5  2  8 
0.017329
9   7   4   1  11   8   0 
0.017651
9  7  4  6  5  2  8 
0.007594
10   3   6   5   2   8   0   0 
0.007508
10   9   3   6   5   2   8   0 
0.003533
10   9   7   4   1   5   2   8 
0.051459
10   9   7   4   1  11   8   0 
0.051459
10   9   7   4   6   5   2   8 
0.028377
11   8 
0.593891
1  4  6  3  9 
0.000884
1  4  7  9  0 
0.005562
1  5  6  3  9 
0.000823
2  5  6  3  9 
0.025648
3  9 
0.053044
4  6  3  9 
0.000800
4  7  9  0 
0.005125
5  6  3  9 
0.025539
6  3  9 
0.007744
7  9 
0.019293
8  2  5  6  3  9  0 
0.001730
8  11   1   4   6   3   9 
0.003583
8  11   1   4   7   9   0 
0.012685
8  11   1   5   6   3   9 
0.003334
10   3   9 
0.002767
10   9   0 
0.012349
11   1   4   6   3   9 
0.001574
11   1   4   7   9   0 
0.009205
11   1   5   6   3   9 
0.001464
1   4   6   3   9  10 
0.017544
1   4   6   3  10   0 
0.019891
1   4   7   9  10   0 
0.023331
1   5   6   3   9  10 
0.017544
1   5   6   3  10   0 
0.018372
2   5   6   3   9  10 
0.041102
2   5   6   3  10   0 
0.087385
3   9  10 
0.004120
3  10   0 
0.018390
4   6   3   9  10 
0.008357
4   6   3  10   0 
0.009475
4   7   9  10   0 
0.011114
5   6   3   9  10 
0.009482
5   6   3  10   0 
0.035833
6   3   9  10 
0.003416
6   3  10   0 
0.015248
7   9  10 
0.122083
8   2   5   6   3   9  10   0 
0.007750
8   2   5   6   3  10   0   0 
0.007750
8  11   1   4   6   3   9  10 
0.018975
8  11   1   4   6   3  10   0 
0.021513
8  11   1   4   7   9  10   0 
0.021847
8  11   1   5   6   3   9  10 
0.018975
8  11   1   5   6   3  10   0 
0.019870
9  10 
0.023142
11   1   4   6   3   9  10 
0.009230
11   1   4   6   3  10   0 
0.010465
11   1   4   7   9  10   0 
0.012274
11   1   5   6   3   9  10 
0.009230
11   1   5   6   3  10   0 
0.009666
1  11 
0.747233
2   8  11 
0.448524
3   6   4   1  11   0 
0.070368
3   6   5   1  11   0 
0.095520
3   6   5   2   8  11 
0.040439
4   1  11 
0.085342
5   1  11   0 
0.266187
5   2   8  11 
0.061317
6   4   1  11   0 
0.033380
6   5   1  11   0 
0.045311
6   5   2   8  11 
0.019183
7   4   1  11 
0.465903
8  11 
0.852917
9   3   6   4   1  11   0 
0.007010
9   3   6   5   1  11   0 
0.007010
9   3   6   5   2   8  11 
0.007010
9   7   4   1  11   0   0 
0.010718
10   3   6   4   1  11   0   0 
0.036360
10   3   6   5   1  11   0   0 
0.036360
10   3   6   5   2   8  11   0 
0.036360
10   9   3   6   4   1  11   0 
0.017256
10   9   3   6   5   1  11   0 
0.017256
10   9   3   6   5   2   8  11 
0.017256
10   9   7   4   1  11   0   0 
0.026384
