2 1 2 0.109945 * 2  5  1 
3 1 3 0.015918 * 3  6  4  1 
3 1 3 0.015918 * 3  6  5  1 
4 1 1 0.057490 * 4  1 
5 1 1 0.119614 * 5  1 
6 1 2 0.016503 * 6  4  1 
6 1 2 0.016503 * 6  5  1 
7 1 2 0.107083 * 7  4  1 
8 1 2 0.084673 * 8  11   1 
9 1 3 0.021168 * 9  7  4  1 
10 1 4 0.017269 * 10   3   6   4   1 
10 1 4 0.017269 * 10   3   6   5   1 
10 1 4 0.017269 * 10   9   7   4   1 
11 1 1 0.375296 * 11   1 
1 2 2 0.104827 * 1  5  2 
3 2 3 0.088359 * 3  6  5  2 
4 2 3 0.020618 * 4  1  5  2 
4 2 3 0.020618 * 4  6  5  2 
5 2 1 0.165751 * 5  2 
6 2 2 0.056988 * 6  5  2 
7 2 4 0.065773 * 7  4  1  5  2 
7 2 4 0.065773 * 7  4  6  5  2 
8 2 1 0.039751 * 8  2 
9 2 4 0.015110 * 9  3  6  5  2 
10 2 4 0.038857 * 10   3   6   5   2 
11 2 2 0.079985 * 11   8   2 
1 3 3 0.016168 * 1  4  6  3 
1 3 3 0.016168 * 1  5  6  3 
2 3 3 0.223453 * 2  5  6  3 
4 3 2 0.033370 * 4  6  3 
5 3 2 0.046105 * 5  6  3 
6 3 1 0.075849 * 6  3 
7 3 2 0.124309 * 7  9  3 
8 3 4 0.053678 * 8  2  5  6  3 
9 3 1 0.076492 * 9  3 
10 3 1 0.094262 * 10   3 
11 3 4 0.044351 * 11   1   4   6   3 
11 3 4 0.044351 * 11   1   5   6   3 
1 4 1 0.028049 * 1  4 
2 4 3 0.069362 * 2  5  1  4 
2 4 3 0.069362 * 2  5  6  4 
3 4 2 0.018884 * 3  6  4 
5 4 2 0.024055 * 5  1  4 
5 4 2 0.024055 * 5  6  4 
6 4 1 0.021469 * 6  4 
7 4 1 0.271272 * 7  4 
8 4 3 0.029345 * 8  11   1   4 
9 4 2 0.017091 * 9  7  4 
10 4 3 0.014523 * 10   3   6   4 
10 4 3 0.014523 * 10   9   7   4 
11 4 2 0.035290 * 11   1   4 
1 5 1 0.087832 * 1  5 
2 5 1 0.555737 * 2  5 
3 5 2 0.057857 * 3  6  5 
4 5 2 0.021181 * 4  1  5 
4 5 2 0.021181 * 4  6  5 
6 5 1 0.076056 * 6  5 
7 5 3 0.053266 * 7  4  1  5 
7 5 3 0.053266 * 7  4  6  5 
8 5 2 0.146670 * 8  2  5 
9 5 3 0.039327 * 9  3  6  5 
10 5 3 0.062953 * 10   3   6   5 
11 5 2 0.192309 * 11   1   5 
1 6 2 0.017065 * 1  4  6 
1 6 2 0.017065 * 1  5  6 
2 6 2 0.207278 * 2  5  6 
3 6 1 0.052518 * 3  6 
4 6 1 0.023829 * 4  6 
5 6 1 0.069157 * 5  6 
7 6 2 0.052864 * 7  4  6 
8 6 3 0.057586 * 8  2  5  6 
9 6 2 0.006752 * 9  3  6 
10 6 2 0.023267 * 10   3   6 
11 6 3 0.032849 * 11   1   4   6 
11 6 3 0.032849 * 11   1   5   6 
1 7 2 0.094852 * 1  4  7 
2 7 4 0.323520 * 2  5  1  4  7 
2 7 4 0.323520 * 2  5  6  4  7 
3 7 2 0.055030 * 3  9  7 
4 7 1 0.081377 * 4  7 
5 7 3 0.127624 * 5  1  4  7 
5 7 3 0.127624 * 5  6  4  7 
6 7 2 0.071396 * 6  4  7 
8 7 4 0.310369 * 8  11   1   4   7 
9 7 1 0.026130 * 9  7 
10 7 2 0.173588 * 10   9   7 
11 7 3 0.341517 * 11   1   4   7 
1 8 2 0.189212 * 1  11   8 
2 8 1 0.386367 * 2  8 
3 8 4 0.115673 * 3  6  5  2  8 
4 8 3 0.211569 * 4   1  11   8 
5 8 2 0.318232 * 5  2  8 
6 8 3 0.147902 * 6  5  2  8 
7 8 4 0.412197 * 7   4   1  11   8 
9 8 5 0.022906 * 9  3  6  5  2  8 
9 8 5 0.022906 * 9   7   4   1  11   8 
10 8 5 0.144725 * 10   3   6   5   2   8 
11 8 1 0.391550 * 11   8 
1 9 3 0.004750 * 1  4  7  9 
2 9 4 0.033864 * 2  5  6  3  9 
3 9 1 0.059753 * 3  9 
4 9 2 0.007727 * 4  7  9 
5 9 3 0.021794 * 5  6  3  9 
6 9 2 0.005234 * 6  3  9 
7 9 1 0.037687 * 7  9 
8 9 5 0.010470 * 8  2  5  6  3  9 
8 9 5 0.010470 * 8  11   1   4   7   9 
10 9 1 0.022340 * 10   9 
11 9 4 0.015582 * 11   1   4   7   9 
1 10 4 0.022185 * 1   4   6   3  10 
1 10 4 0.022185 * 1   4   7   9  10 
1 10 4 0.035889 * 1   5   6   3  10 
2 10 4 0.297135 * 2   5   6   3  10 
3 10 1 0.030796 * 3  10 
4 10 3 0.007887 * 4   6   3  10 
4 10 3 0.007887 * 4   7   9  10 
5 10 3 0.046687 * 5   6   3  10 
6 10 2 0.023483 * 6   3  10 
7 10 2 0.128582 * 7   9  10 
8 10 5 0.093621 * 8   2   5   6   3  10 
9 10 1 0.028943 * 9  10 
11 10 5 0.016182 * 11   1   4   6   3  10 
11 10 5 0.016182 * 11   1   4   7   9  10 
11 10 5 0.020882 * 11   1   5   6   3  10 
1 11 1 0.574440 * 1  11 
2 11 2 0.435133 * 2   8  11 
3 11 4 0.107642 * 3   6   4   1  11 
3 11 4 0.107642 * 3   6   5   1  11 
4 11 2 0.113459 * 4   1  11 
5 11 2 0.259663 * 5   1  11 
6 11 3 0.051268 * 6   4   1  11 
6 11 3 0.051268 * 6   5   1  11 
7 11 3 0.402589 * 7   4   1  11 
8 11 1 0.845478 * 8  11 
9 11 4 0.025265 * 9   7   4   1  11 
10 11 5 0.064315 * 10   3   6   4   1  11 
10 11 5 0.064315 * 10   3   6   5   1  11 
10 11 5 0.064315 * 10   9   7   4   1  11 
