2  5  1  0 
0.071192
2   8  11   1 
0.008612
3  6  4  1 
0.008396
3  6  5  1 
0.006658
4  1 
0.010824
5  1 
0.095476
6  4  1 
0.012185
6  5  1 
0.009663
7  4  1 
0.096325
8  11   1 
0.080557
9  3  6  4  1 
0.007605
9  3  6  5  1 
0.007605
9  7  4  1  0 
0.006415
10   3   6   4   1   0 
0.011106
10   3   6   5   1   0 
0.011106
10   9   3   6   4   1 
0.007053
10   9   3   6   5   1 
0.007053
10   9   7   4   1   0 
0.007053
11   1 
0.572464
1  5  2  0 
0.035542
1  11   8   2 
0.035542
3  6  5  2 
0.057070
4  1  5  2  0 
0.037753
4   1  11   8   2 
0.037753
4  6  5  2  0 
0.017718
5  2 
0.105153
6  5  2 
0.048303
7  4  1  5  2  0 
0.170789
7   4   1  11   8   2 
0.170789
7  4  6  5  2  0 
0.080153
7  9  3  6  5  2 
0.040527
8  2 
0.029330
9  3  6  5  2 
0.009152
10   3   6   5   2   0 
0.029743
10   9   3   6   5   2 
0.010246
11   8   2 
0.056039
1  4  6  3  0 
0.010030
1  4  7  9  3 
0.006616
1  5  6  3  0 
0.021315
2  5  6  3 
0.262984
4  6  3  0 
0.017778
4  7  9  3 
0.011046
5  6  3 
0.034551
6  3 
0.046468
7  9  3 
0.027300
8  2  5  6  3  0  0 
0.023498
8  11   1   4   6   3   0 
0.011709
8  11   1   4   7   9   3 
0.011709
8  11   1   5   6   3   0 
0.011709
9  3 
0.051269
10   9   3 
0.016460
10   3   0 
0.047782
11   1   4   6   3   0 
0.017818
11   1   4   7   9   3 
0.011753
11   1   5   6   3   0 
0.037868
1  4 
0.030313
2  5  1  4  0 
0.044016
2  5  6  4  0 
0.106041
2   8  11   1   4 
0.004031
3  6  4  0 
0.010962
3  9  7  4 
0.001306
5  1  4 
0.014000
5  6  4 
0.033729
6  4 
0.014256
7  4 
0.382802
8  11   1   4 
0.031211
9  7  4 
0.006929
10   3   6   4   0 
0.006811
10   3   9   7   4 
0.001829
10   9   7   4   0 
0.003171
11   1   4 
0.031539
1  5 
0.068940
2  5 
0.640892
3  6  5 
0.041194
4  1  5 
0.022586
4  6  5 
0.012522
6  5 
0.054797
7  4  1  5  0 
0.049276
7  4  6  5  0 
0.027320
7  9  3  6  5 
0.011413
8  2  5  0 
0.107912
8  11   1   5 
0.036566
9  3  6  5 
0.027014
10   3   6   5   0 
0.029387
10   9   3   6   5 
0.010123
11   1   5 
0.161770
1  4  6 
0.009574
1  5  6 
0.032988
2  5  6 
0.214129
3  6 
0.018214
4  6 
0.021077
5  6 
0.057397
7  4  6  0 
0.014125
7  9  3  6 
0.008776
8  2  5  6  0 
0.022463
8  11   1   4   6 
0.009821
8  11   1   5   6 
0.009821
9  3  6 
0.003442
10   3   6   0 
0.018881
10   9   3   6 
0.006504
11   1   4   6 
0.020246
11   1   5   6 
0.062216
1  4  7 
0.096943
2  5  1  4  7  0 
0.192994
2  5  6  3  9  7 
0.058105
2  5  6  4  7  0 
0.487609
2   8  11   1   4   7 
0.018520
3  9  7 
0.018772
4  7 
0.077454
5  1  4  7  0 
0.049914
5  6  3  9  7 
0.015028
5  6  4  7  0 
0.126109
6  3  9  7 
0.003498
6  4  7  0 
0.029351
8  11   1   4   7 
0.274037
9  7 
0.024343
10   3   9   7 
0.023602
10   9   7   0 
0.103195
11   1   4   7 
0.280208
1  5  2  8 
0.049684
1  11   8   0 
0.175512
2  8 
0.323326
3  6  5  2  8 
0.082372
4  1  5  2  8 
0.041172
4   1  11   8   0 
0.127908
4  6  5  2  8 
0.015646
5  2  8 
0.325730
6  5  2  8 
0.095208
7  4  1  5  2  8 
0.070350
7   4   1  11   8   0 
0.163008
7  4  6  5  2  8 
0.026734
9  3  6  5  2  8  0 
0.001376
9  7  4  1  5  2  8 
0.010589
9   7   4   1  11   8   0 
0.010589
9  7  4  6  5  2  8 
0.006004
10   3   6   5   2   8   0   0 
0.012899
10   9   3   6   5   2   8   0 
0.005837
10   9   7   4   1   5   2   8 
0.038632
10   9   7   4   1  11   8   0 
0.038632
10   9   7   4   6   5   2   8 
0.025463
11   8 
0.323061
1  4  6  3  9 
0.000595
1  4  7  9  0 
0.004692
2  5  1  4  6  3  9 
0.003947
2  5  1  4  7  9  0 
0.024906
2  5  6  3  9  0  0 
0.012179
3  9 
0.034254
4  6  3  9 
0.000404
4  7  9  0 
0.003184
5  1  4  6  3  9 
0.001927
5  1  4  7  9  0 
0.012159
5  6  3  9  0  0 
0.005946
6  3  9 
0.002156
7  9 
0.034972
8  2  5  1  4  6  3  9 
0.003368
8  2  5  1  4  7  9  0 
0.006336
8  2  5  6  3  9  0  0 
0.006336
8  11   1   4   6   3   9   0 
0.001818
8  11   1   4   7   9   0   0 
0.001818
10   3   9 
0.002300
10   9   0 
0.010057
11   1   4   6   3   9 
0.003090
11   1   4   7   9   0 
0.004586
1   4   6   3   9  10 
0.009458
1   4   6   3  10   0 
0.009458
1   4   7   9  10   0 
0.013883
1   5   6   3   9  10 
0.028738
1   5   6   3  10   0 
0.028738
2   5   6   3   9  10 
0.097857
2   5   6   3  10   0 
0.365945
3   9  10 
0.003222
3  10   0 
0.014085
4   6   3   9  10 
0.003042
4   6   3  10   0 
0.003042
4   7   9  10   0 
0.004466
5   6   3   9  10 
0.010056
5   6   3  10   0 
0.043968
6   3   9  10 
0.003207
6   3  10   0 
0.014021
7   9  10 
0.097336
8   2   5   6   3   9  10   0 
0.024665
8   2   5   6   3  10   0   0 
0.024665
8  11   1   4   6   3   9  10 
0.012106
8  11   1   4   6   3  10   0 
0.012106
8  11   1   4   7   9  10   0 
0.014344
8  11   1   5   6   3   9  10 
0.014344
8  11   1   5   6   3  10   0 
0.014344
9  10 
0.015631
11   1   4   6   3   9  10 
0.006233
11   1   4   6   3  10   0 
0.006233
11   1   4   7   9  10   0 
0.009150
11   1   5   6   3   9  10 
0.016951
11   1   5   6   3  10   0 
0.016951
1  11 
0.595165
2   8  11 
0.323706
3   6   4   1  11   0 
0.077019
3   6   5   1  11   0 
0.068463
3   6   5   2   8  11 
0.019208
4   1  11 
0.104131
5   1  11   0 
0.254235
5   2   8  11 
0.030753
6   4   1  11   0 
0.032316
6   5   1  11   0 
0.028726
6   5   2   8  11 
0.008059
7   4   1  11 
0.330926
8  11 
0.675174
9   3   6   4   1  11   0 
0.004767
9   3   6   5   1  11   0 
0.004767
9   3   6   5   2   8  11 
0.004767
9   7   4   1  11   0   0 
0.003817
10   3   6   4   1  11   0   0 
0.038729
10   3   6   5   1  11   0   0 
0.038729
10   3   6   5   2   8  11   0 
0.019325
10   9   3   6   4   1  11   0 
0.017232
10   9   3   6   5   1  11   0 
0.017232
10   9   3   6   5   2   8  11 
0.017232
10   9   7   4   1  11   0   0 
0.013798
