2  5  1  0 
0.069490
2   8  11   1 
0.008010
3  6  4  1 
0.012807
3  6  5  1 
0.009360
4  1 
0.037764
5  1 
0.096002
6  4  1 
0.010331
6  5  1 
0.007550
7  4  1 
0.096745
8  11   1 
0.074751
9  3  6  4  1 
0.006353
9  3  6  5  1 
0.006353
9  7  4  1  0 
0.004131
10   3   6   4   1   0 
0.014626
10   3   6   5   1   0 
0.014626
10   9   3   6   4   1 
0.009414
10   9   3   6   5   1 
0.009414
10   9   7   4   1   0 
0.006625
11   1 
0.435627
1  5  2  0 
0.033537
1  11   8   2 
0.033537
3  6  5  2 
0.075651
4  1  5  2  0 
0.030264
4   1  11   8   2 
0.030264
4  6  5  2  0 
0.012921
5  2 
0.133730
6  5  2 
0.047981
7  4  1  5  2  0 
0.038539
7   4   1  11   8   2 
0.038539
7  4  6  5  2  0 
0.017788
7  9  3  6  5  2 
0.006680
8  2 
0.034985
9  3  6  5  2 
0.013873
10   3   6   5   2   0 
0.033194
10   9   3   6   5   2 
0.012947
11   8   2 
0.054793
1  4  6  3  0 
0.009611
1  4  7  9  3 
0.006673
1  5  6  3  0 
0.016446
2  5  6  3 
0.257326
4  6  3  0 
0.015654
4  7  9  3 
0.010868
5  6  3 
0.041607
6  3 
0.065720
7  9  3 
0.038391
8  2  5  6  3  0  0 
0.023600
8  11   1   4   6   3   0 
0.012468
8  11   1   4   7   9   3 
0.012468
8  11   1   5   6   3   0 
0.012468
9  3 
0.065243
10   9   3 
0.020738
10   3   0 
0.053170
11   1   4   6   3   0 
0.019157
11   1   4   7   9   3 
0.013301
11   1   5   6   3   0 
0.032781
1  4 
0.025662
2  5  1  4  0 
0.043826
2  5  6  4  0 
0.107740
2   8  11   1   4 
0.003979
3  6  4  0 
0.012792
3  9  7  4 
0.001496
5  1  4 
0.011734
5  6  4 
0.028846
6  4 
0.019621
7  4 
0.378628
8  11   1   4 
0.040399
9  7  4 
0.007711
10   3   6   4   0 
0.016925
10   3   9   7   4 
0.003095
10   9   7   4   0 
0.006652
11   1   4 
0.024770
1  5 
0.077436
2  5 
0.605918
3  6  5 
0.053495
4  1  5 
0.020854
4  6  5 
0.013878
6  5 
0.066779
7  4  1  5  0 
0.052517
7  4  6  5  0 
0.034949
7  9  3  6  5 
0.017033
8  2  5  0 
0.097896
8  11   1   5 
0.031776
9  3  6  5 
0.036708
10   3   6   5   0 
0.042086
10   9   3   6   5 
0.016415
11   1   5 
0.185667
1  4  6 
0.009426
1  5  6 
0.025447
2  5  6 
0.192700
3  6 
0.024242
4  6 
0.019660
5  6 
0.084291
7  4  6  0 
0.019098
7  9  3  6 
0.013259
8  2  5  6  0 
0.032033
8  11   1   4   6 
0.014249
8  11   1   5   6 
0.014249
9  3  6 
0.004832
10   3   6   0 
0.019062
10   9   3   6 
0.007435
11   1   4   6 
0.015237
11   1   5   6 
0.037947
1  4  7 
0.090954
2  5  1  4  7  0 
0.198708
2  5  6  3  9  7 
0.061628
2  5  6  4  7  0 
0.526848
2   8  11   1   4   7 
0.018316
3  9  7 
0.040298
4  7 
0.077833
5  1  4  7  0 
0.049412
5  6  3  9  7 
0.015325
5  6  4  7  0 
0.131011
6  3  9  7 
0.005890
6  4  7  0 
0.050355
8  11   1   4   7 
0.305502
9  7 
0.053930
10   3   9   7 
0.031284
10   9   7   0 
0.117403
11   1   4   7 
0.319104
1  5  2  8 
0.038911
1  11   8   0 
0.149937
2  8 
0.377454
3  6  5  2  8 
0.094196
4  1  5  2  8 
0.034681
4   1  11   8   0 
0.128070
4  6  5  2  8 
0.017560
5  2  8 
0.260412
6  5  2  8 
0.106296
7  4  1  5  2  8 
0.080648
7   4   1  11   8   0 
0.249287
7  4  6  5  2  8 
0.040836
9  3  6  5  2  8  0 
0.002504
9  7  4  1  5  2  8 
0.015551
9   7   4   1  11   8   0 
0.015551
9  7  4  6  5  2  8 
0.009691
10   3   6   5   2   8   0   0 
0.016112
10   9   3   6   5   2   8   0 
0.008753
10   9   7   4   1   5   2   8 
0.045319
10   9   7   4   1  11   8   0 
0.045319
10   9   7   4   6   5   2   8 
0.033882
11   8 
0.319467
1  4  6  3  9 
0.000487
1  4  7  9  0 
0.003253
2  5  1  4  6  3  9 
0.004801
2  5  1  4  7  9  0 
0.025075
2  5  6  3  9  0  0 
0.012061
3  9 
0.052676
4  6  3  9 
0.000699
4  7  9  0 
0.004668
5  1  4  6  3  9 
0.001974
5  1  4  7  9  0 
0.010311
5  6  3  9  0  0 
0.004959
6  3  9 
0.003516
7  9 
0.037757
8  2  5  1  4  6  3  9 
0.003573
8  2  5  1  4  7  9  0 
0.004718
8  2  5  6  3  9  0  0 
0.004718
8  11   1   4   6   3   9   0 
0.001415
8  11   1   4   7   9   0   0 
0.001415
10   3   9 
0.003615
10   9   0 
0.013565
11   1   4   6   3   9 
0.004012
11   1   4   7   9   0 
0.005898
1   4   6   3   9  10 
0.009019
1   4   6   3  10   0 
0.009019
1   4   7   9  10   0 
0.011063
1   5   6   3   9  10 
0.021399
1   5   6   3  10   0 
0.021399
2   5   6   3   9  10 
0.083172
2   5   6   3  10   0 
0.321184
3   9  10 
0.004936
3  10   0 
0.021941
4   6   3   9  10 
0.003024
4   6   3  10   0 
0.003024
4   7   9  10   0 
0.003709
5   6   3   9  10 
0.004974
5   6   3  10   0 
0.022112
6   3   9  10 
0.003416
6   3  10   0 
0.015188
7   9  10 
0.126750
8   2   5   6   3   9  10   0 
0.023224
8   2   5   6   3  10   0   0 
0.023224
8  11   1   4   6   3   9  10 
0.011981
8  11   1   4   6   3  10   0 
0.011981
8  11   1   4   7   9  10   0 
0.013756
8  11   1   5   6   3   9  10 
0.013756
8  11   1   5   6   3  10   0 
0.013756
9  10 
0.015143
11   1   4   6   3   9  10 
0.005464
11   1   4   6   3  10   0 
0.005464
11   1   4   7   9  10   0 
0.006702
11   1   5   6   3   9  10 
0.012800
11   1   5   6   3  10   0 
0.012800
1  11 
0.612435
2   8  11 
0.361836
3   6   4   1  11   0 
0.106153
3   6   5   1  11   0 
0.086521
3   6   5   2   8  11 
0.020788
4   1  11 
0.125823
5   1  11   0 
0.245748
5   2   8  11 
0.028326
6   4   1  11   0 
0.035926
6   5   1  11   0 
0.029282
6   5   2   8  11 
0.007035
7   4   1  11 
0.342304
8  11 
0.706981
9   3   6   4   1  11   0 
0.007309
9   3   6   5   1  11   0 
0.007309
9   3   6   5   2   8  11 
0.006026
9   7   4   1  11   0   0 
0.004532
10   3   6   4   1  11   0   0 
0.044123
10   3   6   5   1  11   0   0 
0.044123
10   3   6   5   2   8  11   0 
0.019117
10   9   3   6   4   1  11   0 
0.023186
10   9   3   6   5   1  11   0 
0.023186
10   9   3   6   5   2   8  11 
0.019117
10   9   7   4   1  11   0   0 
0.014378
