2  5  1 
0.109945
3  6  4  1 
0.015918
3  6  5  1 
0.015918
4  1 
0.057490
5  1 
0.119614
6  4  1 
0.016503
6  5  1 
0.016503
7  4  1 
0.107083
8  11   1 
0.084673
9  7  4  1 
0.021168
10   3   6   4   1 
0.017269
10   3   6   5   1 
0.017269
10   9   7   4   1 
0.017269
11   1 
0.375296
1  5  2 
0.104827
3  6  5  2 
0.088359
4  1  5  2 
0.020618
4  6  5  2 
0.020618
5  2 
0.165751
6  5  2 
0.056988
7  4  1  5  2 
0.065773
7  4  6  5  2 
0.065773
8  2 
0.039751
9  3  6  5  2 
0.015110
10   3   6   5   2 
0.038857
11   8   2 
0.079985
1  4  6  3 
0.016168
1  5  6  3 
0.016168
2  5  6  3 
0.223453
4  6  3 
0.033370
5  6  3 
0.046105
6  3 
0.075849
7  9  3 
0.124309
8  2  5  6  3 
0.053678
9  3 
0.076492
10   3 
0.094262
11   1   4   6   3 
0.044351
11   1   5   6   3 
0.044351
1  4 
0.028049
2  5  1  4 
0.069362
2  5  6  4 
0.069362
3  6  4 
0.018884
5  1  4 
0.024055
5  6  4 
0.024055
6  4 
0.021469
7  4 
0.271272
8  11   1   4 
0.029345
9  7  4 
0.017091
10   3   6   4 
0.014523
10   9   7   4 
0.014523
11   1   4 
0.035290
1  5 
0.087832
2  5 
0.555737
3  6  5 
0.057857
4  1  5 
0.021181
4  6  5 
0.021181
6  5 
0.076056
7  4  1  5 
0.053266
7  4  6  5 
0.053266
8  2  5 
0.146670
9  3  6  5 
0.039327
10   3   6   5 
0.062953
11   1   5 
0.192309
1  4  6 
0.017065
1  5  6 
0.017065
2  5  6 
0.207278
3  6 
0.052518
4  6 
0.023829
5  6 
0.069157
7  4  6 
0.052864
8  2  5  6 
0.057586
9  3  6 
0.006752
10   3   6 
0.023267
11   1   4   6 
0.032849
11   1   5   6 
0.032849
1  4  7 
0.094852
2  5  1  4  7 
0.323520
2  5  6  4  7 
0.323520
3  9  7 
0.055030
4  7 
0.081377
5  1  4  7 
0.127624
5  6  4  7 
0.127624
6  4  7 
0.071396
8  11   1   4   7 
0.310369
9  7 
0.026130
10   9   7 
0.173588
11   1   4   7 
0.341517
1  11   8 
0.189212
2  8 
0.386367
3  6  5  2  8 
0.115673
4   1  11   8 
0.211569
5  2  8 
0.318232
6  5  2  8 
0.147902
7   4   1  11   8 
0.412197
9  3  6  5  2  8 
0.022906
9   7   4   1  11   8 
0.022906
10   3   6   5   2   8 
0.144725
11   8 
0.391550
1  4  7  9 
0.004750
2  5  6  3  9 
0.033864
3  9 
0.059753
4  7  9 
0.007727
5  6  3  9 
0.021794
6  3  9 
0.005234
7  9 
0.037687
8  2  5  6  3  9 
0.010470
8  11   1   4   7   9 
0.010470
10   9 
0.022340
11   1   4   7   9 
0.015582
1   4   6   3  10 
0.022185
1   4   7   9  10 
0.022185
1   5   6   3  10 
0.035889
2   5   6   3  10 
0.297135
3  10 
0.030796
4   6   3  10 
0.007887
4   7   9  10 
0.007887
5   6   3  10 
0.046687
6   3  10 
0.023483
7   9  10 
0.128582
8   2   5   6   3  10 
0.093621
9  10 
0.028943
11   1   4   6   3  10 
0.016182
11   1   4   7   9  10 
0.016182
11   1   5   6   3  10 
0.020882
1  11 
0.574440
2   8  11 
0.435133
3   6   4   1  11 
0.107642
3   6   5   1  11 
0.107642
4   1  11 
0.113459
5   1  11 
0.259663
6   4   1  11 
0.051268
6   5   1  11 
0.051268
7   4   1  11 
0.402589
8  11 
0.845478
9   7   4   1  11 
0.025265
10   3   6   4   1  11 
0.064315
10   3   6   5   1  11 
0.064315
10   9   7   4   1  11 
0.064315
