2 1 2 0.130951 * 2  5  1 
3 1 3 0.015129 * 3  6  4  1 
3 1 3 0.015129 * 3  6  5  1 
4 1 1 0.028855 * 4  1 
5 1 1 0.130694 * 5  1 
6 1 2 0.017587 * 6  4  1 
6 1 2 0.017587 * 6  5  1 
7 1 2 0.125210 * 7  4  1 
8 1 2 0.106746 * 8  11   1 
9 1 3 0.008358 * 9  7  4  1 
10 1 4 0.017217 * 10   3   6   4   1 
10 1 4 0.017217 * 10   3   6   5   1 
10 1 4 0.017217 * 10   9   7   4   1 
11 1 1 0.363738 * 11   1 
1 2 2 0.087825 * 1  5  2 
3 2 3 0.061880 * 3  6  5  2 
4 2 3 0.031016 * 4  1  5  2 
4 2 3 0.031016 * 4  6  5  2 
5 2 1 0.150282 * 5  2 
6 2 2 0.063296 * 6  5  2 
7 2 4 0.061884 * 7  4  1  5  2 
7 2 4 0.061884 * 7  4  6  5  2 
8 2 1 0.044995 * 8  2 
9 2 4 0.011260 * 9  3  6  5  2 
10 2 4 0.034936 * 10   3   6   5   2 
11 2 2 0.064384 * 11   8   2 
1 3 3 0.009579 * 1  4  6  3 
1 3 3 0.009579 * 1  5  6  3 
2 3 3 0.236370 * 2  5  6  3 
4 3 2 0.021929 * 4  6  3 
5 3 2 0.068802 * 5  6  3 
6 3 1 0.065572 * 6  3 
7 3 2 0.091965 * 7  9  3 
8 3 4 0.098092 * 8  2  5  6  3 
9 3 1 0.089688 * 9  3 
10 3 1 0.086798 * 10   3 
11 3 4 0.037430 * 11   1   4   6   3 
11 3 4 0.037430 * 11   1   5   6   3 
1 4 1 0.043772 * 1  4 
2 4 3 0.065955 * 2  5  1  4 
2 4 3 0.065955 * 2  5  6  4 
3 4 2 0.017352 * 3  6  4 
5 4 2 0.036563 * 5  1  4 
5 4 2 0.036563 * 5  6  4 
6 4 1 0.034026 * 6  4 
7 4 1 0.266586 * 7  4 
8 4 3 0.047459 * 8  11   1   4 
9 4 2 0.008339 * 9  7  4 
10 4 3 0.006497 * 10   3   6   4 
10 4 3 0.006497 * 10   9   7   4 
11 4 2 0.043571 * 11   1   4 
1 5 1 0.118506 * 1  5 
2 5 1 0.490379 * 2  5 
3 5 2 0.093854 * 3  6  5 
4 5 2 0.033583 * 4  1  5 
4 5 2 0.033583 * 4  6  5 
6 5 1 0.068609 * 6  5 
7 5 3 0.153658 * 7  4  1  5 
7 5 3 0.153658 * 7  4  6  5 
8 5 2 0.177292 * 8  2  5 
9 5 3 0.022829 * 9  3  6  5 
10 5 3 0.081335 * 10   3   6   5 
11 5 2 0.234672 * 11   1   5 
1 6 2 0.016194 * 1  4  6 
1 6 2 0.016194 * 1  5  6 
2 6 2 0.178229 * 2  5  6 
3 6 1 0.042008 * 3  6 
4 6 1 0.030782 * 4  6 
5 6 1 0.089184 * 5  6 
7 6 2 0.039921 * 7  4  6 
8 6 3 0.069809 * 8  2  5  6 
9 6 2 0.009342 * 9  3  6 
10 6 2 0.021382 * 10   3   6 
11 6 3 0.037600 * 11   1   4   6 
11 6 3 0.037600 * 11   1   5   6 
1 7 2 0.173203 * 1  4  7 
2 7 4 0.238808 * 2  5  1  4  7 
2 7 4 0.238808 * 2  5  6  4  7 
3 7 2 0.051336 * 3  9  7 
4 7 1 0.099208 * 4  7 
5 7 3 0.120397 * 5  1  4  7 
5 7 3 0.120397 * 5  6  4  7 
6 7 2 0.056890 * 6  4  7 
8 7 4 0.318913 * 8  11   1   4   7 
9 7 1 0.026853 * 9  7 
10 7 2 0.160699 * 10   9   7 
11 7 3 0.329026 * 11   1   4   7 
1 8 2 0.226238 * 1  11   8 
2 8 1 0.339328 * 2  8 
3 8 4 0.095062 * 3  6  5  2  8 
4 8 3 0.115308 * 4   1  11   8 
5 8 2 0.467069 * 5  2  8 
6 8 3 0.152033 * 6  5  2  8 
7 8 4 0.365204 * 7   4   1  11   8 
9 8 5 0.021760 * 9  3  6  5  2  8 
9 8 5 0.021760 * 9   7   4   1  11   8 
10 8 5 0.142336 * 10   3   6   5   2   8 
11 8 1 0.593891 * 11   8 
1 9 3 0.007269 * 1  4  7  9 
2 9 4 0.025648 * 2  5  6  3  9 
3 9 1 0.053044 * 3  9 
4 9 2 0.005925 * 4  7  9 
5 9 3 0.025539 * 5  6  3  9 
6 9 2 0.007744 * 6  3  9 
7 9 1 0.019293 * 7  9 
8 9 5 0.010665 * 8  2  5  6  3  9 
8 9 5 0.010665 * 8  11   1   4   7   9 
10 9 1 0.015116 * 10   9 
11 9 4 0.012243 * 11   1   4   7   9 
1 10 4 0.028135 * 1   4   6   3  10 
1 10 4 0.028135 * 1   4   7   9  10 
1 10 4 0.040413 * 1   5   6   3  10 
2 10 4 0.128487 * 2   5   6   3  10 
3 10 1 0.022511 * 3  10 
4 10 3 0.014473 * 4   6   3  10 
4 10 3 0.014473 * 4   7   9  10 
5 10 3 0.045315 * 5   6   3  10 
6 10 2 0.018664 * 6   3  10 
7 10 2 0.122083 * 7   9  10 
8 10 5 0.116681 * 8   2   5   6   3  10 
9 10 1 0.023142 * 9  10 
11 10 5 0.016955 * 11   1   4   6   3  10 
11 10 5 0.016955 * 11   1   4   7   9  10 
11 10 5 0.016955 * 11   1   5   6   3  10 
1 11 1 0.747233 * 1  11 
2 11 2 0.448524 * 2   8  11 
3 11 4 0.103164 * 3   6   4   1  11 
3 11 4 0.103164 * 3   6   5   1  11 
4 11 2 0.085342 * 4   1  11 
5 11 2 0.327503 * 5   1  11 
6 11 3 0.048937 * 6   4   1  11 
6 11 3 0.048937 * 6   5   1  11 
7 11 3 0.465903 * 7   4   1  11 
8 11 1 0.852917 * 8  11 
9 11 4 0.031747 * 9   7   4   1  11 
10 11 5 0.062410 * 10   3   6   4   1  11 
10 11 5 0.062410 * 10   3   6   5   1  11 
10 11 5 0.062410 * 10   9   7   4   1  11 
