2  5  1  0 
0.132804
2   8  11   1 
0.009665
3  6  4  1 
0.014518
3  6  5  1 
0.011321
4  1 
0.019246
5  1 
0.163066
6  4  1 
0.042159
6  5  1 
0.028768
7  4  1 
0.089558
8  11   1 
0.094146
9  3  6  4  1 
0.003665
9  3  6  5  1 
0.003665
9  7  4  1  0 
0.001296
10   3   6   4   1   0 
0.018526
10   3   6   5   1   0 
0.018526
10   9   3   6   4   1 
0.003810
10   9   3   6   5   1 
0.003810
10   9   7   4   1   0 
0.002072
11   1 
0.725936
1  5  2  0 
0.044492
1  11   8   2 
0.044492
3  6  5  2 
0.040125
4  1  5  2  0 
0.020985
4   1  11   8   2 
0.020985
4  6  5  2  0 
0.004721
5  2 
0.162275
6  5  2 
0.096496
7  4  1  5  2  0 
0.039330
7   4   1  11   8   2 
0.039330
7  4  6  5  2  0 
0.010625
7  9  3  6  5  2 
0.007643
8  2 
0.056594
9  3  6  5  2 
0.011039
10   3   6   5   2   0 
0.036648
10   9   3   6   5   2 
0.005569
11   8   2 
0.089197
1  4  6  3  0 
0.013958
1  4  7  9  3 
0.015817
1  5  6  3  0 
0.030236
2  5  6  3 
0.293832
4  6  3  0 
0.015417
4  7  9  3 
0.017470
5  6  3 
0.076030
6  3 
0.074777
7  9  3 
0.050440
8  2  5  6  3  0  0 
0.044918
8  11   1   4   6   3   0 
0.019400
8  11   1   4   7   9   3 
0.019400
8  11   1   5   6   3   0 
0.019400
9  3 
0.075744
10   9   3 
0.009987
10   3   0 
0.065726
11   1   4   6   3   0 
0.027232
11   1   4   7   9   3 
0.030858
11   1   5   6   3   0 
0.058988
1  4 
0.037756
2  5  1  4  0 
0.055370
2  5  6  4  0 
0.100356
2   8  11   1   4 
0.003228
3  6  4  0 
0.015935
3  9  7  4 
0.002790
5  1  4 
0.013679
5  6  4 
0.024793
6  4 
0.028022
7  4 
0.390838
8  11   1   4 
0.050263
9  7  4 
0.005002
10   3   6   4   0 
0.004773
10   3   9   7   4 
0.002571
10   9   7   4   0 
0.000367
11   1   4 
0.083038
1  5 
0.109912
2  5 
0.713517
3  6  5 
0.088530
4  1  5 
0.051400
4  6  5 
0.021279
6  5 
0.089384
7  4  1  5  0 
0.132264
7  4  6  5  0 
0.054943
7  9  3  6  5 
0.043880
8  2  5  0 
0.156819
8  11   1   5 
0.039515
9  3  6  5 
0.014588
10   3   6   5   0 
0.040938
10   9   3   6   5 
0.006221
11   1   5 
0.200212
1  4  6 
0.022212
1  5  6 
0.066361
2  5  6 
0.228903
3  6 
0.020526
4  6 
0.030850
5  6 
0.116822
7  4  6  0 
0.008313
7  9  3  6 
0.009420
8  2  5  6  0 
0.030187
8  11   1   4   6 
0.010152
8  11   1   5   6 
0.010152
9  3  6 
0.004699
10   3   6   0 
0.015913
10   9   3   6 
0.002418
11   1   4   6 
0.028704
11   1   5   6 
0.061520
1  4  7 
0.151586
2  5  1  4  7  0  0 
0.219733
2  5  6  3  9  7  0 
0.105686
2   5   6   3  10   9   7 
0.054560
2  5  6  4  7  0  0 
0.425442
2   8  11   1   4   7   0 
0.012027
3  9  7  0 
0.045839
3  10   9   7 
0.023664
4  7 
0.109217
5  1  4  7  0  0 
0.071923
5  6  3  9  7  0 
0.034593
5   6   3  10   9   7 
0.017859
5  6  4  7  0  0 
0.139256
6  3  9  7  0 
0.009120
6   3  10   9   7 
0.004708
6  4  7  0  0 
0.036715
8  11   1   4   7 
0.322139
9  7 
0.023203
10   9   7 
0.119465
11   1   4   7 
0.353723
1  5  2  8 
0.052236
1  11   8   0 
0.219974
2  8 
0.454039
3  6  5  2  8 
0.085032
4  1  5  2  8 
0.045374
4   1  11   8   0 
0.155807
4  6  5  2  8 
0.012377
5  2  8 
0.475867
6  5  2  8 
0.132470
7  4  1  5  2  8 
0.078678
7   4   1  11   8   0 
0.181918
7  4  6  5  2  8 
0.021462
9  3  6  5  2  8  0 
0.003340
9  7  4  1  5  2  8 
0.013464
9   7   4   1  11   8   0 
0.013464
9  7  4  6  5  2  8 
0.007806
10   3   6   5   2   8   0   0 
0.035111
10   9   3   6   5   2   8   0 
0.009253
10   9   7   4   1   5   2   8 
0.026846
10   9   7   4   1  11   8   0 
0.026846
10   9   7   4   6   5   2   8 
0.021627
11   8 
0.510936
1   4   6   3  10   9 
0.001656
1  4  6  3  9  0 
0.001656
1  4  7  9  0  0 
0.004205
2   5   1   4   6   3  10   9 
0.006668
2  5  1  4  6  3  9  0 
0.006668
2  5  1  4  7  9  0  0 
0.013563
2   5   6   3  10   9   0   0 
0.010271
2  5  6  3  9  0  0  0 
0.013925
3  10   9 
0.009265
3  9  0 
0.017948
4   6   3  10   9 
0.001431
4  6  3  9  0 
0.001431
4  7  9  0  0 
0.003634
5   1   4   6   3  10   9 
0.003089
5  1  4  6  3  9  0 
0.003089
5  1  4  7  9  0  0 
0.006283
5   6   3  10   9   0   0 
0.004758
5  6  3  9  0  0  0 
0.006451
6   3  10   9 
0.001688
6  3  9  0 
0.003269
7  9 
0.057164
8   2   5   1   4   6   3  10   9 
0.003716
8  2  5  1  4  6  3  9  0 
0.003716
8  2  5  1  4  7  9  0  0 
0.003716
8   2   5   6   3  10   9   0   0 
0.003716
8  2  5  6  3  9  0  0  0 
0.003716
8  11   1   4   6   3  10   9   0 
0.000562
8  11   1   4   6   3   9   0   0 
0.000562
8  11   1   4   7   9   0   0   0 
0.000562
10   9 
0.010487
11   1   4   6   3  10   9 
0.005682
11   1   4   6   3   9   0 
0.005682
11   1   4   7   9   0   0 
0.005682
1   4   6   3   9  10 
0.016592
1   4   6   3  10   0 
0.016592
1   4   7   9  10   0 
0.011707
1   5   6   3   9  10 
0.041877
1   5   6   3  10   0 
0.041877
2   5   6   3   9  10 
0.106024
2   5   6   3  10   0 
0.354763
3   9  10 
0.003696
3  10   0 
0.016467
4   6   3   9  10 
0.006216
4   6   3  10   0 
0.006216
4   7   9  10   0 
0.004386
5   6   3   9  10 
0.014810
5   6   3  10   0 
0.065992
6   3   9  10 
0.005975
6   3  10   0 
0.026625
7   9  10 
0.091453
8   2   5   6   3   9  10   0 
0.037216
8   2   5   6   3  10   0   0 
0.037216
8  11   1   4   6   3   9  10 
0.014731
8  11   1   4   6   3  10   0 
0.014731
8  11   1   4   7   9  10   0 
0.014731
8  11   1   5   6   3   9  10 
0.014731
8  11   1   5   6   3  10   0 
0.014731
9  10 
0.031214
11   1   4   6   3   9  10 
0.012339
11   1   4   6   3  10   0 
0.012339
11   1   4   7   9  10   0 
0.008706
11   1   5   6   3   9  10 
0.023937
11   1   5   6   3  10   0 
0.023937
1  11 
0.710687
2   8  11 
0.447120
3   6   4   1  11   0 
0.106287
3   6   5   1  11   0 
0.077806
3   6   5   2   8  11 
0.015326
4   1  11 
0.129372
5   1  11   0 
0.413838
5   2   8  11 
0.030117
6   4   1  11   0 
0.098685
6   5   1  11   0 
0.072241
6   5   2   8  11 
0.014229
7   4   1  11 
0.295220
8  11 
0.916866
9   3   6   4   1  11   0 
0.007423
9   3   6   5   1  11   0 
0.007423
9   3   6   5   2   8  11 
0.007423
9   7   4   1  11   0   0 
0.002549
10   3   6   4   1  11   0   0 
0.050662
10   3   6   5   1  11   0   0 
0.050662
10   3   6   5   2   8  11   0 
0.018021
10   9   3   6   4   1  11   0 
0.010342
10   9   3   6   5   1  11   0 
0.010342
10   9   3   6   5   2   8  11 
0.010342
10   9   7   4   1  11   0   0 
0.005133
