2  5  1  0 
0.062121
2   8  11   1 
0.008202
3  6  4  1 
0.007097
3  6  5  1 
0.005536
4  1 
0.007743
5  1 
0.088736
6  4  1 
0.008603
6  5  1 
0.006711
7  4  1 
0.104826
8  11   1 
0.079493
9  3  6  4  1 
0.011587
9  3  6  5  1 
0.011587
9  7  4  1  0 
0.010709
10   3   6   4   1   0 
0.010812
10   3   6   5   1   0 
0.010812
10   9   3   6   4   1 
0.007383
10   9   3   6   5   1 
0.007383
10   9   7   4   1   0 
0.007383
11   1 
0.681263
1  5  2  0 
0.032092
1  11   8   2 
0.032092
3  6  5  2 
0.068910
4  1  5  2  0 
0.039942
4   1  11   8   2 
0.039942
4  6  5  2  0 
0.019408
5  2 
0.088236
6  5  2 
0.033466
7  4  1  5  2  0 
0.164137
7   4   1  11   8   2 
0.164137
7  4  6  5  2  0 
0.079755
7  9  3  6  5  2 
0.039849
8  2 
0.025589
9  3  6  5  2 
0.007792
10   3   6   5   2   0 
0.030124
10   9   3   6   5   2 
0.010690
11   8   2 
0.049087
1  4  6  3  0 
0.009017
1  4  7  9  3 
0.006120
1  5  6  3  0 
0.019059
2  5  6  3 
0.251991
4  6  3  0 
0.014554
4  7  9  3 
0.009107
5  6  3 
0.025444
6  3 
0.024683
7  9  3 
0.028594
8  2  5  6  3  0  0 
0.025740
8  11   1   4   6   3   0 
0.013488
8  11   1   4   7   9   3 
0.012629
8  11   1   5   6   3   0 
0.013488
9  3 
0.045051
10   9   3 
0.015471
10   3   0 
0.043596
11   1   4   6   3   0 
0.010803
11   1   4   7   9   3 
0.007331
11   1   5   6   3   0 
0.021718
1  4 
0.025912
2  5  1  4  0 
0.043301
2  5  6  4  0 
0.108174
2   8  11   1   4 
0.004235
3  6  4  0 
0.007565
3  9  7  4 
0.001024
5  1  4 
0.015013
5  6  4 
0.037505
6  4 
0.008143
7  4 
0.498875
8  11   1   4 
0.029477
9  7  4 
0.006377
10   3   6   4   0 
0.005599
10   3   9   7   4 
0.001534
10   9   7   4   0 
0.002879
11   1   4 
0.019698
1  5 
0.053746
2  5 
0.607941
3  6  5 
0.033599
4  1  5 
0.016539
4  6  5 
0.009380
6  5 
0.049022
7  4  1  5  0 
0.044719
7  4  6  5  0 
0.025362
7  9  3  6  5 
0.011416
8  2  5  0 
0.090920
8  11   1   5 
0.032341
9  3  6  5 
0.034236
10   3   6   5   0 
0.030064
10   9   3   6   5 
0.010669
11   1   5 
0.124664
1  4  6 
0.009185
1  5  6 
0.031560
2  5  6 
0.218542
3  6 
0.017555
4  6 
0.017055
5  6 
0.051467
7  4  6  0 
0.015816
7  9  3  6 
0.009896
8  2  5  6  0 
0.021240
8  11   1   4   6 
0.009754
8  11   1   5   6 
0.009754
9  3  6 
0.003417
10   3   6   0 
0.019214
10   9   3   6 
0.006819
11   1   4   6 
0.019159
11   1   5   6 
0.058628
1  4  7 
0.110238
2  5  1  4  7  0 
0.179972
2  5  6  3  9  7 
0.063983
2  5  6  4  7  0 
0.472775
2   8  11   1   4   7 
0.019151
3  9  7 
0.017617
4  7 
0.044159
5  1  4  7  0 
0.043020
5  6  3  9  7 
0.015295
5  6  4  7  0 
0.113012
6  3  9  7 
0.004009
6  4  7  0 
0.029622
8  11   1   4   7 
0.264299
9  7 
0.023086
10   3   9   7 
0.026180
10   9   7   0 
0.112942
11   1   4   7 
0.285223
1  5  2  8 
0.045443
1  11   8   0 
0.156941
2  8 
0.303454
3  6  5  2  8 
0.085489
4  1  5  2  8 
0.042089
4   1  11   8   0 
0.131927
4  6  5  2  8 
0.016800
5  2  8 
0.289625
6  5  2  8 
0.091717
7  4  1  5  2  8 
0.067366
7   4   1  11   8   0 
0.154261
7  4  6  5  2  8 
0.026890
9  3  6  5  2  8  0 
0.001102
9  7  4  1  5  2  8 
0.009101
9   7   4   1  11   8   0 
0.009101
9  7  4  6  5  2  8 
0.005421
10   3   6   5   2   8   0   0 
0.011524
10   9   3   6   5   2   8   0 
0.005206
10   9   7   4   1   5   2   8 
0.037869
10   9   7   4   1  11   8   0 
0.037869
10   9   7   4   6   5   2   8 
0.025616
11   8 
0.289215
1  4  6  3  9 
0.000534
1  4  7  9  0 
0.004059
2  5  1  4  6  3  9 
0.004139
2  5  1  4  7  9  0 
0.026325
2  5  6  3  9  0  0 
0.013473
3  9 
0.026412
4  6  3  9 
0.000365
4  7  9  0 
0.002779
5  1  4  6  3  9 
0.002367
5  1  4  7  9  0 
0.015054
5  6  3  9  0  0 
0.007705
6  3  9 
0.001999
7  9 
0.033993
8  2  5  1  4  6  3  9 
0.004022
8  2  5  1  4  7  9  0 
0.009136
8  2  5  6  3  9  0  0 
0.009136
8  11   1   4   6   3   9   0 
0.002756
8  11   1   4   7   9   0   0 
0.002756
10   3   9 
0.002145
10   9   0 
0.009255
11   1   4   6   3   9 
0.002866
11   1   4   7   9   0 
0.004081
1   4   6   3   9  10 
0.009041
1   4   6   3  10   0 
0.009041
1   4   7   9  10   0 
0.012942
1   5   6   3   9  10 
0.027362
1   5   6   3  10   0 
0.027362
2   5   6   3   9  10 
0.098244
2   5   6   3  10   0 
0.363522
3   9  10 
0.003445
3  10   0 
0.014861
4   6   3   9  10 
0.002830
4   6   3  10   0 
0.002830
4   7   9  10   0 
0.004051
5   6   3   9  10 
0.012187
5   6   3  10   0 
0.052573
6   3   9  10 
0.002788
6   3  10   0 
0.012029
7   9  10 
0.101070
8   2   5   6   3   9  10   0 
0.024286
8   2   5   6   3  10   0   0 
0.024286
8  11   1   4   6   3   9  10 
0.011322
8  11   1   4   6   3  10   0 
0.011322
8  11   1   4   7   9  10   0 
0.014751
8  11   1   5   6   3   9  10 
0.014751
8  11   1   5   6   3  10   0 
0.014751
9  10 
0.014065
11   1   4   6   3   9  10 
0.005054
11   1   4   6   3  10   0 
0.005054
11   1   4   7   9  10   0 
0.007234
11   1   5   6   3   9  10 
0.013177
11   1   5   6   3  10   0 
0.013177
1  11 
0.554869
2   8  11 
0.360009
3   6   4   1  11   0 
0.075660
3   6   5   1  11   0 
0.066812
3   6   5   2   8  11 
0.020319
4   1  11 
0.120362
5   1  11   0 
0.232281
5   2   8  11 
0.030669
6   4   1  11   0 
0.024420
6   5   1  11   0 
0.021564
6   5   2   8  11 
0.006558
7   4   1  11 
0.344195
8  11 
0.648487
9   3   6   4   1  11   0 
0.004244
9   3   6   5   1  11   0 
0.004244
9   3   6   5   2   8  11 
0.004244
9   7   4   1  11   0   0 
0.003708
10   3   6   4   1  11   0   0 
0.035771
10   3   6   5   1  11   0   0 
0.035771
10   3   6   5   2   8  11   0 
0.019333
10   9   3   6   4   1  11   0 
0.016104
10   9   3   6   5   1  11   0 
0.016104
10   9   3   6   5   2   8  11 
0.016104
10   9   7   4   1  11   0   0 
0.014070
