2  5  1 
0.093763
3  6  4  1 
0.009246
3  6  5  1 
0.009246
4  1 
0.011928
5  1 
0.118535
6  4  1 
0.019028
6  5  1 
0.019028
7  4  1 
0.085786
8  11   1 
0.081643
9  7  4  1 
0.006273
10   3   6   4   1 
0.013046
10   3   6   5   1 
0.013046
10   9   7   4   1 
0.013046
11   1 
0.496217
1  5  2 
0.073701
3  6  5  2 
0.041315
4  1  5  2 
0.021953
4  6  5  2 
0.021953
5  2 
0.108951
6  5  2 
0.071828
7  4  1  5  2 
0.176327
7  4  6  5  2 
0.176327
8  2 
0.037927
9  3  6  5  2 
0.006624
10   3   6   5   2 
0.035239
11   8   2 
0.074610
1  4  6  3 
0.019817
1  5  6  3 
0.019817
2  5  6  3 
0.273253
4  6  3 
0.031724
5  6  3 
0.034951
6  3 
0.072899
7  9  3 
0.035469
8  2  5  6  3 
0.052928
9  3 
0.055287
10   3 
0.072478
11   1   4   6   3 
0.052023
11   1   5   6   3 
0.052023
1  4 
0.037940
2  5  1  4 
0.072036
2  5  6  4 
0.072036
3  6  4 
0.021013
5  1  4 
0.020608
5  6  4 
0.020608
6  4 
0.022781
7  4 
0.441795
8  11   1   4 
0.033852
9  7  4 
0.006979
10   3   6   4 
0.005519
10   9   7   4 
0.005519
11   1   4 
0.064772
1  5 
0.084139
2  5 
0.674562
3  6  5 
0.041000
4  1  5 
0.022972
4  6  5 
0.022972
6  5 
0.051396
7  4  1  5 
0.050248
7  4  6  5 
0.050248
8  2  5 
0.161084
9  3  6  5 
0.012078
10   3   6   5 
0.032838
11   1   5 
0.243706
1  4  6 
0.025875
1  5  6 
0.025875
2  5  6 
0.220017
3  6 
0.019690
4  6 
0.016208
5  6 
0.059722
7  4  6 
0.017760
8  2  5  6 
0.043499
9  3  6 
0.004714
10   3   6 
0.024383
11   1   4   6 
0.045244
11   1   5   6 
0.045244
1  4  7 
0.093302
2  5  1  4  7 
0.379511
2  5  6  4  7 
0.379511
3  9  7 
0.018317
4  7 
0.077077
5  1  4  7 
0.110140
5  6  4  7 
0.110140
6  4  7 
0.028485
8  11   1   4   7 
0.292821
9  7 
0.021078
10   9   7 
0.106647
11   1   4   7 
0.270713
1  11   8 
0.267044
2  8 
0.339279
3  6  5  2  8 
0.087595
4   1  11   8 
0.176993
5  2  8 
0.384814
6  5  2  8 
0.091885
7   4   1  11   8 
0.257314
9  3  6  5  2  8 
0.014992
9   7   4   1  11   8 
0.014992
10   3   6   5   2   8 
0.124093
11   8 
0.389257
1  4  7  9 
0.007964
2  5  6  3  9 
0.031316
3  9 
0.021884
4  7  9 
0.002648
5  6  3  9 
0.023692
6  3  9 
0.002515
7  9 
0.030208
8  2  5  6  3  9 
0.009700
8  11   1   4   7   9 
0.009700
10   9 
0.012442
11   1   4   7   9 
0.009510
1   4   6   3  10 
0.025772
1   4   7   9  10 
0.025772
1   5   6   3  10 
0.046244
2   5   6   3  10 
0.461146
3  10 
0.018290
4   6   3  10 
0.004541
4   7   9  10 
0.004541
5   6   3  10 
0.052078
6   3  10 
0.019767
7   9  10 
0.084351
8   2   5   6   3  10 
0.123449
9  10 
0.022341
11   1   4   6   3  10 
0.017997
11   1   4   7   9  10 
0.017997
11   1   5   6   3  10 
0.024746
1  11 
0.596634
2   8  11 
0.341987
3   6   4   1  11 
0.100669
3   6   5   1  11 
0.100669
4   1  11 
0.054852
5   1  11 
0.290779
6   4   1  11 
0.042804
6   5   1  11 
0.042804
7   4   1  11 
0.291787
8  11 
0.747405
9   7   4   1  11 
0.016375
10   3   6   4   1  11 
0.049982
10   3   6   5   1  11 
0.049982
10   9   7   4   1  11 
0.049982
