2 1 2 0.070323 * 2  5  1 
3 1 3 0.006317 * 3  6  4  1 
3 1 3 0.006317 * 3  6  5  1 
4 1 1 0.007743 * 4  1 
5 1 1 0.088736 * 5  1 
6 1 2 0.007657 * 6  4  1 
6 1 2 0.007657 * 6  5  1 
7 1 2 0.104826 * 7  4  1 
8 1 2 0.079493 * 8  11   1 
9 1 3 0.033882 * 9  7  4  1 
10 1 4 0.014591 * 10   3   6   4   1 
10 1 4 0.014591 * 10   3   6   5   1 
10 1 4 0.014591 * 10   9   7   4   1 
11 1 1 0.681263 * 11   1 
1 2 2 0.064184 * 1  5  2 
3 2 3 0.068910 * 3  6  5  2 
4 2 3 0.049647 * 4  1  5  2 
4 2 3 0.049647 * 4  6  5  2 
5 2 1 0.088236 * 5  2 
6 2 2 0.033466 * 6  5  2 
7 2 4 0.223939 * 7  4  1  5  2 
7 2 4 0.223939 * 7  4  6  5  2 
8 2 1 0.025589 * 8  2 
9 2 4 0.007792 * 9  3  6  5  2 
10 2 4 0.040814 * 10   3   6   5   2 
11 2 2 0.049087 * 11   8   2 
1 3 3 0.017098 * 1  4  6  3 
1 3 3 0.017098 * 1  5  6  3 
2 3 3 0.251991 * 2  5  6  3 
4 3 2 0.023661 * 4  6  3 
5 3 2 0.025444 * 5  6  3 
6 3 1 0.024683 * 6  3 
7 3 2 0.028594 * 7  9  3 
8 3 4 0.065344 * 8  2  5  6  3 
9 3 1 0.045051 * 9  3 
10 3 1 0.059066 * 10   3 
11 3 4 0.019926 * 11   1   4   6   3 
11 3 4 0.019926 * 11   1   5   6   3 
1 4 1 0.025912 * 1  4 
2 4 3 0.077855 * 2  5  1  4 
2 4 3 0.077855 * 2  5  6  4 
3 4 2 0.008589 * 3  6  4 
5 4 2 0.026259 * 5  1  4 
5 4 2 0.026259 * 5  6  4 
6 4 1 0.008143 * 6  4 
7 4 1 0.498875 * 7  4 
8 4 3 0.029477 * 8  11   1   4 
9 4 2 0.006377 * 9  7  4 
10 4 3 0.005006 * 10   3   6   4 
10 4 3 0.005006 * 10   9   7   4 
11 4 2 0.019698 * 11   1   4 
1 5 1 0.053746 * 1  5 
2 5 1 0.607941 * 2  5 
3 5 2 0.033599 * 3  6  5 
4 5 2 0.012960 * 4  1  5 
4 5 2 0.012960 * 4  6  5 
6 5 1 0.049022 * 6  5 
7 5 3 0.040749 * 7  4  1  5 
7 5 3 0.040749 * 7  4  6  5 
8 5 2 0.123261 * 8  2  5 
9 5 3 0.034236 * 9  3  6  5 
10 5 3 0.040733 * 10   3   6   5 
11 5 2 0.124664 * 11   1   5 
1 6 2 0.020373 * 1  4  6 
1 6 2 0.020373 * 1  5  6 
2 6 2 0.218542 * 2  5  6 
3 6 1 0.017555 * 3  6 
4 6 1 0.017055 * 4  6 
5 6 1 0.051467 * 5  6 
7 6 2 0.025712 * 7  4  6 
8 6 3 0.040749 * 8  2  5  6 
9 6 2 0.003417 * 9  3  6 
10 6 2 0.026033 * 10   3   6 
11 6 3 0.038894 * 11   1   4   6 
11 6 3 0.038894 * 11   1   5   6 
1 7 2 0.110238 * 1  4  7 
2 7 4 0.367940 * 2  5  1  4  7 
2 7 4 0.367940 * 2  5  6  4  7 
3 7 2 0.017617 * 3  9  7 
4 7 1 0.044159 * 4  7 
5 7 3 0.085663 * 5  1  4  7 
5 7 3 0.085663 * 5  6  4  7 
6 7 2 0.033630 * 6  4  7 
8 7 4 0.264299 * 8  11   1   4   7 
9 7 1 0.023086 * 9  7 
10 7 2 0.139122 * 10   9   7 
11 7 3 0.285223 * 11   1   4   7 
1 8 2 0.202384 * 1  11   8 
2 8 1 0.303454 * 2  8 
3 8 4 0.085489 * 3  6  5  2  8 
4 8 3 0.190817 * 4   1  11   8 
5 8 2 0.289625 * 5  2  8 
6 8 3 0.091717 * 6  5  2  8 
7 8 4 0.248516 * 7   4   1  11   8 
9 8 5 0.012363 * 9  3  6  5  2  8 
9 8 5 0.012363 * 9   7   4   1  11   8 
10 8 5 0.118085 * 10   3   6   5   2   8 
11 8 1 0.289215 * 11   8 
1 9 3 0.004592 * 1  4  7  9 
2 9 4 0.043937 * 2  5  6  3  9 
3 9 1 0.026412 * 3  9 
4 9 2 0.003145 * 4  7  9 
5 9 3 0.025125 * 5  6  3  9 
6 9 2 0.001999 * 6  3  9 
7 9 1 0.033993 * 7  9 
8 9 5 0.013902 * 8  2  5  6  3  9 
8 9 5 0.013902 * 8  11   1   4   7   9 
10 9 1 0.011400 * 10   9 
11 9 4 0.006948 * 11   1   4   7   9 
1 10 4 0.022933 * 1   4   6   3  10 
1 10 4 0.022933 * 1   4   7   9  10 
1 10 4 0.039882 * 1   5   6   3  10 
2 10 4 0.461766 * 2   5   6   3  10 
3 10 1 0.018306 * 3  10 
4 10 3 0.004855 * 4   6   3  10 
4 10 3 0.004855 * 4   7   9  10 
5 10 3 0.064760 * 5   6   3  10 
6 10 2 0.014817 * 6   3  10 
7 10 2 0.101070 * 7   9  10 
8 10 5 0.115470 * 8   2   5   6   3  10 
9 10 1 0.014065 * 9  10 
11 10 5 0.013766 * 11   1   4   6   3  10 
11 10 5 0.013766 * 11   1   4   7   9  10 
11 10 5 0.016163 * 11   1   5   6   3  10 
1 11 1 0.554869 * 1  11 
2 11 2 0.360009 * 2   8  11 
3 11 4 0.081396 * 3   6   4   1  11 
3 11 4 0.081396 * 3   6   5   1  11 
4 11 2 0.120362 * 4   1  11 
5 11 2 0.262951 * 5   1  11 
6 11 3 0.026271 * 6   4   1  11 
6 11 3 0.026271 * 6   5   1  11 
7 11 3 0.344195 * 7   4   1  11 
8 11 1 0.648487 * 8  11 
9 11 4 0.016439 * 9   7   4   1  11 
10 11 5 0.051085 * 10   3   6   4   1  11 
10 11 5 0.051085 * 10   3   6   5   1  11 
10 11 5 0.051085 * 10   9   7   4   1  11 
