2 1 0.248686 0.062121 * 2  5  1  0 
2 1 0.350588 0.008202 * 2   8  11   1 
3 1 0.349636 0.007097 * 3  6  4  1 
3 1 0.326459 0.005536 * 3  6  5  1 
4 1 0.123619 0.007743 * 4  1 
5 1 0.107653 0.088736 * 5  1 
6 1 0.239855 0.008603 * 6  4  1 
6 1 0.216678 0.006711 * 6  5  1 
7 1 0.245731 0.104826 * 7  4  1 
8 1 0.236001 0.079493 * 8  11   1 
9 1 0.451095 0.011587 * 9  3  6  4  1 
9 1 0.427919 0.011587 * 9  3  6  5  1 
9 1 0.348159 0.010709 * 9  7  4  1  0 
10 1 0.454798 0.010812 * 10   3   6   4   1   0 
10 1 0.431622 0.010812 * 10   3   6   5   1   0 
10 1 0.552627 0.007383 * 10   9   3   6   4   1 
10 1 0.529450 0.007383 * 10   9   3   6   5   1 
10 1 0.449691 0.007383 * 10   9   7   4   1   0 
11 1 0.119889 0.681263 * 11   1 
1 2 0.229427 0.032092 * 1  5  2  0 
1 2 0.345551 0.032092 * 1  11   8   2 
3 2 0.335905 0.068910 * 3  6  5  2 
4 2 0.353046 0.039942 * 4  1  5  2  0 
4 2 0.469170 0.039942 * 4   1  11   8   2 
4 2 0.327570 0.019408 * 4  6  5  2  0 
5 2 0.117098 0.088236 * 5  2 
6 2 0.226124 0.033466 * 6  5  2 
7 2 0.475158 0.164137 * 7  4  1  5  2  0 
7 2 0.591282 0.164137 * 7   4   1  11   8   2 
7 2 0.449682 0.079755 * 7  4  6  5  2  0 
7 2 0.539351 0.039849 * 7  9  3  6  5  2 
8 2 0.104658 0.025589 * 8  2 
9 2 0.437364 0.007792 * 9  3  6  5  2 
10 2 0.441067 0.030124 * 10   3   6   5   2   0 
10 2 0.538896 0.010690 * 10   9   3   6   5   2 
11 2 0.215525 0.049087 * 11   8   2 
1 3 0.328563 0.009017 * 1  4  6  3  0 
1 3 0.435915 0.006120 * 1  4  7  9  3 
1 3 0.359633 0.019059 * 1  5  6  3  0 
2 3 0.388337 0.251991 * 2  5  6  3 
4 3 0.216667 0.014554 * 4  6  3  0 
4 3 0.324019 0.009107 * 4  7  9  3 
5 3 0.247304 0.025444 * 5  6  3 
6 3 0.115221 0.024683 * 6  3 
7 3 0.203446 0.028594 * 7  9  3 
8 3 0.492996 0.025740 * 8  2  5  6  3  0  0 
8 3 0.564564 0.013488 * 8  11   1   4   6   3   0 
8 3 0.671915 0.012629 * 8  11   1   4   7   9   3 
8 3 0.595634 0.013488 * 8  11   1   5   6   3   0 
9 3 0.101459 0.045051 * 9  3 
10 3 0.202991 0.015471 * 10   9   3 
10 3 0.105163 0.043596 * 10   3   0 
11 3 0.448452 0.010803 * 11   1   4   6   3   0 
11 3 0.555804 0.007331 * 11   1   4   7   9   3 
11 3 0.479523 0.021718 * 11   1   5   6   3   0 
1 4 0.111896 0.025912 * 1  4 
2 4 0.360582 0.043301 * 2  5  1  4  0 
2 4 0.389352 0.108174 * 2  5  6  4  0 
2 4 0.462484 0.004235 * 2   8  11   1   4 
3 4 0.226017 0.007565 * 3  6  4  0 
3 4 0.325983 0.001024 * 3  9  7  4 
5 4 0.219549 0.015013 * 5  1  4 
5 4 0.248319 0.037505 * 5  6  4 
6 4 0.116236 0.008143 * 6  4 
7 4 0.122112 0.498875 * 7  4 
8 4 0.347896 0.029477 * 8  11   1   4 
9 4 0.224540 0.006377 * 9  7  4 
10 4 0.331179 0.005599 * 10   3   6   4   0 
10 4 0.431145 0.001534 * 10   3   9   7   4 
10 4 0.326072 0.002879 * 10   9   7   4   0 
11 4 0.231785 0.019698 * 11   1   4 
1 5 0.112329 0.053746 * 1  5 
2 5 0.141033 0.607941 * 2  5 
3 5 0.218807 0.033599 * 3  6  5 
4 5 0.235948 0.016539 * 4  1  5 
4 5 0.210472 0.009380 * 4  6  5 
6 5 0.109026 0.049022 * 6  5 
7 5 0.358060 0.044719 * 7  4  1  5  0 
7 5 0.332584 0.025362 * 7  4  6  5  0 
7 5 0.422252 0.011416 * 7  9  3  6  5 
8 5 0.245692 0.090920 * 8  2  5  0 
8 5 0.348330 0.032341 * 8  11   1   5 
9 5 0.320266 0.034236 * 9  3  6  5 
10 5 0.323969 0.030064 * 10   3   6   5   0 
10 5 0.421798 0.010669 * 10   9   3   6   5 
11 5 0.232219 0.124664 * 11   1   5 
1 6 0.213342 0.009185 * 1  4  6 
1 6 0.244412 0.031560 * 1  5  6 
2 6 0.273116 0.218542 * 2  5  6 
3 6 0.109781 0.017555 * 3  6 
4 6 0.101446 0.017055 * 4  6 
5 6 0.132083 0.051467 * 5  6 
7 6 0.223558 0.015816 * 7  4  6  0 
7 6 0.313227 0.009896 * 7  9  3  6 
8 6 0.377774 0.021240 * 8  2  5  6  0 
8 6 0.449342 0.009754 * 8  11   1   4   6 
8 6 0.480412 0.009754 * 8  11   1   5   6 
9 6 0.211240 0.003417 * 9  3  6 
10 6 0.214943 0.019214 * 10   3   6   0 
10 6 0.312772 0.006819 * 10   9   3   6 
11 6 0.333231 0.019159 * 11   1   4   6 
11 6 0.364301 0.058628 * 11   1   5   6 
1 7 0.232469 0.110238 * 1  4  7 
2 7 0.481155 0.179972 * 2  5  1  4  7  0 
2 7 0.592208 0.063983 * 2  5  6  3  9  7 
2 7 0.509925 0.472775 * 2  5  6  4  7  0 
2 7 0.583057 0.019151 * 2   8  11   1   4   7 
3 7 0.203870 0.017617 * 3  9  7 
4 7 0.120573 0.044159 * 4  7 
5 7 0.340121 0.043020 * 5  1  4  7  0 
5 7 0.451174 0.015295 * 5  6  3  9  7 
5 7 0.368892 0.113012 * 5  6  4  7  0 
6 7 0.319092 0.004009 * 6  3  9  7 
6 7 0.236809 0.029622 * 6  4  7  0 
8 7 0.468469 0.264299 * 8  11   1   4   7 
9 7 0.102428 0.023086 * 9  7 
10 7 0.309033 0.026180 * 10   3   9   7 
10 7 0.203960 0.112942 * 10   9   7   0 
11 7 0.352358 0.285223 * 11   1   4   7 
1 8 0.344015 0.045443 * 1  5  2  8 
1 8 0.240892 0.156941 * 1  11   8   0 
2 8 0.114588 0.303454 * 2  8 
3 8 0.450492 0.085489 * 3  6  5  2  8 
4 8 0.467634 0.042089 * 4  1  5  2  8 
4 8 0.364511 0.131927 * 4   1  11   8   0 
4 8 0.442158 0.016800 * 4  6  5  2  8 
5 8 0.231686 0.289625 * 5  2  8 
6 8 0.340712 0.091717 * 6  5  2  8 
7 8 0.589746 0.067366 * 7  4  1  5  2  8 
7 8 0.486623 0.154261 * 7   4   1  11   8   0 
7 8 0.564270 0.026890 * 7  4  6  5  2  8 
9 8 0.551952 0.001102 * 9  3  6  5  2  8  0 
9 8 0.692174 0.009101 * 9  7  4  1  5  2  8 
9 8 0.589051 0.009101 * 9   7   4   1  11   8   0 
9 8 0.666698 0.005421 * 9  7  4  6  5  2  8 
10 8 0.555655 0.011524 * 10   3   6   5   2   8   0   0 
10 8 0.653484 0.005206 * 10   9   3   6   5   2   8   0 
10 8 0.793706 0.037869 * 10   9   7   4   1   5   2   8 
10 8 0.690583 0.037869 * 10   9   7   4   1  11   8   0 
10 8 0.768229 0.025616 * 10   9   7   4   6   5   2   8 
11 8 0.110866 0.289215 * 11   8 
1 9 0.430006 0.000534 * 1  4  6  3  9 
1 9 0.334455 0.004059 * 1  4  7  9  0 
2 9 0.678692 0.004139 * 2  5  1  4  6  3  9 
2 9 0.583141 0.026325 * 2  5  1  4  7  9  0 
2 9 0.489780 0.013473 * 2  5  6  3  9  0  0 
3 9 0.101442 0.026412 * 3  9 
4 9 0.318110 0.000365 * 4  6  3  9 
4 9 0.222559 0.002779 * 4  7  9  0 
5 9 0.537658 0.002367 * 5  1  4  6  3  9 
5 9 0.442108 0.015054 * 5  1  4  7  9  0 
5 9 0.348746 0.007705 * 5  6  3  9  0  0 
6 9 0.216664 0.001999 * 6  3  9 
7 9 0.101986 0.033993 * 7  9 
8 9 0.783350 0.004022 * 8  2  5  1  4  6  3  9 
8 9 0.687800 0.009136 * 8  2  5  1  4  7  9  0 
8 9 0.594438 0.009136 * 8  2  5  6  3  9  0  0 
8 9 0.666006 0.002756 * 8  11   1   4   6   3   9   0 
8 9 0.570456 0.002756 * 8  11   1   4   7   9   0   0 
10 9 0.206605 0.002145 * 10   3   9 
10 9 0.101532 0.009255 * 10   9   0 
11 9 0.549895 0.002866 * 11   1   4   6   3   9 
11 9 0.454345 0.004081 * 11   1   4   7   9   0 
1 10 0.531306 0.009041 * 1   4   6   3   9  10 
1 10 0.437135 0.009041 * 1   4   6   3  10   0 
1 10 0.435755 0.012942 * 1   4   7   9  10   0 
1 10 0.562376 0.027362 * 1   5   6   3   9  10 
1 10 0.468205 0.027362 * 1   5   6   3  10   0 
2 10 0.591080 0.098244 * 2   5   6   3   9  10 
2 10 0.496909 0.363522 * 2   5   6   3  10   0 
3 10 0.202743 0.003445 * 3   9  10 
3 10 0.108572 0.014861 * 3  10   0 
4 10 0.419410 0.002830 * 4   6   3   9  10 
4 10 0.325239 0.002830 * 4   6   3  10   0 
4 10 0.323859 0.004051 * 4   7   9  10   0 
5 10 0.450047 0.012187 * 5   6   3   9  10 
5 10 0.355876 0.052573 * 5   6   3  10   0 
6 10 0.317964 0.002788 * 6   3   9  10 
6 10 0.223793 0.012029 * 6   3  10   0 
7 10 0.203287 0.101070 * 7   9  10 
8 10 0.695738 0.024286 * 8   2   5   6   3   9  10   0 
8 10 0.601568 0.024286 * 8   2   5   6   3  10   0   0 
8 10 0.767306 0.011322 * 8  11   1   4   6   3   9  10 
8 10 0.673136 0.011322 * 8  11   1   4   6   3  10   0 
8 10 0.671756 0.014751 * 8  11   1   4   7   9  10   0 
8 10 0.798376 0.014751 * 8  11   1   5   6   3   9  10 
8 10 0.704206 0.014751 * 8  11   1   5   6   3  10   0 
9 10 0.101300 0.014065 * 9  10 
11 10 0.651195 0.005054 * 11   1   4   6   3   9  10 
11 10 0.557024 0.005054 * 11   1   4   6   3  10   0 
11 10 0.555645 0.007234 * 11   1   4   7   9  10   0 
11 10 0.682265 0.013177 * 11   1   5   6   3   9  10 
11 10 0.588095 0.013177 * 11   1   5   6   3  10   0 
1 11 0.130026 0.554869 * 1  11 
2 11 0.230699 0.360009 * 2   8  11 
3 11 0.479662 0.075660 * 3   6   4   1  11   0 
3 11 0.456486 0.066812 * 3   6   5   1  11   0 
3 11 0.566604 0.020319 * 3   6   5   2   8  11 
4 11 0.253645 0.120362 * 4   1  11 
5 11 0.237679 0.232281 * 5   1  11   0 
5 11 0.347797 0.030669 * 5   2   8  11 
6 11 0.369881 0.024420 * 6   4   1  11   0 
6 11 0.346705 0.021564 * 6   5   1  11   0 
6 11 0.456823 0.006558 * 6   5   2   8  11 
7 11 0.375757 0.344195 * 7   4   1  11 
8 11 0.116111 0.648487 * 8  11 
9 11 0.581121 0.004244 * 9   3   6   4   1  11   0 
9 11 0.557945 0.004244 * 9   3   6   5   1  11   0 
9 11 0.668063 0.004244 * 9   3   6   5   2   8  11 
9 11 0.478185 0.003708 * 9   7   4   1  11   0   0 
10 11 0.584824 0.035771 * 10   3   6   4   1  11   0   0 
10 11 0.561648 0.035771 * 10   3   6   5   1  11   0   0 
10 11 0.671766 0.019333 * 10   3   6   5   2   8  11   0 
10 11 0.682653 0.016104 * 10   9   3   6   4   1  11   0 
10 11 0.659477 0.016104 * 10   9   3   6   5   1  11   0 
10 11 0.769595 0.016104 * 10   9   3   6   5   2   8  11 
10 11 0.579717 0.014070 * 10   9   7   4   1  11   0   0 
