2 1 2 0.071790 * 2  5  1 
3 1 3 0.008574 * 3  6  4  1 
3 1 3 0.008574 * 3  6  5  1 
4 1 1 0.013370 * 4  1 
5 1 1 0.083723 * 5  1 
6 1 2 0.006470 * 6  4  1 
6 1 2 0.006470 * 6  5  1 
7 1 2 0.103763 * 7  4  1 
8 1 2 0.091732 * 8  11   1 
9 1 3 0.018770 * 9  7  4  1 
10 1 4 0.015342 * 10   3   6   4   1 
10 1 4 0.015342 * 10   3   6   5   1 
10 1 4 0.015342 * 10   9   7   4   1 
11 1 1 0.619377 * 11   1 
1 2 2 0.065704 * 1  5  2 
3 2 3 0.071527 * 3  6  5  2 
4 2 3 0.089345 * 4  1  5  2 
4 2 3 0.089345 * 4  6  5  2 
5 2 1 0.094413 * 5  2 
6 2 2 0.042056 * 6  5  2 
7 2 4 0.296206 * 7  4  1  5  2 
7 2 4 0.296206 * 7  4  6  5  2 
8 2 1 0.021997 * 8  2 
9 2 4 0.015455 * 9  3  6  5  2 
10 2 4 0.041399 * 10   3   6   5   2 
11 2 2 0.051037 * 11   8   2 
1 3 3 0.018845 * 1  4  6  3 
1 3 3 0.018845 * 1  5  6  3 
2 3 3 0.260836 * 2  5  6  3 
4 3 2 0.027953 * 4  6  3 
5 3 2 0.047492 * 5  6  3 
6 3 1 0.018761 * 6  3 
7 3 2 0.021342 * 7  9  3 
8 3 4 0.045660 * 8  2  5  6  3 
9 3 1 0.050706 * 9  3 
10 3 1 0.051174 * 10   3 
11 3 4 0.024587 * 11   1   4   6   3 
11 3 4 0.024587 * 11   1   5   6   3 
1 4 1 0.028059 * 1  4 
2 4 3 0.081096 * 2  5  1  4 
2 4 3 0.081096 * 2  5  6  4 
3 4 2 0.010812 * 3  6  4 
5 4 2 0.025698 * 5  1  4 
5 4 2 0.025698 * 5  6  4 
6 4 1 0.008186 * 6  4 
7 4 1 0.284333 * 7  4 
8 4 3 0.034377 * 8  11   1   4 
9 4 2 0.005378 * 9  7  4 
10 4 3 0.007343 * 10   3   6   4 
10 4 3 0.007343 * 10   9   7   4 
11 4 2 0.017322 * 11   1   4 
1 5 1 0.076932 * 1  5 
2 5 1 0.604653 * 2  5 
3 5 2 0.035535 * 3  6  5 
4 5 2 0.014845 * 4  1  5 
4 5 2 0.014845 * 4  6  5 
6 5 1 0.072584 * 6  5 
7 5 3 0.037196 * 7  4  1  5 
7 5 3 0.037196 * 7  4  6  5 
8 5 2 0.129738 * 8  2  5 
9 5 3 0.038866 * 9  3  6  5 
10 5 3 0.039189 * 10   3   6   5 
11 5 2 0.140105 * 11   1   5 
1 6 2 0.021401 * 1  4  6 
1 6 2 0.021401 * 1  5  6 
2 6 2 0.194253 * 2  5  6 
3 6 1 0.018720 * 3  6 
4 6 1 0.034313 * 4  6 
5 6 1 0.067479 * 5  6 
7 6 2 0.027989 * 7  4  6 
8 6 3 0.044292 * 8  2  5  6 
9 6 2 0.002494 * 9  3  6 
10 6 2 0.025157 * 10   3   6 
11 6 3 0.036764 * 11   1   4   6 
11 6 3 0.036764 * 11   1   5   6 
1 7 2 0.090967 * 1  4  7 
2 7 4 0.399017 * 2  5  1  4  7 
2 7 4 0.399017 * 2  5  6  4  7 
3 7 2 0.021719 * 3  9  7 
4 7 1 0.096354 * 4  7 
5 7 3 0.092441 * 5  1  4  7 
5 7 3 0.092441 * 5  6  4  7 
6 7 2 0.038450 * 6  4  7 
8 7 4 0.280006 * 8  11   1   4   7 
9 7 1 0.032193 * 9  7 
10 7 2 0.139934 * 10   9   7 
11 7 3 0.275974 * 11   1   4   7 
1 8 2 0.198262 * 1  11   8 
2 8 1 0.325129 * 2  8 
3 8 4 0.069295 * 3  6  5  2  8 
4 8 3 0.183235 * 4   1  11   8 
5 8 2 0.277601 * 5  2  8 
6 8 3 0.099768 * 6  5  2  8 
7 8 4 0.283905 * 7   4   1  11   8 
9 8 5 0.016486 * 9  3  6  5  2  8 
9 8 5 0.016486 * 9   7   4   1  11   8 
10 8 5 0.126560 * 10   3   6   5   2   8 
11 8 1 0.259811 * 11   8 
1 9 3 0.003885 * 1  4  7  9 
2 9 4 0.050724 * 2  5  6  3  9 
3 9 1 0.038371 * 3  9 
4 9 2 0.005411 * 4  7  9 
5 9 3 0.016205 * 5  6  3  9 
6 9 2 0.001909 * 6  3  9 
7 9 1 0.043277 * 7  9 
8 9 5 0.007214 * 8  2  5  6  3  9 
8 9 5 0.007214 * 8  11   1   4   7   9 
10 9 1 0.012894 * 10   9 
11 9 4 0.005735 * 11   1   4   7   9 
1 10 4 0.023470 * 1   4   6   3  10 
1 10 4 0.023470 * 1   4   7   9  10 
1 10 4 0.038700 * 1   5   6   3  10 
2 10 4 0.453198 * 2   5   6   3  10 
3 10 1 0.015791 * 3  10 
4 10 3 0.006425 * 4   6   3  10 
4 10 3 0.006425 * 4   7   9  10 
5 10 3 0.048692 * 5   6   3  10 
6 10 2 0.016778 * 6   3  10 
7 10 2 0.106312 * 7   9  10 
8 10 5 0.110679 * 8   2   5   6   3  10 
9 10 1 0.011939 * 9  10 
11 10 5 0.011689 * 11   1   4   6   3  10 
11 10 5 0.011689 * 11   1   4   7   9  10 
11 10 5 0.011689 * 11   1   5   6   3  10 
1 11 1 0.749051 * 1  11 
2 11 2 0.272558 * 2   8  11 
3 11 4 0.061568 * 3   6   4   1  11 
3 11 4 0.061568 * 3   6   5   1  11 
4 11 2 0.153213 * 4   1  11 
5 11 2 0.303767 * 5   1  11 
6 11 3 0.026605 * 6   4   1  11 
6 11 3 0.026605 * 6   5   1  11 
7 11 3 0.368957 * 7   4   1  11 
8 11 1 0.684978 * 8  11 
9 11 4 0.025423 * 9   7   4   1  11 
10 11 5 0.060714 * 10   3   6   4   1  11 
10 11 5 0.060714 * 10   3   6   5   1  11 
10 11 5 0.060714 * 10   9   7   4   1  11 
