2  5  1 
0.071790
3  6  4  1 
0.008574
3  6  5  1 
0.008574
4  1 
0.013370
5  1 
0.083723
6  4  1 
0.006470
6  5  1 
0.006470
7  4  1 
0.103763
8  11   1 
0.091732
9  7  4  1 
0.018770
10   3   6   4   1 
0.015342
10   3   6   5   1 
0.015342
10   9   7   4   1 
0.015342
11   1 
0.619377
1  5  2 
0.065704
3  6  5  2 
0.071527
4  1  5  2 
0.089345
4  6  5  2 
0.089345
5  2 
0.094413
6  5  2 
0.042056
7  4  1  5  2 
0.296206
7  4  6  5  2 
0.296206
8  2 
0.021997
9  3  6  5  2 
0.015455
10   3   6   5   2 
0.041399
11   8   2 
0.051037
1  4  6  3 
0.018845
1  5  6  3 
0.018845
2  5  6  3 
0.260836
4  6  3 
0.027953
5  6  3 
0.047492
6  3 
0.018761
7  9  3 
0.021342
8  2  5  6  3 
0.045660
9  3 
0.050706
10   3 
0.051174
11   1   4   6   3 
0.024587
11   1   5   6   3 
0.024587
1  4 
0.028059
2  5  1  4 
0.081096
2  5  6  4 
0.081096
3  6  4 
0.010812
5  1  4 
0.025698
5  6  4 
0.025698
6  4 
0.008186
7  4 
0.284333
8  11   1   4 
0.034377
9  7  4 
0.005378
10   3   6   4 
0.007343
10   9   7   4 
0.007343
11   1   4 
0.017322
1  5 
0.076932
2  5 
0.604653
3  6  5 
0.035535
4  1  5 
0.014845
4  6  5 
0.014845
6  5 
0.072584
7  4  1  5 
0.037196
7  4  6  5 
0.037196
8  2  5 
0.129738
9  3  6  5 
0.038866
10   3   6   5 
0.039189
11   1   5 
0.140105
1  4  6 
0.021401
1  5  6 
0.021401
2  5  6 
0.194253
3  6 
0.018720
4  6 
0.034313
5  6 
0.067479
7  4  6 
0.027989
8  2  5  6 
0.044292
9  3  6 
0.002494
10   3   6 
0.025157
11   1   4   6 
0.036764
11   1   5   6 
0.036764
1  4  7 
0.090967
2  5  1  4  7 
0.399017
2  5  6  4  7 
0.399017
3  9  7 
0.021719
4  7 
0.096354
5  1  4  7 
0.092441
5  6  4  7 
0.092441
6  4  7 
0.038450
8  11   1   4   7 
0.280006
9  7 
0.032193
10   9   7 
0.139934
11   1   4   7 
0.275974
1  11   8 
0.198262
2  8 
0.325129
3  6  5  2  8 
0.069295
4   1  11   8 
0.183235
5  2  8 
0.277601
6  5  2  8 
0.099768
7   4   1  11   8 
0.283905
9  3  6  5  2  8 
0.016486
9   7   4   1  11   8 
0.016486
10   3   6   5   2   8 
0.126560
11   8 
0.259811
1  4  7  9 
0.003885
2  5  6  3  9 
0.050724
3  9 
0.038371
4  7  9 
0.005411
5  6  3  9 
0.016205
6  3  9 
0.001909
7  9 
0.043277
8  2  5  6  3  9 
0.007214
8  11   1   4   7   9 
0.007214
10   9 
0.012894
11   1   4   7   9 
0.005735
1   4   6   3  10 
0.023470
1   4   7   9  10 
0.023470
1   5   6   3  10 
0.038700
2   5   6   3  10 
0.453198
3  10 
0.015791
4   6   3  10 
0.006425
4   7   9  10 
0.006425
5   6   3  10 
0.048692
6   3  10 
0.016778
7   9  10 
0.106312
8   2   5   6   3  10 
0.110679
9  10 
0.011939
11   1   4   6   3  10 
0.011689
11   1   4   7   9  10 
0.011689
11   1   5   6   3  10 
0.011689
1  11 
0.749051
2   8  11 
0.272558
3   6   4   1  11 
0.061568
3   6   5   1  11 
0.061568
4   1  11 
0.153213
5   1  11 
0.303767
6   4   1  11 
0.026605
6   5   1  11 
0.026605
7   4   1  11 
0.368957
8  11 
0.684978
9   7   4   1  11 
0.025423
10   3   6   4   1  11 
0.060714
10   3   6   5   1  11 
0.060714
10   9   7   4   1  11 
0.060714
