2  5  1 
0.133700
3  6  4  1 
0.018674
3  6  5  1 
0.018674
4  1 
0.074917
5  1 
0.154537
6  4  1 
0.024126
6  5  1 
0.024126
7  4  1 
0.109216
8  11   1 
0.083498
9  7  4  1 
0.023483
10   3   6   4   1 
0.020030
10   3   6   5   1 
0.020030
10   9   7   4   1 
0.020030
11   1 
0.365905
1  5  2 
0.113171
3  6  5  2 
0.086946
4  1  5  2 
0.027672
4  6  5  2 
0.027672
5  2 
0.159288
6  5  2 
0.057038
7  4  1  5  2 
0.070611
7  4  6  5  2 
0.070611
8  2 
0.049013
9  3  6  5  2 
0.022992
10   3   6   5   2 
0.035918
11   8   2 
0.093702
1  4  6  3 
0.015595
1  5  6  3 
0.015595
2  5  6  3 
0.188744
4  6  3 
0.034874
5  6  3 
0.048960
6  3 
0.066393
7  9  3 
0.129103
8  2  5  6  3 
0.073589
9  3 
0.062345
10   3 
0.090663
11   1   4   6   3 
0.050653
11   1   5   6   3 
0.050653
1  4 
0.028461
2  5  1  4 
0.072008
2  5  6  4 
0.072008
3  6  4 
0.025121
5  1  4 
0.027722
5  6  4 
0.027722
6  4 
0.023399
7  4 
0.071105
8  11   1   4 
0.030591
9  7  4 
0.019183
10   3   6   4 
0.013211
10   9   7   4 
0.013211
11   1   4 
0.042618
1  5 
0.116437
2  5 
0.549369
3  6  5 
0.045373
4  1  5 
0.021447
4  6  5 
0.021447
6  5 
0.095534
7  4  1  5 
0.062562
7  4  6  5 
0.062562
8  2  5 
0.203513
9  3  6  5 
0.039961
10   3   6   5 
0.060630
11   1   5 
0.189741
1  4  6 
0.026049
1  5  6 
0.026049
2  5  6 
0.211327
3  6 
0.057091
4  6 
0.030599
5  6 
0.075092
7  4  6 
0.049325
8  2  5  6 
0.054642
9  3  6 
0.010337
10   3   6 
0.016981
11   1   4   6 
0.036369
11   1   5   6 
0.036369
1  4  7 
0.113365
2  5  1  4  7 
0.290674
2  5  6  4  7 
0.290674
3  9  7 
0.060218
4  7 
0.089756
5  1  4  7 
0.120720
5  6  4  7 
0.120720
6  4  7 
0.072154
8  11   1   4   7 
0.309301
9  7 
0.018655
10   9   7 
0.169848
11   1   4   7 
0.336346
1  11   8 
0.228992
2  8 
0.445651
3  6  5  2  8 
0.097536
4   1  11   8 
0.229525
5  2  8 
0.356016
6  5  2  8 
0.149055
7   4   1  11   8 
0.411572
9  3  6  5  2  8 
0.021770
9   7   4   1  11   8 
0.021770
10   3   6   5   2   8 
0.130421
11   8 
0.419489
1  4  7  9 
0.005119
2  5  6  3  9 
0.029794
3  9 
0.061081
4  7  9 
0.008192
5  6  3  9 
0.021058
6  3  9 
0.007163
7  9 
0.016688
8  2  5  6  3  9 
0.009755
8  11   1   4   7   9 
0.009755
10   9 
0.024621
11   1   4   7   9 
0.014356
1   4   6   3  10 
0.024777
1   4   7   9  10 
0.024777
1   5   6   3  10 
0.038496
2   5   6   3  10 
0.230492
3  10 
0.029462
4   6   3  10 
0.010762
4   7   9  10 
0.010762
5   6   3  10 
0.068767
6   3  10 
0.030660
7   9  10 
0.136403
8   2   5   6   3  10 
0.093928
9  10 
0.034048
11   1   4   6   3  10 
0.018836
11   1   4   7   9  10 
0.018836
11   1   5   6   3  10 
0.024144
1  11 
0.621896
2   8  11 
0.485245
3   6   4   1  11 
0.095374
3   6   5   1  11 
0.095374
4   1  11 
0.100795
5   1  11 
0.284357
6   4   1  11 
0.070463
6   5   1  11 
0.070463
7   4   1  11 
0.455817
8  11 
0.883677
9   7   4   1  11 
0.025949
10   3   6   4   1  11 
0.064947
10   3   6   5   1  11 
0.064947
10   9   7   4   1  11 
0.064947
