2 1 2 0.082390 * 2  5  1 
3 1 3 0.011335 * 3  6  4  1 
3 1 3 0.011335 * 3  6  5  1 
4 1 1 0.019468 * 4  1 
5 1 1 0.097573 * 5  1 
6 1 2 0.006937 * 6  4  1 
6 1 2 0.006937 * 6  5  1 
7 1 2 0.093925 * 7  4  1 
8 1 2 0.078997 * 8  11   1 
9 1 3 0.012937 * 9  7  4  1 
10 1 4 0.018492 * 10   3   6   4   1 
10 1 4 0.018492 * 10   3   6   5   1 
10 1 4 0.018492 * 10   9   7   4   1 
11 1 1 0.471331 * 11   1 
1 2 2 0.077957 * 1  5  2 
3 2 3 0.064531 * 3  6  5  2 
4 2 3 0.023324 * 4  1  5  2 
4 2 3 0.023324 * 4  6  5  2 
5 2 1 0.117881 * 5  2 
6 2 2 0.041635 * 6  5  2 
7 2 4 0.055876 * 7  4  1  5  2 
7 2 4 0.055876 * 7  4  6  5  2 
8 2 1 0.035698 * 8  2 
9 2 4 0.016324 * 9  3  6  5  2 
10 2 4 0.050288 * 10   3   6   5   2 
11 2 2 0.053309 * 11   8   2 
1 3 3 0.013731 * 1  4  6  3 
1 3 3 0.013731 * 1  5  6  3 
2 3 3 0.251173 * 2  5  6  3 
4 3 2 0.029194 * 4  6  3 
5 3 2 0.036171 * 5  6  3 
6 3 1 0.042239 * 6  3 
7 3 2 0.026905 * 7  9  3 
8 3 4 0.058572 * 8  2  5  6  3 
9 3 1 0.044895 * 9  3 
10 3 1 0.061703 * 10   3 
11 3 4 0.028840 * 11   1   4   6   3 
11 3 4 0.028840 * 11   1   5   6   3 
1 4 1 0.027637 * 1  4 
2 4 3 0.089760 * 2  5  1  4 
2 4 3 0.089760 * 2  5  6  4 
3 4 2 0.009609 * 3  6  4 
5 4 2 0.016460 * 5  1  4 
5 4 2 0.016460 * 5  6  4 
6 4 1 0.042886 * 6  4 
7 4 1 0.297981 * 7  4 
8 4 3 0.038473 * 8  11   1   4 
9 4 2 0.005662 * 9  7  4 
10 4 3 0.013086 * 10   3   6   4 
10 4 3 0.013086 * 10   9   7   4 
11 4 2 0.022271 * 11   1   4 
1 5 1 0.076441 * 1  5 
2 5 1 0.652866 * 2  5 
3 5 2 0.048793 * 3  6  5 
4 5 2 0.015927 * 4  1  5 
4 5 2 0.015927 * 4  6  5 
6 5 1 0.067775 * 6  5 
7 5 3 0.062971 * 7  4  1  5 
7 5 3 0.062971 * 7  4  6  5 
8 5 2 0.130928 * 8  2  5 
9 5 3 0.031049 * 9  3  6  5 
10 5 3 0.046696 * 10   3   6   5 
11 5 2 0.169222 * 11   1   5 
1 6 2 0.014047 * 1  4  6 
1 6 2 0.014047 * 1  5  6 
2 6 2 0.202561 * 2  5  6 
3 6 1 0.021048 * 3  6 
4 6 1 0.022921 * 4  6 
5 6 1 0.073471 * 5  6 
7 6 2 0.033478 * 7  4  6 
8 6 3 0.061840 * 8  2  5  6 
9 6 2 0.005934 * 9  3  6 
10 6 2 0.027777 * 10   3   6 
11 6 3 0.026421 * 11   1   4   6 
11 6 3 0.026421 * 11   1   5   6 
1 7 2 0.096037 * 1  4  7 
2 7 4 0.391526 * 2  5  1  4  7 
2 7 4 0.391526 * 2  5  6  4  7 
3 7 2 0.050717 * 3  9  7 
4 7 1 0.090063 * 4  7 
5 7 3 0.088912 * 5  1  4  7 
5 7 3 0.088912 * 5  6  4  7 
6 7 2 0.047467 * 6  4  7 
8 7 4 0.299270 * 8  11   1   4   7 
9 7 1 0.061096 * 9  7 
10 7 2 0.139544 * 10   9   7 
11 7 3 0.288501 * 11   1   4   7 
1 8 2 0.202435 * 1  11   8 
2 8 1 0.372634 * 2  8 
3 8 4 0.088714 * 3  6  5  2  8 
4 8 3 0.179070 * 4   1  11   8 
5 8 2 0.271099 * 5  2  8 
6 8 3 0.100295 * 6  5  2  8 
7 8 4 0.355500 * 7   4   1  11   8 
9 8 5 0.016970 * 9  3  6  5  2  8 
9 8 5 0.016970 * 9   7   4   1  11   8 
10 8 5 0.156081 * 10   3   6   5   2   8 
11 8 1 0.306996 * 11   8 
1 9 3 0.003810 * 1  4  7  9 
2 9 4 0.039435 * 2  5  6  3  9 
3 9 1 0.026749 * 3  9 
4 9 2 0.005151 * 4  7  9 
5 9 3 0.012016 * 5  6  3  9 
6 9 2 0.003134 * 6  3  9 
7 9 1 0.037994 * 7  9 
8 9 5 0.004892 * 8  2  5  6  3  9 
8 9 5 0.004892 * 8  11   1   4   7   9 
10 9 1 0.015993 * 10   9 
11 9 4 0.008239 * 11   1   4   7   9 
1 10 4 0.023230 * 1   4   6   3  10 
1 10 4 0.023230 * 1   4   7   9  10 
1 10 4 0.039658 * 1   5   6   3  10 
2 10 4 0.418211 * 2   5   6   3  10 
3 10 1 0.026224 * 3  10 
4 10 3 0.005279 * 4   6   3  10 
4 10 3 0.005279 * 4   7   9  10 
5 10 3 0.028398 * 5   6   3  10 
6 10 2 0.017047 * 6   3  10 
7 10 2 0.134137 * 7   9  10 
8 10 5 0.104968 * 8   2   5   6   3  10 
9 10 1 0.012679 * 9  10 
11 10 5 0.012225 * 11   1   4   6   3  10 
11 10 5 0.012225 * 11   1   4   7   9  10 
11 10 5 0.012542 * 11   1   5   6   3  10 
1 11 1 0.576086 * 1  11 
2 11 2 0.321755 * 2   8  11 
3 11 4 0.102297 * 3   6   4   1  11 
3 11 4 0.102297 * 3   6   5   1  11 
4 11 2 0.133329 * 4   1  11 
5 11 2 0.283929 * 5   1  11 
6 11 3 0.029873 * 6   4   1  11 
6 11 3 0.029873 * 6   5   1  11 
7 11 3 0.338415 * 7   4   1  11 
8 11 1 0.678912 * 8  11 
9 11 4 0.029598 * 9   7   4   1  11 
10 11 5 0.066368 * 10   3   6   4   1  11 
10 11 5 0.066368 * 10   3   6   5   1  11 
10 11 5 0.066368 * 10   9   7   4   1  11 
