2 1 0.248619 0.058223 * 2  5  1  0 
2 1 0.356441 0.006748 * 2   8  11   1 
3 1 0.355306 0.008571 * 3  6  4  1 
3 1 0.332119 0.005820 * 3  6  5  1 
4 1 0.123003 0.080986 * 4  1 
5 1 0.108231 0.082421 * 5  1 
6 1 0.242294 0.012444 * 6  4  1 
6 1 0.219107 0.008449 * 6  5  1 
7 1 0.242217 0.091273 * 7  4  1 
8 1 0.238937 0.079457 * 8  11   1 
9 1 0.457766 0.005882 * 9  3  6  4  1 
9 1 0.434579 0.005882 * 9  3  6  5  1 
9 1 0.345505 0.003346 * 9  7  4  1  0 
10 1 0.461969 0.017730 * 10   3   6   4   1   0 
10 1 0.438782 0.017730 * 10   3   6   5   1   0 
10 1 0.559772 0.010233 * 10   9   3   6   4   1 
10 1 0.536585 0.010233 * 10   9   3   6   5   1 
10 1 0.447511 0.006177 * 10   9   7   4   1   0 
11 1 0.119560 0.427923 * 11   1 
1 2 0.222840 0.029916 * 1  5  2  0 
1 2 0.352444 0.029916 * 1  11   8   2 
3 2 0.337231 0.080049 * 3  6  5  2 
4 2 0.345843 0.009580 * 4  1  5  2  0 
4 2 0.475447 0.009580 * 4   1  11   8   2 
4 2 0.325402 0.003612 * 4  6  5  2  0 
5 2 0.113343 0.137909 * 5  2 
6 2 0.224219 0.046987 * 6  5  2 
7 2 0.465057 0.036053 * 7  4  1  5  2  0 
7 2 0.594661 0.036053 * 7   4   1  11   8   2 
7 2 0.444616 0.013593 * 7  4  6  5  2  0 
7 2 0.542283 0.007299 * 7  9  3  6  5  2 
8 2 0.105012 0.040781 * 8  2 
9 2 0.439690 0.013194 * 9  3  6  5  2 
10 2 0.443894 0.033254 * 10   3   6   5   2   0 
10 2 0.541696 0.012234 * 10   9   3   6   5   2 
11 2 0.217846 0.048674 * 11   8   2 
1 3 0.329689 0.009972 * 1  4  6  3  0 
1 3 0.442331 0.006894 * 1  4  7  9  3 
1 3 0.356641 0.017713 * 1  5  6  3  0 
2 3 0.387530 0.242772 * 2  5  6  3 
4 3 0.216221 0.013519 * 4  6  3  0 
4 3 0.328863 0.009346 * 4  7  9  3 
5 3 0.247143 0.035905 * 5  6  3 
6 3 0.115038 0.078343 * 6  3 
7 3 0.205052 0.055706 * 7  9  3 
8 3 0.492542 0.025207 * 8  2  5  6  3  0  0 
8 3 0.568626 0.013411 * 8  11   1   4   6   3   0 
8 3 0.681267 0.013411 * 8  11   1   4   7   9   3 
8 3 0.595577 0.013411 * 8  11   1   5   6   3   0 
9 3 0.102460 0.072823 * 9  3 
10 3 0.204466 0.023394 * 10   9   3 
10 3 0.106663 0.063592 * 10   3   0 
11 3 0.449250 0.021171 * 11   1   4   6   3   0 
11 3 0.561891 0.014636 * 11   1   4   7   9   3 
11 3 0.476201 0.037605 * 11   1   5   6   3   0 
1 4 0.113468 0.026369 * 1  4 
2 4 0.362087 0.039374 * 2  5  1  4  0 
2 4 0.391784 0.099717 * 2  5  6  4  0 
2 4 0.469909 0.003522 * 2   8  11   1   4 
3 4 0.232303 0.011041 * 3  6  4  0 
3 4 0.324261 0.001114 * 3  9  7  4 
5 4 0.221699 0.011563 * 5  1  4 
5 4 0.251396 0.029285 * 5  6  4 
6 4 0.119292 0.016932 * 6  4 
7 4 0.119214 0.475388 * 7  4 
8 4 0.352405 0.050521 * 8  11   1   4 
9 4 0.222503 0.007528 * 9  7  4 
10 4 0.338967 0.022098 * 10   3   6   4   0 
10 4 0.430924 0.003034 * 10   3   9   7   4 
10 4 0.324509 0.007053 * 10   9   7   4   0 
11 4 0.233029 0.024028 * 11   1   4 
1 5 0.109498 0.084188 * 1  5 
2 5 0.140388 0.581597 * 2  5 
3 5 0.223888 0.061002 * 3  6  5 
4 5 0.232500 0.019771 * 4  1  5 
4 5 0.212059 0.013298 * 4  6  5 
6 5 0.110876 0.056200 * 6  5 
7 5 0.351714 0.058016 * 7  4  1  5  0 
7 5 0.331273 0.039020 * 7  4  6  5  0 
7 5 0.428940 0.019810 * 7  9  3  6  5 
8 5 0.245399 0.092073 * 8  2  5  0 
8 5 0.348434 0.029482 * 8  11   1   5 
9 5 0.326348 0.042234 * 9  3  6  5 
10 5 0.330551 0.043297 * 10   3   6   5   0 
10 5 0.428354 0.015928 * 10   9   3   6   5 
11 5 0.229058 0.223316 * 11   1   5 
1 6 0.214651 0.005592 * 1  4  6 
1 6 0.241602 0.014297 * 1  5  6 
2 6 0.272492 0.194903 * 2  5  6 
3 6 0.113012 0.028481 * 3  6 
4 6 0.101183 0.020136 * 4  6 
5 6 0.132105 0.110270 * 5  6 
7 6 0.220397 0.019237 * 7  4  6  0 
7 6 0.318064 0.013299 * 7  9  3  6 
8 6 0.377504 0.033991 * 8  2  5  6  0 
8 6 0.453588 0.015141 * 8  11   1   4   6 
8 6 0.480539 0.015141 * 8  11   1   5   6 
9 6 0.215471 0.004890 * 9  3  6 
10 6 0.219675 0.019722 * 10   3   6   0 
10 6 0.317477 0.007256 * 10   9   3   6 
11 6 0.334212 0.014784 * 11   1   4   6 
11 6 0.361163 0.037797 * 11   1   5   6 
1 7 0.237278 0.073380 * 1  4  7 
2 7 0.485897 0.203460 * 2  5  1  4  7  0 
2 7 0.592577 0.056479 * 2  5  6  3  9  7 
2 7 0.515594 0.559814 * 2  5  6  4  7  0 
2 7 0.593720 0.018835 * 2   8  11   1   4   7 
3 7 0.205047 0.041764 * 3  9  7 
4 7 0.123810 0.067628 * 4  7 
5 7 0.345510 0.050890 * 5  1  4  7  0 
5 7 0.452190 0.014127 * 5  6  3  9  7 
5 7 0.375207 0.140022 * 5  6  4  7  0 
6 7 0.320085 0.005940 * 6  3  9  7 
6 7 0.243102 0.058876 * 6  4  7  0 
8 7 0.476215 0.333370 * 8  11   1   4   7 
9 7 0.103289 0.044304 * 9  7 
10 7 0.311710 0.036079 * 10   3   9   7 
10 7 0.205295 0.125656 * 10   9   7   0 
11 7 0.356839 0.308807 * 11   1   4   7 
1 8 0.340345 0.037718 * 1  5  2  8 
1 8 0.247432 0.153477 * 1  11   8   0 
2 8 0.117505 0.407144 * 2  8 
3 8 0.454736 0.103830 * 3  6  5  2  8 
4 8 0.463348 0.034128 * 4  1  5  2  8 
4 8 0.370435 0.132820 * 4   1  11   8   0 
4 8 0.442907 0.017623 * 4  6  5  2  8 
5 8 0.230848 0.261764 * 5  2  8 
6 8 0.341724 0.115322 * 6  5  2  8 
7 8 0.582562 0.083788 * 7  4  1  5  2  8 
7 8 0.489649 0.274132 * 7   4   1  11   8   0 
7 8 0.562121 0.043266 * 7  4  6  5  2  8 
9 8 0.557195 0.003300 * 9  3  6  5  2  8  0 
9 8 0.685851 0.018097 * 9  7  4  1  5  2  8 
9 8 0.592937 0.018097 * 9   7   4   1  11   8   0 
9 8 0.665410 0.011658 * 9  7  4  6  5  2  8 
10 8 0.561399 0.017641 * 10   3   6   5   2   8   0   0 
10 8 0.659201 0.009720 * 10   9   3   6   5   2   8   0 
10 8 0.787857 0.042079 * 10   9   7   4   1   5   2   8 
10 8 0.694943 0.042079 * 10   9   7   4   1  11   8   0 
10 8 0.767416 0.034338 * 10   9   7   4   6   5   2   8 
11 8 0.112834 0.311759 * 11   8 
1 9 0.431448 0.000403 * 1  4  6  3  9 
1 9 0.339871 0.002637 * 1  4  7  9  0 
2 9 0.680066 0.004761 * 2  5  1  4  6  3  9 
2 9 0.588490 0.023259 * 2  5  1  4  7  9  0 
2 9 0.489289 0.011608 * 2  5  6  3  9  0  0 
3 9 0.101758 0.051908 * 3  9 
4 9 0.317980 0.000711 * 4  6  3  9 
4 9 0.226403 0.004650 * 4  7  9  0 
5 9 0.539679 0.002046 * 5  1  4  6  3  9 
5 9 0.448102 0.009992 * 5  1  4  7  9  0 
5 9 0.348901 0.004987 * 5  6  3  9  0  0 
6 9 0.216797 0.004535 * 6  3  9 
7 9 0.102593 0.032431 * 7  9 
8 9 0.785078 0.003925 * 8  2  5  1  4  6  3  9 
8 9 0.693502 0.006035 * 8  2  5  1  4  7  9  0 
8 9 0.594301 0.006035 * 8  2  5  6  3  9  0  0 
8 9 0.670384 0.001899 * 8  11   1   4   6   3   9   0 
8 9 0.578808 0.001899 * 8  11   1   4   7   9   0   0 
10 9 0.208422 0.003180 * 10   3   9 
10 9 0.102006 0.011076 * 10   9   0 
11 9 0.551008 0.004607 * 11   1   4   6   3   9 
11 9 0.459432 0.008302 * 11   1   4   7   9   0 
1 10 0.533049 0.009339 * 1   4   6   3   9  10 
1 10 0.437319 0.009339 * 1   4   6   3  10   0 
1 10 0.441473 0.011315 * 1   4   7   9  10   0 
1 10 0.560000 0.021331 * 1   5   6   3   9  10 
1 10 0.464270 0.021331 * 1   5   6   3  10   0 
2 10 0.590890 0.081820 * 2   5   6   3   9  10 
2 10 0.495160 0.306430 * 2   5   6   3  10   0 
3 10 0.203360 0.005853 * 3   9  10 
3 10 0.107629 0.025763 * 3  10   0 
4 10 0.419581 0.002786 * 4   6   3   9  10 
4 10 0.323851 0.002786 * 4   6   3  10   0 
4 10 0.328004 0.003375 * 4   7   9  10   0 
5 10 0.450503 0.005357 * 5   6   3   9  10 
5 10 0.354772 0.023580 * 5   6   3  10   0 
6 10 0.318398 0.003650 * 6   3   9  10 
6 10 0.222668 0.016069 * 6   3  10   0 
7 10 0.204194 0.135435 * 7   9  10 
8 10 0.695902 0.024878 * 8   2   5   6   3   9  10   0 
8 10 0.600172 0.024878 * 8   2   5   6   3  10   0   0 
8 10 0.771986 0.012609 * 8  11   1   4   6   3   9  10 
8 10 0.676255 0.012609 * 8  11   1   4   6   3  10   0 
8 10 0.680409 0.014857 * 8  11   1   4   7   9  10   0 
8 10 0.798937 0.014857 * 8  11   1   5   6   3   9  10 
8 10 0.703206 0.014857 * 8  11   1   5   6   3  10   0 
9 10 0.101601 0.016432 * 9  10 
11 10 0.652610 0.005687 * 11   1   4   6   3   9  10 
11 10 0.556879 0.005687 * 11   1   4   6   3  10   0 
11 10 0.561033 0.006890 * 11   1   4   7   9  10   0 
11 10 0.679561 0.012989 * 11   1   5   6   3   9  10 
11 10 0.583830 0.012989 * 11   1   5   6   3  10   0 
1 11 0.134598 0.608419 * 1  11 
2 11 0.236881 0.404562 * 2   8  11 
3 11 0.489904 0.105013 * 3   6   4   1  11   0 
3 11 0.466717 0.079565 * 3   6   5   1  11   0 
3 11 0.574112 0.018518 * 3   6   5   2   8  11 
4 11 0.257601 0.091302 * 4   1  11 
5 11 0.242829 0.228414 * 5   1  11   0 
5 11 0.350224 0.026473 * 5   2   8  11 
6 11 0.376892 0.047874 * 6   4   1  11   0 
6 11 0.353705 0.036273 * 6   5   1  11   0 
6 11 0.461100 0.008442 * 6   5   2   8  11 
7 11 0.376815 0.328933 * 7   4   1  11 
8 11 0.119376 0.749771 * 8  11 
9 11 0.592363 0.008138 * 9   3   6   4   1  11   0 
9 11 0.569177 0.008138 * 9   3   6   5   1  11   0 
9 11 0.676571 0.006332 * 9   3   6   5   2   8  11 
9 11 0.480103 0.004422 * 9   7   4   1  11   0   0 
10 11 0.596567 0.045556 * 10   3   6   4   1  11   0   0 
10 11 0.573380 0.045556 * 10   3   6   5   1  11   0   0 
10 11 0.680775 0.018239 * 10   3   6   5   2   8  11   0 
10 11 0.694369 0.023441 * 10   9   3   6   4   1  11   0 
10 11 0.671183 0.023441 * 10   9   3   6   5   1  11   0 
10 11 0.778577 0.018239 * 10   9   3   6   5   2   8  11 
10 11 0.582109 0.012738 * 10   9   7   4   1  11   0   0 
