2  5  1  0 
0.111785
2   8  11   1 
0.021915
3  6  4  1 
0.010641
3  6  5  1 
0.026708
4  1 
0.074917
5  1 
0.154537
6  4  1 
0.012892
6  5  1 
0.035359
7  4  1 
0.109216
8  11   1 
0.083498
9  3  6  4  1 
0.007962
9  3  6  5  1 
0.007962
9  7  4  1  0 
0.007558
10   3   6   4   1   0 
0.015564
10   3   6   5   1   0 
0.015564
10   9   3   6   4   1 
0.009712
10   9   3   6   5   1 
0.009712
10   9   7   4   1   0 
0.009540
11   1 
0.365905
1  5  2  0 
0.037580
1  11   8   2 
0.075591
3  6  5  2 
0.086946
4  1  5  2  0 
0.016041
4   1  11   8   2 
0.023564
4  6  5  2  0 
0.015740
5  2 
0.159288
6  5  2 
0.057038
7  4  1  5  2  0 
0.038385
7   4   1  11   8   2 
0.056387
7  4  6  5  2  0 
0.037663
7  9  3  6  5  2 
0.008787
8  2 
0.049013
9  3  6  5  2 
0.022992
10   3   6   5   2   0 
0.027208
10   9   3   6   5   2 
0.008710
11   8   2 
0.093702
1  4  6  3  0 
0.018030
1  4  7  9  3 
0.006078
1  5  6  3  0 
0.007082
2  5  6  3 
0.188744
4  6  3  0 
0.026082
4  7  9  3 
0.008792
5  6  3 
0.048960
6  3 
0.066393
7  9  3 
0.129103
8  2  5  6  3  0  0 
0.011714
8  11   1   4   6   3   0 
0.021487
8  11   1   4   7   9   3 
0.018901
8  11   1   5   6   3   0 
0.021487
9  3 
0.062345
10   9   3 
0.021986
10   3   0 
0.068678
11   1   4   6   3   0 
0.058561
11   1   4   7   9   3 
0.019740
11   1   5   6   3   0 
0.023003
1  4 
0.028461
2  5  1  4 
0.105537
2  5  6  4 
0.038480
3  6  4 
0.025121
5  1  4 
0.040630
5  6  4 
0.014814
6  4 
0.023399
7  4 
0.071105
8  2  5  1  4 
0.011194
8  2  5  6  4 
0.011194
8  11   1   4   0 
0.008203
9  3  6  4 
0.004214
9  7  4  0 
0.014970
10   3   6   4   0 
0.008337
10   9   3   6   4 
0.005936
10   9   7   4   0 
0.012150
11   1   4 
0.042618
1  5 
0.116437
2  5 
0.549369
3  6  5 
0.045373
4  1  5 
0.014243
4  6  5 
0.028650
6  5 
0.095534
7  4  1  5  0 
0.035863
7  4  6  5  0 
0.072137
7  9  3  6  5 
0.017125
8  2  5  0 
0.135934
8  11   1   5 
0.067579
9  3  6  5 
0.039961
10   3   6   5   0 
0.045928
10   9   3   6   5 
0.014703
11   1   5 
0.189741
1  4  6 
0.034798
1  5  6 
0.017299
2  5  6 
0.211327
3  6 
0.057091
4  6 
0.030599
5  6 
0.075092
7  4  6  0 
0.036890
7  9  3  6 
0.012435
8  2  5  6  0 
0.013680
8  11   1   4   6 
0.020481
8  11   1   5   6 
0.020481
9  3  6 
0.010337
10   3   6   0 
0.012863
10   9   3   6 
0.004118
11   1   4   6 
0.048584
11   1   5   6 
0.024153
1  4  7 
0.113365
2  5  1  4  7  0 
0.374246
2  5  6  3  9  7 
0.039078
2  5  6  4  7  0 
0.168025
3  9  7 
0.060218
4  7 
0.089756
5  1  4  7  0 
0.155428
5  6  3  9  7 
0.016229
5  6  4  7  0 
0.069782
6  3  9  7 
0.013614
6  4  7  0 
0.058539
8  2  5  1  4  7  0 
0.100232
8  2  5  6  3  9  7 
0.039682
8  2  5  6  4  7  0 
0.100232
8  11   1   4   7   0   0 
0.069154
9  7 
0.018655
10   3   9   7 
0.028836
10   9   7   0 
0.141012
11   1   4   7 
0.336346
1  5  2  8 
0.020337
1  11   8   0 
0.208655
2  8 
0.445651
3  6  5  2  8 
0.097536
4  1  5  2  8 
0.021212
4   1  11   8   0 
0.176741
4  6  5  2  8 
0.031573
5  2  8 
0.356016
6  5  2  8 
0.149055
7  4  1  5  2  8 
0.043905
7   4   1  11   8   0 
0.302317
7  4  6  5  2  8 
0.065349
9  3  6  5  2  8  0 
0.001922
9  7  4  1  5  2  8 
0.010122
9   7   4   1  11   8   0 
0.016430
9  7  4  6  5  2  8 
0.015066
10   3   6   5   2   8   0   0 
0.013034
10   9   3   6   5   2   8   0 
0.006021
10   9   7   4   1   5   2   8 
0.031702
10   9   7   4   1  11   8   0 
0.039832
10   9   7   4   6   5   2   8 
0.039832
11   8 
0.419489
1  4  6  3  9 
0.000807
1  4  7  9  0 
0.003990
1  5  6  3  9 
0.000323
2  5  6  3  9 
0.029794
3  9 
0.061081
4  6  3  9 
0.001332
4  7  9  0 
0.006860
5  6  3  9 
0.021058
6  3  9 
0.007163
7  9 
0.016688
8  2  5  6  3  9  0 
0.001714
8  11   1   4   6   3   9 
0.004576
8  11   1   4   7   9   0 
0.011390
8  11   1   5   6   3   9 
0.001830
10   3   9 
0.004180
10   9   0 
0.020441
11   1   4   6   3   9 
0.002394
11   1   4   7   9   0 
0.011004
11   1   5   6   3   9 
0.000958
1   4   6   3   9  10 
0.020775
1   4   6   3  10   0 
0.024735
1   4   7   9  10   0 
0.020713
1   5   6   3   9  10 
0.010913
1   5   6   3  10   0 
0.010913
2   5   6   3   9  10 
0.058221
2   5   6   3  10   0 
0.172271
3   9  10 
0.004791
3  10   0 
0.024671
4   6   3   9  10 
0.006752
4   6   3  10   0 
0.008039
4   7   9  10   0 
0.006732
5   6   3   9  10 
0.013047
5   6   3  10   0 
0.055720
6   3   9  10 
0.004986
6   3  10   0 
0.025674
7   9  10 
0.136403
8   2   5   6   3   9  10   0 
0.007659
8   2   5   6   3  10   0   0 
0.007659
8  11   1   4   6   3   9  10 
0.017880
8  11   1   4   6   3  10   0 
0.017880
8  11   1   4   7   9  10   0 
0.017880
8  11   1   5   6   3   9  10 
0.012485
8  11   1   5   6   3  10   0 
0.012485
9  10 
0.034048
11   1   4   6   3   9  10 
0.014586
11   1   4   6   3  10   0 
0.017366
11   1   4   7   9  10   0 
0.014542
11   1   5   6   3   9  10 
0.007662
11   1   5   6   3  10   0 
0.007662
1  11 
0.621896
2   8  11 
0.485245
3   6   4   1  11   0 
0.037972
3   6   5   1  11   0 
0.117447
3   6   5   2   8  11 
0.035328
4   1  11 
0.100795
5   1  11   0 
0.237746
5   2   8  11 
0.046610
6   4   1  11   0 
0.027046
6   5   1  11   0 
0.088718
6   5   2   8  11 
0.025163
7   4   1  11 
0.455817
8  11 
0.883677
9   3   6   4   1  11   0 
0.006775
9   3   6   5   1  11   0 
0.006775
9   3   6   5   2   8  11 
0.006775
9   7   4   1  11   0   0 
0.005623
10   3   6   4   1  11   0   0 
0.041524
10   3   6   5   1  11   0   0 
0.042983
10   3   6   5   2   8  11   0 
0.038633
10   9   3   6   4   1  11   0 
0.018721
10   9   3   6   5   1  11   0 
0.018721
10   9   3   6   5   2   8  11 
0.018721
10   9   7   4   1  11   0   0 
0.015538
