2 1 2 0.106205 * 2  5  1 
3 1 3 0.015642 * 3  6  4  1 
3 1 3 0.015642 * 3  6  5  1 
4 1 1 0.059815 * 4  1 
5 1 1 0.099720 * 5  1 
6 1 2 0.014279 * 6  4  1 
6 1 2 0.014279 * 6  5  1 
7 1 2 0.106578 * 7  4  1 
8 1 2 0.080430 * 8  11   1 
9 1 3 0.020795 * 9  7  4  1 
10 1 4 0.015030 * 10   3   6   4   1 
10 1 4 0.015030 * 10   3   6   5   1 
10 1 4 0.015030 * 10   9   7   4   1 
11 1 1 0.410000 * 11   1 
1 2 2 0.117527 * 1  5  2 
3 2 3 0.084038 * 3  6  5  2 
4 2 3 0.020370 * 4  1  5  2 
4 2 3 0.020370 * 4  6  5  2 
5 2 1 0.157827 * 5  2 
6 2 2 0.059278 * 6  5  2 
7 2 4 0.074726 * 7  4  1  5  2 
7 2 4 0.074726 * 7  4  6  5  2 
8 2 1 0.034671 * 8  2 
9 2 4 0.011567 * 9  3  6  5  2 
10 2 4 0.041183 * 10   3   6   5   2 
11 2 2 0.093390 * 11   8   2 
1 3 3 0.018712 * 1  4  6  3 
1 3 3 0.018712 * 1  5  6  3 
2 3 3 0.229488 * 2  5  6  3 
4 3 2 0.029880 * 4  6  3 
5 3 2 0.047617 * 5  6  3 
6 3 1 0.057830 * 6  3 
7 3 2 0.122237 * 7  9  3 
8 3 4 0.040529 * 8  2  5  6  3 
9 3 1 0.087798 * 9  3 
10 3 1 0.096161 * 10   3 
11 3 4 0.042254 * 11   1   4   6   3 
11 3 4 0.042254 * 11   1   5   6   3 
1 4 1 0.029138 * 1  4 
2 4 3 0.072635 * 2  5  1  4 
2 4 3 0.072635 * 2  5  6  4 
3 4 2 0.014943 * 3  6  4 
5 4 2 0.020227 * 5  1  4 
5 4 2 0.020227 * 5  6  4 
6 4 1 0.022776 * 6  4 
7 4 1 0.269103 * 7  4 
8 4 3 0.033981 * 8  11   1   4 
9 4 2 0.017785 * 9  7  4 
10 4 3 0.015792 * 10   3   6   4 
10 4 3 0.015792 * 10   9   7   4 
11 4 2 0.029592 * 11   1   4 
1 5 1 0.072979 * 1  5 
2 5 1 0.559805 * 2  5 
3 5 2 0.050431 * 3  6  5 
4 5 2 0.019087 * 4  1  5 
4 5 2 0.019087 * 4  6  5 
6 5 1 0.062131 * 6  5 
7 5 3 0.049002 * 7  4  1  5 
7 5 3 0.049002 * 7  4  6  5 
8 5 2 0.114637 * 8  2  5 
9 5 3 0.033566 * 9  3  6  5 
10 5 3 0.052936 * 10   3   6   5 
11 5 2 0.186753 * 11   1   5 
1 6 2 0.011536 * 1  4  6 
1 6 2 0.011536 * 1  5  6 
2 6 2 0.203283 * 2  5  6 
3 6 1 0.050313 * 3  6 
4 6 1 0.021171 * 4  6 
5 6 1 0.060577 * 5  6 
7 6 2 0.063995 * 7  4  6 
8 6 3 0.067720 * 8  2  5  6 
9 6 2 0.005600 * 9  3  6 
10 6 2 0.024681 * 10   3   6 
11 6 3 0.031369 * 11   1   4   6 
11 6 3 0.031369 * 11   1   5   6 
1 7 2 0.078574 * 1  4  7 
2 7 4 0.337186 * 2  5  1  4  7 
2 7 4 0.337186 * 2  5  6  4  7 
3 7 2 0.044834 * 3  9  7 
4 7 1 0.114051 * 4  7 
5 7 3 0.141581 * 5  1  4  7 
5 7 3 0.141581 * 5  6  4  7 
6 7 2 0.080477 * 6  4  7 
8 7 4 0.313819 * 8  11   1   4   7 
9 7 1 0.031936 * 9  7 
10 7 2 0.177599 * 10   9   7 
11 7 3 0.340009 * 11   1   4   7 
1 8 2 0.169049 * 1  11   8 
2 8 1 0.371637 * 2  8 
3 8 4 0.118251 * 3  6  5  2  8 
4 8 3 0.199221 * 4   1  11   8 
5 8 2 0.288150 * 5  2  8 
6 8 3 0.151356 * 6  5  2  8 
7 8 4 0.431216 * 7   4   1  11   8 
9 8 5 0.025984 * 9  3  6  5  2  8 
9 8 5 0.025984 * 9   7   4   1  11   8 
10 8 5 0.149733 * 10   3   6   5   2   8 
11 8 1 0.370384 * 11   8 
1 9 3 0.004371 * 1  4  7  9 
2 9 4 0.034911 * 2  5  6  3  9 
3 9 1 0.049911 * 3  9 
4 9 2 0.007582 * 4  7  9 
5 9 3 0.013776 * 5  6  3  9 
6 9 2 0.004065 * 6  3  9 
7 9 1 0.061043 * 7  9 
8 9 5 0.006622 * 8  2  5  6  3  9 
8 9 5 0.006622 * 8  11   1   4   7   9 
10 9 1 0.014566 * 10   9 
11 9 4 0.016300 * 11   1   4   7   9 
1 10 4 0.023094 * 1   4   6   3  10 
1 10 4 0.023094 * 1   4   7   9  10 
1 10 4 0.038670 * 1   5   6   3  10 
2 10 4 0.332285 * 2   5   6   3  10 
3 10 1 0.033131 * 3  10 
4 10 3 0.006573 * 4   6   3  10 
4 10 3 0.006573 * 4   7   9  10 
5 10 3 0.040098 * 5   6   3  10 
6 10 2 0.024275 * 6   3  10 
7 10 2 0.127060 * 7   9  10 
8 10 5 0.084731 * 8   2   5   6   3  10 
9 10 1 0.027112 * 9  10 
11 10 5 0.015510 * 11   1   4   6   3  10 
11 10 5 0.015510 * 11   1   4   7   9  10 
11 10 5 0.019347 * 11   1   5   6   3  10 
1 11 1 0.547000 * 1  11 
2 11 2 0.402896 * 2   8  11 
3 11 4 0.108405 * 3   6   4   1  11 
3 11 4 0.108405 * 3   6   5   1  11 
4 11 2 0.182258 * 4   1  11 
5 11 2 0.232488 * 5   1  11 
6 11 3 0.041827 * 6   4   1  11 
6 11 3 0.041827 * 6   5   1  11 
7 11 3 0.393195 * 7   4   1  11 
8 11 1 0.842632 * 8  11 
9 11 4 0.032090 * 9   7   4   1  11 
10 11 5 0.066584 * 10   3   6   4   1  11 
10 11 5 0.066584 * 10   3   6   5   1  11 
10 11 5 0.066584 * 10   9   7   4   1  11 
