2 1 0.251154 0.061673 * 2  5  1  0 
2 1 0.348430 0.006435 * 2   8  11   1 
3 1 0.355527 0.018703 * 3  6  4  1 
3 1 0.332014 0.012592 * 3  6  5  1 
4 1 0.124649 0.013356 * 4  1 
5 1 0.109431 0.099360 * 5  1 
6 1 0.243272 0.008642 * 6  4  1 
6 1 0.219758 0.005818 * 6  5  1 
7 1 0.242977 0.097517 * 7  4  1 
8 1 0.233592 0.076886 * 8  11   1 
9 1 0.457291 0.009117 * 9  3  6  4  1 
9 1 0.433777 0.009117 * 9  3  6  5  1 
9 1 0.345780 0.003054 * 9  7  4  1  0 
10 1 0.461529 0.017069 * 10   3   6   4   1   0 
10 1 0.438016 0.017069 * 10   3   6   5   1   0 
10 1 0.558883 0.003172 * 10   9   3   6   4   1 
10 1 0.535370 0.003172 * 10   9   3   6   5   1 
10 1 0.447373 0.003172 * 10   9   7   4   1   0 
11 1 0.117630 0.424974 * 11   1 
1 2 0.224673 0.026564 * 1  5  2  0 
1 2 0.355739 0.026564 * 1  11   8   2 
3 2 0.337094 0.064840 * 3  6  5  2 
4 2 0.349322 0.071567 * 4  1  5  2  0 
4 2 0.480388 0.071567 * 4   1  11   8   2 
4 2 0.326183 0.036130 * 4  6  5  2  0 
5 2 0.114511 0.117509 * 5  2 
6 2 0.224838 0.051056 * 6  5  2 
7 2 0.467651 0.037182 * 7  4  1  5  2  0 
7 2 0.598717 0.037182 * 7   4   1  11   8   2 
7 2 0.444512 0.027475 * 7  4  6  5  2  0 
7 2 0.541107 0.010922 * 7  9  3  6  5  2 
8 2 0.104642 0.035516 * 8  2 
9 2 0.438857 0.014556 * 9  3  6  5  2 
10 2 0.443096 0.041228 * 10   3   6   5   2   0 
10 2 0.540450 0.005739 * 10   9   3   6   5   2 
11 2 0.217037 0.051472 * 11   8   2 
1 3 0.329847 0.008048 * 1  4  6  3  0 
1 3 0.439830 0.009779 * 1  4  7  9  3 
1 3 0.357156 0.012717 * 1  5  6  3  0 
2 3 0.388716 0.289412 * 2  5  6  3 
4 3 0.216453 0.011812 * 4  6  3  0 
4 3 0.326437 0.014354 * 4  7  9  3 
5 3 0.246993 0.049192 * 5  6  3 
6 3 0.115108 0.051907 * 6  3 
7 3 0.204013 0.023651 * 7  9  3 
8 3 0.493359 0.017982 * 8  2  5  6  3  0  0 
8 3 0.563439 0.014251 * 8  11   1   4   6   3   0 
8 3 0.673423 0.014251 * 8  11   1   4   7   9   3 
8 3 0.590749 0.014251 * 8  11   1   5   6   3   0 
9 3 0.101764 0.060829 * 9  3 
10 3 0.203356 0.007603 * 10   9   3 
10 3 0.106002 0.054620 * 10   3   0 
11 3 0.447476 0.012507 * 11   1   4   6   3   0 
11 3 0.557460 0.015198 * 11   1   4   7   9   3 
11 3 0.474786 0.019764 * 11   1   5   6   3   0 
1 4 0.113393 0.025382 * 1  4 
2 4 0.364547 0.052291 * 2  5  1  4  0 
2 4 0.392231 0.118958 * 2  5  6  4  0 
2 4 0.461823 0.004324 * 2   8  11   1   4 
3 4 0.230878 0.011860 * 3  6  4  0 
3 4 0.322736 0.002032 * 3  9  7  4 
5 4 0.222824 0.013606 * 5  1  4 
5 4 0.250508 0.030953 * 5  6  4 
6 4 0.118623 0.008351 * 6  4 
7 4 0.118328 0.460899 * 7  4 
8 4 0.346986 0.032531 * 8  11   1   4 
9 4 0.221131 0.004822 * 9  7  4 
10 4 0.336880 0.020281 * 10   3   6   4   0 
10 4 0.428739 0.004639 * 10   3   9   7   4 
10 4 0.322724 0.001351 * 10   9   7   4   0 
11 4 0.231023 0.026524 * 11   1   4 
1 5 0.110163 0.070426 * 1  5 
2 5 0.141723 0.630227 * 2  5 
3 5 0.222583 0.038999 * 3  6  5 
4 5 0.234812 0.017237 * 4  1  5 
4 5 0.211673 0.010990 * 4  6  5 
6 5 0.110327 0.088794 * 6  5 
7 5 0.353140 0.040073 * 7  4  1  5  0 
7 5 0.330001 0.025550 * 7  4  6  5  0 
7 5 0.426596 0.020976 * 7  9  3  6  5 
8 5 0.246365 0.092044 * 8  2  5  0 
8 5 0.343755 0.037950 * 8  11   1   5 
9 5 0.324347 0.032787 * 9  3  6  5 
10 5 0.328585 0.040961 * 10   3   6   5   0 
10 5 0.425939 0.005702 * 10   9   3   6   5 
11 5 0.227792 0.155062 * 11   1   5 
1 6 0.214739 0.018155 * 1  4  6 
1 6 0.242048 0.043613 * 1  5  6 
2 6 0.273608 0.177068 * 2  5  6 
3 6 0.112255 0.018054 * 3  6 
4 6 0.101345 0.017187 * 4  6 
5 6 0.131885 0.072021 * 5  6 
7 6 0.219674 0.013651 * 7  4  6  0 
7 6 0.316269 0.016588 * 7  9  3  6 
8 6 0.378250 0.026722 * 8  2  5  6  0 
8 6 0.448331 0.015604 * 8  11   1   4   6 
8 6 0.475641 0.015604 * 8  11   1   5   6 
9 6 0.214019 0.004078 * 9  3  6 
10 6 0.218258 0.019111 * 10   3   6   0 
10 6 0.315612 0.002660 * 10   9   3   6 
11 6 0.332368 0.019392 * 11   1   4   6 
11 6 0.359678 0.036705 * 11   1   5   6 
1 7 0.235817 0.107730 * 1  4  7 
2 7 0.486971 0.186769 * 2  5  1  4  7  0  0 
2 7 0.593124 0.091238 * 2  5  6  3  9  7  0 
2 7 0.700576 0.041553 * 2   5   6   3  10   9   7 
2 7 0.514655 0.451970 * 2  5  6  4  7  0  0 
2 7 0.584247 0.015735 * 2   8  11   1   4   7   0 
3 7 0.204408 0.018266 * 3  9  7  0 
3 7 0.311859 0.008319 * 3  10   9   7 
4 7 0.122424 0.050802 * 4  7 
5 7 0.345248 0.044237 * 5  1  4  7  0  0 
5 7 0.451402 0.021610 * 5  6  3  9  7  0 
5 7 0.558853 0.009842 * 5   6   3  10   9   7 
5 7 0.372932 0.107052 * 5  6  4  7  0  0 
6 7 0.319516 0.006985 * 6  3  9  7  0 
6 7 0.426968 0.003181 * 6   3  10   9   7 
6 7 0.241047 0.034602 * 6  4  7  0  0 
8 7 0.469410 0.274905 * 8  11   1   4   7 
9 7 0.102803 0.052928 * 9  7 
10 7 0.204396 0.126845 * 10   9   7 
11 7 0.353447 0.340114 * 11   1   4   7 
1 8 0.339511 0.035860 * 1  5  2  8 
1 8 0.251097 0.163078 * 1  11   8   0 
2 8 0.114837 0.354743 * 2  8 
3 8 0.451931 0.072515 * 3  6  5  2  8 
4 8 0.464160 0.034011 * 4  1  5  2  8 
4 8 0.375746 0.139219 * 4   1  11   8   0 
4 8 0.441020 0.016001 * 4  6  5  2  8 
5 8 0.229348 0.262970 * 5  2  8 
6 8 0.339675 0.099712 * 6  5  2  8 
7 8 0.582488 0.075235 * 7  4  1  5  2  8 
7 8 0.494074 0.239279 * 7   4   1  11   8   0 
7 8 0.559349 0.035394 * 7  4  6  5  2  8 
9 8 0.553694 0.002802 * 9  3  6  5  2  8  0 
9 8 0.685291 0.012537 * 9  7  4  1  5  2  8 
9 8 0.596877 0.012537 * 9   7   4   1  11   8   0 
9 8 0.662151 0.009475 * 9  7  4  6  5  2  8 
10 8 0.557933 0.044472 * 10   3   6   5   2   8   0   0 
10 8 0.655287 0.009650 * 10   9   3   6   5   2   8   0 
10 8 0.786883 0.033889 * 10   9   7   4   1   5   2   8 
10 8 0.698470 0.033889 * 10   9   7   4   1  11   8   0 
10 8 0.763744 0.032633 * 10   9   7   4   6   5   2   8 
11 8 0.112395 0.313211 * 11   8 
1 9 0.538904 0.000961 * 1   4   6   3  10   9 
1 9 0.431452 0.000961 * 1  4  6  3  9  0 
1 9 0.338067 0.002627 * 1  4  7  9  0  0 
2 9 0.790057 0.006375 * 2   5   1   4   6   3  10   9 
2 9 0.682606 0.006375 * 2  5  1  4  6  3  9  0 
2 9 0.589220 0.017240 * 2  5  1  4  7  9  0  0 
2 9 0.597773 0.011092 * 2   5   6   3  10   9   0   0 
2 9 0.490322 0.012771 * 2  5  6  3  9  0  0  0 
3 9 0.209057 0.015240 * 3  10   9 
3 9 0.101605 0.033463 * 3  9  0 
4 9 0.425510 0.001037 * 4   6   3  10   9 
4 9 0.318059 0.001037 * 4  6  3  9  0 
4 9 0.224673 0.002833 * 4  7  9  0  0 
5 9 0.648334 0.002707 * 5   1   4   6   3  10   9 
5 9 0.540883 0.002707 * 5  1  4  6  3  9  0 
5 9 0.447498 0.007319 * 5  1  4  7  9  0  0 
5 9 0.456050 0.004709 * 5   6   3  10   9   0   0 
5 9 0.348599 0.005422 * 5  6  3  9  0  0  0 
6 9 0.324165 0.000898 * 6   3  10   9 
6 9 0.216714 0.001615 * 6  3  9  0 
7 9 0.102249 0.038444 * 7  9 
8 9 0.894699 0.003844 * 8   2   5   1   4   6   3  10   9 
8 9 0.787248 0.003844 * 8  2  5  1  4  6  3  9  0 
8 9 0.693863 0.003844 * 8  2  5  1  4  7  9  0  0 
8 9 0.702415 0.003844 * 8   2   5   6   3  10   9   0   0 
8 9 0.594964 0.003844 * 8  2  5  6  3  9  0  0  0 
8 9 0.772496 0.001048 * 8  11   1   4   6   3  10   9   0 
8 9 0.665045 0.001048 * 8  11   1   4   6   3   9   0   0 
8 9 0.571659 0.001048 * 8  11   1   4   7   9   0   0   0 
10 9 0.101593 0.015219 * 10   9 
11 9 0.656533 0.002114 * 11   1   4   6   3  10   9 
11 9 0.549082 0.002114 * 11   1   4   6   3   9   0 
11 9 0.455696 0.002114 * 11   1   4   7   9   0   0 
1 10 0.532837 0.011679 * 1   4   6   3   9  10 
1 10 0.437311 0.011679 * 1   4   6   3  10   0 
1 10 0.439452 0.010870 * 1   4   7   9  10   0 
1 10 0.560147 0.024596 * 1   5   6   3   9  10 
1 10 0.464620 0.024596 * 1   5   6   3  10   0 
2 10 0.591707 0.101462 * 2   5   6   3   9  10 
2 10 0.496180 0.305245 * 2   5   6   3  10   0 
3 10 0.202990 0.004742 * 3   9  10 
3 10 0.107464 0.015516 * 3  10   0 
4 10 0.419444 0.003556 * 4   6   3   9  10 
4 10 0.323917 0.003556 * 4   6   3  10   0 
4 10 0.326058 0.003309 * 4   7   9  10   0 
5 10 0.449984 0.005236 * 5   6   3   9  10 
5 10 0.354457 0.017133 * 5   6   3  10   0 
6 10 0.318099 0.004097 * 6   3   9  10 
6 10 0.222572 0.013404 * 6   3  10   0 
7 10 0.203634 0.113105 * 7   9  10 
8 10 0.696349 0.018649 * 8   2   5   6   3   9  10   0 
8 10 0.600823 0.018649 * 8   2   5   6   3  10   0   0 
8 10 0.766430 0.013576 * 8  11   1   4   6   3   9  10 
8 10 0.670903 0.013576 * 8  11   1   4   6   3  10   0 
8 10 0.673044 0.012635 * 8  11   1   4   7   9  10   0 
8 10 0.793739 0.013869 * 8  11   1   5   6   3   9  10 
8 10 0.698213 0.013869 * 8  11   1   5   6   3  10   0 
9 10 0.101385 0.013414 * 9  10 
11 10 0.650467 0.005674 * 11   1   4   6   3   9  10 
11 10 0.554940 0.005674 * 11   1   4   6   3  10   0 
11 10 0.557081 0.005281 * 11   1   4   7   9  10   0 
11 10 0.677776 0.010736 * 11   1   5   6   3   9  10 
11 10 0.582250 0.010736 * 11   1   5   6   3  10   0 
1 11 0.138702 0.676800 * 1  11 
2 11 0.230800 0.310158 * 2   8  11 
3 11 0.494229 0.135482 * 3   6   4   1  11   0 
3 11 0.470716 0.100735 * 3   6   5   1  11   0 
3 11 0.567894 0.024094 * 3   6   5   2   8  11 
4 11 0.263351 0.187359 * 4   1  11 
5 11 0.248133 0.297807 * 5   1  11   0 
5 11 0.345311 0.031072 * 5   2   8  11 
6 11 0.381974 0.026756 * 6   4   1  11   0 
6 11 0.358460 0.019894 * 6   5   1  11   0 
6 11 0.455638 0.004758 * 6   5   2   8  11 
7 11 0.381679 0.342742 * 7   4   1  11 
8 11 0.115963 0.662370 * 8  11 
9 11 0.595993 0.007549 * 9   3   6   4   1  11   0 
9 11 0.572479 0.007549 * 9   3   6   5   1  11   0 
9 11 0.669657 0.007549 * 9   3   6   5   2   8  11 
9 11 0.484482 0.002427 * 9   7   4   1  11   0   0 
10 11 0.600231 0.060371 * 10   3   6   4   1  11   0   0 
10 11 0.576718 0.060371 * 10   3   6   5   1  11   0   0 
10 11 0.673896 0.020437 * 10   3   6   5   2   8  11   0 
10 11 0.697586 0.011105 * 10   9   3   6   4   1  11   0 
10 11 0.674072 0.011105 * 10   9   3   6   5   1  11   0 
10 11 0.771250 0.011105 * 10   9   3   6   5   2   8  11 
10 11 0.586075 0.005129 * 10   9   7   4   1  11   0   0 
