2  5  1  0 
0.063895
2   8  11   1 
0.007895
3  6  4  1 
0.009411
3  6  5  1 
0.007737
4  1 
0.013370
5  1 
0.083723
6  4  1 
0.007101
6  5  1 
0.005838
7  4  1 
0.103763
8  11   1 
0.091732
9  3  6  4  1 
0.006733
9  3  6  5  1 
0.006733
9  7  4  1  0 
0.005303
10   3   6   4   1   0 
0.012481
10   3   6   5   1   0 
0.012481
10   9   3   6   4   1 
0.007183
10   9   3   6   5   1 
0.007183
10   9   7   4   1   0 
0.006698
11   1 
0.619377
1  5  2  0 
0.032852
1  11   8   2 
0.032852
3  6  5  2 
0.071527
4  1  5  2  0 
0.070173
4   1  11   8   2 
0.070173
4  6  5  2  0 
0.038343
5  2 
0.094413
6  5  2 
0.042056
7  4  1  5  2  0 
0.214578
7   4   1  11   8   2 
0.214578
7  4  6  5  2  0 
0.117248
7  9  3  6  5  2 
0.046009
8  2 
0.021997
9  3  6  5  2 
0.015455
10   3   6   5   2   0 
0.031316
10   9   3   6   5   2 
0.010083
11   8   2 
0.051037
1  4  6  3  0 
0.010085
1  4  7  9  3 
0.006398
1  5  6  3  0 
0.021208
2  5  6  3 
0.260836
4  6  3  0 
0.018325
4  7  9  3 
0.009627
5  6  3 
0.047492
6  3 
0.018761
7  9  3 
0.021342
8  2  5  6  3  0  0 
0.017283
8  11   1   4   6   3   0 
0.009459
8  11   1   4   7   9   3 
0.009459
8  11   1   5   6   3   0 
0.009459
9  3 
0.050706
10   9   3 
0.012463
10   3   0 
0.038711
11   1   4   6   3   0 
0.013652
11   1   4   7   9   3 
0.008661
11   1   5   6   3   0 
0.026862
1  4 
0.028059
2  5  1  4  0 
0.046554
2  5  6  4  0 
0.111309
2   8  11   1   4 
0.004330
3  6  4  0 
0.009735
3  9  7  4 
0.001076
5  1  4 
0.015157
5  6  4 
0.036239
6  4 
0.008186
7  4 
0.284333
8  11   1   4 
0.034377
9  7  4 
0.005378
10   3   6   4   0 
0.009068
10   3   9   7   4 
0.001844
10   9   7   4   0 
0.003773
11   1   4 
0.017322
1  5 
0.076932
2  5 
0.604653
3  6  5 
0.035535
4  1  5 
0.018409
4  6  5 
0.011282
6  5 
0.072584
7  4  1  5  0 
0.040639
7  4  6  5  0 
0.024905
7  9  3  6  5 
0.008848
8  2  5  0 
0.094636
8  11   1   5 
0.035102
9  3  6  5 
0.038866
10   3   6   5   0 
0.029645
10   9   3   6   5 
0.009544
11   1   5 
0.140105
1  4  6 
0.010172
1  5  6 
0.032630
2  5  6 
0.194253
3  6 
0.018720
4  6 
0.034313
5  6 
0.067479
7  4  6  0 
0.018349
7  9  3  6 
0.009640
8  2  5  6  0 
0.022448
8  11   1   4   6 
0.010922
8  11   1   5   6 
0.010922
9  3  6 
0.002494
10   3   6   0 
0.019030
10   9   3   6 
0.006127
11   1   4   6 
0.019193
11   1   5   6 
0.054336
1  4  7 
0.090967
2  5  1  4  7  0 
0.204523
2  5  6  3  9  7 
0.057060
2  5  6  4  7  0 
0.516062
2   8  11   1   4   7 
0.020389
3  9  7 
0.021719
4  7 
0.096354
5  1  4  7  0 
0.048625
5  6  3  9  7 
0.013566
5  6  4  7  0 
0.122692
6  3  9  7 
0.003828
6  4  7  0 
0.034622
8  11   1   4   7 
0.280006
9  7 
0.032193
10   3   9   7 
0.027021
10   9   7   0 
0.112913
11   1   4   7 
0.275974
1  5  2  8 
0.042628
1  11   8   0 
0.155634
2  8 
0.325129
3  6  5  2  8 
0.069295
4  1  5  2  8 
0.038235
4   1  11   8   0 
0.128118
4  6  5  2  8 
0.016881
5  2  8 
0.277601
6  5  2  8 
0.099768
7  4  1  5  2  8 
0.070411
7   4   1  11   8   0 
0.182407
7  4  6  5  2  8 
0.031087
9  3  6  5  2  8  0 
0.001594
9  7  4  1  5  2  8 
0.012041
9   7   4   1  11   8   0 
0.012041
9  7  4  6  5  2  8 
0.007296
10   3   6   5   2   8   0   0 
0.014155
10   9   3   6   5   2   8   0 
0.006176
10   9   7   4   1   5   2   8 
0.038982
10   9   7   4   1  11   8   0 
0.038982
10   9   7   4   6   5   2   8 
0.028265
11   8 
0.259811
1  4  6  3  9 
0.000497
1  4  7  9  0 
0.003388
2  5  1  4  6  3  9 
0.005249
2  5  1  4  7  9  0 
0.030337
2  5  6  3  9  0  0 
0.015138
3  9 
0.038371
4  6  3  9 
0.000692
4  7  9  0 
0.004719
5  1  4  6  3  9 
0.001677
5  1  4  7  9  0 
0.009692
5  6  3  9  0  0 
0.004836
6  3  9 
0.001909
7  9 
0.043277
8  2  5  1  4  6  3  9 
0.003432
8  2  5  1  4  7  9  0 
0.004226
8  2  5  6  3  9  0  0 
0.004226
8  11   1   4   6   3   9   0 
0.001272
8  11   1   4   7   9   0   0 
0.001272
10   3   9 
0.002490
10   9   0 
0.010404
11   1   4   6   3   9 
0.002857
11   1   4   7   9   0 
0.002878
1   4   6   3   9  10 
0.009820
1   4   6   3  10   0 
0.009820
1   4   7   9  10   0 
0.012929
1   5   6   3   9  10 
0.026536
1   5   6   3  10   0 
0.026536
2   5   6   3   9  10 
0.096789
2   5   6   3  10   0 
0.356409
3   9  10 
0.003049
3  10   0 
0.012741
4   6   3   9  10 
0.003874
4   6   3  10   0 
0.003874
4   7   9  10   0 
0.005101
5   6   3   9  10 
0.009402
5   6   3  10   0 
0.039290
6   3   9  10 
0.003240
6   3  10   0 
0.013538
7   9  10 
0.106312
8   2   5   6   3   9  10   0 
0.022319
8   2   5   6   3  10   0   0 
0.022319
8  11   1   4   6   3   9  10 
0.011635
8  11   1   4   6   3  10   0 
0.011635
8  11   1   4   7   9  10   0 
0.014257
8  11   1   5   6   3   9  10 
0.014257
8  11   1   5   6   3  10   0 
0.014257
9  10 
0.011939
11   1   4   6   3   9  10 
0.004519
11   1   4   6   3  10   0 
0.004519
11   1   4   7   9  10   0 
0.005950
11   1   5   6   3   9  10 
0.010040
11   1   5   6   3  10   0 
0.010040
1  11 
0.749051
2   8  11 
0.272558
3   6   4   1  11   0 
0.055678
3   6   5   1  11   0 
0.051433
3   6   5   2   8  11 
0.016027
4   1  11 
0.153213
5   1  11   0 
0.270360
5   2   8  11 
0.033408
6   4   1  11   0 
0.024060
6   5   1  11   0 
0.022225
6   5   2   8  11 
0.006926
7   4   1  11 
0.368957
8  11 
0.684978
9   3   6   4   1  11   0 
0.006803
9   3   6   5   1  11   0 
0.006803
9   3   6   5   2   8  11 
0.006742
9   7   4   1  11   0   0 
0.005075
10   3   6   4   1  11   0   0 
0.044289
10   3   6   5   1  11   0   0 
0.044289
10   3   6   5   2   8  11   0 
0.019611
10   9   3   6   4   1  11   0 
0.019790
10   9   3   6   5   1  11   0 
0.019790
10   9   3   6   5   2   8  11 
0.019611
10   9   7   4   1  11   0   0 
0.014763
