2  5  1  0 
0.074237
2   8  11   1 
0.009101
3  6  4  1 
0.006696
3  6  5  1 
0.005248
4  1 
0.010255
5  1 
0.090908
6  4  1 
0.011819
6  5  1 
0.009263
7  4  1 
0.090925
8  11   1 
0.069361
9  3  6  4  1 
0.009207
9  3  6  5  1 
0.009207
9  7  4  1  0 
0.009158
10   3   6   4   1   0 
0.011235
10   3   6   5   1   0 
0.011235
10   9   3   6   4   1 
0.007359
10   9   3   6   5   1 
0.007359
10   9   7   4   1   0 
0.007359
11   1 
0.492998
1  5  2  0 
0.040375
1  11   8   2 
0.040375
3  6  5  2 
0.046530
4  1  5  2  0 
0.020895
4   1  11   8   2 
0.020895
4  6  5  2  0 
0.009213
5  2 
0.129014
6  5  2 
0.045862
7  4  1  5  2  0 
0.170257
7   4   1  11   8   2 
0.170257
7  4  6  5  2  0 
0.075069
7  9  3  6  5  2 
0.040507
8  2 
0.031808
9  3  6  5  2 
0.006737
10   3   6   5   2   0 
0.031999
10   9   3   6   5   2 
0.010508
11   8   2 
0.049421
1  4  6  3  0 
0.010685
1  4  7  9  3 
0.006910
1  5  6  3  0 
0.022728
2  5  6  3 
0.265853
4  6  3  0 
0.019879
4  7  9  3 
0.012081
5  6  3 
0.030317
6  3 
0.069531
7  9  3 
0.023796
8  2  5  6  3  0  0 
0.028126
8  11   1   4   6   3   0 
0.014145
8  11   1   4   7   9   3 
0.014145
8  11   1   5   6   3   0 
0.014145
9  3 
0.054031
10   9   3 
0.018355
10   3   0 
0.055897
11   1   4   6   3   0 
0.020322
11   1   4   7   9   3 
0.013141
11   1   5   6   3   0 
0.043225
1  4 
0.029343
2  5  1  4  0 
0.044729
2  5  6  4  0 
0.105453
2   8  11   1   4 
0.004194
3  6  4  0 
0.007755
3  9  7  4 
0.000906
5  1  4 
0.013637
5  6  4 
0.032151
6  4 
0.017916
7  4 
0.306204
8  11   1   4 
0.027140
9  7  4 
0.008982
10   3   6   4   0 
0.006592
10   3   9   7   4 
0.001479
10   9   7   4   0 
0.003439
11   1   4 
0.024363
1  5 
0.060945
2  5 
0.676412
3  6  5 
0.054644
4  1  5 
0.025240
4  6  5 
0.013638
6  5 
0.046184
7  4  1  5  0 
0.054338
7  4  6  5  0 
0.029360
7  9  3  6  5 
0.011950
8  2  5  0 
0.122071
8  11   1   5 
0.041759
9  3  6  5 
0.022876
10   3   6   5   0 
0.034086
10   9   3   6   5 
0.011193
11   1   5 
0.138605
1  4  6 
0.007908
1  5  6 
0.027042
2  5  6 
0.223707
3  6 
0.016891
4  6 
0.016732
5  6 
0.050920
7  4  6  0 
0.012530
7  9  3  6 
0.007615
8  2  5  6  0 
0.021165
8  11   1   4   6 
0.009358
8  11   1   5   6 
0.009358
9  3  6 
0.003142
10   3   6   0 
0.019550
10   9   3   6 
0.006420
11   1   4   6 
0.020584
11   1   5   6 
0.067461
1  4  7 
0.093266
2  5  1  4  7  0 
0.190937
2  5  6  3  9  7 
0.055086
2  5  6  4  7  0 
0.471429
2   8  11   1   4   7 
0.018524
3  9  7 
0.017435
4  7 
0.092225
5  1  4  7  0 
0.049957
5  6  3  9  7 
0.014413
5  6  4  7  0 
0.123344
6  3  9  7 
0.003225
6  4  7  0 
0.027602
8  11   1   4   7 
0.259020
9  7 
0.021015
10   3   9   7 
0.020295
10   9   7   0 
0.101193
11   1   4   7 
0.288924
1  5  2  8 
0.051113
1  11   8   0 
0.181981
2  8 
0.325442
3  6  5  2  8 
0.087110
4  1  5  2  8 
0.042245
4   1  11   8   0 
0.130185
4  6  5  2  8 
0.015425
5  2  8 
0.350878
6  5  2  8 
0.097463
7  4  1  5  2  8 
0.069232
7   4   1  11   8   0 
0.156124
7  4  6  5  2  8 
0.025279
9  3  6  5  2  8  0 
0.001103
9  7  4  1  5  2  8 
0.009982
9   7   4   1  11   8   0 
0.009982
9  7  4  6  5  2  8 
0.005480
10   3   6   5   2   8   0   0 
0.011551
10   9   3   6   5   2   8   0 
0.004913
10   9   7   4   1   5   2   8 
0.038121
10   9   7   4   1  11   8   0 
0.038121
10   9   7   4   6   5   2   8 
0.024411
11   8 
0.353961
1  4  6  3  9 
0.000460
1  4  7  9  0 
0.004246
2  5  1  4  6  3  9 
0.003422
2  5  1  4  7  9  0 
0.024343
2  5  6  3  9  0  0 
0.010384
3  9 
0.050349
4  6  3  9 
0.000308
4  7  9  0 
0.002838
5  1  4  6  3  9 
0.001355
5  1  4  7  9  0 
0.009641
5  6  3  9  0  0 
0.004113
6  3  9 
0.002203
7  9 
0.032411
8  2  5  1  4  6  3  9 
0.002743
8  2  5  1  4  7  9  0 
0.005485
8  2  5  6  3  9  0  0 
0.005485
8  11   1   4   6   3   9   0 
0.001678
8  11   1   4   7   9   0   0 
0.001678
10   3   9 
0.002120
10   9   0 
0.010573
11   1   4   6   3   9 
0.002920
11   1   4   7   9   0 
0.005589
1   4   6   3   9  10 
0.009493
1   4   6   3  10   0 
0.009493
1   4   7   9  10   0 
0.014634
1   5   6   3   9  10 
0.029152
1   5   6   3  10   0 
0.029152
2   5   6   3   9  10 
0.093638
2   5   6   3  10   0 
0.385458
3   9  10 
0.002813
3  10   0 
0.014028
4   6   3   9  10 
0.002982
4   6   3  10   0 
0.002982
4   7   9  10   0 
0.004597
5   6   3   9  10 
0.008447
5   6   3  10   0 
0.042120
6   3   9  10 
0.002932
6   3  10   0 
0.014618
7   9  10 
0.097612
8   2   5   6   3   9  10   0 
0.023798
8   2   5   6   3  10   0   0 
0.023798
8  11   1   4   6   3   9  10 
0.013263
8  11   1   4   6   3  10   0 
0.013263
8  11   1   4   7   9  10   0 
0.014191
8  11   1   5   6   3   9  10 
0.014191
8  11   1   5   6   3  10   0 
0.014191
9  10 
0.014181
11   1   4   6   3   9  10 
0.008528
11   1   4   6   3  10   0 
0.008528
11   1   4   7   9  10   0 
0.013146
11   1   5   6   3   9  10 
0.026187
11   1   5   6   3  10   0 
0.026187
1  11 
0.480107
2   8  11 
0.320269
3   6   4   1  11   0 
0.080814
3   6   5   1  11   0 
0.071103
3   6   5   2   8  11 
0.019579
4   1  11 
0.088096
5   1  11   0 
0.251611
5   2   8  11 
0.030846
6   4   1  11   0 
0.040076
6   5   1  11   0 
0.035260
6   5   2   8  11 
0.009709
7   4   1  11 
0.318766
8  11 
0.619827
9   3   6   4   1  11   0 
0.003609
9   3   6   5   1  11   0 
0.003609
9   3   6   5   2   8  11 
0.003609
9   7   4   1  11   0   0 
0.003406
10   3   6   4   1  11   0   0 
0.039988
10   3   6   5   1  11   0   0 
0.039988
10   3   6   5   2   8  11   0 
0.020450
10   9   3   6   4   1  11   0 
0.016060
10   9   3   6   5   1  11   0 
0.016060
10   9   3   6   5   2   8  11 
0.016060
10   9   7   4   1  11   0   0 
0.015158
