2  5  1  0 
0.073970
2   8  11   1 
0.008420
3  6  4  1 
0.012763
3  6  5  1 
0.009907
4  1 
0.019468
5  1 
0.097573
6  4  1 
0.007811
6  5  1 
0.006063
7  4  1 
0.093925
8  11   1 
0.078997
9  3  6  4  1 
0.004825
9  3  6  5  1 
0.004825
9  7  4  1  0 
0.003286
10   3   6   4   1   0 
0.015830
10   3   6   5   1   0 
0.015830
10   9   3   6   4   1 
0.008884
10   9   3   6   5   1 
0.008884
10   9   7   4   1   0 
0.006050
11   1 
0.471331
1  5  2  0 
0.038978
1  11   8   2 
0.038978
3  6  5  2 
0.064531
4  1  5  2  0 
0.019428
4   1  11   8   2 
0.019428
4  6  5  2  0 
0.007790
5  2 
0.117881
6  5  2 
0.041635
7  4  1  5  2  0 
0.043250
7   4   1  11   8   2 
0.043250
7  4  6  5  2  0 
0.017342
7  9  3  6  5  2 
0.007910
8  2 
0.035698
9  3  6  5  2 
0.016324
10   3   6   5   2   0 
0.037456
10   9   3   6   5   2 
0.012832
11   8   2 
0.053309
1  4  6  3  0 
0.008353
1  4  7  9  3 
0.005790
1  5  6  3  0 
0.013320
2  5  6  3 
0.251173
4  6  3  0 
0.017377
4  7  9  3 
0.011817
5  6  3 
0.036171
6  3 
0.042239
7  9  3 
0.026905
8  2  5  6  3  0  0 
0.021687
8  11   1   4   6   3   0 
0.012295
8  11   1   4   7   9   3 
0.012295
8  11   1   5   6   3   0 
0.012295
9  3 
0.044895
10   9   3 
0.015744
10   3   0 
0.045958
11   1   4   6   3   0 
0.017544
11   1   4   7   9   3 
0.012160
11   1   5   6   3   0 
0.027976
1  4 
0.027637
2  5  1  4  0 
0.051185
2  5  6  4  0 
0.123436
2   8  11   1   4 
0.004898
3  6  4  0 
0.008597
3  9  7  4 
0.001012
5  1  4 
0.009649
5  6  4 
0.023270
6  4 
0.042886
7  4 
0.297981
8  11   1   4 
0.038473
9  7  4 
0.005662
10   3   6   4   0 
0.017116
10   3   9   7   4 
0.002711
10   9   7   4   0 
0.006346
11   1   4 
0.022271
1  5 
0.076441
2  5 
0.652866
3  6  5 
0.048793
4  1  5 
0.018752
4  6  5 
0.013102
6  5 
0.067775
7  4  1  5  0 
0.061205
7  4  6  5  0 
0.042765
7  9  3  6  5 
0.021971
8  2  5  0 
0.097097
8  11   1   5 
0.033831
9  3  6  5 
0.031049
10   3   6   5   0 
0.034780
10   9   3   6   5 
0.011915
11   1   5 
0.169222
1  4  6 
0.007636
1  5  6 
0.020458
2  5  6 
0.202561
3  6 
0.021048
4  6 
0.022921
5  6 
0.073471
7  4  6  0 
0.019927
7  9  3  6 
0.013551
8  2  5  6  0 
0.031600
8  11   1   4   6 
0.015120
8  11   1   5   6 
0.015120
9  3  6 
0.005934
10   3   6   0 
0.020690
10   9   3   6 
0.007088
11   1   4   6 
0.014457
11   1   5   6 
0.038385
1  4  7 
0.096037
2  5  1  4  7  0 
0.197001
2  5  6  3  9  7 
0.059826
2  5  6  4  7  0 
0.508055
2   8  11   1   4   7 
0.018170
3  9  7 
0.050717
4  7 
0.090063
5  1  4  7  0 
0.045800
5  6  3  9  7 
0.013909
5  6  4  7  0 
0.118115
6  3  9  7 
0.005001
6  4  7  0 
0.042466
8  11   1   4   7 
0.299270
9  7 
0.061096
10   3   9   7 
0.030878
10   9   7   0 
0.108666
11   1   4   7 
0.288501
1  5  2  8 
0.040949
1  11   8   0 
0.161485
2  8 
0.372634
3  6  5  2  8 
0.088714
4  1  5  2  8 
0.034538
4   1  11   8   0 
0.126633
4  6  5  2  8 
0.017898
5  2  8 
0.271099
6  5  2  8 
0.100295
7  4  1  5  2  8 
0.077735
7   4   1  11   8   0 
0.237481
7  4  6  5  2  8 
0.040284
9  3  6  5  2  8  0 
0.001786
9  7  4  1  5  2  8 
0.012189
9   7   4   1  11   8   0 
0.012189
9  7  4  6  5  2  8 
0.007777
10   3   6   5   2   8   0   0 
0.017851
10   9   3   6   5   2   8   0 
0.007941
10   9   7   4   1   5   2   8 
0.047854
10   9   7   4   1  11   8   0 
0.047854
10   9   7   4   6   5   2   8 
0.034580
11   8 
0.306996
1  4  6  3  9 
0.000477
1  4  7  9  0 
0.003333
2  5  1  4  6  3  9 
0.004505
2  5  1  4  7  9  0 
0.024390
2  5  6  3  9  0  0 
0.010541
3  9 
0.026749
4  6  3  9 
0.000645
4  7  9  0 
0.004506
5  1  4  6  3  9 
0.001373
5  1  4  7  9  0 
0.007432
5  6  3  9  0  0 
0.003212
6  3  9 
0.003134
7  9 
0.037994
8  2  5  1  4  6  3  9 
0.002698
8  2  5  1  4  7  9  0 
0.002698
8  2  5  6  3  9  0  0 
0.002698
8  11   1   4   6   3   9   0 
0.000846
8  11   1   4   7   9   0   0 
0.000846
10   3   9 
0.003539
10   9   0 
0.012454
11   1   4   6   3   9 
0.003444
11   1   4   7   9   0 
0.004795
1   4   6   3   9  10 
0.010937
1   4   6   3  10   0 
0.010937
1   4   7   9  10   0 
0.012992
1   5   6   3   9  10 
0.025627
1   5   6   3  10   0 
0.025627
2   5   6   3   9  10 
0.081115
2   5   6   3  10   0 
0.337096
3   9  10 
0.004459
3  10   0 
0.021765
4   6   3   9  10 
0.003312
4   6   3  10   0 
0.003312
4   7   9  10   0 
0.003934
5   6   3   9  10 
0.004829
5   6   3  10   0 
0.023569
6   3   9  10 
0.002899
6   3  10   0 
0.014148
7   9  10 
0.134137
8   2   5   6   3   9  10   0 
0.020597
8   2   5   6   3  10   0   0 
0.020597
8  11   1   4   6   3   9  10 
0.012331
8  11   1   4   6   3  10   0 
0.012331
8  11   1   4   7   9  10   0 
0.013038
8  11   1   5   6   3   9  10 
0.013038
8  11   1   5   6   3  10   0 
0.013038
9  10 
0.012679
11   1   4   6   3   9  10 
0.005120
11   1   4   6   3  10   0 
0.005120
11   1   4   7   9  10   0 
0.006082
11   1   5   6   3   9  10 
0.010335
11   1   5   6   3  10   0 
0.010335
1  11 
0.576086
2   8  11 
0.321755
3   6   4   1  11   0 
0.098726
3   6   5   1  11   0 
0.085357
3   6   5   2   8  11 
0.020511
4   1  11 
0.133329
5   1  11   0 
0.254913
5   2   8  11 
0.029016
6   4   1  11   0 
0.028830
6   5   1  11   0 
0.024926
6   5   2   8  11 
0.005990
7   4   1  11 
0.338415
8  11 
0.678912
9   3   6   4   1  11   0 
0.008532
9   3   6   5   1  11   0 
0.008532
9   3   6   5   2   8  11 
0.006999
9   7   4   1  11   0   0 
0.005535
10   3   6   4   1  11   0   0 
0.048863
10   3   6   5   1  11   0   0 
0.048863
10   3   6   5   2   8  11   0 
0.019389
10   9   3   6   4   1  11   0 
0.023634
10   9   3   6   5   1  11   0 
0.023634
10   9   3   6   5   2   8  11 
0.019389
10   9   7   4   1  11   0   0 
0.015332
