2 1 0.249942 0.063895 * 2  5  1  0 
2 1 0.348948 0.007895 * 2   8  11   1 
3 1 0.354277 0.009411 * 3  6  4  1 
3 1 0.328892 0.007737 * 3  6  5  1 
4 1 0.127158 0.013370 * 4  1 
5 1 0.108416 0.083723 * 5  1 
6 1 0.244281 0.007101 * 6  4  1 
6 1 0.218895 0.005838 * 6  5  1 
7 1 0.248948 0.103763 * 7  4  1 
8 1 0.235262 0.091732 * 8  11   1 
9 1 0.455923 0.006733 * 9  3  6  4  1 
9 1 0.430537 0.006733 * 9  3  6  5  1 
9 1 0.351452 0.005303 * 9  7  4  1  0 
10 1 0.459817 0.012481 * 10   3   6   4   1   0 
10 1 0.434431 0.012481 * 10   3   6   5   1   0 
10 1 0.557481 0.007183 * 10   9   3   6   4   1 
10 1 0.532096 0.007183 * 10   9   3   6   5   1 
10 1 0.453011 0.006698 * 10   9   7   4   1   0 
11 1 0.119424 0.619377 * 11   1 
1 2 0.235610 0.032852 * 1  5  2  0 
1 2 0.350749 0.032852 * 1  11   8   2 
3 2 0.341072 0.071527 * 3  6  5  2 
4 2 0.362768 0.070173 * 4  1  5  2  0 
4 2 0.477907 0.070173 * 4   1  11   8   2 
4 2 0.333490 0.038343 * 4  6  5  2  0 
5 2 0.120596 0.094413 * 5  2 
6 2 0.231075 0.042056 * 6  5  2 
7 2 0.484558 0.214578 * 7  4  1  5  2  0 
7 2 0.599696 0.214578 * 7   4   1  11   8   2 
7 2 0.455280 0.117248 * 7  4  6  5  2  0 
7 2 0.544750 0.046009 * 7  9  3  6  5  2 
8 2 0.104348 0.021997 * 8  2 
9 2 0.442717 0.015455 * 9  3  6  5  2 
10 2 0.446611 0.031316 * 10   3   6   5   2   0 
10 2 0.544276 0.010083 * 10   9   3   6   5   2 
11 2 0.215167 0.051037 * 11   8   2 
1 3 0.329658 0.010085 * 1  4  6  3  0 
1 3 0.437772 0.006398 * 1  4  7  9  3 
1 3 0.362489 0.021208 * 1  5  6  3  0 
2 3 0.389001 0.260836 * 2  5  6  3 
4 3 0.217556 0.018325 * 4  6  3  0 
4 3 0.325669 0.009627 * 4  7  9  3 
5 3 0.247475 0.047492 * 5  6  3 
6 3 0.115140 0.018761 * 6  3 
7 3 0.203678 0.021342 * 7  9  3 
8 3 0.493350 0.017283 * 8  2  5  6  3  0  0 
8 3 0.564920 0.009459 * 8  11   1   4   6   3   0 
8 3 0.673033 0.009459 * 8  11   1   4   7   9   3 
8 3 0.597751 0.009459 * 8  11   1   5   6   3   0 
9 3 0.101645 0.050706 * 9  3 
10 3 0.203204 0.012463 * 10   9   3 
10 3 0.105539 0.038711 * 10   3   0 
11 3 0.449082 0.013652 * 11   1   4   6   3   0 
11 3 0.557196 0.008661 * 11   1   4   7   9   3 
11 3 0.481913 0.026862 * 11   1   5   6   3   0 
1 4 0.112102 0.028059 * 1  4 
2 4 0.362045 0.046554 * 2  5  1  4  0 
2 4 0.390984 0.111309 * 2  5  6  4  0 
2 4 0.461051 0.004330 * 2   8  11   1   4 
3 4 0.227119 0.009735 * 3  6  4  0 
3 4 0.325745 0.001076 * 3  9  7  4 
5 4 0.220519 0.015157 * 5  1  4 
5 4 0.249458 0.036239 * 5  6  4 
6 4 0.117123 0.008186 * 6  4 
7 4 0.121790 0.284333 * 7  4 
8 4 0.347364 0.034377 * 8  11   1   4 
9 4 0.224294 0.005378 * 9  7  4 
10 4 0.332659 0.009068 * 10   3   6   4   0 
10 4 0.431285 0.001844 * 10   3   9   7   4 
10 4 0.325853 0.003773 * 10   9   7   4   0 
11 4 0.231527 0.017322 * 11   1   4 
1 5 0.115014 0.076932 * 1  5 
2 5 0.141526 0.604653 * 2  5 
3 5 0.220476 0.035535 * 3  6  5 
4 5 0.242172 0.018409 * 4  1  5 
4 5 0.212894 0.011282 * 4  6  5 
6 5 0.110479 0.072584 * 6  5 
7 5 0.363962 0.040639 * 7  4  1  5  0 
7 5 0.334684 0.024905 * 7  4  6  5  0 
7 5 0.424154 0.008848 * 7  9  3  6  5 
8 5 0.245874 0.094636 * 8  2  5  0 
8 5 0.350276 0.035102 * 8  11   1   5 
9 5 0.322121 0.038866 * 9  3  6  5 
10 5 0.326015 0.029645 * 10   3   6   5   0 
10 5 0.423680 0.009544 * 10   9   3   6   5 
11 5 0.234438 0.140105 * 11   1   5 
1 6 0.214518 0.010172 * 1  4  6 
1 6 0.247349 0.032630 * 1  5  6 
2 6 0.273861 0.194253 * 2  5  6 
3 6 0.109997 0.018720 * 3  6 
4 6 0.102415 0.034313 * 4  6 
5 6 0.132335 0.067479 * 5  6 
7 6 0.224205 0.018349 * 7  4  6  0 
7 6 0.313675 0.009640 * 7  9  3  6 
8 6 0.378209 0.022448 * 8  2  5  6  0 
8 6 0.449779 0.010922 * 8  11   1   4   6 
8 6 0.482611 0.010922 * 8  11   1   5   6 
9 6 0.211642 0.002494 * 9  3  6 
10 6 0.215536 0.019030 * 10   3   6   0 
10 6 0.313201 0.006127 * 10   9   3   6 
11 6 0.333942 0.019193 * 11   1   4   6 
11 6 0.366773 0.054336 * 11   1   5   6 
1 7 0.234094 0.090967 * 1  4  7 
2 7 0.484036 0.204523 * 2  5  1  4  7  0 
2 7 0.592957 0.057060 * 2  5  6  3  9  7 
2 7 0.512975 0.516062 * 2  5  6  4  7  0 
2 7 0.583042 0.020389 * 2   8  11   1   4   7 
3 7 0.203956 0.021719 * 3  9  7 
4 7 0.121991 0.096354 * 4  7 
5 7 0.342510 0.048625 * 5  1  4  7  0 
5 7 0.451431 0.013566 * 5  6  3  9  7 
5 7 0.371449 0.122692 * 5  6  4  7  0 
6 7 0.319096 0.003828 * 6  3  9  7 
6 7 0.239114 0.034622 * 6  4  7  0 
8 7 0.469355 0.280006 * 8  11   1   4   7 
9 7 0.102504 0.032193 * 9  7 
10 7 0.309495 0.027021 * 10   3   9   7 
10 7 0.204063 0.112913 * 10   9   7   0 
11 7 0.353518 0.275974 * 11   1   4   7 
1 8 0.349297 0.042628 * 1  5  2  8 
1 8 0.246400 0.155634 * 1  11   8   0 
2 8 0.113687 0.325129 * 2  8 
3 8 0.454758 0.069295 * 3  6  5  2  8 
4 8 0.476455 0.038235 * 4  1  5  2  8 
4 8 0.373558 0.128118 * 4   1  11   8   0 
4 8 0.447177 0.016881 * 4  6  5  2  8 
5 8 0.234283 0.277601 * 5  2  8 
6 8 0.344762 0.099768 * 6  5  2  8 
7 8 0.598244 0.070411 * 7  4  1  5  2  8 
7 8 0.495348 0.182407 * 7   4   1  11   8   0 
7 8 0.568967 0.031087 * 7  4  6  5  2  8 
9 8 0.556404 0.001594 * 9  3  6  5  2  8  0 
9 8 0.700749 0.012041 * 9  7  4  1  5  2  8 
9 8 0.597852 0.012041 * 9   7   4   1  11   8   0 
9 8 0.671471 0.007296 * 9  7  4  6  5  2  8 
10 8 0.560298 0.014155 * 10   3   6   5   2   8   0   0 
10 8 0.657962 0.006176 * 10   9   3   6   5   2   8   0 
10 8 0.802307 0.038982 * 10   9   7   4   1   5   2   8 
10 8 0.699411 0.038982 * 10   9   7   4   1  11   8   0 
10 8 0.773030 0.028265 * 10   9   7   4   6   5   2   8 
11 8 0.110819 0.259811 * 11   8 
1 9 0.431109 0.000497 * 1  4  6  3  9 
1 9 0.336126 0.003388 * 1  4  7  9  0 
2 9 0.681051 0.005249 * 2  5  1  4  6  3  9 
2 9 0.586069 0.030337 * 2  5  1  4  7  9  0 
2 9 0.490452 0.015138 * 2  5  6  3  9  0  0 
3 9 0.101451 0.038371 * 3  9 
4 9 0.319007 0.000692 * 4  6  3  9 
4 9 0.224024 0.004719 * 4  7  9  0 
5 9 0.539525 0.001677 * 5  1  4  6  3  9 
5 9 0.444542 0.009692 * 5  1  4  7  9  0 
5 9 0.348926 0.004836 * 5  6  3  9  0  0 
6 9 0.216591 0.001909 * 6  3  9 
7 9 0.102033 0.043277 * 7  9 
8 9 0.785400 0.003432 * 8  2  5  1  4  6  3  9 
8 9 0.690417 0.004226 * 8  2  5  1  4  7  9  0 
8 9 0.594801 0.004226 * 8  2  5  6  3  9  0  0 
8 9 0.666371 0.001272 * 8  11   1   4   6   3   9   0 
8 9 0.571388 0.001272 * 8  11   1   4   7   9   0   0 
10 9 0.206990 0.002490 * 10   3   9 
10 9 0.101559 0.010404 * 10   9   0 
11 9 0.550533 0.002857 * 11   1   4   6   3   9 
11 9 0.455551 0.002878 * 11   1   4   7   9   0 
1 10 0.532436 0.009820 * 1   4   6   3   9  10 
1 10 0.437947 0.009820 * 1   4   6   3  10   0 
1 10 0.437454 0.012929 * 1   4   7   9  10   0 
1 10 0.565267 0.026536 * 1   5   6   3   9  10 
1 10 0.470778 0.026536 * 1   5   6   3  10   0 
2 10 0.591780 0.096789 * 2   5   6   3   9  10 
2 10 0.497290 0.356409 * 2   5   6   3  10   0 
3 10 0.202778 0.003049 * 3   9  10 
3 10 0.108289 0.012741 * 3  10   0 
4 10 0.420334 0.003874 * 4   6   3   9  10 
4 10 0.325845 0.003874 * 4   6   3  10   0 
4 10 0.325351 0.005101 * 4   7   9  10   0 
5 10 0.450254 0.009402 * 5   6   3   9  10 
5 10 0.355764 0.039290 * 5   6   3  10   0 
6 10 0.317919 0.003240 * 6   3   9  10 
6 10 0.223429 0.013538 * 6   3  10   0 
7 10 0.203360 0.106312 * 7   9  10 
8 10 0.696128 0.022319 * 8   2   5   6   3   9  10   0 
8 10 0.601639 0.022319 * 8   2   5   6   3  10   0   0 
8 10 0.767698 0.011635 * 8  11   1   4   6   3   9  10 
8 10 0.673209 0.011635 * 8  11   1   4   6   3  10   0 
8 10 0.672715 0.014257 * 8  11   1   4   7   9  10   0 
8 10 0.800529 0.014257 * 8  11   1   5   6   3   9  10 
8 10 0.706040 0.014257 * 8  11   1   5   6   3  10   0 
9 10 0.101327 0.011939 * 9  10 
11 10 0.651861 0.004519 * 11   1   4   6   3   9  10 
11 10 0.557371 0.004519 * 11   1   4   6   3  10   0 
11 10 0.556878 0.005950 * 11   1   4   7   9  10   0 
11 10 0.684692 0.010040 * 11   1   5   6   3   9  10 
11 10 0.590202 0.010040 * 11   1   5   6   3  10   0 
1 11 0.135581 0.749051 * 1  11 
2 11 0.229524 0.272558 * 2   8  11 
3 11 0.489858 0.055678 * 3   6   4   1  11   0 
3 11 0.464473 0.051433 * 3   6   5   1  11   0 
3 11 0.570596 0.016027 * 3   6   5   2   8  11 
4 11 0.262739 0.153213 * 4   1  11 
5 11 0.243997 0.270360 * 5   1  11   0 
5 11 0.350120 0.033408 * 5   2   8  11 
6 11 0.379862 0.024060 * 6   4   1  11   0 
6 11 0.354476 0.022225 * 6   5   1  11   0 
6 11 0.460599 0.006926 * 6   5   2   8  11 
7 11 0.384529 0.368957 * 7   4   1  11 
8 11 0.115837 0.684978 * 8  11 
9 11 0.591504 0.006803 * 9   3   6   4   1  11   0 
9 11 0.566118 0.006803 * 9   3   6   5   1  11   0 
9 11 0.672241 0.006742 * 9   3   6   5   2   8  11 
9 11 0.487033 0.005075 * 9   7   4   1  11   0   0 
10 11 0.595398 0.044289 * 10   3   6   4   1  11   0   0 
10 11 0.570012 0.044289 * 10   3   6   5   1  11   0   0 
10 11 0.676135 0.019611 * 10   3   6   5   2   8  11   0 
10 11 0.693062 0.019790 * 10   9   3   6   4   1  11   0 
10 11 0.667677 0.019790 * 10   9   3   6   5   1  11   0 
10 11 0.773800 0.019611 * 10   9   3   6   5   2   8  11 
10 11 0.588592 0.014763 * 10   9   7   4   1  11   0   0 
