2 1 2 0.094532 * 2  5  1 
3 1 3 0.010156 * 3  6  4  1 
3 1 3 0.010156 * 3  6  5  1 
4 1 1 0.037245 * 4  1 
5 1 1 0.104655 * 5  1 
6 1 2 0.011148 * 6  4  1 
6 1 2 0.011148 * 6  5  1 
7 1 2 0.104265 * 7  4  1 
8 1 2 0.063665 * 8  11   1 
9 1 3 0.018011 * 9  7  4  1 
10 1 4 0.019194 * 10   3   6   4   1 
10 1 4 0.019194 * 10   3   6   5   1 
10 1 4 0.019194 * 10   9   7   4   1 
11 1 1 0.418281 * 11   1 
1 2 2 0.077377 * 1  5  2 
3 2 3 0.093185 * 3  6  5  2 
4 2 3 0.022557 * 4  1  5  2 
4 2 3 0.022557 * 4  6  5  2 
5 2 1 0.161621 * 5  2 
6 2 2 0.052247 * 6  5  2 
7 2 4 0.044334 * 7  4  1  5  2 
7 2 4 0.044334 * 7  4  6  5  2 
8 2 1 0.027946 * 8  2 
9 2 4 0.011419 * 9  3  6  5  2 
10 2 4 0.041820 * 10   3   6   5   2 
11 2 2 0.065715 * 11   8   2 
1 3 3 0.019166 * 1  4  6  3 
1 3 3 0.019166 * 1  5  6  3 
2 3 3 0.245946 * 2  5  6  3 
4 3 2 0.027861 * 4  6  3 
5 3 2 0.045160 * 5  6  3 
6 3 1 0.090392 * 6  3 
7 3 2 0.047301 * 7  9  3 
8 3 4 0.059268 * 8  2  5  6  3 
9 3 1 0.082425 * 9  3 
10 3 1 0.084720 * 10   3 
11 3 4 0.041195 * 11   1   4   6   3 
11 3 4 0.041195 * 11   1   5   6   3 
1 4 1 0.023260 * 1  4 
2 4 3 0.062238 * 2  5  1  4 
2 4 3 0.062238 * 2  5  6  4 
3 4 2 0.021497 * 3  6  4 
5 4 2 0.021996 * 5  1  4 
5 4 2 0.021996 * 5  6  4 
6 4 1 0.010317 * 6  4 
7 4 1 0.280242 * 7  4 
8 4 3 0.040073 * 8  11   1   4 
9 4 2 0.012833 * 9  7  4 
10 4 3 0.011031 * 10   3   6   4 
10 4 3 0.011031 * 10   9   7   4 
11 4 2 0.026258 * 11   1   4 
1 5 1 0.078691 * 1  5 
2 5 1 0.558982 * 2  5 
3 5 2 0.065188 * 3  6  5 
4 5 2 0.022889 * 4  1  5 
4 5 2 0.022889 * 4  6  5 
6 5 1 0.054346 * 6  5 
7 5 3 0.044304 * 7  4  1  5 
7 5 3 0.044304 * 7  4  6  5 
8 5 2 0.136211 * 8  2  5 
9 5 3 0.040763 * 9  3  6  5 
10 5 3 0.081419 * 10   3   6   5 
11 5 2 0.195065 * 11   1   5 
1 6 2 0.014870 * 1  4  6 
1 6 2 0.014870 * 1  5  6 
2 6 2 0.196266 * 2  5  6 
3 6 1 0.029383 * 3  6 
4 6 1 0.018395 * 4  6 
5 6 1 0.081402 * 5  6 
7 6 2 0.033176 * 7  4  6 
8 6 3 0.058077 * 8  2  5  6 
9 6 2 0.004427 * 9  3  6 
10 6 2 0.029463 * 10   3   6 
11 6 3 0.025608 * 11   1   4   6 
11 6 3 0.025608 * 11   1   5   6 
1 7 2 0.086669 * 1  4  7 
2 7 4 0.406547 * 2  5  1  4  7 
2 7 4 0.406547 * 2  5  6  4  7 
3 7 2 0.042127 * 3  9  7 
4 7 1 0.102838 * 4  7 
5 7 3 0.108694 * 5  1  4  7 
5 7 3 0.108694 * 5  6  4  7 
6 7 2 0.067929 * 6  4  7 
8 7 4 0.314463 * 8  11   1   4   7 
9 7 1 0.057392 * 9  7 
10 7 2 0.166623 * 10   9   7 
11 7 3 0.338993 * 11   1   4   7 
1 8 2 0.162822 * 1  11   8 
2 8 1 0.375295 * 2  8 
3 8 4 0.111725 * 3  6  5  2  8 
4 8 3 0.168371 * 4   1  11   8 
5 8 2 0.245816 * 5  2  8 
6 8 3 0.109858 * 6  5  2  8 
7 8 4 0.376490 * 7   4   1  11   8 
9 8 5 0.025373 * 9  3  6  5  2  8 
9 8 5 0.025373 * 9   7   4   1  11   8 
10 8 5 0.141073 * 10   3   6   5   2   8 
11 8 1 0.345902 * 11   8 
1 9 3 0.003562 * 1  4  7  9 
2 9 4 0.034828 * 2  5  6  3  9 
3 9 1 0.083345 * 3  9 
4 9 2 0.006048 * 4  7  9 
5 9 3 0.017073 * 5  6  3  9 
6 9 2 0.003879 * 6  3  9 
7 9 1 0.042159 * 7  9 
8 9 5 0.005708 * 8  2  5  6  3  9 
8 9 5 0.005708 * 8  11   1   4   7   9 
10 9 1 0.023251 * 10   9 
11 9 4 0.012148 * 11   1   4   7   9 
1 10 4 0.012306 * 1   4   6   3  10 
1 10 4 0.012306 * 1   4   7   9  10 
1 10 4 0.020788 * 1   5   6   3  10 
2 10 4 0.404256 * 2   5   6   3  10 
3 10 1 0.029411 * 3  10 
4 10 3 0.004552 * 4   6   3  10 
4 10 3 0.004552 * 4   7   9  10 
5 10 3 0.028640 * 5   6   3  10 
6 10 2 0.020149 * 6   3  10 
7 10 2 0.124321 * 7   9  10 
8 10 5 0.117378 * 8   2   5   6   3  10 
9 10 1 0.018047 * 9  10 
11 10 5 0.014524 * 11   1   4   6   3  10 
11 10 5 0.014524 * 11   1   4   7   9  10 
11 10 5 0.024535 * 11   1   5   6   3  10 
1 11 1 0.588435 * 1  11 
2 11 2 0.410871 * 2   8  11 
3 11 4 0.092924 * 3   6   4   1  11 
3 11 4 0.092924 * 3   6   5   1  11 
4 11 2 0.091304 * 4   1  11 
5 11 2 0.228603 * 5   1  11 
6 11 3 0.042614 * 6   4   1  11 
6 11 3 0.042614 * 6   5   1  11 
7 11 3 0.359126 * 7   4   1  11 
8 11 1 0.736870 * 8  11 
9 11 4 0.019006 * 9   7   4   1  11 
10 11 5 0.060993 * 10   3   6   4   1  11 
10 11 5 0.060993 * 10   3   6   5   1  11 
10 11 5 0.060993 * 10   9   7   4   1  11 
