2  5  1 
0.111633
3  6  4  1 
0.012589
3  6  5  1 
0.012589
4  1 
0.070906
5  1 
0.131311
6  4  1 
0.017437
6  5  1 
0.017437
7  4  1 
0.102813
8  11   1 
0.104489
9  7  4  1 
0.020035
10   3   6   4   1 
0.016481
10   3   6   5   1 
0.016481
10   9   7   4   1 
0.016481
11   1 
0.341889
1  5  2 
0.114500
3  6  5  2 
0.087642
4  1  5  2 
0.020919
4  6  5  2 
0.020919
5  2 
0.204613
6  5  2 
0.056144
7  4  1  5  2 
0.070799
7  4  6  5  2 
0.070799
8  2 
0.042155
9  3  6  5  2 
0.011295
10   3   6   5   2 
0.034667
11   8   2 
0.079627
1  4  6  3 
0.012088
1  5  6  3 
0.012088
2  5  6  3 
0.211136
4  6  3 
0.034132
5  6  3 
0.044806
6  3 
0.083499
7  9  3 
0.133820
8  2  5  6  3 
0.062242
9  3 
0.072480
10   3 
0.094604
11   1   4   6   3 
0.046104
11   1   5   6   3 
0.046104
1  4 
0.026559
2  5  1  4 
0.062189
2  5  6  4 
0.062189
3  6  4 
0.016171
5  1  4 
0.027866
5  6  4 
0.027866
6  4 
0.023320
7  4 
0.285434
8  11   1   4 
0.022520
9  7  4 
0.015600
10   3   6   4 
0.013629
10   9   7   4 
0.013629
11   1   4 
0.040110
1  5 
0.107602
2  5 
0.573157
3  6  5 
0.050882
4  1  5 
0.023781
4  6  5 
0.023781
6  5 
0.072430
7  4  1  5 
0.057025
7  4  6  5 
0.057025
8  2  5 
0.148402
9  3  6  5 
0.043195
10   3   6   5 
0.069895
11   1   5 
0.217284
1  4  6 
0.021363
1  5  6 
0.021363
2  5  6 
0.212816
3  6 
0.062797
4  6 
0.024978
5  6 
0.072220
7  4  6 
0.058165
8  2  5  6 
0.049508
9  3  6 
0.006207
10   3   6 
0.021455
11   1   4   6 
0.032203
11   1   5   6 
0.032203
1  4  7 
0.101423
2  5  1  4  7 
0.312916
2  5  6  4  7 
0.312916
3  9  7 
0.062015
4  7 
0.064983
5  1  4  7 
0.137067
5  6  4  7 
0.137067
6  4  7 
0.067184
8  11   1   4   7 
0.298552
9  7 
0.020228
10   9   7 
0.181695
11   1   4   7 
0.373854
1  11   8 
0.179330
2  8 
0.357166
3  6  5  2  8 
0.110332
4   1  11   8 
0.221596
5  2  8 
0.360920
6  5  2  8 
0.166834
7   4   1  11   8 
0.404167
9  3  6  5  2  8 
0.019638
9   7   4   1  11   8 
0.019638
10   3   6   5   2   8 
0.143662
11   8 
0.411000
1  4  7  9 
0.004970
2  5  6  3  9 
0.034813
3  9 
0.062968
4  7  9 
0.007561
5  6  3  9 
0.028938
6  3  9 
0.007234
7  9 
0.012859
8  2  5  6  3  9 
0.014807
8  11   1   4   7   9 
0.014807
10   9 
0.019135
11   1   4   7   9 
0.015884
1   4   6   3  10 
0.024669
1   4   7   9  10 
0.024669
1   5   6   3  10 
0.039739
2   5   6   3  10 
0.257751
3  10 
0.029431
4   6   3  10 
0.008260
4   7   9  10 
0.008260
5   6   3  10 
0.049048
6   3  10 
0.021827
7   9  10 
0.132113
8   2   5   6   3  10 
0.091602
9  10 
0.032477
11   1   4   6   3  10 
0.015272
11   1   4   7   9  10 
0.015272
11   1   5   6   3  10 
0.017160
1  11 
0.498978
2   8  11 
0.436733
3   6   4   1  11 
0.111213
3   6   5   1  11 
0.111213
4   1  11 
0.078287
5   1  11 
0.284744
6   4   1  11 
0.047344
6   5   1  11 
0.047344
7   4   1  11 
0.403183
8  11 
0.924101
9   7   4   1  11 
0.021343
10   3   6   4   1  11 
0.065496
10   3   6   5   1  11 
0.065496
10   9   7   4   1  11 
0.065496
