2 1 0.248278 0.084472 * 2  5  1  0 
2 1 0.354530 0.010060 * 2   8  11   1 
3 1 0.353712 0.011795 * 3  6  4  1 
3 1 0.332707 0.008518 * 3  6  5  1 
4 1 0.122104 0.037245 * 4  1 
5 1 0.108398 0.104655 * 5  1 
6 1 0.240659 0.012947 * 6  4  1 
6 1 0.219653 0.009350 * 6  5  1 
7 1 0.238670 0.104265 * 7  4  1 
8 1 0.237634 0.063665 * 8  11   1 
9 1 0.456141 0.006852 * 9  3  6  4  1 
9 1 0.435135 0.006852 * 9  3  6  5  1 
9 1 0.342262 0.004308 * 9  7  4  1  0 
10 1 0.460206 0.015470 * 10   3   6   4   1   0 
10 1 0.439200 0.015470 * 10   3   6   5   1   0 
10 1 0.558392 0.009883 * 10   9   3   6   4   1 
10 1 0.537386 0.009883 * 10   9   3   6   5   1 
10 1 0.444513 0.006876 * 10   9   7   4   1   0 
11 1 0.119030 0.418281 * 11   1 
1 2 0.223413 0.038689 * 1  5  2  0 
1 2 0.350012 0.038689 * 1  11   8   2 
3 2 0.338342 0.093185 * 3  6  5  2 
4 2 0.345517 0.019047 * 4  1  5  2  0 
4 2 0.472117 0.019047 * 4   1  11   8   2 
4 2 0.326524 0.007021 * 4  6  5  2  0 
5 2 0.114034 0.161621 * 5  2 
6 2 0.225289 0.052247 * 6  5  2 
7 2 0.462082 0.034305 * 7  4  1  5  2  0 
7 2 0.588682 0.034305 * 7   4   1  11   8   2 
7 2 0.443089 0.014013 * 7  4  6  5  2  0 
7 2 0.543249 0.006045 * 7  9  3  6  5  2 
8 2 0.104988 0.027946 * 8  2 
9 2 0.440771 0.011419 * 9  3  6  5  2 
10 2 0.444836 0.030038 * 10   3   6   5   2   0 
10 2 0.543022 0.011782 * 10   9   3   6   5   2 
11 2 0.217592 0.065715 * 11   8   2 
1 3 0.330069 0.011293 * 1  4  6  3  0 
1 3 0.442965 0.007787 * 1  4  7  9  3 
1 3 0.356146 0.019251 * 1  5  6  3  0 
2 3 0.386647 0.245946 * 2  5  6  3 
4 3 0.216550 0.016490 * 4  6  3  0 
4 3 0.329447 0.011371 * 4  7  9  3 
5 3 0.246767 0.045160 * 5  6  3 
6 3 0.115316 0.090392 * 6  3 
7 3 0.204906 0.047301 * 7  9  3 
8 3 0.491635 0.022893 * 8  2  5  6  3  0  0 
8 3 0.567702 0.012125 * 8  11   1   4   6   3   0 
8 3 0.680599 0.012125 * 8  11   1   4   7   9   3 
8 3 0.593779 0.012125 * 8  11   1   5   6   3   0 
9 3 0.102429 0.082425 * 9  3 
10 3 0.204680 0.023869 * 10   9   3 
10 3 0.106494 0.060851 * 10   3   0 
11 3 0.449099 0.024273 * 11   1   4   6   3   0 
11 3 0.561995 0.016738 * 11   1   4   7   9   3 
11 3 0.475176 0.041380 * 11   1   5   6   3   0 
1 4 0.113519 0.023260 * 1  4 
2 4 0.361797 0.035467 * 2  5  1  4  0 
2 4 0.389886 0.085916 * 2  5  6  4  0 
2 4 0.468049 0.003093 * 2   8  11   1   4 
3 4 0.231608 0.019404 * 3  6  4  0 
3 4 0.322119 0.002093 * 3  9  7  4 
5 4 0.221917 0.012854 * 5  1  4 
5 4 0.250006 0.031138 * 5  6  4 
6 4 0.118555 0.010317 * 6  4 
7 4 0.116565 0.280242 * 7  4 
8 4 0.351152 0.040073 * 8  11   1   4 
9 4 0.220158 0.012833 * 9  7  4 
10 4 0.338102 0.013686 * 10   3   6   4   0 
10 4 0.428613 0.003129 * 10   3   9   7   4 
10 4 0.322409 0.005247 * 10   9   7   4   0 
11 4 0.232549 0.026258 * 11   1   4 
1 5 0.109379 0.078691 * 1  5 
2 5 0.139880 0.558982 * 2  5 
3 5 0.224308 0.065188 * 3  6  5 
4 5 0.231483 0.027143 * 4  1  5 
4 5 0.212489 0.018635 * 4  6  5 
6 5 0.111255 0.054346 * 6  5 
7 5 0.348048 0.044945 * 7  4  1  5  0 
7 5 0.329055 0.030857 * 7  4  6  5  0 
7 5 0.429215 0.012805 * 7  9  3  6  5 
8 5 0.244868 0.103310 * 8  2  5  0 
8 5 0.347012 0.032900 * 8  11   1   5 
9 5 0.326737 0.040763 * 9  3  6  5 
10 5 0.330802 0.058480 * 10   3   6   5   0 
10 5 0.428988 0.022939 * 10   9   3   6   5 
11 5 0.228409 0.195065 * 11   1   5 
1 6 0.214753 0.008381 * 1  4  6 
1 6 0.240830 0.021358 * 1  5  6 
2 6 0.271332 0.196266 * 2  5  6 
3 6 0.113053 0.029383 * 3  6 
4 6 0.101234 0.018395 * 4  6 
5 6 0.131452 0.081402 * 5  6 
7 6 0.217800 0.019636 * 7  4  6  0 
7 6 0.317959 0.013540 * 7  9  3  6 
8 6 0.376320 0.030779 * 8  2  5  6  0 
8 6 0.452387 0.013649 * 8  11   1   4   6 
8 6 0.478464 0.013649 * 8  11   1   5   6 
9 6 0.215482 0.004427 * 9  3  6 
10 6 0.219547 0.021162 * 10   3   6   0 
10 6 0.317733 0.008301 * 10   9   3   6 
11 6 0.333783 0.014717 * 11   1   4   6 
11 6 0.359860 0.036499 * 11   1   5   6 
1 7 0.238059 0.086669 * 1  4  7 
2 7 0.486337 0.201960 * 2  5  1  4  7  0 
2 7 0.592201 0.057663 * 2  5  6  3  9  7 
2 7 0.514427 0.534622 * 2  5  6  4  7  0 
2 7 0.592589 0.018848 * 2   8  11   1   4   7 
3 7 0.205554 0.042127 * 3  9  7 
4 7 0.124540 0.102838 * 4  7 
5 7 0.346457 0.055277 * 5  1  4  7  0 
5 7 0.452321 0.015783 * 5  6  3  9  7 
5 7 0.374547 0.146328 * 5  6  4  7  0 
6 7 0.320869 0.006613 * 6  3  9  7 
6 7 0.243095 0.061315 * 6  4  7  0 
8 7 0.475693 0.314463 * 8  11   1   4   7 
9 7 0.103593 0.057392 * 9  7 
10 7 0.312047 0.033747 * 10   3   9   7 
10 7 0.205844 0.132876 * 10   9   7   0 
11 7 0.357089 0.338993 * 11   1   4   7 
1 8 0.340309 0.034621 * 1  5  2  8 
1 8 0.245024 0.128201 * 1  11   8   0 
2 8 0.116896 0.375295 * 2  8 
3 8 0.455239 0.111725 * 3  6  5  2  8 
4 8 0.462413 0.032233 * 4  1  5  2  8 
4 8 0.367128 0.118796 * 4   1  11   8   0 
4 8 0.443420 0.017342 * 4  6  5  2  8 
5 8 0.230930 0.245816 * 5  2  8 
6 8 0.342186 0.109858 * 6  5  2  8 
7 8 0.578979 0.079944 * 7  4  1  5  2  8 
7 8 0.483694 0.253535 * 7   4   1  11   8   0 
7 8 0.559985 0.043011 * 7  4  6  5  2  8 
9 8 0.557668 0.003075 * 9  3  6  5  2  8  0 
9 8 0.682571 0.017942 * 9  7  4  1  5  2  8 
9 8 0.587286 0.017942 * 9   7   4   1  11   8   0 
9 8 0.663578 0.011789 * 9  7  4  6  5  2  8 
10 8 0.561732 0.015343 * 10   3   6   5   2   8   0   0 
10 8 0.659919 0.008991 * 10   9   3   6   5   2   8   0 
10 8 0.784822 0.041135 * 10   9   7   4   1   5   2   8 
10 8 0.689537 0.041135 * 10   9   7   4   1  11   8   0 
10 8 0.765829 0.034469 * 10   9   7   4   6   5   2   8 
11 8 0.112604 0.345902 * 11   8 
1 9 0.432030 0.000450 * 1  4  6  3  9 
1 9 0.340536 0.003112 * 1  4  7  9  0 
2 9 0.680308 0.004228 * 2  5  1  4  6  3  9 
2 9 0.588815 0.021171 * 2  5  1  4  7  9  0 
2 9 0.488608 0.009430 * 2  5  6  3  9  0  0 
3 9 0.101961 0.083345 * 3  9 
4 9 0.318511 0.000763 * 4  6  3  9 
4 9 0.227018 0.005285 * 4  7  9  0 
5 9 0.540428 0.002073 * 5  1  4  6  3  9 
5 9 0.448935 0.010378 * 5  1  4  7  9  0 
5 9 0.348728 0.004622 * 5  6  3  9  0  0 
6 9 0.217277 0.003879 * 6  3  9 
7 9 0.102477 0.042159 * 7  9 
8 9 0.785296 0.003065 * 8  2  5  1  4  6  3  9 
8 9 0.693803 0.003200 * 8  2  5  1  4  7  9  0 
8 9 0.593596 0.003200 * 8  2  5  6  3  9  0  0 
8 9 0.669663 0.000976 * 8  11   1   4   6   3   9   0 
8 9 0.578170 0.000976 * 8  11   1   4   7   9   0   0 
10 9 0.208455 0.004709 * 10   3   9 
10 9 0.102251 0.018542 * 10   9   0 
11 9 0.551060 0.004389 * 11   1   4   6   3   9 
11 9 0.459567 0.007759 * 11   1   4   7   9   0 
1 10 0.533534 0.005909 * 1   4   6   3   9  10 
1 10 0.437628 0.005909 * 1   4   6   3  10   0 
1 10 0.442041 0.007110 * 1   4   7   9  10   0 
1 10 0.559611 0.013236 * 1   5   6   3   9  10 
1 10 0.463705 0.013236 * 1   5   6   3  10   0 
2 10 0.590113 0.078917 * 2   5   6   3   9  10 
2 10 0.494206 0.325340 * 2   5   6   3  10   0 
3 10 0.203465 0.005113 * 3   9  10 
3 10 0.107559 0.024298 * 3  10   0 
4 10 0.420015 0.002842 * 4   6   3   9  10 
4 10 0.324109 0.002842 * 4   6   3  10   0 
4 10 0.328522 0.003420 * 4   7   9  10   0 
5 10 0.450233 0.004979 * 5   6   3   9  10 
5 10 0.354326 0.023661 * 5   6   3  10   0 
6 10 0.318781 0.003503 * 6   3   9  10 
6 10 0.222875 0.016646 * 6   3  10   0 
7 10 0.203982 0.124321 * 7   9  10 
8 10 0.695101 0.025114 * 8   2   5   6   3   9  10   0 
8 10 0.599194 0.025114 * 8   2   5   6   3  10   0   0 
8 10 0.771167 0.011651 * 8  11   1   4   6   3   9  10 
8 10 0.675261 0.011651 * 8  11   1   4   6   3  10   0 
8 10 0.679674 0.014021 * 8  11   1   4   7   9  10   0 
8 10 0.797245 0.014913 * 8  11   1   5   6   3   9  10 
8 10 0.701338 0.014913 * 8  11   1   5   6   3  10   0 
9 10 0.101504 0.018047 * 9  10 
11 10 0.652564 0.006974 * 11   1   4   6   3   9  10 
11 10 0.556658 0.006974 * 11   1   4   6   3  10   0 
11 10 0.561071 0.008392 * 11   1   4   7   9  10   0 
11 10 0.678641 0.015622 * 11   1   5   6   3   9  10 
11 10 0.582735 0.015622 * 11   1   5   6   3  10   0 
1 11 0.132420 0.588435 * 1  11 
2 11 0.235500 0.410871 * 2   8  11 
3 11 0.486132 0.093191 * 3   6   4   1  11   0 
3 11 0.465126 0.075316 * 3   6   5   1  11   0 
3 11 0.573842 0.017341 * 3   6   5   2   8  11 
4 11 0.254524 0.091304 * 4   1  11 
5 11 0.240818 0.204277 * 5   1  11   0 
5 11 0.349534 0.024327 * 5   2   8  11 
6 11 0.373079 0.042737 * 6   4   1  11   0 
6 11 0.352073 0.034539 * 6   5   1  11   0 
6 11 0.460789 0.007952 * 6   5   2   8  11 
7 11 0.371089 0.359126 * 7   4   1  11 
8 11 0.118603 0.736870 * 8  11 
9 11 0.588561 0.005579 * 9   3   6   4   1  11   0 
9 11 0.567555 0.005579 * 9   3   6   5   1  11   0 
9 11 0.676271 0.004507 * 9   3   6   5   2   8  11 
9 11 0.474682 0.003341 * 9   7   4   1  11   0   0 
10 11 0.592626 0.044645 * 10   3   6   4   1  11   0   0 
10 11 0.571620 0.044645 * 10   3   6   5   1  11   0   0 
10 11 0.680336 0.017957 * 10   3   6   5   2   8  11   0 
10 11 0.690812 0.022232 * 10   9   3   6   4   1  11   0 
10 11 0.669806 0.022232 * 10   9   3   6   5   1  11   0 
10 11 0.778522 0.017957 * 10   9   3   6   5   2   8  11 
10 11 0.576933 0.013311 * 10   9   7   4   1  11   0   0 
