2  5  1  0 
0.084472
2   8  11   1 
0.010060
3  6  4  1 
0.011795
3  6  5  1 
0.008518
4  1 
0.037245
5  1 
0.104655
6  4  1 
0.012947
6  5  1 
0.009350
7  4  1 
0.104265
8  11   1 
0.063665
9  3  6  4  1 
0.006852
9  3  6  5  1 
0.006852
9  7  4  1  0 
0.004308
10   3   6   4   1   0 
0.015470
10   3   6   5   1   0 
0.015470
10   9   3   6   4   1 
0.009883
10   9   3   6   5   1 
0.009883
10   9   7   4   1   0 
0.006876
11   1 
0.418281
1  5  2  0 
0.038689
1  11   8   2 
0.038689
3  6  5  2 
0.093185
4  1  5  2  0 
0.019047
4   1  11   8   2 
0.019047
4  6  5  2  0 
0.007021
5  2 
0.161621
6  5  2 
0.052247
7  4  1  5  2  0 
0.034305
7   4   1  11   8   2 
0.034305
7  4  6  5  2  0 
0.014013
7  9  3  6  5  2 
0.006045
8  2 
0.027946
9  3  6  5  2 
0.011419
10   3   6   5   2   0 
0.030038
10   9   3   6   5   2 
0.011782
11   8   2 
0.065715
1  4  6  3  0 
0.011293
1  4  7  9  3 
0.007787
1  5  6  3  0 
0.019251
2  5  6  3 
0.245946
4  6  3  0 
0.016490
4  7  9  3 
0.011371
5  6  3 
0.045160
6  3 
0.090392
7  9  3 
0.047301
8  2  5  6  3  0  0 
0.022893
8  11   1   4   6   3   0 
0.012125
8  11   1   4   7   9   3 
0.012125
8  11   1   5   6   3   0 
0.012125
9  3 
0.082425
10   9   3 
0.023869
10   3   0 
0.060851
11   1   4   6   3   0 
0.024273
11   1   4   7   9   3 
0.016738
11   1   5   6   3   0 
0.041380
1  4 
0.023260
2  5  1  4  0 
0.035467
2  5  6  4  0 
0.085916
2   8  11   1   4 
0.003093
3  6  4  0 
0.019404
3  9  7  4 
0.002093
5  1  4 
0.012854
5  6  4 
0.031138
6  4 
0.010317
7  4 
0.280242
8  11   1   4 
0.040073
9  7  4 
0.012833
10   3   6   4   0 
0.013686
10   3   9   7   4 
0.003129
10   9   7   4   0 
0.005247
11   1   4 
0.026258
1  5 
0.078691
2  5 
0.558982
3  6  5 
0.065188
4  1  5 
0.027143
4  6  5 
0.018635
6  5 
0.054346
7  4  1  5  0 
0.044945
7  4  6  5  0 
0.030857
7  9  3  6  5 
0.012805
8  2  5  0 
0.103310
8  11   1   5 
0.032900
9  3  6  5 
0.040763
10   3   6   5   0 
0.058480
10   9   3   6   5 
0.022939
11   1   5 
0.195065
1  4  6 
0.008381
1  5  6 
0.021358
2  5  6 
0.196266
3  6 
0.029383
4  6 
0.018395
5  6 
0.081402
7  4  6  0 
0.019636
7  9  3  6 
0.013540
8  2  5  6  0 
0.030779
8  11   1   4   6 
0.013649
8  11   1   5   6 
0.013649
9  3  6 
0.004427
10   3   6   0 
0.021162
10   9   3   6 
0.008301
11   1   4   6 
0.014717
11   1   5   6 
0.036499
1  4  7 
0.086669
2  5  1  4  7  0 
0.201960
2  5  6  3  9  7 
0.057663
2  5  6  4  7  0 
0.534622
2   8  11   1   4   7 
0.018848
3  9  7 
0.042127
4  7 
0.102838
5  1  4  7  0 
0.055277
5  6  3  9  7 
0.015783
5  6  4  7  0 
0.146328
6  3  9  7 
0.006613
6  4  7  0 
0.061315
8  11   1   4   7 
0.314463
9  7 
0.057392
10   3   9   7 
0.033747
10   9   7   0 
0.132876
11   1   4   7 
0.338993
1  5  2  8 
0.034621
1  11   8   0 
0.128201
2  8 
0.375295
3  6  5  2  8 
0.111725
4  1  5  2  8 
0.032233
4   1  11   8   0 
0.118796
4  6  5  2  8 
0.017342
5  2  8 
0.245816
6  5  2  8 
0.109858
7  4  1  5  2  8 
0.079944
7   4   1  11   8   0 
0.253535
7  4  6  5  2  8 
0.043011
9  3  6  5  2  8  0 
0.003075
9  7  4  1  5  2  8 
0.017942
9   7   4   1  11   8   0 
0.017942
9  7  4  6  5  2  8 
0.011789
10   3   6   5   2   8   0   0 
0.015343
10   9   3   6   5   2   8   0 
0.008991
10   9   7   4   1   5   2   8 
0.041135
10   9   7   4   1  11   8   0 
0.041135
10   9   7   4   6   5   2   8 
0.034469
11   8 
0.345902
1  4  6  3  9 
0.000450
1  4  7  9  0 
0.003112
2  5  1  4  6  3  9 
0.004228
2  5  1  4  7  9  0 
0.021171
2  5  6  3  9  0  0 
0.009430
3  9 
0.083345
4  6  3  9 
0.000763
4  7  9  0 
0.005285
5  1  4  6  3  9 
0.002073
5  1  4  7  9  0 
0.010378
5  6  3  9  0  0 
0.004622
6  3  9 
0.003879
7  9 
0.042159
8  2  5  1  4  6  3  9 
0.003065
8  2  5  1  4  7  9  0 
0.003200
8  2  5  6  3  9  0  0 
0.003200
8  11   1   4   6   3   9   0 
0.000976
8  11   1   4   7   9   0   0 
0.000976
10   3   9 
0.004709
10   9   0 
0.018542
11   1   4   6   3   9 
0.004389
11   1   4   7   9   0 
0.007759
1   4   6   3   9  10 
0.005909
1   4   6   3  10   0 
0.005909
1   4   7   9  10   0 
0.007110
1   5   6   3   9  10 
0.013236
1   5   6   3  10   0 
0.013236
2   5   6   3   9  10 
0.078917
2   5   6   3  10   0 
0.325340
3   9  10 
0.005113
3  10   0 
0.024298
4   6   3   9  10 
0.002842
4   6   3  10   0 
0.002842
4   7   9  10   0 
0.003420
5   6   3   9  10 
0.004979
5   6   3  10   0 
0.023661
6   3   9  10 
0.003503
6   3  10   0 
0.016646
7   9  10 
0.124321
8   2   5   6   3   9  10   0 
0.025114
8   2   5   6   3  10   0   0 
0.025114
8  11   1   4   6   3   9  10 
0.011651
8  11   1   4   6   3  10   0 
0.011651
8  11   1   4   7   9  10   0 
0.014021
8  11   1   5   6   3   9  10 
0.014913
8  11   1   5   6   3  10   0 
0.014913
9  10 
0.018047
11   1   4   6   3   9  10 
0.006974
11   1   4   6   3  10   0 
0.006974
11   1   4   7   9  10   0 
0.008392
11   1   5   6   3   9  10 
0.015622
11   1   5   6   3  10   0 
0.015622
1  11 
0.588435
2   8  11 
0.410871
3   6   4   1  11   0 
0.093191
3   6   5   1  11   0 
0.075316
3   6   5   2   8  11 
0.017341
4   1  11 
0.091304
5   1  11   0 
0.204277
5   2   8  11 
0.024327
6   4   1  11   0 
0.042737
6   5   1  11   0 
0.034539
6   5   2   8  11 
0.007952
7   4   1  11 
0.359126
8  11 
0.736870
9   3   6   4   1  11   0 
0.005579
9   3   6   5   1  11   0 
0.005579
9   3   6   5   2   8  11 
0.004507
9   7   4   1  11   0   0 
0.003341
10   3   6   4   1  11   0   0 
0.044645
10   3   6   5   1  11   0   0 
0.044645
10   3   6   5   2   8  11   0 
0.017957
10   9   3   6   4   1  11   0 
0.022232
10   9   3   6   5   1  11   0 
0.022232
10   9   3   6   5   2   8  11 
0.017957
10   9   7   4   1  11   0   0 
0.013311
