2  5  1 
0.070323
3  6  4  1 
0.006317
3  6  5  1 
0.006317
4  1 
0.007743
5  1 
0.088736
6  4  1 
0.007657
6  5  1 
0.007657
7  4  1 
0.104826
8  11   1 
0.079493
9  7  4  1 
0.033882
10   3   6   4   1 
0.014591
10   3   6   5   1 
0.014591
10   9   7   4   1 
0.014591
11   1 
0.681263
1  5  2 
0.064184
3  6  5  2 
0.068910
4  1  5  2 
0.049647
4  6  5  2 
0.049647
5  2 
0.088236
6  5  2 
0.033466
7  4  1  5  2 
0.223939
7  4  6  5  2 
0.223939
8  2 
0.025589
9  3  6  5  2 
0.007792
10   3   6   5   2 
0.040814
11   8   2 
0.049087
1  4  6  3 
0.017098
1  5  6  3 
0.017098
2  5  6  3 
0.251991
4  6  3 
0.023661
5  6  3 
0.025444
6  3 
0.024683
7  9  3 
0.028594
8  2  5  6  3 
0.065344
9  3 
0.045051
10   3 
0.059066
11   1   4   6   3 
0.019926
11   1   5   6   3 
0.019926
1  4 
0.025912
2  5  1  4 
0.077855
2  5  6  4 
0.077855
3  6  4 
0.008589
5  1  4 
0.026259
5  6  4 
0.026259
6  4 
0.008143
7  4 
0.498875
8  11   1   4 
0.029477
9  7  4 
0.006377
10   3   6   4 
0.005006
10   9   7   4 
0.005006
11   1   4 
0.019698
1  5 
0.053746
2  5 
0.607941
3  6  5 
0.033599
4  1  5 
0.012960
4  6  5 
0.012960
6  5 
0.049022
7  4  1  5 
0.040749
7  4  6  5 
0.040749
8  2  5 
0.123261
9  3  6  5 
0.034236
10   3   6   5 
0.040733
11   1   5 
0.124664
1  4  6 
0.020373
1  5  6 
0.020373
2  5  6 
0.218542
3  6 
0.017555
4  6 
0.017055
5  6 
0.051467
7  4  6 
0.025712
8  2  5  6 
0.040749
9  3  6 
0.003417
10   3   6 
0.026033
11   1   4   6 
0.038894
11   1   5   6 
0.038894
1  4  7 
0.110238
2  5  1  4  7 
0.367940
2  5  6  4  7 
0.367940
3  9  7 
0.017617
4  7 
0.044159
5  1  4  7 
0.085663
5  6  4  7 
0.085663
6  4  7 
0.033630
8  11   1   4   7 
0.264299
9  7 
0.023086
10   9   7 
0.139122
11   1   4   7 
0.285223
1  11   8 
0.202384
2  8 
0.303454
3  6  5  2  8 
0.085489
4   1  11   8 
0.190817
5  2  8 
0.289625
6  5  2  8 
0.091717
7   4   1  11   8 
0.248516
9  3  6  5  2  8 
0.012363
9   7   4   1  11   8 
0.012363
10   3   6   5   2   8 
0.118085
11   8 
0.289215
1  4  7  9 
0.004592
2  5  6  3  9 
0.043937
3  9 
0.026412
4  7  9 
0.003145
5  6  3  9 
0.025125
6  3  9 
0.001999
7  9 
0.033993
8  2  5  6  3  9 
0.013902
8  11   1   4   7   9 
0.013902
10   9 
0.011400
11   1   4   7   9 
0.006948
1   4   6   3  10 
0.022933
1   4   7   9  10 
0.022933
1   5   6   3  10 
0.039882
2   5   6   3  10 
0.461766
3  10 
0.018306
4   6   3  10 
0.004855
4   7   9  10 
0.004855
5   6   3  10 
0.064760
6   3  10 
0.014817
7   9  10 
0.101070
8   2   5   6   3  10 
0.115470
9  10 
0.014065
11   1   4   6   3  10 
0.013766
11   1   4   7   9  10 
0.013766
11   1   5   6   3  10 
0.016163
1  11 
0.554869
2   8  11 
0.360009
3   6   4   1  11 
0.081396
3   6   5   1  11 
0.081396
4   1  11 
0.120362
5   1  11 
0.262951
6   4   1  11 
0.026271
6   5   1  11 
0.026271
7   4   1  11 
0.344195
8  11 
0.648487
9   7   4   1  11 
0.016439
10   3   6   4   1  11 
0.051085
10   3   6   5   1  11 
0.051085
10   9   7   4   1  11 
0.051085
