2 1 2 0.111633 * 2  5  1 
3 1 3 0.012589 * 3  6  4  1 
3 1 3 0.012589 * 3  6  5  1 
4 1 1 0.070906 * 4  1 
5 1 1 0.131311 * 5  1 
6 1 2 0.017437 * 6  4  1 
6 1 2 0.017437 * 6  5  1 
7 1 2 0.102813 * 7  4  1 
8 1 2 0.104489 * 8  11   1 
9 1 3 0.020035 * 9  7  4  1 
10 1 4 0.016481 * 10   3   6   4   1 
10 1 4 0.016481 * 10   3   6   5   1 
10 1 4 0.016481 * 10   9   7   4   1 
11 1 1 0.341889 * 11   1 
1 2 2 0.114500 * 1  5  2 
3 2 3 0.087642 * 3  6  5  2 
4 2 3 0.020919 * 4  1  5  2 
4 2 3 0.020919 * 4  6  5  2 
5 2 1 0.204613 * 5  2 
6 2 2 0.056144 * 6  5  2 
7 2 4 0.070799 * 7  4  1  5  2 
7 2 4 0.070799 * 7  4  6  5  2 
8 2 1 0.042155 * 8  2 
9 2 4 0.011295 * 9  3  6  5  2 
10 2 4 0.034667 * 10   3   6   5   2 
11 2 2 0.079627 * 11   8   2 
1 3 3 0.012088 * 1  4  6  3 
1 3 3 0.012088 * 1  5  6  3 
2 3 3 0.211136 * 2  5  6  3 
4 3 2 0.034132 * 4  6  3 
5 3 2 0.044806 * 5  6  3 
6 3 1 0.083499 * 6  3 
7 3 2 0.133820 * 7  9  3 
8 3 4 0.062242 * 8  2  5  6  3 
9 3 1 0.072480 * 9  3 
10 3 1 0.094604 * 10   3 
11 3 4 0.046104 * 11   1   4   6   3 
11 3 4 0.046104 * 11   1   5   6   3 
1 4 1 0.026559 * 1  4 
2 4 3 0.062189 * 2  5  1  4 
2 4 3 0.062189 * 2  5  6  4 
3 4 2 0.016171 * 3  6  4 
5 4 2 0.027866 * 5  1  4 
5 4 2 0.027866 * 5  6  4 
6 4 1 0.023320 * 6  4 
7 4 1 0.285434 * 7  4 
8 4 3 0.022520 * 8  11   1   4 
9 4 2 0.015600 * 9  7  4 
10 4 3 0.013629 * 10   3   6   4 
10 4 3 0.013629 * 10   9   7   4 
11 4 2 0.040110 * 11   1   4 
1 5 1 0.107602 * 1  5 
2 5 1 0.573157 * 2  5 
3 5 2 0.050882 * 3  6  5 
4 5 2 0.023781 * 4  1  5 
4 5 2 0.023781 * 4  6  5 
6 5 1 0.072430 * 6  5 
7 5 3 0.057025 * 7  4  1  5 
7 5 3 0.057025 * 7  4  6  5 
8 5 2 0.148402 * 8  2  5 
9 5 3 0.043195 * 9  3  6  5 
10 5 3 0.069895 * 10   3   6   5 
11 5 2 0.217284 * 11   1   5 
1 6 2 0.021363 * 1  4  6 
1 6 2 0.021363 * 1  5  6 
2 6 2 0.212816 * 2  5  6 
3 6 1 0.062797 * 3  6 
4 6 1 0.024978 * 4  6 
5 6 1 0.072220 * 5  6 
7 6 2 0.058165 * 7  4  6 
8 6 3 0.049508 * 8  2  5  6 
9 6 2 0.006207 * 9  3  6 
10 6 2 0.021455 * 10   3   6 
11 6 3 0.032203 * 11   1   4   6 
11 6 3 0.032203 * 11   1   5   6 
1 7 2 0.101423 * 1  4  7 
2 7 4 0.312916 * 2  5  1  4  7 
2 7 4 0.312916 * 2  5  6  4  7 
3 7 2 0.062015 * 3  9  7 
4 7 1 0.064983 * 4  7 
5 7 3 0.137067 * 5  1  4  7 
5 7 3 0.137067 * 5  6  4  7 
6 7 2 0.067184 * 6  4  7 
8 7 4 0.298552 * 8  11   1   4   7 
9 7 1 0.020228 * 9  7 
10 7 2 0.181695 * 10   9   7 
11 7 3 0.373854 * 11   1   4   7 
1 8 2 0.179330 * 1  11   8 
2 8 1 0.357166 * 2  8 
3 8 4 0.110332 * 3  6  5  2  8 
4 8 3 0.221596 * 4   1  11   8 
5 8 2 0.360920 * 5  2  8 
6 8 3 0.166834 * 6  5  2  8 
7 8 4 0.404167 * 7   4   1  11   8 
9 8 5 0.019638 * 9  3  6  5  2  8 
9 8 5 0.019638 * 9   7   4   1  11   8 
10 8 5 0.143662 * 10   3   6   5   2   8 
11 8 1 0.411000 * 11   8 
1 9 3 0.004970 * 1  4  7  9 
2 9 4 0.034813 * 2  5  6  3  9 
3 9 1 0.062968 * 3  9 
4 9 2 0.007561 * 4  7  9 
5 9 3 0.028938 * 5  6  3  9 
6 9 2 0.007234 * 6  3  9 
7 9 1 0.012859 * 7  9 
8 9 5 0.014807 * 8  2  5  6  3  9 
8 9 5 0.014807 * 8  11   1   4   7   9 
10 9 1 0.019135 * 10   9 
11 9 4 0.015884 * 11   1   4   7   9 
1 10 4 0.024669 * 1   4   6   3  10 
1 10 4 0.024669 * 1   4   7   9  10 
1 10 4 0.039739 * 1   5   6   3  10 
2 10 4 0.257751 * 2   5   6   3  10 
3 10 1 0.029431 * 3  10 
4 10 3 0.008260 * 4   6   3  10 
4 10 3 0.008260 * 4   7   9  10 
5 10 3 0.049048 * 5   6   3  10 
6 10 2 0.021827 * 6   3  10 
7 10 2 0.132113 * 7   9  10 
8 10 5 0.091602 * 8   2   5   6   3  10 
9 10 1 0.032477 * 9  10 
11 10 5 0.015272 * 11   1   4   6   3  10 
11 10 5 0.015272 * 11   1   4   7   9  10 
11 10 5 0.017160 * 11   1   5   6   3  10 
1 11 1 0.498978 * 1  11 
2 11 2 0.436733 * 2   8  11 
3 11 4 0.111213 * 3   6   4   1  11 
3 11 4 0.111213 * 3   6   5   1  11 
4 11 2 0.078287 * 4   1  11 
5 11 2 0.284744 * 5   1  11 
6 11 3 0.047344 * 6   4   1  11 
6 11 3 0.047344 * 6   5   1  11 
7 11 3 0.403183 * 7   4   1  11 
8 11 1 0.924101 * 8  11 
9 11 4 0.021343 * 9   7   4   1  11 
10 11 5 0.065496 * 10   3   6   4   1  11 
10 11 5 0.065496 * 10   3   6   5   1  11 
10 11 5 0.065496 * 10   9   7   4   1  11 
