2  5  1  0 
0.100155
2   8  11   1 
0.011478
3  6  4  1 
0.014673
3  6  5  1 
0.010506
4  1 
0.070906
5  1 
0.131311
6  4  1 
0.020323
6  5  1 
0.014551
7  4  1 
0.102813
8  11   1 
0.104489
9  3  6  4  1 
0.007398
9  3  6  5  1 
0.007398
9  7  4  1  0 
0.005239
10   3   6   4   1   0 
0.013409
10   3   6   5   1   0 
0.013409
10   9   3   6   4   1 
0.007888
10   9   3   6   5   1 
0.007888
10   9   7   4   1   0 
0.006848
11   1 
0.341889
1  5  2  0 
0.057250
1  11   8   2 
0.057250
3  6  5  2 
0.087642
4  1  5  2  0 
0.017962
4   1  11   8   2 
0.017962
4  6  5  2  0 
0.005914
5  2 
0.204613
6  5  2 
0.056144
7  4  1  5  2  0 
0.057441
7   4   1  11   8   2 
0.057441
7  4  6  5  2  0 
0.018912
7  9  3  6  5  2 
0.007803
8  2 
0.042155
9  3  6  5  2 
0.011295
10   3   6   5   2   0 
0.025786
10   9   3   6   5   2 
0.008880
11   8   2 
0.079627
1  4  6  3  0 
0.007190
1  4  7  9  3 
0.004293
1  5  6  3  0 
0.012692
2  5  6  3 
0.211136
4  6  3  0 
0.022014
4  7  9  3 
0.012119
5  6  3 
0.044806
6  3 
0.083499
7  9  3 
0.133820
8  2  5  6  3  0  0 
0.023464
8  11   1   4   6   3   0 
0.012926
8  11   1   4   7   9   3 
0.012926
8  11   1   5   6   3   0 
0.012926
9  3 
0.072480
10   9   3 
0.024234
10   3   0 
0.070369
11   1   4   6   3   0 
0.027425
11   1   4   7   9   3 
0.016373
11   1   5   6   3   0 
0.048410
1  4 
0.026559
2  5  1  4  0 
0.036625
2  5  6  4  0 
0.084885
2   8  11   1   4 
0.002868
3  6  4  0 
0.014441
3  9  7  4 
0.001730
5  1  4 
0.016433
5  6  4 
0.039298
6  4 
0.023320
7  4 
0.285434
8  11   1   4 
0.022520
9  7  4 
0.015600
10   3   6   4   0 
0.017385
10   3   9   7   4 
0.003376
10   9   7   4   0 
0.006497
11   1   4 
0.040110
1  5 
0.107602
2  5 
0.573157
3  6  5 
0.050882
4  1  5 
0.029259
4  6  5 
0.018304
6  5 
0.072430
7  4  1  5  0 
0.061504
7  4  6  5  0 
0.038475
7  9  3  6  5 
0.014070
8  2  5  0 
0.109793
8  11   1   5 
0.038609
9  3  6  5 
0.043195
10   3   6   5   0 
0.051990
10   9   3   6   5 
0.017905
11   1   5 
0.217284
1  4  6 
0.011433
1  5  6 
0.031292
2  5  6 
0.212816
3  6 
0.062797
4  6 
0.024978
5  6 
0.072220
7  4  6  0 
0.037513
7  9  3  6 
0.020652
8  2  5  6  0 
0.025256
8  11   1   4   6 
0.012126
8  11   1   5   6 
0.012126
9  3  6 
0.006207
10   3   6   0 
0.015959
10   9   3   6 
0.005496
11   1   4   6 
0.018718
11   1   5   6 
0.045688
1  4  7 
0.101423
2  5  1  4  7  0 
0.159284
2  5  6  3  9  7 
0.050423
2  5  6  4  7  0 
0.403550
2   8  11   1   4   7 
0.012574
3  9  7 
0.062015
4  7 
0.064983
5  1  4  7  0 
0.069255
5  6  3  9  7 
0.021924
5  6  4  7  0 
0.182956
6  3  9  7 
0.007189
6  4  7  0 
0.059995
8  11   1   4   7 
0.298552
9  7 
0.020228
10   3   9   7 
0.040445
10   9   7   0 
0.141250
11   1   4   7 
0.373854
1  5  2  8 
0.033927
1  11   8   0 
0.145403
2  8 
0.357166
3  6  5  2  8 
0.110332
4  1  5  2  8 
0.039093
4   1  11   8   0 
0.163190
4  6  5  2  8 
0.019314
5  2  8 
0.360920
6  5  2  8 
0.166834
7  4  1  5  2  8 
0.084390
7   4   1  11   8   0 
0.278084
7  4  6  5  2  8 
0.041693
9  3  6  5  2  8  0 
0.001978
9  7  4  1  5  2  8 
0.014209
9   7   4   1  11   8   0 
0.014209
9  7  4  6  5  2  8 
0.008880
10   3   6   5   2   8   0   0 
0.015569
10   9   3   6   5   2   8   0 
0.007348
10   9   7   4   1   5   2   8 
0.043878
10   9   7   4   1  11   8   0 
0.043878
10   9   7   4   6   5   2   8 
0.032988
11   8 
0.411000
1  4  6  3  9 
0.000755
1  4  7  9  0 
0.004215
2  5  1  4  6  3  9 
0.004762
2  5  1  4  7  9  0 
0.019012
2  5  6  3  9  0  0 
0.011040
3  9 
0.062968
4  6  3  9 
0.001149
4  7  9  0 
0.006412
5  1  4  6  3  9 
0.003958
5  1  4  7  9  0 
0.015803
5  6  3  9  0  0 
0.009177
6  3  9 
0.007234
7  9 
0.012859
8  2  5  1  4  6  3  9 
0.005557
8  2  5  1  4  7  9  0 
0.009177
8  2  5  6  3  9  0  0 
0.009177
8  11   1   4   6   3   9   0 
0.002852
8  11   1   4   7   9   0   0 
0.002852
10   3   9 
0.004259
10   9   0 
0.014876
11   1   4   6   3   9 
0.005940
11   1   4   7   9   0 
0.009944
1   4   6   3   9  10 
0.011484
1   4   6   3  10   0 
0.011484
1   4   7   9  10   0 
0.014271
1   5   6   3   9  10 
0.025919
1   5   6   3  10   0 
0.025919
2   5   6   3   9  10 
0.072441
2   5   6   3  10   0 
0.185309
3   9  10 
0.006551
3  10   0 
0.022880
4   6   3   9  10 
0.005095
4   6   3  10   0 
0.005095
4   7   9  10   0 
0.006331
5   6   3   9  10 
0.010918
5   6   3  10   0 
0.038130
6   3   9  10 
0.004859
6   3  10   0 
0.016968
7   9  10 
0.132113
8   2   5   6   3   9  10   0 
0.017619
8   2   5   6   3  10   0   0 
0.017619
8  11   1   4   6   3   9  10 
0.011273
8  11   1   4   6   3  10   0 
0.011273
8  11   1   4   7   9  10   0 
0.011273
8  11   1   5   6   3   9  10 
0.011273
8  11   1   5   6   3  10   0 
0.011273
9  10 
0.032477
11   1   4   6   3   9  10 
0.006612
11   1   4   6   3  10   0 
0.006612
11   1   4   7   9  10   0 
0.008216
11   1   5   6   3   9  10 
0.013132
11   1   5   6   3  10   0 
0.013132
1  11 
0.498978
2   8  11 
0.436733
3   6   4   1  11   0 
0.112002
3   6   5   1  11   0 
0.089380
3   6   5   2   8  11 
0.021044
4   1  11 
0.078287
5   1  11   0 
0.255468
5   2   8  11 
0.029277
6   4   1  11   0 
0.047680
6   5   1  11   0 
0.038050
6   5   2   8  11 
0.008959
7   4   1  11 
0.403183
8  11 
0.924101
9   3   6   4   1  11   0 
0.005912
9   3   6   5   1  11   0 
0.005912
9   3   6   5   2   8  11 
0.005522
9   7   4   1  11   0   0 
0.003996
10   3   6   4   1  11   0   0 
0.048764
10   3   6   5   1  11   0   0 
0.048764
10   3   6   5   2   8  11   0 
0.020342
10   9   3   6   4   1  11   0 
0.021779
10   9   3   6   5   1  11   0 
0.021779
10   9   3   6   5   2   8  11 
0.020342
10   9   7   4   1  11   0   0 
0.014719
