2 1 2 0.083338 * 2  5  1 
3 1 3 0.005972 * 3  6  4  1 
3 1 3 0.005972 * 3  6  5  1 
4 1 1 0.010255 * 4  1 
5 1 1 0.090908 * 5  1 
6 1 2 0.010541 * 6  4  1 
6 1 2 0.010541 * 6  5  1 
7 1 2 0.090925 * 7  4  1 
8 1 2 0.069361 * 8  11   1 
9 1 3 0.027572 * 9  7  4  1 
10 1 4 0.014849 * 10   3   6   4   1 
10 1 4 0.014849 * 10   3   6   5   1 
10 1 4 0.014849 * 10   9   7   4   1 
11 1 1 0.492998 * 11   1 
1 2 2 0.080749 * 1  5  2 
3 2 3 0.046530 * 3  6  5  2 
4 2 3 0.025502 * 4  1  5  2 
4 2 3 0.025502 * 4  6  5  2 
5 2 1 0.129014 * 5  2 
6 2 2 0.045862 * 6  5  2 
7 2 4 0.228045 * 7  4  1  5  2 
7 2 4 0.228045 * 7  4  6  5  2 
8 2 1 0.031808 * 8  2 
9 2 4 0.006737 * 9  3  6  5  2 
10 2 4 0.042506 * 10   3   6   5   2 
11 2 2 0.049421 * 11   8   2 
1 3 3 0.020161 * 1  4  6  3 
1 3 3 0.020161 * 1  5  6  3 
2 3 3 0.265853 * 2  5  6  3 
4 3 2 0.031960 * 4  6  3 
5 3 2 0.030317 * 5  6  3 
6 3 1 0.069531 * 6  3 
7 3 2 0.023796 * 7  9  3 
8 3 4 0.070561 * 8  2  5  6  3 
9 3 1 0.054031 * 9  3 
10 3 1 0.074253 * 10   3 
11 3 4 0.038345 * 11   1   4   6   3 
11 3 4 0.038345 * 11   1   5   6   3 
1 4 1 0.029343 * 1  4 
2 4 3 0.077188 * 2  5  1  4 
2 4 3 0.077188 * 2  5  6  4 
3 4 2 0.008661 * 3  6  4 
5 4 2 0.022894 * 5  1  4 
5 4 2 0.022894 * 5  6  4 
6 4 1 0.017916 * 6  4 
7 4 1 0.306204 * 7  4 
8 4 3 0.027140 * 8  11   1   4 
9 4 2 0.008982 * 9  7  4 
10 4 3 0.005755 * 10   3   6   4 
10 4 3 0.005755 * 10   9   7   4 
11 4 2 0.024363 * 11   1   4 
1 5 1 0.060945 * 1  5 
2 5 1 0.676412 * 2  5 
3 5 2 0.054644 * 3  6  5 
4 5 2 0.019439 * 4  1  5 
4 5 2 0.019439 * 4  6  5 
6 5 1 0.046184 * 6  5 
7 5 3 0.047824 * 7  4  1  5 
7 5 3 0.047824 * 7  4  6  5 
8 5 2 0.163829 * 8  2  5 
9 5 3 0.022876 * 9  3  6  5 
10 5 3 0.045279 * 10   3   6   5 
11 5 2 0.138605 * 11   1   5 
1 6 2 0.017475 * 1  4  6 
1 6 2 0.017475 * 1  5  6 
2 6 2 0.223707 * 2  5  6 
3 6 1 0.016891 * 3  6 
4 6 1 0.016732 * 4  6 
5 6 1 0.050920 * 5  6 
7 6 2 0.020145 * 7  4  6 
8 6 3 0.039880 * 8  2  5  6 
9 6 2 0.003142 * 9  3  6 
10 6 2 0.025969 * 10   3   6 
11 6 3 0.044022 * 11   1   4   6 
11 6 3 0.044022 * 11   1   5   6 
1 7 2 0.093266 * 1  4  7 
2 7 4 0.367987 * 2  5  1  4  7 
2 7 4 0.367987 * 2  5  6  4  7 
3 7 2 0.017435 * 3  9  7 
4 7 1 0.092225 * 4  7 
5 7 3 0.093857 * 5  1  4  7 
5 7 3 0.093857 * 5  6  4  7 
6 7 2 0.030828 * 6  4  7 
8 7 4 0.259020 * 8  11   1   4   7 
9 7 1 0.021015 * 9  7 
10 7 2 0.121488 * 10   9   7 
11 7 3 0.288924 * 11   1   4   7 
1 8 2 0.233094 * 1  11   8 
2 8 1 0.325442 * 2  8 
3 8 4 0.087110 * 3  6  5  2  8 
4 8 3 0.187855 * 4   1  11   8 
5 8 2 0.350878 * 5  2  8 
6 8 3 0.097463 * 6  5  2  8 
7 8 4 0.250636 * 7   4   1  11   8 
9 8 5 0.013274 * 9  3  6  5  2  8 
9 8 5 0.013274 * 9   7   4   1  11   8 
10 8 5 0.117117 * 10   3   6   5   2   8 
11 8 1 0.353961 * 11   8 
1 9 3 0.004707 * 1  4  7  9 
2 9 4 0.038150 * 2  5  6  3  9 
3 9 1 0.050349 * 3  9 
4 9 2 0.003146 * 4  7  9 
5 9 3 0.015108 * 5  6  3  9 
6 9 2 0.002203 * 6  3  9 
7 9 1 0.032411 * 7  9 
8 9 5 0.008535 * 8  2  5  6  3  9 
8 9 5 0.008535 * 8  11   1   4   7   9 
10 9 1 0.012693 * 10   9 
11 9 4 0.008509 * 11   1   4   7   9 
1 10 4 0.024293 * 1   4   6   3  10 
1 10 4 0.024293 * 1   4   7   9  10 
1 10 4 0.043340 * 1   5   6   3  10 
2 10 4 0.479096 * 2   5   6   3  10 
3 10 1 0.016842 * 3  10 
4 10 3 0.005280 * 4   6   3  10 
4 10 3 0.005280 * 4   7   9  10 
5 10 3 0.050568 * 5   6   3  10 
6 10 2 0.017549 * 6   3  10 
7 10 2 0.097612 * 7   9  10 
8 10 5 0.116695 * 8   2   5   6   3  10 
9 10 1 0.014181 * 9  10 
11 10 5 0.022388 * 11   1   4   6   3  10 
11 10 5 0.022388 * 11   1   4   7   9  10 
11 10 5 0.037801 * 11   1   5   6   3  10 
1 11 1 0.480107 * 1  11 
2 11 2 0.320269 * 2   8  11 
3 11 4 0.085748 * 3   6   4   1  11 
3 11 4 0.085748 * 3   6   5   1  11 
4 11 2 0.088096 * 4   1  11 
5 11 2 0.282457 * 5   1  11 
6 11 3 0.042523 * 6   4   1  11 
6 11 3 0.042523 * 6   5   1  11 
7 11 3 0.318766 * 7   4   1  11 
8 11 1 0.619827 * 8  11 
9 11 4 0.014232 * 9   7   4   1  11 
10 11 5 0.054588 * 10   3   6   4   1  11 
10 11 5 0.054588 * 10   3   6   5   1  11 
10 11 5 0.054588 * 10   9   7   4   1  11 
