2  5  1 
0.106205
3  6  4  1 
0.015642
3  6  5  1 
0.015642
4  1 
0.059815
5  1 
0.099720
6  4  1 
0.014279
6  5  1 
0.014279
7  4  1 
0.106578
8  11   1 
0.080430
9  7  4  1 
0.020795
10   3   6   4   1 
0.015030
10   3   6   5   1 
0.015030
10   9   7   4   1 
0.015030
11   1 
0.410000
1  5  2 
0.117527
3  6  5  2 
0.084038
4  1  5  2 
0.020370
4  6  5  2 
0.020370
5  2 
0.157827
6  5  2 
0.059278
7  4  1  5  2 
0.074726
7  4  6  5  2 
0.074726
8  2 
0.034671
9  3  6  5  2 
0.011567
10   3   6   5   2 
0.041183
11   8   2 
0.093390
1  4  6  3 
0.018712
1  5  6  3 
0.018712
2  5  6  3 
0.229488
4  6  3 
0.029880
5  6  3 
0.047617
6  3 
0.057830
7  9  3 
0.122237
8  2  5  6  3 
0.040529
9  3 
0.087798
10   3 
0.096161
11   1   4   6   3 
0.042254
11   1   5   6   3 
0.042254
1  4 
0.029138
2  5  1  4 
0.072635
2  5  6  4 
0.072635
3  6  4 
0.014943
5  1  4 
0.020227
5  6  4 
0.020227
6  4 
0.022776
7  4 
0.269103
8  11   1   4 
0.033981
9  7  4 
0.017785
10   3   6   4 
0.015792
10   9   7   4 
0.015792
11   1   4 
0.029592
1  5 
0.072979
2  5 
0.559805
3  6  5 
0.050431
4  1  5 
0.019087
4  6  5 
0.019087
6  5 
0.062131
7  4  1  5 
0.049002
7  4  6  5 
0.049002
8  2  5 
0.114637
9  3  6  5 
0.033566
10   3   6   5 
0.052936
11   1   5 
0.186753
1  4  6 
0.011536
1  5  6 
0.011536
2  5  6 
0.203283
3  6 
0.050313
4  6 
0.021171
5  6 
0.060577
7  4  6 
0.063995
8  2  5  6 
0.067720
9  3  6 
0.005600
10   3   6 
0.024681
11   1   4   6 
0.031369
11   1   5   6 
0.031369
1  4  7 
0.078574
2  5  1  4  7 
0.337186
2  5  6  4  7 
0.337186
3  9  7 
0.044834
4  7 
0.114051
5  1  4  7 
0.141581
5  6  4  7 
0.141581
6  4  7 
0.080477
8  11   1   4   7 
0.313819
9  7 
0.031936
10   9   7 
0.177599
11   1   4   7 
0.340009
1  11   8 
0.169049
2  8 
0.371637
3  6  5  2  8 
0.118251
4   1  11   8 
0.199221
5  2  8 
0.288150
6  5  2  8 
0.151356
7   4   1  11   8 
0.431216
9  3  6  5  2  8 
0.025984
9   7   4   1  11   8 
0.025984
10   3   6   5   2   8 
0.149733
11   8 
0.370384
1  4  7  9 
0.004371
2  5  6  3  9 
0.034911
3  9 
0.049911
4  7  9 
0.007582
5  6  3  9 
0.013776
6  3  9 
0.004065
7  9 
0.061043
8  2  5  6  3  9 
0.006622
8  11   1   4   7   9 
0.006622
10   9 
0.014566
11   1   4   7   9 
0.016300
1   4   6   3  10 
0.023094
1   4   7   9  10 
0.023094
1   5   6   3  10 
0.038670
2   5   6   3  10 
0.332285
3  10 
0.033131
4   6   3  10 
0.006573
4   7   9  10 
0.006573
5   6   3  10 
0.040098
6   3  10 
0.024275
7   9  10 
0.127060
8   2   5   6   3  10 
0.084731
9  10 
0.027112
11   1   4   6   3  10 
0.015510
11   1   4   7   9  10 
0.015510
11   1   5   6   3  10 
0.019347
1  11 
0.547000
2   8  11 
0.402896
3   6   4   1  11 
0.108405
3   6   5   1  11 
0.108405
4   1  11 
0.182258
5   1  11 
0.232488
6   4   1  11 
0.041827
6   5   1  11 
0.041827
7   4   1  11 
0.393195
8  11 
0.842632
9   7   4   1  11 
0.032090
10   3   6   4   1  11 
0.066584
10   3   6   5   1  11 
0.066584
10   9   7   4   1  11 
0.066584
