2 1 0.252228 0.074237 * 2  5  1  0 
2 1 0.348994 0.009101 * 2   8  11   1 
3 1 0.349997 0.006696 * 3  6  4  1 
3 1 0.327604 0.005248 * 3  6  5  1 
4 1 0.123044 0.010255 * 4  1 
5 1 0.108349 0.090908 * 5  1 
6 1 0.240040 0.011819 * 6  4  1 
6 1 0.217647 0.009263 * 6  5  1 
7 1 0.241977 0.090925 * 7  4  1 
8 1 0.233722 0.069361 * 8  11   1 
9 1 0.451388 0.009207 * 9  3  6  4  1 
9 1 0.428995 0.009207 * 9  3  6  5  1 
9 1 0.344136 0.009158 * 9  7  4  1  0 
10 1 0.455526 0.011235 * 10   3   6   4   1   0 
10 1 0.433133 0.011235 * 10   3   6   5   1   0 
10 1 0.552751 0.007359 * 10   9   3   6   4   1 
10 1 0.530358 0.007359 * 10   9   3   6   5   1 
10 1 0.445499 0.007359 * 10   9   7   4   1   0 
11 1 0.118641 0.492998 * 11   1 
1 2 0.231721 0.040375 * 1  5  2  0 
1 2 0.346488 0.040375 * 1  11   8   2 
3 2 0.337426 0.046530 * 3  6  5  2 
4 2 0.354765 0.020895 * 4  1  5  2  0 
4 2 0.469533 0.020895 * 4   1  11   8   2 
4 2 0.328997 0.009213 * 4  6  5  2  0 
5 2 0.118170 0.129014 * 5  2 
6 2 0.227468 0.045862 * 6  5  2 
7 2 0.473698 0.170257 * 7  4  1  5  2  0 
7 2 0.588466 0.170257 * 7   4   1  11   8   2 
7 2 0.447930 0.075069 * 7  4  6  5  2  0 
7 2 0.540893 0.040507 * 7  9  3  6  5  2 
8 2 0.104984 0.031808 * 8  2 
9 2 0.438816 0.006737 * 9  3  6  5  2 
10 2 0.442954 0.031999 * 10   3   6   5   2   0 
10 2 0.540180 0.010508 * 10   9   3   6   5   2 
11 2 0.217029 0.049421 * 11   8   2 
1 3 0.330662 0.010685 * 1  4  6  3  0 
1 3 0.437236 0.006910 * 1  4  7  9  3 
1 3 0.363675 0.022728 * 1  5  6  3  0 
2 3 0.394003 0.265853 * 2  5  6  3 
4 3 0.218436 0.019879 * 4  6  3  0 
4 3 0.325010 0.012081 * 4  7  9  3 
5 3 0.250124 0.030317 * 5  6  3 
6 3 0.116908 0.069531 * 6  3 
7 3 0.203467 0.023796 * 7  9  3 
8 3 0.498987 0.028126 * 8  2  5  6  3  0  0 
8 3 0.564384 0.014145 * 8  11   1   4   6   3   0 
8 3 0.670958 0.014145 * 8  11   1   4   7   9   3 
8 3 0.597396 0.014145 * 8  11   1   5   6   3   0 
9 3 0.101391 0.054031 * 9  3 
10 3 0.202754 0.018355 * 10   9   3 
10 3 0.105529 0.055897 * 10   3   0 
11 3 0.449303 0.020322 * 11   1   4   6   3   0 
11 3 0.555877 0.013141 * 11   1   4   7   9   3 
11 3 0.482315 0.043225 * 11   1   5   6   3   0 
1 4 0.112226 0.029343 * 1  4 
2 4 0.364454 0.044729 * 2  5  1  4  0 
2 4 0.394091 0.105453 * 2  5  6  4  0 
2 4 0.461220 0.004194 * 2   8  11   1   4 
3 4 0.226953 0.007755 * 3  6  4  0 
3 4 0.322368 0.000906 * 3  9  7  4 
5 4 0.220575 0.013637 * 5  1  4 
5 4 0.250212 0.032151 * 5  6  4 
6 4 0.116996 0.017916 * 6  4 
7 4 0.118933 0.306204 * 7  4 
8 4 0.345948 0.027140 * 8  11   1   4 
9 4 0.221091 0.008982 * 9  7  4 
10 4 0.332482 0.006592 * 10   3   6   4   0 
10 4 0.427897 0.001479 * 10   3   9   7   4 
10 4 0.322455 0.003439 * 10   9   7   4   0 
11 4 0.230867 0.024363 * 11   1   4 
1 5 0.113551 0.060945 * 1  5 
2 5 0.143879 0.676412 * 2  5 
3 5 0.219255 0.054644 * 3  6  5 
4 5 0.236595 0.025240 * 4  1  5 
4 5 0.210827 0.013638 * 4  6  5 
6 5 0.109298 0.046184 * 6  5 
7 5 0.355528 0.054338 * 7  4  1  5  0 
7 5 0.329760 0.029360 * 7  4  6  5  0 
7 5 0.422723 0.011950 * 7  9  3  6  5 
8 5 0.248863 0.122071 * 8  2  5  0 
8 5 0.347273 0.041759 * 8  11   1   5 
9 5 0.320646 0.022876 * 9  3  6  5 
10 5 0.324784 0.034086 * 10   3   6   5   0 
10 5 0.422010 0.011193 * 10   9   3   6   5 
11 5 0.232191 0.138605 * 11   1   5 
1 6 0.213755 0.007908 * 1  4  6 
1 6 0.246767 0.027042 * 1  5  6 
2 6 0.277095 0.223707 * 2  5  6 
3 6 0.109957 0.016891 * 3  6 
4 6 0.101529 0.016732 * 4  6 
5 6 0.133216 0.050920 * 5  6 
7 6 0.220462 0.012530 * 7  4  6  0 
7 6 0.313425 0.007615 * 7  9  3  6 
8 6 0.382079 0.021165 * 8  2  5  6  0 
8 6 0.447477 0.009358 * 8  11   1   4   6 
8 6 0.480489 0.009358 * 8  11   1   5   6 
9 6 0.211348 0.003142 * 9  3  6 
10 6 0.215486 0.019550 * 10   3   6   0 
10 6 0.312711 0.006420 * 10   9   3   6 
11 6 0.332395 0.020584 * 11   1   4   6 
11 6 0.365407 0.067461 * 11   1   5   6 
1 7 0.233769 0.093266 * 1  4  7 
2 7 0.485996 0.190937 * 2  5  1  4  7  0 
2 7 0.597438 0.055086 * 2  5  6  3  9  7 
2 7 0.515633 0.471429 * 2  5  6  4  7  0 
2 7 0.582762 0.018524 * 2   8  11   1   4   7 
3 7 0.203435 0.017435 * 3  9  7 
4 7 0.121543 0.092225 * 4  7 
5 7 0.342117 0.049957 * 5  1  4  7  0 
5 7 0.453559 0.014413 * 5  6  3  9  7 
5 7 0.371754 0.123344 * 5  6  4  7  0 
6 7 0.320343 0.003225 * 6  3  9  7 
6 7 0.238538 0.027602 * 6  4  7  0 
8 7 0.467490 0.259020 * 8  11   1   4   7 
9 7 0.102158 0.021015 * 9  7 
10 7 0.308964 0.020295 * 10   3   9   7 
10 7 0.203522 0.101193 * 10   9   7   0 
11 7 0.352409 0.288924 * 11   1   4   7 
1 8 0.346993 0.051113 * 1  5  2  8 
1 8 0.241504 0.181981 * 1  11   8   0 
2 8 0.115272 0.325442 * 2  8 
3 8 0.452697 0.087110 * 3  6  5  2  8 
4 8 0.470037 0.042245 * 4  1  5  2  8 
4 8 0.364548 0.130185 * 4   1  11   8   0 
4 8 0.444269 0.015425 * 4  6  5  2  8 
5 8 0.233442 0.350878 * 5  2  8 
6 8 0.342740 0.097463 * 6  5  2  8 
7 8 0.588970 0.069232 * 7  4  1  5  2  8 
7 8 0.483481 0.156124 * 7   4   1  11   8   0 
7 8 0.563202 0.025279 * 7  4  6  5  2  8 
9 8 0.554088 0.001103 * 9  3  6  5  2  8  0 
9 8 0.691128 0.009982 * 9  7  4  1  5  2  8 
9 8 0.585640 0.009982 * 9   7   4   1  11   8   0 
9 8 0.665361 0.005480 * 9  7  4  6  5  2  8 
10 8 0.558226 0.011551 * 10   3   6   5   2   8   0   0 
10 8 0.655452 0.004913 * 10   9   3   6   5   2   8   0 
10 8 0.792492 0.038121 * 10   9   7   4   1   5   2   8 
10 8 0.687003 0.038121 * 10   9   7   4   1  11   8   0 
10 8 0.766724 0.024411 * 10   9   7   4   6   5   2   8 
11 8 0.112045 0.353961 * 11   8 
1 9 0.431939 0.000460 * 1  4  6  3  9 
1 9 0.335845 0.004246 * 1  4  7  9  0 
2 9 0.684167 0.003422 * 2  5  1  4  6  3  9 
2 9 0.588073 0.024343 * 2  5  1  4  7  9  0 
2 9 0.495279 0.010384 * 2  5  6  3  9  0  0 
3 9 0.101277 0.050349 * 3  9 
4 9 0.319713 0.000308 * 4  6  3  9 
4 9 0.223619 0.002838 * 4  7  9  0 
5 9 0.540288 0.001355 * 5  1  4  6  3  9 
5 9 0.444194 0.009641 * 5  1  4  7  9  0 
5 9 0.351400 0.004113 * 5  6  3  9  0  0 
6 9 0.218184 0.002203 * 6  3  9 
7 9 0.102077 0.032411 * 7  9 
8 9 0.789151 0.002743 * 8  2  5  1  4  6  3  9 
8 9 0.693057 0.005485 * 8  2  5  1  4  7  9  0 
8 9 0.600264 0.005485 * 8  2  5  6  3  9  0  0 
8 9 0.665661 0.001678 * 8  11   1   4   6   3   9   0 
8 9 0.569567 0.001678 * 8  11   1   4   7   9   0   0 
10 9 0.206805 0.002120 * 10   3   9 
10 9 0.101364 0.010573 * 10   9   0 
11 9 0.550580 0.002920 * 11   1   4   6   3   9 
11 9 0.454486 0.005589 * 11   1   4   7   9   0 
1 10 0.533239 0.009493 * 1   4   6   3   9  10 
1 10 0.439758 0.009493 * 1   4   6   3  10   0 
1 10 0.437145 0.014634 * 1   4   7   9  10   0 
1 10 0.566251 0.029152 * 1   5   6   3   9  10 
1 10 0.472770 0.029152 * 1   5   6   3  10   0 
2 10 0.596579 0.093638 * 2   5   6   3   9  10 
2 10 0.503098 0.385458 * 2   5   6   3  10   0 
3 10 0.202577 0.002813 * 3   9  10 
3 10 0.109095 0.014028 * 3  10   0 
4 10 0.421013 0.002982 * 4   6   3   9  10 
4 10 0.327532 0.002982 * 4   6   3  10   0 
4 10 0.324919 0.004597 * 4   7   9  10   0 
5 10 0.452700 0.008447 * 5   6   3   9  10 
5 10 0.359219 0.042120 * 5   6   3  10   0 
6 10 0.319484 0.002932 * 6   3   9  10 
6 10 0.226003 0.014618 * 6   3  10   0 
7 10 0.203377 0.097612 * 7   9  10 
8 10 0.701564 0.023798 * 8   2   5   6   3   9  10   0 
8 10 0.608082 0.023798 * 8   2   5   6   3  10   0   0 
8 10 0.766961 0.013263 * 8  11   1   4   6   3   9  10 
8 10 0.673480 0.013263 * 8  11   1   4   6   3  10   0 
8 10 0.670867 0.014191 * 8  11   1   4   7   9  10   0 
8 10 0.799973 0.014191 * 8  11   1   5   6   3   9  10 
8 10 0.706492 0.014191 * 8  11   1   5   6   3  10   0 
9 10 0.101300 0.014181 * 9  10 
11 10 0.651880 0.008528 * 11   1   4   6   3   9  10 
11 10 0.558398 0.008528 * 11   1   4   6   3  10   0 
11 10 0.555786 0.013146 * 11   1   4   7   9  10   0 
11 10 0.684892 0.026187 * 11   1   5   6   3   9  10 
11 10 0.591410 0.026187 * 11   1   5   6   3  10   0 
1 11 0.129459 0.480107 * 1  11 
2 11 0.230353 0.320269 * 2   8  11 
3 11 0.479456 0.080814 * 3   6   4   1  11   0 
3 11 0.457064 0.071103 * 3   6   5   1  11   0 
3 11 0.567779 0.019579 * 3   6   5   2   8  11 
4 11 0.252504 0.088096 * 4   1  11 
5 11 0.237808 0.251611 * 5   1  11   0 
5 11 0.348523 0.030846 * 5   2   8  11 
6 11 0.369499 0.040076 * 6   4   1  11   0 
6 11 0.347106 0.035260 * 6   5   1  11   0 
6 11 0.457822 0.009709 * 6   5   2   8  11 
7 11 0.371437 0.318766 * 7   4   1  11 
8 11 0.115081 0.619827 * 8  11 
9 11 0.580847 0.003609 * 9   3   6   4   1  11   0 
9 11 0.558454 0.003609 * 9   3   6   5   1  11   0 
9 11 0.669169 0.003609 * 9   3   6   5   2   8  11 
9 11 0.473595 0.003406 * 9   7   4   1  11   0   0 
10 11 0.584985 0.039988 * 10   3   6   4   1  11   0   0 
10 11 0.562592 0.039988 * 10   3   6   5   1  11   0   0 
10 11 0.673308 0.020450 * 10   3   6   5   2   8  11   0 
10 11 0.682211 0.016060 * 10   9   3   6   4   1  11   0 
10 11 0.659818 0.016060 * 10   9   3   6   5   1  11   0 
10 11 0.770533 0.016060 * 10   9   3   6   5   2   8  11 
10 11 0.574959 0.015158 * 10   9   7   4   1  11   0   0 
