2  5  1 
0.064970
3  6  4  1 
0.007195
3  6  5  1 
0.007195
4  1 
0.080986
5  1 
0.082421
6  4  1 
0.010447
6  5  1 
0.010447
7  4  1 
0.091273
8  11   1 
0.079457
9  7  4  1 
0.015109
10   3   6   4   1 
0.020702
10   3   6   5   1 
0.020702
10   9   7   4   1 
0.020702
11   1 
0.427923
1  5  2 
0.059832
3  6  5  2 
0.080049
4  1  5  2 
0.011386
4  6  5  2 
0.011386
5  2 
0.137909
6  5  2 
0.046987
7  4  1  5  2 
0.046499
7  4  6  5  2 
0.046499
8  2 
0.040781
9  3  6  5  2 
0.013194
10   3   6   5   2 
0.045488
11   8   2 
0.048674
1  4  6  3 
0.017289
1  5  6  3 
0.017289
2  5  6  3 
0.242772
4  6  3 
0.022865
5  6  3 
0.035905
6  3 
0.078343
7  9  3 
0.055706
8  2  5  6  3 
0.065440
9  3 
0.072823
10   3 
0.086986
11   1   4   6   3 
0.036706
11   1   5   6   3 
0.036706
1  4 
0.026369
2  5  1  4 
0.071306
2  5  6  4 
0.071306
3  6  4 
0.012155
5  1  4 
0.020424
5  6  4 
0.020424
6  4 
0.016932
7  4 
0.475388
8  11   1   4 
0.050521
9  7  4 
0.007528
10   3   6   4 
0.016093
10   9   7   4 
0.016093
11   1   4 
0.024028
1  5 
0.084188
2  5 
0.581597
3  6  5 
0.061002
4  1  5 
0.016534
4  6  5 
0.016534
6  5 
0.056200
7  4  1  5 
0.058423
7  4  6  5 
0.058423
8  2  5 
0.121555
9  3  6  5 
0.042234
10   3   6   5 
0.059226
11   1   5 
0.223316
1  4  6 
0.009945
1  5  6 
0.009945
2  5  6 
0.194903
3  6 
0.028481
4  6 
0.020136
5  6 
0.110270
7  4  6 
0.032536
8  2  5  6 
0.064273
9  3  6 
0.004890
10   3   6 
0.026978
11   1   4   6 
0.026290
11   1   5   6 
0.026290
1  4  7 
0.073380
2  5  1  4  7 
0.419294
2  5  6  4  7 
0.419294
3  9  7 
0.041764
4  7 
0.067628
5  1  4  7 
0.102519
5  6  4  7 
0.102519
6  4  7 
0.064816
8  11   1   4   7 
0.333370
9  7 
0.044304
10   9   7 
0.161734
11   1   4   7 
0.308807
1  11   8 
0.191196
2  8 
0.407144
3  6  5  2  8 
0.103830
4   1  11   8 
0.184572
5  2  8 
0.261764
6  5  2  8 
0.115322
7   4   1  11   8 
0.401186
9  3  6  5  2  8 
0.025576
9   7   4   1  11   8 
0.025576
10   3   6   5   2   8 
0.145857
11   8 
0.311759
1  4  7  9 
0.003040
2  5  6  3  9 
0.039628
3  9 
0.051908
4  7  9 
0.005361
5  6  3  9 
0.017025
6  3  9 
0.004535
7  9 
0.032431
8  2  5  6  3  9 
0.009897
8  11   1   4   7   9 
0.009897
10   9 
0.014256
11   1   4   7   9 
0.012909
1   4   6   3  10 
0.019456
1   4   7   9  10 
0.019456
1   5   6   3  10 
0.033746
2   5   6   3  10 
0.388251
3  10 
0.031616
4   6   3  10 
0.004473
4   7   9  10 
0.004473
5   6   3  10 
0.028937
6   3  10 
0.019719
7   9  10 
0.135435
8   2   5   6   3  10 
0.119543
9  10 
0.016432
11   1   4   6   3  10 
0.013355
11   1   4   7   9  10 
0.013355
11   1   5   6   3  10 
0.017534
1  11 
0.608419
2   8  11 
0.404562
3   6   4   1  11 
0.101548
3   6   5   1  11 
0.101548
4   1  11 
0.091302
5   1  11 
0.254887
6   4   1  11 
0.046294
6   5   1  11 
0.046294
7   4   1  11 
0.328933
8  11 
0.749771
9   7   4   1  11 
0.027031
10   3   6   4   1  11 
0.062404
10   3   6   5   1  11 
0.062404
10   9   7   4   1  11 
0.062404
