1  5  2  0  0  0  0  0  0  0 
3.983774e-003
1  11   8   2   0   0   0   0   0   0 
1.352820e-013
1  4  6  5  2  0  0  0  0  0 
6.777657e-014
1  4  6  3  0  0  0  0  0  0 
1.114391e-003
1  5  6  3  0  0  0  0  0  0 
1.137222e-003
1  4  7  9  3  0  0  0  0  0 
1.329256e-013
1  4  0  0  0  0  0  0  0  0 
2.038191e-003
1  5  6  4  0  0  0  0  0  0 
6.771056e-014
1  5  0  0  0  0  0  0  0  0 
4.968583e-003
1  4  6  5  0  0  0  0  0  0 
6.790412e-014
1  11   8   2   5   0   0   0   0   0 
4.532109e-014
1  4  6  0  0  0  0  0  0  0 
1.014535e-003
1  5  6  0  0  0  0  0  0  0 
1.044497e-003
1  4  7  0  0  0  0  0  0  0 
6.748026e-003
1  5  6  4  7  0  0  0  0  0 
6.799465e-014
1  11   8   0   0   0   0   0   0   0 
1.875814e-002
1  5  2  8  0  0  0  0  0  0 
1.360641e-013
1  4  6  5  2  8  0  0  0  0 
4.538241e-014
1  4  7  9  0  0  0  0  0  0 
3.061170e-004
1  4  6  3  9  0  0  0  0  0 
1.561269e-013
1  5  6  3  9  0  0  0  0  0 
1.276304e-013
1   4   6   3  10   0   0   0   0   0 
1.796522e-003
1   5   6   3  10   0   0   0   0   0 
1.776626e-003
1   4   7   9  10   0   0   0   0   0 
3.083644e-003
1  11   0   0   0   0   0   0   0   0 
3.394626e-002
1   5   2   8  11   0   0   0   0   0 
4.540189e-014
2  5  1  0  0  0  0  0  0  0 
5.515952e-003
2   8  11   1   0   0   0   0   0   0 
1.355821e-013
2  5  6  4  1  0  0  0  0  0 
6.791423e-014
2  5  6  3  0  0  0  0  0  0 
1.770517e-002
2  5  1  4  6  3  0  0  0  0 
6.804829e-014
2  5  1  4  0  0  0  0  0  0 
4.898226e-003
2  5  6  4  0  0  0  0  0  0 
5.189142e-003
2   8  11   1   4   0   0   0   0   0 
1.357956e-013
2  5  0  0  0  0  0  0  0  0 
4.442979e-002
2   8  11   1   5   0   0   0   0   0 
4.540282e-014
2   8  11   1   4   6   5   0   0   0 
2.723999e-014
2  5  6  0  0  0  0  0  0  0 
1.437770e-002
2  5  1  4  6  0  0  0  0  0 
6.803782e-014
2  5  1  4  7  0  0  0  0  0 
2.367912e-002
2  5  6  4  7  0  0  0  0  0 
2.581250e-002
2   8  11   1   4   7   0   0   0   0 
1.361430e-013
2  8  0  0  0  0  0  0  0  0 
2.200780e-002
2   5   1  11   8   0   0   0   0   0 
4.539145e-014
2  5  6  3  9  0  0  0  0  0 
2.049340e-003
2   5   6   3  10   9   0   0   0   0 
1.346513e-013
2  5  1  4  7  9  0  0  0  0 
1.348661e-013
2   5   6   3  10   0   0   0   0   0 
3.158715e-002
2   5   6   3   9  10   0   0   0   0 
1.347712e-013
2   8  11   0   0   0   0   0   0   0 
2.488622e-002
2   5   1  11   0   0   0   0   0   0 
1.360853e-013
3  6  4  1  0  0  0  0  0  0 
3.388431e-004
3  6  5  1  0  0  0  0  0  0 
3.535829e-004
3  9  7  4  1  0  0  0  0  0 
1.502189e-013
3  6  5  2  0  0  0  0  0  0 
2.169892e-003
3  6  4  1  5  2  0  0  0  0 
6.773743e-014
3  6  4  0  0  0  0  0  0  0 
4.702470e-004
3  9  7  4  0  0  0  0  0  0 
1.344232e-013
3  6  5  0  0  0  0  0  0  0 
2.578485e-003
3  6  4  1  5  0  0  0  0  0 
6.779881e-014
3  6  0  0  0  0  0  0  0  0 
1.205914e-003
3  9  7  4  6  0  0  0  0  0 
4.477551e-014
3  10   9   7   4   6   0   0   0   0 
3.375080e-014
3  9  7  0  0  0  0  0  0  0 
1.258212e-003
3  10   9   7   0   0   0   0   0   0 
1.323458e-013
3  6  4  7  0  0  0  0  0  0 
1.342227e-013
3  6  5  2  8  0  0  0  0  0 
5.891545e-003
3   6   4   1  11   8   0   0   0   0 
1.354811e-013
3   6   5   1  11   8   0   0   0   0 
1.354857e-013
3  9  0  0  0  0  0  0  0  0 
9.731570e-004
3  10   9   0   0   0   0   0   0   0 
1.341068e-013
3  6  4  7  9  0  0  0  0  0 
4.452466e-014
3  10   0   0   0   0   0   0   0   0 
1.631688e-003
3   9  10   0   0   0   0   0   0   0 
1.318574e-013
3   6   4   1  11   0   0   0   0   0 
5.627210e-003
3   6   5   1  11   0   0   0   0   0 
5.583365e-003
3   9   7   4   1  11   0   0   0   0 
1.345794e-013
4  1  0  0  0  0  0  0  0  0 
5.557910e-004
4  6  5  1  0  0  0  0  0  0 
6.672937e-014
4  1  5  2  0  0  0  0  0  0 
1.448691e-003
4  6  5  2  0  0  0  0  0  0 
1.520069e-003
4   1  11   8   2   0   0   0   0   0 
1.357957e-013
4  6  3  0  0  0  0  0  0  0 
1.986909e-003
4  7  9  3  0  0  0  0  0  0 
1.321029e-013
4  1  5  6  3  0  0  0  0  0 
6.730622e-014
4  1  5  0  0  0  0  0  0  0 
1.357904e-003
4  6  5  0  0  0  0  0  0  0 
1.395706e-003
4  6  0  0  0  0  0  0  0  0 
1.131806e-003
4  1  5  6  0  0  0  0  0  0 
6.711791e-014
4  7  9  3  6  0  0  0  0  0 
4.463523e-014
4  7  0  0  0  0  0  0  0  0 
2.647158e-003
4  6  3  9  7  0  0  0  0  0 
4.510680e-014
4   6   3  10   9   7   0   0   0   0 
3.394697e-014
4   1  11   8   0   0   0   0   0   0 
1.285619e-002
4  1  5  2  8  0  0  0  0  0 
1.359318e-013
4  6  5  2  8  0  0  0  0  0 
1.358326e-013
4  7  9  0  0  0  0  0  0  0 
1.896890e-004
4  6  3  9  0  0  0  0  0  0 
2.076087e-013
4   6   3  10   9   0   0   0   0   0 
1.007877e-013
4   7   9  10   0   0   0   0   0   0 
3.122707e-004
4   6   3  10   0   0   0   0   0   0 
2.870253e-004
4   6   3   9  10   0   0   0   0   0 
1.581858e-013
4   1  11   0   0   0   0   0   0   0 
3.511632e-003
4   6   5   1  11   0   0   0   0   0 
6.785085e-014
5  1  0  0  0  0  0  0  0  0 
8.290413e-003
5  6  4  1  0  0  0  0  0  0 
6.801496e-014
5   2   8  11   1   0   0   0   0   0 
4.536481e-014
5  2  0  0  0  0  0  0  0  0 
6.973241e-003
5   1  11   8   2   0   0   0   0   0 
4.536510e-014
5  6  3  0  0  0  0  0  0  0 
1.844458e-003
5  1  4  6  3  0  0  0  0  0 
6.762477e-014
5  1  4  0  0  0  0  0  0  0 
1.609098e-003
5  6  4  0  0  0  0  0  0  0 
1.642077e-003
5  6  0  0  0  0  0  0  0  0 
4.241641e-003
5  1  4  6  0  0  0  0  0  0 
6.789214e-014
5  1  4  7  0  0  0  0  0  0 
6.632292e-003
5  6  4  7  0  0  0  0  0  0 
7.091771e-003
5  6  3  9  7  0  0  0  0  0 
1.347813e-013
5  2  8  0  0  0  0  0  0  0 
2.632387e-002
5   1  11   8   0   0   0   0   0   0 
1.360979e-013
5  6  3  9  0  0  0  0  0  0 
4.222917e-003
5  1  4  7  9  0  0  0  0  0 
1.363621e-013
5  6  4  7  9  0  0  0  0  0 
1.363413e-013
5   6   3  10   0   0   0   0   0   0 
3.529273e-003
5   6   3   9  10   0   0   0   0   0 
1.331853e-013
5   1  11   0   0   0   0   0   0   0 
1.809691e-002
5   2   8  11   0   0   0   0   0   0 
1.360970e-013
6  4  1  0  0  0  0  0  0  0 
7.281736e-004
6  5  1  0  0  0  0  0  0  0 
7.579944e-004
6  5  2  0  0  0  0  0  0  0 
4.154236e-003
6  4  1  5  2  0  0  0  0  0 
6.791860e-014
6  3  0  0  0  0  0  0  0  0 
4.010621e-003
6  4  7  9  3  0  0  0  0  0 
4.513681e-014
6   4   7   9  10   3   0   0   0   0 
3.395292e-014
6  4  0  0  0  0  0  0  0  0 
1.634240e-003
6  5  1  4  0  0  0  0  0  0 
6.739465e-014
6  3  9  7  4  0  0  0  0  0 
4.488995e-014
6  5  0  0  0  0  0  0  0  0 
2.983808e-003
6  4  1  5  0  0  0  0  0  0 
6.784234e-014
6  4  7  0  0  0  0  0  0  0 
1.635066e-003
6  3  9  7  0  0  0  0  0  0 
1.324884e-013
6  5  2  8  0  0  0  0  0  0 
5.621538e-003
6   4   1  11   8   0   0   0   0   0 
1.354330e-013
6   5   1  11   8   0   0   0   0   0 
1.354375e-013
6  3  9  0  0  0  0  0  0  0 
1.906710e-004
6   3  10   9   0   0   0   0   0   0 
2.593565e-013
6  4  7  9  0  0  0  0  0  0 
2.619740e-013
6   3  10   0   0   0   0   0   0   0 
1.422792e-003
6   3   9  10   0   0   0   0   0   0 
1.313874e-013
6   4   7   9  10   0   0   0   0   0 
6.672200e-014
6   4   1  11   0   0   0   0   0   0 
2.700082e-003
6   5   1  11   0   0   0   0   0   0 
2.692419e-003
6   5   2   8  11   0   0   0   0   0 
1.355469e-013
7  4  1  0  0  0  0  0  0  0 
6.302845e-003
7  4  6  5  1  0  0  0  0  0 
6.795828e-014
7  4  6  5  2  0  0  0  0  0 
3.796338e-003
7  4  1  5  2  0  0  0  0  0 
3.333763e-003
7  9  3  6  5  2  0  0  0  0 
1.339744e-013
7  9  3  0  0  0  0  0  0  0 
1.500980e-003
7  4  6  3  0  0  0  0  0  0 
1.351385e-013
7   9  10   3   0   0   0   0   0   0 
1.329077e-013
7  4  0  0  0  0  0  0  0  0 
3.543399e-002
7  9  3  6  4  0  0  0  0  0 
4.525785e-014
7   9  10   3   6   4   0   0   0   0 
3.402295e-014
7  4  6  5  0  0  0  0  0  0 
4.275919e-003
7  4  1  5  0  0  0  0  0  0 
3.672674e-003
7  9  3  6  5  0  0  0  0  0 
1.341043e-013
7  4  6  0  0  0  0  0  0  0 
8.811450e-004
7  9  3  6  0  0  0  0  0  0 
1.298257e-013
7   4   1  11   8   0   0   0   0   0 
1.765361e-002
7  4  6  5  2  8  0  0  0  0 
1.359368e-013
7  4  1  5  2  8  0  0  0  0 
1.360299e-013
7  9  0  0  0  0  0  0  0  0 
1.752202e-003
7  4  6  3  9  0  0  0  0  0 
4.499723e-014
7   4   6   3  10   9   0   0   0   0 
3.388259e-014
7   9  10   0   0   0   0   0   0   0 
6.696688e-003
7   9   3  10   0   0   0   0   0   0 
1.349135e-013
7   4   6   3  10   0   0   0   0   0 
6.815948e-014
7   4   1  11   0   0   0   0   0   0 
1.910757e-002
8  11   1   0   0   0   0   0   0   0 
4.885945e-003
8  2  5  1  0  0  0  0  0  0 
1.355684e-013
8  2  0  0  0  0  0  0  0  0 
2.733935e-003
8  11   1   5   2   0   0   0   0   0 
4.526077e-014
8  11   1   4   6   5   2   0   0   0 
2.717766e-014
8  2  5  6  3  0  0  0  0  0 
4.151792e-003
8  11   1   5   6   3   0   0   0   0 
1.350172e-013
8  11   1   4   6   3   0   0   0   0 
1.348550e-013
8  11   1   4   0   0   0   0   0   0 
2.030036e-003
8  2  5  1  4  0  0  0  0  0 
1.334456e-013
8  2  5  6  4  0  0  0  0  0 
1.334196e-013
8  2  5  0  0  0  0  0  0  0 
1.028171e-002
8  11   1   5   0   0   0   0   0   0 
1.358974e-013
8  2  5  6  0  0  0  0  0  0 
2.593753e-003
8  11   1   5   6   0   0   0   0   0 
1.341217e-013
8  11   1   4   6   0   0   0   0   0 
1.339209e-013
8  11   1   4   7   0   0   0   0   0 
2.050522e-002
8  2  5  1  4  7  0  0  0  0 
1.360846e-013
8  2  5  6  4  7  0  0  0  0 
1.360833e-013
8  11   1   4   7   9   0   0   0   0 
2.987137e-004
8  2  5  6  3  9  0  0  0  0 
3.293053e-004
8  11   1   5   6   3   9   0   0   0 
1.615990e-013
8   2   5   6   3  10   0   0   0   0 
9.724614e-003
8   2   5   6   3   9  10   0   0   0 
1.345434e-013
8  11   1   4   7   9  10   0   0   0 
1.352050e-013
8  11   0   0   0   0   0   0   0   0 
4.722492e-002
8   2   5   1  11   0   0   0   0   0 
4.540452e-014
9  7  4  1  0  0  0  0  0  0 
4.022880e-004
9  3  6  4  1  0  0  0  0  0 
1.137865e-013
9  3  6  5  1  0  0  0  0  0 
1.137756e-013
9  3  6  5  2  0  0  0  0  0 
4.859400e-004
9  10   3   6   5   2   0   0   0   0 
1.342921e-013
9  7  4  6  5  2  0  0  0  0 
1.366982e-013
9  3  0  0  0  0  0  0  0  0 
3.301868e-003
9  10   3   0   0   0   0   0   0   0 
1.358657e-013
9  7  4  6  3  0  0  0  0  0 
4.538201e-014
9  7  4  0  0  0  0  0  0  0 
4.973180e-004
9  3  6  4  0  0  0  0  0  0 
1.283128e-013
9  10   3   6   4   0   0   0   0   0 
5.948703e-014
9  3  6  5  0  0  0  0  0  0 
7.729810e-004
9  10   3   6   5   0   0   0   0   0 
1.251384e-013
9  7  4  6  5  0  0  0  0  0 
1.267929e-013
9  3  6  0  0  0  0  0  0  0 
4.610940e-004
9  10   3   6   0   0   0   0   0   0 
1.425726e-013
9  7  4  6  0  0  0  0  0  0 
1.450632e-013
9  7  0  0  0  0  0  0  0  0 
1.318025e-003
9  3  6  4  7  0  0  0  0  0 
4.485158e-014
9  10   3   6   4   7   0   0   0   0 
3.377241e-014
9   7   4   1  11   8   0   0   0   0 
9.656242e-004
9  3  6  5  2  8  0  0  0  0 
1.503471e-003
9  10   3   6   5   2   8   0   0   0 
1.356469e-013
9  10   0   0   0   0   0   0   0   0 
1.119256e-003
9   3  10   0   0   0   0   0   0   0 
1.325984e-013
9   7   4   1  11   0   0   0   0   0 
8.116430e-004
9   3   6   4   1  11   0   0   0   0 
1.190537e-013
9   3   6   5   1  11   0   0   0   0 
1.189037e-013
10   3   6   4   1   0   0   0   0   0 
8.929877e-004
10   9   7   4   1   0   0   0   0   0 
1.052528e-003
10   3   6   5   1   0   0   0   0   0 
9.264958e-004
10   3   6   5   2   0   0   0   0   0 
2.838088e-003
10   9   3   6   5   2   0   0   0   0 
1.331683e-013
10   3   0   0   0   0   0   0   0   0 
3.436472e-003
10   9   3   0   0   0   0   0   0   0 
1.334625e-013
10   3   6   4   0   0   0   0   0   0 
3.976908e-004
10   9   7   4   0   0   0   0   0   0 
4.267062e-004
10   3   9   7   4   0   0   0   0   0 
1.445657e-013
10   3   6   5   0   0   0   0   0   0 
2.675998e-003
10   9   3   6   5   0   0   0   0   0 
1.330781e-013
10   3   6   0   0   0   0   0   0   0 
1.796579e-003
10   9   3   6   0   0   0   0   0   0 
1.324534e-013
10   9   7   0   0   0   0   0   0   0 
7.598587e-003
10   3   9   7   0   0   0   0   0   0 
1.347952e-013
10   3   6   5   2   8   0   0   0   0 
7.656633e-003
10   9   3   6   5   2   8   0   0   0 
1.343614e-013
10   3   6   5   1  11   8   0   0   0 
1.357058e-013
10   9   0   0   0   0   0   0   0   0 
6.409180e-004
10   3   9   0   0   0   0   0   0   0 
1.310242e-013
10   3   6   4   1  11   0   0   0   0 
2.633568e-003
10   3   6   5   1  11   0   0   0   0 
2.642101e-003
10   9   7   4   1  11   0   0   0   0 
4.421038e-003
11   1   0   0   0   0   0   0   0   0 
3.384363e-002
11   8   2   5   1   0   0   0   0   0 
4.540396e-014
11   8   2   0   0   0   0   0   0   0 
3.748856e-003
11   1   5   2   0   0   0   0   0   0 
1.353830e-013
11   1   4   6   3   0   0   0   0   0 
2.178414e-003
11   1   5   6   3   0   0   0   0   0 
2.128548e-003
11   8   2   5   6   3   0   0   0   0 
1.356457e-013
11   1   4   0   0   0   0   0   0   0 
3.627896e-003
11   1   5   6   4   0   0   0   0   0 
6.788988e-014
11   1   5   0   0   0   0   0   0   0 
1.212789e-002
11   8   2   5   0   0   0   0   0   0 
1.359969e-013
11   1   4   6   5   0   0   0   0   0 
6.801558e-014
11   1   4   6   0   0   0   0   0   0 
3.207876e-003
11   1   5   6   0   0   0   0   0   0 
2.989216e-003
11   8   2   5   6   0   0   0   0   0 
1.357308e-013
11   1   4   7   0   0   0   0   0   0 
1.811032e-002
11   8   0   0   0   0   0   0   0   0 
2.439681e-002
11   1   5   2   8   0   0   0   0   0 
4.539604e-014
11   1   4   7   9   0   0   0   0   0 
7.674100e-004
11   1   4   6   3   9   0   0   0   0 
1.187530e-013
11   1   5   6   3   9   0   0   0   0 
1.192377e-013
11   1   4   7   9  10   0   0   0   0 
1.532264e-003
11   1   5   6   3  10   0   0   0   0 
1.145057e-003
11   1   4   6   3  10   0   0   0   0 
1.117354e-003
