1  5  2  0  0  0  0  0  0  0 
5.147311e-003
1  11   8   2   0   0   0   0   0   0 
4.595032e-016
1  4  6  5  2  0  0  0  0  0 
2.303395e-016
1  4  6  3  0  0  0  0  0  0 
1.504349e-003
1  5  6  3  0  0  0  0  0  0 
1.365749e-003
1  4  7  9  3  0  0  0  0  0 
4.559819e-016
1  4  0  0  0  0  0  0  0  0 
1.564370e-003
1  5  6  4  0  0  0  0  0  0 
2.291493e-016
1  5  0  0  0  0  0  0  0  0 
5.758171e-003
1  4  6  5  0  0  0  0  0  0 
2.303938e-016
1  11   8   2   5   0   0   0   0   0 
1.536498e-016
1  4  6  0  0  0  0  0  0  0 
9.542802e-004
1  5  6  0  0  0  0  0  0  0 
8.750288e-004
1  4  7  0  0  0  0  0  0  0 
4.154893e-003
1  5  6  4  7  0  0  0  0  0 
2.302244e-016
1  11   8   0   0   0   0   0   0   0 
1.080073e-002
1  5  2  8  0  0  0  0  0  0 
4.607707e-016
1  4  6  5  2  8  0  0  0  0 
1.538191e-016
1  4  7  9  0  0  0  0  0  0 
1.505880e-004
1  4  6  3  9  0  0  0  0  0 
3.704293e-016
1  5  6  3  9  0  0  0  0  0 
3.700892e-016
1   4   6   3  10   0   0   0   0   0 
1.050465e-003
1   5   6   3  10   0   0   0   0   0 
9.710059e-004
1   4   7   9  10   0   0   0   0   0 
1.189642e-003
1  11   0   0   0   0   0   0   0   0 
4.055459e-002
1   5   2   8  11   0   0   0   0   0 
1.538855e-016
2  5  1  0  0  0  0  0  0  0 
5.241176e-003
2   8  11   1   0   0   0   0   0   0 
4.594749e-016
2  5  6  4  1  0  0  0  0  0 
2.302532e-016
2  5  6  3  0  0  0  0  0  0 
1.651415e-002
2  5  1  4  6  3  0  0  0  0 
2.308103e-016
2  5  1  4  0  0  0  0  0  0 
3.690148e-003
2  5  6  4  0  0  0  0  0  0 
3.779934e-003
2   8  11   1   4   0   0   0   0   0 
4.588755e-016
2  5  0  0  0  0  0  0  0  0 
3.845978e-002
2   8  11   1   5   0   0   0   0   0 
1.538764e-016
2   8  11   1   4   6   5   0   0   0 
9.234018e-017
2  5  6  0  0  0  0  0  0  0 
1.382268e-002
2  5  1  4  6  0  0  0  0  0 
2.307762e-016
2  5  1  4  7  0  0  0  0  0 
2.787855e-002
2  5  6  4  7  0  0  0  0  0 
2.689054e-002
2   8  11   1   4   7   0   0   0   0 
4.612404e-016
2  8  0  0  0  0  0  0  0  0 
2.569143e-002
2   5   1  11   8   0   0   0   0   0 
1.538165e-016
2  5  6  3  9  0  0  0  0  0 
2.833319e-003
2   5   6   3  10   9   0   0   0   0 
4.569150e-016
2  5  1  4  7  9  0  0  0  0 
4.567532e-016
2   5   6   3  10   0   0   0   0   0 
2.608947e-002
2   5   6   3   9  10   0   0   0   0 
4.635652e-016
2   8  11   0   0   0   0   0   0   0 
2.968207e-002
2   5   1  11   0   0   0   0   0   0 
4.611164e-016
3  6  4  1  0  0  0  0  0  0 
5.843537e-004
3  6  5  1  0  0  0  0  0  0 
5.507993e-004
3  9  7  4  1  0  0  0  0  0 
4.480594e-016
3  6  5  2  0  0  0  0  0  0 
5.214915e-003
3  6  4  1  5  2  0  0  0  0 
2.303464e-016
3  6  4  0  0  0  0  0  0  0 
1.039194e-003
3  9  7  4  0  0  0  0  0  0 
4.530464e-016
3  6  5  0  0  0  0  0  0  0 
4.089255e-003
3  6  4  1  5  0  0  0  0  0 
2.302060e-016
3  6  0  0  0  0  0  0  0  0 
3.017254e-003
3  9  7  4  6  0  0  0  0  0 
1.536777e-016
3  10   9   7   4   6   0   0   0   0 
1.152890e-016
3  9  7  0  0  0  0  0  0  0 
2.430383e-003
3  10   9   7   0   0   0   0   0   0 
4.560109e-016
3  6  4  7  0  0  0  0  0  0 
4.549475e-016
3  6  5  2  8  0  0  0  0  0 
6.816718e-003
3   6   4   1  11   8   0   0   0   0 
4.599016e-016
3   6   5   1  11   8   0   0   0   0 
4.598995e-016
3  9  0  0  0  0  0  0  0  0 
2.899942e-003
3  10   9   0   0   0   0   0   0   0 
4.575807e-016
3  6  4  7  9  0  0  0  0  0 
1.533874e-016
3  10   0   0   0   0   0   0   0   0 
2.360419e-003
3   9  10   0   0   0   0   0   0   0 
4.587440e-016
3   6   4   1  11   0   0   0   0   0 
5.941576e-003
3   6   5   1  11   0   0   0   0   0 
5.857976e-003
3   9   7   4   1  11   0   0   0   0 
4.612358e-016
4  1  0  0  0  0  0  0  0  0 
5.347426e-003
4  6  5  1  0  0  0  0  0  0 
2.304593e-016
4  1  5  2  0  0  0  0  0  0 
5.985802e-004
4  6  5  2  0  0  0  0  0  0 
6.180938e-004
4   1  11   8   2   0   0   0   0   0 
4.483371e-016
4  6  3  0  0  0  0  0  0  0 
1.644222e-003
4  7  9  3  0  0  0  0  0  0 
4.550040e-016
4  1  5  6  3  0  0  0  0  0 
2.286864e-016
4  1  5  0  0  0  0  0  0  0 
1.256198e-003
4  6  5  0  0  0  0  0  0  0 
1.368543e-003
4  6  0  0  0  0  0  0  0  0 
1.228182e-003
4  1  5  6  0  0  0  0  0  0 
2.282021e-016
4  7  9  3  6  0  0  0  0  0 
1.528413e-016
4  7  0  0  0  0  0  0  0  0 
5.166267e-003
4  6  3  9  7  0  0  0  0  0 
1.538650e-016
4   6   3  10   9   7   0   0   0   0 
1.153944e-016
4   1  11   8   0   0   0   0   0   0 
1.155593e-002
4  1  5  2  8  0  0  0  0  0 
4.608464e-016
4  6  5  2  8  0  0  0  0  0 
4.612484e-016
4  7  9  0  0  0  0  0  0  0 
4.326000e-004
4  6  3  9  0  0  0  0  0  0 
4.381692e-016
4   6   3  10   9   0   0   0   0   0 
2.236873e-016
4   7   9  10   0   0   0   0   0   0 
3.351861e-004
4   6   3  10   0   0   0   0   0   0 
3.229519e-004
4   6   3   9  10   0   0   0   0   0 
4.425491e-016
4   1  11   0   0   0   0   0   0   0 
5.884689e-003
4   6   5   1  11   0   0   0   0   0 
2.305058e-016
5  1  0  0  0  0  0  0  0  0 
6.141568e-003
5  6  4  1  0  0  0  0  0  0 
2.302726e-016
5   2   8  11   1   0   0   0   0   0 
1.536309e-016
5  2  0  0  0  0  0  0  0  0 
9.547196e-003
5   1  11   8   2   0   0   0   0   0 
1.537856e-016
5  6  3  0  0  0  0  0  0  0 
2.796901e-003
5  1  4  6  3  0  0  0  0  0 
2.299975e-016
5  1  4  0  0  0  0  0  0  0 
1.419484e-003
5  6  4  0  0  0  0  0  0  0 
1.501269e-003
5  6  0  0  0  0  0  0  0  0 
4.713199e-003
5  1  4  6  0  0  0  0  0  0 
2.303829e-016
5  1  4  7  0  0  0  0  0  0 
5.970892e-003
5  6  4  7  0  0  0  0  0  0 
6.149851e-003
5  6  3  9  7  0  0  0  0  0 
4.614784e-016
5  2  8  0  0  0  0  0  0  0 
1.847719e-002
5   1  11   8   0   0   0   0   0   0 
4.609650e-016
5  6  3  9  0  0  0  0  0  0 
3.389938e-003
5  1  4  7  9  0  0  0  0  0 
4.577251e-016
5  6  4  7  9  0  0  0  0  0 
4.577501e-016
5   6   3  10   0   0   0   0   0   0 
2.679496e-003
5   6   3   9  10   0   0   0   0   0 
4.593884e-016
5   1  11   0   0   0   0   0   0   0 
1.721336e-002
5   2   8  11   0   0   0   0   0   0 
4.610562e-016
6  4  1  0  0  0  0  0  0  0 
7.715464e-004
6  5  1  0  0  0  0  0  0  0 
7.153756e-004
6  5  2  0  0  0  0  0  0  0 
3.080234e-003
6  4  1  5  2  0  0  0  0  0 
2.299955e-016
6  3  0  0  0  0  0  0  0  0 
5.654344e-003
6  4  7  9  3  0  0  0  0  0 
1.538468e-016
6   4   7   9  10   3   0   0   0   0 
1.154286e-016
6  4  0  0  0  0  0  0  0  0 
5.416600e-004
6  5  1  4  0  0  0  0  0  0 
2.259344e-016
6  3  9  7  4  0  0  0  0  0 
1.516245e-016
6  5  0  0  0  0  0  0  0  0 
3.386477e-003
6  4  1  5  0  0  0  0  0  0 
2.300727e-016
6  4  7  0  0  0  0  0  0  0 
4.483354e-003
6  3  9  7  0  0  0  0  0  0 
4.607505e-016
6  5  2  8  0  0  0  0  0  0 
7.085370e-003
6   4   1  11   8   0   0   0   0   0 
4.599589e-016
6   5   1  11   8   0   0   0   0   0 
4.599568e-016
6  3  9  0  0  0  0  0  0  0 
2.958080e-004
6   3  10   9   0   0   0   0   0   0 
4.238348e-016
6  4  7  9  0  0  0  0  0  0 
4.238016e-016
6   3  10   0   0   0   0   0   0   0 
1.543858e-003
6   3   9  10   0   0   0   0   0   0 
4.551578e-016
6   4   7   9  10   0   0   0   0   0 
2.290469e-016
6   4   1  11   0   0   0   0   0   0 
3.713171e-003
6   5   1  11   0   0   0   0   0   0 
3.259372e-003
6   5   2   8  11   0   0   0   0   0 
4.587510e-016
7  4  1  0  0  0  0  0  0  0 
5.754225e-003
7  4  6  5  1  0  0  0  0  0 
2.304953e-016
7  4  6  5  2  0  0  0  0  0 
2.964641e-003
7  4  1  5  2  0  0  0  0  0 
2.591342e-003
7  9  3  6  5  2  0  0  0  0 
4.594094e-016
7  9  3  0  0  0  0  0  0  0 
3.947308e-003
7  4  6  3  0  0  0  0  0  0 
4.574192e-016
7   9  10   3   0   0   0   0   0   0 
4.591018e-016
7  4  0  0  0  0  0  0  0  0 
4.040292e-002
7  9  3  6  4  0  0  0  0  0 
1.540890e-016
7   9  10   3   6   4   0   0   0   0 
1.155654e-016
7  4  6  5  0  0  0  0  0  0 
3.322263e-003
7  4  1  5  0  0  0  0  0  0 
2.873720e-003
7  9  3  6  5  0  0  0  0  0 
4.598020e-016
7  4  6  0  0  0  0  0  0  0 
2.120362e-003
7  9  3  6  0  0  0  0  0  0 
4.576457e-016
7   4   1  11   8   0   0   0   0   0 
2.643461e-002
7  4  6  5  2  8  0  0  0  0 
4.619011e-016
7  4  1  5  2  8  0  0  0  0 
4.614862e-016
7  9  0  0  0  0  0  0  0  0 
2.031244e-003
7  4  6  3  9  0  0  0  0  0 
1.533334e-016
7   4   6   3  10   9   0   0   0   0 
1.150935e-016
7   9  10   0   0   0   0   0   0   0 
8.145249e-003
7   9   3  10   0   0   0   0   0   0 
4.600858e-016
7   4   6   3  10   0   0   0   0   0 
2.300932e-016
7   4   1  11   0   0   0   0   0   0 
2.195081e-002
8  11   1   0   0   0   0   0   0   0 
4.841953e-003
8  2  5  1  0  0  0  0  0  0 
4.597760e-016
8  2  0  0  0  0  0  0  0  0 
1.683287e-003
8  11   1   5   2   0   0   0   0   0 
1.531053e-016
8  11   1   4   6   5   2   0   0   0 
9.205587e-017
8  2  5  6  3  0  0  0  0  0 
4.291623e-003
8  11   1   5   6   3   0   0   0   0 
4.587050e-016
8  11   1   4   6   3   0   0   0   0 
4.590401e-016
8  11   1   4   0   0   0   0   0   0 
3.963203e-003
8  2  5  1  4  0  0  0  0  0 
4.589274e-016
8  2  5  6  4  0  0  0  0  0 
4.589542e-016
8  2  5  0  0  0  0  0  0  0 
8.744416e-003
8  11   1   5   0   0   0   0   0   0 
4.602525e-016
8  2  5  6  0  0  0  0  0  0 
4.830322e-003
8  11   1   5   6   0   0   0   0   0 
4.590834e-016
8  11   1   4   6   0   0   0   0   0 
4.594251e-016
8  11   1   4   7   0   0   0   0   0 
2.074621e-002
8  2  5  1  4  7  0  0  0  0 
4.614224e-016
8  2  5  6  4  7  0  0  0  0 
4.614528e-016
8  11   1   4   7   9   0   0   0   0 
4.830915e-004
8  2  5  6  3  9  0  0  0  0 
4.995945e-004
8  11   1   5   6   3   9   0   0   0 
4.466532e-016
8   2   5   6   3  10   0   0   0   0 
8.734738e-003
8   2   5   6   3   9  10   0   0   0 
4.626447e-016
8  11   1   4   7   9  10   0   0   0 
4.619261e-016
8  11   0   0   0   0   0   0   0   0 
4.787385e-002
8   2   5   1  11   0   0   0   0   0 
1.538786e-016
9  7  4  1  0  0  0  0  0  0 
7.306970e-004
9  3  6  4  1  0  0  0  0  0 
4.489366e-016
9  3  6  5  1  0  0  0  0  0 
4.488628e-016
9  3  6  5  2  0  0  0  0  0 
8.065620e-004
9  10   3   6   5   2   0   0   0   0 
4.493023e-016
9  7  4  6  5  2  0  0  0  0 
4.489788e-016
9  3  0  0  0  0  0  0  0  0 
5.185646e-003
9  10   3   0   0   0   0   0   0   0 
4.600191e-016
9  7  4  6  3  0  0  0  0  0 
1.536263e-016
9  7  4  0  0  0  0  0  0  0 
5.165080e-004
9  3  6  4  0  0  0  0  0  0 
4.445075e-016
9  10   3   6   4   0   0   0   0   0 
2.253016e-016
9  3  6  5  0  0  0  0  0  0 
3.071979e-003
9  10   3   6   5   0   0   0   0   0 
4.577994e-016
9  7  4  6  5  0  0  0  0  0 
4.572323e-016
9  3  6  0  0  0  0  0  0  0 
3.006160e-004
9  10   3   6   0   0   0   0   0   0 
4.234860e-016
9  7  4  6  0  0  0  0  0  0 
4.240887e-016
9  7  0  0  0  0  0  0  0  0 
3.630803e-003
9  3  6  4  7  0  0  0  0  0 
1.535849e-016
9  10   3   6   4   7   0   0   0   0 
1.152793e-016
9   7   4   1  11   8   0   0   0   0 
1.407018e-003
9  3  6  5  2  8  0  0  0  0 
1.839180e-003
9  10   3   6   5   2   8   0   0   0 
4.563750e-016
9  10   0   0   0   0   0   0   0   0 
9.057390e-004
9   3  10   0   0   0   0   0   0   0 
4.511888e-016
9   7   4   1  11   0   0   0   0   0 
1.730753e-003
9   3   6   4   1  11   0   0   0   0 
4.549003e-016
9   3   6   5   1  11   0   0   0   0 
4.548995e-016
10   3   6   4   1   0   0   0   0   0 
1.392236e-003
10   9   7   4   1   0   0   0   0   0 
1.560723e-003
10   3   6   5   1   0   0   0   0   0 
1.318401e-003
10   3   6   5   2   0   0   0   0   0 
3.029001e-003
10   9   3   6   5   2   0   0   0   0 
4.593449e-016
10   3   0   0   0   0   0   0   0   0 
4.854035e-003
10   9   3   0   0   0   0   0   0   0 
4.608579e-016
10   3   6   4   0   0   0   0   0   0 
9.035116e-004
10   9   7   4   0   0   0   0   0   0 
9.493514e-004
10   3   9   7   4   0   0   0   0   0 
4.525271e-016
10   3   6   5   0   0   0   0   0   0 
5.762864e-003
10   9   3   6   5   0   0   0   0   0 
4.612129e-016
10   3   6   0   0   0   0   0   0   0 
1.929845e-003
10   9   3   6   0   0   0   0   0   0 
4.571275e-016
10   9   7   0   0   0   0   0   0   0 
1.044074e-002
10   3   9   7   0   0   0   0   0   0 
4.612157e-016
10   3   6   5   2   8   0   0   0   0 
9.308168e-003
10   9   3   6   5   2   8   0   0   0 
4.618300e-016
10   3   6   5   1  11   8   0   0   0 
4.602600e-016
10   9   0   0   0   0   0   0   0   0 
8.789490e-004
10   3   9   0   0   0   0   0   0   0 
4.512164e-016
10   3   6   4   1  11   0   0   0   0 
3.478718e-003
10   3   6   5   1  11   0   0   0   0 
3.360709e-003
10   9   7   4   1  11   0   0   0   0 
5.050941e-003
11   1   0   0   0   0   0   0   0   0 
2.714660e-002
11   8   2   5   1   0   0   0   0   0 
1.538764e-016
11   8   2   0   0   0   0   0   0   0 
3.722115e-003
11   1   5   2   0   0   0   0   0   0 
4.585802e-016
11   1   4   6   3   0   0   0   0   0 
3.023233e-003
11   1   5   6   3   0   0   0   0   0 
2.451529e-003
11   8   2   5   6   3   0   0   0   0 
4.578758e-016
11   1   4   0   0   0   0   0   0   0 
1.780859e-003
11   1   5   6   4   0   0   0   0   0 
2.293621e-016
11   1   5   0   0   0   0   0   0   0 
1.621290e-002
11   8   2   5   0   0   0   0   0   0 
4.610088e-016
11   1   4   6   5   0   0   0   0   0 
2.307145e-016
11   1   4   6   0   0   0   0   0   0 
2.147489e-003
11   1   5   6   0   0   0   0   0   0 
1.785819e-003
11   8   2   5   6   0   0   0   0   0 
4.565474e-016
11   1   4   7   0   0   0   0   0   0 
2.180329e-002
11   8   0   0   0   0   0   0   0   0 
2.185397e-002
11   1   5   2   8   0   0   0   0   0 
1.538430e-016
11   1   4   7   9   0   0   0   0   0 
7.249350e-004
11   1   4   6   3   9   0   0   0   0 
4.486219e-016
11   1   5   6   3   9   0   0   0   0 
4.484277e-016
11   1   4   7   9  10   0   0   0   0 
1.506324e-003
11   1   5   6   3  10   0   0   0   0 
1.166379e-003
11   1   4   6   3  10   0   0   0   0 
1.269447e-003
