1  5  2  0  0  0  0  0  0  0 
5.577802e-003
1  11   8   2   0   0   0   0   0   0 
6.781989e-018
1  4  6  5  2  0  0  0  0  0 
3.398123e-018
1  4  6  3  0  0  0  0  0  0 
9.949339e-004
1  5  6  3  0  0  0  0  0  0 
1.082256e-003
1  4  7  9  3  0  0  0  0  0 
6.688574e-018
1  4  0  0  0  0  0  0  0  0 
1.897761e-003
1  5  6  4  0  0  0  0  0  0 
3.385099e-018
1  5  0  0  0  0  0  0  0  0 
4.664996e-003
1  4  6  5  0  0  0  0  0  0 
3.397072e-018
1  11   8   2   5   0   0   0   0   0 
2.266393e-018
1  4  6  0  0  0  0  0  0  0 
1.036133e-003
1  5  6  0  0  0  0  0  0  0 
1.089177e-003
1  4  7  0  0  0  0  0  0  0 
1.174410e-002
1  5  6  4  7  0  0  0  0  0 
3.403285e-018
1  11   8   0   0   0   0   0   0   0 
1.464354e-002
1  5  2  8  0  0  0  0  0  0 
6.804887e-018
1  4  6  5  2  8  0  0  0  0 
2.270044e-018
1  4  7  9  0  0  0  0  0  0 
2.859970e-004
1  4  6  3  9  0  0  0  0  0 
7.153616e-018
1  5  6  3  9  0  0  0  0  0 
7.112204e-018
1   4   6   3  10   0   0   0   0   0 
1.837306e-003
1   5   6   3  10   0   0   0   0   0 
1.887565e-003
1   4   7   9  10   0   0   0   0   0 
2.318577e-003
1  11   0   0   0   0   0   0   0   0 
2.494031e-002
1   5   2   8  11   0   0   0   0   0 
2.270453e-018
2  5  1  0  0  0  0  0  0  0 
5.292181e-003
2   8  11   1   0   0   0   0   0   0 
6.779789e-018
2  5  6  4  1  0  0  0  0  0 
3.397048e-018
2  5  6  3  0  0  0  0  0  0 
1.731697e-002
2  5  1  4  6  3  0  0  0  0 
3.404967e-018
2  5  1  4  0  0  0  0  0  0 
5.374341e-003
2  5  6  4  0  0  0  0  0  0 
5.580238e-003
2   8  11   1   4   0   0   0   0   0 
6.783573e-018
2  5  0  0  0  0  0  0  0  0 
4.442069e-002
2   8  11   1   5   0   0   0   0   0 
2.270672e-018
2   8  11   1   4   6   5   0   0   0 
1.362473e-018
2  5  6  0  0  0  0  0  0  0 
1.415188e-002
2  5  1  4  6  0  0  0  0  0 
3.404409e-018
2  5  1  4  7  0  0  0  0  0 
2.524196e-002
2  5  6  4  7  0  0  0  0  0 
2.766907e-002
2   8  11   1   4   7   0   0   0   0 
6.806202e-018
2  8  0  0  0  0  0  0  0  0 
2.483203e-002
2   5   1  11   8   0   0   0   0   0 
2.269528e-018
2  5  6  3  9  0  0  0  0  0 
2.531284e-003
2   5   6   3  10   9   0   0   0   0 
6.744212e-018
2  5  1  4  7  9  0  0  0  0 
6.741341e-018
2   5   6   3  10   0   0   0   0   0 
2.702373e-002
2   5   6   3   9  10   0   0   0   0 
6.830370e-018
2   8  11   0   0   0   0   0   0   0 
2.184208e-002
2   5   1  11   0   0   0   0   0   0 
6.801009e-018
3  6  4  1  0  0  0  0  0  0 
6.338305e-004
3  6  5  1  0  0  0  0  0  0 
6.501995e-004
3  9  7  4  1  0  0  0  0  0 
6.637506e-018
3  6  5  2  0  0  0  0  0  0 
5.016273e-003
3  6  4  1  5  2  0  0  0  0 
3.398300e-018
3  6  4  0  0  0  0  0  0  0 
4.897140e-004
3  9  7  4  0  0  0  0  0  0 
6.610186e-018
3  6  5  0  0  0  0  0  0  0 
2.877649e-003
3  6  4  1  5  0  0  0  0  0 
3.392184e-018
3  6  0  0  0  0  0  0  0  0 
1.664629e-003
3  9  7  4  6  0  0  0  0  0 
2.260931e-018
3  10   9   7   4   6   0   0   0   0 
1.697371e-018
3  9  7  0  0  0  0  0  0  0 
4.337382e-003
3  10   9   7   0   0   0   0   0   0 
6.771294e-018
3  6  4  7  0  0  0  0  0  0 
6.759090e-018
3  6  5  2  8  0  0  0  0  0 
5.875060e-003
3   6   4   1  11   8   0   0   0   0 
6.779685e-018
3   6   5   1  11   8   0   0   0   0 
6.779855e-018
3  9  0  0  0  0  0  0  0  0 
1.538973e-003
3  10   9   0   0   0   0   0   0   0 
6.709135e-018
3  6  4  7  9  0  0  0  0  0 
2.255163e-018
3  10   0   0   0   0   0   0   0   0 
1.772683e-003
3   9  10   0   0   0   0   0   0   0 
6.736415e-018
3   6   4   1  11   0   0   0   0   0 
7.380492e-003
3   6   5   1  11   0   0   0   0   0 
7.589754e-003
3   9   7   4   1  11   0   0   0   0 
6.808107e-018
4  1  0  0  0  0  0  0  0  0 
1.022691e-003
4  6  5  1  0  0  0  0  0  0 
3.368272e-018
4  1  5  2  0  0  0  0  0  0 
1.109913e-003
4  6  5  2  0  0  0  0  0  0 
1.083826e-003
4   1  11   8   2   0   0   0   0   0 
6.697604e-018
4  6  3  0  0  0  0  0  0  0 
2.186593e-003
4  7  9  3  0  0  0  0  0  0 
6.746718e-018
4  1  5  6  3  0  0  0  0  0 
3.383578e-018
4  1  5  0  0  0  0  0  0  0 
1.167913e-003
4  6  5  0  0  0  0  0  0  0 
1.159693e-003
4  6  0  0  0  0  0  0  0  0 
1.629522e-003
4  1  5  6  0  0  0  0  0  0 
3.377284e-018
4  7  9  3  6  0  0  0  0  0 
2.258541e-018
4  7  0  0  0  0  0  0  0  0 
2.186025e-002
4  6  3  9  7  0  0  0  0  0 
2.273116e-018
4   6   3  10   9   7   0   0   0   0 
1.704281e-018
4   1  11   8   0   0   0   0   0   0 
1.184306e-002
4  1  5  2  8  0  0  0  0  0 
6.801620e-018
4  6  5  2  8  0  0  0  0  0 
6.804780e-018
4  7  9  0  0  0  0  0  0  0 
3.087770e-004
4  6  3  9  0  0  0  0  0  0 
6.174083e-018
4   6   3  10   9   0   0   0   0   0 
3.492891e-018
4   7   9  10   0   0   0   0   0   0 
3.924321e-004
4   6   3  10   0   0   0   0   0   0 
3.534929e-004
4   6   3   9  10   0   0   0   0   0 
6.667617e-018
4   1  11   0   0   0   0   0   0   0 
8.934993e-003
4   6   5   1  11   0   0   0   0   0 
3.402810e-018
5  1  0  0  0  0  0  0  0  0 
6.764359e-003
5  6  4  1  0  0  0  0  0  0 
3.399379e-018
5   2   8  11   1   0   0   0   0   0 
2.267668e-018
5  2  0  0  0  0  0  0  0  0 
7.869001e-003
5   1  11   8   2   0   0   0   0   0 
2.268765e-018
5  6  3  0  0  0  0  0  0  0 
2.418947e-003
5  1  4  6  3  0  0  0  0  0 
3.390024e-018
5  1  4  0  0  0  0  0  0  0 
1.132540e-003
5  6  4  0  0  0  0  0  0  0 
1.146418e-003
5  6  0  0  0  0  0  0  0  0 
5.231815e-003
5  1  4  6  0  0  0  0  0  0 
3.399271e-018
5  1  4  7  0  0  0  0  0  0 
5.940661e-003
5  6  4  7  0  0  0  0  0  0 
5.847293e-003
5  6  3  9  7  0  0  0  0  0 
6.805544e-018
5  2  8  0  0  0  0  0  0  0 
1.756732e-002
5   1  11   8   0   0   0   0   0   0 
6.800774e-018
5  6  3  9  0  0  0  0  0  0 
8.218900e-004
5  1  4  7  9  0  0  0  0  0 
6.521512e-018
5  6  4  7  9  0  0  0  0  0 
6.520896e-018
5   6   3  10   0   0   0   0   0   0 
2.052129e-003
5   6   3   9  10   0   0   0   0   0 
6.749417e-018
5   1  11   0   0   0   0   0   0   0 
1.978029e-002
5   2   8  11   0   0   0   0   0   0 
6.805106e-018
6  4  1  0  0  0  0  0  0  0 
4.533490e-004
6  5  1  0  0  0  0  0  0  0 
4.647200e-004
6  5  2  0  0  0  0  0  0  0 
2.856538e-003
6  4  1  5  2  0  0  0  0  0 
3.392079e-018
6  3  0  0  0  0  0  0  0  0 
2.074620e-003
6  4  7  9  3  0  0  0  0  0 
2.263127e-018
6   4   7   9  10   3   0   0   0   0 
1.698824e-018
6  4  0  0  0  0  0  0  0  0 
4.159186e-003
6  5  1  4  0  0  0  0  0  0 
3.395251e-018
6  3  9  7  4  0  0  0  0  0 
2.267922e-018
6  5  0  0  0  0  0  0  0  0 
4.512942e-003
6  4  1  5  0  0  0  0  0  0 
3.397379e-018
6  4  7  0  0  0  0  0  0  0 
3.048222e-003
6  3  9  7  0  0  0  0  0  0 
6.775127e-018
6  5  2  8  0  0  0  0  0  0 
6.500576e-003
6   4   1  11   8   0   0   0   0   0 
6.782618e-018
6   5   1  11   8   0   0   0   0   0 
6.782808e-018
6  3  9  0  0  0  0  0  0  0 
2.006220e-004
6   3  10   9   0   0   0   0   0   0 
3.077999e-018
6  4  7  9  0  0  0  0  0  0 
2.968007e-018
6   3  10   0   0   0   0   0   0   0 
1.074178e-003
6   3   9  10   0   0   0   0   0   0 
6.626355e-018
6   4   7   9  10   0   0   0   0   0 
3.353608e-018
6   4   1  11   0   0   0   0   0   0 
1.841937e-003
6   5   1  11   0   0   0   0   0   0 
1.914690e-003
6   5   2   8  11   0   0   0   0   0 
6.737756e-018
7  4  1  0  0  0  0  0  0  0 
6.236128e-003
7  4  6  5  1  0  0  0  0  0 
3.400744e-018
7  4  6  5  2  0  0  0  0  0 
4.158819e-003
7  4  1  5  2  0  0  0  0  0 
3.730909e-003
7  9  3  6  5  2  0  0  0  0 
6.788779e-018
7  9  3  0  0  0  0  0  0  0 
2.046449e-003
7  4  6  3  0  0  0  0  0  0 
6.719312e-018
7   9  10   3   0   0   0   0   0   0 
6.726013e-018
7  4  0  0  0  0  0  0  0  0 
3.299084e-002
7  9  3  6  4  0  0  0  0  0 
2.273089e-018
7   9  10   3   6   4   0   0   0   0 
1.704530e-018
7  4  6  5  0  0  0  0  0  0 
4.315145e-003
7  4  1  5  0  0  0  0  0  0 
3.850568e-003
7  9  3  6  5  0  0  0  0  0 
6.790201e-018
7  4  6  0  0  0  0  0  0  0 
2.336829e-003
7  9  3  6  0  0  0  0  0  0 
6.756223e-018
7   4   1  11   8   0   0   0   0   0 
2.340047e-002
7  4  6  5  2  8  0  0  0  0 
6.812704e-018
7  4  1  5  2  8  0  0  0  0 
6.809297e-018
7  9  0  0  0  0  0  0  0  0 
2.474584e-003
7  4  6  3  9  0  0  0  0  0 
2.263627e-018
7   4   6   3  10   9   0   0   0   0 
1.698969e-018
7   9  10   0   0   0   0   0   0   0 
1.079735e-002
7   9   3  10   0   0   0   0   0   0 
6.801782e-018
7   4   6   3  10   0   0   0   0   0 
3.399308e-018
7   4   1  11   0   0   0   0   0   0 
2.183529e-002
8  11   1   0   0   0   0   0   0   0 
5.248899e-003
8  2  5  1  0  0  0  0  0  0 
6.784813e-018
8  2  0  0  0  0  0  0  0  0 
2.208023e-003
8  11   1   5   2   0   0   0   0   0 
2.261542e-018
8  11   1   4   6   5   2   0   0   0 
1.359024e-018
8  2  5  6  3  0  0  0  0  0 
3.657297e-003
8  11   1   5   6   3   0   0   0   0 
6.758585e-018
8  11   1   4   6   3   0   0   0   0 
6.760090e-018
8  11   1   4   0   0   0   0   0   0 
2.394673e-003
8  2  5  1  4  0  0  0  0  0 
6.738480e-018
8  2  5  6  4  0  0  0  0  0 
6.738857e-018
8  2  5  0  0  0  0  0  0  0 
8.752659e-003
8  11   1   5   0   0   0   0   0   0 
6.790855e-018
8  2  5  6  0  0  0  0  0  0 
4.185777e-003
8  11   1   5   6   0   0   0   0   0 
6.768130e-018
8  11   1   4   6   0   0   0   0   0 
6.769819e-018
8  11   1   4   7   0   0   0   0   0 
2.095739e-002
8  2  5  1  4  7  0  0  0  0 
6.809023e-018
8  2  5  6  4  7  0  0  0  0 
6.809571e-018
8  11   1   4   7   9   0   0   0   0 
3.519531e-004
8  2  5  6  3  9  0  0  0  0 
2.997279e-004
8  11   1   5   6   3   9   0   0   0 
6.758909e-018
8   2   5   6   3  10   0   0   0   0 
6.899634e-003
8   2   5   6   3   9  10   0   0   0 
6.805873e-018
8  11   1   4   7   9  10   0   0   0 
6.793576e-018
8  11   0   0   0   0   0   0   0   0 
4.704691e-002
8   2   5   1  11   0   0   0   0   0 
2.270598e-018
9  7  4  1  0  0  0  0  0  0 
6.802390e-004
9  3  6  4  1  0  0  0  0  0 
6.320800e-018
9  3  6  5  1  0  0  0  0  0 
6.319181e-018
9  3  6  5  2  0  0  0  0  0 
1.476393e-003
9  10   3   6   5   2   0   0   0   0 
6.675370e-018
9  7  4  6  5  2  0  0  0  0 
6.676104e-018
9  3  0  0  0  0  0  0  0  0 
3.238312e-003
9  10   3   0   0   0   0   0   0   0 
6.761702e-018
9  7  4  6  3  0  0  0  0  0 
2.263911e-018
9  7  4  0  0  0  0  0  0  0 
2.648960e-004
9  3  6  4  0  0  0  0  0  0 
6.135232e-018
9  10   3   6   4   0   0   0   0   0 
3.449772e-018
9  3  6  5  0  0  0  0  0  0 
1.709014e-003
9  10   3   6   5   0   0   0   0   0 
6.703645e-018
9  7  4  6  5  0  0  0  0  0 
6.703501e-018
9  3  6  0  0  0  0  0  0  0 
4.154820e-004
9  10   3   6   0   0   0   0   0   0 
6.848072e-018
9  7  4  6  0  0  0  0  0  0 
6.885831e-018
9  7  0  0  0  0  0  0  0  0 
2.184752e-003
9  3  6  4  7  0  0  0  0  0 
2.262181e-018
9  10   3   6   4   7   0   0   0   0 
1.698279e-018
9   7   4   1  11   8   0   0   0   0 
1.075584e-003
9  3  6  5  2  8  0  0  0  0 
1.072946e-003
9  10   3   6   5   2   8   0   0   0 
6.695688e-018
9  10   0   0   0   0   0   0   0   0 
9.413150e-004
9   3  10   0   0   0   0   0   0   0 
6.639747e-018
9   7   4   1  11   0   0   0   0   0 
1.730704e-003
9   3   6   4   1  11   0   0   0   0 
6.708228e-018
9   3   6   5   1  11   0   0   0   0 
6.708662e-018
10   3   6   4   1   0   0   0   0   0 
1.152820e-003
10   9   7   4   1   0   0   0   0   0 
1.368399e-003
10   3   6   5   1   0   0   0   0   0 
1.186096e-003
10   3   6   5   2   0   0   0   0   0 
3.443446e-003
10   9   3   6   5   2   0   0   0   0 
6.778431e-018
10   3   0   0   0   0   0   0   0   0 
3.288481e-003
10   9   3   0   0   0   0   0   0   0 
6.776192e-018
10   3   6   4   0   0   0   0   0   0 
1.023186e-003
10   9   7   4   0   0   0   0   0   0 
1.205231e-003
10   3   9   7   4   0   0   0   0   0 
6.694552e-018
10   3   6   5   0   0   0   0   0   0 
2.625816e-003
10   9   3   6   5   0   0   0   0   0 
6.763937e-018
10   3   6   0   0   0   0   0   0   0 
1.880327e-003
10   9   3   6   0   0   0   0   0   0 
6.739116e-018
10   9   7   0   0   0   0   0   0   0 
8.806487e-003
10   3   9   7   0   0   0   0   0   0 
6.801546e-018
10   3   6   5   2   8   0   0   0   0 
9.818089e-003
10   9   3   6   5   2   8   0   0   0 
6.811622e-018
10   3   6   5   1  11   8   0   0   0 
6.792714e-018
10   9   0   0   0   0   0   0   0   0 
1.058283e-003
10   3   9   0   0   0   0   0   0   0 
6.655093e-018
10   3   6   4   1  11   0   0   0   0 
4.345501e-003
10   3   6   5   1  11   0   0   0   0 
4.468465e-003
10   9   7   4   1  11   0   0   0   0 
6.891245e-003
11   1   0   0   0   0   0   0   0   0 
3.630899e-002
11   8   2   5   1   0   0   0   0   0 
2.270769e-018
11   8   2   0   0   0   0   0   0   0 
3.627098e-003
11   1   5   2   0   0   0   0   0   0 
6.764632e-018
11   1   4   6   3   0   0   0   0   0 
3.323314e-003
11   1   5   6   3   0   0   0   0   0 
3.420479e-003
11   8   2   5   6   3   0   0   0   0 
6.767854e-018
11   1   4   0   0   0   0   0   0   0 
1.750187e-003
11   1   5   6   4   0   0   0   0   0 
3.383359e-018
11   1   5   0   0   0   0   0   0   0 
1.074647e-002
11   8   2   5   0   0   0   0   0   0 
6.798187e-018
11   1   4   6   5   0   0   0   0   0 
3.402234e-018
11   1   4   6   0   0   0   0   0   0 
1.737183e-003
11   1   5   6   0   0   0   0   0   0 
1.855073e-003
11   8   2   5   6   0   0   0   0   0 
6.734671e-018
11   1   4   7   0   0   0   0   0   0 
1.932659e-002
11   8   0   0   0   0   0   0   0   0 
1.885292e-002
11   1   5   2   8   0   0   0   0   0 
2.269915e-018
11   1   4   7   9   0   0   0   0   0 
5.690820e-004
11   1   4   6   3   9   0   0   0   0 
6.325969e-018
11   1   5   6   3   9   0   0   0   0 
6.332162e-018
11   1   4   7   9  10   0   0   0   0 
9.600911e-004
11   1   5   6   3  10   0   0   0   0 
8.858543e-004
11   1   4   6   3  10   0   0   0   0 
8.394947e-004
