1  5  2  0  0  0  0  0  0  0 
3.087577e-003
1  11   8   2   0   0   0   0   0   0 
4.391889e-016
1  4  6  5  2  0  0  0  0  0 
2.204654e-016
1  4  6  3  0  0  0  0  0  0 
1.120578e-003
1  5  6  3  0  0  0  0  0  0 
1.172679e-003
1  4  7  9  3  0  0  0  0  0 
4.357521e-016
1  4  0  0  0  0  0  0  0  0 
2.385185e-003
1  5  6  4  0  0  0  0  0  0 
2.203491e-016
1  5  0  0  0  0  0  0  0  0 
4.033238e-003
1  4  6  5  0  0  0  0  0  0 
2.207317e-016
1  11   8   2   5   0   0   0   0   0 
1.472800e-016
1  4  6  0  0  0  0  0  0  0 
2.551657e-003
1  5  6  0  0  0  0  0  0  0 
2.631181e-003
1  4  7  0  0  0  0  0  0  0 
1.356467e-002
1  5  6  4  7  0  0  0  0  0 
2.212770e-016
1  11   8   0   0   0   0   0   0   0 
1.338751e-002
1  5  2  8  0  0  0  0  0  0 
4.423706e-016
1  4  6  5  2  8  0  0  0  0 
1.475629e-016
1  4  7  9  0  0  0  0  0  0 
2.982530e-004
1  4  6  3  9  0  0  0  0  0 
3.945825e-016
1  5  6  3  9  0  0  0  0  0 
3.930377e-016
1   4   6   3  10   0   0   0   0   0 
1.507991e-003
1   5   6   3  10   0   0   0   0   0 
1.693372e-003
1   4   7   9  10   0   0   0   0   0 
2.517578e-003
1  11   0   0   0   0   0   0   0   0 
4.608843e-002
1   5   2   8  11   0   0   0   0   0 
1.476202e-016
2  5  1  0  0  0  0  0  0  0 
4.832521e-003
2   8  11   1   0   0   0   0   0   0 
4.406062e-016
2  5  6  4  1  0  0  0  0  0 
2.207879e-016
2  5  6  3  0  0  0  0  0  0 
1.956740e-002
2  5  1  4  6  3  0  0  0  0 
2.213697e-016
2  5  1  4  0  0  0  0  0  0 
5.885330e-003
2  5  6  4  0  0  0  0  0  0 
5.647448e-003
2   8  11   1   4   0   0   0   0   0 
4.410830e-016
2  5  0  0  0  0  0  0  0  0 
4.045473e-002
2   8  11   1   5   0   0   0   0   0 
1.476113e-016
2   8  11   1   4   6   5   0   0   0 
8.856816e-017
2  5  6  0  0  0  0  0  0  0 
1.126660e-002
2  5  1  4  6  0  0  0  0  0 
2.212679e-016
2  5  1  4  7  0  0  0  0  0 
2.548544e-002
2  5  6  4  7  0  0  0  0  0 
2.731932e-002
2   8  11   1   4   7   0   0   0   0 
4.424875e-016
2  8  0  0  0  0  0  0  0  0 
2.312159e-002
2   5   1  11   8   0   0   0   0   0 
1.475176e-016
2  5  6  3  9  0  0  0  0  0 
3.210158e-003
2   5   6   3  10   9   0   0   0   0 
4.387792e-016
2  5  1  4  7  9  0  0  0  0 
4.384457e-016
2   5   6   3  10   0   0   0   0   0 
2.728823e-002
2   5   6   3   9  10   0   0   0   0 
4.451348e-016
2   8  11   0   0   0   0   0   0   0 
1.693281e-002
2   5   1  11   0   0   0   0   0   0 
4.418793e-016
3  6  4  1  0  0  0  0  0  0 
7.185265e-004
3  6  5  1  0  0  0  0  0  0 
7.715205e-004
3  9  7  4  1  0  0  0  0  0 
4.319316e-016
3  6  5  2  0  0  0  0  0  0 
3.690448e-003
3  6  4  1  5  2  0  0  0  0 
2.207323e-016
3  6  4  0  0  0  0  0  0  0 
9.427340e-004
3  9  7  4  0  0  0  0  0  0 
4.330885e-016
3  6  5  0  0  0  0  0  0  0 
2.537342e-003
3  6  4  1  5  0  0  0  0  0 
2.204033e-016
3  6  0  0  0  0  0  0  0  0 
1.163720e-003
3  9  7  4  6  0  0  0  0  0 
1.467283e-016
3  10   9   7   4   6   0   0   0   0 
1.101779e-016
3  9  7  0  0  0  0  0  0  0 
1.710302e-003
3  10   9   7   0   0   0   0   0   0 
4.352890e-016
3  6  4  7  0  0  0  0  0  0 
4.342644e-016
3  6  5  2  8  0  0  0  0  0 
4.547622e-003
3   6   4   1  11   8   0   0   0   0 
4.401363e-016
3   6   5   1  11   8   0   0   0   0 
4.401395e-016
3  9  0  0  0  0  0  0  0  0 
1.151943e-003
3  10   9   0   0   0   0   0   0   0 
4.326413e-016
3  6  4  7  9  0  0  0  0  0 
1.462573e-016
3  10   0   0   0   0   0   0   0   0 
1.021768e-003
3   9  10   0   0   0   0   0   0   0 
4.342886e-016
3   6   4   1  11   0   0   0   0   0 
6.852855e-003
3   6   5   1  11   0   0   0   0   0 
7.161211e-003
3   9   7   4   1  11   0   0   0   0 
4.432207e-016
4  1  0  0  0  0  0  0  0  0 
1.139064e-003
4  6  5  1  0  0  0  0  0  0 
2.191737e-016
4  1  5  2  0  0  0  0  0  0 
5.229407e-003
4  6  5  2  0  0  0  0  0  0 
5.622997e-003
4   1  11   8   2   0   0   0   0   0 
4.408199e-016
4  6  3  0  0  0  0  0  0  0 
2.077178e-003
4  7  9  3  0  0  0  0  0  0 
4.383960e-016
4  1  5  6  3  0  0  0  0  0 
2.198173e-016
4  1  5  0  0  0  0  0  0  0 
1.022566e-003
4  6  5  0  0  0  0  0  0  0 
9.231345e-004
4  6  0  0  0  0  0  0  0  0 
1.051966e-003
4  1  5  6  0  0  0  0  0  0 
2.185045e-016
4  7  9  3  6  0  0  0  0  0 
1.464051e-016
4  7  0  0  0  0  0  0  0  0 
2.092417e-003
4  6  3  9  7  0  0  0  0  0 
1.472773e-016
4   6   3  10   9   7   0   0   0   0 
1.104929e-016
4   1  11   8   0   0   0   0   0   0 
1.351696e-002
4  1  5  2  8  0  0  0  0  0 
4.423574e-016
4  6  5  2  8  0  0  0  0  0 
4.425922e-016
4  7  9  0  0  0  0  0  0  0 
3.388280e-004
4  6  3  9  0  0  0  0  0  0 
4.070346e-016
4   6   3  10   9   0   0   0   0   0 
2.114006e-016
4   7   9  10   0   0   0   0   0   0 
3.165444e-004
4   6   3  10   0   0   0   0   0   0 
2.752476e-004
4   6   3   9  10   0   0   0   0   0 
4.222192e-016
4   1  11   0   0   0   0   0   0   0 
7.974456e-003
4   6   5   1  11   0   0   0   0   0 
2.211827e-016
5  1  0  0  0  0  0  0  0  0 
5.888147e-003
5  6  4  1  0  0  0  0  0  0 
2.209147e-016
5   2   8  11   1   0   0   0   0   0 
1.473895e-016
5  2  0  0  0  0  0  0  0  0 
8.036357e-003
5   1  11   8   2   0   0   0   0   0 
1.474845e-016
5  6  3  0  0  0  0  0  0  0 
3.605632e-003
5  1  4  6  3  0  0  0  0  0 
2.207583e-016
5  1  4  0  0  0  0  0  0  0 
1.709288e-003
5  6  4  0  0  0  0  0  0  0 
1.595887e-003
5  6  0  0  0  0  0  0  0  0 
3.621704e-003
5  1  4  6  0  0  0  0  0  0 
2.207616e-016
5  1  4  7  0  0  0  0  0  0 
6.273362e-003
5  6  4  7  0  0  0  0  0  0 
6.121704e-003
5  6  3  9  7  0  0  0  0  0 
4.432258e-016
5  2  8  0  0  0  0  0  0  0 
1.493812e-002
5   1  11   8   0   0   0   0   0   0 
4.419449e-016
5  6  3  9  0  0  0  0  0  0 
9.470020e-004
5  1  4  7  9  0  0  0  0  0 
4.293941e-016
5  6  4  7  9  0  0  0  0  0 
4.294230e-016
5   6   3  10   0   0   0   0   0   0 
1.341448e-003
5   6   3   9  10   0   0   0   0   0 
4.367705e-016
5   1  11   0   0   0   0   0   0   0 
2.203749e-002
5   2   8  11   0   0   0   0   0   0 
4.424796e-016
6  4  1  0  0  0  0  0  0  0 
4.865209e-004
6  5  1  0  0  0  0  0  0  0 
5.270601e-004
6  5  2  0  0  0  0  0  0  0 
3.333174e-003
6  4  1  5  2  0  0  0  0  0 
2.206545e-016
6  3  0  0  0  0  0  0  0  0 
1.038994e-003
6  4  7  9  3  0  0  0  0  0 
1.465578e-016
6   4   7   9  10   3   0   0   0   0 
1.101140e-016
6  4  0  0  0  0  0  0  0  0 
6.807330e-004
6  5  1  4  0  0  0  0  0  0 
2.169485e-016
6  3  9  7  4  0  0  0  0  0 
1.456444e-016
6  5  0  0  0  0  0  0  0  0 
5.759433e-003
6  4  1  5  0  0  0  0  0  0 
2.209936e-016
6  4  7  0  0  0  0  0  0  0 
3.334579e-003
6  3  9  7  0  0  0  0  0  0 
4.414873e-016
6  5  2  8  0  0  0  0  0  0 
6.733676e-003
6   4   1  11   8   0   0   0   0   0 
4.409913e-016
6   5   1  11   8   0   0   0   0   0 
4.409942e-016
6  3  9  0  0  0  0  0  0  0 
1.329860e-004
6   3  10   9   0   0   0   0   0   0 
3.501710e-016
6  4  7  9  0  0  0  0  0  0 
3.504382e-016
6   3  10   0   0   0   0   0   0   0 
1.089208e-003
6   3   9  10   0   0   0   0   0   0 
4.335577e-016
6   4   7   9  10   0   0   0   0   0 
2.187746e-016
6   4   1  11   0   0   0   0   0   0 
1.539848e-003
6   5   1  11   0   0   0   0   0   0 
1.907294e-003
6   5   2   8  11   0   0   0   0   0 
4.372675e-016
7  4  1  0  0  0  0  0  0  0 
7.908106e-003
7  4  6  5  1  0  0  0  0  0 
2.211799e-016
7  4  6  5  2  0  0  0  0  0 
4.030711e-003
7  4  1  5  2  0  0  0  0  0 
3.944313e-003
7  9  3  6  5  2  0  0  0  0 
4.420606e-016
7  9  3  0  0  0  0  0  0  0 
1.296907e-003
7  4  6  3  0  0  0  0  0  0 
4.321409e-016
7   9  10   3   0   0   0   0   0   0 
4.333086e-016
7  4  0  0  0  0  0  0  0  0 
4.029126e-003
7  9  3  6  4  0  0  0  0  0 
1.475520e-016
7   9  10   3   6   4   0   0   0   0 
1.106869e-016
7  4  6  5  0  0  0  0  0  0 
2.731640e-003
7  4  1  5  0  0  0  0  0  0 
2.795190e-003
7  9  3  6  5  0  0  0  0  0 
4.408684e-016
7  4  6  0  0  0  0  0  0  0 
2.086655e-003
7  9  3  6  0  0  0  0  0  0 
4.392031e-016
7   4   1  11   8   0   0   0   0   0 
2.204734e-002
7  4  6  5  2  8  0  0  0  0 
4.429311e-016
7  4  1  5  2  8  0  0  0  0 
4.426904e-016
7  9  0  0  0  0  0  0  0  0 
2.424865e-003
7  4  6  3  9  0  0  0  0  0 
1.472109e-016
7   4   6   3  10   9   0   0   0   0 
1.104553e-016
7   9  10   0   0   0   0   0   0   0 
7.703137e-003
7   9   3  10   0   0   0   0   0   0 
4.417771e-016
7   4   6   3  10   0   0   0   0   0 
2.207111e-016
7   4   1  11   0   0   0   0   0   0 
2.219117e-002
8  11   1   0   0   0   0   0   0   0 
5.220641e-003
8  2  5  1  0  0  0  0  0  0 
4.410464e-016
8  2  0  0  0  0  0  0  0  0 
2.735810e-003
8  11   1   5   2   0   0   0   0   0 
1.471281e-016
8  11   1   4   6   5   2   0   0   0 
8.839109e-017
8  2  5  6  3  0  0  0  0  0 
2.834323e-003
8  11   1   5   6   3   0   0   0   0 
4.384705e-016
8  11   1   4   6   3   0   0   0   0 
4.385978e-016
8  11   1   4   0   0   0   0   0   0 
1.971482e-003
8  2  5  1  4  0  0  0  0  0 
4.367534e-016
8  2  5  6  4  0  0  0  0  0 
4.367730e-016
8  2  5  0  0  0  0  0  0  0 
8.239636e-003
8  11   1   5   0   0   0   0   0   0 
4.414326e-016
8  2  5  6  0  0  0  0  0  0 
3.652929e-003
8  11   1   5   6   0   0   0   0   0 
4.395123e-016
8  11   1   4   6   0   0   0   0   0 
4.396583e-016
8  11   1   4   7   0   0   0   0   0 
1.909458e-002
8  2  5  1  4  7  0  0  0  0 
4.425406e-016
8  2  5  6  4  7  0  0  0  0 
4.425945e-016
8  11   1   4   7   9   0   0   0   0 
1.843595e-003
8  2  5  6  3  9  0  0  0  0 
2.568055e-003
8  11   1   5   6   3   9   0   0   0 
4.386274e-016
8   2   5   6   3  10   0   0   0   0 
6.799219e-003
8   2   5   6   3   9  10   0   0   0 
4.436376e-016
8  11   1   4   7   9  10   0   0   0 
4.424552e-016
8  11   0   0   0   0   0   0   0   0 
3.964778e-002
8   2   5   1  11   0   0   0   0   0 
1.475854e-016
9  7  4  1  0  0  0  0  0  0 
1.140881e-003
9  3  6  4  1  0  0  0  0  0 
4.326257e-016
9  3  6  5  1  0  0  0  0  0 
4.326183e-016
9  3  6  5  2  0  0  0  0  0 
6.622630e-004
9  10   3   6   5   2   0   0   0   0 
4.237410e-016
9  7  4  6  5  2  0  0  0  0 
4.236394e-016
9  3  0  0  0  0  0  0  0  0 
4.261173e-003
9  10   3   0   0   0   0   0   0   0 
4.404091e-016
9  7  4  6  3  0  0  0  0  0 
1.472526e-016
9  7  4  0  0  0  0  0  0  0 
3.386830e-004
9  3  6  4  0  0  0  0  0  0 
4.092797e-016
9  10   3   6   4   0   0   0   0   0 
2.113490e-016
9  3  6  5  0  0  0  0  0  0 
2.399489e-003
9  10   3   6   5   0   0   0   0   0 
4.378572e-016
9  7  4  6  5  0  0  0  0  0 
4.372961e-016
9  3  6  0  0  0  0  0  0  0 
2.863650e-004
9  10   3   6   0   0   0   0   0   0 
4.008219e-016
9  7  4  6  0  0  0  0  0  0 
4.033508e-016
9  7  0  0  0  0  0  0  0  0 
3.501912e-003
9  3  6  4  7  0  0  0  0  0 
1.473464e-016
9  10   3   6   4   7   0   0   0   0 
1.105701e-016
9   7   4   1  11   8   0   0   0   0 
1.034760e-003
9  3  6  5  2  8  0  0  0  0 
1.670878e-003
9  10   3   6   5   2   8   0   0   0 
4.362621e-016
9  10   0   0   0   0   0   0   0   0 
7.624780e-004
9   3  10   0   0   0   0   0   0   0 
4.299396e-016
9   7   4   1  11   0   0   0   0   0 
1.858680e-003
9   3   6   4   1  11   0   0   0   0 
4.367901e-016
9   3   6   5   1  11   0   0   0   0 
4.368091e-016
10   3   6   4   1   0   0   0   0   0 
8.884489e-004
10   9   7   4   1   0   0   0   0   0 
1.060341e-003
10   3   6   5   1   0   0   0   0   0 
9.654973e-004
10   3   6   5   2   0   0   0   0   0 
3.255165e-003
10   9   3   6   5   2   0   0   0   0 
4.411885e-016
10   3   0   0   0   0   0   0   0   0 
2.951455e-003
10   9   3   0   0   0   0   0   0   0 
4.408186e-016
10   3   6   4   0   0   0   0   0   0 
1.084888e-003
10   9   7   4   0   0   0   0   0   0 
1.346969e-003
10   3   9   7   4   0   0   0   0   0 
4.359955e-016
10   3   6   5   0   0   0   0   0   0 
3.295415e-003
10   9   3   6   5   0   0   0   0   0 
4.412326e-016
10   3   6   0   0   0   0   0   0   0 
1.430034e-003
10   9   3   6   0   0   0   0   0   0 
4.368333e-016
10   9   7   0   0   0   0   0   0   0 
7.776532e-003
10   3   9   7   0   0   0   0   0   0 
4.424356e-016
10   3   6   5   2   8   0   0   0   0 
9.419106e-003
10   9   3   6   5   2   8   0   0   0 
4.434954e-016
10   3   6   5   1  11   8   0   0   0 
4.414677e-016
10   9   0   0   0   0   0   0   0   0 
9.896290e-004
10   3   9   0   0   0   0   0   0   0 
4.330575e-016
10   3   6   4   1  11   0   0   0   0 
3.263084e-003
10   3   6   5   1  11   0   0   0   0 
3.442329e-003
10   9   7   4   1  11   0   0   0   0 
5.208274e-003
11   1   0   0   0   0   0   0   0   0 
2.861304e-002
11   8   2   5   1   0   0   0   0   0 
1.475966e-016
11   8   2   0   0   0   0   0   0   0 
3.227488e-003
11   1   5   2   0   0   0   0   0   0 
4.393165e-016
11   1   4   6   3   0   0   0   0   0 
1.193619e-003
11   1   5   6   3   0   0   0   0   0 
1.350231e-003
11   8   2   5   6   3   0   0   0   0 
4.353550e-016
11   1   4   0   0   0   0   0   0   0 
1.838290e-003
11   1   5   6   4   0   0   0   0   0 
2.200168e-016
11   1   5   0   0   0   0   0   0   0 
9.858090e-003
11   8   2   5   0   0   0   0   0   0 
4.417814e-016
11   1   4   6   5   0   0   0   0   0 
2.211420e-016
11   1   4   6   0   0   0   0   0   0 
1.644663e-003
11   1   5   6   0   0   0   0   0   0 
1.818213e-003
11   8   2   5   6   0   0   0   0   0 
4.371622e-016
11   1   4   7   0   0   0   0   0   0 
2.088385e-002
11   8   0   0   0   0   0   0   0   0 
1.872195e-002
11   1   5   2   8   0   0   0   0   0 
1.475596e-016
11   1   4   7   9   0   0   0   0   0 
4.461200e-004
11   1   4   6   3   9   0   0   0   0 
4.142516e-016
11   1   5   6   3   9   0   0   0   0 
4.135149e-016
11   1   4   7   9  10   0   0   0   0 
1.162018e-003
11   1   5   6   3  10   0   0   0   0 
9.094140e-004
11   1   4   6   3  10   0   0   0   0 
7.600102e-004
