1  5  2  0  0  0  0  0  0  0 
4.533020e-003
1  11   8   2   0   0   0   0   0   0 
2.079478e-014
1  4  6  5  2  0  0  0  0  0 
1.041552e-014
1  4  6  3  0  0  0  0  0  0 
1.044611e-003
1  5  6  3  0  0  0  0  0  0 
1.032636e-003
1  4  7  9  3  0  0  0  0  0 
2.050969e-014
1  4  0  0  0  0  0  0  0  0 
1.115463e-003
1  5  6  4  0  0  0  0  0  0 
1.035819e-014
1  5  0  0  0  0  0  0  0  0 
4.106056e-003
1  4  6  5  0  0  0  0  0  0 
1.041757e-014
1  11   8   2   5   0   0   0   0   0 
6.951599e-015
1  4  6  0  0  0  0  0  0  0 
1.394269e-003
1  5  6  0  0  0  0  0  0  0 
1.371734e-003
1  4  7  0  0  0  0  0  0  0 
5.432537e-003
1  5  6  4  7  0  0  0  0  0 
1.042801e-014
1  11   8   0   0   0   0   0   0   0 
1.391562e-002
1  5  2  8  0  0  0  0  0  0 
2.086643e-014
1  4  6  5  2  8  0  0  0  0 
6.960809e-015
1  4  7  9  0  0  0  0  0  0 
3.135110e-004
1  4  6  3  9  0  0  0  0  0 
1.653167e-014
1  5  6  3  9  0  0  0  0  0 
1.663584e-014
1   4   6   3  10   0   0   0   0   0 
1.609494e-003
1   5   6   3  10   0   0   0   0   0 
1.577820e-003
1   4   7   9  10   0   0   0   0   0 
2.458279e-003
1  11   0   0   0   0   0   0   0   0 
4.499977e-002
1   5   2   8  11   0   0   0   0   0 
6.963848e-015
2  5  1  0  0  0  0  0  0  0 
4.788216e-003
2   8  11   1   0   0   0   0   0   0 
2.079837e-014
2  5  6  4  1  0  0  0  0  0 
1.041852e-014
2  5  6  3  0  0  0  0  0  0 
1.733453e-002
2  5  1  4  6  3  0  0  0  0 
1.044046e-014
2  5  1  4  0  0  0  0  0  0 
5.176918e-003
2  5  6  4  0  0  0  0  0  0 
5.100635e-003
2   8  11   1   4   0   0   0   0   0 
2.082981e-014
2  5  0  0  0  0  0  0  0  0 
4.031940e-002
2   8  11   1   5   0   0   0   0   0 
6.963421e-015
2   8  11   1   4   6   5   0   0   0 
4.178107e-015
2  5  6  0  0  0  0  0  0  0 
1.438056e-002
2  5  1  4  6  0  0  0  0  0 
1.043919e-014
2  5  1  4  7  0  0  0  0  0 
2.348893e-002
2  5  6  4  7  0  0  0  0  0 
2.501702e-002
2   8  11   1   4   7   0   0   0   0 
2.087790e-014
2  8  0  0  0  0  0  0  0  0 
2.088212e-002
2   5   1  11   8   0   0   0   0   0 
6.961172e-015
2  5  6  3  9  0  0  0  0  0 
2.521689e-003
2   5   6   3  10   9   0   0   0   0 
2.088507e-014
2  5  1  4  7  9  0  0  0  0 
2.090402e-014
2   5   6   3  10   0   0   0   0   0 
2.905265e-002
2   5   6   3   9  10   0   0   0   0 
2.074221e-014
2   8  11   0   0   0   0   0   0   0 
2.085262e-002
2   5   1  11   0   0   0   0   0   0 
2.086708e-014
3  6  4  1  0  0  0  0  0  0 
3.785047e-004
3  6  5  1  0  0  0  0  0  0 
3.919063e-004
3  9  7  4  1  0  0  0  0  0 
2.126042e-014
3  6  5  2  0  0  0  0  0  0 
4.187959e-003
3  6  4  1  5  2  0  0  0  0 
1.042227e-014
3  6  4  0  0  0  0  0  0  0 
6.222750e-004
3  9  7  4  0  0  0  0  0  0 
1.989943e-014
3  6  5  0  0  0  0  0  0  0 
2.501520e-003
3  6  4  1  5  0  0  0  0  0 
1.040618e-014
3  6  0  0  0  0  0  0  0  0 
1.278211e-003
3  9  7  4  6  0  0  0  0  0 
6.894204e-015
3  10   9   7   4   6   0   0   0   0 
5.194912e-015
3  9  7  0  0  0  0  0  0  0 
1.166089e-003
3  10   9   7   0   0   0   0   0   0 
2.049173e-014
3  6  4  7  0  0  0  0  0  0 
2.067102e-014
3  6  5  2  8  0  0  0  0  0 
5.945327e-003
3   6   4   1  11   8   0   0   0   0 
2.080530e-014
3   6   5   1  11   8   0   0   0   0 
2.080607e-014
3  9  0  0  0  0  0  0  0  0 
9.855860e-004
3  10   9   0   0   0   0   0   0   0 
2.069189e-014
3  6  4  7  9  0  0  0  0  0 
6.880911e-015
3  10   0   0   0   0   0   0   0   0 
1.172480e-003
3   9  10   0   0   0   0   0   0   0 
2.010249e-014
3   6   4   1  11   0   0   0   0   0 
4.112206e-003
3   6   5   1  11   0   0   0   0   0 
4.222188e-003
3   9   7   4   1  11   0   0   0   0 
2.063331e-014
4  1  0  0  0  0  0  0  0  0 
3.671750e-004
4  6  5  1  0  0  0  0  0  0 
1.023374e-014
4  1  5  2  0  0  0  0  0  0 
4.622509e-003
4  6  5  2  0  0  0  0  0  0 
5.382259e-003
4   1  11   8   2   0   0   0   0   0 
2.083560e-014
4  6  3  0  0  0  0  0  0  0 
1.233044e-003
4  7  9  3  0  0  0  0  0  0 
2.015890e-014
4  1  5  6  3  0  0  0  0  0 
1.027628e-014
4  1  5  0  0  0  0  0  0  0 
8.650709e-004
4  6  5  0  0  0  0  0  0  0 
8.627831e-004
4  6  0  0  0  0  0  0  0  0 
9.877970e-004
4  1  5  6  0  0  0  0  0  0 
1.030692e-014
4  7  9  3  6  0  0  0  0  0 
6.870798e-015
4  7  0  0  0  0  0  0  0  0 
3.058916e-003
4  6  3  9  7  0  0  0  0  0 
6.929935e-015
4   6   3  10   9   7   0   0   0   0 
5.214717e-015
4   1  11   8   0   0   0   0   0   0 
1.258013e-002
4  1  5  2  8  0  0  0  0  0 
2.086022e-014
4  6  5  2  8  0  0  0  0  0 
2.085874e-014
4  7  9  0  0  0  0  0  0  0 
1.898360e-004
4  6  3  9  0  0  0  0  0  0 
2.298613e-014
4   6   3  10   9   0   0   0   0   0 
8.140999e-015
4   7   9  10   0   0   0   0   0   0 
3.061572e-004
4   6   3  10   0   0   0   0   0   0 
2.753048e-004
4   6   3   9  10   0   0   0   0   0 
2.236686e-014
4   1  11   0   0   0   0   0   0   0 
7.471502e-003
4   6   5   1  11   0   0   0   0   0 
1.043260e-014
5  1  0  0  0  0  0  0  0  0 
5.826510e-003
5  6  4  1  0  0  0  0  0  0 
1.042695e-014
5   2   8  11   1   0   0   0   0   0 
6.955204e-015
5  2  0  0  0  0  0  0  0  0 
5.265265e-003
5   1  11   8   2   0   0   0   0   0 
6.956402e-015
5  6  3  0  0  0  0  0  0  0 
2.057737e-003
5  1  4  6  3  0  0  0  0  0 
1.039560e-014
5  1  4  0  0  0  0  0  0  0 
1.718843e-003
5  6  4  0  0  0  0  0  0  0 
1.655221e-003
5  6  0  0  0  0  0  0  0  0 
3.072433e-003
5  1  4  6  0  0  0  0  0  0 
1.041223e-014
5  1  4  7  0  0  0  0  0  0 
5.349044e-003
5  6  4  7  0  0  0  0  0  0 
5.310913e-003
5  6  3  9  7  0  0  0  0  0 
2.067407e-014
5  2  8  0  0  0  0  0  0  0 
1.944162e-002
5   1  11   8   0   0   0   0   0   0 
2.086839e-014
5  6  3  9  0  0  0  0  0  0 
1.094918e-003
5  1  4  7  9  0  0  0  0  0 
2.047074e-014
5  6  4  7  9  0  0  0  0  0 
2.046449e-014
5   6   3  10   0   0   0   0   0   0 
3.842720e-003
5   6   3   9  10   0   0   0   0   0 
2.055258e-014
5   1  11   0   0   0   0   0   0   0 
1.703635e-002
5   2   8  11   0   0   0   0   0   0 
2.087269e-014
6  4  1  0  0  0  0  0  0  0 
5.299787e-004
6  5  1  0  0  0  0  0  0  0 
5.508333e-004
6  5  2  0  0  0  0  0  0  0 
1.747782e-003
6  4  1  5  2  0  0  0  0  0 
1.038915e-014
6  3  0  0  0  0  0  0  0  0 
1.282851e-003
6  4  7  9  3  0  0  0  0  0 
6.904755e-015
6   4   7   9  10   3   0   0   0   0 
5.192223e-015
6  4  0  0  0  0  0  0  0  0 
4.943360e-004
6  5  1  4  0  0  0  0  0  0 
1.009704e-014
6  3  9  7  4  0  0  0  0  0 
6.711866e-015
6  5  0  0  0  0  0  0  0  0 
3.114371e-003
6  4  1  5  0  0  0  0  0  0 
1.041403e-014
6  4  7  0  0  0  0  0  0  0 
2.223442e-003
6  3  9  7  0  0  0  0  0  0 
2.047393e-014
6  5  2  8  0  0  0  0  0  0 
6.308150e-003
6   4   1  11   8   0   0   0   0   0 
2.081100e-014
6   5   1  11   8   0   0   0   0   0 
2.081178e-014
6  3  9  0  0  0  0  0  0  0 
1.476520e-004
6   3  10   9   0   0   0   0   0   0 
4.039955e-014
6  4  7  9  0  0  0  0  0  0 
4.427145e-014
6   3  10   0   0   0   0   0   0   0 
9.170640e-004
6   3   9  10   0   0   0   0   0   0 
1.960560e-014
6   4   7   9  10   0   0   0   0   0 
1.013038e-014
6   4   1  11   0   0   0   0   0   0 
1.632540e-003
6   5   1  11   0   0   0   0   0   0 
1.743123e-003
6   5   2   8  11   0   0   0   0   0 
2.077151e-014
7  4  1  0  0  0  0  0  0  0 
6.785662e-003
7  4  6  5  1  0  0  0  0  0 
1.043115e-014
7  4  6  5  2  0  0  0  0  0 
3.845078e-003
7  4  1  5  2  0  0  0  0  0 
3.406555e-003
7  9  3  6  5  2  0  0  0  0 
2.071111e-014
7  9  3  0  0  0  0  0  0  0 
2.038634e-003
7  4  6  3  0  0  0  0  0  0 
2.080637e-014
7   9  10   3   0   0   0   0   0   0 
2.062630e-014
7  4  0  0  0  0  0  0  0  0 
3.780372e-002
7  9  3  6  4  0  0  0  0  0 
6.959369e-015
7   9  10   3   6   4   0   0   0   0 
5.223355e-015
7  4  6  5  0  0  0  0  0  0 
3.011344e-003
7  4  1  5  0  0  0  0  0  0 
2.739071e-003
7  9  3  6  5  0  0  0  0  0 
2.067273e-014
7  4  6  0  0  0  0  0  0  0 
1.842103e-003
7  9  3  6  0  0  0  0  0  0 
2.050611e-014
7   4   1  11   8   0   0   0   0   0 
1.644107e-002
7  4  6  5  2  8  0  0  0  0 
2.086896e-014
7  4  1  5  2  8  0  0  0  0 
2.086972e-014
7  9  0  0  0  0  0  0  0  0 
2.363034e-003
7  4  6  3  9  0  0  0  0  0 
6.919737e-015
7   4   6   3  10   9   0   0   0   0 
5.209345e-015
7   9  10   0   0   0   0   0   0   0 
6.382791e-003
7   9   3  10   0   0   0   0   0   0 
2.077803e-014
7   4   6   3  10   0   0   0   0   0 
1.043893e-014
7   4   1  11   0   0   0   0   0   0 
2.343320e-002
8  11   1   0   0   0   0   0   0   0 
5.190354e-003
8  2  5  1  0  0  0  0  0  0 
2.081971e-014
8  2  0  0  0  0  0  0  0  0 
1.858784e-003
8  11   1   5   2   0   0   0   0   0 
6.936051e-015
8  11   1   4   6   5   2   0   0   0 
4.167060e-015
8  2  5  6  3  0  0  0  0  0 
4.361127e-003
8  11   1   5   6   3   0   0   0   0 
2.076433e-014
8  11   1   4   6   3   0   0   0   0 
2.075521e-014
8  11   1   4   0   0   0   0   0   0 
1.993053e-003
8  2  5  1  4  0  0  0  0  0 
2.054596e-014
8  2  5  6  4  0  0  0  0  0 
2.054379e-014
8  2  5  0  0  0  0  0  0  0 
8.537892e-003
8  11   1   5   0   0   0   0   0   0 
2.084012e-014
8  2  5  6  0  0  0  0  0  0 
3.129029e-003
8  11   1   5   6   0   0   0   0   0 
2.070168e-014
8  11   1   4   6   0   0   0   0   0 
2.068960e-014
8  11   1   4   7   0   0   0   0   0 
1.749201e-002
8  2  5  1  4  7  0  0  0  0 
2.087549e-014
8  2  5  6  4  7  0  0  0  0 
2.087593e-014
8  11   1   4   7   9   0   0   0   0 
7.401063e-004
8  2  5  6  3  9  0  0  0  0 
9.477687e-004
8  11   1   5   6   3   9   0   0   0 
2.072121e-014
8   2   5   6   3  10   0   0   0   0 
8.533487e-003
8   2   5   6   3   9  10   0   0   0 
2.066493e-014
8  11   1   4   7   9  10   0   0   0 
2.079891e-014
8  11   0   0   0   0   0   0   0   0 
4.830118e-002
8   2   5   1  11   0   0   0   0   0 
6.963622e-015
9  7  4  1  0  0  0  0  0  0 
3.119378e-003
9  3  6  4  1  0  0  0  0  0 
2.056630e-014
9  3  6  5  1  0  0  0  0  0 
2.056707e-014
9  3  6  5  2  0  0  0  0  0 
6.627420e-004
9  10   3   6   5   2   0   0   0   0 
1.941065e-014
9  7  4  6  5  2  0  0  0  0 
1.965248e-014
9  3  0  0  0  0  0  0  0  0 
2.279106e-003
9  10   3   0   0   0   0   0   0   0 
2.074227e-014
9  7  4  6  3  0  0  0  0  0 
6.944391e-015
9  7  4  0  0  0  0  0  0  0 
4.221670e-004
9  3  6  4  0  0  0  0  0  0 
1.878696e-014
9  10   3   6   4   0   0   0   0   0 
9.464288e-015
9  3  6  5  0  0  0  0  0  0 
2.259829e-003
9  10   3   6   5   0   0   0   0   0 
2.066633e-014
9  7  4  6  5  0  0  0  0  0 
2.076534e-014
9  3  6  0  0  0  0  0  0  0 
1.880970e-004
9  10   3   6   0   0   0   0   0   0 
2.706196e-014
9  7  4  6  0  0  0  0  0  0 
2.777947e-014
9  7  0  0  0  0  0  0  0  0 
2.189391e-003
9  3  6  4  7  0  0  0  0  0 
6.927646e-015
9  10   3   6   4   7   0   0   0   0 
5.205595e-015
9   7   4   1  11   8   0   0   0   0 
7.576277e-004
9  3  6  5  2  8  0  0  0  0 
8.308983e-004
9  10   3   6   5   2   8   0   0   0 
2.082625e-014
9  10   0   0   0   0   0   0   0   0 
8.981070e-004
9   3  10   0   0   0   0   0   0   0 
2.041956e-014
9   7   4   1  11   0   0   0   0   0 
1.890770e-003
9   3   6   4   1  11   0   0   0   0 
2.034948e-014
9   3   6   5   1  11   0   0   0   0 
2.035033e-014
10   3   6   4   1   0   0   0   0   0 
8.145521e-004
10   9   7   4   1   0   0   0   0   0 
8.464505e-004
10   3   6   5   1   0   0   0   0   0 
8.455514e-004
10   3   6   5   2   0   0   0   0   0 
2.509038e-003
10   9   3   6   5   2   0   0   0   0 
2.057413e-014
10   3   0   0   0   0   0   0   0   0 
6.378859e-003
10   9   3   0   0   0   0   0   0   0 
2.074054e-014
10   3   6   4   0   0   0   0   0   0 
3.251003e-004
10   9   7   4   0   0   0   0   0   0 
3.277557e-004
10   3   9   7   4   0   0   0   0   0 
2.197855e-014
10   3   6   5   0   0   0   0   0   0 
2.216739e-003
10   9   3   6   5   0   0   0   0   0 
2.053958e-014
10   3   6   0   0   0   0   0   0   0 
1.721473e-003
10   9   3   6   0   0   0   0   0   0 
2.045620e-014
10   9   7   0   0   0   0   0   0   0 
8.847573e-003
10   3   9   7   0   0   0   0   0   0 
2.068824e-014
10   3   6   5   2   8   0   0   0   0 
7.841351e-003
10   9   3   6   5   2   8   0   0   0 
2.075058e-014
10   3   6   5   1  11   8   0   0   0 
2.082964e-014
10   9   0   0   0   0   0   0   0   0 
7.686580e-004
10   3   9   0   0   0   0   0   0   0 
2.011088e-014
10   3   6   4   1  11   0   0   0   0 
3.142880e-003
10   3   6   5   1  11   0   0   0   0 
3.247530e-003
10   9   7   4   1  11   0   0   0   0 
4.098974e-003
11   1   0   0   0   0   0   0   0   0 
4.832417e-002
11   8   2   5   1   0   0   0   0   0 
6.964347e-015
11   8   2   0   0   0   0   0   0   0 
2.991720e-003
11   1   5   2   0   0   0   0   0   0 
2.076338e-014
11   1   4   6   3   0   0   0   0   0 
1.232656e-003
11   1   5   6   3   0   0   0   0   0 
1.214163e-003
11   8   2   5   6   3   0   0   0   0 
2.079595e-014
11   1   4   0   0   0   0   0   0   0 
1.499558e-003
11   1   5   6   4   0   0   0   0   0 
1.037984e-014
11   1   5   0   0   0   0   0   0   0 
8.958256e-003
11   8   2   5   0   0   0   0   0   0 
2.085020e-014
11   1   4   6   5   0   0   0   0   0 
1.043203e-014
11   1   4   6   0   0   0   0   0   0 
2.809818e-003
11   1   5   6   0   0   0   0   0   0 
2.626780e-003
11   8   2   5   6   0   0   0   0   0 
2.080103e-014
11   1   4   7   0   0   0   0   0   0 
1.920366e-002
11   8   0   0   0   0   0   0   0   0 
1.859295e-002
11   1   5   2   8   0   0   0   0   0 
6.961731e-015
11   1   4   7   9   0   0   0   0   0 
4.599840e-004
11   1   4   6   3   9   0   0   0   0 
1.768102e-014
11   1   5   6   3   9   0   0   0   0 
1.775172e-014
11   1   4   7   9  10   0   0   0   0 
1.189681e-003
11   1   5   6   3  10   0   0   0   0 
8.947633e-004
11   1   4   6   3  10   0   0   0   0 
8.837277e-004
