1  5  2  0  0  0  0  0  0  0 
4.211739e-003
1  11   8   2   0   0   0   0   0   0 
2.472651e-014
1  4  6  5  2  0  0  0  0  0 
1.243199e-014
1  4  6  3  0  0  0  0  0  0 
1.300940e-003
1  5  6  3  0  0  0  0  0  0 
1.407616e-003
1  4  7  9  3  0  0  0  0  0 
2.443907e-014
1  4  0  0  0  0  0  0  0  0 
2.284896e-003
1  5  6  4  0  0  0  0  0  0 
1.240754e-014
1  5  0  0  0  0  0  0  0  0 
3.686584e-003
1  4  6  5  0  0  0  0  0  0 
1.244132e-014
1  11   8   2   5   0   0   0   0   0 
8.313167e-015
1  4  6  0  0  0  0  0  0  0 
1.345954e-003
1  5  6  0  0  0  0  0  0  0 
1.543273e-003
1  4  7  0  0  0  0  0  0  0 
8.738657e-003
1  5  6  4  7  0  0  0  0  0 
1.250284e-014
1  11   8   0   0   0   0   0   0   0 
1.399669e-002
1  5  2  8  0  0  0  0  0  0 
2.497177e-014
1  4  6  5  2  8  0  0  0  0 
8.345697e-015
1  4  7  9  0  0  0  0  0  0 
3.863880e-004
1  4  6  3  9  0  0  0  0  0 
2.072708e-014
1  5  6  3  9  0  0  0  0  0 
2.083386e-014
1   4   6   3  10   0   0   0   0   0 
1.537476e-003
1   5   6   3  10   0   0   0   0   0 
1.741851e-003
1   4   7   9  10   0   0   0   0   0 
2.416469e-003
1  11   0   0   0   0   0   0   0   0 
4.265045e-002
1   5   2   8  11   0   0   0   0   0 
8.365231e-015
2  5  1  0  0  0  0  0  0  0 
4.687859e-003
2   8  11   1   0   0   0   0   0   0 
2.475577e-014
2  5  6  4  1  0  0  0  0  0 
1.244670e-014
2  5  6  3  0  0  0  0  0  0 
1.752111e-002
2  5  1  4  6  3  0  0  0  0 
1.252702e-014
2  5  1  4  0  0  0  0  0  0 
5.458579e-003
2  5  6  4  0  0  0  0  0  0 
5.189584e-003
2   8  11   1   4   0   0   0   0   0 
2.488808e-014
2  5  0  0  0  0  0  0  0  0 
4.153990e-002
2   8  11   1   5   0   0   0   0   0 
8.351059e-015
2   8  11   1   4   6   5   0   0   0 
5.016364e-015
2  5  6  0  0  0  0  0  0  0 
1.622265e-002
2  5  1  4  6  0  0  0  0  0 
1.252460e-014
2  5  1  4  7  0  0  0  0  0 
2.560001e-002
2  5  6  4  7  0  0  0  0  0 
2.282223e-002
2   8  11   1   4   7   0   0   0   0 
2.503538e-014
2  8  0  0  0  0  0  0  0  0 
2.008340e-002
2   5   1  11   8   0   0   0   0   0 
8.350453e-015
2  5  6  3  9  0  0  0  0  0 
2.819318e-003
2   5   6   3  10   9   0   0   0   0 
2.468873e-014
2  5  1  4  7  9  0  0  0  0 
2.470556e-014
2   5   6   3  10   0   0   0   0   0 
3.242958e-002
2   5   6   3   9  10   0   0   0   0 
2.508319e-014
2   8  11   0   0   0   0   0   0   0 
2.004938e-002
2   5   1  11   0   0   0   0   0   0 
2.499202e-014
3  6  4  1  0  0  0  0  0  0 
3.195212e-004
3  6  5  1  0  0  0  0  0  0 
3.423918e-004
3  9  7  4  1  0  0  0  0  0 
2.503603e-014
3  6  5  2  0  0  0  0  0  0 
4.351051e-003
3  6  4  1  5  2  0  0  0  0 
1.247069e-014
3  6  4  0  0  0  0  0  0  0 
5.302050e-004
3  9  7  4  0  0  0  0  0  0 
2.347152e-014
3  6  5  0  0  0  0  0  0  0 
2.487963e-003
3  6  4  1  5  0  0  0  0  0 
1.241968e-014
3  6  0  0  0  0  0  0  0  0 
1.386507e-003
3  9  7  4  6  0  0  0  0  0 
8.246813e-015
3  10   9   7   4   6   0   0   0   0 
6.205437e-015
3  9  7  0  0  0  0  0  0  0 
9.144410e-004
3  10   9   7   0   0   0   0   0   0 
2.337755e-014
3  6  4  7  0  0  0  0  0  0 
2.323812e-014
3  6  5  2  8  0  0  0  0  0 
6.247590e-003
3   6   4   1  11   8   0   0   0   0 
2.482214e-014
3   6   5   1  11   8   0   0   0   0 
2.482242e-014
3  9  0  0  0  0  0  0  0  0 
1.079239e-003
3  10   9   0   0   0   0   0   0   0 
2.421543e-014
3  6  4  7  9  0  0  0  0  0 
8.194545e-015
3  10   0   0   0   0   0   0   0   0 
1.126987e-003
3   9  10   0   0   0   0   0   0   0 
2.391405e-014
3   6   4   1  11   0   0   0   0   0 
4.366737e-003
3   6   5   1  11   0   0   0   0   0 
4.865060e-003
3   9   7   4   1  11   0   0   0   0 
2.483929e-014
4  1  0  0  0  0  0  0  0  0 
5.403010e-004
4  6  5  1  0  0  0  0  0  0 
1.209334e-014
4  1  5  2  0  0  0  0  0  0 
1.465439e-003
4  6  5  2  0  0  0  0  0  0 
1.351808e-003
4   1  11   8   2   0   0   0   0   0 
2.463654e-014
4  6  3  0  0  0  0  0  0  0 
1.384120e-003
4  7  9  3  0  0  0  0  0  0 
2.406259e-014
4  1  5  6  3  0  0  0  0  0 
1.226878e-014
4  1  5  0  0  0  0  0  0  0 
9.419203e-004
4  6  5  0  0  0  0  0  0  0 
8.628667e-004
4  6  0  0  0  0  0  0  0  0 
1.173952e-003
4  1  5  6  0  0  0  0  0  0 
1.229043e-014
4  7  9  3  6  0  0  0  0  0 
8.215692e-015
4  7  0  0  0  0  0  0  0  0 
2.533855e-003
4  6  3  9  7  0  0  0  0  0 
8.295037e-015
4   6   3  10   9   7   0   0   0   0 
6.237225e-015
4   1  11   8   0   0   0   0   0   0 
1.227569e-002
4  1  5  2  8  0  0  0  0  0 
2.498925e-014
4  6  5  2  8  0  0  0  0  0 
2.499044e-014
4  7  9  0  0  0  0  0  0  0 
1.884960e-004
4  6  3  9  0  0  0  0  0  0 
2.151154e-014
4   6   3  10   9   0   0   0   0   0 
8.959285e-015
4   7   9  10   0   0   0   0   0   0 
4.011518e-004
4   6   3  10   0   0   0   0   0   0 
3.269082e-004
4   6   3   9  10   0   0   0   0   0 
2.472976e-014
4   1  11   0   0   0   0   0   0   0 
7.584442e-003
4   6   5   1  11   0   0   0   0   0 
1.249768e-014
5  1  0  0  0  0  0  0  0  0 
5.727890e-003
5  6  4  1  0  0  0  0  0  0 
1.247256e-014
5   2   8  11   1   0   0   0   0   0 
8.324145e-015
5  2  0  0  0  0  0  0  0  0 
6.108526e-003
5   1  11   8   2   0   0   0   0   0 
8.333786e-015
5  6  3  0  0  0  0  0  0  0 
1.596929e-003
5  1  4  6  3  0  0  0  0  0 
1.236506e-014
5  1  4  0  0  0  0  0  0  0 
1.687186e-003
5  6  4  0  0  0  0  0  0  0 
1.651267e-003
5  6  0  0  0  0  0  0  0  0 
3.099473e-003
5  1  4  6  0  0  0  0  0  0 
1.244272e-014
5  1  4  7  0  0  0  0  0  0 
6.841482e-003
5  6  4  7  0  0  0  0  0  0 
6.489014e-003
5  6  3  9  7  0  0  0  0  0 
2.494029e-014
5  2  8  0  0  0  0  0  0  0 
2.037216e-002
5   1  11   8   0   0   0   0   0   0 
2.499380e-014
5  6  3  9  0  0  0  0  0  0 
1.071354e-003
5  1  4  7  9  0  0  0  0  0 
2.372361e-014
5  6  4  7  9  0  0  0  0  0 
2.370664e-014
5   6   3  10   0   0   0   0   0   0 
4.008911e-003
5   6   3   9  10   0   0   0   0   0 
2.464846e-014
5   1  11   0   0   0   0   0   0   0 
1.647983e-002
5   2   8  11   0   0   0   0   0   0 
2.499491e-014
6  4  1  0  0  0  0  0  0  0 
5.867999e-004
6  5  1  0  0  0  0  0  0  0 
6.288091e-004
6  5  2  0  0  0  0  0  0  0 
2.068567e-003
6  4  1  5  2  0  0  0  0  0 
1.239614e-014
6  3  0  0  0  0  0  0  0  0 
9.793240e-004
6  4  7  9  3  0  0  0  0  0 
8.209980e-015
6   4   7   9  10   3   0   0   0   0 
6.179931e-015
6  4  0  0  0  0  0  0  0  0 
8.517690e-004
6  5  1  4  0  0  0  0  0  0 
1.217270e-014
6  3  9  7  4  0  0  0  0  0 
8.163206e-015
6  5  0  0  0  0  0  0  0  0 
3.079710e-003
6  4  1  5  0  0  0  0  0  0 
1.244319e-014
6  4  7  0  0  0  0  0  0  0 
2.226025e-003
6  3  9  7  0  0  0  0  0  0 
2.457144e-014
6  5  2  8  0  0  0  0  0  0 
6.314427e-003
6   4   1  11   8   0   0   0   0   0 
2.482548e-014
6   5   1  11   8   0   0   0   0   0 
2.482588e-014
6  3  9  0  0  0  0  0  0  0 
1.337530e-004
6   3  10   9   0   0   0   0   0   0 
2.192703e-014
6  4  7  9  0  0  0  0  0  0 
1.440416e-014
6   3  10   0   0   0   0   0   0   0 
9.006030e-004
6   3   9  10   0   0   0   0   0   0 
2.351367e-014
6   4   7   9  10   0   0   0   0   0 
1.212408e-014
6   4   1  11   0   0   0   0   0   0 
2.077323e-003
6   5   1  11   0   0   0   0   0   0 
2.326707e-003
6   5   2   8  11   0   0   0   0   0 
2.471476e-014
7  4  1  0  0  0  0  0  0  0 
7.263755e-003
7  4  6  5  1  0  0  0  0  0 
1.249596e-014
7  4  6  5  2  0  0  0  0  0 
3.154064e-003
7  4  1  5  2  0  0  0  0  0 
3.128992e-003
7  9  3  6  5  2  0  0  0  0 
2.475890e-014
7  9  3  0  0  0  0  0  0  0 
1.712404e-003
7  4  6  3  0  0  0  0  0  0 
2.447911e-014
7   9  10   3   0   0   0   0   0   0 
2.434587e-014
7  4  0  0  0  0  0  0  0  0 
6.563624e-003
7  9  3  6  4  0  0  0  0  0 
8.330264e-015
7   9  10   3   6   4   0   0   0   0 
6.254866e-015
7  4  6  5  0  0  0  0  0  0 
3.091865e-003
7  4  1  5  0  0  0  0  0  0 
3.072865e-003
7  9  3  6  5  0  0  0  0  0 
2.475340e-014
7  4  6  0  0  0  0  0  0  0 
1.689448e-003
7  9  3  6  0  0  0  0  0  0 
2.441793e-014
7   4   1  11   8   0   0   0   0   0 
1.623118e-002
7  4  6  5  2  8  0  0  0  0 
2.500757e-014
7  4  1  5  2  8  0  0  0  0 
2.499855e-014
7  9  0  0  0  0  0  0  0  0 
1.974284e-003
7  4  6  3  9  0  0  0  0  0 
8.267727e-015
7   4   6   3  10   9   0   0   0   0 
6.220226e-015
7   9  10   0   0   0   0   0   0   0 
6.800569e-003
7   9   3  10   0   0   0   0   0   0 
2.486851e-014
7   4   6   3  10   0   0   0   0   0 
1.247777e-014
7   4   1  11   0   0   0   0   0   0 
2.066666e-002
8  11   1   0   0   0   0   0   0   0 
4.816841e-003
8  2  5  1  0  0  0  0  0  0 
2.483018e-014
8  2  0  0  0  0  0  0  0  0 
2.000767e-003
8  11   1   5   2   0   0   0   0   0 
8.279387e-015
8  11   1   4   6   5   2   0   0   0 
4.984946e-015
8  2  5  6  3  0  0  0  0  0 
3.954659e-003
8  11   1   5   6   3   0   0   0   0 
2.466074e-014
8  11   1   4   6   3   0   0   0   0 
2.466124e-014
8  11   1   4   0   0   0   0   0   0 
2.071456e-003
8  2  5  1  4  0  0  0  0  0 
2.446451e-014
8  2  5  6  4  0  0  0  0  0 
2.446472e-014
8  2  5  0  0  0  0  0  0  0 
8.953015e-003
8  11   1   5   0   0   0   0   0   0 
2.493432e-014
8  2  5  6  0  0  0  0  0  0 
2.761989e-003
8  11   1   5   6   0   0   0   0   0 
2.459133e-014
8  11   1   4   6   0   0   0   0   0 
2.457462e-014
8  11   1   4   7   0   0   0   0   0 
1.732801e-002
8  2  5  1  4  7  0  0  0  0 
2.497435e-014
8  2  5  6  4  7  0  0  0  0 
2.498731e-014
8  11   1   4   7   9   0   0   0   0 
1.926297e-003
8  2  5  6  3  9  0  0  0  0 
3.043736e-003
8  11   1   5   6   3   9   0   0   0 
2.470425e-014
8   2   5   6   3  10   0   0   0   0 
7.584182e-003
8   2   5   6   3   9  10   0   0   0 
2.493505e-014
8  11   1   4   7   9  10   0   0   0 
2.493767e-014
8  11   0   0   0   0   0   0   0   0 
3.996259e-002
8   2   5   1  11   0   0   0   0   0 
8.361374e-015
9  7  4  1  0  0  0  0  0  0 
1.380121e-003
9  3  6  4  1  0  0  0  0  0 
2.402950e-014
9  3  6  5  1  0  0  0  0  0 
2.402684e-014
9  3  6  5  2  0  0  0  0  0 
3.880600e-004
9  10   3   6   5   2   0   0   0   0 
2.136318e-014
9  7  4  6  5  2  0  0  0  0 
2.160614e-014
9  3  0  0  0  0  0  0  0  0 
2.644539e-003
9  10   3   0   0   0   0   0   0   0 
2.458861e-014
9  7  4  6  3  0  0  0  0  0 
8.282720e-015
9  7  4  0  0  0  0  0  0  0 
6.498190e-004
9  3  6  4  0  0  0  0  0  0 
2.237551e-014
9  10   3   6   4   0   0   0   0   0 
1.164059e-014
9  3  6  5  0  0  0  0  0  0 
2.453862e-003
9  10   3   6   5   0   0   0   0   0 
2.458948e-014
9  7  4  6  5  0  0  0  0  0 
2.465086e-014
9  3  6  0  0  0  0  0  0  0 
3.257170e-004
9  10   3   6   0   0   0   0   0   0 
2.055167e-014
9  7  4  6  0  0  0  0  0  0 
2.082556e-014
9  7  0  0  0  0  0  0  0  0 
1.577224e-003
9  3  6  4  7  0  0  0  0  0 
8.247592e-015
9  10   3   6   4   7   0   0   0   0 
6.203718e-015
9   7   4   1  11   8   0   0   0   0 
7.701585e-004
9  3  6  5  2  8  0  0  0  0 
9.418085e-004
9  10   3   6   5   2   8   0   0   0 
2.446814e-014
9  10   0   0   0   0   0   0   0   0 
8.117450e-004
9   3  10   0   0   0   0   0   0   0 
2.398512e-014
9   7   4   1  11   0   0   0   0   0 
8.982850e-004
9   3   6   4   1  11   0   0   0   0 
2.253214e-014
9   3   6   5   1  11   0   0   0   0 
2.248410e-014
10   3   6   4   1   0   0   0   0   0 
9.726875e-004
10   9   7   4   1   0   0   0   0   0 
1.013347e-003
10   3   6   5   1   0   0   0   0   0 
1.052469e-003
10   3   6   5   2   0   0   0   0   0 
2.917758e-003
10   9   3   6   5   2   0   0   0   0 
2.464084e-014
10   3   0   0   0   0   0   0   0   0 
2.758834e-003
10   9   3   0   0   0   0   0   0   0 
2.462569e-014
10   3   6   4   0   0   0   0   0   0 
3.361995e-004
10   9   7   4   0   0   0   0   0   0 
3.372315e-004
10   3   9   7   4   0   0   0   0   0 
2.511081e-014
10   3   6   5   0   0   0   0   0   0 
2.943227e-003
10   9   3   6   5   0   0   0   0   0 
2.464314e-014
10   3   6   0   0   0   0   0   0   0 
1.656562e-003
10   9   3   6   0   0   0   0   0   0 
2.437970e-014
10   9   7   0   0   0   0   0   0   0 
8.232942e-003
10   3   9   7   0   0   0   0   0   0 
2.488523e-014
10   3   6   5   2   8   0   0   0   0 
7.540215e-003
10   9   3   6   5   2   8   0   0   0 
2.492398e-014
10   3   6   5   1  11   8   0   0   0 
2.489133e-014
10   9   0   0   0   0   0   0   0   0 
7.373600e-004
10   3   9   0   0   0   0   0   0   0 
2.380322e-014
10   3   6   4   1  11   0   0   0   0 
3.148953e-003
10   3   6   5   1  11   0   0   0   0 
3.513138e-003
10   9   7   4   1  11   0   0   0   0 
4.432975e-003
11   1   0   0   0   0   0   0   0   0 
3.740194e-002
11   8   2   5   1   0   0   0   0   0 
8.354616e-015
11   8   2   0   0   0   0   0   0   0 
4.157738e-003
11   1   5   2   0   0   0   0   0   0 
2.478320e-014
11   1   4   6   3   0   0   0   0   0 
1.050626e-003
11   1   5   6   3   0   0   0   0   0 
1.277061e-003
11   8   2   5   6   3   0   0   0   0 
2.458784e-014
11   1   4   0   0   0   0   0   0   0 
1.463848e-003
11   1   5   6   4   0   0   0   0   0 
1.234488e-014
11   1   5   0   0   0   0   0   0   0 
8.242687e-003
11   8   2   5   0   0   0   0   0   0 
2.492334e-014
11   1   4   6   5   0   0   0   0   0 
1.248917e-014
11   1   4   6   0   0   0   0   0   0 
2.379838e-003
11   1   5   6   0   0   0   0   0   0 
2.720704e-003
11   8   2   5   6   0   0   0   0   0 
2.475598e-014
11   1   4   7   0   0   0   0   0   0 
1.740178e-002
11   8   0   0   0   0   0   0   0   0 
1.896201e-002
11   1   5   2   8   0   0   0   0   0 
8.356129e-015
11   1   4   7   9   0   0   0   0   0 
5.755070e-004
11   1   4   6   3   9   0   0   0   0 
2.181260e-014
11   1   5   6   3   9   0   0   0   0 
2.174164e-014
11   1   4   7   9  10   0   0   0   0 
1.199465e-003
11   1   5   6   3  10   0   0   0   0 
1.013500e-003
11   1   4   6   3  10   0   0   0   0 
8.686333e-004
