1  5  2  0  0  0  0  0  0  0 
7.821056e-003
1  11   8   2   0   0   0   0   0   0 
1.673621e-015
1  4  6  5  2  0  0  0  0  0 
8.387592e-016
1  4  6  3  0  0  0  0  0  0 
7.444092e-004
1  5  6  3  0  0  0  0  0  0 
7.725788e-004
1  4  7  9  3  0  0  0  0  0 
1.641369e-015
1  4  0  0  0  0  0  0  0  0 
2.374494e-003
1  5  6  4  0  0  0  0  0  0 
8.344291e-016
1  5  0  0  0  0  0  0  0  0 
6.846489e-003
1  4  6  5  0  0  0  0  0  0 
8.386556e-016
1  11   8   2   5   0   0   0   0   0 
5.595932e-016
1  4  6  0  0  0  0  0  0  0 
9.284768e-004
1  5  6  0  0  0  0  0  0  0 
1.007196e-003
1  4  7  0  0  0  0  0  0  0 
1.281541e-002
1  5  6  4  7  0  0  0  0  0 
8.401306e-016
1  11   8   0   0   0   0   0   0   0 
1.136246e-002
1  5  2  8  0  0  0  0  0  0 
1.677121e-015
1  4  6  5  2  8  0  0  0  0 
5.602155e-016
1  4  7  9  0  0  0  0  0  0 
2.331100e-004
1  4  6  3  9  0  0  0  0  0 
1.558637e-015
1  5  6  3  9  0  0  0  0  0 
1.557789e-015
1   4   6   3  10   0   0   0   0   0 
1.766155e-003
1   5   6   3  10   0   0   0   0   0 
1.842607e-003
1   4   7   9  10   0   0   0   0   0 
2.333847e-003
1  11   0   0   0   0   0   0   0   0 
3.369527e-002
1   5   2   8  11   0   0   0   0   0 
5.606513e-016
2  5  1  0  0  0  0  0  0  0 
6.895382e-003
2   8  11   1   0   0   0   0   0   0 
1.671527e-015
2  5  6  4  1  0  0  0  0  0 
8.382052e-016
2  5  6  3  0  0  0  0  0  0 
1.470669e-002
2  5  1  4  6  3  0  0  0  0 
8.404073e-016
2  5  1  4  0  0  0  0  0  0 
4.300745e-003
2  5  6  4  0  0  0  0  0  0 
4.771683e-003
2   8  11   1   4   0   0   0   0   0 
1.669184e-015
2  5  0  0  0  0  0  0  0  0 
4.034811e-002
2   8  11   1   5   0   0   0   0   0 
5.606795e-016
2   8  11   1   4   6   5   0   0   0 
3.364490e-016
2  5  6  0  0  0  0  0  0  0 
1.420048e-002
2  5  1  4  6  0  0  0  0  0 
8.403649e-016
2  5  1  4  7  0  0  0  0  0 
2.162267e-002
2  5  6  4  7  0  0  0  0  0 
2.376894e-002
2   8  11   1   4   7   0   0   0   0 
1.679211e-015
2  8  0  0  0  0  0  0  0  0 
2.341570e-002
2   5   1  11   8   0   0   0   0   0 
5.603514e-016
2  5  6  3  9  0  0  0  0  0 
1.963907e-003
2   5   6   3  10   9   0   0   0   0 
1.642854e-015
2  5  1  4  7  9  0  0  0  0 
1.642488e-015
2   5   6   3  10   0   0   0   0   0 
1.693701e-002
2   5   6   3   9  10   0   0   0   0 
1.683291e-015
2   8  11   0   0   0   0   0   0   0 
2.734237e-002
2   5   1  11   0   0   0   0   0   0 
1.679231e-015
3  6  4  1  0  0  0  0  0  0 
8.175009e-004
3  6  5  1  0  0  0  0  0  0 
8.660081e-004
3  9  7  4  1  0  0  0  0  0 
1.638394e-015
3  6  5  2  0  0  0  0  0  0 
5.261190e-003
3  6  4  1  5  2  0  0  0  0 
8.381930e-016
3  6  4  0  0  0  0  0  0  0 
1.305620e-003
3  9  7  4  0  0  0  0  0  0 
1.635067e-015
3  6  5  0  0  0  0  0  0  0 
2.667853e-003
3  6  4  1  5  0  0  0  0  0 
8.351456e-016
3  6  0  0  0  0  0  0  0  0 
3.248138e-003
3  9  7  4  6  0  0  0  0  0 
5.588417e-016
3  10   9   7   4   6   0   0   0   0 
4.196001e-016
3  9  7  0  0  0  0  0  0  0 
3.597656e-003
3  10   9   7   0   0   0   0   0   0 
1.661402e-015
3  6  4  7  0  0  0  0  0  0 
1.658909e-015
3  6  5  2  8  0  0  0  0  0 
7.725491e-003
3   6   4   1  11   8   0   0   0   0 
1.671946e-015
3   6   5   1  11   8   0   0   0   0 
1.671940e-015
3  9  0  0  0  0  0  0  0  0 
5.149907e-003
3  10   9   0   0   0   0   0   0   0 
1.669975e-015
3  6  4  7  9  0  0  0  0  0 
5.589798e-016
3  10   0   0   0   0   0   0   0   0 
1.818060e-003
3   9  10   0   0   0   0   0   0   0 
1.645764e-015
3   6   4   1  11   0   0   0   0   0 
7.249978e-003
3   6   5   1  11   0   0   0   0   0 
7.225239e-003
3   9   7   4   1  11   0   0   0   0 
1.677839e-015
4  1  0  0  0  0  0  0  0  0 
3.503061e-003
4  6  5  1  0  0  0  0  0  0 
8.367624e-016
4  1  5  2  0  0  0  0  0  0 
1.017107e-003
4  6  5  2  0  0  0  0  0  0 
1.074803e-003
4   1  11   8   2   0   0   0   0   0 
1.646841e-015
4  6  3  0  0  0  0  0  0  0 
1.960001e-003
4  7  9  3  0  0  0  0  0  0 
1.644733e-015
4  1  5  6  3  0  0  0  0  0 
8.295990e-016
4  1  5  0  0  0  0  0  0  0 
1.619855e-003
4  6  5  0  0  0  0  0  0  0 
1.695160e-003
4  6  0  0  0  0  0  0  0  0 
1.818513e-003
4  1  5  6  0  0  0  0  0  0 
8.303799e-016
4  7  9  3  6  0  0  0  0  0 
5.560070e-016
4  7  0  0  0  0  0  0  0  0 
3.300121e-003
4  6  3  9  7  0  0  0  0  0 
5.589932e-016
4   6   3  10   9   7   0   0   0   0 
4.196883e-016
4   1  11   8   0   0   0   0   0   0 
1.538122e-002
4  1  5  2  8  0  0  0  0  0 
1.678586e-015
4  6  5  2  8  0  0  0  0  0 
1.679527e-015
4  7  9  0  0  0  0  0  0  0 
4.046800e-004
4  6  3  9  0  0  0  0  0  0 
1.489430e-015
4   6   3  10   9   0   0   0   0   0 
7.536620e-016
4   7   9  10   0   0   0   0   0   0 
4.837168e-004
4   6   3  10   0   0   0   0   0   0 
5.322742e-004
4   6   3   9  10   0   0   0   0   0 
1.641559e-015
4   1  11   0   0   0   0   0   0   0 
5.540849e-003
4   6   5   1  11   0   0   0   0   0 
8.385587e-016
5  1  0  0  0  0  0  0  0  0 
7.083696e-003
5  6  4  1  0  0  0  0  0  0 
8.386151e-016
5   2   8  11   1   0   0   0   0   0 
5.595627e-016
5  2  0  0  0  0  0  0  0  0 
1.344363e-002
5   1  11   8   2   0   0   0   0   0 
5.604012e-016
5  6  3  0  0  0  0  0  0  0 
3.650551e-003
5  1  4  6  3  0  0  0  0  0 
8.369071e-016
5  1  4  0  0  0  0  0  0  0 
1.382856e-003
5  6  4  0  0  0  0  0  0  0 
1.468149e-003
5  6  0  0  0  0  0  0  0  0 
4.805143e-003
5  1  4  6  0  0  0  0  0  0 
8.380241e-016
5  1  4  7  0  0  0  0  0  0 
9.829539e-003
5  6  4  7  0  0  0  0  0  0 
1.040708e-002
5  6  3  9  7  0  0  0  0  0 
1.681925e-015
5  2  8  0  0  0  0  0  0  0 
2.624861e-002
5   1  11   8   0   0   0   0   0   0 
1.679553e-015
5  6  3  9  0  0  0  0  0  0 
1.241409e-003
5  1  4  7  9  0  0  0  0  0 
1.613149e-015
5  6  4  7  9  0  0  0  0  0 
1.612987e-015
5   6   3  10   0   0   0   0   0   0 
3.315195e-003
5   6   3   9  10   0   0   0   0   0 
1.663493e-015
5   1  11   0   0   0   0   0   0   0 
1.789102e-002
5   2   8  11   0   0   0   0   0   0 
1.678558e-015
6  4  1  0  0  0  0  0  0  0 
1.010372e-003
6  5  1  0  0  0  0  0  0  0 
1.049374e-003
6  5  2  0  0  0  0  0  0  0 
3.333293e-003
6  4  1  5  2  0  0  0  0  0 
8.363616e-016
6  3  0  0  0  0  0  0  0  0 
5.156383e-003
6  4  7  9  3  0  0  0  0  0 
5.598080e-016
6   4   7   9  10   3   0   0   0   0 
4.201405e-016
6  4  0  0  0  0  0  0  0  0 
1.340014e-003
6  5  1  4  0  0  0  0  0  0 
8.269099e-016
6  3  9  7  4  0  0  0  0  0 
5.542629e-016
6  5  0  0  0  0  0  0  0  0 
3.766811e-003
6  4  1  5  0  0  0  0  0  0 
8.369322e-016
6  4  7  0  0  0  0  0  0  0 
4.560096e-003
6  3  9  7  0  0  0  0  0  0 
1.671226e-015
6  5  2  8  0  0  0  0  0  0 
1.199880e-002
6   4   1  11   8   0   0   0   0   0 
1.675981e-015
6   5   1  11   8   0   0   0   0   0 
1.675973e-015
6  3  9  0  0  0  0  0  0  0 
4.311850e-004
6   3  10   9   0   0   0   0   0   0 
1.443969e-015
6  4  7  9  0  0  0  0  0  0 
1.437923e-015
6   3  10   0   0   0   0   0   0   0 
1.518939e-003
6   3   9  10   0   0   0   0   0   0 
1.628698e-015
6   4   7   9  10   0   0   0   0   0 
8.260411e-016
6   4   1  11   0   0   0   0   0   0 
3.323978e-003
6   5   1  11   0   0   0   0   0   0 
3.335749e-003
6   5   2   8  11   0   0   0   0   0 
1.665373e-015
7  4  1  0  0  0  0  0  0  0 
6.225589e-003
7  4  6  5  1  0  0  0  0  0 
8.388993e-016
7  4  6  5  2  0  0  0  0  0 
6.025583e-003
7  4  1  5  2  0  0  0  0  0 
4.976666e-003
7  9  3  6  5  2  0  0  0  0 
1.675175e-015
7  9  3  0  0  0  0  0  0  0 
9.634602e-003
7  4  6  3  0  0  0  0  0  0 
1.671363e-015
7   9  10   3   0   0   0   0   0   0 
1.675454e-015
7  4  0  0  0  0  0  0  0  0 
3.651610e-003
7  9  3  6  4  0  0  0  0  0 
5.591782e-016
7   9  10   3   6   4   0   0   0   0 
4.197721e-016
7  4  6  5  0  0  0  0  0  0 
3.887787e-003
7  4  1  5  0  0  0  0  0  0 
3.443703e-003
7  9  3  6  5  0  0  0  0  0 
1.669623e-015
7  4  6  0  0  0  0  0  0  0 
3.787673e-003
7  9  3  6  0  0  0  0  0  0 
1.667592e-015
7   4   1  11   8   0   0   0   0   0 
2.598637e-002
7  4  6  5  2  8  0  0  0  0 
1.681515e-015
7  4  1  5  2  8  0  0  0  0 
1.680533e-015
7  9  0  0  0  0  0  0  0  0 
1.115382e-003
7  4  6  3  9  0  0  0  0  0 
5.530204e-016
7   4   6   3  10   9   0   0   0   0 
4.161673e-016
7   9  10   0   0   0   0   0   0   0 
8.667991e-003
7   9   3  10   0   0   0   0   0   0 
1.675965e-015
7   4   6   3  10   0   0   0   0   0 
8.385759e-016
7   4   1  11   0   0   0   0   0   0 
2.567021e-002
8  11   1   0   0   0   0   0   0   0 
7.315663e-003
8  2  5  1  0  0  0  0  0  0 
1.674720e-015
8  2  0  0  0  0  0  0  0  0 
2.249166e-003
8  11   1   5   2   0   0   0   0   0 
5.570299e-016
8  11   1   4   6   5   2   0   0   0 
3.350335e-016
8  2  5  6  3  0  0  0  0  0 
3.463861e-003
8  11   1   5   6   3   0   0   0   0 
1.658055e-015
8  11   1   4   6   3   0   0   0   0 
1.658155e-015
8  11   1   4   0   0   0   0   0   0 
1.606718e-003
8  2  5  1  4  0  0  0  0  0 
1.628760e-015
8  2  5  6  4  0  0  0  0  0 
1.628650e-015
8  2  5  0  0  0  0  0  0  0 
6.988315e-003
8  11   1   5   0   0   0   0   0   0 
1.672015e-015
8  2  5  6  0  0  0  0  0  0 
3.796453e-003
8  11   1   5   6   0   0   0   0   0 
1.659895e-015
8  11   1   4   6   0   0   0   0   0 
1.660017e-015
8  11   1   4   7   0   0   0   0   0 
2.045966e-002
8  2  5  1  4  7  0  0  0  0 
1.680652e-015
8  2  5  6  4  7  0  0  0  0 
1.680951e-015
8  11   1   4   7   9   0   0   0   0 
2.107619e-003
8  2  5  6  3  9  0  0  0  0 
2.640555e-003
8  11   1   5   6   3   9   0   0   0 
1.659477e-015
8   2   5   6   3  10   0   0   0   0 
7.386152e-003
8   2   5   6   3   9  10   0   0   0 
1.673590e-015
8  11   1   4   7   9  10   0   0   0 
1.671163e-015
8  11   0   0   0   0   0   0   0   0 
6.372607e-002
8   2   5   1  11   0   0   0   0   0 
5.607922e-016
9  7  4  1  0  0  0  0  0  0 
1.190641e-003
9  3  6  4  1  0  0  0  0  0 
1.602716e-015
9  3  6  5  1  0  0  0  0  0 
1.602740e-015
9  3  6  5  2  0  0  0  0  0 
8.233800e-004
9  10   3   6   5   2   0   0   0   0 
1.551679e-015
9  7  4  6  5  2  0  0  0  0 
1.559178e-015
9  3  0  0  0  0  0  0  0  0 
4.874785e-003
9  10   3   0   0   0   0   0   0   0 
1.667175e-015
9  7  4  6  3  0  0  0  0  0 
5.588848e-016
9  7  4  0  0  0  0  0  0  0 
6.939040e-004
9  3  6  4  0  0  0  0  0  0 
1.558265e-015
9  10   3   6   4   0   0   0   0   0 
7.963227e-016
9  3  6  5  0  0  0  0  0  0 
3.192265e-003
9  10   3   6   5   0   0   0   0   0 
1.657024e-015
9  7  4  6  5  0  0  0  0  0 
1.657834e-015
9  3  6  0  0  0  0  0  0  0 
4.285390e-004
9  10   3   6   0   0   0   0   0   0 
1.422914e-015
9  7  4  6  0  0  0  0  0  0 
1.431441e-015
9  7  0  0  0  0  0  0  0  0 
1.482139e-003
9  3  6  4  7  0  0  0  0  0 
5.548784e-016
9  10   3   6   4   7   0   0   0   0 
4.171572e-016
9   7   4   1  11   8   0   0   0   0 
1.094564e-003
9  3  6  5  2  8  0  0  0  0 
1.212738e-003
9  10   3   6   5   2   8   0   0   0 
1.644096e-015
9  10   0   0   0   0   0   0   0   0 
1.836074e-003
9   3  10   0   0   0   0   0   0   0 
1.651349e-015
9   7   4   1  11   0   0   0   0   0 
1.071931e-003
9   3   6   4   1  11   0   0   0   0 
1.589442e-015
9   3   6   5   1  11   0   0   0   0 
1.589473e-015
10   3   6   4   1   0   0   0   0   0 
1.056056e-003
10   9   7   4   1   0   0   0   0   0 
1.078422e-003
10   3   6   5   1   0   0   0   0   0 
1.090400e-003
10   3   6   5   2   0   0   0   0   0 
2.338956e-003
10   9   3   6   5   2   0   0   0   0 
1.656426e-015
10   3   0   0   0   0   0   0   0   0 
1.001287e-002
10   9   3   0   0   0   0   0   0   0 
1.679746e-015
10   3   6   4   0   0   0   0   0   0 
8.231480e-004
10   9   7   4   0   0   0   0   0   0 
8.639260e-004
10   3   9   7   4   0   0   0   0   0 
1.640216e-015
10   3   6   5   0   0   0   0   0   0 
3.939465e-003
10   9   3   6   5   0   0   0   0   0 
1.668046e-015
10   3   6   0   0   0   0   0   0   0 
1.305305e-003
10   9   3   6   0   0   0   0   0   0 
1.635806e-015
10   9   7   0   0   0   0   0   0   0 
1.315227e-002
10   3   9   7   0   0   0   0   0   0 
1.678689e-015
10   3   6   5   2   8   0   0   0   0 
1.003139e-002
10   9   3   6   5   2   8   0   0   0 
1.678795e-015
10   3   6   5   1  11   8   0   0   0 
1.674622e-015
10   9   0   0   0   0   0   0   0   0 
1.112277e-003
10   3   9   0   0   0   0   0   0   0 
1.630136e-015
10   3   6   4   1  11   0   0   0   0 
3.924478e-003
10   3   6   5   1  11   0   0   0   0 
3.964213e-003
10   9   7   4   1  11   0   0   0   0 
5.241009e-003
11   1   0   0   0   0   0   0   0   0 
2.391816e-002
11   8   2   5   1   0   0   0   0   0 
5.606661e-016
11   8   2   0   0   0   0   0   0   0 
5.446137e-003
11   1   5   2   0   0   0   0   0   0 
1.669033e-015
11   1   4   6   3   0   0   0   0   0 
3.355236e-003
11   1   5   6   3   0   0   0   0   0 
3.178753e-003
11   8   2   5   6   3   0   0   0   0 
1.665555e-015
11   1   4   0   0   0   0   0   0   0 
2.362829e-003
11   1   5   6   4   0   0   0   0   0 
8.343960e-016
11   1   5   0   0   0   0   0   0   0 
1.343371e-002
11   8   2   5   0   0   0   0   0   0 
1.677815e-015
11   1   4   6   5   0   0   0   0   0 
8.398990e-016
11   1   4   6   0   0   0   0   0   0 
1.851575e-003
11   1   5   6   0   0   0   0   0   0 
1.851552e-003
11   8   2   5   6   0   0   0   0   0 
1.656016e-015
11   1   4   7   0   0   0   0   0   0 
2.318455e-002
11   8   0   0   0   0   0   0   0   0 
2.681730e-002
11   1   5   2   8   0   0   0   0   0 
5.605379e-016
11   1   4   7   9   0   0   0   0   0 
9.811600e-004
11   1   4   6   3   9   0   0   0   0 
1.568666e-015
11   1   5   6   3   9   0   0   0   0 
1.569316e-015
11   1   4   7   9  10   0   0   0   0 
1.204940e-003
11   1   5   6   3  10   0   0   0   0 
1.097835e-003
11   1   4   6   3  10   0   0   0   0 
1.016565e-003
