1  5  2  0  0  0  0  0  0  0 
6.217574e-003
1  11   8   2   0   0   0   0   0   0 
1.021772e-013
1  4  6  5  2  0  0  0  0  0 
5.112904e-014
1  4  6  3  0  0  0  0  0  0 
1.307996e-003
1  5  6  3  0  0  0  0  0  0 
1.268912e-003
1  4  7  9  3  0  0  0  0  0 
1.015584e-013
1  4  0  0  0  0  0  0  0  0 
2.989876e-003
1  5  6  4  0  0  0  0  0  0 
5.108993e-014
1  5  0  0  0  0  0  0  0  0 
5.976851e-003
1  4  6  5  0  0  0  0  0  0 
5.113338e-014
1  11   8   2   5   0   0   0   0   0 
3.410032e-014
1  4  6  0  0  0  0  0  0  0 
1.152291e-003
1  5  6  0  0  0  0  0  0  0 
1.148972e-003
1  4  7  0  0  0  0  0  0  0 
5.560757e-003
1  5  6  4  7  0  0  0  0  0 
5.113491e-014
1  11   8   0   0   0   0   0   0   0 
1.686881e-002
1  5  2  8  0  0  0  0  0  0 
1.023166e-013
1  4  6  5  2  8  0  0  0  0 
3.411792e-014
1  4  7  9  0  0  0  0  0  0 
6.443290e-004
1  4  6  3  9  0  0  0  0  0 
9.702403e-014
1  5  6  3  9  0  0  0  0  0 
9.720729e-014
1   4   6   3  10   0   0   0   0   0 
1.766038e-003
1   5   6   3  10   0   0   0   0   0 
1.750869e-003
1   4   7   9  10   0   0   0   0   0 
2.762302e-003
1  11   0   0   0   0   0   0   0   0 
4.106890e-002
1   5   2   8  11   0   0   0   0   0 
3.412201e-014
2  5  1  0  0  0  0  0  0  0 
6.562678e-003
2   8  11   1   0   0   0   0   0   0 
1.021825e-013
2  5  6  4  1  0  0  0  0  0 
5.113270e-014
2  5  6  3  0  0  0  0  0  0 
1.728286e-002
2  5  1  4  6  3  0  0  0  0 
5.117167e-014
2  5  1  4  0  0  0  0  0  0 
3.852948e-003
2  5  6  4  0  0  0  0  0  0 
4.195025e-003
2   8  11   1   4   0   0   0   0   0 
1.021360e-013
2  5  0  0  0  0  0  0  0  0 
4.524925e-002
2   8  11   1   5   0   0   0   0   0 
3.412161e-014
2   8  11   1   4   6   5   0   0   0 
2.047365e-014
2  5  6  0  0  0  0  0  0  0 
1.451756e-002
2  5  1  4  6  0  0  0  0  0 
5.116830e-014
2  5  1  4  7  0  0  0  0  0 
2.238204e-002
2  5  6  4  7  0  0  0  0  0 
2.836486e-002
2   8  11   1   4   7   0   0   0   0 
1.023285e-013
2  8  0  0  0  0  0  0  0  0 
2.205118e-002
2   5   1  11   8   0   0   0   0   0 
3.411511e-014
2  5  6  3  9  0  0  0  0  0 
1.973270e-003
2   5   6   3  10   9   0   0   0   0 
1.020589e-013
2  5  1  4  7  9  0  0  0  0 
1.021432e-013
2   5   6   3  10   0   0   0   0   0 
3.258684e-002
2   5   6   3   9  10   0   0   0   0 
1.020704e-013
2   8  11   0   0   0   0   0   0   0 
2.392036e-002
2   5   1  11   0   0   0   0   0   0 
1.023049e-013
3  6  4  1  0  0  0  0  0  0 
6.911723e-004
3  6  5  1  0  0  0  0  0  0 
7.173087e-004
3  9  7  4  1  0  0  0  0  0 
1.010170e-013
3  6  5  2  0  0  0  0  0  0 
2.512710e-003
3  6  4  1  5  2  0  0  0  0 
5.107155e-014
3  6  4  0  0  0  0  0  0  0 
5.099240e-004
3  9  7  4  0  0  0  0  0  0 
9.956524e-014
3  6  5  0  0  0  0  0  0  0 
2.709969e-003
3  6  4  1  5  0  0  0  0  0 
5.107987e-014
3  6  0  0  0  0  0  0  0  0 
1.383308e-003
3  9  7  4  6  0  0  0  0  0 
3.395650e-014
3  10   9   7   4   6   0   0   0   0 
2.552586e-014
3  9  7  0  0  0  0  0  0  0 
1.535323e-003
3  10   9   7   0   0   0   0   0   0 
1.017618e-013
3  6  4  7  0  0  0  0  0  0 
1.021275e-013
3  6  5  2  8  0  0  0  0  0 
6.103673e-003
3   6   4   1  11   8   0   0   0   0 
1.021362e-013
3   6   5   1  11   8   0   0   0   0 
1.021356e-013
3  9  0  0  0  0  0  0  0  0 
1.346546e-003
3  10   9   0   0   0   0   0   0   0 
1.020184e-013
3  6  4  7  9  0  0  0  0  0 
3.400239e-014
3  10   0   0   0   0   0   0   0   0 
1.202800e-003
3   9  10   0   0   0   0   0   0   0 
1.004336e-013
3   6   4   1  11   0   0   0   0   0 
8.770721e-003
3   6   5   1  11   0   0   0   0   0 
8.787619e-003
3   9   7   4   1  11   0   0   0   0 
1.019624e-013
4  1  0  0  0  0  0  0  0  0 
5.809110e-004
4  6  5  1  0  0  0  0  0  0 
5.071640e-014
4  1  5  2  0  0  0  0  0  0 
1.539105e-003
4  6  5  2  0  0  0  0  0  0 
1.600217e-003
4   1  11   8   2   0   0   0   0   0 
1.019834e-013
4  6  3  0  0  0  0  0  0  0 
1.925832e-003
4  7  9  3  0  0  0  0  0  0 
1.013602e-013
4  1  5  6  3  0  0  0  0  0 
5.094545e-014
4  1  5  0  0  0  0  0  0  0 
1.453838e-003
4  6  5  0  0  0  0  0  0  0 
1.529484e-003
4  6  0  0  0  0  0  0  0  0 
9.569720e-004
4  1  5  6  0  0  0  0  0  0 
5.078647e-014
4  7  9  3  6  0  0  0  0  0 
3.388427e-014
4  7  0  0  0  0  0  0  0  0 
2.923790e-003
4  6  3  9  7  0  0  0  0  0 
3.403796e-014
4   6   3  10   9   7   0   0   0   0 
2.557113e-014
4   1  11   8   0   0   0   0   0   0 
1.115051e-002
4  1  5  2  8  0  0  0  0  0 
1.022692e-013
4  6  5  2  8  0  0  0  0  0 
1.022742e-013
4  7  9  0  0  0  0  0  0  0 
1.743350e-004
4  6  3  9  0  0  0  0  0  0 
1.232379e-013
4   6   3  10   9   0   0   0   0   0 
5.977962e-014
4   7   9  10   0   0   0   0   0   0 
2.712950e-004
4   6   3  10   0   0   0   0   0   0 
2.581350e-004
4   6   3   9  10   0   0   0   0   0 
1.080862e-013
4   1  11   0   0   0   0   0   0   0 
3.697175e-003
4   6   5   1  11   0   0   0   0   0 
5.110701e-014
5  1  0  0  0  0  0  0  0  0 
7.392679e-003
5  6  4  1  0  0  0  0  0  0 
5.114403e-014
5   2   8  11   1   0   0   0   0   0 
3.410410e-014
5  2  0  0  0  0  0  0  0  0 
6.172023e-003
5   1  11   8   2   0   0   0   0   0 
3.410475e-014
5  6  3  0  0  0  0  0  0  0 
1.925020e-003
5  1  4  6  3  0  0  0  0  0 
5.103177e-014
5  1  4  0  0  0  0  0  0  0 
1.448880e-003
5  6  4  0  0  0  0  0  0  0 
1.467695e-003
5  6  0  0  0  0  0  0  0  0 
4.533475e-003
5  1  4  6  0  0  0  0  0  0 
5.112197e-014
5  1  4  7  0  0  0  0  0  0 
6.954658e-003
5  6  4  7  0  0  0  0  0  0 
7.545645e-003
5  6  3  9  7  0  0  0  0  0 
1.019522e-013
5  2  8  0  0  0  0  0  0  0 
2.670474e-002
5   1  11   8   0   0   0   0   0   0 
1.023154e-013
5  6  3  9  0  0  0  0  0  0 
1.124831e-003
5  1  4  7  9  0  0  0  0  0 
1.014078e-013
5  6  4  7  9  0  0  0  0  0 
1.013963e-013
5   6   3  10   0   0   0   0   0   0 
3.283896e-003
5   6   3   9  10   0   0   0   0   0 
1.014724e-013
5   1  11   0   0   0   0   0   0   0 
1.922187e-002
5   2   8  11   0   0   0   0   0   0 
1.023197e-013
6  4  1  0  0  0  0  0  0  0 
1.788976e-003
6  5  1  0  0  0  0  0  0  0 
1.839792e-003
6  5  2  0  0  0  0  0  0  0 
4.961969e-003
6  4  1  5  2  0  0  0  0  0 
5.112832e-014
6  3  0  0  0  0  0  0  0  0 
5.594463e-003
6  4  7  9  3  0  0  0  0  0 
3.409701e-014
6   4   7   9  10   3   0   0   0   0 
2.558278e-014
6  4  0  0  0  0  0  0  0  0 
1.203975e-003
6  5  1  4  0  0  0  0  0  0 
5.087190e-014
6  3  9  7  4  0  0  0  0  0 
3.390571e-014
6  5  0  0  0  0  0  0  0  0 
3.184003e-003
6  4  1  5  0  0  0  0  0  0 
5.109571e-014
6  4  7  0  0  0  0  0  0  0 
1.950807e-003
6  3  9  7  0  0  0  0  0  0 
1.011787e-013
6  5  2  8  0  0  0  0  0  0 
5.684858e-003
6   4   1  11   8   0   0   0   0   0 
1.021170e-013
6   5   1  11   8   0   0   0   0   0 
1.021165e-013
6  3  9  0  0  0  0  0  0  0 
1.269850e-004
6   3  10   9   0   0   0   0   0   0 
1.284408e-013
6  4  7  9  0  0  0  0  0  0 
1.300154e-013
6   3  10   0   0   0   0   0   0   0 
1.312708e-003
6   3   9  10   0   0   0   0   0   0 
1.001790e-013
6   4   7   9  10   0   0   0   0   0 
5.071809e-014
6   4   1  11   0   0   0   0   0   0 
2.332849e-003
6   5   1  11   0   0   0   0   0   0 
2.411435e-003
6   5   2   8  11   0   0   0   0   0 
1.020262e-013
7  4  1  0  0  0  0  0  0  0 
6.017248e-003
7  4  6  5  1  0  0  0  0  0 
5.113891e-014
7  4  6  5  2  0  0  0  0  0 
2.919478e-003
7  4  1  5  2  0  0  0  0  0 
2.646950e-003
7  9  3  6  5  2  0  0  0  0 
1.019005e-013
7  9  3  0  0  0  0  0  0  0 
4.108176e-003
7  4  6  3  0  0  0  0  0  0 
1.022031e-013
7   9  10   3   0   0   0   0   0   0 
1.020651e-013
7  4  0  0  0  0  0  0  0  0 
6.409334e-002
7  9  3  6  4  0  0  0  0  0 
3.412606e-014
7   9  10   3   6   4   0   0   0   0 
2.559899e-014
7  4  6  5  0  0  0  0  0  0 
2.977870e-003
7  4  1  5  0  0  0  0  0  0 
2.693907e-003
7  9  3  6  5  0  0  0  0  0 
1.019087e-013
7  4  6  0  0  0  0  0  0  0 
1.082053e-003
7  9  3  6  0  0  0  0  0  0 
1.009734e-013
7   4   1  11   8   0   0   0   0   0 
1.722325e-002
7  4  6  5  2  8  0  0  0  0 
1.023238e-013
7  4  1  5  2  8  0  0  0  0 
1.023147e-013
7  9  0  0  0  0  0  0  0  0 
1.741786e-003
7  4  6  3  9  0  0  0  0  0 
3.398008e-014
7   4   6   3  10   9   0   0   0   0 
2.553925e-014
7   9  10   0   0   0   0   0   0   0 
5.761836e-003
7   9   3  10   0   0   0   0   0   0 
1.021153e-013
7   4   6   3  10   0   0   0   0   0 
5.113650e-014
7   4   1  11   0   0   0   0   0   0 
1.854552e-002
8  11   1   0   0   0   0   0   0   0 
5.157473e-003
8  2  5  1  0  0  0  0  0  0 
1.021618e-013
8  2  0  0  0  0  0  0  0  0 
2.000399e-003
8  11   1   5   2   0   0   0   0   0 
3.404993e-014
8  11   1   4   6   5   2   0   0   0 
2.044503e-014
8  2  5  6  3  0  0  0  0  0 
3.520195e-003
8  11   1   5   6   3   0   0   0   0 
1.019257e-013
8  11   1   4   6   3   0   0   0   0 
1.018997e-013
8  11   1   4   0   0   0   0   0   0 
2.039332e-003
8  2  5  1  4  0  0  0  0  0 
1.014722e-013
8  2  5  6  4  0  0  0  0  0 
1.014690e-013
8  2  5  0  0  0  0  0  0  0 
1.005268e-002
8  11   1   5   0   0   0   0   0   0 
1.022389e-013
8  2  5  6  0  0  0  0  0  0 
2.851006e-003
8  11   1   5   6   0   0   0   0   0 
1.017961e-013
8  11   1   4   6   0   0   0   0   0 
1.017618e-013
8  11   1   4   7   0   0   0   0   0 
1.946137e-002
8  2  5  1  4  7  0  0  0  0 
1.023346e-013
8  2  5  6  4  7  0  0  0  0 
1.023377e-013
8  11   1   4   7   9   0   0   0   0 
3.199107e-004
8  2  5  6  3  9  0  0  0  0 
3.441403e-004
8  11   1   5   6   3   9   0   0   0 
1.061005e-013
8   2   5   6   3  10   0   0   0   0 
7.223324e-003
8   2   5   6   3   9  10   0   0   0 
1.018045e-013
8  11   1   4   7   9  10   0   0   0 
1.021351e-013
8  11   0   0   0   0   0   0   0   0 
5.243882e-002
8   2   5   1  11   0   0   0   0   0 
3.412248e-014
9  7  4  1  0  0  0  0  0  0 
4.156750e-004
9  3  6  4  1  0  0  0  0  0 
9.517707e-014
9  3  6  5  1  0  0  0  0  0 
9.518333e-014
9  3  6  5  2  0  0  0  0  0 
4.426090e-004
9  10   3   6   5   2   0   0   0   0 
9.824145e-014
9  7  4  6  5  2  0  0  0  0 
9.877754e-014
9  3  0  0  0  0  0  0  0  0 
4.100039e-003
9  10   3   0   0   0   0   0   0   0 
1.021222e-013
9  7  4  6  3  0  0  0  0  0 
3.409953e-014
9  7  4  0  0  0  0  0  0  0 
5.060250e-004
9  3  6  4  0  0  0  0  0  0 
9.869414e-014
9  10   3   6   4   0   0   0   0   0 
4.931140e-014
9  3  6  5  0  0  0  0  0  0 
8.611480e-004
9  10   3   6   5   0   0   0   0   0 
9.964793e-014
9  7  4  6  5  0  0  0  0  0 
9.992474e-014
9  3  6  0  0  0  0  0  0  0 
2.406680e-004
9  10   3   6   0   0   0   0   0   0 
9.698502e-014
9  7  4  6  0  0  0  0  0  0 
9.949349e-014
9  7  0  0  0  0  0  0  0  0 
1.211567e-003
9  3  6  4  7  0  0  0  0  0 
3.397046e-014
9  10   3   6   4   7   0   0   0   0 
2.550550e-014
9   7   4   1  11   8   0   0   0   0 
1.048937e-003
9  3  6  5  2  8  0  0  0  0 
1.217753e-003
9  10   3   6   5   2   8   0   0   0 
1.018180e-013
9  10   0   0   0   0   0   0   0   0 
1.797964e-003
9   3  10   0   0   0   0   0   0   0 
1.016969e-013
9   7   4   1  11   0   0   0   0   0 
1.470329e-003
9   3   6   4   1  11   0   0   0   0 
1.007663e-013
9   3   6   5   1  11   0   0   0   0 
1.007691e-013
10   3   6   4   1   0   0   0   0   0 
8.336651e-004
10   9   7   4   1   0   0   0   0   0 
9.335663e-004
10   3   6   5   1   0   0   0   0   0 
8.621676e-004
10   3   6   5   2   0   0   0   0   0 
2.152162e-003
10   9   3   6   5   2   0   0   0   0 
1.015591e-013
10   3   0   0   0   0   0   0   0   0 
5.520040e-003
10   9   3   0   0   0   0   0   0   0 
1.020455e-013
10   3   6   4   0   0   0   0   0   0 
3.170530e-004
10   9   7   4   0   0   0   0   0   0 
3.223140e-004
10   3   9   7   4   0   0   0   0   0 
1.052920e-013
10   3   6   5   0   0   0   0   0   0 
1.709600e-003
10   9   3   6   5   0   0   0   0   0 
1.013658e-013
10   3   6   0   0   0   0   0   0   0 
1.659927e-003
10   9   3   6   0   0   0   0   0   0 
1.013385e-013
10   9   7   0   0   0   0   0   0   0 
7.272013e-003
10   3   9   7   0   0   0   0   0   0 
1.018202e-013
10   3   6   5   2   8   0   0   0   0 
9.331907e-003
10   9   3   6   5   2   8   0   0   0 
1.021580e-013
10   3   6   5   1  11   8   0   0   0 
1.022204e-013
10   9   0   0   0   0   0   0   0   0 
7.955390e-004
10   3   9   0   0   0   0   0   0   0 
1.003180e-013
10   3   6   4   1  11   0   0   0   0 
2.873851e-003
10   3   6   5   1  11   0   0   0   0 
2.920086e-003
10   9   7   4   1  11   0   0   0   0 
4.517242e-003
11   1   0   0   0   0   0   0   0   0 
3.088595e-002
11   8   2   5   1   0   0   0   0   0 
3.412224e-014
11   8   2   0   0   0   0   0   0   0 
5.287113e-003
11   1   5   2   0   0   0   0   0   0 
1.021416e-013
11   1   4   6   3   0   0   0   0   0 
3.080521e-003
11   1   5   6   3   0   0   0   0   0 
2.845079e-003
11   8   2   5   6   3   0   0   0   0 
1.020923e-013
11   1   4   0   0   0   0   0   0   0 
4.472776e-003
11   1   5   6   4   0   0   0   0   0 
5.112215e-014
11   1   5   0   0   0   0   0   0   0 
1.842214e-002
11   8   2   5   0   0   0   0   0   0 
1.023248e-013
11   1   4   6   5   0   0   0   0   0 
5.116955e-014
11   1   4   6   0   0   0   0   0   0 
3.046102e-003
11   1   5   6   0   0   0   0   0   0 
2.815915e-003
11   8   2   5   6   0   0   0   0   0 
1.020901e-013
11   1   4   7   0   0   0   0   0   0 
1.842501e-002
11   8   0   0   0   0   0   0   0   0 
2.900189e-002
11   1   5   2   8   0   0   0   0   0 
3.411926e-014
11   1   4   7   9   0   0   0   0   0 
5.127160e-004
11   1   4   6   3   9   0   0   0   0 
9.617453e-014
11   1   5   6   3   9   0   0   0   0 
9.642814e-014
11   1   4   7   9  10   0   0   0   0 
1.769378e-003
11   1   5   6   3  10   0   0   0   0 
1.262392e-003
11   1   4   6   3  10   0   0   0   0 
1.266396e-003
