1  5  2  0  0  0  0  0  0  0 
7.698550e-003
1  11   8   2   0   0   0   0   0   0 
4.435542e-014
1  4  6  5  2  0  0  0  0  0 
2.227719e-014
1  4  6  3  0  0  0  0  0  0 
7.843333e-004
1  5  6  3  0  0  0  0  0  0 
8.226167e-004
1  4  7  9  3  0  0  0  0  0 
4.555758e-014
1  4  0  0  0  0  0  0  0  0 
1.562811e-003
1  5  6  4  0  0  0  0  0  0 
2.189963e-014
1  5  0  0  0  0  0  0  0  0 
6.055393e-003
1  4  6  5  0  0  0  0  0  0 
2.225443e-014
1  11   8   2   5   0   0   0   0   0 
1.488820e-014
1  4  6  0  0  0  0  0  0  0 
1.147885e-003
1  5  6  0  0  0  0  0  0  0 
1.259824e-003
1  4  7  0  0  0  0  0  0  0 
5.523026e-003
1  5  6  4  7  0  0  0  0  0 
2.229375e-014
1  11   8   0   0   0   0   0   0   0 
1.184804e-002
1  5  2  8  0  0  0  0  0  0 
4.454391e-014
1  4  6  5  2  8  0  0  0  0 
1.492994e-014
1  4  7  9  0  0  0  0  0  0 
3.977390e-004
1  4  6  3  9  0  0  0  0  0 
4.020609e-014
1  5  6  3  9  0  0  0  0  0 
3.071683e-014
1   4   6   3  10   0   0   0   0   0 
1.838961e-003
1   5   6   3  10   0   0   0   0   0 
1.971667e-003
1   4   7   9  10   0   0   0   0   0 
2.243212e-003
1  11   0   0   0   0   0   0   0   0 
3.202974e-002
1   5   2   8  11   0   0   0   0   0 
1.497345e-014
2  5  1  0  0  0  0  0  0  0 
8.087099e-003
2   8  11   1   0   0   0   0   0   0 
4.435473e-014
2  5  6  4  1  0  0  0  0  0 
2.229282e-014
2  5  6  3  0  0  0  0  0  0 
1.413573e-002
2  5  1  4  6  3  0  0  0  0 
2.240003e-014
2  5  1  4  0  0  0  0  0  0 
3.143136e-003
2  5  6  4  0  0  0  0  0  0 
3.663806e-003
2   8  11   1   4   0   0   0   0   0 
4.425934e-014
2  5  0  0  0  0  0  0  0  0 
3.700319e-002
2   8  11   1   5   0   0   0   0   0 
1.497297e-014
2   8  11   1   4   6   5   0   0   0 
8.985648e-015
2  5  6  0  0  0  0  0  0  0 
1.413152e-002
2  5  1  4  6  0  0  0  0  0 
2.240001e-014
2  5  1  4  7  0  0  0  0  0 
1.816799e-002
2  5  6  4  7  0  0  0  0  0 
2.139125e-002
2   8  11   1   4   7   0   0   0   0 
4.477027e-014
2  8  0  0  0  0  0  0  0  0 
2.437622e-002
2   5   1  11   8   0   0   0   0   0 
1.496097e-014
2  5  6  3  9  0  0  0  0  0 
2.577175e-003
2   5   6   3  10   9   0   0   0   0 
4.266140e-014
2  5  1  4  7  9  0  0  0  0 
4.276811e-014
2   5   6   3  10   0   0   0   0   0 
1.881025e-002
2   5   6   3   9  10   0   0   0   0 
4.430594e-014
2   8  11   0   0   0   0   0   0   0 
3.166429e-002
2   5   1  11   0   0   0   0   0   0 
4.479774e-014
3  6  4  1  0  0  0  0  0  0 
5.908028e-004
3  6  5  1  0  0  0  0  0  0 
6.279552e-004
3  9  7  4  1  0  0  0  0  0 
4.738337e-014
3  6  5  2  0  0  0  0  0  0 
6.346500e-003
3  6  4  1  5  2  0  0  0  0 
2.231757e-014
3  6  4  0  0  0  0  0  0  0 
1.101215e-003
3  9  7  4  0  0  0  0  0  0 
4.154783e-014
3  6  5  0  0  0  0  0  0  0 
3.683740e-003
3  6  4  1  5  0  0  0  0  0 
2.221271e-014
3  6  0  0  0  0  0  0  0  0 
4.145354e-003
3  9  7  4  6  0  0  0  0  0 
1.480872e-014
3  10   9   7   4   6   0   0   0   0 
1.115969e-014
3  9  7  0  0  0  0  0  0  0 
3.987231e-003
3  10   9   7   0   0   0   0   0   0 
4.383423e-014
3  6  4  7  0  0  0  0  0  0 
4.439445e-014
3  6  5  2  8  0  0  0  0  0 
6.624778e-003
3   6   4   1  11   8   0   0   0   0 
4.415527e-014
3   6   5   1  11   8   0   0   0   0 
4.415975e-014
3  9  0  0  0  0  0  0  0  0 
3.740991e-003
3  10   9   0   0   0   0   0   0   0 
4.422285e-014
3  6  4  7  9  0  0  0  0  0 
1.482819e-014
3  10   0   0   0   0   0   0   0   0 
1.990315e-003
3   9  10   0   0   0   0   0   0   0 
4.174312e-014
3   6   4   1  11   0   0   0   0   0 
7.161049e-003
3   6   5   1  11   0   0   0   0   0 
7.177738e-003
3   9   7   4   1  11   0   0   0   0 
4.422689e-014
4  1  0  0  0  0  0  0  0  0 
5.187216e-003
4  6  5  1  0  0  0  0  0  0 
2.226853e-014
4  1  5  2  0  0  0  0  0  0 
1.878830e-003
4  6  5  2  0  0  0  0  0  0 
2.057254e-003
4   1  11   8   2   0   0   0   0   0 
4.426020e-014
4  6  3  0  0  0  0  0  0  0 
2.271234e-003
4  7  9  3  0  0  0  0  0  0 
4.210648e-014
4  1  5  6  3  0  0  0  0  0 
2.166542e-014
4  1  5  0  0  0  0  0  0  0 
1.598063e-003
4  6  5  0  0  0  0  0  0  0 
1.677072e-003
4  6  0  0  0  0  0  0  0  0 
1.616165e-003
4  1  5  6  0  0  0  0  0  0 
2.162024e-014
4  7  9  3  6  0  0  0  0  0 
1.453969e-014
4  7  0  0  0  0  0  0  0  0 
4.190893e-003
4  6  3  9  7  0  0  0  0  0 
1.481092e-014
4   6   3  10   9   7   0   0   0   0 
1.116131e-014
4   1  11   8   0   0   0   0   0   0 
1.463685e-002
4  1  5  2  8  0  0  0  0  0 
4.458367e-014
4  6  5  2  8  0  0  0  0  0 
4.454448e-014
4  7  9  0  0  0  0  0  0  0 
5.700890e-004
4  6  3  9  0  0  0  0  0  0 
4.247441e-014
4   6   3  10   9   0   0   0   0   0 
1.850161e-014
4   7   9  10   0   0   0   0   0   0 
5.401372e-004
4   6   3  10   0   0   0   0   0   0 
6.173948e-004
4   6   3   9  10   0   0   0   0   0 
4.763395e-014
4   1  11   0   0   0   0   0   0   0 
4.839529e-003
4   6   5   1  11   0   0   0   0   0 
2.225494e-014
5  1  0  0  0  0  0  0  0  0 
7.017551e-003
5  6  4  1  0  0  0  0  0  0 
2.223082e-014
5   2   8  11   1   0   0   0   0   0 
1.487203e-014
5  2  0  0  0  0  0  0  0  0 
1.430541e-002
5   1  11   8   2   0   0   0   0   0 
1.495850e-014
5  6  3  0  0  0  0  0  0  0 
2.618503e-003
5  1  4  6  3  0  0  0  0  0 
2.209672e-014
5  1  4  0  0  0  0  0  0  0 
1.965261e-003
5  6  4  0  0  0  0  0  0  0 
2.211350e-003
5  6  0  0  0  0  0  0  0  0 
5.406921e-003
5  1  4  6  0  0  0  0  0  0 
2.227571e-014
5  1  4  7  0  0  0  0  0  0 
7.781695e-003
5  6  4  7  0  0  0  0  0  0 
9.080597e-003
5  6  3  9  7  0  0  0  0  0 
4.438238e-014
5  2  8  0  0  0  0  0  0  0 
2.137540e-002
5   1  11   8   0   0   0   0   0   0 
4.475363e-014
5  6  3  9  0  0  0  0  0  0 
1.635101e-003
5  1  4  7  9  0  0  0  0  0 
4.191586e-014
5  6  4  7  9  0  0  0  0  0 
4.183593e-014
5   6   3  10   0   0   0   0   0   0 
3.348385e-003
5   6   3   9  10   0   0   0   0   0 
4.275129e-014
5   1  11   0   0   0   0   0   0   0 
1.978012e-002
5   2   8  11   0   0   0   0   0   0 
4.476731e-014
6  4  1  0  0  0  0  0  0  0 
1.279856e-003
6  5  1  0  0  0  0  0  0  0 
1.285360e-003
6  5  2  0  0  0  0  0  0  0 
3.696536e-003
6  4  1  5  2  0  0  0  0  0 
2.221352e-014
6  3  0  0  0  0  0  0  0  0 
6.318604e-003
6  4  7  9  3  0  0  0  0  0 
1.488716e-014
6   4   7   9  10   3   0   0   0   0 
1.118130e-014
6  4  0  0  0  0  0  0  0  0 
1.616647e-003
6  5  1  4  0  0  0  0  0  0 
2.157516e-014
6  3  9  7  4  0  0  0  0  0 
1.453207e-014
6  5  0  0  0  0  0  0  0  0 
5.259111e-003
6  4  1  5  0  0  0  0  0  0 
2.228529e-014
6  4  7  0  0  0  0  0  0  0 
4.188010e-003
6  3  9  7  0  0  0  0  0  0 
4.359892e-014
6  5  2  8  0  0  0  0  0  0 
1.051248e-002
6   4   1  11   8   0   0   0   0   0 
4.441539e-014
6   5   1  11   8   0   0   0   0   0 
4.441517e-014
6  3  9  0  0  0  0  0  0  0 
6.322090e-004
6   3  10   9   0   0   0   0   0   0 
3.657376e-014
6  4  7  9  0  0  0  0  0  0 
3.734681e-014
6   3  10   0   0   0   0   0   0   0 
1.202708e-003
6   3   9  10   0   0   0   0   0   0 
3.875411e-014
6   4   7   9  10   0   0   0   0   0 
2.031573e-014
6   4   1  11   0   0   0   0   0   0 
3.032811e-003
6   5   1  11   0   0   0   0   0   0 
3.064804e-003
6   5   2   8  11   0   0   0   0   0 
4.422069e-014
7  4  1  0  0  0  0  0  0  0 
8.988145e-003
7  4  6  5  1  0  0  0  0  0 
2.235792e-014
7  4  6  5  2  0  0  0  0  0 
4.706619e-003
7  4  1  5  2  0  0  0  0  0 
4.119085e-003
7  9  3  6  5  2  0  0  0  0 
4.407846e-014
7  9  3  0  0  0  0  0  0  0 
7.976655e-003
7  4  6  3  0  0  0  0  0  0 
4.449543e-014
7   9  10   3   0   0   0   0   0   0 
4.409117e-014
7  4  0  0  0  0  0  0  0  0 
3.716417e-002
7  9  3  6  4  0  0  0  0  0 
1.498237e-014
7   9  10   3   6   4   0   0   0   0 
1.123970e-014
7  4  6  5  0  0  0  0  0  0 
3.528376e-003
7  4  1  5  0  0  0  0  0  0 
3.187984e-003
7  9  3  6  5  0  0  0  0  0 
4.386296e-014
7  4  6  0  0  0  0  0  0  0 
3.333071e-003
7  9  3  6  0  0  0  0  0  0 
4.352454e-014
7   4   1  11   8   0   0   0   0   0 
2.621588e-002
7  4  6  5  2  8  0  0  0  0 
4.479018e-014
7  4  1  5  2  8  0  0  0  0 
4.480777e-014
7  9  0  0  0  0  0  0  0  0 
6.496270e-004
7  4  6  3  9  0  0  0  0  0 
1.381985e-014
7   4   6   3  10   9   0   0   0   0 
1.050684e-014
7   9  10   0   0   0   0   0   0   0 
8.801038e-003
7   9   3  10   0   0   0   0   0   0 
4.455372e-014
7   4   6   3  10   0   0   0   0   0 
2.238839e-014
7   4   1  11   0   0   0   0   0   0 
2.541811e-002
8  11   1   0   0   0   0   0   0   0 
7.343924e-003
8  2  5  1  0  0  0  0  0  0 
4.443576e-014
8  2  0  0  0  0  0  0  0  0 
2.871772e-003
8  11   1   5   2   0   0   0   0   0 
1.479181e-014
8  11   1   4   6   5   2   0   0   0 
8.906991e-015
8  2  5  6  3  0  0  0  0  0 
4.431433e-003
8  11   1   5   6   3   0   0   0   0 
4.362247e-014
8  11   1   4   6   3   0   0   0   0 
4.352810e-014
8  11   1   4   0   0   0   0   0   0 
1.344137e-003
8  2  5  1  4  0  0  0  0  0 
4.003719e-014
8  2  5  6  4  0  0  0  0  0 
3.998632e-014
8  2  5  0  0  0  0  0  0  0 
1.102978e-002
8  11   1   5   0   0   0   0   0   0 
4.456135e-014
8  2  5  6  0  0  0  0  0  0 
2.818810e-003
8  11   1   5   6   0   0   0   0   0 
4.244512e-014
8  11   1   4   6   0   0   0   0   0 
4.236036e-014
8  11   1   4   7   0   0   0   0   0 
1.955697e-002
8  2  5  1  4  7  0  0  0  0 
4.477402e-014
8  2  5  6  4  7  0  0  0  0 
4.479076e-014
8  11   1   4   7   9   0   0   0   0 
7.850323e-004
8  2  5  6  3  9  0  0  0  0 
7.025167e-004
8  11   1   5   6   3   9   0   0   0 
4.693713e-014
8   2   5   6   3  10   0   0   0   0 
5.731911e-003
8   2   5   6   3   9  10   0   0   0 
4.323638e-014
8  11   1   4   7   9  10   0   0   0 
4.354181e-014
8  11   0   0   0   0   0   0   0   0 
5.760015e-002
8   2   5   1  11   0   0   0   0   0 
1.498166e-014
9  7  4  1  0  0  0  0  0  0 
1.258348e-003
9  3  6  4  1  0  0  0  0  0 
3.930675e-014
9  3  6  5  1  0  0  0  0  0 
3.932162e-014
9  3  6  5  2  0  0  0  0  0 
7.025890e-004
9  10   3   6   5   2   0   0   0   0 
3.795608e-014
9  7  4  6  5  2  0  0  0  0 
3.946264e-014
9  3  0  0  0  0  0  0  0  0 
4.762245e-003
9  10   3   0   0   0   0   0   0   0 
4.383854e-014
9  7  4  6  3  0  0  0  0  0 
1.485144e-014
9  7  4  0  0  0  0  0  0  0 
1.186891e-003
9  3  6  4  0  0  0  0  0  0 
4.054228e-014
9  10   3   6   4   0   0   0   0   0 
2.046155e-014
9  3  6  5  0  0  0  0  0  0 
3.100710e-003
9  10   3   6   5   0   0   0   0   0 
4.247452e-014
9  7  4  6  5  0  0  0  0  0 
4.305785e-014
9  3  6  0  0  0  0  0  0  0 
3.059510e-004
9  10   3   6   0   0   0   0   0   0 
2.647911e-014
9  7  4  6  0  0  0  0  0  0 
5.400436e-014
9  7  0  0  0  0  0  0  0  0 
1.236313e-003
9  3  6  4  7  0  0  0  0  0 
1.444109e-014
9  10   3   6   4   7   0   0   0   0 
1.091455e-014
9   7   4   1  11   8   0   0   0   0 
1.235220e-003
9  3  6  5  2  8  0  0  0  0 
1.415708e-003
9  10   3   6   5   2   8   0   0   0 
4.387696e-014
9  10   0   0   0   0   0   0   0   0 
2.214388e-003
9   3  10   0   0   0   0   0   0   0 
4.358841e-014
9   7   4   1  11   0   0   0   0   0 
1.329784e-003
9   3   6   4   1  11   0   0   0   0 
3.959867e-014
9   3   6   5   1  11   0   0   0   0 
3.961950e-014
10   3   6   4   1   0   0   0   0   0 
1.110266e-003
10   9   7   4   1   0   0   0   0   0 
1.213085e-003
10   3   6   5   1   0   0   0   0   0 
1.110793e-003
10   3   6   5   2   0   0   0   0   0 
2.417470e-003
10   9   3   6   5   2   0   0   0   0 
4.274468e-014
10   3   0   0   0   0   0   0   0   0 
6.985369e-003
10   9   3   0   0   0   0   0   0   0 
4.412099e-014
10   3   6   4   0   0   0   0   0   0 
9.248018e-004
10   9   7   4   0   0   0   0   0   0 
1.030917e-003
10   3   9   7   4   0   0   0   0   0 
4.429173e-014
10   3   6   5   0   0   0   0   0   0 
4.657494e-003
10   9   3   6   5   0   0   0   0   0 
4.376711e-014
10   3   6   0   0   0   0   0   0   0 
1.170394e-003
10   9   3   6   0   0   0   0   0   0 
4.186707e-014
10   9   7   0   0   0   0   0   0   0 
1.061548e-002
10   3   9   7   0   0   0   0   0   0 
4.432227e-014
10   3   6   5   2   8   0   0   0   0 
1.001040e-002
10   9   3   6   5   2   8   0   0   0 
4.415579e-014
10   3   6   5   1  11   8   0   0   0 
4.435827e-014
10   9   0   0   0   0   0   0   0   0 
1.396853e-003
10   3   9   0   0   0   0   0   0   0 
4.225174e-014
10   3   6   4   1  11   0   0   0   0 
3.756456e-003
10   3   6   5   1  11   0   0   0   0 
3.783370e-003
10   9   7   4   1  11   0   0   0   0 
5.216951e-003
11   1   0   0   0   0   0   0   0   0 
2.096505e-002
11   8   2   5   1   0   0   0   0   0 
1.496882e-014
11   8   2   0   0   0   0   0   0   0 
4.938756e-003
11   1   5   2   0   0   0   0   0   0 
4.419920e-014
11   1   4   6   3   0   0   0   0   0 
3.007404e-003
11   1   5   6   3   0   0   0   0   0 
2.940355e-003
11   8   2   5   6   3   0   0   0   0 
4.427230e-014
11   1   4   0   0   0   0   0   0   0 
2.966105e-003
11   1   5   6   4   0   0   0   0   0 
2.215602e-014
11   1   5   0   0   0   0   0   0   0 
1.463171e-002
11   8   2   5   0   0   0   0   0   0 
4.467280e-014
11   1   4   6   5   0   0   0   0   0 
2.238084e-014
11   1   4   6   0   0   0   0   0   0 
2.318251e-003
11   1   5   6   0   0   0   0   0   0 
2.316302e-003
11   8   2   5   6   0   0   0   0   0 
4.422681e-014
11   1   4   7   0   0   0   0   0   0 
3.206711e-002
11   8   0   0   0   0   0   0   0   0 
2.884350e-002
11   1   5   2   8   0   0   0   0   0 
1.496841e-014
11   1   4   7   9   0   0   0   0   0 
1.182068e-003
11   1   4   6   3   9   0   0   0   0 
3.819482e-014
11   1   5   6   3   9   0   0   0   0 
3.849352e-014
11   1   4   7   9  10   0   0   0   0 
1.076331e-003
11   1   5   6   3  10   0   0   0   0 
1.043391e-003
11   1   4   6   3  10   0   0   0   0 
9.459454e-004
