1  5  2  0  0  0  0  0  0  0 
7.001223e-003
1  11   8   2   0   0   0   0   0   0 
2.361231e-017
1  4  6  5  2  0  0  0  0  0 
1.180606e-017
1  4  6  3  0  0  0  0  0  0 
1.464129e-003
1  5  6  3  0  0  0  0  0  0 
1.514053e-003
1  4  7  9  3  0  0  0  0  0 
2.368336e-017
1  4  0  0  0  0  0  0  0  0 
2.827383e-003
1  5  6  4  0  0  0  0  0  0 
1.180424e-017
1  5  0  0  0  0  0  0  0  0 
4.558425e-003
1  4  6  5  0  0  0  0  0  0 
1.180397e-017
1  11   8   2   5   0   0   0   0   0 
7.876038e-018
1  4  6  0  0  0  0  0  0  0 
7.164174e-004
1  5  6  0  0  0  0  0  0  0 
8.320376e-004
1  4  7  0  0  0  0  0  0  0 
5.059233e-003
1  5  6  4  7  0  0  0  0  0 
1.181210e-017
1  11   8   0   0   0   0   0   0   0 
1.124242e-002
1  5  2  8  0  0  0  0  0  0 
2.361865e-017
1  4  6  5  2  8  0  0  0  0 
7.877305e-018
1  4  7  9  0  0  0  0  0  0 
3.001360e-004
1  4  6  3  9  0  0  0  0  0 
2.088839e-017
1  5  6  3  9  0  0  0  0  0 
2.128082e-017
1   4   6   3  10   0   0   0   0   0 
1.743124e-003
1   5   6   3  10   0   0   0   0   0 
1.795901e-003
1   4   7   9  10   0   0   0   0   0 
2.234520e-003
1  11   0   0   0   0   0   0   0   0 
4.491056e-002
1   5   2   8  11   0   0   0   0   0 
7.882233e-018
2  5  1  0  0  0  0  0  0  0 
7.130518e-003
2   8  11   1   0   0   0   0   0   0 
2.361523e-017
2  5  6  4  1  0  0  0  0  0 
1.181237e-017
2  5  6  3  0  0  0  0  0  0 
1.525672e-002
2  5  1  4  6  3  0  0  0  0 
1.181402e-017
2  5  1  4  0  0  0  0  0  0 
4.574604e-003
2  5  6  4  0  0  0  0  0  0 
4.908797e-003
2   8  11   1   4   0   0   0   0   0 
2.365080e-017
2  5  0  0  0  0  0  0  0  0 
3.633032e-002
2   8  11   1   5   0   0   0   0   0 
7.881956e-018
2   8  11   1   4   6   5   0   0   0 
4.728760e-018
2  5  6  0  0  0  0  0  0  0 
1.545233e-002
2  5  1  4  6  0  0  0  0  0 
1.181407e-017
2  5  1  4  7  0  0  0  0  0 
2.211134e-002
2  5  6  4  7  0  0  0  0  0 
2.439253e-002
2   8  11   1   4   7   0   0   0   0 
2.364735e-017
2  8  0  0  0  0  0  0  0  0 
2.325148e-002
2   5   1  11   8   0   0   0   0   0 
7.882351e-018
2  5  6  3  9  0  0  0  0  0 
2.270956e-003
2   5   6   3  10   9   0   0   0   0 
2.352710e-017
2  5  1  4  7  9  0  0  0  0 
2.362667e-017
2   5   6   3  10   0   0   0   0   0 
2.194985e-002
2   5   6   3   9  10   0   0   0   0 
2.336709e-017
2   8  11   0   0   0   0   0   0   0 
2.683654e-002
2   5   1  11   0   0   0   0   0   0 
2.364314e-017
3  6  4  1  0  0  0  0  0  0 
9.281681e-004
3  6  5  1  0  0  0  0  0  0 
9.747489e-004
3  9  7  4  1  0  0  0  0  0 
2.373939e-017
3  6  5  2  0  0  0  0  0  0 
5.724468e-003
3  6  4  1  5  2  0  0  0  0 
1.181357e-017
3  6  4  0  0  0  0  0  0  0 
9.296530e-004
3  9  7  4  0  0  0  0  0  0 
2.303748e-017
3  6  5  0  0  0  0  0  0  0 
3.034990e-003
3  6  4  1  5  0  0  0  0  0 
1.180607e-017
3  6  0  0  0  0  0  0  0  0 
3.506650e-003
3  9  7  4  6  0  0  0  0  0 
7.847253e-018
3  10   9   7   4   6   0   0   0   0 
5.902352e-018
3  9  7  0  0  0  0  0  0  0 
3.201956e-003
3  10   9   7   0   0   0   0   0   0 
2.365812e-017
3  6  4  7  0  0  0  0  0  0 
2.383308e-017
3  6  5  2  8  0  0  0  0  0 
7.261136e-003
3   6   4   1  11   8   0   0   0   0 
2.359859e-017
3   6   5   1  11   8   0   0   0   0 
2.359846e-017
3  9  0  0  0  0  0  0  0  0 
5.043796e-003
3  10   9   0   0   0   0   0   0   0 
2.377941e-017
3  6  4  7  9  0  0  0  0  0 
7.895038e-018
3  10   0   0   0   0   0   0   0   0 
2.239506e-003
3   9  10   0   0   0   0   0   0   0 
2.307270e-017
3   6   4   1  11   0   0   0   0   0 
6.299950e-003
3   6   5   1  11   0   0   0   0   0 
6.295365e-003
3   9   7   4   1  11   0   0   0   0 
2.342399e-017
4  1  0  0  0  0  0  0  0  0 
4.937195e-003
4  6  5  1  0  0  0  0  0  0 
1.180571e-017
4  1  5  2  0  0  0  0  0  0 
1.133834e-003
4  6  5  2  0  0  0  0  0  0 
1.127353e-003
4   1  11   8   2   0   0   0   0   0 
2.412093e-017
4  6  3  0  0  0  0  0  0  0 
2.028235e-003
4  7  9  3  0  0  0  0  0  0 
2.328880e-017
4  1  5  6  3  0  0  0  0  0 
1.173043e-017
4  1  5  0  0  0  0  0  0  0 
1.391087e-003
4  6  5  0  0  0  0  0  0  0 
1.300208e-003
4  6  0  0  0  0  0  0  0  0 
1.436789e-003
4  1  5  6  0  0  0  0  0  0 
1.175596e-017
4  7  9  3  6  0  0  0  0  0 
7.823416e-018
4  7  0  0  0  0  0  0  0  0 
2.068812e-002
4  6  3  9  7  0  0  0  0  0 
7.860239e-018
4   6   3  10   9   7   0   0   0   0 
5.909137e-018
4   1  11   8   0   0   0   0   0   0 
1.295216e-002
4  1  5  2  8  0  0  0  0  0 
2.361682e-017
4  6  5  2  8  0  0  0  0  0 
2.359431e-017
4  7  9  0  0  0  0  0  0  0 
5.886110e-004
4  6  3  9  0  0  0  0  0  0 
2.148699e-017
4   6   3  10   9   0   0   0   0   0 
1.076643e-017
4   7   9  10   0   0   0   0   0   0 
4.468385e-004
4   6   3  10   0   0   0   0   0   0 
5.059285e-004
4   6   3   9  10   0   0   0   0   0 
2.564787e-017
4   1  11   0   0   0   0   0   0   0 
2.213214e-002
4   6   5   1  11   0   0   0   0   0 
1.181529e-017
5  1  0  0  0  0  0  0  0  0 
6.694487e-003
5  6  4  1  0  0  0  0  0  0 
1.181638e-017
5   2   8  11   1   0   0   0   0   0 
7.879342e-018
5  2  0  0  0  0  0  0  0  0 
9.995639e-003
5   1  11   8   2   0   0   0   0   0 
7.880589e-018
5  6  3  0  0  0  0  0  0  0 
3.039328e-003
5  1  4  6  3  0  0  0  0  0 
1.179882e-017
5  1  4  0  0  0  0  0  0  0 
1.236921e-003
5  6  4  0  0  0  0  0  0  0 
1.185887e-003
5  6  0  0  0  0  0  0  0  0 
3.964879e-003
5  1  4  6  0  0  0  0  0  0 
1.180315e-017
5  1  4  7  0  0  0  0  0  0 
8.664239e-003
5  6  4  7  0  0  0  0  0  0 
9.388143e-003
5  6  3  9  7  0  0  0  0  0 
2.344637e-017
5  2  8  0  0  0  0  0  0  0 
1.878036e-002
5   1  11   8   0   0   0   0   0   0 
2.363801e-017
5  6  3  9  0  0  0  0  0  0 
9.101050e-004
5  1  4  7  9  0  0  0  0  0 
2.263711e-017
5  6  4  7  9  0  0  0  0  0 
2.261903e-017
5   6   3  10   0   0   0   0   0   0 
2.353762e-003
5   6   3   9  10   0   0   0   0   0 
2.308730e-017
5   1  11   0   0   0   0   0   0   0 
1.631598e-002
5   2   8  11   0   0   0   0   0   0 
2.364256e-017
6  4  1  0  0  0  0  0  0  0 
7.154445e-004
6  5  1  0  0  0  0  0  0  0 
7.695415e-004
6  5  2  0  0  0  0  0  0  0 
4.589005e-003
6  4  1  5  2  0  0  0  0  0 
1.181144e-017
6  3  0  0  0  0  0  0  0  0 
3.899292e-003
6  4  7  9  3  0  0  0  0  0 
7.866617e-018
6   4   7   9  10   3   0   0   0   0 
5.898289e-018
6  4  0  0  0  0  0  0  0  0 
1.606745e-003
6  5  1  4  0  0  0  0  0  0 
1.175793e-017
6  3  9  7  4  0  0  0  0  0 
7.812017e-018
6  5  0  0  0  0  0  0  0  0 
4.423111e-003
6  4  1  5  0  0  0  0  0  0 
1.181104e-017
6  4  7  0  0  0  0  0  0  0 
6.151065e-003
6  3  9  7  0  0  0  0  0  0 
2.340300e-017
6  5  2  8  0  0  0  0  0  0 
1.006529e-002
6   4   1  11   8   0   0   0   0   0 
2.361675e-017
6   5   1  11   8   0   0   0   0   0 
2.361695e-017
6  3  9  0  0  0  0  0  0  0 
4.294010e-004
6   3  10   9   0   0   0   0   0   0 
2.467345e-017
6  4  7  9  0  0  0  0  0  0 
2.507756e-017
6   3  10   0   0   0   0   0   0   0 
1.774426e-003
6   3   9  10   0   0   0   0   0   0 
2.277313e-017
6   4   7   9  10   0   0   0   0   0 
1.163397e-017
6   4   1  11   0   0   0   0   0   0 
3.620795e-003
6   5   1  11   0   0   0   0   0   0 
3.618779e-003
6   5   2   8  11   0   0   0   0   0 
2.365829e-017
7  4  1  0  0  0  0  0  0  0 
7.386204e-003
7  4  6  5  1  0  0  0  0  0 
1.180977e-017
7  4  6  5  2  0  0  0  0  0 
5.975841e-003
7  4  1  5  2  0  0  0  0  0 
4.723929e-003
7  9  3  6  5  2  0  0  0  0 
2.356396e-017
7  9  3  0  0  0  0  0  0  0 
8.045402e-003
7  4  6  3  0  0  0  0  0  0 
2.368100e-017
7   9  10   3   0   0   0   0   0   0 
2.352049e-017
7  4  0  0  0  0  0  0  0  0 
3.443448e-002
7  9  3  6  4  0  0  0  0  0 
7.876788e-018
7   9  10   3   6   4   0   0   0   0 
5.904704e-018
7  4  6  5  0  0  0  0  0  0 
3.119718e-003
7  4  1  5  0  0  0  0  0  0 
2.866592e-003
7  9  3  6  5  0  0  0  0  0 
2.354684e-017
7  4  6  0  0  0  0  0  0  0 
4.654125e-003
7  9  3  6  0  0  0  0  0  0 
2.353719e-017
7   4   1  11   8   0   0   0   0   0 
2.891612e-002
7  4  6  5  2  8  0  0  0  0 
2.361558e-017
7  4  1  5  2  8  0  0  0  0 
2.363472e-017
7  9  0  0  0  0  0  0  0  0 
4.813650e-003
7  4  6  3  9  0  0  0  0  0 
7.852747e-018
7   4   6   3  10   9   0   0   0   0 
5.905448e-018
7   9  10   0   0   0   0   0   0   0 
9.474245e-003
7   9   3  10   0   0   0   0   0   0 
2.369437e-017
7   4   6   3  10   0   0   0   0   0 
1.184652e-017
7   4   1  11   0   0   0   0   0   0 
2.497793e-002
8  11   1   0   0   0   0   0   0   0 
5.571201e-003
8  2  5  1  0  0  0  0  0  0 
2.359768e-017
8  2  0  0  0  0  0  0  0  0 
2.629449e-003
8  11   1   5   2   0   0   0   0   0 
7.872193e-018
8  11   1   4   6   5   2   0   0   0 
4.723786e-018
8  2  5  6  3  0  0  0  0  0 
3.846867e-003
8  11   1   5   6   3   0   0   0   0 
2.352078e-017
8  11   1   4   6   3   0   0   0   0 
2.348457e-017
8  11   1   4   0   0   0   0   0   0 
1.375178e-003
8  2  5  1  4  0  0  0  0  0 
2.279849e-017
8  2  5  6  4  0  0  0  0  0 
2.278986e-017
8  2  5  0  0  0  0  0  0  0 
7.952109e-003
8  11   1   5   0   0   0   0   0   0 
2.362906e-017
8  2  5  6  0  0  0  0  0  0 
4.566436e-003
8  11   1   5   6   0   0   0   0   0 
2.355172e-017
8  11   1   4   6   0   0   0   0   0 
2.351804e-017
8  11   1   4   7   0   0   0   0   0 
2.166665e-002
8  2  5  1  4  7  0  0  0  0 
2.363237e-017
8  2  5  6  4  7  0  0  0  0 
2.363151e-017
8  11   1   4   7   9   0   0   0   0 
3.265252e-004
8  2  5  6  3  9  0  0  0  0 
3.449288e-004
8  11   1   5   6   3   9   0   0   0 
3.002839e-017
8   2   5   6   3  10   0   0   0   0 
5.506865e-003
8   2   5   6   3   9  10   0   0   0 
2.321492e-017
8  11   1   4   7   9  10   0   0   0 
2.341384e-017
8  11   0   0   0   0   0   0   0   0 
5.949291e-002
8   2   5   1  11   0   0   0   0   0 
7.882654e-018
9  7  4  1  0  0  0  0  0  0 
1.205214e-003
9  3  6  4  1  0  0  0  0  0 
2.249608e-017
9  3  6  5  1  0  0  0  0  0 
2.248991e-017
9  3  6  5  2  0  0  0  0  0 
8.564860e-004
9  10   3   6   5   2   0   0   0   0 
2.170033e-017
9  7  4  6  5  2  0  0  0  0 
2.203512e-017
9  3  0  0  0  0  0  0  0  0 
5.783352e-003
9  10   3   0   0   0   0   0   0   0 
2.351240e-017
9  7  4  6  3  0  0  0  0  0 
7.878305e-018
9  7  4  0  0  0  0  0  0  0 
1.086090e-003
9  3  6  4  0  0  0  0  0  0 
2.284785e-017
9  10   3   6   4   0   0   0   0   0 
1.143025e-017
9  3  6  5  0  0  0  0  0  0 
1.839406e-003
9  10   3   6   5   0   0   0   0   0 
2.302186e-017
9  7  4  6  5  0  0  0  0  0 
2.322785e-017
9  3  6  0  0  0  0  0  0  0 
4.923830e-004
9  10   3   6   0   0   0   0   0   0 
2.146066e-017
9  7  4  6  0  0  0  0  0  0 
2.194954e-017
9  7  0  0  0  0  0  0  0  0 
2.067877e-003
9  3  6  4  7  0  0  0  0  0 
7.856605e-018
9  10   3   6   4   7   0   0   0   0 
5.890484e-018
9   7   4   1  11   8   0   0   0   0 
1.728514e-003
9  3  6  5  2  8  0  0  0  0 
2.429542e-003
9  10   3   6   5   2   8   0   0   0 
2.354127e-017
9  10   0   0   0   0   0   0   0   0 
1.781091e-003
9   3  10   0   0   0   0   0   0   0 
2.365009e-017
9   7   4   1  11   0   0   0   0   0 
2.350844e-003
9   3   6   4   1  11   0   0   0   0 
2.321036e-017
9   3   6   5   1  11   0   0   0   0 
2.320837e-017
10   3   6   4   1   0   0   0   0   0 
8.612957e-004
10   9   7   4   1   0   0   0   0   0 
9.085772e-004
10   3   6   5   1   0   0   0   0   0 
9.108541e-004
10   3   6   5   2   0   0   0   0   0 
2.822053e-003
10   9   3   6   5   2   0   0   0   0 
2.341980e-017
10   3   0   0   0   0   0   0   0   0 
5.927026e-003
10   9   3   0   0   0   0   0   0   0 
2.350700e-017
10   3   6   4   0   0   0   0   0   0 
1.040981e-003
10   9   7   4   0   0   0   0   0   0 
1.094526e-003
10   3   9   7   4   0   0   0   0   0 
2.369809e-017
10   3   6   5   0   0   0   0   0   0 
3.270344e-003
10   9   3   6   5   0   0   0   0   0 
2.344166e-017
10   3   6   0   0   0   0   0   0   0 
1.471880e-003
10   9   3   6   0   0   0   0   0   0 
2.330026e-017
10   9   7   0   0   0   0   0   0   0 
1.190947e-002
10   3   9   7   0   0   0   0   0   0 
2.346557e-017
10   3   6   5   2   8   0   0   0   0 
1.039523e-002
10   9   3   6   5   2   8   0   0   0 
2.352956e-017
10   3   6   5   1  11   8   0   0   0 
2.361819e-017
10   9   0   0   0   0   0   0   0   0 
6.180110e-004
10   3   9   0   0   0   0   0   0   0 
2.334312e-017
10   3   6   4   1  11   0   0   0   0 
4.910546e-003
10   3   6   5   1  11   0   0   0   0 
4.912161e-003
10   9   7   4   1  11   0   0   0   0 
7.042049e-003
11   1   0   0   0   0   0   0   0   0 
2.892450e-002
11   8   2   5   1   0   0   0   0   0 
7.882218e-018
11   8   2   0   0   0   0   0   0   0 
6.897984e-003
11   1   5   2   0   0   0   0   0   0 
2.363221e-017
11   1   4   6   3   0   0   0   0   0 
4.510168e-003
11   1   5   6   3   0   0   0   0   0 
3.956632e-003
11   8   2   5   6   3   0   0   0   0 
2.366475e-017
11   1   4   0   0   0   0   0   0   0 
1.668156e-003
11   1   5   6   4   0   0   0   0   0 
1.179316e-017
11   1   5   0   0   0   0   0   0   0 
1.281819e-002
11   8   2   5   0   0   0   0   0   0 
2.363534e-017
11   1   4   6   5   0   0   0   0   0 
1.181436e-017
11   1   4   6   0   0   0   0   0   0 
2.173921e-003
11   1   5   6   0   0   0   0   0   0 
2.159499e-003
11   8   2   5   6   0   0   0   0   0 
2.373982e-017
11   1   4   7   0   0   0   0   0   0 
2.335928e-002
11   8   0   0   0   0   0   0   0   0 
2.337138e-002
11   1   5   2   8   0   0   0   0   0 
7.881849e-018
11   1   4   7   9   0   0   0   0   0 
9.903510e-004
11   1   4   6   3   9   0   0   0   0 
2.177123e-017
11   1   5   6   3   9   0   0   0   0 
2.186159e-017
11   1   4   7   9  10   0   0   0   0 
1.192067e-003
11   1   5   6   3  10   0   0   0   0 
1.106805e-003
11   1   4   6   3  10   0   0   0   0 
1.008975e-003
