1  5  2  0  0  0  0  0  0  0 
4.123153e-003
1  11   8   2   0   0   0   0   0   0 
6.069888e-016
1  4  6  5  2  0  0  0  0  0 
3.040902e-016
1  4  6  3  0  0  0  0  0  0 
1.114061e-003
1  5  6  3  0  0  0  0  0  0 
1.177327e-003
1  4  7  9  3  0  0  0  0  0 
6.017582e-016
1  4  0  0  0  0  0  0  0  0 
9.329370e-004
1  5  6  4  0  0  0  0  0  0 
3.029765e-016
1  5  0  0  0  0  0  0  0  0 
3.237878e-003
1  4  6  5  0  0  0  0  0  0 
3.041618e-016
1  11   8   2   5   0   0   0   0   0 
2.028485e-016
1  4  6  0  0  0  0  0  0  0 
1.127582e-003
1  5  6  0  0  0  0  0  0  0 
1.183541e-003
1  4  7  0  0  0  0  0  0  0 
6.037211e-003
1  5  6  4  7  0  0  0  0  0 
3.045141e-016
1  11   8   0   0   0   0   0   0   0 
1.260785e-002
1  5  2  8  0  0  0  0  0  0 
6.090487e-016
1  4  6  5  2  8  0  0  0  0 
2.030980e-016
1  4  7  9  0  0  0  0  0  0 
2.836190e-004
1  4  6  3  9  0  0  0  0  0 
3.672340e-016
1  5  6  3  9  0  0  0  0  0 
3.679398e-016
1   4   6   3  10   0   0   0   0   0 
1.494680e-003
1   5   6   3  10   0   0   0   0   0 
1.545716e-003
1   4   7   9  10   0   0   0   0   0 
2.708927e-003
1  11   0   0   0   0   0   0   0   0 
3.224475e-002
1   5   2   8  11   0   0   0   0   0 
2.031380e-016
2  5  1  0  0  0  0  0  0  0 
4.342974e-003
2   8  11   1   0   0   0   0   0   0 
6.076191e-016
2  5  6  4  1  0  0  0  0  0 
3.041381e-016
2  5  6  3  0  0  0  0  0  0 
1.475539e-002
2  5  1  4  6  3  0  0  0  0 
3.046380e-016
2  5  1  4  0  0  0  0  0  0 
5.010972e-003
2  5  6  4  0  0  0  0  0  0 
5.214099e-003
2   8  11   1   4   0   0   0   0   0 
6.089525e-016
2  5  0  0  0  0  0  0  0  0 
3.838180e-002
2   8  11   1   5   0   0   0   0   0 
2.031420e-016
2   8  11   1   4   6   5   0   0   0 
1.218881e-016
2  5  6  0  0  0  0  0  0  0 
1.271772e-002
2  5  1  4  6  0  0  0  0  0 
3.046250e-016
2  5  1  4  7  0  0  0  0  0 
2.508391e-002
2  5  6  4  7  0  0  0  0  0 
2.659656e-002
2   8  11   1   4   7   0   0   0   0 
6.093785e-016
2  8  0  0  0  0  0  0  0  0 
1.971313e-002
2   5   1  11   8   0   0   0   0   0 
2.031258e-016
2  5  6  3  9  0  0  0  0  0 
3.176935e-003
2   5   6   3  10   9   0   0   0   0 
6.084305e-016
2  5  1  4  7  9  0  0  0  0 
6.087639e-016
2   5   6   3  10   0   0   0   0   0 
3.098156e-002
2   5   6   3   9  10   0   0   0   0 
6.040183e-016
2   8  11   0   0   0   0   0   0   0 
2.677991e-002
2   5   1  11   0   0   0   0   0   0 
6.092718e-016
3  6  4  1  0  0  0  0  0  0 
5.020699e-004
3  6  5  1  0  0  0  0  0  0 
5.192821e-004
3  9  7  4  1  0  0  0  0  0 
6.183649e-016
3  6  5  2  0  0  0  0  0  0 
5.237832e-003
3  6  4  1  5  2  0  0  0  0 
3.044768e-016
3  6  4  0  0  0  0  0  0  0 
9.061450e-004
3  9  7  4  0  0  0  0  0  0 
5.953434e-016
3  6  5  0  0  0  0  0  0  0 
2.136109e-003
3  6  4  1  5  0  0  0  0  0 
3.040559e-016
3  6  0  0  0  0  0  0  0  0 
1.065882e-003
3  9  7  4  6  0  0  0  0  0 
2.014317e-016
3  10   9   7   4   6   0   0   0   0 
1.515145e-016
3  9  7  0  0  0  0  0  0  0 
1.490846e-003
3  10   9   7   0   0   0   0   0   0 
5.988297e-016
3  6  4  7  0  0  0  0  0  0 
6.031136e-016
3  6  5  2  8  0  0  0  0  0 
5.097611e-003
3   6   4   1  11   8   0   0   0   0 
6.073215e-016
3   6   5   1  11   8   0   0   0   0 
6.073938e-016
3  9  0  0  0  0  0  0  0  0 
2.258366e-003
3  10   9   0   0   0   0   0   0   0 
6.084109e-016
3  6  4  7  9  0  0  0  0  0 
2.027390e-016
3  10   0   0   0   0   0   0   0   0 
1.269990e-003
3   9  10   0   0   0   0   0   0   0 
5.928719e-016
3   6   4   1  11   0   0   0   0   0 
6.192605e-003
3   6   5   1  11   0   0   0   0   0 
6.127485e-003
3   9   7   4   1  11   0   0   0   0 
6.052750e-016
4  1  0  0  0  0  0  0  0  0 
5.165190e-004
4  6  5  1  0  0  0  0  0  0 
3.017368e-016
4  1  5  2  0  0  0  0  0  0 
4.805052e-003
4  6  5  2  0  0  0  0  0  0 
4.645605e-003
4   1  11   8   2   0   0   0   0   0 
6.085088e-016
4  6  3  0  0  0  0  0  0  0 
1.651763e-003
4  7  9  3  0  0  0  0  0  0 
5.938866e-016
4  1  5  6  3  0  0  0  0  0 
3.018060e-016
4  1  5  0  0  0  0  0  0  0 
8.457096e-004
4  6  5  0  0  0  0  0  0  0 
8.586654e-004
4  6  0  0  0  0  0  0  0  0 
1.325150e-003
4  1  5  6  0  0  0  0  0  0 
3.025600e-016
4  7  9  3  6  0  0  0  0  0 
2.013423e-016
4  7  0  0  0  0  0  0  0  0 
2.930397e-003
4  6  3  9  7  0  0  0  0  0 
2.024665e-016
4   6   3  10   9   7   0   0   0   0 
1.521523e-016
4   1  11   8   0   0   0   0   0   0 
1.300320e-002
4  1  5  2  8  0  0  0  0  0 
6.089668e-016
4  6  5  2  8  0  0  0  0  0 
6.089502e-016
4  7  9  0  0  0  0  0  0  0 
2.589980e-004
4  6  3  9  0  0  0  0  0  0 
4.617678e-016
4   6   3  10   9   0   0   0   0   0 
2.278177e-016
4   7   9  10   0   0   0   0   0   0 
3.774774e-004
4   6   3  10   0   0   0   0   0   0 
3.394256e-004
4   6   3   9  10   0   0   0   0   0 
6.421413e-016
4   1  11   0   0   0   0   0   0   0 
9.695278e-003
4   6   5   1  11   0   0   0   0   0 
3.045974e-016
5  1  0  0  0  0  0  0  0  0 
7.330673e-003
5  6  4  1  0  0  0  0  0  0 
3.045379e-016
5   2   8  11   1   0   0   0   0   0 
2.030696e-016
5  2  0  0  0  0  0  0  0  0 
6.700025e-003
5   1  11   8   2   0   0   0   0   0 
2.030680e-016
5  6  3  0  0  0  0  0  0  0 
1.688493e-003
5  1  4  6  3  0  0  0  0  0 
3.038505e-016
5  1  4  0  0  0  0  0  0  0 
1.601951e-003
5  6  4  0  0  0  0  0  0  0 
1.643740e-003
5  6  0  0  0  0  0  0  0  0 
4.980108e-003
5  1  4  6  0  0  0  0  0  0 
3.044676e-016
5  1  4  7  0  0  0  0  0  0 
5.678716e-003
5  6  4  7  0  0  0  0  0  0 
5.918595e-003
5  6  3  9  7  0  0  0  0  0 
6.052120e-016
5  2  8  0  0  0  0  0  0  0 
1.927901e-002
5   1  11   8   0   0   0   0   0   0 
6.091792e-016
5  6  3  9  0  0  0  0  0  0 
4.706802e-003
5  1  4  7  9  0  0  0  0  0 
6.105731e-016
5  6  4  7  9  0  0  0  0  0 
6.105168e-016
5   6   3  10   0   0   0   0   0   0 
5.920022e-003
5   6   3   9  10   0   0   0   0   0 
6.020829e-016
5   1  11   0   0   0   0   0   0   0 
1.818285e-002
5   2   8  11   0   0   0   0   0   0 
6.092644e-016
6  4  1  0  0  0  0  0  0  0 
4.134250e-004
6  5  1  0  0  0  0  0  0  0 
4.314140e-004
6  5  2  0  0  0  0  0  0  0 
2.598803e-003
6  4  1  5  2  0  0  0  0  0 
3.041910e-016
6  3  0  0  0  0  0  0  0  0 
2.682766e-003
6  4  7  9  3  0  0  0  0  0 
2.023780e-016
6   4   7   9  10   3   0   0   0   0 
1.519623e-016
6  4  0  0  0  0  0  0  0  0 
3.739880e-004
6  5  1  4  0  0  0  0  0  0 
2.903718e-016
6  3  9  7  4  0  0  0  0  0 
1.928157e-016
6  5  0  0  0  0  0  0  0  0 
4.310865e-003
6  4  1  5  0  0  0  0  0  0 
3.044199e-016
6  4  7  0  0  0  0  0  0  0 
2.179578e-003
6  3  9  7  0  0  0  0  0  0 
6.010084e-016
6  5  2  8  0  0  0  0  0  0 
5.632853e-003
6   4   1  11   8   0   0   0   0   0 
6.076123e-016
6   5   1  11   8   0   0   0   0   0 
6.076796e-016
6  3  9  0  0  0  0  0  0  0 
1.261710e-004
6   3  10   9   0   0   0   0   0   0 
8.027050e-016
6  4  7  9  0  0  0  0  0  0 
5.744990e-016
6   3  10   0   0   0   0   0   0   0 
9.879920e-004
6   3   9  10   0   0   0   0   0   0 
5.781965e-016
6   4   7   9  10   0   0   0   0   0 
2.957320e-016
6   4   1  11   0   0   0   0   0   0 
1.455746e-003
6   5   1  11   0   0   0   0   0   0 
1.522531e-003
6   5   2   8  11   0   0   0   0   0 
6.100611e-016
7  4  1  0  0  0  0  0  0  0 
7.213060e-003
7  4  6  5  1  0  0  0  0  0 
3.045531e-016
7  4  6  5  2  0  0  0  0  0 
6.270770e-002
7  4  1  5  2  0  0  0  0  0 
6.362057e-002
7  9  3  6  5  2  0  0  0  0 
6.071683e-016
7  9  3  0  0  0  0  0  0  0 
1.929555e-003
7  4  6  3  0  0  0  0  0  0 
6.096993e-016
7   9  10   3   0   0   0   0   0   0 
6.003700e-016
7  4  0  0  0  0  0  0  0  0 
3.874199e-002
7  9  3  6  4  0  0  0  0  0 
2.027955e-016
7   9  10   3   6   4   0   0   0   0 
1.521993e-016
7  4  6  5  0  0  0  0  0  0 
2.460323e-003
7  4  1  5  0  0  0  0  0  0 
2.393470e-003
7  9  3  6  5  0  0  0  0  0 
6.025670e-016
7  4  6  0  0  0  0  0  0  0 
1.931551e-003
7  9  3  6  0  0  0  0  0  0 
5.986893e-016
7   4   1  11   8   0   0   0   0   0 
1.684830e-002
7  4  6  5  2  8  0  0  0  0 
6.090906e-016
7  4  1  5  2  8  0  0  0  0 
6.091055e-016
7  9  0  0  0  0  0  0  0  0 
2.732576e-003
7  4  6  3  9  0  0  0  0  0 
2.025081e-016
7   4   6   3  10   9   0   0   0   0 
1.521691e-016
7   9  10   0   0   0   0   0   0   0 
7.049150e-003
7   9   3  10   0   0   0   0   0   0 
6.078348e-016
7   4   6   3  10   0   0   0   0   0 
3.054321e-016
7   4   1  11   0   0   0   0   0   0 
2.587923e-002
8  11   1   0   0   0   0   0   0   0 
4.261703e-003
8  2  5  1  0  0  0  0  0  0 
6.077675e-016
8  2  0  0  0  0  0  0  0  0 
1.662697e-003
8  11   1   5   2   0   0   0   0   0 
2.026665e-016
8  11   1   4   6   5   2   0   0   0 
1.216728e-016
8  2  5  6  3  0  0  0  0  0 
4.338181e-003
8  11   1   5   6   3   0   0   0   0 
6.073823e-016
8  11   1   4   6   3   0   0   0   0 
6.073117e-016
8  11   1   4   0   0   0   0   0   0 
2.366701e-003
8  2  5  1  4  0  0  0  0  0 
6.020363e-016
8  2  5  6  4  0  0  0  0  0 
6.019581e-016
8  2  5  0  0  0  0  0  0  0 
7.959661e-003
8  11   1   5   0   0   0   0   0   0 
6.090835e-016
8  2  5  6  0  0  0  0  0  0 
2.396059e-003
8  11   1   5   6   0   0   0   0   0 
6.038094e-016
8  11   1   4   6   0   0   0   0   0 
6.036921e-016
8  11   1   4   7   0   0   0   0   0 
1.831911e-002
8  2  5  1  4  7  0  0  0  0 
6.090431e-016
8  2  5  6  4  7  0  0  0  0 
6.090219e-016
8  11   1   4   7   9   0   0   0   0 
4.970313e-004
8  2  5  6  3  9  0  0  0  0 
5.067517e-004
8  11   1   5   6   3   9   0   0   0 
6.302693e-016
8   2   5   6   3  10   0   0   0   0 
6.961477e-003
8   2   5   6   3   9  10   0   0   0 
6.019744e-016
8  11   1   4   7   9  10   0   0   0 
6.048900e-016
8  11   0   0   0   0   0   0   0   0 
4.429425e-002
8   2   5   1  11   0   0   0   0   0 
2.031389e-016
9  7  4  1  0  0  0  0  0  0 
2.063811e-003
9  3  6  4  1  0  0  0  0  0 
5.953103e-016
9  3  6  5  1  0  0  0  0  0 
5.954748e-016
9  3  6  5  2  0  0  0  0  0 
5.993940e-004
9  10   3   6   5   2   0   0   0   0 
5.766476e-016
9  7  4  6  5  2  0  0  0  0 
5.855486e-016
9  3  0  0  0  0  0  0  0  0 
4.943010e-003
9  10   3   0   0   0   0   0   0   0 
6.084644e-016
9  7  4  6  3  0  0  0  0  0 
2.033491e-016
9  7  4  0  0  0  0  0  0  0 
2.340790e-004
9  3  6  4  0  0  0  0  0  0 
4.574401e-016
9  10   3   6   4   0   0   0   0   0 
2.016674e-016
9  3  6  5  0  0  0  0  0  0 
1.846604e-003
9  10   3   6   5   0   0   0   0   0 
5.996332e-016
9  7  4  6  5  0  0  0  0  0 
6.055200e-016
9  3  6  0  0  0  0  0  0  0 
1.560840e-004
9  10   3   6   0   0   0   0   0   0 
1.924620e-015
9  7  4  6  0  0  0  0  0  0 
1.993352e-015
9  7  0  0  0  0  0  0  0  0 
1.593728e-003
9  3  6  4  7  0  0  0  0  0 
2.020551e-016
9  10   3   6   4   7   0   0   0   0 
1.517487e-016
9   7   4   1  11   8   0   0   0   0 
7.486719e-004
9  3  6  5  2  8  0  0  0  0 
1.128730e-003
9  10   3   6   5   2   8   0   0   0 
6.099436e-016
9  10   0   0   0   0   0   0   0   0 
9.051400e-004
9   3  10   0   0   0   0   0   0   0 
6.024308e-016
9   7   4   1  11   0   0   0   0   0 
7.936630e-004
9   3   6   4   1  11   0   0   0   0 
5.822413e-016
9   3   6   5   1  11   0   0   0   0 
5.830877e-016
10   3   6   4   1   0   0   0   0   0 
1.072140e-003
10   9   7   4   1   0   0   0   0   0 
1.151737e-003
10   3   6   5   1   0   0   0   0   0 
1.109222e-003
10   3   6   5   2   0   0   0   0   0 
2.862001e-003
10   9   3   6   5   2   0   0   0   0 
6.017046e-016
10   3   0   0   0   0   0   0   0   0 
3.529264e-003
10   9   3   0   0   0   0   0   0   0 
6.026191e-016
10   3   6   4   0   0   0   0   0   0 
3.311270e-004
10   9   7   4   0   0   0   0   0   0 
3.190240e-004
10   3   9   7   4   0   0   0   0   0 
6.566738e-016
10   3   6   5   0   0   0   0   0   0 
2.771602e-003
10   9   3   6   5   0   0   0   0   0 
6.015474e-016
10   3   6   0   0   0   0   0   0   0 
1.748694e-003
10   9   3   6   0   0   0   0   0   0 
5.988344e-016
10   9   7   0   0   0   0   0   0   0 
1.264737e-002
10   3   9   7   0   0   0   0   0   0 
6.062869e-016
10   3   6   5   2   8   0   0   0   0 
8.455680e-003
10   9   3   6   5   2   8   0   0   0 
6.044687e-016
10   3   6   5   1  11   8   0   0   0 
6.084593e-016
10   9   0   0   0   0   0   0   0   0 
8.229840e-004
10   3   9   0   0   0   0   0   0   0 
5.968628e-016
10   3   6   4   1  11   0   0   0   0 
3.033396e-003
10   3   6   5   1  11   0   0   0   0 
3.056407e-003
10   9   7   4   1  11   0   0   0   0 
3.578023e-003
11   1   0   0   0   0   0   0   0   0 
5.136142e-002
11   8   2   5   1   0   0   0   0   0 
2.031420e-016
11   8   2   0   0   0   0   0   0   0 
3.661855e-003
11   1   5   2   0   0   0   0   0   0 
6.087650e-016
11   1   4   6   3   0   0   0   0   0 
1.457770e-003
11   1   5   6   3   0   0   0   0   0 
1.545577e-003
11   8   2   5   6   3   0   0   0   0 
6.086523e-016
11   1   4   0   0   0   0   0   0   0 
1.019617e-003
11   1   5   6   4   0   0   0   0   0 
3.031442e-016
11   1   5   0   0   0   0   0   0   0 
9.039495e-003
11   8   2   5   0   0   0   0   0   0 
6.086320e-016
11   1   4   6   5   0   0   0   0   0 
3.045353e-016
11   1   4   6   0   0   0   0   0   0 
2.461094e-003
11   1   5   6   0   0   0   0   0   0 
2.606208e-003
11   8   2   5   6   0   0   0   0   0 
6.082046e-016
11   1   4   7   0   0   0   0   0   0 
2.046819e-002
11   8   0   0   0   0   0   0   0   0 
1.771092e-002
11   1   5   2   8   0   0   0   0   0 
2.031270e-016
11   1   4   7   9   0   0   0   0   0 
4.071900e-004
11   1   4   6   3   9   0   0   0   0 
4.889535e-016
11   1   5   6   3   9   0   0   0   0 
4.895416e-016
11   1   4   7   9  10   0   0   0   0 
1.203479e-003
11   1   5   6   3  10   0   0   0   0 
9.077758e-004
11   1   4   6   3  10   0   0   0   0 
8.718841e-004
