1  5  2  0  0  0  0  0  0  0 
4.684350e-003
1  11   8   2   0   0   0   0   0   0 
2.365585e-017
1  4  6  5  2  0  0  0  0  0 
1.186144e-017
1  4  6  3  0  0  0  0  0  0 
1.263614e-003
1  5  6  3  0  0  0  0  0  0 
1.304491e-003
1  4  7  9  3  0  0  0  0  0 
2.342002e-017
1  4  0  0  0  0  0  0  0  0 
1.729145e-003
1  5  6  4  0  0  0  0  0  0 
1.181137e-017
1  5  0  0  0  0  0  0  0  0 
2.924524e-003
1  4  6  5  0  0  0  0  0  0 
1.184479e-017
1  11   8   2   5   0   0   0   0   0 
7.905775e-018
1  4  6  0  0  0  0  0  0  0 
6.370095e-004
1  5  6  0  0  0  0  0  0  0 
7.145335e-004
1  4  7  0  0  0  0  0  0  0 
3.930353e-003
1  5  6  4  7  0  0  0  0  0 
1.186086e-017
1  11   8   0   0   0   0   0   0   0 
1.165797e-002
1  5  2  8  0  0  0  0  0  0 
2.375779e-017
1  4  6  5  2  8  0  0  0  0 
7.927029e-018
1  4  7  9  0  0  0  0  0  0 
2.556560e-004
1  4  6  3  9  0  0  0  0  0 
2.198567e-017
1  5  6  3  9  0  0  0  0  0 
2.199522e-017
1   4   6   3  10   0   0   0   0   0 
1.773472e-003
1   5   6   3  10   0   0   0   0   0 
1.741230e-003
1   4   7   9  10   0   0   0   0   0 
2.250005e-003
1  11   0   0   0   0   0   0   0   0 
4.378127e-002
1   5   2   8  11   0   0   0   0   0 
7.930093e-018
2  5  1  0  0  0  0  0  0  0 
6.497236e-003
2   8  11   1   0   0   0   0   0   0 
2.369246e-017
2  5  6  4  1  0  0  0  0  0 
1.186869e-017
2  5  6  3  0  0  0  0  0  0 
1.998687e-002
2  5  1  4  6  3  0  0  0  0 
1.189420e-017
2  5  1  4  0  0  0  0  0  0 
4.664021e-003
2  5  6  4  0  0  0  0  0  0 
4.585688e-003
2   8  11   1   4   0   0   0   0   0 
2.366504e-017
2  5  0  0  0  0  0  0  0  0 
3.495102e-002
2   8  11   1   5   0   0   0   0   0 
7.929381e-018
2   8  11   1   4   6   5   0   0   0 
4.758016e-018
2  5  6  0  0  0  0  0  0  0 
1.454250e-002
2  5  1  4  6  0  0  0  0  0 
1.189143e-017
2  5  1  4  7  0  0  0  0  0 
2.269359e-002
2  5  6  4  7  0  0  0  0  0 
2.286553e-002
2   8  11   1   4   7   0   0   0   0 
2.376188e-017
2  8  0  0  0  0  0  0  0  0 
2.555006e-002
2   5   1  11   8   0   0   0   0   0 
7.925733e-018
2  5  6  3  9  0  0  0  0  0 
2.275519e-003
2   5   6   3  10   9   0   0   0   0 
2.343149e-017
2  5  1  4  7  9  0  0  0  0 
2.341984e-017
2   5   6   3  10   0   0   0   0   0 
2.394962e-002
2   5   6   3   9  10   0   0   0   0 
2.388028e-017
2   8  11   0   0   0   0   0   0   0 
3.415281e-002
2   5   1  11   0   0   0   0   0   0 
2.376314e-017
3  6  4  1  0  0  0  0  0  0 
1.378284e-003
3  6  5  1  0  0  0  0  0  0 
1.343080e-003
3  9  7  4  1  0  0  0  0  0 
2.345930e-017
3  6  5  2  0  0  0  0  0  0 
5.797559e-003
3  6  4  1  5  2  0  0  0  0 
1.187277e-017
3  6  4  0  0  0  0  0  0  0 
1.313814e-003
3  9  7  4  0  0  0  0  0  0 
2.340581e-017
3  6  5  0  0  0  0  0  0  0 
3.722086e-003
3  6  4  1  5  0  0  0  0  0 
1.185826e-017
3  6  0  0  0  0  0  0  0  0 
3.398110e-003
3  9  7  4  6  0  0  0  0  0 
7.920409e-018
3  10   9   7   4   6   0   0   0   0 
5.941353e-018
3  9  7  0  0  0  0  0  0  0 
3.165001e-003
3  10   9   7   0   0   0   0   0   0 
2.354421e-017
3  6  4  7  0  0  0  0  0  0 
2.349206e-017
3  6  5  2  8  0  0  0  0  0 
8.874660e-003
3   6   4   1  11   8   0   0   0   0 
2.371253e-017
3   6   5   1  11   8   0   0   0   0 
2.371263e-017
3  9  0  0  0  0  0  0  0  0 
2.812975e-003
3  10   9   0   0   0   0   0   0   0 
2.356068e-017
3  6  4  7  9  0  0  0  0  0 
7.899845e-018
3  10   0   0   0   0   0   0   0   0 
2.287412e-003
3   9  10   0   0   0   0   0   0   0 
2.361237e-017
3   6   4   1  11   0   0   0   0   0 
7.486789e-003
3   6   5   1  11   0   0   0   0   0 
7.351078e-003
3   9   7   4   1  11   0   0   0   0 
2.378269e-017
4  1  0  0  0  0  0  0  0  0 
2.349214e-003
4  6  5  1  0  0  0  0  0  0 
1.183788e-017
4  1  5  2  0  0  0  0  0  0 
9.507872e-004
4  6  5  2  0  0  0  0  0  0 
8.084878e-004
4   1  11   8   2   0   0   0   0   0 
2.324971e-017
4  6  3  0  0  0  0  0  0  0 
2.003682e-003
4  7  9  3  0  0  0  0  0  0 
2.343899e-017
4  1  5  6  3  0  0  0  0  0 
1.178590e-017
4  1  5  0  0  0  0  0  0  0 
1.472915e-003
4  6  5  0  0  0  0  0  0  0 
1.317362e-003
4  6  0  0  0  0  0  0  0  0 
1.403589e-003
4  1  5  6  0  0  0  0  0  0 
1.176237e-017
4  7  9  3  6  0  0  0  0  0 
7.872971e-018
4  7  0  0  0  0  0  0  0  0 
3.321286e-003
4  6  3  9  7  0  0  0  0  0 
7.920947e-018
4   6   3  10   9   7   0   0   0   0 
5.941657e-018
4   1  11   8   0   0   0   0   0   0 
1.360647e-002
4  1  5  2  8  0  0  0  0  0 
2.376369e-017
4  6  5  2  8  0  0  0  0  0 
2.377816e-017
4  7  9  0  0  0  0  0  0  0 
6.239010e-004
4  6  3  9  0  0  0  0  0  0 
2.302111e-017
4   6   3  10   9   0   0   0   0   0 
1.164140e-017
4   7   9  10   0   0   0   0   0   0 
3.461515e-004
4   6   3  10   0   0   0   0   0   0 
3.395935e-004
4   6   3   9  10   0   0   0   0   0 
2.283659e-017
4   1  11   0   0   0   0   0   0   0 
6.610957e-003
4   6   5   1  11   0   0   0   0   0 
1.187953e-017
5  1  0  0  0  0  0  0  0  0 
8.321955e-003
5  6  4  1  0  0  0  0  0  0 
1.187512e-017
5   2   8  11   1   0   0   0   0   0 
7.920688e-018
5  2  0  0  0  0  0  0  0  0 
1.066072e-002
5   1  11   8   2   0   0   0   0   0 
7.925421e-018
5  6  3  0  0  0  0  0  0  0 
2.964943e-003
5  1  4  6  3  0  0  0  0  0 
1.185086e-017
5  1  4  0  0  0  0  0  0  0 
1.857684e-003
5  6  4  0  0  0  0  0  0  0 
1.769510e-003
5  6  0  0  0  0  0  0  0  0 
4.067114e-003
5  1  4  6  0  0  0  0  0  0 
1.186476e-017
5  1  4  7  0  0  0  0  0  0 
8.098387e-003
5  6  4  7  0  0  0  0  0  0 
8.123490e-003
5  6  3  9  7  0  0  0  0  0 
2.380060e-017
5  2  8  0  0  0  0  0  0  0 
1.847411e-002
5   1  11   8   0   0   0   0   0   0 
2.375192e-017
5  6  3  9  0  0  0  0  0  0 
4.647974e-003
5  1  4  7  9  0  0  0  0  0 
2.361296e-017
5  6  4  7  9  0  0  0  0  0 
2.361435e-017
5   6   3  10   0   0   0   0   0   0 
2.286080e-003
5   6   3   9  10   0   0   0   0   0 
2.361221e-017
5   1  11   0   0   0   0   0   0   0 
1.695197e-002
5   2   8  11   0   0   0   0   0   0 
2.375657e-017
6  4  1  0  0  0  0  0  0  0 
7.357723e-004
6  5  1  0  0  0  0  0  0  0 
7.314617e-004
6  5  2  0  0  0  0  0  0  0 
3.593270e-003
6  4  1  5  2  0  0  0  0  0 
1.185680e-017
6  3  0  0  0  0  0  0  0  0 
4.574940e-003
6  4  7  9  3  0  0  0  0  0 
7.922136e-018
6   4   7   9  10   3   0   0   0   0 
5.945567e-018
6  4  0  0  0  0  0  0  0  0 
1.276353e-003
6  5  1  4  0  0  0  0  0  0 
1.174387e-017
6  3  9  7  4  0  0  0  0  0 
7.864895e-018
6  5  0  0  0  0  0  0  0  0 
4.558555e-003
6  4  1  5  0  0  0  0  0  0 
1.186570e-017
6  4  7  0  0  0  0  0  0  0 
4.490682e-003
6  3  9  7  0  0  0  0  0  0 
2.373076e-017
6  5  2  8  0  0  0  0  0  0 
8.814209e-003
6   4   1  11   8   0   0   0   0   0 
2.371200e-017
6   5   1  11   8   0   0   0   0   0 
2.371211e-017
6  3  9  0  0  0  0  0  0  0 
1.734590e-004
6   3  10   9   0   0   0   0   0   0 
2.030315e-017
6  4  7  9  0  0  0  0  0  0 
2.001662e-017
6   3  10   0   0   0   0   0   0   0 
1.278566e-003
6   3   9  10   0   0   0   0   0   0 
2.332130e-017
6   4   7   9  10   0   0   0   0   0 
1.175721e-017
6   4   1  11   0   0   0   0   0   0 
3.803536e-003
6   5   1  11   0   0   0   0   0   0 
3.545028e-003
6   5   2   8  11   0   0   0   0   0 
2.363765e-017
7  4  1  0  0  0  0  0  0  0 
6.380481e-003
7  4  6  5  1  0  0  0  0  0 
1.187870e-017
7  4  6  5  2  0  0  0  0  0 
3.026024e-003
7  4  1  5  2  0  0  0  0  0 
2.919102e-003
7  9  3  6  5  2  0  0  0  0 
2.364748e-017
7  9  3  0  0  0  0  0  0  0 
8.103728e-003
7  4  6  3  0  0  0  0  0  0 
2.366840e-017
7   9  10   3   0   0   0   0   0   0 
2.374949e-017
7  4  0  0  0  0  0  0  0  0 
3.881450e-002
7  9  3  6  4  0  0  0  0  0 
7.936774e-018
7   9  10   3   6   4   0   0   0   0 
5.953910e-018
7  4  6  5  0  0  0  0  0  0 
3.219867e-003
7  4  1  5  0  0  0  0  0  0 
3.071880e-003
7  9  3  6  5  0  0  0  0  0 
2.365786e-017
7  4  6  0  0  0  0  0  0  0 
3.512743e-003
7  9  3  6  0  0  0  0  0  0 
2.365755e-017
7   4   1  11   8   0   0   0   0   0 
2.830537e-002
7  4  6  5  2  8  0  0  0  0 
2.380358e-017
7  4  1  5  2  8  0  0  0  0 
2.378876e-017
7  9  0  0  0  0  0  0  0  0 
4.380428e-003
7  4  6  3  9  0  0  0  0  0 
7.919977e-018
7   4   6   3  10   9   0   0   0   0 
5.941111e-018
7   9  10   0   0   0   0   0   0   0 
7.560051e-003
7   9   3  10   0   0   0   0   0   0 
2.369836e-017
7   4   6   3  10   0   0   0   0   0 
1.186017e-017
7   4   1  11   0   0   0   0   0   0 
2.753118e-002
8  11   1   0   0   0   0   0   0   0 
5.213101e-003
8  2  5  1  0  0  0  0  0  0 
2.369582e-017
8  2  0  0  0  0  0  0  0  0 
2.253621e-003
8  11   1   5   2   0   0   0   0   0 
7.898198e-018
8  11   1   4   6   5   2   0   0   0 
4.746393e-018
8  2  5  6  3  0  0  0  0  0 
1.656480e-003
8  11   1   5   6   3   0   0   0   0 
2.337160e-017
8  11   1   4   6   3   0   0   0   0 
2.337970e-017
8  11   1   4   0   0   0   0   0   0 
1.989427e-003
8  2  5  1  4  0  0  0  0  0 
2.341183e-017
8  2  5  6  4  0  0  0  0  0 
2.341149e-017
8  2  5  0  0  0  0  0  0  0 
6.884021e-003
8  11   1   5   0   0   0   0   0   0 
2.369596e-017
8  2  5  6  0  0  0  0  0  0 
4.159125e-003
8  11   1   5   6   0   0   0   0   0 
2.361500e-017
8  11   1   4   6   0   0   0   0   0 
2.362571e-017
8  11   1   4   7   0   0   0   0   0 
1.970397e-002
8  2  5  1  4  7  0  0  0  0 
2.378136e-017
8  2  5  6  4  7  0  0  0  0 
2.378300e-017
8  11   1   4   7   9   0   0   0   0 
3.873943e-004
8  2  5  6  3  9  0  0  0  0 
4.543657e-004
8  11   1   5   6   3   9   0   0   0 
2.295279e-017
8   2   5   6   3  10   0   0   0   0 
6.048105e-003
8   2   5   6   3   9  10   0   0   0 
2.378185e-017
8  11   1   4   7   9  10   0   0   0 
2.372561e-017
8  11   0   0   0   0   0   0   0   0 
4.724454e-002
8   2   5   1  11   0   0   0   0   0 
7.929780e-018
9  7  4  1  0  0  0  0  0  0 
2.082364e-003
9  3  6  4  1  0  0  0  0  0 
2.343917e-017
9  3  6  5  1  0  0  0  0  0 
2.343973e-017
9  3  6  5  2  0  0  0  0  0 
1.102273e-003
9  10   3   6   5   2   0   0   0   0 
2.326859e-017
9  7  4  6  5  2  0  0  0  0 
2.325007e-017
9  3  0  0  0  0  0  0  0  0 
5.811556e-003
9  10   3   0   0   0   0   0   0   0 
2.372079e-017
9  7  4  6  3  0  0  0  0  0 
7.917767e-018
9  7  4  0  0  0  0  0  0  0 
1.220634e-003
9  3  6  4  0  0  0  0  0  0 
2.327207e-017
9  10   3   6   4   0   0   0   0   0 
1.175466e-017
9  3  6  5  0  0  0  0  0  0 
2.690462e-003
9  10   3   6   5   0   0   0   0   0 
2.353875e-017
9  7  4  6  5  0  0  0  0  0 
2.351114e-017
9  3  6  0  0  0  0  0  0  0 
3.178710e-004
9  10   3   6   0   0   0   0   0   0 
2.151298e-017
9  7  4  6  0  0  0  0  0  0 
2.149751e-017
9  7  0  0  0  0  0  0  0  0 
1.913340e-003
9  3  6  4  7  0  0  0  0  0 
7.894190e-018
9  10   3   6   4   7   0   0   0   0 
5.929386e-018
9   7   4   1  11   8   0   0   0   0 
1.303604e-003
9  3  6  5  2  8  0  0  0  0 
1.395647e-003
9  10   3   6   5   2   8   0   0   0 
2.344586e-017
9  10   0   0   0   0   0   0   0   0 
1.308581e-003
9   3  10   0   0   0   0   0   0   0 
2.335524e-017
9   7   4   1  11   0   0   0   0   0 
1.478596e-003
9   3   6   4   1  11   0   0   0   0 
2.334994e-017
9   3   6   5   1  11   0   0   0   0 
2.335001e-017
10   3   6   4   1   0   0   0   0   0 
1.217005e-003
10   9   7   4   1   0   0   0   0   0 
1.352648e-003
10   3   6   5   1   0   0   0   0   0 
1.216006e-003
10   3   6   5   2   0   0   0   0   0 
2.535077e-003
10   9   3   6   5   2   0   0   0   0 
2.359652e-017
10   3   0   0   0   0   0   0   0   0 
5.696481e-003
10   9   3   0   0   0   0   0   0   0 
2.373862e-017
10   3   6   4   0   0   0   0   0   0 
1.210152e-003
10   9   7   4   0   0   0   0   0   0 
1.309479e-003
10   3   9   7   4   0   0   0   0   0 
2.342171e-017
10   3   6   5   0   0   0   0   0   0 
3.548202e-003
10   9   3   6   5   0   0   0   0   0 
2.366909e-017
10   3   6   0   0   0   0   0   0   0 
2.296908e-003
10   9   3   6   0   0   0   0   0   0 
2.357124e-017
10   9   7   0   0   0   0   0   0   0 
1.116485e-002
10   3   9   7   0   0   0   0   0   0 
2.377730e-017
10   3   6   5   2   8   0   0   0   0 
9.780443e-003
10   9   3   6   5   2   8   0   0   0 
2.378136e-017
10   3   6   5   1  11   8   0   0   0 
2.371917e-017
10   9   0   0   0   0   0   0   0   0 
2.070515e-003
10   3   9   0   0   0   0   0   0   0 
2.353114e-017
10   3   6   4   1  11   0   0   0   0 
3.974977e-003
10   3   6   5   1  11   0   0   0   0 
3.916742e-003
10   9   7   4   1  11   0   0   0   0 
5.672540e-003
11   1   0   0   0   0   0   0   0   0 
2.668128e-002
11   8   2   5   1   0   0   0   0   0 
7.929422e-018
11   8   2   0   0   0   0   0   0   0 
7.151684e-003
11   1   5   2   0   0   0   0   0   0 
2.369597e-017
11   1   4   6   3   0   0   0   0   0 
2.547423e-003
11   1   5   6   3   0   0   0   0   0 
2.316427e-003
11   8   2   5   6   3   0   0   0   0 
2.356005e-017
11   1   4   0   0   0   0   0   0   0 
1.901111e-003
11   1   5   6   4   0   0   0   0   0 
1.181945e-017
11   1   5   0   0   0   0   0   0   0 
1.175986e-002
11   8   2   5   0   0   0   0   0   0 
2.374185e-017
11   1   4   6   5   0   0   0   0   0 
1.188341e-017
11   1   4   6   0   0   0   0   0   0 
2.235638e-003
11   1   5   6   0   0   0   0   0   0 
2.065934e-003
11   8   2   5   6   0   0   0   0   0 
2.353224e-017
11   1   4   7   0   0   0   0   0   0 
2.189551e-002
11   8   0   0   0   0   0   0   0   0 
2.542464e-002
11   1   5   2   8   0   0   0   0   0 
7.928325e-018
11   1   4   7   9   0   0   0   0   0 
1.158415e-003
11   1   4   6   3   9   0   0   0   0 
2.330077e-017
11   1   5   6   3   9   0   0   0   0 
2.329851e-017
11   1   4   7   9  10   0   0   0   0 
1.449947e-003
11   1   5   6   3  10   0   0   0   0 
1.259182e-003
11   1   4   6   3  10   0   0   0   0 
1.217238e-003
