1  5  2  0  0  0  0  0  0  0 
6.963408e-003
1  11   8   2   0   0   0   0   0   0 
2.475402e-011
1  4  6  5  2  0  0  0  0  0 
1.241082e-011
1  4  6  3  0  0  0  0  0  0 
9.871926e-004
1  5  6  3  0  0  0  0  0  0 
1.025361e-003
1  4  7  9  3  0  0  0  0  0 
2.428313e-011
1  4  0  0  0  0  0  0  0  0 
1.509112e-003
1  5  6  4  0  0  0  0  0  0 
1.229639e-011
1  5  0  0  0  0  0  0  0  0 
6.910037e-003
1  4  6  5  0  0  0  0  0  0 
1.241222e-011
1  11   8   2   5   0   0   0   0   0 
8.280878e-012
1  4  6  0  0  0  0  0  0  0 
1.567387e-003
1  5  6  0  0  0  0  0  0  0 
1.582675e-003
1  4  7  0  0  0  0  0  0  0 
6.591020e-003
1  5  6  4  7  0  0  0  0  0 
1.241442e-011
1  11   8   0   0   0   0   0   0   0 
1.450276e-002
1  5  2  8  0  0  0  0  0  0 
2.484352e-011
1  4  6  5  2  8  0  0  0  0 
8.293126e-012
1  4  7  9  0  0  0  0  0  0 
3.234600e-004
1  4  6  3  9  0  0  0  0  0 
2.158827e-011
1  5  6  3  9  0  0  0  0  0 
2.150704e-011
1   4   6   3  10   0   0   0   0   0 
1.824894e-003
1   5   6   3  10   0   0   0   0   0 
1.793689e-003
1   4   7   9  10   0   0   0   0   0 
2.342733e-003
1  11   0   0   0   0   0   0   0   0 
4.519748e-002
1   5   2   8  11   0   0   0   0   0 
8.297114e-012
2  5  1  0  0  0  0  0  0  0 
9.635493e-003
2   8  11   1   0   0   0   0   0   0 
2.478841e-011
2  5  6  4  1  0  0  0  0  0 
1.241904e-011
2  5  6  3  0  0  0  0  0  0 
1.281658e-002
2  5  1  4  6  3  0  0  0  0 
1.243396e-011
2  5  1  4  0  0  0  0  0  0 
4.393823e-003
2  5  6  4  0  0  0  0  0  0 
4.733200e-003
2   8  11   1   4   0   0   0   0   0 
2.469966e-011
2  5  0  0  0  0  0  0  0  0 
3.830946e-002
2   8  11   1   5   0   0   0   0   0 
8.296194e-012
2   8  11   1   4   6   5   0   0   0 
4.978494e-012
2  5  6  0  0  0  0  0  0  0 
1.276020e-002
2  5  1  4  6  0  0  0  0  0 
1.243387e-011
2  5  1  4  7  0  0  0  0  0 
1.870265e-002
2  5  6  4  7  0  0  0  0  0 
1.987735e-002
2   8  11   1   4   7   0   0   0   0 
2.484103e-011
2  8  0  0  0  0  0  0  0  0 
3.314812e-002
2   5   1  11   8   0   0   0   0   0 
8.292819e-012
2  5  6  3  9  0  0  0  0  0 
1.989794e-003
2   5   6   3  10   9   0   0   0   0 
2.434978e-011
2  5  1  4  7  9  0  0  0  0 
2.434237e-011
2   5   6   3  10   0   0   0   0   0 
1.519175e-002
2   5   6   3   9  10   0   0   0   0 
2.491589e-011
2   8  11   0   0   0   0   0   0   0 
3.394297e-002
2   5   1  11   0   0   0   0   0   0 
2.485460e-011
3  6  4  1  0  0  0  0  0  0 
1.407645e-003
3  6  5  1  0  0  0  0  0  0 
1.350004e-003
3  9  7  4  1  0  0  0  0  0 
2.436031e-011
3  6  5  2  0  0  0  0  0  0 
6.728926e-003
3  6  4  1  5  2  0  0  0  0 
1.241402e-011
3  6  4  0  0  0  0  0  0  0 
2.027297e-003
3  9  7  4  0  0  0  0  0  0 
2.445459e-011
3  6  5  0  0  0  0  0  0  0 
2.354155e-003
3  6  4  1  5  0  0  0  0  0 
1.234948e-011
3  6  0  0  0  0  0  0  0  0 
3.445064e-003
3  9  7  4  6  0  0  0  0  0 
8.275868e-012
3  10   9   7   4   6   0   0   0   0 
6.213604e-012
3  9  7  0  0  0  0  0  0  0 
3.676737e-003
3  10   9   7   0   0   0   0   0   0 
2.463896e-011
3  6  4  7  0  0  0  0  0  0 
2.457679e-011
3  6  5  2  8  0  0  0  0  0 
6.393069e-003
3   6   4   1  11   8   0   0   0   0 
2.472315e-011
3   6   5   1  11   8   0   0   0   0 
2.472296e-011
3  9  0  0  0  0  0  0  0  0 
3.849627e-003
3  10   9   0   0   0   0   0   0   0 
2.468042e-011
3  6  4  7  9  0  0  0  0  0 
8.266338e-012
3  10   0   0   0   0   0   0   0   0 
2.201968e-003
3   9  10   0   0   0   0   0   0   0 
2.447948e-011
3   6   4   1  11   0   0   0   0   0 
5.730310e-003
3   6   5   1  11   0   0   0   0   0 
5.594430e-003
3   9   7   4   1  11   0   0   0   0 
2.480009e-011
4  1  0  0  0  0  0  0  0  0 
1.780325e-003
4  6  5  1  0  0  0  0  0  0 
1.232064e-011
4  1  5  2  0  0  0  0  0  0 
1.616712e-003
4  6  5  2  0  0  0  0  0  0 
1.650259e-003
4   1  11   8   2   0   0   0   0   0 
2.444252e-011
4  6  3  0  0  0  0  0  0  0 
1.532925e-003
4  7  9  3  0  0  0  0  0  0 
2.423365e-011
4  1  5  6  3  0  0  0  0  0 
1.223317e-011
4  1  5  0  0  0  0  0  0  0 
1.464053e-003
4  6  5  0  0  0  0  0  0  0 
1.393540e-003
4  6  0  0  0  0  0  0  0  0 
2.507023e-003
4  1  5  6  0  0  0  0  0  0 
1.234084e-011
4  7  9  3  6  0  0  0  0  0 
8.256421e-012
4  7  0  0  0  0  0  0  0  0 
3.708749e-003
4  6  3  9  7  0  0  0  0  0 
8.280309e-012
4   6   3  10   9   7   0   0   0   0 
6.216144e-012
4   1  11   8   0   0   0   0   0   0 
1.654104e-002
4  1  5  2  8  0  0  0  0  0 
2.485042e-011
4  6  5  2  8  0  0  0  0  0 
2.486732e-011
4  7  9  0  0  0  0  0  0  0 
4.588130e-004
4  6  3  9  0  0  0  0  0  0 
2.220328e-011
4   6   3  10   9   0   0   0   0   0 
1.183399e-011
4   7   9  10   0   0   0   0   0   0 
7.544384e-004
4   6   3  10   0   0   0   0   0   0 
7.969506e-004
4   6   3   9  10   0   0   0   0   0 
2.413091e-011
4   1  11   0   0   0   0   0   0   0 
6.585333e-003
4   6   5   1  11   0   0   0   0   0 
1.241716e-011
5  1  0  0  0  0  0  0  0  0 
1.176252e-002
5  6  4  1  0  0  0  0  0  0 
1.242489e-011
5   2   8  11   1   0   0   0   0   0 
8.287220e-012
5  2  0  0  0  0  0  0  0  0 
1.085157e-002
5   1  11   8   2   0   0   0   0   0 
8.289821e-012
5  6  3  0  0  0  0  0  0  0 
4.077622e-003
5  1  4  6  3  0  0  0  0  0 
1.239369e-011
5  1  4  0  0  0  0  0  0  0 
2.154898e-003
5  6  4  0  0  0  0  0  0  0 
2.210434e-003
5  6  0  0  0  0  0  0  0  0 
4.776194e-003
5  1  4  6  0  0  0  0  0  0 
1.240223e-011
5  1  4  7  0  0  0  0  0  0 
9.247104e-003
5  6  4  7  0  0  0  0  0  0 
9.766280e-003
5  6  3  9  7  0  0  0  0  0 
2.489523e-011
5  2  8  0  0  0  0  0  0  0 
2.039869e-002
5   1  11   8   0   0   0   0   0   0 
2.483934e-011
5  6  3  9  0  0  0  0  0  0 
1.207439e-003
5  1  4  7  9  0  0  0  0  0 
2.407479e-011
5  6  4  7  9  0  0  0  0  0 
2.406657e-011
5   6   3  10   0   0   0   0   0   0 
4.564318e-003
5   6   3   9  10   0   0   0   0   0 
2.474006e-011
5   1  11   0   0   0   0   0   0   0 
1.816019e-002
5   2   8  11   0   0   0   0   0   0 
2.484322e-011
6  4  1  0  0  0  0  0  0  0 
1.955297e-003
6  5  1  0  0  0  0  0  0  0 
1.892646e-003
6  5  2  0  0  0  0  0  0  0 
4.137749e-003
6  4  1  5  2  0  0  0  0  0 
1.239200e-011
6  3  0  0  0  0  0  0  0  0 
3.704675e-003
6  4  7  9  3  0  0  0  0  0 
8.277194e-012
6   4   7   9  10   3   0   0   0   0 
6.213762e-012
6  4  0  0  0  0  0  0  0  0 
1.834658e-003
6  5  1  4  0  0  0  0  0  0 
1.230302e-011
6  3  9  7  4  0  0  0  0  0 
8.236440e-012
6  5  0  0  0  0  0  0  0  0 
4.785621e-003
6  4  1  5  0  0  0  0  0  0 
1.239970e-011
6  4  7  0  0  0  0  0  0  0 
5.081716e-003
6  3  9  7  0  0  0  0  0  0 
2.478449e-011
6  5  2  8  0  0  0  0  0  0 
9.743858e-003
6   4   1  11   8   0   0   0   0   0 
2.478200e-011
6   5   1  11   8   0   0   0   0   0 
2.478180e-011
6  3  9  0  0  0  0  0  0  0 
7.543160e-004
6   3  10   9   0   0   0   0   0   0 
2.312064e-011
6  4  7  9  0  0  0  0  0  0 
2.321875e-011
6   3  10   0   0   0   0   0   0   0 
1.787420e-003
6   3   9  10   0   0   0   0   0   0 
2.428151e-011
6   4   7   9  10   0   0   0   0   0 
1.227728e-011
6   4   1  11   0   0   0   0   0   0 
6.554830e-003
6   5   1  11   0   0   0   0   0   0 
6.415078e-003
6   5   2   8  11   0   0   0   0   0 
2.475748e-011
7  4  1  0  0  0  0  0  0  0 
8.093773e-003
7  4  6  5  1  0  0  0  0  0 
1.242402e-011
7  4  6  5  2  0  0  0  0  0 
6.038884e-003
7  4  1  5  2  0  0  0  0  0 
4.984540e-003
7  9  3  6  5  2  0  0  0  0 
2.480880e-011
7  9  3  0  0  0  0  0  0  0 
8.716470e-003
7  4  6  3  0  0  0  0  0  0 
2.472063e-011
7   9  10   3   0   0   0   0   0   0 
2.480494e-011
7  4  0  0  0  0  0  0  0  0 
2.838052e-003
7  9  3  6  4  0  0  0  0  0 
8.268866e-012
7   9  10   3   6   4   0   0   0   0 
6.208853e-012
7  4  6  5  0  0  0  0  0  0 
4.616195e-003
7  4  1  5  0  0  0  0  0  0 
4.012778e-003
7  9  3  6  5  0  0  0  0  0 
2.476183e-011
7  4  6  0  0  0  0  0  0  0 
3.517759e-003
7  9  3  6  0  0  0  0  0  0 
2.468558e-011
7   4   1  11   8   0   0   0   0   0 
2.752546e-002
7  4  6  5  2  8  0  0  0  0 
2.489377e-011
7  4  1  5  2  8  0  0  0  0 
2.487605e-011
7  9  0  0  0  0  0  0  0  0 
1.095203e-003
7  4  6  3  9  0  0  0  0  0 
8.188906e-012
7   4   6   3  10   9   0   0   0   0 
6.162164e-012
7   9  10   0   0   0   0   0   0   0 
8.903505e-003
7   9   3  10   0   0   0   0   0   0 
2.480643e-011
7   4   6   3  10   0   0   0   0   0 
1.240775e-011
7   4   1  11   0   0   0   0   0   0 
3.057417e-002
8  11   1   0   0   0   0   0   0   0 
6.222141e-003
8  2  5  1  0  0  0  0  0  0 
2.476280e-011
8  2  0  0  0  0  0  0  0  0 
1.768881e-003
8  11   1   5   2   0   0   0   0   0 
8.232795e-012
8  11   1   4   6   5   2   0   0   0 
4.954046e-012
8  2  5  6  3  0  0  0  0  0 
5.007383e-003
8  11   1   5   6   3   0   0   0   0 
2.466947e-011
8  11   1   4   6   3   0   0   0   0 
2.467744e-011
8  11   1   4   0   0   0   0   0   0 
2.224782e-003
8  2  5  1  4  0  0  0  0  0 
2.438115e-011
8  2  5  6  4  0  0  0  0  0 
2.438397e-011
8  2  5  0  0  0  0  0  0  0 
1.341552e-002
8  11   1   5   0   0   0   0   0   0 
2.480982e-011
8  2  5  6  0  0  0  0  0  0 
4.088614e-003
8  11   1   5   6   0   0   0   0   0 
2.461813e-011
8  11   1   4   6   0   0   0   0   0 
2.462513e-011
8  11   1   4   7   0   0   0   0   0 
2.100637e-002
8  2  5  1  4  7  0  0  0  0 
2.486929e-011
8  2  5  6  4  7  0  0  0  0 
2.487444e-011
8  11   1   4   7   9   0   0   0   0 
5.388967e-004
8  2  5  6  3  9  0  0  0  0 
5.961813e-004
8  11   1   5   6   3   9   0   0   0 
2.427684e-011
8   2   5   6   3  10   0   0   0   0 
6.638585e-003
8   2   5   6   3   9  10   0   0   0 
2.479814e-011
8  11   1   4   7   9  10   0   0   0 
2.476188e-011
8  11   0   0   0   0   0   0   0   0 
5.962865e-002
8   2   5   1  11   0   0   0   0   0 
8.297556e-012
9  7  4  1  0  0  0  0  0  0 
1.019626e-003
9  3  6  4  1  0  0  0  0  0 
2.373549e-011
9  3  6  5  1  0  0  0  0  0 
2.374336e-011
9  3  6  5  2  0  0  0  0  0 
1.415995e-003
9  10   3   6   5   2   0   0   0   0 
2.404203e-011
9  7  4  6  5  2  0  0  0  0 
2.406170e-011
9  3  0  0  0  0  0  0  0  0 
4.144080e-003
9  10   3   0   0   0   0   0   0   0 
2.467546e-011
9  7  4  6  3  0  0  0  0  0 
8.269561e-012
9  7  4  0  0  0  0  0  0  0 
1.196473e-003
9  3  6  4  0  0  0  0  0  0 
2.403612e-011
9  10   3   6   4   0   0   0   0   0 
1.215668e-011
9  3  6  5  0  0  0  0  0  0 
1.503648e-003
9  10   3   6   5   0   0   0   0   0 
2.408444e-011
9  7  4  6  5  0  0  0  0  0 
2.410338e-011
9  3  6  0  0  0  0  0  0  0 
5.468290e-004
9  10   3   6   0   0   0   0   0   0 
2.364153e-011
9  7  4  6  0  0  0  0  0  0 
2.411367e-011
9  7  0  0  0  0  0  0  0  0 
1.302743e-003
9  3  6  4  7  0  0  0  0  0 
8.208479e-012
9  10   3   6   4   7   0   0   0   0 
6.172135e-012
9   7   4   1  11   8   0   0   0   0 
1.339357e-003
9  3  6  5  2  8  0  0  0  0 
1.774521e-003
9  10   3   6   5   2   8   0   0   0 
2.442345e-011
9  10   0   0   0   0   0   0   0   0 
1.089255e-003
9   3  10   0   0   0   0   0   0   0 
2.421727e-011
9   7   4   1  11   0   0   0   0   0 
2.072082e-003
9   3   6   4   1  11   0   0   0   0 
2.432288e-011
9   3   6   5   1  11   0   0   0   0 
2.432245e-011
10   3   6   4   1   0   0   0   0   0 
1.311367e-003
10   9   7   4   1   0   0   0   0   0 
1.484952e-003
10   3   6   5   1   0   0   0   0   0 
1.278184e-003
10   3   6   5   2   0   0   0   0   0 
2.491918e-003
10   9   3   6   5   2   0   0   0   0 
2.456391e-011
10   3   0   0   0   0   0   0   0   0 
7.046991e-003
10   9   3   0   0   0   0   0   0   0 
2.483222e-011
10   3   6   4   0   0   0   0   0   0 
6.826873e-004
10   9   7   4   0   0   0   0   0   0 
7.090077e-004
10   3   9   7   4   0   0   0   0   0 
2.418638e-011
10   3   6   5   0   0   0   0   0   0 
3.864449e-003
10   9   3   6   5   0   0   0   0   0 
2.470941e-011
10   3   6   0   0   0   0   0   0   0 
1.190865e-003
10   9   3   6   0   0   0   0   0   0 
2.421742e-011
10   9   7   0   0   0   0   0   0   0 
9.985744e-003
10   3   9   7   0   0   0   0   0   0 
2.481165e-011
10   3   6   5   2   8   0   0   0   0 
8.935613e-003
10   9   3   6   5   2   8   0   0   0 
2.485488e-011
10   3   6   5   1  11   8   0   0   0 
2.477194e-011
10   9   0   0   0   0   0   0   0   0 
1.543917e-003
10   3   9   0   0   0   0   0   0   0 
2.430411e-011
10   3   6   4   1  11   0   0   0   0 
3.135633e-003
10   3   6   5   1  11   0   0   0   0 
3.051823e-003
10   9   7   4   1  11   0   0   0   0 
4.361962e-003
11   1   0   0   0   0   0   0   0   0 
2.170403e-002
11   8   2   5   1   0   0   0   0   0 
8.295245e-012
11   8   2   0   0   0   0   0   0   0 
4.783589e-003
11   1   5   2   0   0   0   0   0   0 
2.468565e-011
11   1   4   6   3   0   0   0   0   0 
2.898765e-003
11   1   5   6   3   0   0   0   0   0 
2.675148e-003
11   8   2   5   6   3   0   0   0   0 
2.460134e-011
11   1   4   0   0   0   0   0   0   0 
2.936453e-003
11   1   5   6   4   0   0   0   0   0 
1.236985e-011
11   1   5   0   0   0   0   0   0   0 
1.302084e-002
11   8   2   5   0   0   0   0   0   0 
2.482496e-011
11   1   4   6   5   0   0   0   0   0 
1.242917e-011
11   1   4   6   0   0   0   0   0   0 
3.124168e-003
11   1   5   6   0   0   0   0   0   0 
2.859362e-003
11   8   2   5   6   0   0   0   0   0 
2.461871e-011
11   1   4   7   0   0   0   0   0   0 
2.244020e-002
11   8   0   0   0   0   0   0   0   0 
2.824601e-002
11   1   5   2   8   0   0   0   0   0 
8.294847e-012
11   1   4   7   9   0   0   0   0   0 
1.042772e-003
11   1   4   6   3   9   0   0   0   0 
2.387610e-011
11   1   5   6   3   9   0   0   0   0 
2.389622e-011
11   1   4   7   9  10   0   0   0   0 
1.506653e-003
11   1   5   6   3  10   0   0   0   0 
1.264743e-003
11   1   4   6   3  10   0   0   0   0 
1.234123e-003
