1  5  2  0  0  0  0  0  0  0 
4.035319e-003
1  11   8   2   0   0   0   0   0   0 
5.110647e-016
1  4  6  5  2  0  0  0  0  0 
2.562950e-016
1  4  6  3  0  0  0  0  0  0 
1.151908e-003
1  5  6  3  0  0  0  0  0  0 
1.197956e-003
1  4  7  9  3  0  0  0  0  0 
5.059122e-016
1  4  0  0  0  0  0  0  0  0 
1.417246e-003
1  5  6  4  0  0  0  0  0  0 
2.548162e-016
1  5  0  0  0  0  0  0  0  0 
5.117053e-003
1  4  6  5  0  0  0  0  0  0 
2.564636e-016
1  11   8   2   5   0   0   0   0   0 
1.710965e-016
1  4  6  0  0  0  0  0  0  0 
2.422887e-003
1  5  6  0  0  0  0  0  0  0 
2.483123e-003
1  4  7  0  0  0  0  0  0  0 
6.493481e-003
1  5  6  4  7  0  0  0  0  0 
2.566491e-016
1  11   8   0   0   0   0   0   0   0 
1.531728e-002
1  5  2  8  0  0  0  0  0  0 
5.136807e-016
1  4  6  5  2  8  0  0  0  0 
1.713508e-016
1  4  7  9  0  0  0  0  0  0 
2.781300e-004
1  4  6  3  9  0  0  0  0  0 
4.617374e-016
1  5  6  3  9  0  0  0  0  0 
4.610332e-016
1   4   6   3  10   0   0   0   0   0 
1.390279e-003
1   5   6   3  10   0   0   0   0   0 
1.569765e-003
1   4   7   9  10   0   0   0   0   0 
2.522777e-003
1  11   0   0   0   0   0   0   0   0 
4.600989e-002
1   5   2   8  11   0   0   0   0   0 
1.714083e-016
2  5  1  0  0  0  0  0  0  0 
4.380668e-003
2   8  11   1   0   0   0   0   0   0 
5.111917e-016
2  5  6  4  1  0  0  0  0  0 
2.562672e-016
2  5  6  3  0  0  0  0  0  0 
1.700763e-002
2  5  1  4  6  3  0  0  0  0 
2.570152e-016
2  5  1  4  0  0  0  0  0  0 
6.008396e-003
2  5  6  4  0  0  0  0  0  0 
5.730672e-003
2   8  11   1   4   0   0   0   0   0 
5.120833e-016
2  5  0  0  0  0  0  0  0  0 
4.220687e-002
2   8  11   1   5   0   0   0   0   0 
1.714036e-016
2   8  11   1   4   6   5   0   0   0 
1.028449e-016
2  5  6  0  0  0  0  0  0  0 
1.168425e-002
2  5  1  4  6  0  0  0  0  0 
2.569246e-016
2  5  1  4  7  0  0  0  0  0 
2.501423e-002
2  5  6  4  7  0  0  0  0  0 
2.619422e-002
2   8  11   1   4   7   0   0   0   0 
5.137587e-016
2  8  0  0  0  0  0  0  0  0 
2.235695e-002
2   5   1  11   8   0   0   0   0   0 
1.712891e-016
2  5  6  3  9  0  0  0  0  0 
2.632171e-003
2   5   6   3  10   9   0   0   0   0 
5.078235e-016
2  5  1  4  7  9  0  0  0  0 
5.075244e-016
2   5   6   3  10   0   0   0   0   0 
2.955098e-002
2   5   6   3   9  10   0   0   0   0 
5.180704e-016
2   8  11   0   0   0   0   0   0   0 
1.663318e-002
2   5   1  11   0   0   0   0   0   0 
5.130357e-016
3  6  4  1  0  0  0  0  0  0 
5.573737e-004
3  6  5  1  0  0  0  0  0  0 
5.954443e-004
3  9  7  4  1  0  0  0  0  0 
4.973711e-016
3  6  5  2  0  0  0  0  0  0 
3.361409e-003
3  6  4  1  5  2  0  0  0  0 
2.561711e-016
3  6  4  0  0  0  0  0  0  0 
1.283134e-003
3  9  7  4  0  0  0  0  0  0 
5.061284e-016
3  6  5  0  0  0  0  0  0  0 
2.086138e-003
3  6  4  1  5  0  0  0  0  0 
2.555631e-016
3  6  0  0  0  0  0  0  0  0 
1.194721e-003
3  9  7  4  6  0  0  0  0  0 
1.703970e-016
3  10   9   7   4   6   0   0   0   0 
1.279140e-016
3  9  7  0  0  0  0  0  0  0 
1.268058e-003
3  10   9   7   0   0   0   0   0   0 
5.016256e-016
3  6  4  7  0  0  0  0  0  0 
5.000229e-016
3  6  5  2  8  0  0  0  0  0 
4.444073e-003
3   6   4   1  11   8   0   0   0   0 
5.108170e-016
3   6   5   1  11   8   0   0   0   0 
5.107993e-016
3  9  0  0  0  0  0  0  0  0 
1.388150e-003
3  10   9   0   0   0   0   0   0   0 
5.039060e-016
3  6  4  7  9  0  0  0  0  0 
1.699383e-016
3  10   0   0   0   0   0   0   0   0 
1.123198e-003
3   9  10   0   0   0   0   0   0   0 
5.049996e-016
3   6   4   1  11   0   0   0   0   0 
7.334159e-003
3   6   5   1  11   0   0   0   0   0 
7.573281e-003
3   9   7   4   1  11   0   0   0   0 
5.155720e-016
4  1  0  0  0  0  0  0  0  0 
1.128338e-003
4  6  5  1  0  0  0  0  0  0 
2.542975e-016
4  1  5  2  0  0  0  0  0  0 
7.194003e-003
4  6  5  2  0  0  0  0  0  0 
8.228065e-003
4   1  11   8   2   0   0   0   0   0 
5.125487e-016
4  6  3  0  0  0  0  0  0  0 
2.119587e-003
4  7  9  3  0  0  0  0  0  0 
5.091788e-016
4  1  5  6  3  0  0  0  0  0 
2.550582e-016
4  1  5  0  0  0  0  0  0  0 
1.004376e-003
4  6  5  0  0  0  0  0  0  0 
8.881065e-004
4  6  0  0  0  0  0  0  0  0 
1.093715e-003
4  1  5  6  0  0  0  0  0  0 
2.536876e-016
4  7  9  3  6  0  0  0  0  0 
1.700339e-016
4  7  0  0  0  0  0  0  0  0 
3.700617e-003
4  6  3  9  7  0  0  0  0  0 
1.713994e-016
4   6   3  10   9   7   0   0   0   0 
1.284820e-016
4   1  11   8   0   0   0   0   0   0 
1.261796e-002
4  1  5  2  8  0  0  0  0  0 
5.134798e-016
4  6  5  2  8  0  0  0  0  0 
5.137425e-016
4  7  9  0  0  0  0  0  0  0 
2.968420e-004
4  6  3  9  0  0  0  0  0  0 
4.617695e-016
4   6   3  10   9   0   0   0   0   0 
2.430185e-016
4   7   9  10   0   0   0   0   0   0 
4.515443e-004
4   6   3  10   0   0   0   0   0   0 
3.407827e-004
4   6   3   9  10   0   0   0   0   0 
4.921948e-016
4   1  11   0   0   0   0   0   0   0 
8.782433e-003
4   6   5   1  11   0   0   0   0   0 
2.568395e-016
5  1  0  0  0  0  0  0  0  0 
5.732934e-003
5  6  4  1  0  0  0  0  0  0 
2.564773e-016
5   2   8  11   1   0   0   0   0   0 
1.711191e-016
5  2  0  0  0  0  0  0  0  0 
8.096314e-003
5   1  11   8   2   0   0   0   0   0 
1.712599e-016
5  6  3  0  0  0  0  0  0  0 
3.892167e-003
5  1  4  6  3  0  0  0  0  0 
2.563557e-016
5  1  4  0  0  0  0  0  0  0 
1.699502e-003
5  6  4  0  0  0  0  0  0  0 
1.557367e-003
5  6  0  0  0  0  0  0  0  0 
4.168521e-003
5  1  4  6  0  0  0  0  0  0 
2.564116e-016
5  1  4  7  0  0  0  0  0  0 
5.368232e-003
5  6  4  7  0  0  0  0  0  0 
5.158935e-003
5  6  3  9  7  0  0  0  0  0 
5.149639e-016
5  2  8  0  0  0  0  0  0  0 
1.636343e-002
5   1  11   8   0   0   0   0   0   0 
5.132344e-016
5  6  3  9  0  0  0  0  0  0 
9.593730e-004
5  1  4  7  9  0  0  0  0  0 
4.968430e-016
5  6  4  7  9  0  0  0  0  0 
4.970745e-016
5   6   3  10   0   0   0   0   0   0 
1.382597e-003
5   6   3   9  10   0   0   0   0   0 
5.073986e-016
5   1  11   0   0   0   0   0   0   0 
1.951267e-002
5   2   8  11   0   0   0   0   0   0 
5.136483e-016
6  4  1  0  0  0  0  0  0  0 
4.955340e-004
6  5  1  0  0  0  0  0  0  0 
5.359760e-004
6  5  2  0  0  0  0  0  0  0 
3.173800e-003
6  4  1  5  2  0  0  0  0  0 
2.561134e-016
6  3  0  0  0  0  0  0  0  0 
1.491849e-003
6  4  7  9  3  0  0  0  0  0 
1.706340e-016
6   4   7   9  10   3   0   0   0   0 
1.281181e-016
6  4  0  0  0  0  0  0  0  0 
6.315510e-004
6  5  1  4  0  0  0  0  0  0 
2.512068e-016
6  3  9  7  4  0  0  0  0  0 
1.688742e-016
6  5  0  0  0  0  0  0  0  0 
6.008942e-003
6  4  1  5  0  0  0  0  0  0 
2.565980e-016
6  4  7  0  0  0  0  0  0  0 
3.391389e-003
6  3  9  7  0  0  0  0  0  0 
5.131815e-016
6  5  2  8  0  0  0  0  0  0 
6.323545e-003
6   4   1  11   8   0   0   0   0   0 
5.118638e-016
6   5   1  11   8   0   0   0   0   0 
5.118570e-016
6  3  9  0  0  0  0  0  0  0 
1.200500e-004
6   3  10   9   0   0   0   0   0   0 
4.093586e-016
6  4  7  9  0  0  0  0  0  0 
4.094003e-016
6   3  10   0   0   0   0   0   0   0 
1.558120e-003
6   3   9  10   0   0   0   0   0   0 
5.075275e-016
6   4   7   9  10   0   0   0   0   0 
2.549306e-016
6   4   1  11   0   0   0   0   0   0 
1.515872e-003
6   5   1  11   0   0   0   0   0   0 
1.864896e-003
6   5   2   8  11   0   0   0   0   0 
5.069871e-016
7  4  1  0  0  0  0  0  0  0 
6.566745e-003
7  4  6  5  1  0  0  0  0  0 
2.567106e-016
7  4  6  5  2  0  0  0  0  0 
3.461278e-003
7  4  1  5  2  0  0  0  0  0 
3.458458e-003
7  9  3  6  5  2  0  0  0  0 
5.129914e-016
7  9  3  0  0  0  0  0  0  0 
1.616221e-003
7  4  6  3  0  0  0  0  0  0 
5.033408e-016
7   9  10   3   0   0   0   0   0   0 
5.049225e-016
7  4  0  0  0  0  0  0  0  0 
3.835422e-003
7  9  3  6  4  0  0  0  0  0 
1.713395e-016
7   9  10   3   6   4   0   0   0   0 
1.285244e-016
7  4  6  5  0  0  0  0  0  0 
2.476954e-003
7  4  1  5  0  0  0  0  0  0 
2.568086e-003
7  9  3  6  5  0  0  0  0  0 
5.115412e-016
7  4  6  0  0  0  0  0  0  0 
1.869363e-003
7  9  3  6  0  0  0  0  0  0 
5.091471e-016
7   4   1  11   8   0   0   0   0   0 
1.974507e-002
7  4  6  5  2  8  0  0  0  0 
5.141501e-016
7  4  1  5  2  8  0  0  0  0 
5.138723e-016
7  9  0  0  0  0  0  0  0  0 
2.064910e-003
7  4  6  3  9  0  0  0  0  0 
1.708394e-016
7   4   6   3  10   9   0   0   0   0 
1.281675e-016
7   9  10   0   0   0   0   0   0   0 
7.418329e-003
7   9   3  10   0   0   0   0   0   0 
5.129528e-016
7   4   6   3  10   0   0   0   0   0 
2.561811e-016
7   4   1  11   0   0   0   0   0   0 
2.146383e-002
8  11   1   0   0   0   0   0   0   0 
4.997733e-003
8  2  5  1  0  0  0  0  0  0 
5.119666e-016
8  2  0  0  0  0  0  0  0  0 
2.339826e-003
8  11   1   5   2   0   0   0   0   0 
1.707255e-016
8  11   1   4   6   5   2   0   0   0 
1.025933e-016
8  2  5  6  3  0  0  0  0  0 
3.063463e-003
8  11   1   5   6   3   0   0   0   0 
5.091251e-016
8  11   1   4   6   3   0   0   0   0 
5.093292e-016
8  11   1   4   0   0   0   0   0   0 
1.858708e-003
8  2  5  1  4  0  0  0  0  0 
5.063731e-016
8  2  5  6  4  0  0  0  0  0 
5.064328e-016
8  2  5  0  0  0  0  0  0  0 
8.808671e-003
8  11   1   5   0   0   0   0   0   0 
5.124779e-016
8  2  5  6  0  0  0  0  0  0 
3.434180e-003
8  11   1   5   6   0   0   0   0   0 
5.096688e-016
8  11   1   4   6   0   0   0   0   0 
5.098789e-016
8  11   1   4   7   0   0   0   0   0 
1.836136e-002
8  2  5  1  4  7  0  0  0  0 
5.138981e-016
8  2  5  6  4  7  0  0  0  0 
5.139445e-016
8  11   1   4   7   9   0   0   0   0 
4.299871e-004
8  2  5  6  3  9  0  0  0  0 
5.293159e-004
8  11   1   5   6   3   9   0   0   0 
4.943126e-016
8   2   5   6   3  10   0   0   0   0 
6.922486e-003
8   2   5   6   3   9  10   0   0   0 
5.158496e-016
8  11   1   4   7   9  10   0   0   0 
5.139006e-016
8  11   0   0   0   0   0   0   0   0 
4.519913e-002
8   2   5   1  11   0   0   0   0   0 
1.713879e-016
9  7  4  1  0  0  0  0  0  0 
1.020194e-003
9  3  6  4  1  0  0  0  0  0 
4.986525e-016
9  3  6  5  1  0  0  0  0  0 
4.985563e-016
9  3  6  5  2  0  0  0  0  0 
7.515760e-004
9  10   3   6   5   2   0   0   0   0 
4.914629e-016
9  7  4  6  5  2  0  0  0  0 
4.918042e-016
9  3  0  0  0  0  0  0  0  0 
3.296551e-003
9  10   3   0   0   0   0   0   0   0 
5.102270e-016
9  7  4  6  3  0  0  0  0  0 
1.708531e-016
9  7  4  0  0  0  0  0  0  0 
2.725810e-004
9  3  6  4  0  0  0  0  0  0 
4.597212e-016
9  10   3   6   4   0   0   0   0   0 
2.413910e-016
9  3  6  5  0  0  0  0  0  0 
2.017274e-003
9  10   3   6   5   0   0   0   0   0 
5.067980e-016
9  7  4  6  5  0  0  0  0  0 
5.063034e-016
9  3  6  0  0  0  0  0  0  0 
2.498350e-004
9  10   3   6   0   0   0   0   0   0 
4.636591e-016
9  7  4  6  0  0  0  0  0  0 
4.649232e-016
9  7  0  0  0  0  0  0  0  0 
2.964438e-003
9  3  6  4  7  0  0  0  0  0 
1.710069e-016
9  10   3   6   4   7   0   0   0   0 
1.283343e-016
9   7   4   1  11   8   0   0   0   0 
8.730196e-004
9  3  6  5  2  8  0  0  0  0 
1.393514e-003
9  10   3   6   5   2   8   0   0   0 
5.043710e-016
9  10   0   0   0   0   0   0   0   0 
7.508220e-004
9   3  10   0   0   0   0   0   0   0 
4.980530e-016
9   7   4   1  11   0   0   0   0   0 
1.149488e-003
9   3   6   4   1  11   0   0   0   0 
5.008398e-016
9   3   6   5   1  11   0   0   0   0 
5.007663e-016
10   3   6   4   1   0   0   0   0   0 
8.676251e-004
10   9   7   4   1   0   0   0   0   0 
1.076554e-003
10   3   6   5   1   0   0   0   0   0 
9.405034e-004
10   3   6   5   2   0   0   0   0   0 
2.710994e-003
10   9   3   6   5   2   0   0   0   0 
5.113304e-016
10   3   0   0   0   0   0   0   0   0 
2.939230e-003
10   9   3   0   0   0   0   0   0   0 
5.117500e-016
10   3   6   4   0   0   0   0   0   0 
4.416618e-004
10   9   7   4   0   0   0   0   0   0 
5.118792e-004
10   3   9   7   4   0   0   0   0   0 
4.945471e-016
10   3   6   5   0   0   0   0   0   0 
3.194393e-003
10   9   3   6   5   0   0   0   0   0 
5.121564e-016
10   3   6   0   0   0   0   0   0   0 
1.357768e-003
10   9   3   6   0   0   0   0   0   0 
5.063709e-016
10   9   7   0   0   0   0   0   0   0 
7.615338e-003
10   3   9   7   0   0   0   0   0   0 
5.142413e-016
10   3   6   5   2   8   0   0   0   0 
9.779991e-003
10   9   3   6   5   2   8   0   0   0 
5.151786e-016
10   3   6   5   1  11   8   0   0   0 
5.126928e-016
10   9   0   0   0   0   0   0   0   0 
9.125580e-004
10   3   9   0   0   0   0   0   0   0 
5.010888e-016
10   3   6   4   1  11   0   0   0   0 
3.182605e-003
10   3   6   5   1  11   0   0   0   0 
3.326559e-003
10   9   7   4   1  11   0   0   0   0 
5.594366e-003
11   1   0   0   0   0   0   0   0   0 
2.906278e-002
11   8   2   5   1   0   0   0   0   0 
1.713988e-016
11   8   2   0   0   0   0   0   0   0 
2.591649e-003
11   1   5   2   0   0   0   0   0   0 
5.087351e-016
11   1   4   6   3   0   0   0   0   0 
1.164816e-003
11   1   5   6   3   0   0   0   0   0 
1.296564e-003
11   8   2   5   6   3   0   0   0   0 
5.046329e-016
11   1   4   0   0   0   0   0   0   0 
2.134606e-003
11   1   5   6   4   0   0   0   0   0 
2.556096e-016
11   1   5   0   0   0   0   0   0   0 
9.353998e-003
11   8   2   5   0   0   0   0   0   0 
5.129754e-016
11   1   4   6   5   0   0   0   0   0 
2.567506e-016
11   1   4   6   0   0   0   0   0   0 
2.327321e-003
11   1   5   6   0   0   0   0   0   0 
2.450117e-003
11   8   2   5   6   0   0   0   0   0 
5.090218e-016
11   1   4   7   0   0   0   0   0   0 
1.985096e-002
11   8   0   0   0   0   0   0   0   0 
1.641560e-002
11   1   5   2   8   0   0   0   0   0 
1.713199e-016
11   1   4   7   9   0   0   0   0   0 
3.906220e-004
11   1   4   6   3   9   0   0   0   0 
4.671691e-016
11   1   5   6   3   9   0   0   0   0 
4.653260e-016
11   1   4   7   9  10   0   0   0   0 
9.990245e-004
11   1   5   6   3  10   0   0   0   0 
7.617640e-004
11   1   4   6   3  10   0   0   0   0 
6.239815e-004
