1  5  2  0  0  0  0  0  0  0 
4.335698e-003
1  11   8   2   0   0   0   0   0   0 
2.398442e-011
1  4  6  5  2  0  0  0  0  0 
1.202353e-011
1  4  6  3  0  0  0  0  0  0 
1.878478e-003
1  5  6  3  0  0  0  0  0  0 
1.864302e-003
1  4  7  9  3  0  0  0  0  0 
2.389908e-011
1  4  0  0  0  0  0  0  0  0 
1.530621e-003
1  5  6  4  0  0  0  0  0  0 
1.196915e-011
1  5  0  0  0  0  0  0  0  0 
3.784006e-003
1  4  6  5  0  0  0  0  0  0 
1.202065e-011
1  11   8   2   5   0   0   0   0   0 
8.020910e-012
1  4  6  0  0  0  0  0  0  0 
1.607931e-003
1  5  6  0  0  0  0  0  0  0 
1.594446e-003
1  4  7  0  0  0  0  0  0  0 
1.259162e-002
1  5  6  4  7  0  0  0  0  0 
1.204996e-011
1  11   8   0   0   0   0   0   0   0 
1.685889e-002
1  5  2  8  0  0  0  0  0  0 
2.409649e-011
1  4  6  5  2  8  0  0  0  0 
8.037384e-012
1  4  7  9  0  0  0  0  0  0 
2.865660e-004
1  4  6  3  9  0  0  0  0  0 
2.191998e-011
1  5  6  3  9  0  0  0  0  0 
2.234245e-011
1   4   6   3  10   0   0   0   0   0 
1.842088e-003
1   5   6   3  10   0   0   0   0   0 
1.782916e-003
1   4   7   9  10   0   0   0   0   0 
2.847641e-003
1  11   0   0   0   0   0   0   0   0 
2.558619e-002
1   5   2   8  11   0   0   0   0   0 
8.038117e-012
2  5  1  0  0  0  0  0  0  0 
5.198450e-003
2   8  11   1   0   0   0   0   0   0 
2.400608e-011
2  5  6  4  1  0  0  0  0  0 
1.202782e-011
2  5  6  3  0  0  0  0  0  0 
1.661768e-002
2  5  1  4  6  3  0  0  0  0 
1.205457e-011
2  5  1  4  0  0  0  0  0  0 
6.212350e-003
2  5  6  4  0  0  0  0  0  0 
6.107931e-003
2   8  11   1   4   0   0   0   0   0 
2.403041e-011
2  5  0  0  0  0  0  0  0  0 
4.619837e-002
2   8  11   1   5   0   0   0   0   0 
8.039111e-012
2   8  11   1   4   6   5   0   0   0 
4.823693e-012
2  5  6  0  0  0  0  0  0  0 
1.467854e-002
2  5  1  4  6  0  0  0  0  0 
1.205341e-011
2  5  1  4  7  0  0  0  0  0 
2.317802e-002
2  5  6  4  7  0  0  0  0  0 
2.712079e-002
2   8  11   1   4   7   0   0   0   0 
2.409708e-011
2  8  0  0  0  0  0  0  0  0 
2.186956e-002
2   5   1  11   8   0   0   0   0   0 
8.034714e-012
2  5  6  3  9  0  0  0  0  0 
2.491260e-003
2   5   6   3  10   9   0   0   0   0 
2.389071e-011
2  5  1  4  7  9  0  0  0  0 
2.388835e-011
2   5   6   3  10   0   0   0   0   0 
3.187776e-002
2   5   6   3   9  10   0   0   0   0 
2.420629e-011
2   8  11   0   0   0   0   0   0   0 
2.037197e-002
2   5   1  11   0   0   0   0   0   0 
2.407695e-011
3  6  4  1  0  0  0  0  0  0 
4.334450e-004
3  6  5  1  0  0  0  0  0  0 
4.532739e-004
3  9  7  4  1  0  0  0  0  0 
2.326084e-011
3  6  5  2  0  0  0  0  0  0 
2.957308e-003
3  6  4  1  5  2  0  0  0  0 
1.201239e-011
3  6  4  0  0  0  0  0  0  0 
7.082140e-004
3  9  7  4  0  0  0  0  0  0 
2.324216e-011
3  6  5  0  0  0  0  0  0  0 
5.681978e-003
3  6  4  1  5  0  0  0  0  0 
1.203552e-011
3  6  0  0  0  0  0  0  0  0 
1.196043e-003
3  9  7  4  6  0  0  0  0  0 
7.988664e-012
3  10   9   7   4   6   0   0   0   0 
6.001389e-012
3  9  7  0  0  0  0  0  0  0 
1.249610e-003
3  10   9   7   0   0   0   0   0   0 
2.364250e-011
3  6  4  7  0  0  0  0  0  0 
2.363480e-011
3  6  5  2  8  0  0  0  0  0 
5.586299e-003
3   6   4   1  11   8   0   0   0   0 
2.400313e-011
3   6   5   1  11   8   0   0   0   0 
2.400329e-011
3  9  0  0  0  0  0  0  0  0 
9.362280e-004
3  10   9   0   0   0   0   0   0   0 
2.358304e-011
3  6  4  7  9  0  0  0  0  0 
7.951730e-012
3  10   0   0   0   0   0   0   0   0 
1.032458e-003
3   9  10   0   0   0   0   0   0   0 
2.355670e-011
3   6   4   1  11   0   0   0   0   0 
7.794761e-003
3   6   5   1  11   0   0   0   0   0 
7.706103e-003
3   9   7   4   1  11   0   0   0   0 
2.412445e-011
4  1  0  0  0  0  0  0  0  0 
4.810370e-004
4  6  5  1  0  0  0  0  0  0 
1.177922e-011
4  1  5  2  0  0  0  0  0  0 
3.686122e-003
4  6  5  2  0  0  0  0  0  0 
3.996472e-003
4   1  11   8   2   0   0   0   0   0 
2.397750e-011
4  6  3  0  0  0  0  0  0  0 
2.207168e-003
4  7  9  3  0  0  0  0  0  0 
2.389110e-011
4  1  5  6  3  0  0  0  0  0 
1.198019e-011
4  1  5  0  0  0  0  0  0  0 
1.576379e-003
4  6  5  0  0  0  0  0  0  0 
1.570472e-003
4  6  0  0  0  0  0  0  0  0 
1.113934e-003
4  1  5  6  0  0  0  0  0  0 
1.192412e-011
4  7  9  3  6  0  0  0  0  0 
7.980074e-012
4  7  0  0  0  0  0  0  0  0 
2.413905e-003
4  6  3  9  7  0  0  0  0  0 
8.021280e-012
4   6   3  10   9   7   0   0   0   0 
6.019914e-012
4   1  11   8   0   0   0   0   0   0 
1.280026e-002
4  1  5  2  8  0  0  0  0  0 
2.408416e-011
4  6  5  2  8  0  0  0  0  0 
2.409537e-011
4  7  9  0  0  0  0  0  0  0 
2.097430e-004
4  6  3  9  0  0  0  0  0  0 
2.014639e-011
4   6   3  10   9   0   0   0   0   0 
1.208525e-011
4   7   9  10   0   0   0   0   0   0 
4.002046e-004
4   6   3  10   0   0   0   0   0   0 
3.732534e-004
4   6   3   9  10   0   0   0   0   0 
2.324720e-011
4   1  11   0   0   0   0   0   0   0 
4.442148e-003
4   6   5   1  11   0   0   0   0   0 
1.203115e-011
5  1  0  0  0  0  0  0  0  0 
5.214720e-003
5  6  4  1  0  0  0  0  0  0 
1.202959e-011
5   2   8  11   1   0   0   0   0   0 
8.025874e-012
5  2  0  0  0  0  0  0  0  0 
8.791047e-003
5   1  11   8   2   0   0   0   0   0 
8.033302e-012
5  6  3  0  0  0  0  0  0  0 
2.954100e-003
5  1  4  6  3  0  0  0  0  0 
1.201430e-011
5  1  4  0  0  0  0  0  0  0 
1.625479e-003
5  6  4  0  0  0  0  0  0  0 
1.587622e-003
5  6  0  0  0  0  0  0  0  0 
3.313810e-003
5  1  4  6  0  0  0  0  0  0 
1.201958e-011
5  1  4  7  0  0  0  0  0  0 
6.622099e-003
5  6  4  7  0  0  0  0  0  0 
6.873949e-003
5  6  3  9  7  0  0  0  0  0 
2.411976e-011
5  2  8  0  0  0  0  0  0  0 
2.653180e-002
5   1  11   8   0   0   0   0   0   0 
2.409080e-011
5  6  3  9  0  0  0  0  0  0 
1.032099e-003
5  1  4  7  9  0  0  0  0  0 
2.348846e-011
5  6  4  7  9  0  0  0  0  0 
2.348780e-011
5   6   3  10   0   0   0   0   0   0 
3.402349e-003
5   6   3   9  10   0   0   0   0   0 
2.401234e-011
5   1  11   0   0   0   0   0   0   0 
1.883463e-002
5   2   8  11   0   0   0   0   0   0 
2.409137e-011
6  4  1  0  0  0  0  0  0  0 
6.097800e-004
6  5  1  0  0  0  0  0  0  0 
6.386550e-004
6  5  2  0  0  0  0  0  0  0 
3.019870e-003
6  4  1  5  2  0  0  0  0  0 
1.201338e-011
6  3  0  0  0  0  0  0  0  0 
5.077717e-003
6  4  7  9  3  0  0  0  0  0 
8.037346e-012
6   4   7   9  10   3   0   0   0   0 
6.028717e-012
6  4  0  0  0  0  0  0  0  0 
1.056387e-003
6  5  1  4  0  0  0  0  0  0 
1.191880e-011
6  3  9  7  4  0  0  0  0  0 
7.975129e-012
6  5  0  0  0  0  0  0  0  0 
2.941233e-003
6  4  1  5  0  0  0  0  0  0 
1.201213e-011
6  4  7  0  0  0  0  0  0  0 
2.110601e-003
6  3  9  7  0  0  0  0  0  0 
2.390126e-011
6  5  2  8  0  0  0  0  0  0 
6.006980e-003
6   4   1  11   8   0   0   0   0   0 
2.401094e-011
6   5   1  11   8   0   0   0   0   0 
2.401112e-011
6  3  9  0  0  0  0  0  0  0 
1.417280e-004
6   3  10   9   0   0   0   0   0   0 
7.457671e-012
6  4  7  9  0  0  0  0  0  0 
1.980995e-011
6   3  10   0   0   0   0   0   0   0 
1.150265e-003
6   3   9  10   0   0   0   0   0   0 
2.357231e-011
6   4   7   9  10   0   0   0   0   0 
1.191475e-011
6   4   1  11   0   0   0   0   0   0 
3.165485e-003
6   5   1  11   0   0   0   0   0   0 
3.108404e-003
6   5   2   8  11   0   0   0   0   0 
2.395344e-011
7  4  1  0  0  0  0  0  0  0 
6.007725e-003
7  4  6  5  1  0  0  0  0  0 
1.203966e-011
7  4  6  5  2  0  0  0  0  0 
3.402870e-003
7  4  1  5  2  0  0  0  0  0 
3.146461e-003
7  9  3  6  5  2  0  0  0  0 
2.402740e-011
7  9  3  0  0  0  0  0  0  0 
1.102547e-003
7  4  6  3  0  0  0  0  0  0 
2.347348e-011
7   9  10   3   0   0   0   0   0   0 
2.346836e-011
7  4  0  0  0  0  0  0  0  0 
3.964423e-003
7  9  3  6  4  0  0  0  0  0 
8.034025e-012
7   9  10   3   6   4   0   0   0   0 
6.026861e-012
7  4  6  5  0  0  0  0  0  0 
3.569948e-003
7  4  1  5  0  0  0  0  0  0 
3.275991e-003
7  9  3  6  5  0  0  0  0  0 
2.403524e-011
7  4  6  0  0  0  0  0  0  0 
1.396310e-003
7  9  3  6  0  0  0  0  0  0 
2.377704e-011
7   4   1  11   8   0   0   0   0   0 
1.710627e-002
7  4  6  5  2  8  0  0  0  0 
2.410793e-011
7  4  1  5  2  8  0  0  0  0 
2.409636e-011
7  9  0  0  0  0  0  0  0  0 
2.191278e-003
7  4  6  3  9  0  0  0  0  0 
8.009385e-012
7   4   6   3  10   9   0   0   0   0 
6.013299e-012
7   9  10   0   0   0   0   0   0   0 
7.087547e-003
7   9   3  10   0   0   0   0   0   0 
2.405096e-011
7   4   6   3  10   0   0   0   0   0 
1.202337e-011
7   4   1  11   0   0   0   0   0   0 
2.377145e-002
8  11   1   0   0   0   0   0   0   0 
4.390096e-003
8  2  5  1  0  0  0  0  0  0 
2.400019e-011
8  2  0  0  0  0  0  0  0  0 
1.925289e-003
8  11   1   5   2   0   0   0   0   0 
8.003467e-012
8  11   1   4   6   5   2   0   0   0 
4.810344e-012
8  2  5  6  3  0  0  0  0  0 
4.759798e-003
8  11   1   5   6   3   0   0   0   0 
2.398328e-011
8  11   1   4   6   3   0   0   0   0 
2.399016e-011
8  11   1   4   0   0   0   0   0   0 
2.091101e-003
8  2  5  1  4  0  0  0  0  0 
2.383423e-011
8  2  5  6  4  0  0  0  0  0 
2.383395e-011
8  2  5  0  0  0  0  0  0  0 
1.108930e-002
8  11   1   5   0   0   0   0   0   0 
2.406035e-011
8  2  5  6  0  0  0  0  0  0 
2.891121e-003
8  11   1   5   6   0   0   0   0   0 
2.389650e-011
8  11   1   4   6   0   0   0   0   0 
2.390086e-011
8  11   1   4   7   0   0   0   0   0 
1.748600e-002
8  2  5  1  4  7  0  0  0  0 
2.409801e-011
8  2  5  6  4  7  0  0  0  0 
2.410004e-011
8  11   1   4   7   9   0   0   0   0 
4.382457e-004
8  2  5  6  3  9  0  0  0  0 
4.188093e-004
8  11   1   5   6   3   9   0   0   0 
2.337775e-011
8   2   5   6   3  10   0   0   0   0 
7.354066e-003
8   2   5   6   3   9  10   0   0   0 
2.412064e-011
8  11   1   4   7   9  10   0   0   0 
2.409300e-011
8  11   0   0   0   0   0   0   0   0 
4.350691e-002
8   2   5   1  11   0   0   0   0   0 
8.038241e-012
9  7  4  1  0  0  0  0  0  0 
1.306422e-003
9  3  6  4  1  0  0  0  0  0 
2.357749e-011
9  3  6  5  1  0  0  0  0  0 
2.357906e-011
9  3  6  5  2  0  0  0  0  0 
4.594450e-004
9  10   3   6   5   2   0   0   0   0 
2.266994e-011
9  7  4  6  5  2  0  0  0  0 
2.272243e-011
9  3  0  0  0  0  0  0  0  0 
3.679425e-003
9  10   3   0   0   0   0   0   0   0 
2.397015e-011
9  7  4  6  3  0  0  0  0  0 
8.019896e-012
9  7  4  0  0  0  0  0  0  0 
3.497760e-004
9  3  6  4  0  0  0  0  0  0 
2.284431e-011
9  10   3   6   4   0   0   0   0   0 
1.125471e-011
9  3  6  5  0  0  0  0  0  0 
8.092110e-004
9  10   3   6   5   0   0   0   0   0 
2.306859e-011
9  7  4  6  5  0  0  0  0  0 
2.308226e-011
9  3  6  0  0  0  0  0  0  0 
2.142410e-004
9  10   3   6   0   0   0   0   0   0 
2.304681e-011
9  7  4  6  0  0  0  0  0  0 
2.395379e-011
9  7  0  0  0  0  0  0  0  0 
1.162275e-003
9  3  6  4  7  0  0  0  0  0 
7.981544e-012
9  10   3   6   4   7   0   0   0   0 
5.996493e-012
9   7   4   1  11   8   0   0   0   0 
9.096724e-004
9  3  6  5  2  8  0  0  0  0 
9.113746e-004
9  10   3   6   5   2   8   0   0   0 
2.365325e-011
9  10   0   0   0   0   0   0   0   0 
8.745010e-004
9   3  10   0   0   0   0   0   0   0 
2.347362e-011
9   7   4   1  11   0   0   0   0   0 
8.696530e-004
9   3   6   4   1  11   0   0   0   0 
2.303374e-011
9   3   6   5   1  11   0   0   0   0 
2.303098e-011
10   3   6   4   1   0   0   0   0   0 
8.935203e-004
10   9   7   4   1   0   0   0   0   0 
1.087863e-003
10   3   6   5   1   0   0   0   0   0 
9.311001e-004
10   3   6   5   2   0   0   0   0   0 
2.478299e-003
10   9   3   6   5   2   0   0   0   0 
2.394766e-011
10   3   0   0   0   0   0   0   0   0 
7.736094e-003
10   9   3   0   0   0   0   0   0   0 
2.412536e-011
10   3   6   4   0   0   0   0   0   0 
3.784219e-004
10   9   7   4   0   0   0   0   0   0 
4.074051e-004
10   3   9   7   4   0   0   0   0   0 
2.327069e-011
10   3   6   5   0   0   0   0   0   0 
2.972087e-003
10   9   3   6   5   0   0   0   0   0 
2.398779e-011
10   3   6   0   0   0   0   0   0   0 
1.605317e-003
10   9   3   6   0   0   0   0   0   0 
2.382085e-011
10   9   7   0   0   0   0   0   0   0 
8.180643e-003
10   3   9   7   0   0   0   0   0   0 
2.406465e-011
10   3   6   5   2   8   0   0   0   0 
7.602464e-003
10   9   3   6   5   2   8   0   0   0 
2.411832e-011
10   3   6   5   1  11   8   0   0   0 
2.403312e-011
10   9   0   0   0   0   0   0   0   0 
8.042600e-004
10   3   9   0   0   0   0   0   0   0 
2.335887e-011
10   3   6   4   1  11   0   0   0   0 
3.242118e-003
10   3   6   5   1  11   0   0   0   0 
3.199102e-003
10   9   7   4   1  11   0   0   0   0 
5.479322e-003
11   1   0   0   0   0   0   0   0   0 
3.253270e-002
11   8   2   5   1   0   0   0   0   0 
8.038754e-012
11   8   2   0   0   0   0   0   0   0 
3.873717e-003
11   1   5   2   0   0   0   0   0   0 
2.396190e-011
11   1   4   6   3   0   0   0   0   0 
2.099815e-003
11   1   5   6   3   0   0   0   0   0 
2.044294e-003
11   8   2   5   6   3   0   0   0   0 
2.387692e-011
11   1   4   0   0   0   0   0   0   0 
1.504111e-003
11   1   5   6   4   0   0   0   0   0 
1.196761e-011
11   1   5   0   0   0   0   0   0   0 
1.173878e-002
11   8   2   5   0   0   0   0   0   0 
2.407285e-011
11   1   4   6   5   0   0   0   0   0 
1.204730e-011
11   1   4   6   0   0   0   0   0   0 
3.332320e-003
11   1   5   6   0   0   0   0   0   0 
3.043423e-003
11   8   2   5   6   0   0   0   0   0 
2.395351e-011
11   1   4   7   0   0   0   0   0   0 
1.837505e-002
11   8   0   0   0   0   0   0   0   0 
2.410078e-002
11   1   5   2   8   0   0   0   0   0 
8.036959e-012
11   1   4   7   9   0   0   0   0   0 
5.336350e-004
11   1   4   6   3   9   0   0   0   0 
2.227973e-011
11   1   5   6   3   9   0   0   0   0 
2.229058e-011
11   1   4   7   9  10   0   0   0   0 
2.401711e-003
11   1   5   6   3  10   0   0   0   0 
1.602509e-003
11   1   4   6   3  10   0   0   0   0 
1.632383e-003
