1  5  2  0  0  0  0  0  0  0 
4.805998e-003
1  11   8   2   0   0   0   0   0   0 
3.860870e-016
1  4  6  5  2  0  0  0  0  0 
1.937888e-016
1  4  6  3  0  0  0  0  0  0 
1.459010e-003
1  5  6  3  0  0  0  0  0  0 
1.374747e-003
1  4  7  9  3  0  0  0  0  0 
3.825822e-016
1  4  0  0  0  0  0  0  0  0 
1.370010e-003
1  5  6  4  0  0  0  0  0  0 
1.922912e-016
1  5  0  0  0  0  0  0  0  0 
5.635931e-003
1  4  6  5  0  0  0  0  0  0 
1.939484e-016
1  11   8   2   5   0   0   0   0   0 
1.293644e-016
1  4  6  0  0  0  0  0  0  0 
9.355935e-004
1  5  6  0  0  0  0  0  0  0 
9.095745e-004
1  4  7  0  0  0  0  0  0  0 
4.483242e-003
1  5  6  4  7  0  0  0  0  0 
1.938327e-016
1  11   8   0   0   0   0   0   0   0 
9.963405e-003
1  5  2  8  0  0  0  0  0  0 
3.879212e-016
1  4  6  5  2  8  0  0  0  0 
1.295645e-016
1  4  7  9  0  0  0  0  0  0 
2.249110e-004
1  4  6  3  9  0  0  0  0  0 
3.269781e-016
1  5  6  3  9  0  0  0  0  0 
3.239531e-016
1   4   6   3  10   0   0   0   0   0 
1.016370e-003
1   5   6   3  10   0   0   0   0   0 
9.883116e-004
1   4   7   9  10   0   0   0   0   0 
1.348832e-003
1  11   0   0   0   0   0   0   0   0 
4.801847e-002
1   5   2   8  11   0   0   0   0   0 
1.296538e-016
2  5  1  0  0  0  0  0  0  0 
4.893880e-003
2   8  11   1   0   0   0   0   0   0 
3.861393e-016
2  5  6  4  1  0  0  0  0  0 
1.937104e-016
2  5  6  3  0  0  0  0  0  0 
1.538134e-002
2  5  1  4  6  3  0  0  0  0 
1.944281e-016
2  5  1  4  0  0  0  0  0  0 
3.755893e-003
2  5  6  4  0  0  0  0  0  0 
3.811937e-003
2   8  11   1   4   0   0   0   0   0 
3.858373e-016
2  5  0  0  0  0  0  0  0  0 
4.011080e-002
2   8  11   1   5   0   0   0   0   0 
1.296387e-016
2   8  11   1   4   6   5   0   0   0 
7.779785e-017
2  5  6  0  0  0  0  0  0  0 
1.415760e-002
2  5  1  4  6  0  0  0  0  0 
1.944096e-016
2  5  1  4  7  0  0  0  0  0 
2.847982e-002
2  5  6  4  7  0  0  0  0  0 
2.822864e-002
2   8  11   1   4   7   0   0   0   0 
3.884904e-016
2  8  0  0  0  0  0  0  0  0 
2.675944e-002
2   5   1  11   8   0   0   0   0   0 
1.295651e-016
2  5  6  3  9  0  0  0  0  0 
2.559324e-003
2   5   6   3  10   9   0   0   0   0 
3.826458e-016
2  5  1  4  7  9  0  0  0  0 
3.825942e-016
2   5   6   3  10   0   0   0   0   0 
2.859828e-002
2   5   6   3   9  10   0   0   0   0 
3.914938e-016
2   8  11   0   0   0   0   0   0   0 
2.667883e-002
2   5   1  11   0   0   0   0   0   0 
3.882435e-016
3  6  4  1  0  0  0  0  0  0 
7.796830e-004
3  6  5  1  0  0  0  0  0  0 
7.464000e-004
3  9  7  4  1  0  0  0  0  0 
3.776300e-016
3  6  5  2  0  0  0  0  0  0 
5.981351e-003
3  6  4  1  5  2  0  0  0  0 
1.939966e-016
3  6  4  0  0  0  0  0  0  0 
1.430978e-003
3  9  7  4  0  0  0  0  0  0 
3.822367e-016
3  6  5  0  0  0  0  0  0  0 
4.958668e-003
3  6  4  1  5  0  0  0  0  0 
1.938899e-016
3  6  0  0  0  0  0  0  0  0 
2.582680e-003
3  9  7  4  6  0  0  0  0  0 
1.293108e-016
3  10   9   7   4   6   0   0   0   0 
9.701825e-017
3  9  7  0  0  0  0  0  0  0 
2.945616e-003
3  10   9   7   0   0   0   0   0   0 
3.833574e-016
3  6  4  7  0  0  0  0  0  0 
3.823762e-016
3  6  5  2  8  0  0  0  0  0 
6.886947e-003
3   6   4   1  11   8   0   0   0   0 
3.868073e-016
3   6   5   1  11   8   0   0   0   0 
3.868107e-016
3  9  0  0  0  0  0  0  0  0 
2.988776e-003
3  10   9   0   0   0   0   0   0   0 
3.839796e-016
3  6  4  7  9  0  0  0  0  0 
1.290284e-016
3  10   0   0   0   0   0   0   0   0 
2.106453e-003
3   9  10   0   0   0   0   0   0   0 
3.853436e-016
3   6   4   1  11   0   0   0   0   0 
5.325035e-003
3   6   5   1  11   0   0   0   0   0 
5.111325e-003
3   9   7   4   1  11   0   0   0   0 
3.882124e-016
4  1  0  0  0  0  0  0  0  0 
5.391413e-003
4  6  5  1  0  0  0  0  0  0 
1.940504e-016
4  1  5  2  0  0  0  0  0  0 
6.311244e-004
4  6  5  2  0  0  0  0  0  0 
5.841946e-004
4   1  11   8   2   0   0   0   0   0 
3.749521e-016
4  6  3  0  0  0  0  0  0  0 
2.232992e-003
4  7  9  3  0  0  0  0  0  0 
3.831754e-016
4  1  5  6  3  0  0  0  0  0 
1.924999e-016
4  1  5  0  0  0  0  0  0  0 
1.402390e-003
4  6  5  0  0  0  0  0  0  0 
1.398754e-003
4  6  0  0  0  0  0  0  0  0 
1.288969e-003
4  1  5  6  0  0  0  0  0  0 
1.916503e-016
4  7  9  3  6  0  0  0  0  0 
1.285064e-016
4  7  0  0  0  0  0  0  0  0 
3.511556e-003
4  6  3  9  7  0  0  0  0  0 
1.294965e-016
4   6   3  10   9   7   0   0   0   0 
9.712348e-017
4   1  11   8   0   0   0   0   0   0 
1.095534e-002
4  1  5  2  8  0  0  0  0  0 
3.880254e-016
4  6  5  2  8  0  0  0  0  0 
3.884598e-016
4  7  9  0  0  0  0  0  0  0 
4.268040e-004
4  6  3  9  0  0  0  0  0  0 
3.578214e-016
4   6   3  10   9   0   0   0   0   0 
1.864570e-016
4   7   9  10   0   0   0   0   0   0 
3.588386e-004
4   6   3  10   0   0   0   0   0   0 
3.188304e-004
4   6   3   9  10   0   0   0   0   0 
3.694537e-016
4   1  11   0   0   0   0   0   0   0 
7.761258e-003
4   6   5   1  11   0   0   0   0   0 
1.942296e-016
5  1  0  0  0  0  0  0  0  0 
6.432288e-003
5  6  4  1  0  0  0  0  0  0 
1.939091e-016
5   2   8  11   1   0   0   0   0   0 
1.293899e-016
5  2  0  0  0  0  0  0  0  0 
1.202492e-002
5   1  11   8   2   0   0   0   0   0 
1.295590e-016
5  6  3  0  0  0  0  0  0  0 
2.213866e-003
5  1  4  6  3  0  0  0  0  0 
1.932012e-016
5  1  4  0  0  0  0  0  0  0 
1.724849e-003
5  6  4  0  0  0  0  0  0  0 
1.733773e-003
5  6  0  0  0  0  0  0  0  0 
5.016897e-003
5  1  4  6  0  0  0  0  0  0 
1.939980e-016
5  1  4  7  0  0  0  0  0  0 
7.312123e-003
5  6  4  7  0  0  0  0  0  0 
7.638534e-003
5  6  3  9  7  0  0  0  0  0 
3.891580e-016
5  2  8  0  0  0  0  0  0  0 
1.725342e-002
5   1  11   8   0   0   0   0   0   0 
3.880849e-016
5  6  3  9  0  0  0  0  0  0 
2.440659e-003
5  1  4  7  9  0  0  0  0  0 
3.825120e-016
5  6  4  7  9  0  0  0  0  0 
3.825297e-016
5   6   3  10   0   0   0   0   0   0 
1.925600e-003
5   6   3   9  10   0   0   0   0   0 
3.848921e-016
5   1  11   0   0   0   0   0   0   0 
1.686013e-002
5   2   8  11   0   0   0   0   0   0 
3.882492e-016
6  4  1  0  0  0  0  0  0  0 
5.971448e-004
6  5  1  0  0  0  0  0  0  0 
5.769502e-004
6  5  2  0  0  0  0  0  0  0 
3.797927e-003
6  4  1  5  2  0  0  0  0  0 
1.936997e-016
6  3  0  0  0  0  0  0  0  0 
6.805054e-003
6  4  7  9  3  0  0  0  0  0 
1.296491e-016
6   4   7   9  10   3   0   0   0   0 
9.728478e-017
6  4  0  0  0  0  0  0  0  0 
5.476290e-004
6  5  1  4  0  0  0  0  0  0 
1.893091e-016
6  3  9  7  4  0  0  0  0  0 
1.271787e-016
6  5  0  0  0  0  0  0  0  0 
3.502348e-003
6  4  1  5  0  0  0  0  0  0 
1.936309e-016
6  4  7  0  0  0  0  0  0  0 
4.822353e-003
6  3  9  7  0  0  0  0  0  0 
3.879790e-016
6  5  2  8  0  0  0  0  0  0 
6.714965e-003
6   4   1  11   8   0   0   0   0   0 
3.867490e-016
6   5   1  11   8   0   0   0   0   0 
3.867523e-016
6  3  9  0  0  0  0  0  0  0 
2.744990e-004
6   3  10   9   0   0   0   0   0   0 
2.949762e-016
6  4  7  9  0  0  0  0  0  0 
2.936223e-016
6   3  10   0   0   0   0   0   0   0 
1.708675e-003
6   3   9  10   0   0   0   0   0   0 
3.833527e-016
6   4   7   9  10   0   0   0   0   0 
1.928930e-016
6   4   1  11   0   0   0   0   0   0 
4.060541e-003
6   5   1  11   0   0   0   0   0   0 
3.507499e-003
6   5   2   8  11   0   0   0   0   0 
3.859059e-016
7  4  1  0  0  0  0  0  0  0 
6.107426e-003
7  4  6  5  1  0  0  0  0  0 
1.941189e-016
7  4  6  5  2  0  0  0  0  0 
3.302178e-003
7  4  1  5  2  0  0  0  0  0 
2.956511e-003
7  9  3  6  5  2  0  0  0  0 
3.867727e-016
7  9  3  0  0  0  0  0  0  0 
3.993816e-003
7  4  6  3  0  0  0  0  0  0 
3.838934e-016
7   9  10   3   0   0   0   0   0   0 
3.857171e-016
7  4  0  0  0  0  0  0  0  0 
2.833268e-002
7  9  3  6  4  0  0  0  0  0 
1.298578e-016
7   9  10   3   6   4   0   0   0   0 
9.740359e-017
7  4  6  5  0  0  0  0  0  0 
3.115963e-003
7  4  1  5  0  0  0  0  0  0 
2.816482e-003
7  9  3  6  5  0  0  0  0  0 
3.865652e-016
7  4  6  0  0  0  0  0  0  0 
2.039815e-003
7  9  3  6  0  0  0  0  0  0 
3.841393e-016
7   4   1  11   8   0   0   0   0   0 
2.560109e-002
7  4  6  5  2  8  0  0  0  0 
3.891943e-016
7  4  1  5  2  8  0  0  0  0 
3.887405e-016
7  9  0  0  0  0  0  0  0  0 
2.342629e-003
7  4  6  3  9  0  0  0  0  0 
1.291051e-016
7   4   6   3  10   9   0   0   0   0 
9.690100e-017
7   9  10   0   0   0   0   0   0   0 
8.117551e-003
7   9   3  10   0   0   0   0   0   0 
3.870987e-016
7   4   6   3  10   0   0   0   0   0 
1.936243e-016
7   4   1  11   0   0   0   0   0   0 
2.310742e-002
8  11   1   0   0   0   0   0   0   0 
4.434919e-003
8  2  5  1  0  0  0  0  0  0 
3.864052e-016
8  2  0  0  0  0  0  0  0  0 
1.710590e-003
8  11   1   5   2   0   0   0   0   0 
1.287471e-016
8  11   1   4   6   5   2   0   0   0 
7.746394e-017
8  2  5  6  3  0  0  0  0  0 
5.180525e-003
8  11   1   5   6   3   0   0   0   0 
3.860150e-016
8  11   1   4   6   3   0   0   0   0 
3.863694e-016
8  11   1   4   0   0   0   0   0   0 
4.076978e-003
8  2  5  1  4  0  0  0  0  0 
3.851963e-016
8  2  5  6  4  0  0  0  0  0 
3.852169e-016
8  2  5  0  0  0  0  0  0  0 
8.561550e-003
8  11   1   5   0   0   0   0   0   0 
3.873519e-016
8  2  5  6  0  0  0  0  0  0 
4.215227e-003
8  11   1   5   6   0   0   0   0   0 
3.852694e-016
8  11   1   4   6   0   0   0   0   0 
3.856066e-016
8  11   1   4   7   0   0   0   0   0 
2.073124e-002
8  2  5  1  4  7  0  0  0  0 
3.885881e-016
8  2  5  6  4  7  0  0  0  0 
3.886175e-016
8  11   1   4   7   9   0   0   0   0 
3.420641e-004
8  2  5  6  3  9  0  0  0  0 
4.003289e-004
8  11   1   5   6   3   9   0   0   0 
3.705391e-016
8   2   5   6   3  10   0   0   0   0 
8.514591e-003
8   2   5   6   3   9  10   0   0   0 
3.903049e-016
8  11   1   4   7   9  10   0   0   0 
3.893408e-016
8  11   0   0   0   0   0   0   0   0 
4.873886e-002
8   2   5   1  11   0   0   0   0   0 
1.296356e-016
9  7  4  1  0  0  0  0  0  0 
1.132030e-003
9  3  6  4  1  0  0  0  0  0 
3.796677e-016
9  3  6  5  1  0  0  0  0  0 
3.796713e-016
9  3  6  5  2  0  0  0  0  0 
8.733640e-004
9  10   3   6   5   2   0   0   0   0 
3.760536e-016
9  7  4  6  5  2  0  0  0  0 
3.755579e-016
9  3  0  0  0  0  0  0  0  0 
6.614899e-003
9  10   3   0   0   0   0   0   0   0 
3.876268e-016
9  7  4  6  3  0  0  0  0  0 
1.293941e-016
9  7  4  0  0  0  0  0  0  0 
7.262390e-004
9  3  6  4  0  0  0  0  0  0 
3.754969e-016
9  10   3   6   4   0   0   0   0   0 
1.902018e-016
9  3  6  5  0  0  0  0  0  0 
3.045466e-003
9  10   3   6   5   0   0   0   0   0 
3.844293e-016
9  7  4  6  5  0  0  0  0  0 
3.837238e-016
9  3  6  0  0  0  0  0  0  0 
2.828340e-004
9  10   3   6   0   0   0   0   0   0 
2.967724e-016
9  7  4  6  0  0  0  0  0  0 
2.991487e-016
9  7  0  0  0  0  0  0  0  0 
3.936280e-003
9  3  6  4  7  0  0  0  0  0 
1.293456e-016
9  10   3   6   4   7   0   0   0   0 
9.711062e-017
9   7   4   1  11   8   0   0   0   0 
1.048593e-003
9  3  6  5  2  8  0  0  0  0 
1.324664e-003
9  10   3   6   5   2   8   0   0   0 
3.810719e-016
9  10   0   0   0   0   0   0   0   0 
1.084159e-003
9   3  10   0   0   0   0   0   0   0 
3.790432e-016
9   7   4   1  11   0   0   0   0   0 
1.615985e-003
9   3   6   4   1  11   0   0   0   0 
3.822183e-016
9   3   6   5   1  11   0   0   0   0 
3.822218e-016
10   3   6   4   1   0   0   0   0   0 
1.359282e-003
10   9   7   4   1   0   0   0   0   0 
1.562944e-003
10   3   6   5   1   0   0   0   0   0 
1.305048e-003
10   3   6   5   2   0   0   0   0   0 
3.029383e-003
10   9   3   6   5   2   0   0   0   0 
3.859861e-016
10   3   0   0   0   0   0   0   0   0 
5.433166e-003
10   9   3   0   0   0   0   0   0   0 
3.880433e-016
10   3   6   4   0   0   0   0   0   0 
7.429712e-004
10   9   7   4   0   0   0   0   0   0 
8.046188e-004
10   3   9   7   4   0   0   0   0   0 
3.776097e-016
10   3   6   5   0   0   0   0   0   0 
5.840470e-003
10   9   3   6   5   0   0   0   0   0 
3.882269e-016
10   3   6   0   0   0   0   0   0   0 
2.028894e-003
10   9   3   6   0   0   0   0   0   0 
3.841300e-016
10   9   7   0   0   0   0   0   0   0 
1.347502e-002
10   3   9   7   0   0   0   0   0   0 
3.889831e-016
10   3   6   5   2   8   0   0   0   0 
9.027579e-003
10   9   3   6   5   2   8   0   0   0 
3.889314e-016
10   3   6   5   1  11   8   0   0   0 
3.873086e-016
10   9   0   0   0   0   0   0   0   0 
8.607320e-004
10   3   9   0   0   0   0   0   0   0 
3.776273e-016
10   3   6   4   1  11   0   0   0   0 
3.556492e-003
10   3   6   5   1  11   0   0   0   0 
3.395523e-003
10   9   7   4   1  11   0   0   0   0 
4.840017e-003
11   1   0   0   0   0   0   0   0   0 
2.642066e-002
11   8   2   5   1   0   0   0   0   0 
1.296312e-016
11   8   2   0   0   0   0   0   0   0 
5.336990e-003
11   1   5   2   0   0   0   0   0   0 
3.863876e-016
11   1   4   6   3   0   0   0   0   0 
2.798573e-003
11   1   5   6   3   0   0   0   0   0 
2.113719e-003
11   8   2   5   6   3   0   0   0   0 
3.842230e-016
11   1   4   0   0   0   0   0   0   0 
1.847869e-003
11   1   5   6   4   0   0   0   0   0 
1.928464e-016
11   1   5   0   0   0   0   0   0   0 
1.590852e-002
11   8   2   5   0   0   0   0   0   0 
3.881599e-016
11   1   4   6   5   0   0   0   0   0 
1.943273e-016
11   1   4   6   0   0   0   0   0   0 
2.013405e-003
11   1   5   6   0   0   0   0   0   0 
1.592206e-003
11   8   2   5   6   0   0   0   0   0 
3.827876e-016
11   1   4   7   0   0   0   0   0   0 
2.157485e-002
11   8   0   0   0   0   0   0   0   0 
2.223078e-002
11   1   5   2   8   0   0   0   0   0 
1.295990e-016
11   1   4   7   9   0   0   0   0   0 
7.166360e-004
11   1   4   6   3   9   0   0   0   0 
3.725586e-016
11   1   5   6   3   9   0   0   0   0 
3.723456e-016
11   1   4   7   9  10   0   0   0   0 
1.437970e-003
11   1   5   6   3  10   0   0   0   0 
1.036750e-003
11   1   4   6   3  10   0   0   0   0 
1.069551e-003
