1  5  2  0  0  0  0  0  0  0 
4.401693e-003
1  11   8   2   0   0   0   0   0   0 
3.040173e-016
1  4  6  5  2  0  0  0  0  0 
1.525483e-016
1  4  6  3  0  0  0  0  0  0 
8.509820e-004
1  5  6  3  0  0  0  0  0  0 
8.384300e-004
1  4  7  9  3  0  0  0  0  0 
2.982940e-016
1  4  0  0  0  0  0  0  0  0 
1.035565e-003
1  5  6  4  0  0  0  0  0  0 
1.510339e-016
1  5  0  0  0  0  0  0  0  0 
4.602023e-003
1  4  6  5  0  0  0  0  0  0 
1.525716e-016
1  11   8   2   5   0   0   0   0   0 
1.017918e-016
1  4  6  0  0  0  0  0  0  0 
1.024187e-003
1  5  6  0  0  0  0  0  0  0 
1.009181e-003
1  4  7  0  0  0  0  0  0  0 
4.607618e-003
1  5  6  4  7  0  0  0  0  0 
1.526308e-016
1  11   8   0   0   0   0   0   0   0 
1.177568e-002
1  5  2  8  0  0  0  0  0  0 
3.056262e-016
1  4  6  5  2  8  0  0  0  0 
1.019996e-016
1  4  7  9  0  0  0  0  0  0 
2.268100e-004
1  4  6  3  9  0  0  0  0  0 
2.221476e-016
1  5  6  3  9  0  0  0  0  0 
2.189263e-016
1   4   6   3  10   0   0   0   0   0 
1.685155e-003
1   5   6   3  10   0   0   0   0   0 
1.525712e-003
1   4   7   9  10   0   0   0   0   0 
2.109651e-003
1  11   0   0   0   0   0   0   0   0 
3.930260e-002
1   5   2   8  11   0   0   0   0   0 
1.020418e-016
2  5  1  0  0  0  0  0  0  0 
4.624248e-003
2   8  11   1   0   0   0   0   0   0 
3.041397e-016
2  5  6  4  1  0  0  0  0  0 
1.525253e-016
2  5  6  3  0  0  0  0  0  0 
1.364410e-002
2  5  1  4  6  3  0  0  0  0 
1.529959e-016
2  5  1  4  0  0  0  0  0  0 
5.593662e-003
2  5  6  4  0  0  0  0  0  0 
6.068588e-003
2   8  11   1   4   0   0   0   0   0 
3.046552e-016
2  5  0  0  0  0  0  0  0  0 
4.157289e-002
2   8  11   1   5   0   0   0   0   0 
1.020359e-016
2   8  11   1   4   6   5   0   0   0 
6.122824e-017
2  5  6  0  0  0  0  0  0  0 
1.379132e-002
2  5  1  4  6  0  0  0  0  0 
1.529976e-016
2  5  1  4  7  0  0  0  0  0 
2.390650e-002
2  5  6  4  7  0  0  0  0  0 
2.553964e-002
2   8  11   1   4   7   0   0   0   0 
3.057544e-016
2  8  0  0  0  0  0  0  0  0 
2.590784e-002
2   5   1  11   8   0   0   0   0   0 
1.019774e-016
2  5  6  3  9  0  0  0  0  0 
2.522355e-003
2   5   6   3  10   9   0   0   0   0 
3.017414e-016
2  5  1  4  7  9  0  0  0  0 
3.016462e-016
2   5   6   3  10   0   0   0   0   0 
2.728733e-002
2   5   6   3   9  10   0   0   0   0 
3.080149e-016
2   8  11   0   0   0   0   0   0   0 
2.421341e-002
2   5   1  11   0   0   0   0   0   0 
3.055810e-016
3  6  4  1  0  0  0  0  0  0 
4.637523e-004
3  6  5  1  0  0  0  0  0  0 
4.202547e-004
3  9  7  4  1  0  0  0  0  0 
2.933383e-016
3  6  5  2  0  0  0  0  0  0 
4.828750e-003
3  6  4  1  5  2  0  0  0  0 
1.526456e-016
3  6  4  0  0  0  0  0  0  0 
9.046430e-004
3  9  7  4  0  0  0  0  0  0 
2.978836e-016
3  6  5  0  0  0  0  0  0  0 
4.437367e-003
3  6  4  1  5  0  0  0  0  0 
1.526054e-016
3  6  0  0  0  0  0  0  0  0 
1.251273e-003
3  9  7  4  6  0  0  0  0  0 
1.013738e-016
3  10   9   7   4   6   0   0   0   0 
7.611581e-017
3  9  7  0  0  0  0  0  0  0 
2.559590e-003
3  10   9   7   0   0   0   0   0   0 
3.018615e-016
3  6  4  7  0  0  0  0  0  0 
3.011637e-016
3  6  5  2  8  0  0  0  0  0 
6.316850e-003
3   6   4   1  11   8   0   0   0   0 
3.045438e-016
3   6   5   1  11   8   0   0   0   0 
3.045389e-016
3  9  0  0  0  0  0  0  0  0 
1.436282e-003
3  10   9   0   0   0   0   0   0   0 
2.994745e-016
3  6  4  7  9  0  0  0  0  0 
1.011397e-016
3  10   0   0   0   0   0   0   0   0 
1.903697e-003
3   9  10   0   0   0   0   0   0   0 
3.031908e-016
3   6   4   1  11   0   0   0   0   0 
6.669807e-003
3   6   5   1  11   0   0   0   0   0 
6.039167e-003
3   9   7   4   1  11   0   0   0   0 
3.062150e-016
4  1  0  0  0  0  0  0  0  0 
3.102141e-003
4  6  5  1  0  0  0  0  0  0 
1.524494e-016
4  1  5  2  0  0  0  0  0  0 
1.359742e-003
4  6  5  2  0  0  0  0  0  0 
1.425957e-003
4   1  11   8   2   0   0   0   0   0 
3.005002e-016
4  6  3  0  0  0  0  0  0  0 
1.960653e-003
4  7  9  3  0  0  0  0  0  0 
3.019758e-016
4  1  5  6  3  0  0  0  0  0 
1.516382e-016
4  1  5  0  0  0  0  0  0  0 
1.116602e-003
4  6  5  0  0  0  0  0  0  0 
1.006214e-003
4  6  0  0  0  0  0  0  0  0 
1.609114e-003
4  1  5  6  0  0  0  0  0  0 
1.515184e-016
4  7  9  3  6  0  0  0  0  0 
1.014646e-016
4  7  0  0  0  0  0  0  0  0 
3.035389e-003
4  6  3  9  7  0  0  0  0  0 
1.019231e-016
4   6   3  10   9   7   0   0   0   0 
7.642824e-017
4   1  11   8   0   0   0   0   0   0 
1.239948e-002
4  1  5  2  8  0  0  0  0  0 
3.056418e-016
4  6  5  2  8  0  0  0  0  0 
3.058878e-016
4  7  9  0  0  0  0  0  0  0 
3.835600e-004
4  6  3  9  0  0  0  0  0  0 
2.804903e-016
4   6   3  10   9   0   0   0   0   0 
1.472309e-016
4   7   9  10   0   0   0   0   0   0 
3.683510e-004
4   6   3  10   0   0   0   0   0   0 
4.006720e-004
4   6   3   9  10   0   0   0   0   0 
2.919041e-016
4   1  11   0   0   0   0   0   0   0 
7.171259e-003
4   6   5   1  11   0   0   0   0   0 
1.528550e-016
5  1  0  0  0  0  0  0  0  0 
5.755342e-003
5  6  4  1  0  0  0  0  0  0 
1.526450e-016
5   2   8  11   1   0   0   0   0   0 
1.018497e-016
5  2  0  0  0  0  0  0  0  0 
8.563765e-003
5   1  11   8   2   0   0   0   0   0 
1.019425e-016
5  6  3  0  0  0  0  0  0  0 
2.215055e-003
5  1  4  6  3  0  0  0  0  0 
1.521609e-016
5  1  4  0  0  0  0  0  0  0 
1.044937e-003
5  6  4  0  0  0  0  0  0  0 
9.774789e-004
5  6  0  0  0  0  0  0  0  0 
5.572736e-003
5  1  4  6  0  0  0  0  0  0 
1.527584e-016
5  1  4  7  0  0  0  0  0  0 
6.146980e-003
5  6  4  7  0  0  0  0  0  0 
6.503140e-003
5  6  3  9  7  0  0  0  0  0 
3.063965e-016
5  2  8  0  0  0  0  0  0  0 
1.531523e-002
5   1  11   8   0   0   0   0   0   0 
3.054394e-016
5  6  3  9  0  0  0  0  0  0 
6.398200e-004
5  1  4  7  9  0  0  0  0  0 
2.927965e-016
5  6  4  7  9  0  0  0  0  0 
2.927886e-016
5   6   3  10   0   0   0   0   0   0 
1.887506e-003
5   6   3   9  10   0   0   0   0   0 
3.031497e-016
5   1  11   0   0   0   0   0   0   0 
2.298002e-002
5   2   8  11   0   0   0   0   0   0 
3.058047e-016
6  4  1  0  0  0  0  0  0  0 
5.399251e-004
6  5  1  0  0  0  0  0  0  0 
5.206539e-004
6  5  2  0  0  0  0  0  0  0 
3.064208e-003
6  4  1  5  2  0  0  0  0  0 
1.523846e-016
6  3  0  0  0  0  0  0  0  0 
6.454101e-003
6  4  7  9  3  0  0  0  0  0 
1.020679e-016
6   4   7   9  10   3   0   0   0   0 
7.654860e-017
6  4  0  0  0  0  0  0  0  0 
2.420590e-003
6  5  1  4  0  0  0  0  0  0 
1.520765e-016
6  3  9  7  4  0  0  0  0  0 
1.017564e-016
6  5  0  0  0  0  0  0  0  0 
4.186623e-003
6  4  1  5  0  0  0  0  0  0 
1.525758e-016
6  4  7  0  0  0  0  0  0  0 
4.249950e-003
6  3  9  7  0  0  0  0  0  0 
3.055705e-016
6  5  2  8  0  0  0  0  0  0 
7.109693e-003
6   4   1  11   8   0   0   0   0   0 
3.047132e-016
6   5   1  11   8   0   0   0   0   0 
3.047083e-016
6  3  9  0  0  0  0  0  0  0 
1.840260e-004
6   3  10   9   0   0   0   0   0   0 
2.531784e-016
6  4  7  9  0  0  0  0  0  0 
2.543748e-016
6   3  10   0   0   0   0   0   0   0 
1.352823e-003
6   3   9  10   0   0   0   0   0   0 
3.004820e-016
6   4   7   9  10   0   0   0   0   0 
1.514243e-016
6   4   1  11   0   0   0   0   0   0 
2.909091e-003
6   5   1  11   0   0   0   0   0   0 
2.173925e-003
6   5   2   8  11   0   0   0   0   0 
3.029913e-016
7  4  1  0  0  0  0  0  0  0 
6.342837e-003
7  4  6  5  1  0  0  0  0  0 
1.528143e-016
7  4  6  5  2  0  0  0  0  0 
3.116815e-003
7  4  1  5  2  0  0  0  0  0 
2.848562e-003
7  9  3  6  5  2  0  0  0  0 
3.046743e-016
7  9  3  0  0  0  0  0  0  0 
1.871779e-003
7  4  6  3  0  0  0  0  0  0 
2.999418e-016
7   9  10   3   0   0   0   0   0   0 
3.009128e-016
7  4  0  0  0  0  0  0  0  0 
3.121989e-002
7  9  3  6  4  0  0  0  0  0 
1.022195e-016
7   9  10   3   6   4   0   0   0   0 
7.663369e-017
7  4  6  5  0  0  0  0  0  0 
4.943599e-003
7  4  1  5  0  0  0  0  0  0 
4.209541e-003
7  9  3  6  5  0  0  0  0  0 
3.056884e-016
7  4  6  0  0  0  0  0  0  0 
1.954864e-003
7  9  3  6  0  0  0  0  0  0 
3.028226e-016
7   4   1  11   8   0   0   0   0   0 
2.515503e-002
7  4  6  5  2  8  0  0  0  0 
3.062943e-016
7  4  1  5  2  8  0  0  0  0 
3.060389e-016
7  9  0  0  0  0  0  0  0  0 
2.633368e-003
7  4  6  3  9  0  0  0  0  0 
1.017577e-016
7   4   6   3  10   9   0   0   0   0 
7.633542e-017
7   9  10   0   0   0   0   0   0   0 
9.244164e-003
7   9   3  10   0   0   0   0   0   0 
3.055010e-016
7   4   6   3  10   0   0   0   0   0 
1.525729e-016
7   4   1  11   0   0   0   0   0   0 
1.971728e-002
8  11   1   0   0   0   0   0   0   0 
5.436957e-003
8  2  5  1  0  0  0  0  0  0 
3.047435e-016
8  2  0  0  0  0  0  0  0  0 
2.724335e-003
8  11   1   5   2   0   0   0   0   0 
1.016408e-016
8  11   1   4   6   5   2   0   0   0 
6.108281e-017
8  2  5  6  3  0  0  0  0  0 
4.506908e-003
8  11   1   5   6   3   0   0   0   0 
3.039172e-016
8  11   1   4   6   3   0   0   0   0 
3.041049e-016
8  11   1   4   0   0   0   0   0   0 
3.136549e-003
8  2  5  1  4  0  0  0  0  0 
3.031771e-016
8  2  5  6  4  0  0  0  0  0 
3.031940e-016
8  2  5  0  0  0  0  0  0  0 
8.158167e-003
8  11   1   5   0   0   0   0   0   0 
3.049611e-016
8  2  5  6  0  0  0  0  0  0 
3.906830e-003
8  11   1   5   6   0   0   0   0   0 
3.035653e-016
8  11   1   4   6   0   0   0   0   0 
3.037469e-016
8  11   1   4   7   0   0   0   0   0 
2.419730e-002
8  2  5  1  4  7  0  0  0  0 
3.060023e-016
8  2  5  6  4  7  0  0  0  0 
3.060383e-016
8  11   1   4   7   9   0   0   0   0 
3.070819e-004
8  2  5  6  3  9  0  0  0  0 
3.324071e-004
8  11   1   5   6   3   9   0   0   0 
2.912726e-016
8   2   5   6   3  10   0   0   0   0 
7.415920e-003
8   2   5   6   3   9  10   0   0   0 
3.068836e-016
8  11   1   4   7   9  10   0   0   0 
3.057917e-016
8  11   0   0   0   0   0   0   0   0 
4.562987e-002
8   2   5   1  11   0   0   0   0   0 
1.020278e-016
9  7  4  1  0  0  0  0  0  0 
6.510660e-004
9  3  6  4  1  0  0  0  0  0 
2.906108e-016
9  3  6  5  1  0  0  0  0  0 
2.906015e-016
9  3  6  5  2  0  0  0  0  0 
8.287270e-004
9  10   3   6   5   2   0   0   0   0 
2.943547e-016
9  7  4  6  5  2  0  0  0  0 
2.942240e-016
9  3  0  0  0  0  0  0  0  0 
4.340922e-003
9  10   3   0   0   0   0   0   0   0 
3.040636e-016
9  7  4  6  3  0  0  0  0  0 
1.017432e-016
9  7  4  0  0  0  0  0  0  0 
2.768260e-004
9  3  6  4  0  0  0  0  0  0 
2.761396e-016
9  10   3   6   4   0   0   0   0   0 
1.442699e-016
9  3  6  5  0  0  0  0  0  0 
2.343127e-003
9  10   3   6   5   0   0   0   0   0 
3.019422e-016
9  7  4  6  5  0  0  0  0  0 
3.015591e-016
9  3  6  0  0  0  0  0  0  0 
5.078630e-004
9  10   3   6   0   0   0   0   0   0 
2.885481e-016
9  7  4  6  0  0  0  0  0  0 
2.902144e-016
9  7  0  0  0  0  0  0  0  0 
1.085503e-002
9  3  6  4  7  0  0  0  0  0 
1.020379e-016
9  10   3   6   4   7   0   0   0   0 
7.653171e-017
9   7   4   1  11   8   0   0   0   0 
9.083585e-004
9  3  6  5  2  8  0  0  0  0 
1.297293e-003
9  10   3   6   5   2   8   0   0   0 
2.996462e-016
9  10   0   0   0   0   0   0   0   0 
1.039511e-003
9   3  10   0   0   0   0   0   0   0 
2.984377e-016
9   7   4   1  11   0   0   0   0   0 
2.340292e-003
9   3   6   4   1  11   0   0   0   0 
3.025407e-016
9   3   6   5   1  11   0   0   0   0 
3.025477e-016
10   3   6   4   1   0   0   0   0   0 
1.199917e-003
10   9   7   4   1   0   0   0   0   0 
1.400819e-003
10   3   6   5   1   0   0   0   0   0 
1.123727e-003
10   3   6   5   2   0   0   0   0   0 
3.540100e-003
10   9   3   6   5   2   0   0   0   0 
3.048949e-016
10   3   0   0   0   0   0   0   0   0 
4.881064e-003
10   9   3   0   0   0   0   0   0   0 
3.056296e-016
10   3   6   4   0   0   0   0   0   0 
7.845396e-004
10   9   7   4   0   0   0   0   0   0 
8.395594e-004
10   3   9   7   4   0   0   0   0   0 
2.978828e-016
10   3   6   5   0   0   0   0   0   0 
3.470827e-003
10   9   3   6   5   0   0   0   0   0 
3.048421e-016
10   3   6   0   0   0   0   0   0   0 
1.883237e-003
10   9   3   6   0   0   0   0   0   0 
3.026634e-016
10   9   7   0   0   0   0   0   0   0 
1.027067e-002
10   3   9   7   0   0   0   0   0   0 
3.062560e-016
10   3   6   5   2   8   0   0   0   0 
9.871713e-003
10   9   3   6   5   2   8   0   0   0 
3.065741e-016
10   3   6   5   1  11   8   0   0   0 
3.050732e-016
10   9   0   0   0   0   0   0   0   0 
1.098088e-003
10   3   9   0   0   0   0   0   0   0 
2.991338e-016
10   3   6   4   1  11   0   0   0   0 
3.709807e-003
10   3   6   5   1  11   0   0   0   0 
3.435959e-003
10   9   7   4   1  11   0   0   0   0 
5.110043e-003
11   1   0   0   0   0   0   0   0   0 
2.923364e-002
11   8   2   5   1   0   0   0   0   0 
1.020308e-016
11   8   2   0   0   0   0   0   0   0 
5.157689e-003
11   1   5   2   0   0   0   0   0   0 
3.042884e-016
11   1   4   6   3   0   0   0   0   0 
2.487992e-003
11   1   5   6   3   0   0   0   0   0 
2.124035e-003
11   8   2   5   6   3   0   0   0   0 
3.025718e-016
11   1   4   0   0   0   0   0   0   0 
1.421379e-003
11   1   5   6   4   0   0   0   0   0 
1.515813e-016
11   1   5   0   0   0   0   0   0   0 
1.294020e-002
11   8   2   5   0   0   0   0   0   0 
3.054683e-016
11   1   4   6   5   0   0   0   0   0 
1.529175e-016
11   1   4   6   0   0   0   0   0   0 
1.790608e-003
11   1   5   6   0   0   0   0   0   0 
1.559276e-003
11   8   2   5   6   0   0   0   0   0 
3.013927e-016
11   1   4   7   0   0   0   0   0   0 
2.110581e-002
11   8   0   0   0   0   0   0   0   0 
1.952797e-002
11   1   5   2   8   0   0   0   0   0 
1.020016e-016
11   1   4   7   9   0   0   0   0   0 
6.979660e-004
11   1   4   6   3   9   0   0   0   0 
2.919134e-016
11   1   5   6   3   9   0   0   0   0 
2.918809e-016
11   1   4   7   9  10   0   0   0   0 
9.764911e-004
11   1   5   6   3  10   0   0   0   0 
8.132246e-004
11   1   4   6   3  10   0   0   0   0 
8.506893e-004
