1  5  2  0  0  0  0  0  0  0 
7.852392e-003
1  11   8   2   0   0   0   0   0   0 
7.235718e-016
1  4  6  5  2  0  0  0  0  0 
3.630881e-016
1  4  6  3  0  0  0  0  0  0 
8.235489e-004
1  5  6  3  0  0  0  0  0  0 
8.477231e-004
1  4  7  9  3  0  0  0  0  0 
6.971486e-016
1  4  0  0  0  0  0  0  0  0 
2.696412e-003
1  5  6  4  0  0  0  0  0  0 
3.607645e-016
1  5  0  0  0  0  0  0  0  0 
6.995947e-003
1  4  6  5  0  0  0  0  0  0 
3.630357e-016
1  11   8   2   5   0   0   0   0   0 
2.422836e-016
1  4  6  0  0  0  0  0  0  0 
1.883675e-003
1  5  6  0  0  0  0  0  0  0 
1.901266e-003
1  4  7  0  0  0  0  0  0  0 
5.122823e-003
1  5  6  4  7  0  0  0  0  0 
3.626183e-016
1  11   8   0   0   0   0   0   0   0 
1.170682e-002
1  5  2  8  0  0  0  0  0  0 
7.259123e-016
1  4  6  5  2  8  0  0  0  0 
2.427043e-016
1  4  7  9  0  0  0  0  0  0 
3.584570e-004
1  4  6  3  9  0  0  0  0  0 
6.074205e-016
1  5  6  3  9  0  0  0  0  0 
5.877177e-016
1   4   6   3  10   0   0   0   0   0 
1.799495e-003
1   5   6   3  10   0   0   0   0   0 
1.797767e-003
1   4   7   9  10   0   0   0   0   0 
2.225023e-003
1  11   0   0   0   0   0   0   0   0 
3.731942e-002
1   5   2   8  11   0   0   0   0   0 
2.429640e-016
2  5  1  0  0  0  0  0  0  0 
8.576935e-003
2   8  11   1   0   0   0   0   0   0 
7.236981e-016
2  5  6  4  1  0  0  0  0  0 
3.631023e-016
2  5  6  3  0  0  0  0  0  0 
1.495866e-002
2  5  1  4  6  3  0  0  0  0 
3.640992e-016
2  5  1  4  0  0  0  0  0  0 
3.988947e-003
2  5  6  4  0  0  0  0  0  0 
4.499515e-003
2   8  11   1   4   0   0   0   0   0 
7.196877e-016
2  5  0  0  0  0  0  0  0  0 
3.648655e-002
2   8  11   1   5   0   0   0   0   0 
2.429321e-016
2   8  11   1   4   6   5   0   0   0 
1.458048e-016
2  5  6  0  0  0  0  0  0  0 
1.369048e-002
2  5  1  4  6  0  0  0  0  0 
3.640314e-016
2  5  1  4  7  0  0  0  0  0 
1.785080e-002
2  5  6  4  7  0  0  0  0  0 
2.097826e-002
2   8  11   1   4   7   0   0   0   0 
7.267377e-016
2  8  0  0  0  0  0  0  0  0 
2.338402e-002
2   5   1  11   8   0   0   0   0   0 
2.427300e-016
2  5  6  3  9  0  0  0  0  0 
2.787941e-003
2   5   6   3  10   9   0   0   0   0 
7.131931e-016
2  5  1  4  7  9  0  0  0  0 
7.118168e-016
2   5   6   3  10   0   0   0   0   0 
1.637613e-002
2   5   6   3   9  10   0   0   0   0 
7.319904e-016
2   8  11   0   0   0   0   0   0   0 
3.165391e-002
2   5   1  11   0   0   0   0   0   0 
7.271585e-016
3  6  4  1  0  0  0  0  0  0 
1.148272e-003
3  6  5  1  0  0  0  0  0  0 
1.169991e-003
3  9  7  4  1  0  0  0  0  0 
7.037210e-016
3  6  5  2  0  0  0  0  0  0 
5.896947e-003
3  6  4  1  5  2  0  0  0  0 
3.628597e-016
3  6  4  0  0  0  0  0  0  0 
1.034057e-003
3  9  7  4  0  0  0  0  0  0 
6.994798e-016
3  6  5  0  0  0  0  0  0  0 
4.291635e-003
3  6  4  1  5  0  0  0  0  0 
3.621770e-016
3  6  0  0  0  0  0  0  0  0 
5.510071e-003
3  9  7  4  6  0  0  0  0  0 
2.427318e-016
3  10   9   7   4   6   0   0   0   0 
1.821287e-016
3  9  7  0  0  0  0  0  0  0 
4.523257e-003
3  10   9   7   0   0   0   0   0   0 
7.181058e-016
3  6  4  7  0  0  0  0  0  0 
7.147056e-016
3  6  5  2  8  0  0  0  0  0 
6.758657e-003
3   6   4   1  11   8   0   0   0   0 
7.215908e-016
3   6   5   1  11   8   0   0   0   0 
7.215019e-016
3  9  0  0  0  0  0  0  0  0 
4.635358e-003
3  10   9   0   0   0   0   0   0   0 
7.194022e-016
3  6  4  7  9  0  0  0  0  0 
2.416442e-016
3  10   0   0   0   0   0   0   0   0 
2.287264e-003
3   9  10   0   0   0   0   0   0   0 
7.153463e-016
3   6   4   1  11   0   0   0   0   0 
7.967669e-003
3   6   5   1  11   0   0   0   0   0 
7.401034e-003
3   9   7   4   1  11   0   0   0   0 
7.278482e-016
4  1  0  0  0  0  0  0  0  0 
4.996482e-003
4  6  5  1  0  0  0  0  0  0 
3.626980e-016
4  1  5  2  0  0  0  0  0  0 
1.815001e-003
4  6  5  2  0  0  0  0  0  0 
1.977645e-003
4   1  11   8   2   0   0   0   0   0 
7.104025e-016
4  6  3  0  0  0  0  0  0  0 
2.935062e-003
4  7  9  3  0  0  0  0  0  0 
7.151581e-016
4  1  5  6  3  0  0  0  0  0 
3.597381e-016
4  1  5  0  0  0  0  0  0  0 
1.553742e-003
4  6  5  0  0  0  0  0  0  0 
1.520912e-003
4  6  0  0  0  0  0  0  0  0 
1.781696e-003
4  1  5  6  0  0  0  0  0  0 
3.577668e-016
4  7  9  3  6  0  0  0  0  0 
2.404451e-016
4  7  0  0  0  0  0  0  0  0 
6.996076e-003
4  6  3  9  7  0  0  0  0  0 
2.429764e-016
4   6   3  10   9   7   0   0   0   0 
1.822620e-016
4   1  11   8   0   0   0   0   0   0 
1.488930e-002
4  1  5  2  8  0  0  0  0  0 
7.267062e-016
4  6  5  2  8  0  0  0  0  0 
7.275098e-016
4  7  9  0  0  0  0  0  0  0 
5.783420e-004
4  6  3  9  0  0  0  0  0  0 
6.821586e-016
4   6   3  10   9   0   0   0   0   0 
3.444498e-016
4   7   9  10   0   0   0   0   0   0 
4.923668e-004
4   6   3  10   0   0   0   0   0   0 
5.792592e-004
4   6   3   9  10   0   0   0   0   0 
6.877367e-016
4   1  11   0   0   0   0   0   0   0 
5.227694e-003
4   6   5   1  11   0   0   0   0   0 
3.627947e-016
5  1  0  0  0  0  0  0  0  0 
9.797489e-003
5  6  4  1  0  0  0  0  0  0 
3.633605e-016
5   2   8  11   1   0   0   0   0   0 
2.424622e-016
5  2  0  0  0  0  0  0  0  0 
1.439794e-002
5   1  11   8   2   0   0   0   0   0 
2.427832e-016
5  6  3  0  0  0  0  0  0  0 
2.760896e-003
5  1  4  6  3  0  0  0  0  0 
3.609399e-016
5  1  4  0  0  0  0  0  0  0 
2.120128e-003
5  6  4  0  0  0  0  0  0  0 
2.211019e-003
5  6  0  0  0  0  0  0  0  0 
5.003004e-003
5  1  4  6  0  0  0  0  0  0 
3.626659e-016
5  1  4  7  0  0  0  0  0  0 
8.112723e-003
5  6  4  7  0  0  0  0  0  0 
9.124462e-003
5  6  3  9  7  0  0  0  0  0 
7.292639e-016
5  2  8  0  0  0  0  0  0  0 
2.314208e-002
5   1  11   8   0   0   0   0   0   0 
7.269558e-016
5  6  3  9  0  0  0  0  0  0 
1.503748e-003
5  1  4  7  9  0  0  0  0  0 
7.001981e-016
5  6  4  7  9  0  0  0  0  0 
7.001623e-016
5   6   3  10   0   0   0   0   0   0 
3.654996e-003
5   6   3   9  10   0   0   0   0   0 
7.218546e-016
5   1  11   0   0   0   0   0   0   0 
2.170470e-002
5   2   8  11   0   0   0   0   0   0 
7.271457e-016
6  4  1  0  0  0  0  0  0  0 
1.098369e-003
6  5  1  0  0  0  0  0  0  0 
1.126175e-003
6  5  2  0  0  0  0  0  0  0 
4.014088e-003
6  4  1  5  2  0  0  0  0  0 
3.620042e-016
6  3  0  0  0  0  0  0  0  0 
6.499253e-003
6  4  7  9  3  0  0  0  0  0 
2.428045e-016
6   4   7   9  10   3   0   0   0   0 
1.822419e-016
6  4  0  0  0  0  0  0  0  0 
2.062921e-003
6  5  1  4  0  0  0  0  0  0 
3.586331e-016
6  3  9  7  4  0  0  0  0  0 
2.407966e-016
6  5  0  0  0  0  0  0  0  0 
5.671157e-003
6  4  1  5  0  0  0  0  0  0 
3.627872e-016
6  4  7  0  0  0  0  0  0  0 
4.476148e-003
6  3  9  7  0  0  0  0  0  0 
7.235428e-016
6  5  2  8  0  0  0  0  0  0 
9.858634e-003
6   4   1  11   8   0   0   0   0   0 
7.241594e-016
6   5   1  11   8   0   0   0   0   0 
7.240685e-016
6  3  9  0  0  0  0  0  0  0 
4.348030e-004
6   3  10   9   0   0   0   0   0   0 
5.329502e-016
6  4  7  9  0  0  0  0  0  0 
5.327845e-016
6   3  10   0   0   0   0   0   0   0 
1.330747e-003
6   3   9  10   0   0   0   0   0   0 
7.012846e-016
6   4   7   9  10   0   0   0   0   0 
3.557049e-016
6   4   1  11   0   0   0   0   0   0 
3.080333e-003
6   5   1  11   0   0   0   0   0   0 
2.934190e-003
6   5   2   8  11   0   0   0   0   0 
7.164508e-016
7  4  1  0  0  0  0  0  0  0 
6.385908e-003
7  4  6  5  1  0  0  0  0  0 
3.631722e-016
7  4  6  5  2  0  0  0  0  0 
4.518056e-003
7  4  1  5  2  0  0  0  0  0 
3.818001e-003
7  9  3  6  5  2  0  0  0  0 
7.236368e-016
7  9  3  0  0  0  0  0  0  0 
8.623907e-003
7  4  6  3  0  0  0  0  0  0 
7.200384e-016
7   9  10   3   0   0   0   0   0   0 
7.248168e-016
7  4  0  0  0  0  0  0  0  0 
2.489021e-002
7  9  3  6  4  0  0  0  0  0 
2.434639e-016
7   9  10   3   6   4   0   0   0   0 
1.826212e-016
7  4  6  5  0  0  0  0  0  0 
4.683842e-003
7  4  1  5  0  0  0  0  0  0 
3.931674e-003
7  9  3  6  5  0  0  0  0  0 
7.239454e-016
7  4  6  0  0  0  0  0  0  0 
3.987053e-003
7  9  3  6  0  0  0  0  0  0 
7.219280e-016
7   4   1  11   8   0   0   0   0   0 
2.787803e-002
7  4  6  5  2  8  0  0  0  0 
7.289055e-016
7  4  1  5  2  8  0  0  0  0 
7.280929e-016
7  9  0  0  0  0  0  0  0  0 
6.892850e-004
7  4  6  3  9  0  0  0  0  0 
2.360951e-016
7   4   6   3  10   9   0   0   0   0 
1.782594e-016
7   9  10   0   0   0   0   0   0   0 
9.048963e-003
7   9   3  10   0   0   0   0   0   0 
7.249668e-016
7   4   6   3  10   0   0   0   0   0 
3.624965e-016
7   4   1  11   0   0   0   0   0   0 
2.872236e-002
8  11   1   0   0   0   0   0   0   0 
6.556679e-003
8  2  5  1  0  0  0  0  0  0 
7.235429e-016
8  2  0  0  0  0  0  0  0  0 
3.069192e-003
8  11   1   5   2   0   0   0   0   0 
2.413098e-016
8  11   1   4   6   5   2   0   0   0 
1.451822e-016
8  2  5  6  3  0  0  0  0  0 
4.990917e-003
8  11   1   5   6   3   0   0   0   0 
7.183648e-016
8  11   1   4   6   3   0   0   0   0 
7.189252e-016
8  11   1   4   0   0   0   0   0   0 
1.587865e-003
8  2  5  1  4  0  0  0  0  0 
7.010478e-016
8  2  5  6  4  0  0  0  0  0 
7.015838e-016
8  2  5  0  0  0  0  0  0  0 
1.212578e-002
8  11   1   5   0   0   0   0   0   0 
7.249233e-016
8  2  5  6  0  0  0  0  0  0 
2.525979e-003
8  11   1   5   6   0   0   0   0   0 
7.106541e-016
8  11   1   4   6   0   0   0   0   0 
7.113667e-016
8  11   1   4   7   0   0   0   0   0 
1.955911e-002
8  2  5  1  4  7  0  0  0  0 
7.278073e-016
8  2  5  6  4  7  0  0  0  0 
7.280465e-016
8  11   1   4   7   9   0   0   0   0 
7.840453e-004
8  2  5  6  3  9  0  0  0  0 
8.620247e-004
8  11   1   5   6   3   9   0   0   0 
6.957375e-016
8   2   5   6   3  10   0   0   0   0 
6.320802e-003
8   2   5   6   3   9  10   0   0   0 
7.249455e-016
8  11   1   4   7   9  10   0   0   0 
7.225951e-016
8  11   0   0   0   0   0   0   0   0 
5.625154e-002
8   2   5   1  11   0   0   0   0   0 
2.430191e-016
9  7  4  1  0  0  0  0  0  0 
1.516258e-003
9  3  6  4  1  0  0  0  0  0 
7.005546e-016
9  3  6  5  1  0  0  0  0  0 
7.003615e-016
9  3  6  5  2  0  0  0  0  0 
6.514490e-004
9  10   3   6   5   2   0   0   0   0 
6.645265e-016
9  7  4  6  5  2  0  0  0  0 
6.669011e-016
9  3  0  0  0  0  0  0  0  0 
4.813510e-003
9  10   3   0   0   0   0   0   0   0 
7.202955e-016
9  7  4  6  3  0  0  0  0  0 
2.417269e-016
9  7  4  0  0  0  0  0  0  0 
9.972780e-004
9  3  6  4  0  0  0  0  0  0 
6.931053e-016
9  10   3   6   4   0   0   0   0   0 
3.526492e-016
9  3  6  5  0  0  0  0  0  0 
2.869665e-003
9  10   3   6   5   0   0   0   0   0 
7.137853e-016
9  7  4  6  5  0  0  0  0  0 
7.129646e-016
9  3  6  0  0  0  0  0  0  0 
4.212670e-004
9  10   3   6   0   0   0   0   0   0 
4.889040e-016
9  7  4  6  0  0  0  0  0  0 
5.408938e-016
9  7  0  0  0  0  0  0  0  0 
8.519300e-004
9  3  6  4  7  0  0  0  0  0 
2.373538e-016
9  10   3   6   4   7   0   0   0   0 
1.791031e-016
9   7   4   1  11   8   0   0   0   0 
1.285817e-003
9  3  6  5  2  8  0  0  0  0 
1.570289e-003
9  10   3   6   5   2   8   0   0   0 
7.068609e-016
9  10   0   0   0   0   0   0   0   0 
2.512958e-003
9   3  10   0   0   0   0   0   0   0 
7.141052e-016
9   7   4   1  11   0   0   0   0   0 
1.649258e-003
9   3   6   4   1  11   0   0   0   0 
7.030356e-016
9   3   6   5   1  11   0   0   0   0 
7.026581e-016
10   3   6   4   1   0   0   0   0   0 
9.670420e-004
10   9   7   4   1   0   0   0   0   0 
1.061622e-003
10   3   6   5   1   0   0   0   0   0 
9.946064e-004
10   3   6   5   2   0   0   0   0   0 
2.353864e-003
10   9   3   6   5   2   0   0   0   0 
7.151864e-016
10   3   0   0   0   0   0   0   0   0 
5.628899e-003
10   9   3   0   0   0   0   0   0   0 
7.250440e-016
10   3   6   4   0   0   0   0   0   0 
8.814027e-004
10   9   7   4   0   0   0   0   0   0 
9.503003e-004
10   3   9   7   4   0   0   0   0   0 
6.988082e-016
10   3   6   5   0   0   0   0   0   0 
6.106268e-003
10   9   3   6   5   0   0   0   0   0 
7.257011e-016
10   3   6   0   0   0   0   0   0   0 
1.511627e-003
10   9   3   6   0   0   0   0   0   0 
7.070399e-016
10   9   7   0   0   0   0   0   0   0 
1.230392e-002
10   3   9   7   0   0   0   0   0   0 
7.275687e-016
10   3   6   5   2   8   0   0   0   0 
9.531588e-003
10   9   3   6   5   2   8   0   0   0 
7.279769e-016
10   3   6   5   1  11   8   0   0   0 
7.238315e-016
10   9   0   0   0   0   0   0   0   0 
1.257572e-003
10   3   9   0   0   0   0   0   0   0 
7.023609e-016
10   3   6   4   1  11   0   0   0   0 
4.226641e-003
10   3   6   5   1  11   0   0   0   0 
4.020049e-003
10   9   7   4   1  11   0   0   0   0 
5.701130e-003
11   1   0   0   0   0   0   0   0   0 
2.152755e-002
11   8   2   5   1   0   0   0   0   0 
2.429100e-016
11   8   2   0   0   0   0   0   0   0 
4.608519e-003
11   1   5   2   0   0   0   0   0   0 
7.189663e-016
11   1   4   6   3   0   0   0   0   0 
3.330767e-003
11   1   5   6   3   0   0   0   0   0 
3.009732e-003
11   8   2   5   6   3   0   0   0   0 
7.171777e-016
11   1   4   0   0   0   0   0   0   0 
3.225315e-003
11   1   5   6   4   0   0   0   0   0 
3.613917e-016
11   1   5   0   0   0   0   0   0   0 
1.537036e-002
11   8   2   5   0   0   0   0   0   0 
7.265698e-016
11   1   4   6   5   0   0   0   0   0 
3.638714e-016
11   1   4   6   0   0   0   0   0   0 
2.612179e-003
11   1   5   6   0   0   0   0   0   0 
2.440811e-003
11   8   2   5   6   0   0   0   0   0 
7.145372e-016
11   1   4   7   0   0   0   0   0   0 
2.268967e-002
11   8   0   0   0   0   0   0   0   0 
2.464186e-002
11   1   5   2   8   0   0   0   0   0 
2.428418e-016
11   1   4   7   9   0   0   0   0   0 
9.462430e-004
11   1   4   6   3   9   0   0   0   0 
6.808254e-016
11   1   5   6   3   9   0   0   0   0 
6.749621e-016
11   1   4   7   9  10   0   0   0   0 
1.246927e-003
11   1   5   6   3  10   0   0   0   0 
1.136917e-003
11   1   4   6   3  10   0   0   0   0 
1.067591e-003
