1  5  2  0  0  0  0  0  0  0 
3.902537e-003
1  11   8   2   0   0   0   0   0   0 
8.888812e-016
1  4  6  5  2  0  0  0  0  0 
4.458710e-016
1  4  6  3  0  0  0  0  0  0 
1.172357e-003
1  5  6  3  0  0  0  0  0  0 
1.135702e-003
1  4  7  9  3  0  0  0  0  0 
8.807174e-016
1  4  0  0  0  0  0  0  0  0 
1.124254e-003
1  5  6  4  0  0  0  0  0  0 
4.427536e-016
1  5  0  0  0  0  0  0  0  0 
5.659506e-003
1  4  6  5  0  0  0  0  0  0 
4.464807e-016
1  11   8   2   5   0   0   0   0   0 
2.978051e-016
1  4  6  0  0  0  0  0  0  0 
4.669300e-004
1  5  6  0  0  0  0  0  0  0 
4.723780e-004
1  4  7  0  0  0  0  0  0  0 
4.862323e-003
1  5  6  4  7  0  0  0  0  0 
4.464046e-016
1  11   8   0   0   0   0   0   0   0 
1.287090e-002
1  5  2  8  0  0  0  0  0  0 
8.936702e-016
1  4  6  5  2  8  0  0  0  0 
2.981781e-016
1  4  7  9  0  0  0  0  0  0 
1.194080e-004
1  4  6  3  9  0  0  0  0  0 
9.184562e-016
1  5  6  3  9  0  0  0  0  0 
9.216998e-016
1   4   6   3  10   0   0   0   0   0 
1.878226e-003
1   5   6   3  10   0   0   0   0   0 
1.811836e-003
1   4   7   9  10   0   0   0   0   0 
2.595970e-003
1  11   0   0   0   0   0   0   0   0 
3.831476e-002
1   5   2   8  11   0   0   0   0   0 
2.982694e-016
2  5  1  0  0  0  0  0  0  0 
3.724627e-003
2   8  11   1   0   0   0   0   0   0 
8.884589e-016
2  5  6  4  1  0  0  0  0  0 
4.456546e-016
2  5  6  3  0  0  0  0  0  0 
1.678255e-002
2  5  1  4  6  3  0  0  0  0 
4.473218e-016
2  5  1  4  0  0  0  0  0  0 
4.106870e-003
2  5  6  4  0  0  0  0  0  0 
3.935080e-003
2   8  11   1   4   0   0   0   0   0 
8.898367e-016
2  5  0  0  0  0  0  0  0  0 
3.936019e-002
2   8  11   1   5   0   0   0   0   0 
2.982536e-016
2   8  11   1   4   6   5   0   0   0 
1.789703e-016
2  5  6  0  0  0  0  0  0  0 
1.304074e-002
2  5  1  4  6  0  0  0  0  0 
4.472272e-016
2  5  1  4  7  0  0  0  0  0 
2.884843e-002
2  5  6  4  7  0  0  0  0  0 
2.960952e-002
2   8  11   1   4   7   0   0   0   0 
8.940627e-016
2  8  0  0  0  0  0  0  0  0 
2.899579e-002
2   5   1  11   8   0   0   0   0   0 
2.981366e-016
2  5  6  3  9  0  0  0  0  0 
2.576298e-003
2   5   6   3  10   9   0   0   0   0 
8.848094e-016
2  5  1  4  7  9  0  0  0  0 
8.844859e-016
2   5   6   3  10   0   0   0   0   0 
2.680103e-002
2   5   6   3   9  10   0   0   0   0 
8.973878e-016
2   8  11   0   0   0   0   0   0   0 
2.683143e-002
2   5   1  11   0   0   0   0   0   0 
8.936595e-016
3  6  4  1  0  0  0  0  0  0 
3.373302e-004
3  6  5  1  0  0  0  0  0  0 
3.401058e-004
3  9  7  4  1  0  0  0  0  0 
8.680793e-016
3  6  5  2  0  0  0  0  0  0 
5.708753e-003
3  6  4  1  5  2  0  0  0  0 
4.465495e-016
3  6  4  0  0  0  0  0  0  0 
7.951850e-004
3  9  7  4  0  0  0  0  0  0 
8.703916e-016
3  6  5  0  0  0  0  0  0  0 
3.837785e-003
3  6  4  1  5  0  0  0  0  0 
4.460926e-016
3  6  0  0  0  0  0  0  0  0 
1.602342e-003
3  9  7  4  6  0  0  0  0  0 
2.968963e-016
3  10   9   7   4   6   0   0   0   0 
2.229148e-016
3  9  7  0  0  0  0  0  0  0 
3.037724e-003
3  10   9   7   0   0   0   0   0   0 
8.864450e-016
3  6  4  7  0  0  0  0  0  0 
8.849455e-016
3  6  5  2  8  0  0  0  0  0 
7.128307e-003
3   6   4   1  11   8   0   0   0   0 
8.912957e-016
3   6   5   1  11   8   0   0   0   0 
8.913298e-016
3  9  0  0  0  0  0  0  0  0 
4.566490e-003
3  10   9   0   0   0   0   0   0   0 
8.899365e-016
3  6  4  7  9  0  0  0  0  0 
2.976253e-016
3  10   0   0   0   0   0   0   0   0 
2.039698e-003
3   9  10   0   0   0   0   0   0   0 
8.857802e-016
3   6   4   1  11   0   0   0   0   0 
7.128995e-003
3   6   5   1  11   0   0   0   0   0 
7.476659e-003
3   9   7   4   1  11   0   0   0   0 
8.941500e-016
4  1  0  0  0  0  0  0  0  0 
5.833923e-003
4  6  5  1  0  0  0  0  0  0 
4.467218e-016
4  1  5  2  0  0  0  0  0  0 
7.047077e-004
4  6  5  2  0  0  0  0  0  0 
7.145793e-004
4   1  11   8   2   0   0   0   0   0 
8.749817e-016
4  6  3  0  0  0  0  0  0  0 
1.665050e-003
4  7  9  3  0  0  0  0  0  0 
8.806471e-016
4  1  5  6  3  0  0  0  0  0 
4.430852e-016
4  1  5  0  0  0  0  0  0  0 
1.100756e-003
4  6  5  0  0  0  0  0  0  0 
1.116910e-003
4  6  0  0  0  0  0  0  0  0 
1.216291e-003
4  1  5  6  0  0  0  0  0  0 
4.421166e-016
4  7  9  3  6  0  0  0  0  0 
2.959718e-016
4  7  0  0  0  0  0  0  0  0 
4.307674e-003
4  6  3  9  7  0  0  0  0  0 
2.980730e-016
4   6   3  10   9   7   0   0   0   0 
2.235850e-016
4   1  11   8   0   0   0   0   0   0 
1.172407e-002
4  1  5  2  8  0  0  0  0  0 
8.934255e-016
4  6  5  2  8  0  0  0  0  0 
8.940082e-016
4  7  9  0  0  0  0  0  0  0 
3.049440e-004
4  6  3  9  0  0  0  0  0  0 
8.153606e-016
4   6   3  10   9   0   0   0   0   0 
4.157500e-016
4   7   9  10   0   0   0   0   0   0 
3.920158e-004
4   6   3  10   0   0   0   0   0   0 
3.366362e-004
4   6   3   9  10   0   0   0   0   0 
8.681721e-016
4   1  11   0   0   0   0   0   0   0 
6.097621e-003
4   6   5   1  11   0   0   0   0   0 
4.467625e-016
5  1  0  0  0  0  0  0  0  0 
5.823664e-003
5  6  4  1  0  0  0  0  0  0 
4.463694e-016
5   2   8  11   1   0   0   0   0   0 
2.978008e-016
5  2  0  0  0  0  0  0  0  0 
9.071188e-003
5   1  11   8   2   0   0   0   0   0 
2.980640e-016
5  6  3  0  0  0  0  0  0  0 
2.755171e-003
5  1  4  6  3  0  0  0  0  0 
4.456584e-016
5  1  4  0  0  0  0  0  0  0 
1.549451e-003
5  6  4  0  0  0  0  0  0  0 
1.482913e-003
5  6  0  0  0  0  0  0  0  0 
1.020984e-002
5  1  4  6  0  0  0  0  0  0 
4.471088e-016
5  1  4  7  0  0  0  0  0  0 
1.054183e-002
5  6  4  7  0  0  0  0  0  0 
1.023417e-002
5  6  3  9  7  0  0  0  0  0 
8.955780e-016
5  2  8  0  0  0  0  0  0  0 
1.779353e-002
5   1  11   8   0   0   0   0   0   0 
8.933868e-016
5  6  3  9  0  0  0  0  0  0 
5.362010e-004
5  1  4  7  9  0  0  0  0  0 
8.326101e-016
5  6  4  7  9  0  0  0  0  0 
8.325893e-016
5   6   3  10   0   0   0   0   0   0 
1.959694e-003
5   6   3   9  10   0   0   0   0   0 
8.853295e-016
5   1  11   0   0   0   0   0   0   0 
1.714849e-002
5   2   8  11   0   0   0   0   0   0 
8.936916e-016
6  4  1  0  0  0  0  0  0  0 
6.764654e-004
6  5  1  0  0  0  0  0  0  0 
7.024976e-004
6  5  2  0  0  0  0  0  0  0 
3.163928e-003
6  4  1  5  2  0  0  0  0  0 
4.457956e-016
6  3  0  0  0  0  0  0  0  0 
4.716352e-003
6  4  7  9  3  0  0  0  0  0 
2.980292e-016
6   4   7   9  10   3   0   0   0   0 
2.236037e-016
6  4  0  0  0  0  0  0  0  0 
7.098970e-004
6  5  1  4  0  0  0  0  0  0 
4.386626e-016
6  3  9  7  4  0  0  0  0  0 
2.941492e-016
6  5  0  0  0  0  0  0  0  0 
4.002915e-003
6  4  1  5  0  0  0  0  0  0 
4.461500e-016
6  4  7  0  0  0  0  0  0  0 
3.967717e-003
6  3  9  7  0  0  0  0  0  0 
8.915124e-016
6  5  2  8  0  0  0  0  0  0 
7.778027e-003
6   4   1  11   8   0   0   0   0   0 
8.915865e-016
6   5   1  11   8   0   0   0   0   0 
8.916212e-016
6  3  9  0  0  0  0  0  0  0 
3.173500e-004
6   3  10   9   0   0   0   0   0   0 
7.878772e-016
6  4  7  9  0  0  0  0  0  0 
7.831888e-016
6   3  10   0   0   0   0   0   0   0 
1.355216e-003
6   3   9  10   0   0   0   0   0   0 
8.773288e-016
6   4   7   9  10   0   0   0   0   0 
4.426002e-016
6   4   1  11   0   0   0   0   0   0 
3.194704e-003
6   5   1  11   0   0   0   0   0   0 
3.549326e-003
6   5   2   8  11   0   0   0   0   0 
8.890923e-016
7  4  1  0  0  0  0  0  0  0 
6.074553e-003
7  4  6  5  1  0  0  0  0  0 
4.467591e-016
7  4  6  5  2  0  0  0  0  0 
2.412159e-003
7  4  1  5  2  0  0  0  0  0 
2.219722e-003
7  9  3  6  5  2  0  0  0  0 
8.882198e-016
7  9  3  0  0  0  0  0  0  0 
4.238113e-003
7  4  6  3  0  0  0  0  0  0 
8.874251e-016
7   9  10   3   0   0   0   0   0   0 
8.893547e-016
7  4  0  0  0  0  0  0  0  0 
3.837902e-002
7  9  3  6  4  0  0  0  0  0 
2.985785e-016
7   9  10   3   6   4   0   0   0   0 
2.239184e-016
7  4  6  5  0  0  0  0  0  0 
4.394206e-003
7  4  1  5  0  0  0  0  0  0 
3.751272e-003
7  9  3  6  5  0  0  0  0  0 
8.919773e-016
7  4  6  0  0  0  0  0  0  0 
1.973782e-003
7  9  3  6  0  0  0  0  0  0 
8.853896e-016
7   4   1  11   8   0   0   0   0   0 
2.748451e-002
7  4  6  5  2  8  0  0  0  0 
8.952804e-016
7  4  1  5  2  8  0  0  0  0 
8.946445e-016
7  9  0  0  0  0  0  0  0  0 
2.606198e-003
7  4  6  3  9  0  0  0  0  0 
2.974154e-016
7   4   6   3  10   9   0   0   0   0 
2.232138e-016
7   9  10   0   0   0   0   0   0   0 
9.502093e-003
7   9   3  10   0   0   0   0   0   0 
8.928608e-016
7   4   6   3  10   0   0   0   0   0 
4.464024e-016
7   4   1  11   0   0   0   0   0   0 
2.238632e-002
8  11   1   0   0   0   0   0   0   0 
6.337618e-003
8  2  5  1  0  0  0  0  0  0 
8.920969e-016
8  2  0  0  0  0  0  0  0  0 
3.181418e-003
8  11   1   5   2   0   0   0   0   0 
2.974169e-016
8  11   1   4   6   5   2   0   0   0 
1.786598e-016
8  2  5  6  3  0  0  0  0  0 
3.796883e-003
8  11   1   5   6   3   0   0   0   0 
8.876960e-016
8  11   1   4   6   3   0   0   0   0 
8.880317e-016
8  11   1   4   0   0   0   0   0   0 
2.907926e-003
8  2  5  1  4  0  0  0  0  0 
8.858366e-016
8  2  5  6  4  0  0  0  0  0 
8.858510e-016
8  2  5  0  0  0  0  0  0  0 
7.434391e-003
8  11   1   5   0   0   0   0   0   0 
8.916302e-016
8  2  5  6  0  0  0  0  0  0 
4.225161e-003
8  11   1   5   6   0   0   0   0   0 
8.885319e-016
8  11   1   4   6   0   0   0   0   0 
8.888915e-016
8  11   1   4   7   0   0   0   0   0 
2.381077e-002
8  2  5  1  4  7  0  0  0  0 
8.946215e-016
8  2  5  6  4  7  0  0  0  0 
8.946619e-016
8  11   1   4   7   9   0   0   0   0 
3.446977e-004
8  2  5  6  3  9  0  0  0  0 
3.574623e-004
8  11   1   5   6   3   9   0   0   0 
8.706735e-016
8   2   5   6   3  10   0   0   0   0 
7.704205e-003
8   2   5   6   3   9  10   0   0   0 
8.948802e-016
8  11   1   4   7   9  10   0   0   0 
8.933208e-016
8  11   0   0   0   0   0   0   0   0 
4.974008e-002
8   2   5   1  11   0   0   0   0   0 
2.982643e-016
9  7  4  1  0  0  0  0  0  0 
1.349684e-003
9  3  6  4  1  0  0  0  0  0 
8.755955e-016
9  3  6  5  1  0  0  0  0  0 
8.756118e-016
9  3  6  5  2  0  0  0  0  0 
8.814850e-004
9  10   3   6   5   2   0   0   0   0 
8.641803e-016
9  7  4  6  5  2  0  0  0  0 
8.645003e-016
9  3  0  0  0  0  0  0  0  0 
4.711938e-003
9  10   3   0   0   0   0   0   0   0 
8.904897e-016
9  7  4  6  3  0  0  0  0  0 
2.976925e-016
9  7  4  0  0  0  0  0  0  0 
3.487220e-004
9  3  6  4  0  0  0  0  0  0 
8.246438e-016
9  10   3   6   4   0   0   0   0   0 
4.201811e-016
9  3  6  5  0  0  0  0  0  0 
2.958096e-003
9  10   3   6   5   0   0   0   0   0 
8.856147e-016
9  7  4  6  5  0  0  0  0  0 
8.852433e-016
9  3  6  0  0  0  0  0  0  0 
3.026820e-004
9  10   3   6   0   0   0   0   0   0 
7.773393e-016
9  7  4  6  0  0  0  0  0  0 
7.762305e-016
9  7  0  0  0  0  0  0  0  0 
3.225962e-003
9  3  6  4  7  0  0  0  0  0 
2.975652e-016
9  10   3   6   4   7   0   0   0   0 
2.233371e-016
9   7   4   1  11   8   0   0   0   0 
1.603919e-003
9  3  6  5  2  8  0  0  0  0 
1.663988e-003
9  10   3   6   5   2   8   0   0   0 
8.842325e-016
9  10   0   0   0   0   0   0   0   0 
1.192161e-003
9   3  10   0   0   0   0   0   0   0 
8.780998e-016
9   7   4   1  11   0   0   0   0   0 
1.461663e-003
9   3   6   4   1  11   0   0   0   0 
8.772877e-016
9   3   6   5   1  11   0   0   0   0 
8.773046e-016
10   3   6   4   1   0   0   0   0   0 
1.450282e-003
10   9   7   4   1   0   0   0   0   0 
1.592854e-003
10   3   6   5   1   0   0   0   0   0 
1.510195e-003
10   3   6   5   2   0   0   0   0   0 
3.051161e-003
10   9   3   6   5   2   0   0   0   0 
8.893656e-016
10   3   0   0   0   0   0   0   0   0 
5.002723e-003
10   9   3   0   0   0   0   0   0   0 
8.924726e-016
10   3   6   4   0   0   0   0   0   0 
1.240113e-003
10   9   7   4   0   0   0   0   0   0 
1.358084e-003
10   3   9   7   4   0   0   0   0   0 
8.817611e-016
10   3   6   5   0   0   0   0   0   0 
3.324205e-003
10   9   3   6   5   0   0   0   0   0 
8.900043e-016
10   3   6   0   0   0   0   0   0   0 
1.741806e-003
10   9   3   6   0   0   0   0   0   0 
8.838940e-016
10   9   7   0   0   0   0   0   0   0 
1.083752e-002
10   3   9   7   0   0   0   0   0   0 
8.939195e-016
10   3   6   5   2   8   0   0   0   0 
9.190795e-003
10   9   3   6   5   2   8   0   0   0 
8.944986e-016
10   3   6   5   1  11   8   0   0   0 
8.920977e-016
10   9   0   0   0   0   0   0   0   0 
8.565060e-004
10   3   9   0   0   0   0   0   0   0 
8.720281e-016
10   3   6   4   1  11   0   0   0   0 
3.672206e-003
10   3   6   5   1  11   0   0   0   0 
3.883818e-003
10   9   7   4   1  11   0   0   0   0 
5.183523e-003
11   1   0   0   0   0   0   0   0   0 
2.753816e-002
11   8   2   5   1   0   0   0   0   0 
2.982568e-016
11   8   2   0   0   0   0   0   0   0 
2.847344e-003
11   1   5   2   0   0   0   0   0   0 
8.869595e-016
11   1   4   6   3   0   0   0   0   0 
2.314249e-003
11   1   5   6   3   0   0   0   0   0 
2.191687e-003
11   8   2   5   6   3   0   0   0   0 
8.864319e-016
11   1   4   0   0   0   0   0   0   0 
1.411384e-003
11   1   5   6   4   0   0   0   0   0 
4.436986e-016
11   1   5   0   0   0   0   0   0   0 
1.375023e-002
11   8   2   5   0   0   0   0   0   0 
8.934014e-016
11   1   4   6   5   0   0   0   0   0 
4.470668e-016
11   1   4   6   0   0   0   0   0   0 
1.590638e-003
11   1   5   6   0   0   0   0   0   0 
1.547633e-003
11   8   2   5   6   0   0   0   0   0 
8.834049e-016
11   1   4   7   0   0   0   0   0   0 
2.199294e-002
11   8   0   0   0   0   0   0   0   0 
2.014440e-002
11   1   5   2   8   0   0   0   0   0 
2.981813e-016
11   1   4   7   9   0   0   0   0   0 
9.461140e-004
11   1   4   6   3   9   0   0   0   0 
8.656973e-016
11   1   5   6   3   9   0   0   0   0 
8.658564e-016
11   1   4   7   9  10   0   0   0   0 
1.045995e-003
11   1   5   6   3  10   0   0   0   0 
8.581506e-004
11   1   4   6   3  10   0   0   0   0 
8.579534e-004
