2 1 2 0.079751 * 2  5  1 
3 1 3 0.008676 * 3  6  4  1 
3 1 3 0.008676 * 3  6  5  1 
4 1 1 0.059116 * 4  1 
5 1 1 0.093538 * 5  1 
6 1 2 0.010798 * 6  4  1 
6 1 2 0.010798 * 6  5  1 
7 1 2 0.097769 * 7  4  1 
8 1 2 0.071561 * 8  11   1 
9 1 3 0.016560 * 9  7  4  1 
10 1 4 0.019948 * 10   3   6   4   1 
10 1 4 0.019948 * 10   3   6   5   1 
10 1 4 0.019948 * 10   9   7   4   1 
11 1 1 0.423102 * 11   1 
1 2 2 0.068605 * 1  5  2 
3 2 3 0.086617 * 3  6  5  2 
4 2 3 0.016972 * 4  1  5  2 
4 2 3 0.016972 * 4  6  5  2 
5 2 1 0.149765 * 5  2 
6 2 2 0.049617 * 6  5  2 
7 2 4 0.045416 * 7  4  1  5  2 
7 2 4 0.045416 * 7  4  6  5  2 
8 2 1 0.034364 * 8  2 
9 2 4 0.012306 * 9  3  6  5  2 
10 2 4 0.043654 * 10   3   6   5   2 
11 2 2 0.057194 * 11   8   2 
1 3 3 0.018227 * 1  4  6  3 
1 3 3 0.018227 * 1  5  6  3 
2 3 3 0.244359 * 2  5  6  3 
4 3 2 0.025363 * 4  6  3 
5 3 2 0.040532 * 5  6  3 
6 3 1 0.084367 * 6  3 
7 3 2 0.051504 * 7  9  3 
8 3 4 0.062354 * 8  2  5  6  3 
9 3 1 0.077624 * 9  3 
10 3 1 0.085853 * 10   3 
11 3 4 0.038951 * 11   1   4   6   3 
11 3 4 0.038951 * 11   1   5   6   3 
1 4 1 0.024815 * 1  4 
2 4 3 0.066772 * 2  5  1  4 
2 4 3 0.066772 * 2  5  6  4 
3 4 2 0.016826 * 3  6  4 
5 4 2 0.021210 * 5  1  4 
5 4 2 0.021210 * 5  6  4 
6 4 1 0.013624 * 6  4 
7 4 1 0.377815 * 7  4 
8 4 3 0.045297 * 8  11   1   4 
9 4 2 0.010180 * 9  7  4 
10 4 3 0.013562 * 10   3   6   4 
10 4 3 0.013562 * 10   9   7   4 
11 4 2 0.025143 * 11   1   4 
1 5 1 0.081439 * 1  5 
2 5 1 0.570290 * 2  5 
3 5 2 0.063095 * 3  6  5 
4 5 2 0.019711 * 4  1  5 
4 5 2 0.019711 * 4  6  5 
6 5 1 0.055273 * 6  5 
7 5 3 0.051364 * 7  4  1  5 
7 5 3 0.051364 * 7  4  6  5 
8 5 2 0.128883 * 8  2  5 
9 5 3 0.041498 * 9  3  6  5 
10 5 3 0.070322 * 10   3   6   5 
11 5 2 0.209191 * 11   1   5 
1 6 2 0.012407 * 1  4  6 
1 6 2 0.012407 * 1  5  6 
2 6 2 0.195585 * 2  5  6 
3 6 1 0.028932 * 3  6 
4 6 1 0.019265 * 4  6 
5 6 1 0.095836 * 5  6 
7 6 2 0.032856 * 7  4  6 
8 6 3 0.061175 * 8  2  5  6 
9 6 2 0.004658 * 9  3  6 
10 6 2 0.028221 * 10   3   6 
11 6 3 0.025949 * 11   1   4   6 
11 6 3 0.025949 * 11   1   5   6 
1 7 2 0.080024 * 1  4  7 
2 7 4 0.412920 * 2  5  1  4  7 
2 7 4 0.412920 * 2  5  6  4  7 
3 7 2 0.041945 * 3  9  7 
4 7 1 0.085233 * 4  7 
5 7 3 0.105607 * 5  1  4  7 
5 7 3 0.105607 * 5  6  4  7 
6 7 2 0.066372 * 6  4  7 
8 7 4 0.323916 * 8  11   1   4   7 
9 7 1 0.050848 * 9  7 
10 7 2 0.164179 * 10   9   7 
11 7 3 0.323900 * 11   1   4   7 
1 8 2 0.177009 * 1  11   8 
2 8 1 0.391219 * 2  8 
3 8 4 0.107777 * 3  6  5  2  8 
4 8 3 0.176472 * 4   1  11   8 
5 8 2 0.253790 * 5  2  8 
6 8 3 0.112590 * 6  5  2  8 
7 8 4 0.388838 * 7   4   1  11   8 
9 8 5 0.025474 * 9  3  6  5  2  8 
9 8 5 0.025474 * 9   7   4   1  11   8 
10 8 5 0.143465 * 10   3   6   5   2   8 
11 8 1 0.328831 * 11   8 
1 9 3 0.003301 * 1  4  7  9 
2 9 4 0.037228 * 2  5  6  3  9 
3 9 1 0.067627 * 3  9 
4 9 2 0.005704 * 4  7  9 
5 9 3 0.017049 * 5  6  3  9 
6 9 2 0.004207 * 6  3  9 
7 9 1 0.037295 * 7  9 
8 9 5 0.007803 * 8  2  5  6  3  9 
8 9 5 0.007803 * 8  11   1   4   7   9 
10 9 1 0.018753 * 10   9 
11 9 4 0.012528 * 11   1   4   7   9 
1 10 4 0.015896 * 1   4   6   3  10 
1 10 4 0.015896 * 1   4   7   9  10 
1 10 4 0.027237 * 1   5   6   3  10 
2 10 4 0.396253 * 2   5   6   3  10 
3 10 1 0.030513 * 3  10 
4 10 3 0.004512 * 4   6   3  10 
4 10 3 0.004512 * 4   7   9  10 
5 10 3 0.028789 * 5   6   3  10 
6 10 2 0.019934 * 6   3  10 
7 10 2 0.129878 * 7   9  10 
8 10 5 0.118461 * 8   2   5   6   3  10 
9 10 1 0.017239 * 9  10 
11 10 5 0.013767 * 11   1   4   6   3  10 
11 10 5 0.013767 * 11   1   4   7   9  10 
11 10 5 0.021379 * 11   1   5   6   3  10 
1 11 1 0.598427 * 1  11 
2 11 2 0.407717 * 2   8  11 
3 11 4 0.097236 * 3   6   4   1  11 
3 11 4 0.097236 * 3   6   5   1  11 
4 11 2 0.091303 * 4   1  11 
5 11 2 0.241745 * 5   1  11 
6 11 3 0.044454 * 6   4   1  11 
6 11 3 0.044454 * 6   5   1  11 
7 11 3 0.344030 * 7   4   1  11 
8 11 1 0.743320 * 8  11 
9 11 4 0.023019 * 9   7   4   1  11 
10 11 5 0.061698 * 10   3   6   4   1  11 
10 11 5 0.061698 * 10   3   6   5   1  11 
10 11 5 0.061698 * 10   9   7   4   1  11 
