2 1 2 0.122667 * 2  5  1 
3 1 3 0.015632 * 3  6  4  1 
3 1 3 0.015632 * 3  6  5  1 
4 1 1 0.072912 * 4  1 
5 1 1 0.142924 * 5  1 
6 1 2 0.020781 * 6  4  1 
6 1 2 0.020781 * 6  5  1 
7 1 2 0.106015 * 7  4  1 
8 1 2 0.093994 * 8  11   1 
9 1 3 0.021759 * 9  7  4  1 
10 1 4 0.018256 * 10   3   6   4   1 
10 1 4 0.018256 * 10   3   6   5   1 
10 1 4 0.018256 * 10   9   7   4   1 
11 1 1 0.353897 * 11   1 
1 2 2 0.113836 * 1  5  2 
3 2 3 0.087294 * 3  6  5  2 
4 2 3 0.024296 * 4  1  5  2 
4 2 3 0.024296 * 4  6  5  2 
5 2 1 0.181951 * 5  2 
6 2 2 0.056591 * 6  5  2 
7 2 4 0.070705 * 7  4  1  5  2 
7 2 4 0.070705 * 7  4  6  5  2 
8 2 1 0.045584 * 8  2 
9 2 4 0.017143 * 9  3  6  5  2 
10 2 4 0.035292 * 10   3   6   5   2 
11 2 2 0.086665 * 11   8   2 
1 3 3 0.013841 * 1  4  6  3 
1 3 3 0.013841 * 1  5  6  3 
2 3 3 0.199940 * 2  5  6  3 
4 3 2 0.034503 * 4  6  3 
5 3 2 0.046883 * 5  6  3 
6 3 1 0.074946 * 6  3 
7 3 2 0.131462 * 7  9  3 
8 3 4 0.067916 * 8  2  5  6  3 
9 3 1 0.067412 * 9  3 
10 3 1 0.092634 * 10   3 
11 3 4 0.048378 * 11   1   4   6   3 
11 3 4 0.048378 * 11   1   5   6   3 
1 4 1 0.027510 * 1  4 
2 4 3 0.067099 * 2  5  1  4 
2 4 3 0.067099 * 2  5  6  4 
3 4 2 0.020646 * 3  6  4 
5 4 2 0.027794 * 5  1  4 
5 4 2 0.027794 * 5  6  4 
6 4 1 0.023359 * 6  4 
7 4 1 0.178269 * 7  4 
8 4 3 0.026556 * 8  11   1   4 
9 4 2 0.017391 * 9  7  4 
10 4 3 0.013420 * 10   3   6   4 
10 4 3 0.013420 * 10   9   7   4 
11 4 2 0.041364 * 11   1   4 
1 5 1 0.112019 * 1  5 
2 5 1 0.561263 * 2  5 
3 5 2 0.048128 * 3  6  5 
4 5 2 0.022614 * 4  1  5 
4 5 2 0.022614 * 4  6  5 
6 5 1 0.083982 * 6  5 
7 5 3 0.059793 * 7  4  1  5 
7 5 3 0.059793 * 7  4  6  5 
8 5 2 0.175957 * 8  2  5 
9 5 3 0.041578 * 9  3  6  5 
10 5 3 0.065263 * 10   3   6   5 
11 5 2 0.203512 * 11   1   5 
1 6 2 0.023706 * 1  4  6 
1 6 2 0.023706 * 1  5  6 
2 6 2 0.212071 * 2  5  6 
3 6 1 0.059944 * 3  6 
4 6 1 0.027788 * 4  6 
5 6 1 0.073656 * 5  6 
7 6 2 0.053745 * 7  4  6 
8 6 3 0.052075 * 8  2  5  6 
9 6 2 0.008272 * 9  3  6 
10 6 2 0.019218 * 10   3   6 
11 6 3 0.034286 * 11   1   4   6 
11 6 3 0.034286 * 11   1   5   6 
1 7 2 0.107394 * 1  4  7 
2 7 4 0.301795 * 2  5  1  4  7 
2 7 4 0.301795 * 2  5  6  4  7 
3 7 2 0.061116 * 3  9  7 
4 7 1 0.077370 * 4  7 
5 7 3 0.128894 * 5  1  4  7 
5 7 3 0.128894 * 5  6  4  7 
6 7 2 0.069669 * 6  4  7 
8 7 4 0.303926 * 8  11   1   4   7 
9 7 1 0.019442 * 9  7 
10 7 2 0.175771 * 10   9   7 
11 7 3 0.355100 * 11   1   4   7 
1 8 2 0.204161 * 1  11   8 
2 8 1 0.401409 * 2  8 
3 8 4 0.103934 * 3  6  5  2  8 
4 8 3 0.225561 * 4   1  11   8 
5 8 2 0.358468 * 5  2  8 
6 8 3 0.157944 * 6  5  2  8 
7 8 4 0.407869 * 7   4   1  11   8 
9 8 5 0.020704 * 9  3  6  5  2  8 
9 8 5 0.020704 * 9   7   4   1  11   8 
10 8 5 0.137042 * 10   3   6   5   2   8 
11 8 1 0.415245 * 11   8 
1 9 3 0.005044 * 1  4  7  9 
2 9 4 0.032304 * 2  5  6  3  9 
3 9 1 0.062024 * 3  9 
4 9 2 0.007876 * 4  7  9 
5 9 3 0.024998 * 5  6  3  9 
6 9 2 0.007199 * 6  3  9 
7 9 1 0.014774 * 7  9 
8 9 5 0.012281 * 8  2  5  6  3  9 
8 9 5 0.012281 * 8  11   1   4   7   9 
10 9 1 0.021878 * 10   9 
11 9 4 0.015120 * 11   1   4   7   9 
1 10 4 0.024735 * 1   4   6   3  10 
1 10 4 0.024735 * 1   4   7   9  10 
1 10 4 0.039093 * 1   5   6   3  10 
2 10 4 0.244121 * 2   5   6   3  10 
3 10 1 0.029447 * 3  10 
4 10 3 0.009511 * 4   6   3  10 
4 10 3 0.009511 * 4   7   9  10 
5 10 3 0.058908 * 5   6   3  10 
6 10 2 0.026243 * 6   3  10 
7 10 2 0.134258 * 7   9  10 
8 10 5 0.092765 * 8   2   5   6   3  10 
9 10 1 0.033262 * 9  10 
11 10 5 0.017071 * 11   1   4   6   3  10 
11 10 5 0.017071 * 11   1   4   7   9  10 
11 10 5 0.020617 * 11   1   5   6   3  10 
1 11 1 0.560437 * 1  11 
2 11 2 0.460989 * 2   8  11 
3 11 4 0.103293 * 3   6   4   1  11 
3 11 4 0.103293 * 3   6   5   1  11 
4 11 2 0.089541 * 4   1  11 
5 11 2 0.284550 * 5   1  11 
6 11 3 0.058904 * 6   4   1  11 
6 11 3 0.058904 * 6   5   1  11 
7 11 3 0.429500 * 7   4   1  11 
8 11 1 0.903889 * 8  11 
9 11 4 0.023646 * 9   7   4   1  11 
10 11 5 0.065222 * 10   3   6   4   1  11 
10 11 5 0.065222 * 10   3   6   5   1  11 
10 11 5 0.065222 * 10   9   7   4   1  11 
