2  5  1 
0.122667
3  6  4  1 
0.015632
3  6  5  1 
0.015632
4  1 
0.072912
5  1 
0.142924
6  4  1 
0.020781
6  5  1 
0.020781
7  4  1 
0.106015
8  11   1 
0.093994
9  7  4  1 
0.021759
10   3   6   4   1 
0.018256
10   3   6   5   1 
0.018256
10   9   7   4   1 
0.018256
11   1 
0.353897
1  5  2 
0.113836
3  6  5  2 
0.087294
4  1  5  2 
0.024296
4  6  5  2 
0.024296
5  2 
0.181951
6  5  2 
0.056591
7  4  1  5  2 
0.070705
7  4  6  5  2 
0.070705
8  2 
0.045584
9  3  6  5  2 
0.017143
10   3   6   5   2 
0.035292
11   8   2 
0.086665
1  4  6  3 
0.013841
1  5  6  3 
0.013841
2  5  6  3 
0.199940
4  6  3 
0.034503
5  6  3 
0.046883
6  3 
0.074946
7  9  3 
0.131462
8  2  5  6  3 
0.067916
9  3 
0.067412
10   3 
0.092634
11   1   4   6   3 
0.048378
11   1   5   6   3 
0.048378
1  4 
0.027510
2  5  1  4 
0.067099
2  5  6  4 
0.067099
3  6  4 
0.020646
5  1  4 
0.027794
5  6  4 
0.027794
6  4 
0.023359
7  4 
0.178269
8  11   1   4 
0.026556
9  7  4 
0.017391
10   3   6   4 
0.013420
10   9   7   4 
0.013420
11   1   4 
0.041364
1  5 
0.112019
2  5 
0.561263
3  6  5 
0.048128
4  1  5 
0.022614
4  6  5 
0.022614
6  5 
0.083982
7  4  1  5 
0.059793
7  4  6  5 
0.059793
8  2  5 
0.175957
9  3  6  5 
0.041578
10   3   6   5 
0.065263
11   1   5 
0.203512
1  4  6 
0.023706
1  5  6 
0.023706
2  5  6 
0.212071
3  6 
0.059944
4  6 
0.027788
5  6 
0.073656
7  4  6 
0.053745
8  2  5  6 
0.052075
9  3  6 
0.008272
10   3   6 
0.019218
11   1   4   6 
0.034286
11   1   5   6 
0.034286
1  4  7 
0.107394
2  5  1  4  7 
0.301795
2  5  6  4  7 
0.301795
3  9  7 
0.061116
4  7 
0.077370
5  1  4  7 
0.128894
5  6  4  7 
0.128894
6  4  7 
0.069669
8  11   1   4   7 
0.303926
9  7 
0.019442
10   9   7 
0.175771
11   1   4   7 
0.355100
1  11   8 
0.204161
2  8 
0.401409
3  6  5  2  8 
0.103934
4   1  11   8 
0.225561
5  2  8 
0.358468
6  5  2  8 
0.157944
7   4   1  11   8 
0.407869
9  3  6  5  2  8 
0.020704
9   7   4   1  11   8 
0.020704
10   3   6   5   2   8 
0.137042
11   8 
0.415245
1  4  7  9 
0.005044
2  5  6  3  9 
0.032304
3  9 
0.062024
4  7  9 
0.007876
5  6  3  9 
0.024998
6  3  9 
0.007199
7  9 
0.014774
8  2  5  6  3  9 
0.012281
8  11   1   4   7   9 
0.012281
10   9 
0.021878
11   1   4   7   9 
0.015120
1   4   6   3  10 
0.024735
1   4   7   9  10 
0.024735
1   5   6   3  10 
0.039093
2   5   6   3  10 
0.244121
3  10 
0.029447
4   6   3  10 
0.009511
4   7   9  10 
0.009511
5   6   3  10 
0.058908
6   3  10 
0.026243
7   9  10 
0.134258
8   2   5   6   3  10 
0.092765
9  10 
0.033262
11   1   4   6   3  10 
0.017071
11   1   4   7   9  10 
0.017071
11   1   5   6   3  10 
0.020617
1  11 
0.560437
2   8  11 
0.460989
3   6   4   1  11 
0.103293
3   6   5   1  11 
0.103293
4   1  11 
0.089541
5   1  11 
0.284550
6   4   1  11 
0.058904
6   5   1  11 
0.058904
7   4   1  11 
0.429500
8  11 
0.903889
9   7   4   1  11 
0.023646
10   3   6   4   1  11 
0.065222
10   3   6   5   1  11 
0.065222
10   9   7   4   1  11 
0.065222
