2 1 0.251065 0.067226 * 2  5  1  0 
2 1 0.349355 0.008022 * 2   8  11   1 
3 1 0.354078 0.015448 * 3  6  4  1 
3 1 0.331351 0.011534 * 3  6  5  1 
4 1 0.123562 0.016412 * 4  1 
5 1 0.109123 0.098467 * 5  1 
6 1 0.241986 0.008111 * 6  4  1 
6 1 0.219259 0.006056 * 6  5  1 
7 1 0.241182 0.095721 * 7  4  1 
8 1 0.234171 0.077941 * 8  11   1 
9 1 0.455768 0.006408 * 9  3  6  4  1 
9 1 0.433041 0.006408 * 9  3  6  5  1 
9 1 0.344368 0.004295 * 9  7  4  1  0 
10 1 0.460152 0.013309 * 10   3   6   4   1   0 
10 1 0.437424 0.013309 * 10   3   6   5   1   0 
10 1 0.557591 0.008309 * 10   9   3   6   4   1 
10 1 0.534864 0.008309 * 10   9   3   6   5   1 
10 1 0.446191 0.006330 * 10   9   7   4   1   0 
11 1 0.117869 0.448152 * 11   1 
1 2 0.223728 0.032771 * 1  5  2  0 
1 2 0.353554 0.032771 * 1  11   8   2 
3 2 0.336152 0.064686 * 3  6  5  2 
4 2 0.347290 0.045769 * 4  1  5  2  0 
4 2 0.477116 0.045769 * 4   1  11   8   2 
4 2 0.325390 0.021419 * 4  6  5  2  0 
5 2 0.113923 0.117695 * 5  2 
6 2 0.224059 0.046346 * 6  5  2 
7 2 0.464910 0.041106 * 7  4  1  5  2  0 
7 2 0.594736 0.041106 * 7   4   1  11   8   2 
7 2 0.443011 0.022472 * 7  4  6  5  2  0 
7 2 0.540171 0.007573 * 7  9  3  6  5  2 
8 2 0.104654 0.035607 * 8  2 
9 2 0.437842 0.015440 * 9  3  6  5  2 
10 2 0.442225 0.035396 * 10   3   6   5   2   0 
10 2 0.539665 0.013231 * 10   9   3   6   5   2 
11 2 0.217015 0.052391 * 11   8   2 
1 3 0.329016 0.008652 * 1  4  6  3  0 
1 3 0.439310 0.006391 * 1  4  7  9  3 
1 3 0.355891 0.013960 * 1  5  6  3  0 
2 3 0.388029 0.270293 * 2  5  6  3 
4 3 0.216036 0.015921 * 4  6  3  0 
4 3 0.326331 0.011759 * 4  7  9  3 
5 3 0.246086 0.042682 * 5  6  3 
6 3 0.114705 0.047073 * 6  3 
7 3 0.204020 0.025278 * 7  9  3 
8 3 0.492683 0.021731 * 8  2  5  6  3  0  0 
8 3 0.563187 0.012641 * 8  11   1   4   6   3   0 
8 3 0.673481 0.012641 * 8  11   1   4   7   9   3 
8 3 0.590062 0.012641 * 8  11   1   5   6   3   0 
9 3 0.101690 0.052862 * 9  3 
10 3 0.203513 0.016860 * 10   9   3 
10 3 0.106073 0.045103 * 10   3   0 
11 3 0.446885 0.015684 * 11   1   4   6   3   0 
11 3 0.557179 0.011584 * 11   1   4   7   9   3 
11 3 0.473760 0.025306 * 11   1   5   6   3   0 
1 4 0.112980 0.026510 * 1  4 
2 4 0.364045 0.050460 * 2  5  1  4  0 
2 4 0.391748 0.122174 * 2  5  6  4  0 
2 4 0.462335 0.004912 * 2   8  11   1   4 
3 4 0.230517 0.010470 * 3  6  4  0 
3 4 0.322280 0.001281 * 3  9  7  4 
5 4 0.222102 0.011323 * 5  1  4 
5 4 0.249805 0.027416 * 5  6  4 
6 4 0.118424 0.025619 * 6  4 
7 4 0.117621 0.379440 * 7  4 
8 4 0.347151 0.035502 * 8  11   1   4 
9 4 0.220806 0.005242 * 9  7  4 
10 4 0.336590 0.016736 * 10   3   6   4   0 
10 4 0.428353 0.002960 * 10   3   9   7   4 
10 4 0.322629 0.006526 * 10   9   7   4   0 
11 4 0.230849 0.024398 * 11   1   4 
1 5 0.109805 0.073433 * 1  5 
2 5 0.141943 0.641547 * 2  5 
3 5 0.222229 0.043896 * 3  6  5 
4 5 0.233367 0.018046 * 4  1  5 
4 5 0.211467 0.011995 * 4  6  5 
6 5 0.110136 0.078285 * 6  5 
7 5 0.350987 0.052504 * 7  4  1  5  0 
7 5 0.329088 0.034898 * 7  4  6  5  0 
7 5 0.426248 0.018869 * 7  9  3  6  5 
8 5 0.246597 0.096292 * 8  2  5  0 
8 5 0.343976 0.034169 * 8  11   1   5 
9 5 0.323918 0.031918 * 9  3  6  5 
10 5 0.328302 0.033978 * 10   3   6   5   0 
10 5 0.425742 0.012701 * 10   9   3   6   5 
11 5 0.227674 0.162142 * 11   1   5 
1 6 0.214311 0.012079 * 1  4  6 
1 6 0.241185 0.032852 * 1  5  6 
2 6 0.273323 0.189815 * 2  5  6 
3 6 0.112092 0.019551 * 3  6 
4 6 0.101331 0.020054 * 4  6 
5 6 0.131381 0.072746 * 5  6 
7 6 0.218952 0.018324 * 7  4  6  0 
7 6 0.316112 0.013534 * 7  9  3  6 
8 6 0.377978 0.030389 * 8  2  5  6  0 
8 6 0.448482 0.014748 * 8  11   1   4   6 
8 6 0.475356 0.014748 * 8  11   1   5   6 
9 6 0.213782 0.005006 * 9  3  6 
10 6 0.218166 0.018034 * 10   3   6   0 
10 6 0.315605 0.006741 * 10   9   3   6 
11 6 0.332180 0.016432 * 11   1   4   6 
11 6 0.359054 0.038038 * 11   1   5   6 
1 7 0.235290 0.101883 * 1  4  7 
2 7 0.486356 0.196485 * 2  5  1  4  7  0 
2 7 0.592688 0.062088 * 2  5  6  3  9  7 
2 7 0.514059 0.507630 * 2  5  6  4  7  0 
2 7 0.584646 0.018955 * 2   8  11   1   4   7 
3 7 0.204659 0.038651 * 3  9  7 
4 7 0.122311 0.070432 * 4  7 
5 7 0.344413 0.046232 * 5  1  4  7  0 
5 7 0.450745 0.014609 * 5  6  3  9  7 
5 7 0.372116 0.119442 * 5  6  4  7  0 
6 7 0.319365 0.005026 * 6  3  9  7 
6 7 0.240735 0.041092 * 6  4  7  0 
8 7 0.469461 0.287088 * 8  11   1   4   7 
9 7 0.103186 0.057012 * 9  7 
10 7 0.310733 0.029095 * 10   3   9   7 
10 7 0.205009 0.104100 * 10   9   7   0 
11 7 0.353159 0.314307 * 11   1   4   7 
1 8 0.338912 0.040277 * 1  5  2  8 
1 8 0.248900 0.160409 * 1  11   8   0 
2 8 0.115184 0.363688 * 2  8 
3 8 0.451336 0.080615 * 3  6  5  2  8 
4 8 0.462474 0.035330 * 4  1  5  2  8 
4 8 0.372462 0.131304 * 4   1  11   8   0 
4 8 0.440575 0.017516 * 4  6  5  2  8 
5 8 0.229108 0.267035 * 5  2  8 
6 8 0.339244 0.100003 * 6  5  2  8 
7 8 0.580095 0.077583 * 7  4  1  5  2  8 
7 8 0.490082 0.236658 * 7   4   1  11   8   0 
7 8 0.558195 0.038463 * 7  4  6  5  2  8 
9 8 0.553026 0.001959 * 9  3  6  5  2  8  0 
9 8 0.683280 0.012952 * 9  7  4  1  5  2  8 
9 8 0.593268 0.012952 * 9   7   4   1  11   8   0 
9 8 0.661381 0.007782 * 9  7  4  6  5  2  8 
10 8 0.557409 0.017019 * 10   3   6   5   2   8   0   0 
10 8 0.654849 0.008335 * 10   9   3   6   5   2   8   0 
10 8 0.785104 0.048422 * 10   9   7   4   1   5   2   8 
10 8 0.695091 0.048422 * 10   9   7   4   1  11   8   0 
10 8 0.763204 0.033110 * 10   9   7   4   6   5   2   8 
11 8 0.112361 0.310104 * 11   8 
1 9 0.430490 0.000518 * 1  4  6  3  9 
1 9 0.337620 0.003662 * 1  4  7  9  0 
2 9 0.681555 0.004948 * 2  5  1  4  6  3  9 
2 9 0.588686 0.028728 * 2  5  1  4  7  9  0 
2 9 0.489503 0.012968 * 2  5  6  3  9  0  0 
3 9 0.101474 0.037726 * 3  9 
4 9 0.317510 0.000623 * 4  6  3  9 
4 9 0.224641 0.004406 * 4  7  9  0 
5 9 0.539612 0.001850 * 5  1  4  6  3  9 
5 9 0.446743 0.010741 * 5  1  4  7  9  0 
5 9 0.347560 0.004849 * 5  6  3  9  0  0 
6 9 0.216179 0.002824 * 6  3  9 
7 9 0.102330 0.038219 * 7  9 
8 9 0.786209 0.003528 * 8  2  5  1  4  6  3  9 
8 9 0.693340 0.004725 * 8  2  5  1  4  7  9  0 
8 9 0.594157 0.004725 * 8  2  5  6  3  9  0  0 
8 9 0.664661 0.001547 * 8  11   1   4   6   3   9   0 
8 9 0.571791 0.001547 * 8  11   1   4   7   9   0   0 
10 9 0.207547 0.003409 * 10   3   9 
10 9 0.101823 0.012197 * 10   9   0 
11 9 0.548359 0.003247 * 11   1   4   6   3   9 
11 9 0.455489 0.004043 * 11   1   4   7   9   0 
1 10 0.531979 0.010591 * 1   4   6   3   9  10 
1 10 0.436624 0.010591 * 1   4   6   3  10   0 
1 10 0.439109 0.013139 * 1   4   7   9  10   0 
1 10 0.558853 0.025224 * 1   5   6   3   9  10 
1 10 0.463499 0.025224 * 1   5   6   3  10   0 
2 10 0.590991 0.081610 * 2   5   6   3   9  10 
2 10 0.495637 0.330848 * 2   5   6   3  10   0 
3 10 0.202963 0.004078 * 3   9  10 
3 10 0.107608 0.019163 * 3  10   0 
4 10 0.418999 0.003237 * 4   6   3   9  10 
4 10 0.323645 0.003237 * 4   6   3  10   0 
4 10 0.326130 0.004015 * 4   7   9  10   0 
5 10 0.449049 0.004454 * 5   6   3   9  10 
5 10 0.353694 0.020930 * 5   6   3  10   0 
6 10 0.317668 0.003031 * 6   3   9  10 
6 10 0.222314 0.014243 * 6   3  10   0 
7 10 0.203819 0.123621 * 7   9  10 
8 10 0.695646 0.020472 * 8   2   5   6   3   9  10   0 
8 10 0.600291 0.020472 * 8   2   5   6   3  10   0   0 
8 10 0.766150 0.012103 * 8  11   1   4   6   3   9  10 
8 10 0.670795 0.012103 * 8  11   1   4   6   3  10   0 
8 10 0.673280 0.013249 * 8  11   1   4   7   9  10   0 
8 10 0.793024 0.013249 * 8  11   1   5   6   3   9  10 
8 10 0.697670 0.013249 * 8  11   1   5   6   3  10   0 
9 10 0.101489 0.013047 * 9  10 
11 10 0.649848 0.005057 * 11   1   4   6   3   9  10 
11 10 0.554493 0.005057 * 11   1   4   6   3  10   0 
11 10 0.556978 0.006273 * 11   1   4   7   9  10   0 
11 10 0.676722 0.010579 * 11   1   5   6   3   9  10 
11 10 0.581368 0.010579 * 11   1   5   6   3  10   0 
1 11 0.136539 0.626443 * 1  11 
2 11 0.231486 0.315957 * 2   8  11 
3 11 0.490617 0.113198 * 3   6   4   1  11   0 
3 11 0.467890 0.094604 * 3   6   5   1  11   0 
3 11 0.567638 0.024650 * 3   6   5   2   8  11 
4 11 0.260101 0.160344 * 4   1  11 
5 11 0.245662 0.273737 * 5   1  11   0 
5 11 0.345410 0.032666 * 5   2   8  11 
6 11 0.378525 0.027065 * 6   4   1  11   0 
6 11 0.355798 0.022619 * 6   5   1  11   0 
6 11 0.455546 0.005894 * 6   5   2   8  11 
7 11 0.377722 0.340579 * 7   4   1  11 
8 11 0.116302 0.670641 * 8  11 
9 11 0.592307 0.007700 * 9   3   6   4   1  11   0 
9 11 0.569580 0.007700 * 9   3   6   5   1  11   0 
9 11 0.669328 0.007025 * 9   3   6   5   2   8  11 
9 11 0.480907 0.004911 * 9   7   4   1  11   0   0 
10 11 0.596691 0.044015 * 10   3   6   4   1  11   0   0 
10 11 0.573964 0.044015 * 10   3   6   5   1  11   0   0 
10 11 0.673711 0.020718 * 10   3   6   5   2   8  11   0 
10 11 0.694131 0.022707 * 10   9   3   6   4   1  11   0 
10 11 0.671403 0.022707 * 10   9   3   6   5   1  11   0 
10 11 0.771151 0.020718 * 10   9   3   6   5   2   8  11 
10 11 0.582730 0.014481 * 10   9   7   4   1  11   0   0 
