2 1 2 0.097224 * 2  5  1 
3 1 3 0.016204 * 3  6  4  1 
3 1 3 0.016204 * 3  6  5  1 
4 1 1 0.042069 * 4  1 
5 1 1 0.096304 * 5  1 
6 1 2 0.012224 * 6  4  1 
6 1 2 0.012224 * 6  5  1 
7 1 2 0.108151 * 7  4  1 
8 1 2 0.075353 * 8  11   1 
9 1 3 0.020578 * 9  7  4  1 
10 1 4 0.016282 * 10   3   6   4   1 
10 1 4 0.016282 * 10   3   6   5   1 
10 1 4 0.016282 * 10   9   7   4   1 
11 1 1 0.396694 * 11   1 
1 2 2 0.095819 * 1  5  2 
3 2 3 0.089423 * 3  6  5  2 
4 2 3 0.016940 * 4  1  5  2 
4 2 3 0.016940 * 4  6  5  2 
5 2 1 0.149551 * 5  2 
6 2 2 0.057386 * 6  5  2 
7 2 4 0.060841 * 7  4  1  5  2 
7 2 4 0.060841 * 7  4  6  5  2 
8 2 1 0.033919 * 8  2 
9 2 4 0.013076 * 9  3  6  5  2 
10 2 4 0.042422 * 10   3   6   5   2 
11 2 2 0.073305 * 11   8   2 
1 3 3 0.018494 * 1  4  6  3 
1 3 3 0.018494 * 1  5  6  3 
2 3 3 0.246966 * 2  5  6  3 
4 3 2 0.032237 * 4  6  3 
5 3 2 0.045327 * 5  6  3 
6 3 1 0.076753 * 6  3 
7 3 2 0.117157 * 7  9  3 
8 3 4 0.039439 * 8  2  5  6  3 
9 3 1 0.085572 * 9  3 
10 3 1 0.095890 * 10   3 
11 3 4 0.040323 * 11   1   4   6   3 
11 3 4 0.040323 * 11   1   5   6   3 
1 4 1 0.028587 * 1  4 
2 4 3 0.071625 * 2  5  1  4 
2 4 3 0.071625 * 2  5  6  4 
3 4 2 0.017121 * 3  6  4 
5 4 2 0.020316 * 5  1  4 
5 4 2 0.020316 * 5  6  4 
6 4 1 0.019579 * 6  4 
7 4 1 0.364274 * 7  4 
8 4 3 0.032133 * 8  11   1   4 
9 4 2 0.016791 * 9  7  4 
10 4 3 0.015625 * 10   3   6   4 
10 4 3 0.015625 * 10   9   7   4 
11 4 2 0.029215 * 11   1   4 
1 5 1 0.063645 * 1  5 
2 5 1 0.550211 * 2  5 
3 5 2 0.067586 * 3  6  5 
4 5 2 0.019748 * 4  1  5 
4 5 2 0.019748 * 4  6  5 
6 5 1 0.068131 * 6  5 
7 5 3 0.046739 * 7  4  1  5 
7 5 3 0.046739 * 7  4  6  5 
8 5 2 0.117383 * 8  2  5 
9 5 3 0.037077 * 9  3  6  5 
10 5 3 0.060643 * 10   3   6   5 
11 5 2 0.181105 * 11   1   5 
1 6 2 0.010424 * 1  4  6 
1 6 2 0.010424 * 1  5  6 
2 6 2 0.202484 * 2  5  6 
3 6 1 0.045093 * 3  6 
4 6 1 0.019870 * 4  6 
5 6 1 0.064657 * 5  6 
7 6 2 0.051984 * 7  4  6 
8 6 3 0.063097 * 8  2  5  6 
9 6 2 0.005231 * 9  3  6 
10 6 2 0.027316 * 10   3   6 
11 6 3 0.031413 * 11   1   4   6 
11 6 3 0.031413 * 11   1   5   6 
1 7 2 0.082311 * 1  4  7 
2 7 4 0.345244 * 2  5  1  4  7 
2 7 4 0.345244 * 2  5  6  4  7 
3 7 2 0.048944 * 3  9  7 
4 7 1 0.085385 * 4  7 
5 7 3 0.126354 * 5  1  4  7 
5 7 3 0.126354 * 5  6  4  7 
6 7 2 0.073123 * 6  4  7 
8 7 4 0.316813 * 8  11   1   4   7 
9 7 1 0.032818 * 9  7 
10 7 2 0.171405 * 10   9   7 
11 7 3 0.327933 * 11   1   4   7 
1 8 2 0.174263 * 1  11   8 
2 8 1 0.371325 * 2  8 
3 8 4 0.127413 * 3  6  5  2  8 
4 8 3 0.197577 * 4   1  11   8 
5 8 2 0.277996 * 5  2  8 
6 8 3 0.137859 * 6  5  2  8 
7 8 4 0.416524 * 7   4   1  11   8 
9 8 5 0.025108 * 9  3  6  5  2  8 
9 8 5 0.025108 * 9   7   4   1  11   8 
10 8 5 0.152408 * 10   3   6   5   2   8 
11 8 1 0.367855 * 11   8 
1 9 3 0.004456 * 1  4  7  9 
2 9 4 0.035424 * 2  5  6  3  9 
3 9 1 0.057482 * 3  9 
4 9 2 0.007578 * 4  7  9 
5 9 3 0.018590 * 5  6  3  9 
6 9 2 0.003268 * 6  3  9 
7 9 1 0.060600 * 7  9 
8 9 5 0.008659 * 8  2  5  6  3  9 
8 9 5 0.008659 * 8  11   1   4   7   9 
10 9 1 0.022803 * 10   9 
11 9 4 0.016044 * 11   1   4   7   9 
1 10 4 0.019643 * 1   4   6   3  10 
1 10 4 0.019643 * 1   4   7   9  10 
1 10 4 0.032670 * 1   5   6   3  10 
2 10 4 0.350149 * 2   5   6   3  10 
3 10 1 0.032146 * 3  10 
4 10 3 0.006263 * 4   6   3  10 
4 10 3 0.006263 * 4   7   9  10 
5 10 3 0.034466 * 5   6   3  10 
6 10 2 0.020723 * 6   3  10 
7 10 2 0.122905 * 7   9  10 
8 10 5 0.094477 * 8   2   5   6   3  10 
9 10 1 0.024624 * 9  10 
11 10 5 0.015255 * 11   1   4   6   3  10 
11 10 5 0.015255 * 11   1   4   7   9  10 
11 10 5 0.021223 * 11   1   5   6   3  10 
1 11 1 0.588443 * 1  11 
2 11 2 0.409277 * 2   8  11 
3 11 4 0.111991 * 3   6   4   1  11 
3 11 4 0.111991 * 3   6   5   1  11 
4 11 2 0.137376 * 4   1  11 
5 11 2 0.234776 * 5   1  11 
6 11 3 0.043632 * 6   4   1  11 
6 11 3 0.043632 * 6   5   1  11 
7 11 3 0.375679 * 7   4   1  11 
8 11 1 0.787068 * 8  11 
9 11 4 0.026884 * 9   7   4   1  11 
10 11 5 0.063409 * 10   3   6   4   1  11 
10 11 5 0.063409 * 10   3   6   5   1  11 
10 11 5 0.063409 * 10   9   7   4   1  11 
