2  5  1  0 
0.086081
2   8  11   1 
0.011143
3  6  4  1 
0.019088
3  6  5  1 
0.013321
4  1 
0.042069
5  1 
0.096304
6  4  1 
0.014399
6  5  1 
0.010048
7  4  1 
0.108151
8  11   1 
0.075353
9  3  6  4  1 
0.007767
9  3  6  5  1 
0.007767
9  7  4  1  0 
0.005044
10   3   6   4   1   0 
0.013152
10   3   6   5   1   0 
0.013152
10   9   3   6   4   1 
0.007956
10   9   3   6   5   1 
0.007956
10   9   7   4   1   0 
0.006633
11   1 
0.396694
1  5  2  0 
0.047909
1  11   8   2 
0.047909
3  6  5  2 
0.089423
4  1  5  2  0 
0.014389
4   1  11   8   2 
0.014389
4  6  5  2  0 
0.005103
5  2 
0.149551
6  5  2 
0.057386
7  4  1  5  2  0 
0.048432
7   4   1  11   8   2 
0.048432
7  4  6  5  2  0 
0.017178
7  9  3  6  5  2 
0.007640
8  2 
0.033919
9  3  6  5  2 
0.013076
10   3   6   5   2   0 
0.031038
10   9   3   6   5   2 
0.011384
11   8   2 
0.073305
1  4  6  3  0 
0.011568
1  4  7  9  3 
0.006976
1  5  6  3  0 
0.018444
2  5  6  3 
0.246966
4  6  3  0 
0.020312
4  7  9  3 
0.011925
5  6  3 
0.045327
6  3 
0.076753
7  9  3 
0.117157
8  2  5  6  3  0  0 
0.013828
8  11   1   4   6   3   0 
0.008537
8  11   1   4   7   9   3 
0.008537
8  11   1   5   6   3   0 
0.008537
9  3 
0.085572
10   9   3 
0.025732
10   3   0 
0.070158
11   1   4   6   3   0 
0.025222
11   1   4   7   9   3 
0.015211
11   1   5   6   3   0 
0.040214
1  4 
0.028587
2  5  1  4  0 
0.040151
2  5  6  4  0 
0.099082
2   8  11   1   4 
0.004016
3  6  4  0 
0.015471
3  9  7  4 
0.001650
5  1  4 
0.011717
5  6  4 
0.028915
6  4 
0.019579
7  4 
0.364274
8  11   1   4 
0.032133
9  7  4 
0.016791
10   3   6   4   0 
0.020373
10   3   9   7   4 
0.003432
10   9   7   4   0 
0.007444
11   1   4 
0.029215
1  5 
0.063645
2  5 
0.550211
3  6  5 
0.067586
4  1  5 
0.023502
4  6  5 
0.015994
6  5 
0.068131
7  4  1  5  0 
0.048113
7  4  6  5  0 
0.032743
7  9  3  6  5 
0.012622
8  2  5  0 
0.085096
8  11   1   5 
0.032286
9  3  6  5 
0.037077
10   3   6   5   0 
0.044370
10   9   3   6   5 
0.016273
11   1   5 
0.181105
1  4  6 
0.005905
1  5  6 
0.014943
2  5  6 
0.202484
3  6 
0.045093
4  6 
0.019870
5  6 
0.064657
7  4  6  0 
0.032754
7  9  3  6 
0.019230
8  2  5  6  0 
0.030649
8  11   1   4   6 
0.016224
8  11   1   5   6 
0.016224
9  3  6 
0.005231
10   3   6   0 
0.019986
10   9   3   6 
0.007330
11   1   4   6 
0.017795
11   1   5   6 
0.045031
1  4  7 
0.082311
2  5  1  4  7  0 
0.168748
2  5  6  3  9  7 
0.049237
2  5  6  4  7  0 
0.456658
2   8  11   1   4   7 
0.015845
3  9  7 
0.048944
4  7 
0.085385
5  1  4  7  0 
0.062820
5  6  3  9  7 
0.018330
5  6  4  7  0 
0.171558
6  3  9  7 
0.007047
6  4  7  0 
0.066076
8  11   1   4   7 
0.316813
9  7 
0.032818
10   3   9   7 
0.035775
10   9   7   0 
0.135630
11   1   4   7 
0.327933
1  5  2  8 
0.033514
1  11   8   0 
0.140749
2  8 
0.371325
3  6  5  2  8 
0.127413
4  1  5  2  8 
0.034893
4   1  11   8   0 
0.143856
4  6  5  2  8 
0.018828
5  2  8 
0.277996
6  5  2  8 
0.137859
7  4  1  5  2  8 
0.083626
7   4   1  11   8   0 
0.287775
7  4  6  5  2  8 
0.045123
9  3  6  5  2  8  0 
0.002790
9  7  4  1  5  2  8 
0.018085
9   7   4   1  11   8   0 
0.018085
9  7  4  6  5  2  8 
0.011256
10   3   6   5   2   8   0   0 
0.016628
10   9   3   6   5   2   8   0 
0.008840
10   9   7   4   1   5   2   8 
0.045636
10   9   7   4   1  11   8   0 
0.045636
10   9   7   4   6   5   2   8 
0.035668
11   8 
0.367855
1  4  6  3  9 
0.000630
1  4  7  9  0 
0.003826
2  5  1  4  6  3  9 
0.004957
2  5  1  4  7  9  0 
0.020137
2  5  6  3  9  0  0 
0.010330
3  9 
0.057482
4  6  3  9 
0.001072
4  7  9  0 
0.006506
5  1  4  6  3  9 
0.002601
5  1  4  7  9  0 
0.010568
5  6  3  9  0  0 
0.005421
6  3  9 
0.003268
7  9 
0.060600
8  2  5  1  4  6  3  9 
0.004134
8  2  5  1  4  7  9  0 
0.004850
8  2  5  6  3  9  0  0 
0.004850
8  11   1   4   6   3   9   0 
0.001743
8  11   1   4   7   9   0   0 
0.001743
10   3   9 
0.004759
10   9   0 
0.018044
11   1   4   6   3   9 
0.005535
11   1   4   7   9   0 
0.010509
1   4   6   3   9  10 
0.009565
1   4   6   3  10   0 
0.009565
1   4   7   9  10   0 
0.011315
1   5   6   3   9  10 
0.020756
1   5   6   3  10   0 
0.020756
2   5   6   3   9  10 
0.080449
2   5   6   3  10   0 
0.269699
3   9  10 
0.006266
3  10   0 
0.025880
4   6   3   9  10 
0.003935
4   6   3  10   0 
0.003935
4   7   9  10   0 
0.004655
5   6   3   9  10 
0.006718
5   6   3  10   0 
0.027748
6   3   9  10 
0.004040
6   3  10   0 
0.016684
7   9  10 
0.122905
8   2   5   6   3   9  10   0 
0.017074
8   2   5   6   3  10   0   0 
0.017074
8  11   1   4   6   3   9  10 
0.012066
8  11   1   4   6   3  10   0 
0.012066
8  11   1   4   7   9  10   0 
0.012066
8  11   1   5   6   3   9  10 
0.012066
8  11   1   5   6   3  10   0 
0.012066
9  10 
0.024624
11   1   4   6   3   9  10 
0.006877
11   1   4   6   3  10   0 
0.006877
11   1   4   7   9  10   0 
0.008135
11   1   5   6   3   9  10 
0.014923
11   1   5   6   3  10   0 
0.014923
1  11 
0.588443
2   8  11 
0.409277
3   6   4   1  11   0 
0.113321
3   6   5   1  11   0 
0.089320
3   6   5   2   8  11 
0.021341
4   1  11 
0.137376
5   1  11   0 
0.207867
5   2   8  11 
0.026909
6   4   1  11   0 
0.044150
6   5   1  11   0 
0.034799
6   5   2   8  11 
0.008314
7   4   1  11 
0.375679
8  11 
0.787068
9   3   6   4   1  11   0 
0.007742
9   3   6   5   1  11   0 
0.007742
9   3   6   5   2   8  11 
0.006626
9   7   4   1  11   0   0 
0.004773
10   3   6   4   1  11   0   0 
0.045398
10   3   6   5   1  11   0   0 
0.045398
10   3   6   5   2   8  11   0 
0.019661
10   9   3   6   4   1  11   0 
0.022973
10   9   3   6   5   1  11   0 
0.022973
10   9   3   6   5   2   8  11 
0.019661
10   9   7   4   1  11   0   0 
0.014164
