2  5  1  0 
0.071379
2   8  11   1 
0.008372
3  6  4  1 
0.010203
3  6  5  1 
0.007149
4  1 
0.059116
5  1 
0.093538
6  4  1 
0.012698
6  5  1 
0.008897
7  4  1 
0.097769
8  11   1 
0.071561
9  3  6  4  1 
0.006361
9  3  6  5  1 
0.006361
9  7  4  1  0 
0.003838
10   3   6   4   1   0 
0.016502
10   3   6   5   1   0 
0.016502
10   9   3   6   4   1 
0.010128
10   9   3   6   5   1 
0.010128
10   9   7   4   1   0 
0.006584
11   1 
0.423102
1  5  2  0 
0.034302
1  11   8   2 
0.034302
3  6  5  2 
0.086617
4  1  5  2  0 
0.014312
4   1  11   8   2 
0.014312
4  6  5  2  0 
0.005320
5  2 
0.149765
6  5  2 
0.049617
7  4  1  5  2  0 
0.035630
7   4   1  11   8   2 
0.035630
7  4  6  5  2  0 
0.013245
7  9  3  6  5  2 
0.006328
8  2 
0.034364
9  3  6  5  2 
0.012306
10   3   6   5   2   0 
0.031569
10   9   3   6   5   2 
0.012085
11   8   2 
0.057194
1  4  6  3  0 
0.010635
1  4  7  9  3 
0.007310
1  5  6  3  0 
0.018510
2  5  6  3 
0.244359
4  6  3  0 
0.015031
4  7  9  3 
0.010332
5  6  3 
0.040532
6  3 
0.084367
7  9  3 
0.051504
8  2  5  6  3  0  0 
0.024118
8  11   1   4   6   3   0 
0.012745
8  11   1   4   7   9   3 
0.012745
8  11   1   5   6   3   0 
0.012745
9  3 
0.077624
10   9   3 
0.023767
10   3   0 
0.062086
11   1   4   6   3   0 
0.022726
11   1   4   7   9   3 
0.015621
11   1   5   6   3   0 
0.039554
1  4 
0.024815
2  5  1  4  0 
0.037458
2  5  6  4  0 
0.092779
2   8  11   1   4 
0.003308
3  6  4  0 
0.015226
3  9  7  4 
0.001600
5  1  4 
0.012201
5  6  4 
0.030220
6  4 
0.013624
7  4 
0.377815
8  11   1   4 
0.045297
9  7  4 
0.010180
10   3   6   4   0 
0.017723
10   3   9   7   4 
0.003102
10   9   7   4   0 
0.006299
11   1   4 
0.025143
1  5 
0.081439
2  5 
0.570290
3  6  5 
0.063095
4  1  5 
0.023485
4  6  5 
0.015937
6  5 
0.055273
7  4  1  5  0 
0.051581
7  4  6  5  0 
0.035003
7  9  3  6  5 
0.016143
8  2  5  0 
0.097757
8  11   1   5 
0.031126
9  3  6  5 
0.041498
10   3   6   5   0 
0.050855
10   9   3   6   5 
0.019467
11   1   5 
0.209191
1  4  6 
0.006975
1  5  6 
0.017839
2  5  6 
0.195585
3  6 
0.028932
4  6 
0.019265
5  6 
0.095836
7  4  6  0 
0.019472
7  9  3  6 
0.013384
8  2  5  6  0 
0.032440
8  11   1   4   6 
0.014368
8  11   1   5   6 
0.014368
9  3  6 
0.004658
10   3   6   0 
0.020408
10   9   3   6 
0.007812
11   1   4   6 
0.014589
11   1   5   6 
0.037310
1  4  7 
0.080024
2  5  1  4  7  0 
0.202657
2  5  6  3  9  7 
0.057469
2  5  6  4  7  0 
0.546905
2   8  11   1   4   7 
0.018809
3  9  7 
0.041945
4  7 
0.085233
5  1  4  7  0 
0.053039
5  6  3  9  7 
0.015041
5  6  4  7  0 
0.143134
6  3  9  7 
0.006311
6  4  7  0 
0.060061
8  11   1   4   7 
0.323916
9  7 
0.050848
10   3   9   7 
0.034654
10   9   7   0 
0.129525
11   1   4   7 
0.323900
1  5  2  8 
0.036317
1  11   8   0 
0.140692
2  8 
0.391219
3  6  5  2  8 
0.107777
4  1  5  2  8 
0.033259
4   1  11   8   0 
0.125710
4  6  5  2  8 
0.017502
5  2  8 
0.253790
6  5  2  8 
0.112590
7  4  1  5  2  8 
0.082015
7   4   1  11   8   0 
0.263664
7  4  6  5  2  8 
0.043159
9  3  6  5  2  8  0 
0.003166
9  7  4  1  5  2  8 
0.018038
9   7   4   1  11   8   0 
0.018038
9  7  4  6  5  2  8 
0.011707
10   3   6   5   2   8   0   0 
0.016278
10   9   3   6   5   2   8   0 
0.009307
10   9   7   4   1   5   2   8 
0.041731
10   9   7   4   1  11   8   0 
0.041731
10   9   7   4   6   5   2   8 
0.034416
11   8 
0.328831
1  4  6  3  9 
0.000428
1  4  7  9  0 
0.002873
2  5  1  4  6  3  9 
0.004497
2  5  1  4  7  9  0 
0.022216
2  5  6  3  9  0  0 
0.010515
3  9 
0.067627
4  6  3  9 
0.000740
4  7  9  0 
0.004965
5  1  4  6  3  9 
0.002060
5  1  4  7  9  0 
0.010174
5  6  3  9  0  0 
0.004815
6  3  9 
0.004207
7  9 
0.037295
8  2  5  1  4  6  3  9 
0.003522
8  2  5  1  4  7  9  0 
0.004617
8  2  5  6  3  9  0  0 
0.004617
8  11   1   4   6   3   9   0 
0.001424
8  11   1   4   7   9   0   0 
0.001424
10   3   9 
0.003958
10   9   0 
0.014795
11   1   4   6   3   9 
0.004504
11   1   4   7   9   0 
0.008024
1   4   6   3   9  10 
0.007624
1   4   6   3  10   0 
0.007624
1   4   7   9  10   0 
0.009212
1   5   6   3   9  10 
0.017284
1   5   6   3  10   0 
0.017284
2   5   6   3   9  10 
0.080598
2   5   6   3  10   0 
0.315655
3   9  10 
0.005494
3  10   0 
0.025020
4   6   3   9  10 
0.002813
4   6   3  10   0 
0.002813
4   7   9  10   0 
0.003399
5   6   3   9  10 
0.005183
5   6   3  10   0 
0.023606
6   3   9  10 
0.003589
6   3  10   0 
0.016345
7   9  10 
0.129878
8   2   5   6   3   9  10   0 
0.024993
8   2   5   6   3  10   0   0 
0.024993
8  11   1   4   6   3   9  10 
0.012099
8  11   1   4   6   3  10   0 
0.012099
8  11   1   4   7   9  10   0 
0.014619
8  11   1   5   6   3   9  10 
0.014829
8  11   1   5   6   3  10   0 
0.014829
9  10 
0.017239
11   1   4   6   3   9  10 
0.006317
11   1   4   6   3  10   0 
0.006317
11   1   4   7   9  10   0 
0.007633
11   1   5   6   3   9  10 
0.014322
11   1   5   6   3  10   0 
0.014322
1  11 
0.598427
2   8  11 
0.407717
3   6   4   1  11   0 
0.099021
3   6   5   1  11   0 
0.077522
3   6   5   2   8  11 
0.017928
4   1  11 
0.091303
5   1  11   0 
0.216366
5   2   8  11 
0.025378
6   4   1  11   0 
0.045270
6   5   1  11   0 
0.035442
6   5   2   8  11 
0.008196
7   4   1  11 
0.344030
8  11 
0.743320
9   3   6   4   1  11   0 
0.006839
9   3   6   5   1  11   0 
0.006839
9   3   6   5   2   8  11 
0.005405
9   7   4   1  11   0   0 
0.003936
10   3   6   4   1  11   0   0 
0.044960
10   3   6   5   1  11   0   0 
0.044960
10   3   6   5   2   8  11   0 
0.018097
10   9   3   6   4   1  11   0 
0.022900
10   9   3   6   5   1  11   0 
0.022900
10   9   3   6   5   2   8  11 
0.018097
10   9   7   4   1  11   0   0 
0.013178
