2 1 0.249326 0.062985 * 2  5  1  0 
2 1 0.349756 0.008072 * 2   8  11   1 
3 1 0.351945 0.008249 * 3  6  4  1 
3 1 0.327659 0.006642 * 3  6  5  1 
4 1 0.125376 0.010557 * 4  1 
5 1 0.108032 0.086230 * 5  1 
6 1 0.242055 0.007825 * 6  4  1 
6 1 0.217769 0.006301 * 6  5  1 
7 1 0.247326 0.104295 * 7  4  1 
8 1 0.235621 0.085613 * 8  11   1 
9 1 0.453497 0.009205 * 9  3  6  4  1 
9 1 0.429211 0.009205 * 9  3  6  5  1 
9 1 0.349791 0.007915 * 9  7  4  1  0 
10 1 0.457296 0.011622 * 10   3   6   4   1   0 
10 1 0.433010 0.011622 * 10   3   6   5   1   0 
10 1 0.555042 0.007219 * 10   9   3   6   4   1 
10 1 0.530756 0.007219 * 10   9   3   6   5   1 
10 1 0.451336 0.007219 * 10   9   7   4   1   0 
11 1 0.119651 0.650320 * 11   1 
1 2 0.232502 0.032472 * 1  5  2  0 
1 2 0.348092 0.032472 * 1  11   8   2 
3 2 0.338449 0.070219 * 3  6  5  2 
4 2 0.357877 0.055754 * 4  1  5  2  0 
4 2 0.473468 0.055754 * 4   1  11   8   2 
4 2 0.330344 0.027483 * 4  6  5  2  0 
5 2 0.118821 0.091324 * 5  2 
6 2 0.228559 0.037761 * 6  5  2 
7 2 0.479827 0.191359 * 7  4  1  5  2  0 
7 2 0.595417 0.191359 * 7   4   1  11   8   2 
7 2 0.452294 0.094327 * 7  4  6  5  2  0 
7 2 0.542038 0.043100 * 7  9  3  6  5  2 
8 2 0.104504 0.023793 * 8  2 
9 2 0.440001 0.011623 * 9  3  6  5  2 
10 2 0.443800 0.030815 * 10   3   6   5   2   0 
10 2 0.541546 0.010291 * 10   9   3   6   5   2 
11 2 0.215346 0.050062 * 11   8   2 
1 3 0.328794 0.009262 * 1  4  6  3  0 
1 3 0.436987 0.006317 * 1  4  7  9  3 
1 3 0.361033 0.020364 * 1  5  6  3  0 
2 3 0.388647 0.256414 * 2  5  6  3 
4 3 0.216843 0.016181 * 4  6  3  0 
4 3 0.325035 0.009626 * 4  7  9  3 
5 3 0.247352 0.036468 * 5  6  3 
6 3 0.115058 0.021722 * 6  3 
7 3 0.203589 0.024968 * 7  9  3 
8 3 0.493151 0.021490 * 8  2  5  6  3  0  0 
8 3 0.564415 0.011337 * 8  11   1   4   6   3   0 
8 3 0.672608 0.011337 * 8  11   1   4   7   9   3 
8 3 0.596653 0.011337 * 8  11   1   5   6   3   0 
9 3 0.101552 0.047879 * 9  3 
10 3 0.203097 0.013800 * 10   9   3 
10 3 0.105351 0.041320 * 10   3   0 
11 3 0.448445 0.011944 * 11   1   4   6   3   0 
11 3 0.556638 0.008147 * 11   1   4   7   9   3 
11 3 0.480683 0.024422 * 11   1   5   6   3   0 
1 4 0.111952 0.026986 * 1  4 
2 4 0.361278 0.044897 * 2  5  1  4  0 
2 4 0.390268 0.109757 * 2  5  6  4  0 
2 4 0.461708 0.004297 * 2   8  11   1   4 
3 4 0.226569 0.008643 * 3  6  4  0 
3 4 0.325862 0.001057 * 3  9  7  4 
5 4 0.219983 0.015083 * 5  1  4 
5 4 0.248974 0.036873 * 5  6  4 
6 4 0.116680 0.008164 * 6  4 
7 4 0.121950 0.391604 * 7  4 
8 4 0.347572 0.031927 * 8  11   1   4 
9 4 0.224415 0.005878 * 9  7  4 
10 4 0.331920 0.007281 * 10   3   6   4   0 
10 4 0.431214 0.001705 * 10   3   9   7   4 
10 4 0.325960 0.003363 * 10   9   7   4   0 
11 4 0.231602 0.018510 * 11   1   4 
1 5 0.113680 0.065339 * 1  5 
2 5 0.141294 0.606297 * 2  5 
3 5 0.219627 0.034567 * 3  6  5 
4 5 0.239056 0.017808 * 4  1  5 
4 5 0.211522 0.009997 * 4  6  5 
6 5 0.109738 0.060803 * 6  5 
7 5 0.361006 0.043438 * 7  4  1  5  0 
7 5 0.333472 0.024384 * 7  4  6  5  0 
7 5 0.423216 0.010123 * 7  9  3  6  5 
8 5 0.245798 0.092834 * 8  2  5  0 
8 5 0.349301 0.033665 * 8  11   1   5 
9 5 0.321179 0.036551 * 9  3  6  5 
10 5 0.324978 0.029956 * 10   3   6   5   0 
10 5 0.422724 0.010005 * 10   9   3   6   5 
11 5 0.233331 0.132384 * 11   1   5 
1 6 0.213736 0.009269 * 1  4  6 
1 6 0.245975 0.032505 * 1  5  6 
2 6 0.273589 0.206397 * 2  5  6 
3 6 0.109889 0.018137 * 3  6 
4 6 0.101785 0.025684 * 4  6 
5 6 0.132294 0.059473 * 5  6 
7 6 0.223734 0.016835 * 7  4  6  0 
7 6 0.313479 0.010016 * 7  9  3  6 
8 6 0.378093 0.022007 * 8  2  5  6  0 
8 6 0.449357 0.010257 * 8  11   1   4   6 
8 6 0.481595 0.010257 * 8  11   1   5   6 
9 6 0.211442 0.002955 * 9  3  6 
10 6 0.215241 0.019187 * 10   3   6   0 
10 6 0.312987 0.006408 * 10   9   3   6 
11 6 0.333387 0.018594 * 11   1   4   6 
11 6 0.365625 0.057064 * 11   1   5   6 
1 7 0.233398 0.100603 * 1  4  7 
2 7 0.482724 0.192041 * 2  5  1  4  7  0 
2 7 0.592559 0.060497 * 2  5  6  3  9  7 
2 7 0.511715 0.494573 * 2  5  6  4  7  0 
2 7 0.583154 0.019846 * 2   8  11   1   4   7 
3 7 0.203912 0.019668 * 3  9  7 
4 7 0.121446 0.070257 * 4  7 
5 7 0.341430 0.045781 * 5  1  4  7  0 
5 7 0.451265 0.014422 * 5  6  3  9  7 
5 7 0.370420 0.117902 * 5  6  4  7  0 
6 7 0.318970 0.003928 * 6  3  9  7 
6 7 0.238126 0.032112 * 6  4  7  0 
8 7 0.469018 0.272153 * 8  11   1   4   7 
9 7 0.102466 0.027640 * 9  7 
10 7 0.309264 0.026638 * 10   3   9   7 
10 7 0.204010 0.112890 * 10   9   7   0 
11 7 0.353048 0.280598 * 11   1   4   7 
1 8 0.346637 0.044379 * 1  5  2  8 
1 8 0.243588 0.155944 * 1  11   8   0 
2 8 0.114136 0.314292 * 2  8 
3 8 0.452584 0.077392 * 3  6  5  2  8 
4 8 0.472013 0.040486 * 4  1  5  2  8 
4 8 0.368964 0.130332 * 4   1  11   8   0 
4 8 0.444479 0.016208 * 4  6  5  2  8 
5 8 0.232957 0.283613 * 5  2  8 
6 8 0.342695 0.095742 * 6  5  2  8 
7 8 0.593963 0.069853 * 7  4  1  5  2  8 
7 8 0.490914 0.168393 * 7   4   1  11   8   0 
7 8 0.566429 0.027965 * 7  4  6  5  2  8 
9 8 0.554136 0.001353 * 9  3  6  5  2  8  0 
9 8 0.696428 0.010657 * 9  7  4  1  5  2  8 
9 8 0.593379 0.010657 * 9   7   4   1  11   8   0 
9 8 0.668895 0.006182 * 9  7  4  6  5  2  8 
10 8 0.557935 0.013045 * 10   3   6   5   2   8   0   0 
10 8 0.655681 0.005731 * 10   9   3   6   5   2   8   0 
10 8 0.797973 0.038678 * 10   9   7   4   1   5   2   8 
10 8 0.694924 0.038678 * 10   9   7   4   1  11   8   0 
10 8 0.770440 0.026191 * 10   9   7   4   6   5   2   8 
11 8 0.110843 0.274513 * 11   8 
1 9 0.430241 0.000496 * 1  4  6  3  9 
1 9 0.335435 0.003743 * 1  4  7  9  0 
2 9 0.679567 0.004492 * 2  5  1  4  6  3  9 
2 9 0.584761 0.028382 * 2  5  1  4  7  9  0 
2 9 0.490094 0.014457 * 2  5  6  3  9  0  0 
3 9 0.101447 0.032392 * 3  9 
4 9 0.318290 0.000500 * 4  6  3  9 
4 9 0.223483 0.003777 * 4  7  9  0 
5 9 0.538273 0.001961 * 5  1  4  6  3  9 
5 9 0.443467 0.012392 * 5  1  4  7  9  0 
5 9 0.348799 0.006312 * 5  6  3  9  0  0 
6 9 0.216505 0.001954 * 6  3  9 
7 9 0.102037 0.038635 * 7  9 
8 9 0.784071 0.003653 * 8  2  5  1  4  6  3  9 
8 9 0.689265 0.006725 * 8  2  5  1  4  7  9  0 
8 9 0.594597 0.006725 * 8  2  5  6  3  9  0  0 
8 9 0.665862 0.002007 * 8  11   1   4   6   3   9   0 
8 9 0.571055 0.002007 * 8  11   1   4   7   9   0   0 
10 9 0.206798 0.002319 * 10   3   9 
10 9 0.101545 0.009828 * 10   9   0 
11 9 0.549892 0.002797 * 11   1   4   6   3   9 
11 9 0.455085 0.003544 * 11   1   4   7   9   0 
1 10 0.531573 0.009050 * 1   4   6   3   9  10 
1 10 0.437149 0.009050 * 1   4   6   3  10   0 
1 10 0.436766 0.013043 * 1   4   7   9  10   0 
1 10 0.563811 0.027276 * 1   5   6   3   9  10 
1 10 0.469387 0.027276 * 1   5   6   3  10   0 
2 10 0.591425 0.097576 * 2   5   6   3   9  10 
2 10 0.497001 0.359905 * 2   5   6   3  10   0 
3 10 0.202778 0.003255 * 3   9  10 
3 10 0.108355 0.013794 * 3  10   0 
4 10 0.419621 0.003278 * 4   6   3   9  10 
4 10 0.325197 0.003278 * 4   6   3  10   0 
4 10 0.324815 0.004724 * 4   7   9  10   0 
5 10 0.450131 0.010830 * 5   6   3   9  10 
5 10 0.355707 0.045896 * 5   6   3  10   0 
6 10 0.317836 0.003016 * 6   3   9  10 
6 10 0.223413 0.012782 * 6   3  10   0 
7 10 0.203368 0.103691 * 7   9  10 
8 10 0.695929 0.023632 * 8   2   5   6   3   9  10   0 
8 10 0.601505 0.023632 * 8   2   5   6   3  10   0   0 
8 10 0.767193 0.011101 * 8  11   1   4   6   3   9  10 
8 10 0.672769 0.011101 * 8  11   1   4   6   3  10   0 
8 10 0.672387 0.014536 * 8  11   1   4   7   9  10   0 
8 10 0.799431 0.014536 * 8  11   1   5   6   3   9  10 
8 10 0.705008 0.014536 * 8  11   1   5   6   3  10   0 
9 10 0.101332 0.013002 * 9  10 
11 10 0.651223 0.004658 * 11   1   4   6   3   9  10 
11 10 0.556799 0.004658 * 11   1   4   6   3  10   0 
11 10 0.556417 0.006713 * 11   1   4   7   9  10   0 
11 10 0.683462 0.011676 * 11   1   5   6   3   9  10 
11 10 0.589038 0.011676 * 11   1   5   6   3  10   0 
1 11 0.132745 0.651960 * 1  11 
2 11 0.230105 0.316284 * 2   8  11 
3 11 0.484690 0.065315 * 3   6   4   1  11   0 
3 11 0.460404 0.059335 * 3   6   5   1  11   0 
3 11 0.568554 0.018314 * 3   6   5   2   8  11 
4 11 0.258121 0.136788 * 4   1  11 
5 11 0.240777 0.251169 * 5   1  11   0 
5 11 0.348927 0.032190 * 5   2   8  11 
6 11 0.374801 0.024157 * 6   4   1  11   0 
6 11 0.350515 0.021946 * 6   5   1  11   0 
6 11 0.458665 0.006773 * 6   5   2   8  11 
7 11 0.380071 0.356576 * 7   4   1  11 
8 11 0.115970 0.666732 * 8  11 
9 11 0.586243 0.005489 * 9   3   6   4   1  11   0 
9 11 0.561957 0.005489 * 9   3   6   5   1  11   0 
9 11 0.670106 0.005489 * 9   3   6   5   2   8  11 
9 11 0.482537 0.004464 * 9   7   4   1  11   0   0 
10 11 0.590042 0.040093 * 10   3   6   4   1  11   0   0 
10 11 0.565756 0.040093 * 10   3   6   5   1  11   0   0 
10 11 0.673905 0.019554 * 10   3   6   5   2   8  11   0 
10 11 0.687787 0.017821 * 10   9   3   6   4   1  11   0 
10 11 0.663502 0.017821 * 10   9   3   6   5   1  11   0 
10 11 0.771651 0.017821 * 10   9   3   6   5   2   8  11 
10 11 0.584082 0.014494 * 10   9   7   4   1  11   0   0 
