217 54 27 17 12
217 54 27 17 12
215 54 28 17 11
217 54 28 16 12
217 54 28 16 12
220 52 29 17 12
231 53 25 17 15
231 53 25 17 15
231 53 25 17 15
231 53 25 17 15
217 54 28 16 12
217 54 28 16 12
220 52 29 17 12
217 54 28 16 12
217 54 28 16 12
217 54 28 16 12
217 54 28 16 12
217 54 28 16 12
231 53 25 17 15
217 54 28 16 12
217 54 28 16 12
217 54 28 16 12
217 54 28 16 12
217 54 28 16 12
217 54 28 16 12
217 54 28 16 12
231 53 25 17 15
217 54 28 16 12
217 54 28 16 12
217 54 28 16 12
231 53 25 17 15
231 53 25 17 15
217 54 28 16 12
217 54 28 16 12
217 54 28 16 12
217 54 28 16 12
217 54 28 16 12
217 54 28 16 12
217 54 28 16 12
217 54 28 16 12
217 54 28 16 12
217 54 28 16 12
231 53 25 17 15
231 53 25 17 15
217 54 28 16 12
217 54 28 16 12
217 54 28 16 12
217 54 28 16 12
222 52 30 16 12
217 54 28 16 12
217 54 28 16 12
217 54 28 16 12
217 54 28 16 12
222 52 30 16 12
222 52 30 16 12
217 54 28 16 12
217 54 28 16 12
217 54 28 16 12
217 54 28 16 12
217 54 28 16 12
231 53 25 17 15
236 51 27 17 15
236 51 27 17 15
217 54 28 16 12
217 54 28 16 12
217 54 28 16 12
231 53 25 17 15
217 54 28 16 12
217 54 28 16 12
217 54 28 16 12
231 53 25 17 15
217 54 28 16 12
