0.6899928029060364	0.01032403736114502	4.715814590454102E-5	2.590264320373535E-4	6.80245304107666E-4	9.44347381591797E-6	0.07541737022399903	2.009105682373047E-6	5.8685302734375E-4	4.271697998046875E-4	4.283485412597656E-5	0.33045452537536624	0.0020621490478515627	1.3945684432983398E-4	0.0034592183113098143	0.7932816060066223	0.6209280310630798	0.01379297046661377	1.0163202285766601E-4	8.868751525878906E-5	0.562285868358612	0.0	6.017045974731445E-5	
0.008368275928497315	0.001869040584564209	1.57928466796875E-5	0.0028387451171875	5.881160736083984E-4	0.009095959091186524	0.0021909332275390626	6.006031036376953E-5	2.495490074157715E-4	0.0011598628997802735	8.882312774658203E-5	0.06661620244979859	0.015273386669158935	1.0897321701049805E-4	2.9500007629394533E-6	1.6559181213378907E-4	0.01935760498046875	0.034647394847869876	6.232452392578125E-4	2.4183483123779297E-4	9.124162673950195E-4	3.1851024627685545E-4	2.2040367126464845E-6	
0.010512924194335938	0.002060563850402832	2.2084550857543944E-4	6.45022964477539E-4	4.0892705917358396E-4	2.7092838287353515E-5	7.01268482208252E-4	6.586742401123047E-6	6.322309494018554E-4	4.503801345825195E-4	1.4959545135498047E-4	0.004936904907226563	0.0046180301666259764	1.0153026580810546E-4	2.6787757873535156E-6	0.007911003971099853	0.0234893798828125	3.899478912353515E-6	8.287811279296875E-4	2.462260246276855E-4	0.0013862101554870606	5.425453186035156E-7	2.6618003845214845E-6	
0.23848832874298095	0.11157958984375	1.4884099960327149E-4	8.467779159545898E-5	0.0012066142082214355	4.214820861816406E-5	5.654483795166016E-4	5.98415756225586E-4	0.015009494400024415	0.0	2.402411460876465E-4	0.04067083568572998	4.5013427734375E-6	0.0014782206535339354	0.003197029972076416	0.04423829822540283	0.05439679460525513	0.0048108842849731446	0.0020166439056396486	0.0	0.009044706535339356	3.0110645294189453E-5	1.5483436584472657E-4	
0.002386135482788086	1.1717901229858398E-4	0.0	1.75933837890625E-4	0.0	1.220703125E-6	8.330450057983399E-5	8.483037948608398E-5	0.045686230087280275	4.5840797424316404E-4	0.0	0.006461529159545899	0.00241546630859375	3.4332275390625E-5	4.352149963378906E-5	0.2230826060295105	0.03516760082244873	6.528215408325195E-5	4.069328308105469E-7	0.0	4.679393768310547E-6	7.510757446289063E-6	1.5767383575439454E-5	
8.942499160766602E-5	7.784356117248536E-4	1.1233863830566406E-4	6.781578063964843E-7	0.0	0.0	6.188392639160157E-7	0.0	3.223838806152344E-5	0.0	0.0	1.6459150314331055E-4	7.428483963012695E-5	0.0	0.0	4.6454429626464846E-6	0.01454034595489502	5.848884582519531E-7	1.6191482543945312E-6	0.0	1.322460174560547E-6	8.697509765625E-6	1.0850906372070312E-6	
0.012571394157409668	0.0011084917068481445	0.001395738410949707	6.825426101684571E-4	3.7358598709106444E-4	4.7473907470703127E-7	2.076892852783203E-5	2.1915855407714843E-4	2.4331836700439453E-4	0.0010129631996154784	4.309759140014648E-5	0.020235765266418456	0.025216276359558105	1.2987775802612305E-4	3.2128334045410156E-6	0.001741010856628418	0.006713951969146728	1.0054693222045899E-4	8.165995597839356E-4	3.176286697387695E-4	6.553141593933106E-4	0.001103490161895752	8.709373474121093E-5	
0.004025488948822022	0.0	0.0	0.001109805679321289	1.0225086212158203E-4	1.2376785278320313E-6	4.781055450439453E-6	0.0	0.053250842666625976	1.5171470642089843E-4	2.5295639038085937E-5	0.005439224243164062	5.371602058410644E-4	0.0	0.0	0.1862309350013733	0.027248145198822023	8.068254470825195E-4	1.1274337768554687E-6	0.0	4.2122745513916016E-5	0.0	0.0	
0.004293840217590332	7.437810897827149E-5	0.0	2.3075523376464845E-4	0.0015712738037109374	0.0	8.019351959228515E-6	0.04955619812011719	0.18437645807266234	3.2624139785766604E-4	5.702552795410156E-5	0.008960884952545167	0.006067818546295166	1.2715625762939453E-5	3.5968399047851564E-5	0.4144402736663818	0.056788423347473145	1.8717479705810546E-5	1.0223388671875E-5	0.0	1.8110485076904296E-4	0.0	4.8634843826293945E-4	
0.002021603012084961	0.005551071166992188	7.1292877197265625E-6	0.0	2.2786455154418946E-4	2.695751190185547E-6	0.0010081058502197265	4.5708560943603514E-5	0.001964408016204834	0.0	7.540388107299804E-5	0.006189219188690185	8.790779113769532E-6	0.002627894115447998	3.5264968872070312E-6	0.03983206005096435	0.05285256280899048	3.4352617263793946E-4	0.0019001346588134766	0.0026480357170104983	0.0018775092124938965	0.0	3.1491594314575196E-4	
0.002500890064239502	0.04380806818008423	8.974371910095215E-4	0.0011208598136901856	4.0523948669433593E-4	1.146106719970703E-5	4.144458770751953E-5	3.7114458084106444E-4	0.005135794734954834	0.0031427171707153322	0.001216447639465332	0.012302313899993896	0.0027858649253845215	7.525978088378906E-5	1.2647819519042969E-5	0.0072596401214599605	0.5530754428863526	3.889293670654297E-5	0.001338992691040039	3.9605035781860353E-4	2.9246864318847654E-4	1.2801275253295898E-4	1.9666671752929686E-6	
0.024415351009368896	0.014606942081451416	1.2617321014404297E-4	0.0063698917388916015	5.99526309967041E-4	0.008905800724029541	0.004749721908569336	2.0923194885253906E-4	0.0016681840896606444	5.847422599792481E-4	1.0782032012939453E-4	0.23265465631484986	0.0170782470703125	2.9407081604003904E-4	6.775751113891602E-5	0.0038061946868896486	0.03312717018127442	0.06990540399551391	0.005422982120513916	0.006798697566986084	0.0040028041839599605	0.003524458122253418	0.001246677017211914	
2.3121299743652344E-4	0.003699815559387207	5.441455841064453E-5	3.9757728576660155E-6	6.676313400268554E-4	1.07574462890625E-5	0.0017506069183349608	9.614902496337891E-4	2.8726367950439454E-4	1.3563156127929687E-6	4.6242618560791017E-5	0.004439366626739502	4.9429988861083984E-5	5.410938262939453E-5	4.497108459472656E-5	0.0011545817375183105	0.003800370979309082	0.008311420059204102	0.005113101577758789	0.0013391706466674804	3.21511173248291E-4	8.11004638671875E-4	3.554449081420898E-5	
1.69516658782959E-4	0.0023412662506103517	3.2411365509033203E-4	3.35693359375E-5	0.0	0.0	1.5895423889160157E-4	0.0	8.150739669799805E-5	3.1187248229980467E-5	1.2478256225585938E-5	6.254832267761231E-4	2.484130859375E-4	0.0	4.4078826904296875E-7	8.225165367126465E-4	0.016695158195495604	0.0	1.6699790954589845E-6	0.0	5.127461433410644E-4	0.0	0.0	
3.2403736114501954E-4	2.6346874237060546E-5	0.0	4.214820861816406E-5	6.578235626220703E-5	0.0	1.0003089904785156E-6	0.0	1.0318336486816406E-4	2.5431346893310546E-5	1.5919971466064454E-5	8.650884628295899E-5	8.162603378295898E-5	2.5990772247314453E-5	0.0	4.1775169372558593E-4	1.0912580490112304E-4	6.103515625E-7	1.4072418212890625E-6	0.0	0.0	0.0	0.0	
0.0076131439208984375	5.187310218811035E-4	0.005247378921508789	2.882978439331055E-4	0.12404695301055908	4.611587524414063E-6	6.58416748046875E-5	0.055494596672058104	0.11232162475585937	3.2290992736816405E-4	0.013271636962890625	0.10720597162246705	0.002288191032409668	0.02458965721130371	0.0	0.010098308944702148	0.007798885726928711	2.6753711700439453E-5	0.002518759822845459	0.0	0.0	0.0	3.624811172485351E-5	
0.008150863647460937	0.002827733325958252	0.004831331062316894	0.006190253353118897	0.0974417537689209	8.565263748168945E-5	0.013243001270294189	1.1708574295043946E-4	0.00819091796875	0.005476014900207519	0.009006627368927001	0.07514495000839233	0.016967400455474853	0.007380193042755127	6.726579666137695E-5	0.03881364612579346	0.017527330207824706	0.004191775894165039	9.197574615478516E-4	0.027310757064819335	0.013707817935943603	0.0	2.3007707595825195E-4	
0.0014924366950988769	0.009476886367797852	0.001904161262512207	5.3126049041748045E-5	9.4451904296875E-5	0.0	1.3539628982543945E-4	3.389997482299805E-5	3.8569135665893553E-4	2.2455883026123048E-5	2.627906799316406E-5	0.11298456830978394	4.6403675079345705E-4	0.0	1.1528968811035157E-6	3.2811479568481443E-4	0.005635910034179688	0.0	9.305315017700196E-5	1.0486183166503907E-4	0.0011120520591735839	1.0353937149047851E-4	0.0	
1.3924493789672853E-4	3.540717124938965E-4	1.8310546875E-6	7.839622497558594E-5	1.4241218566894532E-6	1.2418937683105469E-5	0.0029234992027282716	1.2181568145751954E-5	1.4726428985595703E-4	1.1410140991210937E-5	1.0986328125E-5	0.022991324520111083	3.461795806884766E-4	2.454967498779297E-5	4.4078826904296875E-7	0.0012930806159973144	0.018545583057403565	0.004176703548431396	0.0	3.4925460815429687E-6	1.5546159744262694E-4	0.0017034912109375	5.764007568359375E-7	
0.002081180191040039	1.8337669372558594E-4	1.0943946838378906E-4	2.6210365295410156E-4	0.004214808177947998	0.0	0.0023171403884887695	7.770118713378906E-5	0.00420404224395752	5.108299255371094E-5	1.3131046295166016E-5	9.515041351318359E-4	0.0030208927154541016	0.0	0.0	0.0063489362716674805	0.005400365161895752	4.030866622924805E-5	1.1715354919433593E-4	3.4671401977539065E-5	3.221893310546875E-4	6.357831954956055E-5	2.187061309814453E-6	
0.00858194990158081	0.005403383064270019	0.0010756513595581055	0.002121124267578125	4.14555835723877E-4	1.2647819519042969E-5	7.43984603881836E-4	2.74361515045166E-4	5.45645809173584E-4	7.999420166015625E-4	0.0023272111892700194	5.21240234375E-4	0.002718666934967041	2.0857067108154297E-4	5.925464630126953E-6	0.002595808219909668	0.015607477855682374	9.494696617126465E-4	7.494611740112304E-5	1.1554336547851563E-5	6.46082592010498E-4	0.0	1.7632484436035156E-6	
4.1187705993652346E-4	2.4828596115112305E-4	2.8143978118896483E-5	2.0246715545654297E-4	9.45409107208252E-4	1.6106605529785157E-6	0.001061867618560791	0.001910985279083252	2.2054033279418945E-4	2.4685325622558594E-4	9.5672607421875E-5	0.004964116382598877	0.0033641984939575195	7.091941833496094E-5	0.0	1.5344409942626952E-4	0.002252646541595459	2.4905776977539063E-5	1.6394710540771483E-5	0.0	1.7278032302856446E-4	0.0	4.8633193969726566E-5	
3.212823867797851E-5	2.2800025939941407E-4	0.0	3.412628173828125E-4	6.197614669799805E-5	0.0	0.0012395477294921875	0.0	4.119873046875E-6	8.988275527954102E-5	1.1189460754394531E-6	7.636515617370606E-4	4.4014825820922854E-4	0.0	0.0	4.859075546264648E-5	0.014218292236328124	3.899574279785156E-7	1.129150390625E-5	3.814697265625E-5	3.7434864044189456E-5	0.0010058085441589355	0.0	
