0.7223732502937317	0.01049768238067627	4.783206939697266E-4	2.1890430450439454E-4	3.41042423248291E-4	1.2461662292480468E-6	0.4566915893554688	0.0	0.0011884392738342284	2.774641036987305E-4	8.060874938964844E-5	0.3360295020103455	0.006661410903930664	8.611888885498047E-5	5.29200267791748E-4	0.7342414601325988	0.6407903120040893	0.011462690544128419	1.3079328536987306E-4	7.380170822143555E-5	0.6168008846282959	0.0	6.123008728027344E-5	
0.012995952987670898	0.0020627254486083983	7.440525054931641E-4	0.002673958683013916	2.9994544982910157E-4	0.011172036075592041	0.004196446704864502	2.5143051147460937E-5	2.536858558654785E-4	8.42437744140625E-4	1.4613685607910157E-4	0.059373151969909665	0.03609083385467529	1.1049909591674804E-4	3.042430877685547E-5	0.0030689324378967283	0.03585222883224487	0.04932577342987061	7.606929779052735E-4	2.2776288986206054E-4	3.2499523162841796E-4	2.5638999938964844E-4	4.4078826904296875E-7	
0.007935502815246583	0.0032630072593688966	3.3387079238891604E-4	2.52846622467041E-4	8.974711418151855E-4	2.3227691650390625E-6	0.0014296552658081055	1.9785594940185547E-5	5.53427791595459E-4	2.1535234451293945E-4	1.5352039337158203E-4	0.001406894302368164	0.009742940235137939	3.032769203186035E-4	3.3654212951660158E-6	0.006710374641418457	0.036512417221069335	1.9486322402954102E-4	0.00568501787185669	3.252580642700195E-4	8.215840339660644E-4	4.154205322265625E-7	1.6530323028564454E-5	
0.11455224781036377	0.10028798418045044	2.2126092910766603E-4	2.0192432403564454E-5	0.002109358024597168	1.1286420822143555E-4	2.1877708435058595E-4	7.201130867004395E-4	0.02420454235076904	0.0	3.1269493103027346E-4	0.022014897632598878	4.001235961914062E-6	0.0015306599617004395	0.001087459945678711	0.04146633567810058	0.05734257164001465	0.0011130353927612305	0.0037116411209106447	0.0	0.010846226978302002	9.819879531860352E-5	4.8689098358154295E-4	
0.0036914485931396485	1.4288158416748048E-4	0.0	1.3105602264404297E-4	0.0	0.0	1.7042369842529297E-4	2.2997541427612306E-4	0.039720942211151126	5.721197128295899E-5	5.098133087158203E-5	0.007946624755859374	0.001783176040649414	1.8140792846679686E-6	2.577037811279297E-5	0.26964346990585325	0.04277303056716919	1.5343570709228515E-5	9.799537658691406E-5	0.0	8.398265838623047E-5	3.391265869140625E-7	1.7971038818359376E-6	
3.90625E-5	0.001952387523651123	3.391265869140625E-7	0.0	0.0	0.0	5.704240798950195E-5	0.0	3.979148864746094E-5	6.188392639160157E-7	5.001068115234375E-7	1.1315240859985351E-4	3.6646556854248044E-5	0.0	3.391265869140625E-7	5.123558044433594E-5	0.019393632698059084	0.0	2.62451171875E-5	4.1936206817626955E-5	9.918212890625E-7	1.2317276000976562E-5	3.2215118408203124E-7	
0.009204533863067627	6.65274715423584E-4	0.001266937255859375	5.60463809967041E-4	6.017303466796875E-4	1.3834667205810547E-5	1.5462207794189453E-5	3.35693359375E-6	5.456288337707519E-4	1.34116268157959E-4	1.61895751953125E-4	0.007429300975799561	0.09811208934783935	1.5978498458862303E-4	2.1261425018310548E-4	0.0023941633224487304	0.004722171401977539	4.022979736328125E-4	4.379780769348145E-4	5.609300613403321E-4	6.682501792907715E-4	9.981706619262695E-4	1.2440996170043947E-4	
0.0011325327873229981	2.0175933837890626E-6	0.0	1.4394121170043946E-4	0.0015127308845520018	0.0	4.069328308105469E-7	0.0	0.061990186882019044	3.772315979003906E-5	4.4078826904296875E-7	0.004231991195678711	2.80448055267334E-4	1.5682220458984376E-6	1.1515302658081055E-4	0.18815256757736207	0.027083485889434815	5.1354312896728516E-5	6.781578063964843E-7	0.0	1.708984375E-5	0.0	7.9345703125E-6	
0.008162799453735351	3.18162727355957E-4	6.138267517089844E-5	1.4848499298095703E-4	5.14840030670166E-4	0.0	0.009196404361724853	0.07189326820373536	0.2028046417236328	1.9593133926391602E-4	3.068714141845703E-5	0.009994066047668457	0.0030828094482421874	1.4173698425292968E-5	9.421453475952148E-5	0.4183484564781189	0.0630280303955078	1.6589736938476564E-5	1.4494152069091797E-4	0.0	2.3858814239501952E-4	0.0	2.9173107147216796E-4	
5.777825355529785E-4	0.011042217636108399	1.0945634841918946E-4	0.0	7.285732269287109E-4	6.273078918457031E-6	0.00125885009765625	1.30462646484375E-4	0.003159781551361084	0.0	3.69856071472168E-4	0.006488104915618896	0.001438429069519043	4.959869384765625E-4	1.7598438262939452E-5	0.019691916561126708	0.053149024105072024	0.0040798187255859375	2.517107009887695E-4	0.004648624038696289	0.0020197296142578126	3.814697265625E-5	9.756298065185547E-5	
0.006078364086151123	0.05802506341934204	7.25233268737793E-4	6.53237247467041E-4	5.100335121154785E-4	2.8940868377685545E-5	1.274956703186035E-4	7.615833282470703E-5	0.004580747795104981	0.0031791178703308104	0.0011328125	0.01696759538650513	0.004735573673248291	8.217706680297851E-5	2.3511247634887695E-4	0.009102978134155273	0.5579748280525207	4.4199657440185545E-5	5.61989688873291E-4	4.15632438659668E-4	4.300689697265625E-4	2.0022964477539062E-5	5.476188659667969E-6	
0.024609375	0.020613640689849853	1.6568498611450197E-4	0.0018862491607666016	0.003197903060913086	0.018923229598999024	0.0016514672279357911	3.3559160232543946E-4	0.00419592113494873	0.001139509391784668	3.7485790252685546E-5	0.3205451202392578	0.039683354663848876	5.315314292907715E-4	0.0012598758697509765	0.003379965877532959	0.051651289176940916	0.07794477672576905	0.0039630635261535645	0.006577292537689209	4.5975580215454104E-4	0.0026726277351379396	0.002587424373626709	
4.90892219543457E-4	0.004232618522644043	5.349063873291016E-6	2.8143882751464842E-6	0.001257620906829834	5.895824432373047E-5	0.0022388373374938966	1.6727867126464845E-4	3.33565616607666E-4	1.3580322265625E-5	7.845563888549805E-5	0.012717717456817627	1.0750665664672851E-4	4.72259521484375E-5	5.696611404418945E-5	6.494395256042481E-4	0.007386381340026856	0.0012659199714660644	0.007350150203704834	0.0014805179595947266	5.26284122467041E-4	0.0035388691902160643	4.598827362060547E-5	
1.9878807067871094E-4	0.0018340386390686034	5.517747879028321E-4	5.850048065185547E-5	6.788463592529296E-5	0.0	3.794355392456055E-5	0.0	1.6389636993408203E-4	6.780834197998047E-5	2.4074554443359375E-6	6.12165641784668E-4	0.0027384016036987304	0.0	0.0	6.02713680267334E-4	0.023956442928314208	1.4072418212890625E-6	1.8650054931640625E-6	1.8039321899414064E-5	1.3699846267700195E-4	0.0	4.4078826904296875E-7	
2.766841888427734E-4	3.332347869873047E-5	0.0	6.738452911376953E-5	1.2715625762939453E-5	1.6996574401855468E-5	1.1986637115478515E-5	1.0053825378417968E-5	2.0150928497314453E-4	7.587051391601562E-6	8.053207397460937E-6	1.2866554260253907E-4	0.001143764877319336	0.0	0.0	1.9619407653808594E-4	1.0113182067871093E-4	1.678466796875E-6	0.0	0.0	0.0	0.0	0.0	
0.010597508716583251	1.8468217849731445E-4	0.012971810245513917	0.002261021900177002	0.2136573621749878	6.24847412109375E-5	1.4046573638916015E-5	0.08008427934646606	0.1902120548248291	6.617231369018555E-5	0.013102340698242187	0.12426749334335327	4.2805986404418944E-4	0.041242972469329835	0.0	0.012185016250610352	0.0018766276359558107	1.1056690216064453E-4	0.003475494384765625	0.0	7.62939453125E-7	0.0	1.85394287109375E-5	
0.009839757251739502	0.0031977251052856446	0.006470430183410644	0.0030594550132751466	0.1372235870361328	1.226043701171875E-4	0.016880510139465333	7.872686386108399E-5	0.0025827959060668944	4.4963417053222655E-4	0.011819186782836914	0.08251405506134034	0.019643071460723877	0.014030041122436523	3.107709884643555E-5	0.02615397138595581	0.010706032657623292	4.0690135955810546E-5	2.1763267517089843E-4	2.987331390380859E-4	8.116489410400391E-4	3.6875724792480467E-6	7.387800216674805E-5	
0.001192008113861084	0.00912974042892456	0.00891992359161377	1.3035240173339845E-4	5.109996795654297E-5	0.0	1.6623592376708985E-5	3.2382965087890625E-6	3.960333824157715E-4	2.6838493347167968E-5	1.4919281005859375E-6	0.1244387393951416	2.466413497924805E-4	4.4078826904296875E-7	3.645133972167969E-6	4.468536376953125E-4	0.005349714469909668	0.0	4.069328308105469E-7	1.1189460754394531E-6	7.419166564941406E-5	2.1664934158325196E-4	3.7638664245605468E-6	
1.6452369689941407E-4	1.6406593322753905E-4	1.2037467956542968E-5	1.0603160858154296E-4	1.1808586120605468E-5	1.2936019897460937E-5	0.0035203975677490233	4.7473907470703127E-7	7.343711853027344E-5	2.3356971740722657E-4	1.7124176025390626E-6	0.029095857429504393	0.0030213758468627928	7.849788665771484E-6	0.0	0.0014304436683654786	0.03260966835021973	4.4078826904296875E-7	0.0	1.5598297119140624E-6	2.8375415802001954E-4	0.0019231329917907714	4.4078826904296875E-7	
2.9949569702148437E-5	1.0855779647827149E-4	5.984878540039062E-6	5.14077091217041E-4	0.005769492244720459	2.2379875183105467E-6	0.001010453987121582	4.4078826904296875E-7	0.008892322158813477	1.0172557830810547E-5	1.85394287109375E-5	9.62210750579834E-4	0.01221893310546875	1.4919281005859375E-6	0.0	0.0038144429206848143	0.011878322982788085	1.9955062866210936E-5	1.52587890625E-6	5.6203174591064456E-5	1.4018592834472656E-4	0.0	2.187061309814453E-6	
0.0090576171875	0.0033669111251831054	6.64808464050293E-4	2.2692365646362304E-4	3.35091495513916E-4	1.135082244873047E-5	7.58336353302002E-4	2.081298828125E-4	0.0010379621505737305	1.6359968185424803E-4	1.0159807205200195E-4	5.881669998168945E-4	0.0015062543869018554	9.246656417846679E-4	7.826910018920899E-5	0.002690285587310791	0.023575778579711913	6.44251537322998E-4	1.4271202087402343E-4	4.025774002075195E-5	4.5712785720825196E-4	0.0	3.153514862060547E-6	
4.8565292358398436E-5	9.149341583251953E-5	1.7183113098144532E-5	3.3875360488891604E-4	8.947838783264161E-4	3.9844512939453125E-7	2.8477134704589844E-4	0.0022859785079956054	6.925624847412109E-4	6.923255920410157E-5	3.1780624389648435E-5	0.004428219223022461	0.006107025146484375	4.4106388092041015E-5	0.0	3.041754722595215E-4	0.003907936954498291	1.248931884765625E-4	7.106361389160157E-5	0.0	2.505832672119141E-4	0.0	5.290565490722656E-5	
0.0010305108070373535	2.6618099212646485E-5	0.0	1.4385604858398438E-5	1.0172529220581055E-4	0.0	8.226184844970703E-5	5.34498405456543E-4	9.341812133789063E-6	3.0629472732543944E-4	0.0	0.004398947811126709	0.0014202117919921875	0.0	0.0	0.001114535903930664	5.264960289001465E-4	0.0	0.0	1.2715625762939453E-5	2.848339080810547E-6	2.85203742980957E-4	0.0	
