0.6902779811859131	0.009620327377319335	2.6753711700439453E-5	3.4998579025268553E-4	7.492913246154785E-4	0.0	0.36983124628067016	1.4080429077148438E-5	7.502153396606445E-4	2.8652572631835937E-5	1.424323081970215E-4	0.32866886558532715	0.0010805511474609375	1.1464433670043946E-4	0.0065924495697021485	0.700092383480072	0.6242772504806519	0.016920479679107665	1.2992010116577148E-4	1.3022527694702148E-4	0.5138761816978454	0.0	5.453319549560547E-5	
0.007272838973999023	0.0021453179359436033	7.527637481689453E-6	0.002650426197052002	9.975013732910157E-5	0.009725231552124023	0.011624798202514648	1.517571449279785E-4	0.0012518988609313965	0.001687164306640625	3.9986515045166014E-5	0.07647675409317016	0.03880878028869629	2.0105152130126954E-4	1.2630844116210938E-5	3.5108776092529297E-4	0.01631577386856079	0.03952957153320313	0.0011237420082092285	5.04133415222168E-4	0.001055611515045166	6.359439849853516E-4	8.815765380859375E-7	
0.01515848798751831	0.002357160758972168	2.55296516418457E-4	4.6631708145141603E-4	4.578399658203125E-4	7.968902587890625E-7	7.589551925659179E-4	4.925155639648437E-6	0.0010226948738098144	2.3159446716308594E-4	1.2404546737670899E-4	0.001316214656829834	0.009302690315246581	1.2440996170043947E-4	1.5343666076660156E-6	0.009112760734558106	0.04678499011993408	7.01904296875E-6	0.006978437614440918	6.211937904357911E-4	0.0012706671714782715	0.0	2.9571533203125E-4	
0.11858171253204346	0.1098668077468872	2.4236888885498047E-4	5.2074813842773436E-5	0.001435979175567627	1.3447227478027344E-4	4.146156311035156E-5	0.0021782854080200195	0.022717335987091063	0.0	4.407840728759766E-4	0.04167664422988892	3.9104843139648434E-5	0.0019210307121276856	0.0018072086334228515	0.041595594596862795	0.06544551429748535	0.004621183586120605	0.004374872875213623	0.0	0.007987993049621582	8.629693984985352E-5	3.9371070861816406E-4	
0.003224326229095459	1.68770694732666E-4	0.0	9.32481575012207E-4	0.0	1.220703125E-5	8.073596954345703E-5	1.5629234313964844E-4	0.029460542488098145	8.15158462524414E-4	0.0	0.016602088069915772	0.001671261215209961	6.781578063964843E-7	9.748458862304687E-7	0.24836893720626832	0.049730784130096434	3.165349960327148E-5	7.799148559570312E-7	0.0	5.001449584960937E-6	1.2546539306640626E-6	0.0	
9.84954833984375E-5	8.70793628692627E-4	2.0344734191894533E-6	4.069328308105469E-7	6.781578063964843E-7	0.0	0.0	0.0	2.386302947998047E-5	0.0	0.0	3.04116153717041E-4	1.0724382400512695E-4	0.0	0.0	8.221940994262696E-5	0.015169219970703125	0.0	1.0087966918945313E-6	1.1274337768554687E-6	1.5173912048339843E-6	1.068115234375E-6	0.0	
0.017699169540405273	0.004445504093170166	6.337992668151855E-4	0.00111358642578125	4.194301605224609E-4	0.0	2.4804019927978516E-5	3.377275466918945E-5	2.1382646560668946E-4	1.1004133224487305E-4	2.697075843811035E-4	0.02221240577697754	0.03207358465194702	3.6341381072998044E-5	7.037696838378906E-5	0.003863508415222168	0.001851976203918457	5.811901092529297E-5	8.091227531433105E-4	1.9108238220214843E-4	0.0037974971771240233	6.893581390380859E-4	5.6627273559570314E-6	
0.001401816463470459	4.500494003295898E-5	1.0223388671875E-4	1.8191871643066405E-4	8.534746170043946E-5	1.6361236572265625E-6	1.7885847091674803E-4	0.0	0.059072536849975585	2.376471519470215E-4	1.3792228698730468E-5	0.003949067878723144	3.24545955657959E-4	3.391265869140625E-7	0.0	0.20558208885192872	0.030218641471862793	1.593017578125E-4	2.6787757873535156E-6	0.0	1.3817787170410157E-6	0.0	0.0	
0.004797999095916748	5.235462188720703E-5	0.0	4.712337493896484E-4	3.679317474365234E-4	0.0	2.0819759368896484E-5	0.05817160711288452	0.18925169200897216	1.7286510467529298E-4	1.8480110168457032E-5	0.010860875415802001	0.0036100684165954588	1.4919662475585937E-5	1.0735406875610351E-4	0.42133852643966674	0.0681999291419983	1.1913719177246094E-4	2.476158142089844E-5	0.0	2.50235652923584E-4	0.0	4.46912956237793E-4	
2.3127241134643554E-4	0.010945112419128418	1.157970428466797E-5	0.0	2.2833929061889647E-4	4.365730285644531E-6	0.0013483852386474609	1.671600341796875E-4	0.001855180549621582	0.0	1.2478256225585938E-5	0.009317754077911376	5.100504875183105E-4	0.00619252519607544	5.408382415771484E-6	0.03677112159729004	0.045329259204864504	8.765326499938965E-4	0.004493832015991211	1.9871177673339843E-4	0.003511488151550293	0.0	7.01276969909668E-4	
0.010213614559173584	0.05816771612167358	5.994585037231446E-4	0.0010820600509643555	0.001119418716430664	1.9234561920166016E-5	1.1394081115722656E-4	1.374053955078125E-4	0.003647138786315918	0.0033858744621276856	0.0023591105461120607	0.014454049015045167	0.0034131537437438967	4.5810317993164065E-5	7.996454238891602E-5	0.008833058643341064	0.5463167572021485	6.977500915527344E-5	0.001128862190246582	0.001130684757232666	5.158233642578125E-4	8.936567306518554E-5	3.0890560150146486E-5	
0.02289453296661377	0.01634820728302002	2.63994026184082E-4	0.0026864030838012697	6.621806144714356E-4	0.010379960823059082	0.0018678707122802734	5.139668464660645E-4	0.008638687133789062	0.001685952091217041	5.254955291748047E-5	0.2670573340415955	0.033142929077148435	3.11135196685791E-4	5.943552970886231E-4	0.009861161994934082	0.031482001399993895	0.07251608953475952	0.006552895450592041	7.727474212646484E-4	0.004646614933013916	0.0039023420333862305	0.0014931403160095215	
2.204132080078125E-4	0.003203243637084961	7.985401153564454E-6	4.57763671875E-6	8.09461784362793E-4	2.7380943298339846E-6	0.001604275131225586	1.3236150741577148E-4	6.389278411865234E-4	6.128978729248047E-6	9.312944412231445E-5	0.014298833179473877	0.0024625142097473144	9.121322631835937E-6	3.9028549194335936E-5	4.61883544921875E-4	0.007448035335540772	0.001710671329498291	0.001837921142578125	1.2410478591918944E-4	3.1533136367797854E-4	5.254872322082519E-4	2.7974414825439454E-5	
2.880859375E-4	0.0014684380531311035	3.3011541366577147E-4	3.2062950134277346E-4	1.2037467956542968E-5	0.0	1.42059326171875E-4	1.1613845825195312E-6	1.3174266815185547E-4	2.4320793151855467E-5	1.3597297668457031E-5	6.021796226501465E-4	5.215962409973145E-4	0.0	4.4078826904296875E-7	0.001365195369720459	0.021321461963653563	0.0	1.6199779510498046E-5	3.9028549194335936E-5	2.5670366287231444E-4	0.0	0.0	
4.0707902908325194E-4	1.7691707611083986E-5	0.0	7.595443725585938E-6	2.6312923431396485E-5	0.0	2.797412872314453E-6	6.095027923583984E-6	0.0011946614265441894	3.0941009521484377E-6	1.3800716400146484E-5	8.121070861816407E-5	2.6397705078125E-5	3.4671783447265627E-6	0.0	5.153825759887696E-4	1.3967723846435546E-4	1.941261291503906E-5	4.4078826904296875E-7	0.0	0.0	0.0	3.2215118408203124E-7	
0.00962432861328125	0.002186898136138916	0.005759591007232666	4.47981071472168E-4	0.1448153347015381	1.4072418212890625E-6	9.903802871704102E-5	0.07032520713806152	0.129957826423645	4.058414459228516E-4	0.01555771722793579	0.11964497032165528	0.002605133056640625	0.02592090187072754	0.0	0.013440178775787353	9.662458419799804E-4	6.055192947387695E-5	0.0029201847076416017	0.0	0.0	0.0	0.0	
0.00782861499786377	0.0022771199226379393	0.004190283870697022	0.0028635151863098144	0.10925724449157714	1.914215087890625E-4	0.006595450496673584	1.8654718399047852E-4	0.001508297348022461	0.030573476123809815	0.010204849243164062	0.07878130598068238	0.019482972908020018	0.008687820434570313	1.1525468826293946E-4	0.04130360918045044	0.00841379804611206	2.448102951049805E-4	7.662458419799805E-5	0.013724077033996583	0.017097261238098144	0.0	3.3755874633789064E-5	
0.0031785160064697264	0.008699840927124024	0.002295261001586914	1.0287818908691407E-4	1.2271461486816407E-4	0.0	1.0528564453125E-4	1.4835777282714844E-4	4.7902421951293944E-4	2.3184871673583984E-5	1.434326171875E-5	0.1135969373703003	2.698940277099609E-4	3.475608825683594E-5	3.2213211059570314E-6	5.600653648376465E-4	0.005923165225982666	0.0	4.154205322265625E-7	7.950677871704101E-5	3.7874011993408206E-4	1.1912879943847656E-4	1.220703125E-6	
8.441505432128907E-5	0.029882414054870604	0.0	8.252458572387695E-5	1.2715625762939453E-5	0.0	0.003796980094909668	1.3987226486206054E-4	2.3822364807128907E-4	4.609851837158203E-5	2.482099533081055E-5	0.02095475091934204	0.001376368236541748	3.534984588623047E-6	0.0	0.0017182244300842286	0.013736902904510498	3.391265869140625E-7	0.0	2.458381652832031E-6	7.4554443359375E-4	0.004445275211334228	0.0	
3.706188201904297E-5	1.0781183242797852E-4	0.0	9.949579238891602E-5	0.008187840747833252	6.443023681640625E-7	1.6271800994873046E-4	6.239128112792969E-6	0.0033904011726379395	0.001994196605682373	2.5770187377929687E-6	0.001191372299194336	4.48939037322998E-4	9.663896560668945E-5	0.0	0.007102220344543457	0.0065341694831848145	6.948680877685547E-5	2.3736000061035157E-6	4.500494003295898E-5	2.2738990783691406E-4	8.660211563110351E-5	1.1274337768554687E-6	
0.011539586353302001	0.005851347160339355	0.001103371524810791	0.0015314907073974609	2.2338018417358398E-4	2.2125244140625E-6	0.003355678939819336	2.6072187423706056E-4	9.085591316223145E-4	0.003449410343170166	8.708534240722657E-5	7.254961013793945E-4	0.010764863777160644	1.2666492462158204E-4	6.6205978393554685E-6	0.002564561653137207	0.016827002620697022	0.003218841552734375	3.075069427490234E-4	1.0728626251220703E-4	7.840389251708985E-4	0.0	4.4078826904296875E-7	
1.0892229080200196E-4	2.88255500793457E-4	1.508922576904297E-5	3.1141490936279295E-4	0.0011867523193359376	5.8153152465820316E-6	0.0012587738037109376	0.002237116527557373	2.819146156311035E-4	3.4657793045043945E-4	2.9932689666748048E-5	0.005191370677947998	0.004443062686920166	1.8580970764160156E-4	0.0	9.537591934204101E-5	0.0029828558921813964	1.08489990234375E-4	1.2246875762939453E-4	0.0	3.1044855117797854E-4	0.0	5.315141677856445E-5	
6.417179107666016E-6	6.591796875E-5	0.0	1.56402587890625E-5	0.0	0.0	1.1348304748535156E-4	0.0	5.832290649414062E-6	3.0038623809814453E-4	0.0	0.0038683149337768556	7.10932445526123E-4	0.0	6.781578063964843E-7	0.0	8.495245933532715E-4	3.899574279785156E-7	0.0	0.0	3.956260681152344E-5	2.4600601196289063E-5	0.0	
