0.6646954091072083	0.00977056713104248	3.190784454345703E-5	2.4624290466308596E-4	2.83533763885498E-4	6.443023681640625E-7	0.1490606011390686	2.0599365234375E-6	6.359015464782715E-4	4.598405838012695E-4	3.0314159393310547E-5	0.3652113935470581	0.0032116953849792482	7.379322052001953E-5	0.006406978988647461	0.7296250830650329	0.5080569797515869	0.01580737648010254	4.617481231689453E-5	6.869001388549805E-5	0.5688728247642517	0.0	3.523082733154297E-5	
0.006629893016815186	0.0021791924476623533	1.4818000793457032E-5	0.002723702335357666	4.34417724609375E-4	0.008853742790222168	0.0014912837982177735	9.333295822143554E-5	1.0075035095214844E-4	0.001731228256225586	1.4798479080200196E-4	0.07232810125350952	0.013691762256622315	6.704540252685547E-5	4.297924041748047E-6	2.4808244705200197E-4	0.013882785415649414	0.0402438099861145	3.7149219512939454E-4	1.4151678085327148E-4	0.0010298749923706055	6.75540542602539E-4	1.7632484436035156E-6	
0.006627485466003418	0.002215287971496582	2.950878143310547E-5	6.735314369201661E-4	4.573822021484375E-4	1.3156509399414063E-5	7.270219802856445E-4	4.39453125E-5	4.7175941467285154E-4	4.7406511306762695E-4	2.0020380020141601E-4	0.008437830638885499	0.009228074836730956	6.87408447265625E-5	5.6287765502929684E-6	0.006933322525024414	0.02495713129043579	1.2880115509033202E-4	9.62999153137207E-4	5.8837890625E-4	0.001028908634185791	0.0	4.340267181396484E-6	
0.2713252258300781	0.14934538097381592	8.150739669799805E-5	1.1233015060424804E-4	0.0010861799240112304	6.739330291748047E-6	6.785328865051269E-4	0.0010275861740112304	0.01072345314025879	0.0	3.0341253280639647E-4	0.040145950317382814	3.823184967041015E-6	0.0013931952476501466	0.001788185977935791	0.046006698608398434	0.05221558465957642	0.00415863037109375	0.0020775264739990233	0.0	0.006829859447479248	5.9805965423583986E-5	0.001117680835723877	
0.001971410083770752	9.707984924316406E-5	0.0	7.631940841674805E-5	0.0	3.438310623168945E-5	5.8576774597167965E-5	8.754310607910156E-5	0.04391847400665283	3.041669845581055E-4	2.009105682373047E-6	0.00609822587966919	9.089152336120605E-4	4.5437240600585935E-5	0.002889243221282959	0.229537353515625	0.03729165821075439	3.823175430297852E-5	6.2984466552734375E-6	0.0	2.9118824005126954E-5	5.866146087646484E-6	0.0	
1.9961891174316405E-4	7.451544761657715E-4	3.0237865447998048E-5	8.900642395019531E-7	0.0	0.0	1.373291015625E-5	0.0	4.0944099426269534E-6	0.0	0.0	1.6887245178222657E-4	8.097333908081055E-5	0.0	4.069328308105469E-7	3.216209411621094E-5	0.012820103931427003	0.0	3.6782169342041015E-5	0.0	0.0	0.0	3.2215118408203124E-7	
0.02292372808456421	0.0012378947257995604	8.861796379089356E-4	7.78376293182373E-4	3.7356910705566406E-4	4.0113639831542966E-5	2.2684764862060547E-5	8.059186935424804E-5	2.849578857421875E-4	2.0480690002441405E-4	5.5762386322021484E-5	0.01436203851699829	0.0390939076423645	5.860223770141602E-5	6.456165313720703E-5	4.206170082092285E-4	0.004688313770294189	1.3593883514404298E-4	6.230503082275391E-4	4.4825239181518555E-4	4.0924072265625E-4	0.001144553279876709	9.130687713623047E-5	
0.0014399804115295411	6.710472106933594E-5	4.069328308105469E-7	2.101983070373535E-4	6.493473052978516E-6	0.0	4.696273803710938E-6	0.0	0.05683005437850952	1.3127641677856445E-4	1.3275146484375E-5	0.005141898250579834	1.8140153884887696E-4	0.0	0.0	0.19167605934143067	0.032296396923065185	7.755364418029785E-4	7.663307189941406E-5	0.0	1.2385053634643556E-4	0.0	0.0	
0.004740185165405274	1.2810602188110352E-4	0.0	3.4458580017089846E-4	0.0010372331619262695	7.799148559570312E-7	2.2684764862060547E-5	0.05346622886657715	0.2114132182121277	1.2663946151733398E-4	6.441755294799805E-5	0.010266952514648438	0.003358900260925293	2.5431346893310546E-5	4.018144607543945E-5	0.41270183982849123	0.054669180965423586	1.2266349792480468E-5	6.367998123168946E-5	0.0	1.1583118438720704E-4	9.070396423339843E-7	5.027601242065429E-4	
2.0284013748168945E-4	0.008206464958190917	3.261985778808594E-5	0.0	4.2554216384887696E-4	1.5767097473144531E-6	0.001176435661315918	7.342023849487305E-5	0.001756922435760498	0.0	8.376226425170899E-5	0.008394410896301269	3.450202941894531E-6	0.0025850592613220215	5.605058670043945E-5	0.03491363525390625	0.04745127363204956	3.9979724884033204E-4	0.0030947282791137696	7.284376144409179E-4	5.36075210571289E-4	0.0	1.5260486602783203E-4	
0.002686343765258789	0.04217987060546875	9.46773910522461E-4	0.0012471093177795411	3.17832088470459E-4	7.434463500976563E-6	4.4818496704101566E-5	4.03883171081543E-4	0.003677800464630127	0.002683292007446289	9.598795890808106E-4	0.01538710699081421	0.003287217903137207	1.8056201934814452E-5	1.630992889404297E-5	0.006461368179321289	0.5587177616119384	7.001237869262696E-5	0.001191118049621582	1.9390525817871093E-4	4.460822105407715E-4	1.3692216873168944E-4	1.7632484436035156E-6	
0.0238470458984375	0.02258321123123169	1.5430870056152343E-4	0.005359725952148437	6.992085456848145E-4	0.010222083187103272	0.0028392452239990235	3.1670465469360354E-4	0.005125266170501709	0.0018936665534973144	7.703142166137696E-5	0.23494557695388793	0.023495805549621582	3.313446044921875E-4	2.60933780670166E-4	0.003725763988494873	0.030968602466583253	0.06720071582794189	0.006474219417572022	0.003104078483581543	0.003381974983215332	0.003097542667388916	0.0018137699127197266	
2.9692754745483396E-4	6.60239315032959E-4	1.8336009979248048E-5	0.0	6.608836174011231E-4	7.374763488769531E-7	0.0014984554290771485	4.282464027404785E-4	0.004081581974029541	1.3546371459960937E-5	3.854541778564453E-5	0.007520896053314209	3.2797908782958986E-5	2.5295639038085937E-5	1.4072036743164062E-5	5.374568939208984E-4	0.009180526733398437	1.46950626373291E-4	0.0013233269691467285	1.2917413711547852E-4	1.6734657287597655E-4	0.003047620964050293	1.4154224395751953E-4	
2.587127685546875E-4	0.001080491828918457	3.1573829650878907E-4	5.523681640625E-5	4.848861694335937E-6	0.0	6.583318710327148E-5	0.0	1.1850996017456055E-4	5.4372119903564454E-5	1.3970279693603515E-5	4.0353565216064456E-4	9.72747802734375E-5	0.0	2.0344734191894533E-6	0.001166356372833252	0.01856172351837158	0.0	3.1195640563964845E-6	1.1189460754394531E-6	2.9887733459472656E-4	0.0	0.0	
4.540167808532715E-4	3.108558654785156E-5	0.0	5.6254100799560546E-5	6.157770156860351E-5	0.0	0.0	0.0	1.1797590255737304E-4	8.985519409179688E-7	2.0175933837890626E-6	1.6070899963378907E-4	3.3442211151123044E-5	0.0	0.0	2.677154541015625E-4	7.158069610595703E-5	1.7208099365234375E-6	0.0	0.0	0.0	0.0	0.0	
0.008886540699005126	8.649187088012695E-5	0.005462637996673584	4.0401039123535157E-4	0.1371318902015686	0.0	1.3213262557983398E-4	0.06184683055877686	0.1195229679107666	2.8990001678466795E-4	0.014009424877166748	0.10616410999298095	0.002446890926361084	0.024429719734191894	0.0	0.011569408798217773	0.008856998062133789	1.0219993591308594E-4	0.002902713394165039	0.0	8.931474685668945E-5	0.0	1.7462730407714843E-6	
0.006320037841796875	0.003398751163482666	0.004743787956237793	0.0031695980072021486	0.09544762506484986	1.7490806579589845E-4	0.009997117805480958	6.633338928222656E-5	0.00533807544708252	0.03074545965194702	0.009873877620697021	0.07757696361541748	0.04658389625549316	0.007976040267944335	1.511298179626465E-4	0.02693945140838623	0.022485343074798585	9.786815643310547E-5	2.503374099731445E-4	0.019275317764282228	0.016175850772857665	2.4388599395751953E-5	2.3057937622070314E-6	
0.0013170708656311035	0.008081554794311524	0.0024188655853271484	8.333845138549805E-5	4.497108459472656E-5	0.0	5.904981613159179E-4	3.6917781829833986E-5	2.9453697204589844E-4	5.741539001464844E-5	1.2546539306640626E-6	0.11076892433166503	4.366132736206055E-4	1.2715625762939453E-5	2.644824981689453E-6	4.968516349792481E-4	0.005689722728729248	0.0	1.2580013275146485E-5	1.2455406188964844E-4	5.59234619140625E-5	7.230119705200195E-5	0.0	
1.0060625076293946E-4	4.679107666015625E-4	0.0	8.835687637329101E-5	3.865528106689453E-6	2.3057746887207032E-5	0.002930467414855957	2.3990631103515626E-6	0.002016482925415039	1.0335283279418945E-4	1.2749576568603516E-5	0.017673814582824708	6.049431800842285E-4	3.1195640563964845E-6	0.0	0.0019195048332214355	0.01804026288986206	1.932811737060547E-6	0.0	1.0501441955566406E-4	2.481757164001465E-4	3.240288734436035E-4	2.593994140625E-6	
0.0020466190338134767	3.382368087768555E-5	7.612438201904296E-5	1.0522632598876953E-4	0.01153676347732544	0.0	0.0018451775550842285	1.4665603637695313E-6	0.008530977058410645	4.873317718505859E-4	1.6030216217041017E-5	0.001459842300415039	0.0018750762939453126	0.0	0.0	0.008148473072052001	0.008504486083984375	3.7163639068603514E-5	6.849479675292969E-6	6.105213165283203E-5	6.88934326171875E-5	9.691028594970703E-5	0.0	
0.008409330558776856	0.005487823486328125	6.69843864440918E-4	9.215545654296875E-4	1.074981689453125E-4	2.0599365234375E-6	0.002611211109161377	2.382659912109375E-4	6.360965728759765E-4	9.001836776733398E-5	0.001528922176361084	7.94847297668457E-4	0.0033305782318115234	1.8998041152954102E-4	1.2800216674804688E-6	0.0032826741218566894	0.015358081436157226	9.99916934967041E-4	1.7782421112060546E-4	3.6519336700439455E-5	2.9215497970581055E-4	0.0	6.103515625E-7	
8.56781005859375E-5	3.00454044342041E-4	7.027530670166016E-6	1.9361705780029297E-4	0.005877846622467041	1.0164070129394531E-5	0.0018549686431884765	0.0024459160804748536	5.647786140441895E-4	9.396867752075195E-5	5.1566219329833986E-5	0.005139923095703125	0.004764217758178711	0.0	0.0	1.6283674240112305E-4	0.005814709091186523	1.01165771484375E-4	9.461297988891602E-5	0.0	1.2186689376831054E-4	0.0	8.341503143310547E-6	
2.2243881225585938E-5	2.085399627685547E-6	9.409904479980469E-7	4.221630096435547E-6	9.1552734375E-7	0.0	8.073596954345703E-5	3.475189208984375E-7	1.983642578125E-5	7.085161209106446E-5	2.4600601196289063E-5	5.460272789001465E-4	0.003947101211547852	0.0	0.0	0.0	2.666049957275391E-4	5.085945129394531E-7	4.7473907470703127E-7	1.3054752349853516E-5	1.2647819519042969E-5	3.180608749389649E-5	0.0	
