0.7282083553314209	0.09148626537322999	4.1553077697753906E-4	9.110683441162109E-4	3.5742864608764646E-4	1.4063549041748047E-5	0.011005774593353272	0.0011240132331848144	0.0015455287933349609	5.211469650268555E-4	5.828009605407715E-4	0.23553995771408082	0.004822455501556397	1.36252498626709E-4	5.288019180297852E-5	0.6681512366294861	0.6960321384429932	0.01371693925857544	3.862762451171875E-4	1.8044366836547852E-4	0.5833628930091858	0.0	3.3620166778564456E-5	
0.017899983692169188	0.0038611687660217286	5.747138023376464E-4	0.006807267951965332	4.0913896560668947E-4	0.013924170589447022	0.016036156558990478	1.4512805938720702E-4	0.001792280387878418	0.0060506184577941895	2.8881492614746094E-4	0.11502784729003906	0.02552931890487671	3.6813526153564455E-4	5.3660392761230465E-6	4.3379039764404294E-4	0.039525502490997316	0.06860212535858154	3.8012189865112305E-4	0.014850701236724854	0.005385623550415039	0.0016014946937561035	6.035709381103516E-6	
0.008121812629699706	0.003446189022064209	2.55118465423584E-4	4.49066162109375E-4	1.2089195251464843E-4	7.132635116577148E-5	0.006072786140441894	1.6361236572265625E-6	6.279161453247071E-4	0.0010341389656066894	2.1271600723266602E-4	0.0024781375885009767	0.02578141107559204	1.1232166290283203E-4	1.4851856231689453E-5	0.009137420654296876	0.044591064453125	0.002612584400177002	0.0016675737380981446	2.5515241622924803E-4	0.004961403751373291	0.0	7.906599044799805E-5	
0.21533842296600342	0.15717551336288452	1.37176513671875E-4	3.1500911712646486E-5	0.0049122449874877926	1.9921197891235352E-4	1.3660011291503907E-4	0.001367509651184082	0.02550227699279785	0.0	0.0010471089363098146	0.04629674272537231	1.6326904296875E-5	0.007366307544708252	0.0037166680335998536	0.058192418384552004	0.07569229125976562	0.004523035717010498	0.005061509895324707	0.0	0.011346223640441895	1.4216108322143554E-4	6.272040367126465E-4	
0.003544277572631836	6.408098220825196E-4	0.0	1.1013450622558593E-4	0.0	0.0	1.8213911056518556E-4	1.1060075759887695E-4	0.044015816593170165	0.0010897572517395019	5.7050704956054685E-6	0.008213695907592774	0.002050620174407959	0.0	5.089992523193359E-4	0.28721275329589846	0.04655856666564941	5.763074874877929E-4	3.8553905487060544E-5	0.0	9.124755859375E-5	7.579383850097656E-5	1.6954421997070313E-6	
2.5378761291503904E-4	0.001636174488067627	4.166498184204101E-5	1.0596275329589844E-6	2.397327423095703E-5	0.0	1.0596370697021485E-5	3.391265869140625E-7	2.8372859954833985E-5	4.730224609375E-5	0.0	9.220542907714843E-5	4.4242000579833986E-5	0.0	0.0	5.3126049041748045E-5	0.02038645429611206	3.093299865722656E-5	2.9805469512939453E-5	4.7473907470703127E-7	0.0	5.196475982666016E-6	0.0	
0.010475624942779541	0.006279330825805664	0.0023565250396728517	0.0010435909271240234	0.0013473002433776855	1.8819169998168946E-4	6.984795570373535E-4	1.427544593811035E-4	0.0015512847900390626	7.90396785736084E-4	9.175615310668946E-5	0.022685250186920167	0.10823105707168579	6.700305938720703E-5	2.99835205078125E-5	0.014110302352905273	0.01655847339630127	4.508039474487305E-4	0.0013414934158325195	2.1658153533935548E-4	0.005837376880645752	0.003865373420715332	0.001666124153137207	
0.002582126235961914	2.104949951171875E-4	7.968902587890625E-7	4.701995849609375E-4	3.310479164123535E-4	3.391265869140625E-7	4.238548278808594E-5	0.0	0.07624458312988282	9.056940078735352E-5	0.0	0.007138985538482666	0.004026421451568603	5.595207214355469E-7	1.5428543090820312E-6	0.2767842186927795	0.03874204845428467	2.3340864181518555E-4	2.390575408935547E-6	0.0	8.086309432983398E-5	0.0	4.67681884765625E-5	
0.010260899829864502	0.0011724175453186035	3.363714218139648E-5	3.8501319885253906E-4	8.622318267822265E-4	4.7473907470703127E-7	7.768419265747071E-4	0.0930514949798584	0.24382909984588624	0.0013656023025512695	6.937665939331055E-5	0.010702930068969727	0.0020394049644470217	1.2919139862060546E-5	0.0057200877189636234	0.45749750776290893	0.08709956703186035	1.2037467956542968E-5	3.055995941162109E-4	0.0	3.59361457824707E-4	0.0	3.649562835693359E-4	
0.0020894283294677733	0.015900972175598143	0.009966201782226562	0.0	0.0015538618087768555	1.4885807037353516E-5	0.00152313232421875	2.82279109954834E-4	0.008810382461547852	0.0	1.7954540252685546E-5	0.018598785400390627	6.625709533691406E-5	0.002030020809173584	6.405216217041015E-4	0.03435017051696777	0.045131318855285645	0.003920669555664062	4.0342540740966797E-4	7.992808341979981E-4	0.004754909896850586	1.1557683944702149E-4	3.240627288818359E-4	
0.004502834701538086	0.06807270469665527	5.283779144287109E-4	7.22368049621582E-4	6.157854080200196E-4	3.3094596862792967E-5	2.5210952758789063E-5	4.27415657043457E-4	0.0030304802894592286	0.0034827677726745605	0.0010251787185668944	0.01821156816482544	0.0035102166175842286	1.576995849609375E-4	8.040533065795898E-5	0.014256498527526855	0.6155076175689698	1.1925592422485352E-4	5.204688072204589E-4	0.0010884772300720216	3.5963268280029295E-4	7.46917724609375E-5	6.7308425903320315E-6	
0.022276484203338623	0.021477118587493897	0.0020068952560424805	0.006955532455444336	0.001028603458404541	0.01565832347869873	0.005088856983184814	5.677371978759766E-4	0.004859576797485351	0.004149195384979248	6.849498748779296E-5	0.3129982249259949	0.03808873491287231	6.04061508178711E-4	2.860260009765625E-4	0.0033942583084106445	0.08496389598846435	0.12457644996643066	0.0037979719161987304	0.0030199347496032715	0.006045956039428711	0.003568242359161377	0.003724483871459961	
5.74679946899414E-4	0.010208443546295166	2.572803497314453E-5	1.3978767395019531E-5	7.28157901763916E-4	3.455266952514648E-5	0.002300296401977539	1.973724365234375E-4	0.002516759204864502	9.494781494140625E-7	1.677618980407715E-4	0.011841040706634522	2.7075023651123046E-4	1.4611139297485352E-4	5.162896156311036E-4	6.547716140747071E-4	0.01202321367263794	0.01720601396560669	0.005091840934753418	0.0011088985443115235	3.8187665939331053E-4	0.001592848014831543	0.012066777515411378	
2.5549144744873046E-4	0.0023055012702941895	6.995561599731445E-4	3.334893226623535E-4	1.2715625762939453E-5	0.0	9.975852966308594E-5	2.2718620300292968E-5	5.631256103515625E-4	3.09761905670166E-4	1.2478256225585938E-5	7.059733390808106E-4	0.001776707935333252	0.0	5.933761596679687E-7	0.003430328369140625	0.027056503295898437	0.0	1.8124008178710938E-5	2.0344734191894533E-6	5.016920089721679E-4	0.0	8.815765380859375E-7	
2.3423089981079102E-4	7.044506072998047E-6	0.0	1.5779285430908202E-4	1.1049060821533203E-4	9.663581848144532E-7	4.7709178924560545E-5	3.391265869140625E-7	2.0748558044433594E-4	1.2461662292480468E-6	1.4309310913085938E-5	0.002229173469543457	0.0038429853439331057	0.0	0.0	6.733280181884766E-4	3.4115257263183594E-4	5.01251220703125E-5	0.0	0.0	1.2037467956542968E-5	0.0	0.0	
0.005755606746673584	4.162258148193359E-4	0.0074528333663940426	4.471503257751465E-4	0.19630123558044432	2.0599365234375E-6	1.9446468353271486E-5	0.10919453086853027	0.2063058217048645	7.939826011657715E-4	0.019374423599243164	0.1556540340423584	0.002894770336151123	0.0384056939125061	0.0	0.027937418651580812	9.609222412109375E-4	3.534984588623047E-6	0.0030288103103637697	0.0	1.4656925201416016E-5	0.0	1.5973405838012696E-4	
0.010683771800994873	0.006823798274993896	0.005449040699005127	0.00554951982498169	0.13665523109436034	7.676868438720703E-5	0.013550313282012939	7.639058113098144E-4	0.006433478450775147	0.005812216854095459	0.012259165477752685	0.10529544410705566	0.023323677921295166	0.013826912784576416	9.080081939697265E-4	0.051491504287719723	0.019991734790802	3.0913457870483397E-4	2.3670616149902343E-4	0.016882002067565918	0.019967286872863768	0.002288818359375	1.2274837493896485E-5	
0.001097437572479248	0.011274431037902832	0.002852020263671875	7.617530822753907E-5	1.2090044021606446E-4	3.391265869140625E-7	8.782281875610351E-5	3.0449771881103514E-5	7.382032394409179E-4	5.669488906860352E-5	2.206592559814453E-5	0.13316958112716676	5.860222816467285E-4	2.4074935913085936E-5	1.0172843933105469E-6	6.58442211151123E-4	0.005236163711547851	0.0	1.3391284942626953E-4	6.278142929077149E-5	6.907230377197266E-4	5.349054336547852E-5	2.4422550201416014E-5	
1.8210515975952148E-4	4.0384931564331055E-4	4.4078826904296875E-7	1.4098272323608398E-4	2.6380729675292967E-5	0.00108856201171875	0.0029413434982299806	4.7473907470703127E-7	0.007937172794342041	1.9908485412597655E-4	0.0	0.024508955192565917	0.0015475040435791016	3.082275390625E-5	1.1528968811035157E-6	0.001275473690032959	0.010937160873413086	6.544303894042968E-6	0.0	2.25372314453125E-4	4.0456132888793946E-4	4.976911544799805E-5	5.939064025878906E-5	
9.943729400634766E-4	2.47175407409668E-4	3.391265869140625E-7	7.49198055267334E-4	2.7643842697143553E-4	0.0	0.0023038143157958985	2.9571533203125E-4	0.0038906012535095216	8.35418701171875E-5	1.5233325958251953E-5	0.0019614749908447265	0.0019770134925842283	5.425453186035156E-7	0.0	0.0055400763511657715	0.009970940494537353	3.1276283264160157E-4	1.0952377319335938E-5	3.082275390625E-5	1.3757495880126953E-4	1.0721845626831054E-4	2.2125244140625E-6	
0.009482379531860352	0.005866894149780273	0.0029325443267822267	0.0019788530349731446	5.367194175720215E-4	1.4190673828125E-5	0.0016394466400146484	3.340996742248535E-4	0.002827275562286377	4.3483314514160157E-4	8.85009765625E-5	0.0011656358718872071	0.004896681022644043	3.03938102722168E-4	1.5878467559814454E-4	0.009595879459381104	0.034737404727935794	0.014027430248260498	0.001954065990447998	3.423648834228516E-4	0.0031079864501953125	2.5431346893310546E-5	3.706188201904297E-5	
7.236735343933105E-4	0.001117070484161377	2.927989959716797E-5	9.069400787353515E-4	7.559797286987304E-4	1.1359310150146484E-5	0.002364646053314209	0.0023304155349731445	7.753923416137696E-4	0.0014340633392333985	7.336931228637696E-5	0.006913096141815185	0.005213623046875	1.3693065643310547E-4	0.0	0.0015784708976745606	0.0033444976806640625	9.838523864746094E-5	9.344310760498047E-5	0.0	3.349897384643555E-4	0.0	1.0104751586914062E-5	
5.265979766845703E-5	2.945624351501465E-4	6.781578063964843E-7	1.0865106582641601E-4	6.357831954956055E-5	0.0	7.125005722045899E-5	2.7126312255859373E-6	9.581926345825195E-4	1.4568748474121093E-4	3.9605045318603516E-5	0.010021091079711913	5.929057121276855E-4	6.323919296264648E-5	5.0862598419189454E-5	2.0175933837890626E-6	0.002007581901550293	0.001153115177154541	7.799148559570312E-7	1.220703125E-6	2.166069984436035E-4	1.4302568435668945E-4	0.0	
