0.6561796654701233	0.011182606983184814	2.2950916290283204E-4	8.550432205200196E-4	2.777099609375E-4	0.0	0.010539872932434082	6.499395370483398E-5	9.102375984191895E-4	5.26445198059082E-4	7.711620330810547E-5	0.3008994378089905	0.0015944332122802734	2.53016185760498E-4	7.169084548950195E-5	0.5868965064048767	0.8942122395515442	0.014977832412719726	6.313743591308594E-5	2.8957786560058596E-4	0.530314000415802	0.0	2.9059505462646484E-5	
0.009238323593139648	0.0020089043617248534	8.836536407470703E-5	0.0029388936042785644	3.1229686737060544E-5	0.010380410099029541	0.00291229248046875	8.751764297485352E-5	0.0017395952224731445	0.0026557159423828123	9.156970977783203E-5	0.077116419506073	0.042498211288452145	1.1861162185668945E-4	2.5092124938964844E-6	3.131781578063965E-4	0.020752410888671875	0.04663527593612671	7.185194015502929E-4	1.8589439392089843E-4	0.002216762924194336	6.687672615051269E-4	3.6281585693359373E-6	
0.006764721298217774	0.0038372209548950195	1.2020530700683593E-4	6.087493896484375E-4	3.54597282409668E-4	1.09100341796875E-5	0.0016303083419799804	8.87298583984375E-5	0.001140899658203125	4.107326507568359E-4	2.3274736404418946E-4	0.00847991943359375	0.02303381175994873	1.348198890686035E-4	1.6793155670166014E-5	0.005998509693145752	0.027975429916381835	2.138519287109375E-4	8.296373367309571E-4	1.1990861892700195E-4	0.001022974681854248	0.0	1.3393402099609376E-6	
0.2675828043937683	0.1493749406814575	1.3224315643310547E-5	4.920110702514648E-5	0.0051776801109313965	1.4059276580810547E-4	8.096485137939453E-5	0.0016777716636657714	0.019559639835357665	0.0	5.880228996276855E-4	0.048319676685333254	7.390336990356446E-5	0.0015800730705261231	0.0029998779296875	0.046816296005249024	0.05446642560958862	0.005337761783599853	0.005435087394714356	0.0	0.00849218578338623	8.836536407470703E-5	3.408135414123535E-4	
0.002742953872680664	1.937188148498535E-4	1.220703125E-6	3.1706914901733396E-4	0.0	0.0	4.718360900878906E-5	0.007994359302520753	0.04001630144119263	3.5448713302612306E-4	0.0	0.007102203369140625	0.002606786060333252	2.644824981689453E-6	7.319135665893555E-5	0.29940796747207643	0.057485919570922854	5.9356689453125E-5	2.221851348876953E-5	0.0	1.77764892578125E-5	1.373291015625E-5	0.0	
1.1852684020996094E-4	0.001609056282043457	1.0766029357910156E-6	2.500743865966797E-5	0.0	0.0	8.633079528808594E-5	0.0	4.9752140045166016E-5	1.7462730407714843E-6	0.0	0.0018113200187683106	3.788414001464844E-5	0.0	5.001068115234375E-7	5.389747619628906E-5	0.018136562728881835	1.28936767578125E-5	1.6259098052978515E-5	3.814697265625E-7	2.7338695526123046E-5	3.1620025634765624E-6	0.0	
0.015837817764282225	0.017056732177734374	9.18426513671875E-4	0.002421247673034668	9.987895011901856E-4	1.3563156127929687E-6	2.8493242263793946E-4	2.76039981842041E-4	6.45005989074707E-4	2.1817522048950196E-4	0.006190456771850586	0.020286975479125977	0.006757676887512207	1.5798778533935548E-4	1.4505176544189454E-4	0.012287224674224854	0.005361828231811523	2.5891618728637693E-4	2.7284412384033204E-4	1.6738042831420898E-4	0.0021538204193115233	0.0022242058753967286	2.4570045471191407E-4	
0.001322758960723877	8.39996337890625E-5	3.1068611145019535E-5	1.3868541717529297E-4	0.0012203471183776856	0.0	5.289745330810547E-6	0.0	0.06936283531188965	9.2315673828125E-5	3.0517578125E-7	0.005056805038452149	2.558051109313965E-4	1.2715625762939453E-5	3.2373218536376955E-4	0.26556047229766844	0.03722786798477173	5.10533618927002E-4	1.7971038818359376E-6	0.0	2.0684242248535155E-6	0.0	6.781578063964843E-7	
0.004259482479095459	2.824741363525391E-4	0.0	4.3443470001220704E-4	4.3813915252685545E-4	0.0	4.621715545654297E-5	0.07639569597244263	0.23235047235488893	8.090553283691406E-5	1.4590797424316406E-4	0.008367140007019044	0.003694313907623291	1.1613845825195312E-6	1.5806407928466797E-4	0.4316496531486511	0.07497623023986816	2.5177001953125E-4	0.0016171942710876464	0.0	4.917653083801269E-4	0.0	3.5693702697753906E-4	
2.5167675018310546E-4	0.014502521133422852	3.210277557373047E-5	0.0	4.090203285217285E-4	1.9514274597167968E-5	0.0012337324142456055	7.451372146606446E-5	0.0038644663810729982	0.0	1.2830095291137695E-4	0.005361963939666748	1.4241218566894532E-6	2.6162891387939455E-4	1.4119462966918946E-4	0.030138032722473146	0.052536205673217776	0.003929536628723145	6.523980140686035E-4	9.594218254089356E-4	0.0013207753181457519	0.0	2.473621368408203E-5	
0.004913770866394043	0.054538667488098144	7.180192947387695E-4	0.002563764762878418	5.80012035369873E-4	8.222579956054687E-7	8.190574645996094E-5	2.93723201751709E-4	0.005793923282623291	0.003467441177368164	0.0037287479400634764	0.016991314315795897	0.003034379768371582	1.6454029083251953E-5	1.7317028045654297E-4	0.008732257461547852	0.5628858354568481	1.3654918670654296E-4	8.13022232055664E-4	9.344905853271485E-4	3.096431732177734E-4	1.4019432067871094E-4	3.5434722900390623E-6	
0.020662019538879396	0.023573947525024414	2.0418806076049804E-4	0.00585729808807373	0.001725896167755127	0.014602152538299561	0.002324337387084961	0.001605860424041748	0.005897208309173584	0.003633719539642334	1.9217586517333984E-5	0.3058889600753784	0.02199991865158081	2.6413812637329103E-4	5.016666412353516E-4	0.004568913745880127	0.06224540710449219	0.08794868469238282	0.0034839799880981444	0.01016754150390625	7.668304443359375E-4	0.005307481575012207	0.0030001152992248535	
2.24143123626709E-4	0.009335403442382812	2.382087707519531E-6	0.0	0.0016200426101684571	1.7844295501708983E-5	0.002397494888305664	1.0854082107543945E-4	0.003999481201171875	3.5943031311035155E-6	6.0085678100585934E-5	0.01794392900466919	2.2355823516845703E-4	4.5318603515625E-5	5.318536758422852E-5	5.767398834228515E-4	0.005135175895690918	0.001426857852935791	0.001725336742401123	0.003639373779296875	1.1663646697998047E-4	0.007067743968963623	3.165349960327148E-5	
2.8906078338623045E-4	0.001680772590637207	5.686272621154786E-4	9.631690979003906E-5	3.8994693756103515E-5	4.4078826904296875E-7	6.270513534545898E-5	1.1859512329101563E-5	1.0365800857543945E-4	6.0755443572998045E-5	6.544303894042968E-6	6.059858322143554E-4	3.760443687438965E-4	0.0	0.0	0.0010222540855407715	0.02164559259414673	0.0	0.0	5.848884582519531E-7	6.430730819702149E-5	0.0	0.0	
3.253936767578125E-4	1.5453720092773437E-5	0.0	4.6192588806152343E-4	6.0458755493164064E-5	0.0	5.1557731628417966E-5	0.0105865478515625	2.47955322265625E-4	6.832504272460937E-6	1.4750480651855468E-6	6.185235023498535E-4	6.181758880615234E-4	4.4078826904296875E-7	0.0	3.563181877136231E-4	1.3616771697998046E-4	1.5936851501464844E-6	0.0	0.0	4.879417419433594E-5	0.0	0.0	
0.0074468400955200196	3.118133544921875E-4	0.007507468318939209	4.7394647598266603E-4	0.1922271728515625	0.0	3.124656677246094E-5	0.09939429388046264	0.15813308715820312	3.4923973083496096E-4	0.0165118408203125	0.12826247320175171	0.001471837329864502	0.03105338201522827	0.0	0.01686315746307373	0.001230477237701416	4.903154373168945E-5	0.003336673355102539	0.0	4.0113639831542966E-5	0.0	4.004583358764649E-5	
0.012365341186523438	0.01322210521697998	0.004924494457244873	0.003305324935913086	0.14901300220489502	1.0962591171264648E-4	0.014778688240051269	8.193376541137695E-4	0.003415239143371582	0.03148407831192017	0.012395231437683105	0.10199873180389404	0.025104955005645753	0.01266471014022827	4.9650382995605466E-5	0.04000727338790894	0.02777435302734375	3.84996223449707E-4	5.127207756042481E-4	6.83890438079834E-4	0.018487489509582518	0.0	4.230584144592285E-4	
0.001125462818145752	0.008730790901184083	0.002597223949432373	5.24139404296875E-5	1.0464134216308594E-4	2.0404434204101564E-5	5.3159904479980466E-5	2.31170654296875E-4	7.26945686340332E-4	4.3064117431640626E-6	3.391265869140625E-7	0.1289303334236145	3.1128778457641603E-4	0.0	4.7473907470703127E-7	3.478495597839355E-4	0.005647328662872314	0.0	1.7887115478515624E-6	9.623212814331055E-5	3.9157447814941405E-4	2.59577465057373E-4	2.9644393920898436E-5	
6.212024688720703E-5	4.3050975799560545E-4	0.0	2.1146135330200197E-4	2.695751190185547E-6	9.424506187438965E-4	0.0031454044342041016	9.494781494140625E-7	9.357032775878906E-5	1.9251537322998045E-5	1.9022655487060547E-5	0.022288369083404543	0.0025852033615112306	7.121086120605469E-7	0.0	0.0012138706207275392	0.008850538444519043	6.781578063964843E-7	0.0	2.7720451354980467E-6	4.33807373046875E-4	3.6320152282714844E-4	7.121086120605469E-7	
1.6832141876220704E-4	1.4733209609985352E-4	0.0	2.548895835876465E-4	1.4970569610595703E-4	1.2546539306640626E-6	1.2094287872314454E-4	2.7092838287353515E-5	0.003692643928527832	1.2555437088012695E-4	1.5224838256835937E-5	0.003966403579711914	7.68593692779541E-4	4.213142395019531E-6	0.0	0.010152511596679688	0.012309850025177002	3.312854766845703E-5	1.6954421997070313E-6	7.043628692626953E-5	7.137718200683593E-5	6.117076873779297E-5	0.0	
0.007088690853118897	0.004268307113647461	0.001442998218536377	0.0022935909271240233	6.24720287322998E-4	6.351051330566407E-5	0.0022756025314331053	2.4251298904418944E-4	6.708866119384765E-4	1.813422203063965E-4	6.72454833984375E-4	0.001378775691986084	0.012002792358398438	2.3913917541503905E-4	4.001235961914062E-6	0.004847259521484375	0.026232062435150146	0.006003129768371582	1.5324058532714845E-4	1.4258489608764648E-4	0.001845576000213623	6.781578063964843E-7	1.5157032012939453E-5	
6.946983337402343E-5	0.0010796186447143555	5.807666778564453E-5	2.275933265686035E-4	0.002978541088104248	1.1359310150146484E-5	9.841070175170899E-5	0.0020785099029541018	7.181718826293946E-4	0.0026013438224792482	4.611587524414063E-6	0.00995630054473877	0.005808402156829834	3.0661678314208984E-5	0.0	0.001218244743347168	0.003894678783416748	6.819576263427734E-4	6.995306015014649E-5	0.0	2.1701393127441406E-4	0.0	1.0579395294189452E-5	
5.120182037353516E-6	1.4478044509887695E-4	0.0	0.0011517927169799804	0.0	0.0	1.6476097106933593E-4	1.2715625762939453E-5	7.875232696533203E-5	1.9453258514404297E-4	1.2715625762939453E-5	0.0039203220367431645	0.002172995662689209	0.0	0.0	5.764007568359375E-7	0.0017397393226623536	0.001162083911895752	0.0	0.0	9.012861251831054E-5	1.3651533126831056E-4	0.0	
