0.674639663696289	0.009760521793365479	1.72119140625E-4	3.224945068359375E-4	2.7099609375E-4	9.663581848144532E-7	0.13898068742752076	1.7547607421875E-6	8.47634220123291E-4	6.375800132751465E-4	4.391984939575195E-5	0.322912317943573	0.0011991204261779785	1.0938854217529297E-4	2.0654468536376953E-4	0.675795779800415	0.7821167755126953	0.015250896835327148	1.363457679748535E-4	8.352489471435547E-5	0.522942174243927	2.6109504699707032E-5	7.573442459106446E-5	
0.016119147396087646	9.109920501708985E-4	9.1552734375E-6	0.006525921249389648	1.4345808029174806E-4	0.008004345321655273	0.002806065845489502	9.265518188476563E-6	2.5279579162597657E-4	0.001419948959350586	6.359519958496093E-5	0.06330621509552002	0.015911280345916747	8.539838790893555E-5	1.0341644287109375E-6	1.90878963470459E-4	0.008877453231811524	0.04293713035583496	2.217864990234375E-4	0.0013738505363464356	0.0012084706306457519	2.68088436126709E-4	2.2040367126464845E-6	
0.013520050048828124	0.002418526554107666	1.938629150390625E-4	0.0019993167877197264	3.837924957275391E-4	1.2986946105957032E-5	6.554412841796875E-4	6.112003326416016E-6	2.7463274002075195E-4	3.22418212890625E-4	1.3031005859375E-4	0.005122816276550293	0.009593929672241212	1.0183544158935547E-4	4.6539306640625E-6	0.007197833633422851	0.021815745067596436	3.070411682128906E-5	7.072703361511231E-4	7.361772537231446E-4	6.944444656372071E-4	5.425453186035156E-7	2.644824981689453E-6	
0.10331736249923706	0.11772350730895996	1.547069549560547E-5	1.5038394927978516E-5	9.184434890747071E-4	4.3487548828125E-6	2.349853515625E-5	6.844499588012696E-4	0.013329789924621582	0.0	2.518886566162109E-4	0.03406494989395142	4.475879669189453E-6	0.001392339038848877	0.0029605950355529784	0.03580602006912231	0.036903152465820314	0.004385265731811523	0.0019550068855285646	0.0	0.01445623607635498	1.5873374938964844E-4	0.008114657974243164	
0.002008683967590332	6.445140838623047E-5	3.5600662231445314E-7	1.0159807205200195E-4	0.0	1.0766029357910156E-6	9.762229919433594E-5	1.93625545501709E-4	0.03027036876678467	2.69944953918457E-4	1.4241218566894532E-6	0.005113932323455811	0.003012220573425293	1.2715625762939453E-5	4.565773010253906E-5	0.21348653154373168	0.03229287891387939	3.064470291137695E-5	3.391265869140625E-7	0.0	1.4894294738769532E-5	9.833431243896484E-6	1.2376594543457031E-5	
6.0017871856689456E-5	4.978434562683106E-4	1.3563156127929687E-6	1.8733978271484374E-6	7.613286972045899E-5	0.0	1.500415802001953E-6	0.0	3.168745040893555E-5	0.0	0.0	1.7983331680297853E-4	2.1455574035644533E-5	0.0	3.2215118408203124E-7	5.730533599853515E-6	0.013328281021118164	1.1020278930664063E-5	0.0	0.0	5.510330200195312E-7	4.2724609375E-5	0.0	
0.012714436817169189	6.220668792724609E-4	6.31857967376709E-4	1.8136768341064452E-4	1.9495649337768556E-4	5.92041015625E-5	3.900318145751953E-5	9.791088104248047E-6	6.873235702514649E-5	1.0173377990722657E-4	8.497447967529297E-5	0.014045342350006103	0.028689999008178712	4.17327880859375E-5	1.3817787170410157E-6	2.841864585876465E-4	0.001843727970123291	1.1038036346435547E-4	1.7183113098144532E-5	2.1653070449829102E-4	3.41661262512207E-4	0.0010114203453063964	3.536643981933594E-5	
0.001418880844116211	1.6744823455810547E-4	0.0	3.645133972167969E-6	2.9669857025146485E-5	1.2376785278320313E-6	4.4078826904296875E-7	0.0	0.049807222175598145	9.066267013549804E-5	2.2125244140625E-5	0.0032073466300964353	7.402801513671875E-4	1.3156509399414063E-5	8.731842041015625E-7	0.18487448797225953	0.026657994556427003	4.4737071990966795E-4	0.0	0.0	7.349653244018554E-5	0.0	0.0	
0.005737753963470459	9.257850646972656E-5	0.0	5.105167388916016E-4	0.002598868465423584	0.0	1.8268203735351562E-5	0.06901953802108765	0.15307805376052858	7.323795318603516E-4	6.086559295654297E-5	0.008023105239868164	0.00207000732421875	9.833335876464843E-7	3.549365997314453E-5	0.3662306468009949	0.05371461658477783	8.746681213378906E-5	3.253517150878906E-5	0.0	2.0891828536987304E-4	1.5326595306396486E-5	3.2819957733154297E-4	
0.0016814930915832519	0.00682179765701294	0.005082304191589356	0.0	3.888617515563965E-4	2.873706817626953E-6	0.002605912971496582	3.3679580688476566E-5	0.005883950138092041	0.0	4.514904022216797E-5	0.012489251041412354	0.0011595831871032715	0.002817069149017334	5.893287658691406E-5	0.028459845638275146	0.046169340324401856	0.004628982543945313	0.0015159098625183106	1.9308300018310546E-4	0.00572174072265625	0.0	1.8063859939575195E-4	
0.003370488452911377	0.03410069780349732	7.79088306427002E-4	7.59718132019043E-4	0.0010655720710754395	8.85772705078125E-5	1.3249711990356446E-4	0.0014225853919982911	0.004933810806274414	0.0030573442459106447	0.0014554256439208984	0.014232364273071289	0.002106441879272461	2.9593563079833983E-5	6.112003326416016E-6	0.007042066764831543	0.527759568977356	5.289716720581055E-5	0.0013150702476501465	2.0425586700439452E-4	0.0016031646728515625	1.1088085174560546E-5	5.6847476959228514E-5	
0.022998513126373292	0.016330167961120606	6.88934326171875E-5	0.004742041683197021	0.006338975715637207	0.011369942569732666	0.0010859425544738769	6.80575942993164E-4	9.673394203186035E-4	0.002116411018371582	7.136030197143555E-5	0.23036021766662598	0.01843934803009033	2.6835975646972656E-4	3.8248701095581057E-4	0.00167388916015625	0.046660537719726565	0.06165535821914673	0.004958792781829834	4.2418584823608396E-4	0.0037476518630981445	0.008271738719940186	0.0014612324714660643	
6.08978271484375E-4	0.00432256908416748	2.912731170654297E-5	9.325027465820313E-7	5.5816650390625E-4	2.8805160522460937E-5	5.275302886962891E-4	7.4005126953125E-4	0.001164067554473877	1.4868831634521485E-5	6.029767990112305E-5	0.006951972103118896	7.142810821533203E-5	3.359479904174805E-5	2.9076480865478517E-5	2.3751153945922852E-4	0.006153708553314209	5.505876541137695E-5	0.004728580093383789	0.009080081558227539	4.4916791915893553E-4	6.37520694732666E-4	1.1198234558105469E-5	
3.0813426971435545E-4	7.99526596069336E-4	3.4795122146606444E-4	5.389747619628906E-5	1.3478279113769531E-6	0.0	1.7064380645751953E-5	0.0	1.625739097595215E-4	3.454418182373047E-5	0.0	4.215325355529785E-4	2.8637351989746094E-4	0.0	0.0	0.0013134257316589355	0.015759836864471435	0.0	7.459831237792968E-6	0.0	9.000988006591797E-5	0.0	3.729820251464844E-7	
3.6510887145996094E-4	3.077192306518555E-5	0.0	3.04412841796875E-5	5.5592823028564455E-5	0.0	3.814697265625E-5	0.0	7.091102600097656E-5	2.7932071685791017E-5	0.0	3.6191301345825193E-4	6.208038330078125E-4	0.0	0.0	4.447682380676269E-4	8.821277618408203E-5	2.543163299560547E-6	0.0	0.0	0.0	0.0	0.0	
0.009689407348632812	8.377923965454102E-5	0.0036133405685424805	4.467430114746094E-5	0.11579082069396973	4.509830474853516E-6	5.764389038085938E-6	0.04701069297790527	0.10204829750061035	5.528004646301269E-4	0.011848441219329833	0.10352902727127075	0.0030941264152526855	0.021970757389068604	0.0	0.009402126693725586	0.001462215805053711	7.526817321777344E-5	0.0023147074699401853	0.0	2.6295948028564453E-5	0.0	3.126354217529297E-5	
0.020532243537902832	4.0851173400878904E-4	0.006305813217163086	0.004316567325592041	0.08126174926757812	8.350791931152344E-5	0.006247160148620605	7.782831192016602E-5	0.0012861124992370606	9.363810539245606E-4	0.008748118114471435	0.06412294178009033	0.027506476497650145	0.00634511308670044	2.5185489654541015E-5	0.046393118953704834	0.007234692001342773	0.010972874927520752	2.6592674255371094E-4	0.03008935718536377	0.01511669578552246	3.391265869140625E-7	3.865528106689453E-6	
0.001442404842376709	0.008933029174804687	0.0024530792236328123	1.9870376586914062E-5	1.9716901779174805E-4	0.0	4.022388458251953E-5	6.215410232543945E-5	4.79448127746582E-4	1.5835189819335936E-5	1.3088607788085937E-5	0.10708722429275512	1.5927629470825194E-4	4.069328308105469E-7	3.391265869140625E-7	2.96953010559082E-4	0.004944814014434814	0.0	6.103515625E-7	1.0344610214233399E-4	5.7576465606689454E-5	4.932823181152344E-5	0.0	
1.1284723281860352E-4	2.2388038635253905E-4	1.3902664184570312E-6	1.6137866973876954E-4	1.1104583740234376E-6	4.57763671875E-7	0.002376564884185791	1.5173912048339843E-6	1.8436012268066405E-4	3.200615882873535E-4	1.2376594543457031E-5	0.018739064502716063	3.76417350769043E-4	1.2461376190185548E-5	0.0	0.001857579517364502	0.018058802318572997	1.1528968811035157E-6	0.0	5.094718933105469E-6	4.4581127166748044E-5	0.0025459882736206057	2.74658203125E-6	
1.0598926544189453E-4	1.1149091720581055E-4	2.5431346893310546E-5	8.860273361206055E-5	3.85275936126709E-4	3.391265869140625E-7	0.002491938304901123	1.40380859375E-5	0.004212053108215332	3.6578750610351565E-5	0.0	0.010551740837097168	0.0013924577713012695	2.9668807983398436E-7	0.0	0.0042965358734130855	0.024108149242401122	2.916126251220703E-5	2.0344734191894533E-6	8.913679122924805E-5	8.172779083251953E-5	0.0	4.781055450439453E-6	
0.022312706851959227	0.003312403392791748	0.001236106014251709	6.70166015625E-4	1.2595281600952149E-4	2.2464752197265624E-6	7.085758209228515E-4	2.8325395584106447E-4	5.483415603637695E-4	1.0312395095825196E-4	5.397377014160156E-5	2.5416908264160157E-4	0.003278817081451416	1.1096534729003906E-4	2.12860107421875E-5	0.003604566764831543	0.01639514503479004	4.599677085876465E-4	1.3953304290771484E-5	3.09456729888916E-4	2.220916748046875E-4	0.0	3.391265869140625E-7	
5.300479888916016E-4	2.04925537109375E-4	1.6487979888916017E-5	2.9067144393920896E-4	7.433149337768554E-4	7.544612884521485E-6	7.787914276123047E-5	0.001881527328491211	5.773247718811036E-4	5.621761322021485E-4	5.296497344970703E-5	0.006101040267944336	0.004041290283203125	5.443992614746094E-5	0.0	7.536993026733398E-5	0.0032059393882751465	1.3493852615356446E-4	3.683300018310547E-5	0.0	2.3819818496704102E-4	0.0	1.0130119323730468E-5	
4.5225334167480465E-5	2.7296257019042968E-5	0.0	3.3382797241210934E-5	3.391265869140625E-7	3.2215118408203124E-7	3.9893245697021484E-5	4.4078826904296875E-7	3.065319061279297E-5	0.0011847347259521484	1.28173828125E-5	0.0015297783851623535	6.597222328186035E-4	2.0344734191894533E-6	0.0	0.0	1.1380510330200195E-4	0.0	8.900957107543945E-5	1.274956703186035E-4	0.0	3.2526683807373044E-5	0.0	
