0.6810058000564575	0.01018108787536621	3.482398986816406E-5	5.291154861450196E-4	6.099955558776856E-4	1.5598297119140624E-6	0.07962816877365113	1.3156509399414063E-5	6.799824714660644E-4	1.5481739044189452E-4	5.132036209106445E-5	0.3014150153160095	0.0013679080963134767	4.959955215454101E-5	1.0526866912841797E-4	0.7378810374259949	0.7646392567634582	0.014050123405456543	1.3242931365966797E-4	4.421653747558594E-5	0.5640069495201111	0.0	1.8768310546875E-5	
0.008025351619720459	0.0015261077880859375	3.2213211059570314E-6	0.005823516845703125	9.83428955078125E-5	0.007671161270141602	0.0037985652923583986	8.553409576416015E-6	1.6115827560424806E-4	0.0013570488929748536	9.772405624389649E-5	0.056369756031036375	0.04217608137130737	1.1641607284545899E-4	2.6109695434570313E-6	2.2059125900268555E-4	0.009130944156646729	0.03410025701522827	1.9405784606933593E-4	4.08469295501709E-4	6.670719146728515E-4	4.88594913482666E-4	1.5343666076660156E-6	
0.013707461929321289	0.002371682071685791	1.7741737365722655E-4	0.0018828243255615234	2.4800615310668943E-4	1.1342334747314453E-5	6.40860652923584E-4	4.6454429626464846E-6	5.954912185668946E-4	4.352399826049805E-4	2.20947265625E-4	0.005386700057983399	0.003607364273071289	8.982343673706055E-5	5.128669738769531E-6	0.0054926554679870605	0.03486365423202514	8.137989044189454E-6	0.001002510929107666	5.10533618927002E-4	0.003840772819519043	2.5083732604980468E-5	2.6448535919189453E-5	
0.016503872299194335	0.0896155463218689	4.128360748291016E-6	4.985389709472656E-5	0.001159506893157959	2.4481868743896484E-5	6.423101425170899E-5	7.12721061706543E-4	0.009874174308776856	0.0	2.190484046936035E-4	0.03297360734939575	3.3061027526855468E-6	0.001054670524597168	7.804362297058106E-4	0.033699111938476564	0.03517160205841065	0.0033196258544921876	0.0020223829269409178	0.0	0.009204033756256103	7.231817245483399E-5	0.007142613697052002	
0.002305942153930664	1.1615333557128906E-4	0.0	2.7713356018066405E-4	0.0	6.893577575683594E-5	4.987926483154297E-5	1.508246421813965E-4	0.02925240411758423	3.5099449157714843E-4	8.137702941894531E-7	0.008047247982025146	7.899898529052735E-4	5.950927734375E-6	6.249322891235351E-5	0.21211474952697754	0.028032099437713624	2.3718929290771483E-5	0.0	0.0	4.794654846191406E-5	9.494400024414063E-6	0.0	
6.550254821777343E-5	5.593448638916015E-4	5.901756286621094E-5	0.0	1.3563156127929687E-6	0.0	1.0850906372070312E-6	7.374763488769531E-7	3.8248729705810544E-5	0.0	0.0	5.922107696533203E-5	2.2608470916748048E-5	3.992748260498047E-6	3.9844512939453125E-7	1.4156341552734374E-6	0.014125323867797851	3.391265869140625E-7	2.992439270019531E-6	3.391265869140625E-7	0.0	2.2973060607910157E-6	6.443023681640625E-7	
0.008905097103118896	0.0011372798919677735	7.666523933410644E-4	3.83622932434082E-4	2.68698787689209E-4	1.7462730407714843E-6	1.8683528900146485E-5	2.6109695434570313E-6	2.57271671295166E-4	2.9990301132202146E-4	0.0012759822845458985	0.017707172012329103	0.022411626148223878	1.3131885528564453E-4	1.3224315643310547E-5	2.353753089904785E-4	0.0028707292556762695	2.170477867126465E-4	1.214599609375E-4	4.500579833984375E-4	0.001780683708190918	9.764522552490235E-4	9.371442794799805E-5	
0.0012326473236083985	2.2085399627685547E-4	0.0	1.568260192871094E-5	7.389488220214843E-5	1.8310546875E-6	2.1277427673339845E-6	0.0	0.04749950828552246	5.952625274658203E-5	1.3063240051269532E-5	0.0036722734451293945	3.812493324279785E-4	3.3145904541015625E-6	3.985090255737305E-5	0.17738671197891234	0.023769293880462648	1.2900457382202147E-4	3.391265869140625E-7	0.0	1.5479183197021486E-5	0.0	0.0	
0.00391143798828125	1.0754051208496093E-4	0.0	2.4263172149658203E-4	2.75904369354248E-4	0.0	1.0172843933105469E-6	0.04094242515563965	0.14571020336151122	3.314632415771484E-4	5.913629531860351E-5	0.008866806030273438	0.015697784423828125	3.042430877685547E-5	9.897871017456054E-5	0.36485876293182373	0.05567881269454956	4.9531745910644534E-5	8.900642395019531E-7	0.0	1.9056529998779298E-4	7.358169555664063E-6	4.525078773498535E-4	
0.0014080387115478516	0.011988483047485352	0.0013388401031494141	0.0	3.9092168807983396E-4	5.9594154357910155E-6	0.002042253303527832	4.94384765625E-5	0.002401767349243164	0.0	1.3648033142089844E-6	0.005637147712707519	0.001008012580871582	0.002629555606842041	8.098182678222656E-5	0.04852125377655029	0.04455617265701294	0.002848332691192627	0.0013160197257995605	2.2900047302246095E-4	0.004923019409179687	4.4078826904296875E-7	1.5498695373535157E-4	
0.004334080982208252	0.03513337879180908	8.97081184387207E-4	9.524366378784179E-4	5.98610782623291E-4	7.374763488769531E-7	6.523981094360352E-5	9.464009284973144E-4	0.003432642650604248	0.003440416145324707	0.001525098991394043	0.013341284847259521	0.0015218523025512696	4.472522735595703E-5	2.1701431274414064E-5	0.008439093685150147	0.5189031558990479	2.907562255859375E-4	9.716118812561035E-4	2.6951255798339844E-4	2.2717790603637696E-4	3.231468200683594E-5	7.157220840454102E-5	
0.025940263557434083	0.017419874382019043	7.5836181640625E-5	0.0016000959396362305	4.7166614532470705E-4	0.009573330307006836	7.551066398620605E-4	1.0563316345214843E-4	0.0022196620941162108	0.005107184505462646	8.957757949829101E-5	0.2554750315666199	0.015585912036895752	3.339725494384766E-4	1.525115966796875E-4	0.002067531967163086	0.03322993812561035	0.06112477617263794	0.003918262100219726	9.006160736083985E-4	9.836238861083983E-4	0.001987618350982666	0.001465784740447998	
1.8541975021362306E-4	0.003399624252319336	5.3549861907958984E-5	0.0	6.801265716552734E-4	9.918212890625E-7	4.401821136474609E-4	2.7804946899414062E-5	0.003592681884765625	1.646251678466797E-5	3.0085277557373048E-5	0.005696979141235352	5.468578338623047E-5	1.3054752349853516E-5	7.8582763671875E-6	1.5508012771606446E-4	0.005112940502166748	2.2893266677856446E-4	0.001041997241973877	0.001257485294342041	3.675079345703125E-4	4.4446306228637693E-4	7.154655456542969E-6	
2.5676307678222654E-4	0.001381089973449707	4.3579950332641603E-4	2.9669857025146485E-5	1.4919281005859375E-6	6.0272216796875E-6	8.951854705810546E-6	0.0	1.43135929107666E-4	3.165349960327148E-5	0.0	4.3849525451660154E-4	2.6668968200683596E-4	0.0	0.0	0.001159032154083252	0.015171449470520019	0.0	5.154037475585937E-6	1.2037467956542968E-5	1.6838922500610353E-4	0.0	0.0	
2.6057777404785154E-4	1.924324035644531E-6	0.0	1.3902473449707031E-5	1.3563156127929687E-6	0.0	1.146106719970703E-5	3.35693359375E-6	7.402210235595703E-5	2.1158885955810545E-5	2.848339080810547E-6	1.3573541641235352E-4	8.830604553222657E-5	5.085945129394531E-7	0.0	3.8977727890014647E-4	9.699506759643554E-5	1.0986328125E-5	0.0	0.0	3.391265869140625E-7	0.0	0.0	
0.011596450805664063	4.461498260498047E-5	0.004462661743164062	5.2388477325439456E-5	0.11216562061309815	0.0	8.205795288085938E-6	0.048666737842559815	0.11446430625915527	0.00113433837890625	0.012437718677520752	0.09857698230743409	3.472052574157715E-4	0.02266245527267456	0.0	0.010655602359771728	4.654608726501465E-4	2.7262401580810547E-5	0.003175226879119873	0.0	3.57818603515625E-5	0.0	2.9169750213623047E-5	
0.012104568481445312	0.00118682861328125	0.002516504955291748	0.004264187240600586	0.07622767133712768	6.20269775390625E-5	0.008685319709777832	9.229869842529297E-5	0.0010747612953186036	7.73476505279541E-4	0.008659354305267333	0.08623071460723877	0.029081090259552002	0.008180889511108399	3.1280517578125E-5	0.04122019453048706	0.00805674238204956	0.01438726634979248	1.1474609375E-4	0.033670544052124024	9.03939151763916E-4	2.366809844970703E-5	1.0825252532958985E-5	
0.0015855747222900392	0.0072376166343688965	0.0022320133209228514	5.8102035522460936E-5	8.765325546264649E-5	0.0	1.319122314453125E-4	8.612728118896485E-6	5.39118480682373E-4	4.509830474853516E-6	1.2859725952148438E-5	0.11102522954940795	6.406145095825195E-5	0.0	1.1528968811035157E-6	5.237494468688965E-4	0.0060756768226623535	0.0	1.093578338623047E-6	8.843317031860351E-5	2.85025691986084E-4	8.105812072753906E-5	3.2215118408203124E-7	
9.74273681640625E-5	2.0953712463378906E-4	8.815765380859375E-7	4.6327400207519535E-5	8.137702941894531E-7	0.0	0.002721371078491211	0.0	1.8310546875E-6	6.609601974487305E-5	4.2724609375E-6	0.02050905866622925	6.12309741973877E-4	2.6363372802734377E-6	1.4919281005859375E-6	0.0018976593017578124	0.01883864507675171	4.4078826904296875E-7	0.0	1.8225669860839844E-6	3.1585693359375E-5	0.0017763604164123534	1.3156509399414063E-5	
0.0011956363677978516	7.880315780639649E-5	0.0	6.184892654418946E-5	0.0013055419921875	1.729326248168945E-5	0.0024305131912231446	1.4072036743164062E-5	0.0032555304527282715	1.3012313842773437E-5	8.052825927734375E-7	0.012095014762878418	0.004249428653717041	0.0	0.0	0.007391365909576416	0.0035065290451049805	4.252119064331055E-5	2.0344734191894533E-6	6.932573318481445E-5	6.301031112670899E-5	0.0	0.0	
0.008818359375	0.004942025089263916	9.21927547454834E-4	8.542972564697266E-4	8.344011306762696E-5	2.593994140625E-6	0.0035024346351623537	2.1498785018920897E-4	4.99148941040039E-4	9.577436447143554E-5	2.1870899200439452E-5	4.154290199279785E-4	0.001224034595489502	1.1271162033081055E-4	0.0	0.002855495834350586	0.01699346752166748	0.005579503345489502	6.868152618408203E-5	2.140045166015625E-4	3.7662925720214843E-4	0.0	2.593994140625E-6	
2.2952613830566407E-4	2.0768909454345704E-4	1.4580726623535156E-6	2.3423938751220702E-4	9.551662445068359E-4	2.8652572631835937E-5	2.4692955017089843E-4	0.0023033989906311035	7.283189773559571E-4	4.0768089294433593E-4	8.013410568237305E-5	0.005674099349975586	0.004671902084350586	4.942150115966797E-5	0.0	8.44573974609375E-5	0.0030858442306518556	1.5655517578125E-4	5.526227951049805E-5	0.0	2.23236083984375E-4	0.0	1.600475311279297E-5	
2.8135490417480467E-5	3.8613224029541017E-5	0.0	1.0570106506347656E-4	0.0	0.0	2.67808723449707E-4	0.0	4.603071212768555E-5	5.56479549407959E-4	4.6657943725585936E-5	0.00134521484375	7.65211296081543E-4	2.4074935913085936E-5	1.0850906372070312E-6	4.4078826904296875E-7	3.9417686462402346E-4	1.7039299011230468E-6	1.373291015625E-5	0.0	2.6558780670166016E-5	8.394031524658203E-5	0.0	
