0.7086602613449097	0.012097464656829834	0.0012941826820373535	4.948340415954589E-4	2.3795232772827148E-4	4.4078826904296875E-7	0.3404748026847839	1.4940052032470704E-4	0.008084123420715333	6.54305362701416E-4	1.3767662048339843E-4	0.34994862022399903	0.0017550065994262696	9.898719787597656E-5	8.302478790283203E-5	0.7404367743492126	0.8463282436370849	0.014432822322845458	4.221601486206055E-5	2.0979986190795897E-4	0.5548675028800965	0.0	7.292852401733399E-5	
0.007225638484954834	0.0025354597091674803	4.0113639831542966E-5	0.004171964836120605	2.2755937576293946E-4	0.01150522871017456	0.0032990773200988767	1.8902244567871093E-4	7.352277755737304E-4	0.003025995922088623	8.999290466308594E-5	0.09803705854415894	0.01951670331954956	0.0015230645179748535	1.2758064270019532E-5	1.9337968826293946E-4	0.04682932538986206	0.04459907531738281	6.547716140747071E-4	2.3151817321777343E-4	0.017679477310180665	0.0012375386238098144	6.1374664306640625E-6	
0.015437410163879395	0.003080266284942627	1.1724681854248047E-4	6.858317375183106E-4	1.1568708419799805E-4	1.4555168151855469E-5	8.058929443359375E-4	2.9796981811523436E-5	6.777106285095214E-4	8.174218177795411E-4	2.2892417907714843E-4	0.0028162384033203125	0.012610846614837646	1.096343994140625E-4	6.757946014404297E-5	0.006709272575378418	0.03991569519042969	3.823175430297852E-5	0.002001224136352539	1.3300609588623047E-5	0.008499501514434814	1.2037467956542968E-5	1.5080738067626953E-5	
0.23048243207931518	0.15156859502792358	4.43106746673584E-4	5.474510192871094E-5	0.002179701042175293	2.36807918548584E-4	1.5519037246704103E-4	0.001005689811706543	0.023454301643371582	0.0	8.11131763458252E-4	0.03756341724395752	4.442024230957031E-6	0.002226070785522461	0.0035625627517700195	0.04630361766815186	0.07062309265136718	0.0042897711753845215	0.004719026374816895	0.0	0.011039869499206543	9.748458862304687E-7	8.18617057800293E-4	
0.0027186076164245608	1.9211664199829102E-4	3.933334350585937E-6	1.6649036407470703E-4	0.0	1.0172843933105469E-6	2.6075553894042967E-5	2.9544410705566404E-4	0.05026609630584717	2.1794633865356445E-4	2.1532058715820313E-6	0.008045026969909668	0.001825230884552002	9.1552734375E-7	2.8160953521728516E-5	0.2880492824554443	0.05108643426895142	2.0620555877685546E-4	4.7709178924560545E-5	0.0	1.3546371459960937E-5	1.814098358154297E-5	8.815765380859375E-7	
4.3072166442871096E-4	0.0014503818511962892	0.0	3.391265869140625E-7	1.1172866821289063E-5	0.0	2.839851379394531E-6	0.0	1.922607421875E-5	0.0	0.0	2.3000926971435546E-4	2.125205993652344E-5	0.0	0.0	2.3167896270751952E-5	0.019104622745513916	3.391265869140625E-7	1.9666862487792968E-5	0.0	1.3563156127929687E-6	4.7963428497314455E-5	0.0	
0.024297866821289062	0.010089306259155273	0.0022354804039001466	0.001550716781616211	6.36613655090332E-4	3.416271209716797E-5	7.465362548828125E-4	8.815765380859375E-7	6.0791015625E-4	0.0033094194412231445	6.822376251220704E-5	0.02154288396835327	0.11164772882461547	7.642955780029297E-5	6.514654159545898E-5	0.006307754516601562	0.005151036548614502	8.94927978515625E-5	2.7020769119262696E-4	0.0018842061042785645	0.003061201286315918	0.0017226749420166017	3.3246355056762694E-4	
0.001451297378540039	9.02557373046875E-5	3.655328750610351E-5	1.6108198165893555E-4	5.530039787292481E-4	1.1783599853515625E-6	5.595207214355469E-7	0.0	0.07192747325897217	4.216508865356445E-5	1.2715625762939453E-5	0.006643498706817627	0.0011796146392822266	2.2718620300292968E-5	4.32281494140625E-4	0.26417627124786375	0.030355656909942626	4.939778327941894E-4	1.4077081680297852E-4	0.0	4.917144775390624E-7	0.0	0.0	
0.005148595142364502	6.676822662353515E-4	0.0	0.0020112949371337892	5.281999588012695E-4	0.0	9.92584228515625E-5	0.12777280168533325	0.2300154622077942	2.2722034454345703E-4	1.4258480072021485E-5	0.016011869621276854	0.006329845809936524	9.51976776123047E-6	2.3266258239746095E-4	0.4317853969573975	0.07756708784103393	3.9232892990112306E-4	1.2885093688964843E-6	0.0	7.85810661315918E-4	0.0	4.61866569519043E-4	
2.7323408126831057E-4	0.008429760360717773	1.2808895111083985E-5	0.0	0.0012817975997924805	3.0602455139160155E-6	0.00127471923828125	7.531061172485352E-5	0.002031834888458252	0.0	1.1675519943237304E-4	0.005953852367401123	4.001235961914062E-6	4.3790178298950194E-4	6.442769050598145E-4	0.035315297412872315	0.04465337963104248	8.19252872467041E-4	0.0017416890144348145	8.916558265686035E-4	0.001901397705078125	4.069328308105469E-7	7.371692657470703E-5	
0.002928026008605957	0.05600175647735596	7.294294357299805E-4	0.0020041401863098145	8.09334659576416E-4	4.1012191772460934E-5	1.9227771759033202E-4	3.0580310821533204E-4	0.004559978866577149	0.0035738542556762697	9.591081619262696E-4	0.017136730575561525	0.003647740650177002	9.141712188720703E-5	0.0020634968757629393	0.011509441757202149	0.5774842241287231	1.0637922286987305E-4	5.715264320373535E-4	5.595906257629394E-4	4.2598304748535154E-4	6.55364990234375E-5	3.840160369873047E-6	
0.02338128833770752	0.01993583679199219	1.7232255935668945E-4	0.007706782054901123	0.0027257877349853516	0.016197458934783936	0.0012656232833862305	6.560261726379394E-4	0.005015292739868164	0.002729627799987793	1.3112382888793946E-4	0.31905202226638796	0.026686452198028565	2.1052045822143555E-4	0.0014722697257995607	0.007291251277923584	0.04631213722229004	0.09528574628829956	0.003386383056640625	0.002373165512084961	6.755913734436035E-4	0.001587083625793457	0.003568259334564209	
3.6191301345825193E-4	0.002810355281829834	1.8885297775268555E-4	2.3057937622070314E-6	4.081132888793945E-4	2.1387767791748047E-5	0.002940216064453125	7.281837463378906E-5	0.0012746174812316895	1.627635955810547E-6	7.318286895751952E-5	0.02923533124923706	1.1290655136108398E-4	3.0348014831542968E-5	5.683050155639648E-5	0.004486982536315918	0.005658747386932373	0.001021728515625	0.0017429521560668945	0.001108983325958252	2.0746021270751954E-4	9.384833335876465E-4	4.351213455200195E-4	
4.456159591674805E-4	0.001710671329498291	5.78884506225586E-4	1.9582958221435546E-4	1.6699790954589845E-6	0.0	4.781932830810547E-5	3.391265869140625E-7	1.3270063400268556E-4	3.111095428466797E-5	6.266279220581054E-5	6.73972225189209E-4	1.7744274139404296E-4	0.0	4.4078826904296875E-7	0.0016423374176025391	0.026574062728881836	0.0	3.2484245300292966E-5	8.815765380859375E-7	1.7367048263549804E-4	0.0	0.0	
2.7808294296264647E-4	3.138227462768555E-5	0.0	6.40716552734375E-4	0.0017917548179626464	0.0	1.7039299011230468E-6	0.0011283535003662108	0.001715977954864502	3.391265869140625E-7	3.3365917205810546E-5	8.4991455078125E-4	3.9771184921264647E-4	0.0	0.0	0.003173404312133789	3.431023597717285E-4	6.103515625E-7	4.543685913085938E-6	0.0	7.51495361328125E-5	0.0	0.0	
0.006383531379699707	3.7778215408325197E-4	0.008128433227539063	5.28852653503418E-4	0.20570827903747557	1.220703125E-5	4.537792205810547E-5	0.15125649347305298	0.17272161693573	8.24737548828125E-4	0.014677318954467774	0.14022301568984985	0.002429216194152832	0.035987718391418455	0.0	0.015302530956268311	0.002493260669708252	1.60980224609375E-5	0.0034105767250061036	0.0	1.6048851013183594E-4	0.0	2.7380943298339846E-6	
0.017219492626190186	0.011823255729675294	0.005787590885162354	0.0040362548828125	0.16047794761657716	2.6101016998291016E-5	0.014657380867004395	2.0340814590454103E-4	0.0069553714752197265	0.00420501708984375	0.012629682731628417	0.10717946367263793	0.022584474372863768	0.01614469738006592	4.408941268920898E-5	0.03812749223709106	0.014033796501159669	3.82368278503418E-4	6.246185302734375E-4	0.005334438705444336	0.01943552656173706	7.799148559570312E-7	2.6346874237060546E-5	
0.0012543657302856446	0.008986579036712647	0.002421417236328125	3.1543350219726564E-5	9.481639862060547E-5	5.255699157714844E-7	2.0294189453125E-5	1.0354785919189453E-4	2.5709362030029297E-4	1.7496776580810545E-5	1.1020660400390625E-6	0.12717812433242798	2.5115118026733396E-4	0.0	5.1456451416015625E-6	3.1847639083862307E-4	0.0054833984375	0.0	7.544517517089844E-7	1.2720746994018554E-4	3.101263999938965E-4	3.4493350982666016E-5	6.313743591308594E-5	
8.073596954345703E-5	4.983690261840821E-4	4.4078826904296875E-7	1.0918512344360352E-4	6.563825607299805E-5	8.515253067016601E-5	0.0032745869636535644	8.815765380859375E-7	1.0761680603027343E-4	3.371343612670899E-5	7.62939453125E-6	0.020444708919525146	0.0015794033050537109	1.7954540252685546E-5	2.0938873291015627E-6	0.001363652515411377	0.009554765510559083	0.0	0.0	8.036327362060547E-6	2.4601402282714845E-4	1.4608592987060546E-4	8.815765380859375E-7	
1.78214168548584E-4	4.2126121520996094E-4	0.0	5.731455802917481E-4	1.324462890625E-4	3.9844512939453125E-7	0.001564153003692627	1.2481689453125E-4	0.005965627002716065	2.3997840881347657E-4	6.781578063964843E-7	0.001621865177154541	0.004015672492980957	5.595207214355469E-7	0.0	0.02256925792694092	0.020795152473449707	2.3600292205810547E-5	4.6149349212646486E-5	6.29425048828125E-5	1.0686235427856445E-4	2.0721435546875E-4	0.0	
0.012143630981445313	0.005490697193145752	0.002154210376739502	9.288533210754394E-4	3.726535797119141E-4	1.2961483001708985E-5	9.067790031433105E-4	0.001436191177368164	8.854335784912109E-4	2.3952903747558594E-4	8.976915359497071E-4	0.001706220817565918	0.009382578563690186	6.977500915527344E-5	2.5523719787597657E-4	0.008841501903533935	0.02963669672012329	0.004030032730102539	2.5967063903808594E-4	4.31671142578125E-4	0.002043770694732666	6.120471954345704E-5	2.5431346893310546E-5	
4.5140552520751954E-5	6.583065032958984E-4	3.1958580017089846E-6	4.036712646484375E-4	0.003225691032409668	2.3073835372924804E-4	4.28924560546875E-4	0.0018922932624816893	0.003830083179473877	1.7185630798339843E-4	2.5889110565185546E-5	0.013680903148651124	0.007308934497833252	2.09952449798584E-4	0.0	2.5913658142089844E-4	0.0037891727447509765	1.84622859954834E-4	1.7432317733764648E-4	0.0	3.2733497619628904E-4	0.0	1.0748958587646485E-5	
1.9921207427978515E-5	1.2869939804077148E-4	4.4078826904296875E-7	2.5402488708496093E-4	1.2715625762939453E-5	0.0	2.572803497314453E-5	2.5431346893310546E-5	3.712940216064453E-6	1.0503129959106446E-4	0.0	0.002095302963256836	0.0014217800140380859	2.5431346893310546E-5	0.0	3.5773372650146483E-5	8.09945011138916E-4	0.002259945297241211	3.814697265625E-5	8.392333984375E-7	5.310907363891601E-5	4.73785400390625E-5	0.0	
