0.7543941497802734	0.010644209098815917	0.0015442402839660645	1.3403997421264648E-4	4.218122482299805E-4	2.2020130157470702E-4	0.3166002146720886	1.96075439453125E-5	6.452009201049804E-4	4.21286678314209E-4	1.0250511169433593E-4	0.3498598819732666	0.012056147289276124	4.281787872314453E-5	6.443443298339844E-5	0.749449742603302	0.7755828349113464	0.012540266227722169	2.521934509277344E-5	7.43865966796875E-5	0.5041346995353698	0.0	1.3741397857666015E-5	
0.007662599372863769	0.0028645748138427735	2.4097862243652345E-4	0.002431657600402832	6.995052337646485E-4	0.012087300586700439	0.001863538932800293	2.278900146484375E-4	3.4060163497924806E-4	0.0028966437339782714	1.6046314239501953E-4	0.06912797718048096	0.013909132194519043	1.3001337051391602E-4	5.9483814239501954E-5	0.0023067728996276856	0.015868199634552	0.039434051513671874	0.004985682201385498	4.260593414306641E-4	0.038629828548431396	5.181376457214355E-4	0.0	
0.01213384838104248	0.002795232105255127	2.0887584686279297E-4	3.3064947128295897E-4	7.694922447204589E-4	9.457902908325195E-5	8.736927986145019E-4	2.4837875366210937E-5	6.283908843994141E-4	2.7651472091674807E-4	2.2200689315795898E-4	0.001119969654083252	0.010802722549438476	1.2738542556762694E-4	2.7042388916015624E-6	0.007689022445678711	0.0251104736328125	2.4600601196289063E-5	0.0016529422760009765	3.0522661209106443E-4	5.06922435760498E-4	0.0	6.306934356689453E-6	
0.20607948303222656	0.10679629011154175	4.38376522064209E-4	5.260887145996094E-5	0.002342096996307373	1.1721296310424805E-4	1.0149641036987304E-4	0.0037305535316467285	0.012682164478302001	0.0	4.2023553848266604E-4	0.020441597843170164	3.560352325439453E-6	0.0011737483978271485	5.059814453125E-4	0.04683137683868408	0.05544478521347046	8.70208740234375E-4	0.004154171371459961	0.0	0.010049455451965332	5.5816650390625E-4	0.001285680103302002	
0.004903488159179688	0.0032939741134643554	0.0	1.1888294219970703E-4	0.0	3.9844512939453125E-7	2.3471412658691406E-4	2.1472511291503906E-4	0.04021351280212403	7.044477462768554E-5	1.2546539306640626E-6	0.007327897834777832	0.0022495524406433106	1.12152099609375E-5	1.6359119415283204E-4	0.26783498973846437	0.041496531200408936	7.772655487060547E-5	3.192478179931641E-4	0.0	4.6115493774414065E-5	1.6954421997070313E-6	0.0	
1.7840919494628907E-4	0.0016147358894348144	2.1447181701660155E-6	3.391265869140625E-7	4.069042205810547E-6	0.0	1.9412994384765626E-6	0.0	1.1918830871582031E-5	3.391265869140625E-7	0.0	1.680755615234375E-4	6.518936157226563E-6	0.0	5.255794525146484E-6	2.307472229003906E-5	0.021691521549224855	0.0	2.543163299560547E-6	0.0	2.3396778106689454E-5	1.9412994384765626E-6	3.2215118408203124E-7	
0.006418753719329834	0.003152033519744873	0.00104766845703125	3.121015548706055E-4	8.799150466918945E-4	6.781578063964843E-7	3.072948455810547E-5	3.933334350585937E-6	1.5777587890625E-4	4.4156389236450197E-4	8.634777069091796E-5	0.009213824844360351	0.03708350286483764	2.67342472076416E-4	2.3037376403808594E-4	0.0014231194496154786	0.0039603084564208985	3.296746253967285E-4	2.3678245544433594E-4	2.57559871673584E-4	0.009013324356079102	0.0012088690757751466	1.9539737701416017E-5	
8.20592212677002E-4	9.843616485595703E-5	4.4078826904296875E-7	1.6318416595458985E-5	1.93939208984375E-4	0.0	8.646965026855468E-7	0.0	0.06330169677734375	5.366010665893555E-5	1.6411685943603515E-5	0.0024604034423828126	0.0020240360260009764	0.0	6.449384689331055E-5	0.19591960487365723	0.028575710678100587	8.845863342285156E-5	1.4504337310791015E-5	0.0	2.187061309814453E-6	1.6954421997070313E-6	0.0	
0.0057996198654174805	0.0014215511322021484	4.4078826904296875E-7	1.7521324157714844E-4	4.6791925430297854E-4	0.0	8.754137039184571E-4	0.07313891944885254	0.2260046471595764	3.1667070388793943E-4	5.55419921875E-5	0.01163354663848877	0.0021071370124816895	9.494781494140625E-7	9.326515197753906E-5	0.4853153652191162	0.08110380382537842	2.697410583496094E-5	1.65557861328125E-5	0.0	6.944446563720704E-5	3.391265869140625E-7	2.796596527099609E-4	
9.3475341796875E-4	0.010598627758026124	1.9951715469360352E-4	0.0	0.001436309814453125	8.833122253417969E-6	0.0011205037117004394	7.462056159973145E-4	0.001680925178527832	0.0	2.9613075256347657E-4	0.014286007308959962	5.849170684814453E-6	5.411444664001465E-4	1.6504077911376952E-4	0.04112597999572754	0.04573538885116577	0.001468692398071289	7.887946128845215E-4	0.005247624683380127	0.005055406379699707	1.6614913940429687E-6	4.228973388671875E-4	
0.00230987548828125	0.05270544261932373	5.72662353515625E-4	7.123226165771484E-4	9.392462730407714E-4	2.5431346893310546E-5	1.3095436096191405E-4	2.2460088729858398E-4	0.004234280014038086	0.002822714900970459	0.0033443196296691893	0.01988983154296875	0.0022385321617126464	8.618669509887695E-5	8.97216796875E-5	0.007619450855255127	0.5440186649322509	2.770402908325195E-4	2.891963958740234E-4	2.4155511856079103E-4	4.980723381042481E-4	9.138317108154296E-5	2.1701812744140624E-6	
0.024138073348999024	0.019073833847045897	1.55792236328125E-4	0.0014834086418151855	0.0011561923980712892	0.025368262386322022	0.0016147528648376465	5.81046199798584E-4	0.004056710147857666	0.001869023609161377	9.145097732543945E-5	0.2963402557373047	0.03173729791641235	4.32586669921875E-4	0.0015278540611267089	0.001884426498413086	0.05708358764648438	0.08116238059997559	0.008674663925170899	0.005272818660736084	7.22062873840332E-4	0.002946506118774414	0.006292656803131104	
5.01861572265625E-4	0.016019422721862794	1.3995742797851562E-5	4.4078826904296875E-7	0.002016898250579834	4.119873046875E-5	0.0014960140228271485	7.336595535278321E-4	8.39979362487793E-4	1.4088916778564454E-5	3.3382797241210934E-5	0.017744149112701415	8.002376556396484E-6	1.2908935546875E-4	2.1271600723266602E-4	5.269453048706054E-4	0.012573742294311524	0.0077223713874816895	0.001806657600402832	0.009930352115631104	0.008063803768157959	0.0010456085205078126	2.6448535919189453E-5	
2.4313182830810548E-4	0.0019293890953063966	5.780452728271485E-4	4.4242000579833986E-5	6.781578063964843E-7	0.0	5.7525634765625E-5	0.0	1.0997352600097657E-4	5.4372119903564454E-5	5.001068115234375E-7	5.838182449340821E-4	0.0021512773513793944	0.0	0.0	0.0010158199310302733	0.022923677253723143	0.0	3.5875129699707034E-5	1.8988609313964845E-6	5.8966732025146484E-5	0.0	1.0596275329589844E-6	
2.8928117752075196E-4	8.561897277832031E-6	0.0	5.701704025268555E-5	6.440057754516601E-5	1.4739990234375E-4	5.595207214355469E-7	1.0172843933105469E-6	6.091563224792481E-4	1.2461662292480468E-6	0.0	8.722095489501954E-5	9.229869842529297E-5	2.5431346893310546E-5	0.0	6.948429107666016E-4	5.826738357543945E-4	4.442024230957031E-6	1.0850906372070312E-6	0.0	0.0	0.0	0.0	
0.010995720767974854	2.0420494079589845E-4	0.008071000862121583	3.991870880126953E-5	0.21207224531173707	7.38525390625E-5	2.9110336303710937E-5	0.08212416753768921	0.18865529375076293	9.766048431396484E-4	0.012573174381256104	0.13170355052948	9.604221343994141E-4	0.045773078060150144	0.0	0.013808297061920166	0.004029515552520752	8.494091033935548E-6	0.0027118428230285645	0.0	9.494781494140625E-7	0.0	3.0178070068359376E-6	
0.01724302501678467	0.005476235294342041	0.004634017944335937	0.0031842464447021483	0.1540691460609436	8.633928298950195E-5	0.015774603939056397	3.142547607421875E-4	0.003887930965423584	0.02199086503982544	0.012116021060943604	0.0893981255531311	0.03791692943572998	0.016892589950561525	8.20142936706543E-4	0.03893061323165894	0.012466150951385499	5.045318603515625E-4	3.7833318710327147E-4	4.8433094024658203E-4	6.600528717041015E-4	3.6824512481689455E-5	4.7604875564575194E-4	
0.0012082332611083985	0.006903796768188477	0.002194680118560791	2.473621368408203E-5	1.1621265411376953E-4	0.0	8.443193435668945E-5	4.289436340332031E-6	5.408901214599609E-4	2.4753570556640626E-6	0.0	0.11241490678787232	3.855217933654785E-4	0.0	2.532958984375E-5	2.3960533142089845E-4	0.006048651790618896	0.0	0.0	2.549915313720703E-5	1.4143199920654297E-4	1.5336780548095704E-4	1.0003089904785156E-6	
1.4906139373779297E-4	0.007201224422454834	6.442642211914063E-6	1.9757585525512696E-4	3.026294708251953E-6	6.0187435150146485E-5	0.003192104721069336	3.60421085357666E-4	4.526805877685547E-6	7.561408042907714E-4	4.7473907470703127E-7	0.016962780380249023	0.0035039265632629394	1.3749885559082031E-5	1.373291015625E-6	0.001532313060760498	0.007612762451171875	4.069328308105469E-7	0.0	3.331470489501953E-6	0.0032838185310363767	3.602771759033203E-5	0.0	
6.65283203125E-5	1.0605707168579102E-4	8.884048461914062E-6	1.6172618865966797E-4	0.002021933650970459	0.0	4.60052490234375E-4	6.518936157226563E-6	0.003539411735534668	5.062522888183594E-5	1.7887115478515624E-6	7.297176361083984E-4	0.0017314910888671874	0.0	0.0	0.002402030086517334	0.01227069435119629	1.7632484436035156E-6	1.4750194549560546E-5	5.913629531860351E-5	7.476806640625E-6	0.0	2.7805328369140625E-6	
0.008403540706634521	0.0038677300453186037	0.0010321977615356445	1.369391441345215E-4	7.857428550720215E-4	2.924633026123047E-6	0.006999350643157959	3.7433204650878907E-4	0.0010416666984558105	1.9360857009887694E-4	6.59942626953125E-5	0.0017592705726623536	9.721035003662109E-4	7.94050407409668E-4	1.4979076385498047E-5	0.0032715691566467284	0.02842262268066406	8.626726150512696E-4	1.4004173278808594E-4	2.62739372253418E-4	9.1644287109375E-4	1.1189460754394531E-6	1.8471622467041016E-5	
1.0476856231689453E-4	0.0011631011962890624	5.510330200195312E-7	1.8292741775512695E-4	0.001402316665649414	1.4275455474853515E-5	8.90943717956543E-4	0.0021428340911865233	2.74361515045166E-4	1.8130836486816406E-4	3.602771759033203E-5	0.005400950145721436	0.0032845645904541016	2.7126312255859373E-6	0.0	0.0015854559898376465	0.00469624834060669	2.16827392578125E-4	1.1469554901123047E-5	0.0	4.8672142028808593E-4	0.0	2.2014999389648436E-5	
2.26593017578125E-5	1.5383405685424805E-4	1.6021728515625E-5	1.3546371459960937E-5	1.2715625762939453E-5	0.0	2.0268726348876953E-5	0.0	3.319635391235352E-5	6.627397537231446E-5	4.484367370605469E-6	7.537248611450195E-4	1.97601318359375E-4	2.6279449462890623E-6	2.5431346893310546E-5	2.094688415527344E-5	5.08719539642334E-4	8.392333984375E-7	0.0	2.6448535919189453E-5	1.1371192932128907E-4	2.4020729064941405E-4	0.0	
