0.6809855397224426	0.011463555240631104	0.0020195600509643557	1.4066905975341796E-4	3.6068382263183596E-4	8.158369064331055E-5	0.1393109130859375	2.6991081237792968E-5	8.236186027526856E-4	3.549365997314453E-5	2.0404434204101564E-5	0.37714462280273436	0.013188001823425293	1.39007568359375E-4	1.3433666229248047E-4	0.7909457482337952	0.8225422753334045	0.015223151302337647	7.633628845214843E-5	5.50079345703125E-5	0.5644693416595459	0.0	3.819780349731445E-5	
0.01327050952911377	0.0027315690994262694	8.602565765380859E-4	0.002598902416229248	2.95867919921875E-4	0.01363849220275879	0.0023772345542907715	6.979198455810546E-5	2.2023515701293946E-4	0.0018018086433410645	9.669837951660156E-5	0.06100626630783081	0.04165892705917358	1.6728715896606445E-4	5.238819122314453E-6	1.83868408203125E-4	0.014991107559204101	0.044747475528717044	0.004039467716217041	4.084099769592285E-4	0.00406402587890625	5.690765380859375E-4	4.4078826904296875E-7	
0.011524429321289062	0.0029233381271362305	1.5537681579589843E-4	3.6034479141235353E-4	4.91943359375E-4	2.1955490112304688E-6	0.001512425708770752	3.0059814453125E-5	0.0010959540367126465	2.2244768142700195E-4	9.629993438720703E-5	0.004137310409545898	0.014190690803527832	2.3288307189941407E-4	4.4716739654541015E-5	0.008077621459960938	0.025890392684936522	5.660161972045899E-5	7.17654800415039E-4	2.201080322265625E-4	7.848273277282715E-4	1.3241195678710937E-5	1.2037277221679687E-6	
0.22326649131774903	0.10413497924804688	2.649349212646484E-4	2.4269962310791014E-5	0.001705797004699707	7.016496658325196E-5	5.2159595489501954E-5	0.001041242790222168	0.01435540943145752	0.0	2.700127601623535E-4	0.024474038028717043	3.882503509521485E-6	0.0015738593101501464	3.0517578125E-4	0.04374537153244019	0.054108742618560794	0.0012469737052917481	0.005050489616394043	0.0	0.009120364761352539	9.367198944091797E-5	0.002338078784942627	
0.003939726066589356	1.8898859024047852E-4	1.1189460754394531E-6	1.6109046936035157E-4	0.0	2.382087707519531E-6	6.93511962890625E-5	1.2485923767089843E-4	0.03979893999099732	4.2945003509521486E-5	1.5462207794189453E-5	0.0073483869552612305	0.002707655143737793	1.551342010498047E-6	3.187370300292969E-6	0.27938724098205564	0.04273926630020142	4.5225334167480465E-5	4.721736907958985E-6	0.0	1.0050458908081055E-4	4.885358810424805E-5	4.558143615722656E-5	
1.5530052185058594E-4	0.0018763987541198731	1.6996574401855468E-5	3.391265869140625E-7	5.255699157714844E-7	0.0	6.518936157226563E-6	0.0	5.213451385498047E-6	0.0	0.0	1.6524419784545897E-4	1.24359130859375E-5	0.0	1.4580726623535156E-6	4.079179763793945E-5	0.020528776359558104	0.0	1.8607234954833983E-5	1.4411067962646485E-5	2.4973583221435545E-5	6.781578063964843E-7	0.0	
0.006907738590240478	8.982340812683106E-4	0.0014321391105651855	2.847968101501465E-4	0.0010532379150390626	3.391265869140625E-7	1.9090461730957032E-5	1.3261585235595702E-4	1.72432804107666E-4	6.46998119354248E-4	7.0343017578125E-5	0.007605412769317627	0.05537173805236816	1.1475458145141602E-4	6.246100425720215E-4	7.360246658325195E-4	0.005723012256622314	1.2606306076049805E-4	3.940497398376465E-4	0.0026256646156311036	0.0016292741775512695	0.0013377550125122071	9.738502502441406E-5	
0.0014502376556396485	5.052375793457031E-6	0.0	9.134931564331054E-5	1.4098272323608398E-4	0.0	1.2715625762939453E-5	0.0	0.063070348072052	2.8101634979248046E-5	1.3054752349853516E-5	0.004237806510925293	1.7066106796264648E-4	1.2715625762939453E-5	7.490367889404296E-5	0.1700000762939453	0.024926630687713624	7.985429763793945E-5	2.6075553894042967E-5	0.0	7.62939453125E-7	0.0	0.0	
0.004825100326538086	7.793006896972656E-5	0.0	1.0832042694091797E-4	0.0010980902671813965	0.0	7.990604400634765E-4	0.07067081871032715	0.2170467122077942	2.2404136657714843E-4	6.722354888916015E-6	0.007414296436309815	0.001950208854675293	2.588062286376953E-5	4.8258466720581055E-4	0.4472807990074158	0.06749629554748535	1.6394710540771483E-5	0.008202946949005127	0.0	1.8469066619873048E-4	4.069328308105469E-7	1.2407093048095704E-4	
6.827460289001465E-4	0.017462226009368895	1.1386451721191406E-4	0.0	0.0019159613609313964	2.3057937622070314E-6	0.0013224284172058105	4.7441272735595705E-4	0.0017999267578125	0.0	2.6211166381835938E-5	0.013614332389831544	2.4074554443359375E-6	9.80250072479248E-4	4.525928497314453E-5	0.03307089910507202	0.045575680160522464	0.0011775715827941895	2.5109186172485353E-4	0.008639975643157959	0.00549566478729248	1.2715625762939453E-5	0.004544635391235351	
0.003782492733001709	0.05699336585998535	9.50749683380127E-4	4.5277910232543946E-4	7.017347335815429E-4	1.2546157836914062E-5	1.0567560195922851E-4	6.0365486145019533E-5	0.005164939022064209	0.0030536651611328125	9.314304351806641E-4	0.015612979507446289	0.002749515151977539	4.9930191040039065E-5	2.2718620300292968E-5	0.007130016708374024	0.548127161693573	1.8400402069091798E-4	2.7598915100097656E-4	2.471923828125E-4	8.871544837951661E-4	1.0002994537353515E-5	6.7308425903320315E-6	
0.02470052080154419	0.022668999576568604	9.641857147216797E-5	0.0034788089752197265	0.0019771575927734373	0.020178697395324706	0.001044608211517334	4.90688705444336E-4	0.0020480939865112303	0.001459376049041748	6.551103591918945E-5	0.3024271138191223	0.025074606990814208	4.949357986450195E-4	1.2981834411621095E-4	0.0037448628425598143	0.031360346508026125	0.07040826587677002	0.0075858137130737305	0.0061789618492126466	5.607011795043946E-4	0.002396079158782959	0.003584111499786377	
7.22995376586914E-4	0.0175533634185791	3.462047576904297E-5	7.544517517089844E-7	0.002389060115814209	1.2800216674804688E-6	0.002025875473022461	1.3827009201049806E-4	0.003248299503326416	6.781578063964843E-7	6.239147186279297E-5	0.016929431533813478	3.803672790527344E-5	6.896123886108398E-5	4.307047843933106E-4	0.0016129048347473145	0.015070690536499023	3.3359107971191404E-4	0.005240368270874023	0.001150995922088623	3.211297035217285E-4	0.012590493106842042	5.0777816772460936E-5	
6.30484676361084E-4	0.002165078067779541	4.53177547454834E-4	5.800886154174805E-5	3.9418506622314454E-5	0.0	6.107749938964843E-5	0.0	1.4163551330566407E-4	1.0088605880737304E-4	2.5431346893310546E-5	8.847554206848144E-4	0.0017156982421875	0.0	5.489768981933594E-5	9.00760269165039E-4	0.023241916275024414	5.085945129394531E-7	1.7124176025390626E-6	2.695751190185547E-6	1.7278032302856446E-4	0.0	0.0	
2.1291942596435548E-4	6.805419921875E-5	0.0	3.840131759643555E-5	3.353538513183594E-5	6.052656173706055E-5	2.3736000061035157E-6	1.6954421997070313E-6	0.026438886833190917	1.4173698425292968E-5	1.1528968811035157E-6	5.3685474395751955E-5	4.467350006103516E-4	1.6954421997070313E-6	0.0	3.11745548248291E-4	6.74608039855957E-4	0.0	1.932811737060547E-6	0.0	0.0	0.0	3.391265869140625E-7	
0.013303434562683106	4.1858253479003905E-4	0.010551791763305665	1.9980535507202148E-4	0.22005062522888183	8.546619415283203E-5	2.645702362060547E-5	0.07728350324630737	0.19681081981658935	0.001066606330871582	0.012586339282989502	0.14506974964141844	0.0012467533111572265	0.043453097915649413	0.0	0.009400914478302002	0.0038964420318603516	1.3378562927246094E-4	0.003085666275024414	0.0	0.0	0.0	2.4286937713623046E-5	
0.013345243644714356	0.004958250236511231	0.00576177806854248	0.003693695068359375	0.15021967573165892	1.5898809432983397E-4	0.014463729858398437	1.030731201171875E-4	0.0033994123458862303	8.73226547241211E-4	0.011059841537475586	0.08660471601486205	0.03243554010391236	0.018836271476745606	2.0412826538085937E-5	0.037278510189056396	0.008225063705444336	1.0252208709716797E-4	3.89997673034668E-4	0.0014695316314697266	7.539875984191894E-4	1.3054752349853516E-5	6.128978729248047E-6	
8.727857589721679E-4	0.00887613935470581	0.0021249644279479982	9.663867950439453E-6	1.922607421875E-5	0.0	3.4162521362304686E-6	3.4840583801269533E-6	3.279876708984375E-4	1.1528968811035157E-6	1.0901546478271485E-5	0.12161669416427612	3.971439361572266E-4	0.0	5.764007568359375E-7	4.8001604080200196E-4	0.004581010627746582	0.0	1.2715625762939453E-5	2.7889251708984374E-6	1.0461597442626953E-4	9.307012557983398E-5	1.1528968811035157E-6	
1.84173583984375E-4	1.5743675231933593E-4	8.626298904418945E-5	1.49383544921875E-4	6.781578063964843E-7	8.876545906066894E-4	0.007611482429504395	3.5010337829589844E-6	4.375038146972656E-5	7.091607093811035E-4	8.222579956054687E-7	0.023741828060150145	0.004760971069335937	3.5010337829589844E-6	0.0	0.0022716776847839354	0.006024559879302978	1.4072418212890625E-6	0.0	2.4904890060424806E-4	1.41448974609375E-4	8.96453857421875E-5	0.0	
4.627647399902344E-5	9.893627166748047E-5	1.5903091430664062E-5	0.003436440372467041	5.12669849395752E-4	5.871238708496094E-5	2.3013648986816405E-4	2.7242870330810545E-4	0.0037126922607421875	1.4182186126708985E-5	3.7807464599609374E-6	6.268818855285645E-4	0.005561006355285645	5.085945129394531E-7	0.0	0.0025379096031188965	0.007545174503326416	1.9209098815917968E-5	1.2959794998168946E-4	5.5253791809082034E-5	4.8090648651123044E-5	0.0	9.409904479980469E-7	
0.013376795482635498	0.004235729598999024	7.574717521667481E-4	2.12249755859375E-4	1.3652381896972656E-4	1.1582269668579101E-4	0.0015816243171691894	3.5885276794433594E-4	0.001163618278503418	1.7139015197753906E-4	4.5098209381103514E-5	0.0010331302642822265	0.0010623677253723146	7.0068359375E-4	6.205272674560547E-6	0.0032903289794921874	0.03100969104766846	8.339351654052734E-4	2.1754798889160156E-4	7.882013320922851E-5	3.8808183670043943E-4	2.5431346893310546E-5	0.0	
4.8667049407958986E-5	0.0012323591232299804	4.060554504394531E-6	2.5877208709716796E-4	6.95648193359375E-4	1.30462646484375E-5	8.834160804748535E-4	0.0021384514808654785	3.3582048416137697E-4	1.1727228164672852E-4	2.7380943298339846E-6	0.005123875904083252	0.004687042236328125	3.203496932983398E-5	0.0	0.0020091670989990235	0.01011545820236206	1.40228271484375E-4	6.697759628295898E-5	0.0	5.486467361450196E-4	0.0	7.0529937744140625E-6	
1.0717601776123047E-4	3.5600662231445314E-7	0.0	1.7878246307373047E-5	0.0021295674324035645	0.0	1.7981634140014648E-4	3.391265869140625E-7	1.0300531387329101E-4	1.2715625762939453E-5	0.0	0.002088767147064209	0.001676517105102539	1.2037467956542968E-5	0.0	0.0	2.1158008575439453E-4	2.5770187377929687E-6	2.7889251708984374E-6	6.391735076904297E-5	1.2885189056396485E-5	2.8237247467041014E-5	0.0	
