0.6076712629318237	0.043933842945098875	3.227573394775391E-4	0.001559126091003418	4.177178382873535E-4	1.5784358978271486E-5	0.4163610670089722	5.3956794738769535E-5	0.004778815364837647	0.0025354681968688965	5.48070240020752E-4	0.2718977949142456	0.006859359741210938	1.0563316345214843E-4	3.57979679107666E-4	0.49745714826583864	0.7604267120361328	0.015017649364471435	2.0669727325439452E-4	0.026159862899780274	0.3749538421630859	0.0	6.875782012939454E-5	
0.009886143970489501	0.005608876514434815	8.67496109008789E-4	0.005074513721466064	9.87701416015625E-4	0.020839301204681398	0.046189736270904544	1.9437999725341798E-4	6.48049259185791E-4	0.0019027031898498534	2.682155609130859E-4	0.09365557355880737	0.020461603832244872	2.3425636291503907E-4	0.0016196526527404785	5.51944351196289E-4	0.06804468793869019	0.10070643110275268	6.709712982177734E-4	6.720563888549804E-4	0.005297410774230957	0.001284637451171875	1.0477733612060548E-5	
0.007483054256439209	0.005667699146270752	1.4595880508422852E-4	7.659149169921875E-4	2.6682538986206054E-4	4.06646728515625E-5	0.0029124027252197264	1.6353187561035155E-4	0.001007215690612793	6.156751632690429E-4	2.11181640625E-4	0.0021796756744384767	0.035345425033569335	1.95320987701416E-4	7.816734313964844E-5	0.019115922737121583	0.040477837467193606	7.33176326751709E-4	0.002944200325012207	0.0036618635177612306	0.009554468822479248	4.4078826904296875E-7	1.1902704238891601E-4	
0.2446392822265625	0.139937464427948	5.405341148376465E-4	6.746588706970215E-4	0.004414486312866211	0.0010869343757629395	0.0013907708168029785	0.001027543830871582	0.03157894554138184	0.0	0.001399671745300293	0.03850746154785156	5.478754043579102E-5	0.0021015506744384766	0.003664830493927002	0.08532029895782471	0.095903600025177	0.008270890998840333	0.007141562557220459	0.0	0.02163097801208496	7.824363708496093E-5	0.0023923322677612303	
0.004961810684204102	9.482488632202149E-5	0.0	4.506768226623535E-4	0.0	1.1867904663085937E-5	1.0541276931762695E-4	0.017396494579315185	0.039133029556274415	0.002553431224822998	2.577037811279297E-5	0.0061290317535400395	0.0019483099937438965	4.433536529541016E-6	4.8607730865478514E-5	0.28837281970977785	0.04066697015762329	7.861671447753906E-5	1.2715625762939453E-5	0.0	1.6572761535644532E-5	3.9393138885498046E-5	0.0	
5.020734786987305E-4	0.0017535400390625	5.2736091613769533E-5	1.373291015625E-5	1.5343666076660156E-6	0.0	4.2165117263793947E-4	0.0	1.5215559005737303E-4	5.0472640991210936E-5	4.4078826904296875E-7	4.2104082107543943E-4	6.0323047637939456E-5	0.0	1.2376594543457031E-5	4.495410919189453E-5	0.027508739852905275	0.0	3.8299560546875E-5	1.4919281005859375E-6	1.0621814727783203E-4	2.301530838012695E-5	1.5936851501464844E-6	
0.02798901023864746	0.011438301944732667	0.001585235595703125	0.0014793904304504395	0.001023729133605957	1.2948780059814454E-4	8.223809242248535E-4	7.308111190795899E-5	6.762949943542481E-4	0.001956812572479248	4.1631031036376955E-5	0.00976857500076294	0.11052154541015625	8.195667266845703E-5	6.592645645141602E-5	0.010564897346496582	0.024882846450805664	5.052100181579589E-4	7.503932952880859E-4	0.005902837085723877	0.002782474136352539	0.001489859676361084	4.6280755996704103E-4	
0.0016370561599731446	3.0756635665893557E-4	0.0	3.8042707443237305E-4	8.458964347839356E-4	0.0	1.691436767578125E-4	0.0	0.06695521039962768	1.6530323028564454E-5	9.494781494140625E-7	0.007591705322265625	0.0010317653656005859	2.2718620300292968E-5	8.917903900146485E-6	0.20278854370117189	0.027146682739257813	4.126653671264648E-5	1.7203435897827148E-4	0.0	1.909722328186035E-4	0.0	0.0	
0.005632612419128418	6.719038009643554E-4	0.0	5.634053230285644E-4	0.0019985453605651854	0.0	4.079522132873535E-4	0.08005477905273438	0.26160085887908935	3.220282554626465E-4	3.814697265625E-5	0.01565460205078125	0.009844928359985352	1.4317798614501952E-5	4.51516056060791E-4	0.4619181484222412	0.07834147987365722	1.5942888259887696E-4	1.9268417358398437E-5	0.0	1.7970619201660156E-4	0.0	5.027601242065429E-4	
0.0015563286781311036	0.022078043651580812	0.0022805108070373535	0.0	0.0015202754974365234	2.5126171112060545E-5	0.0019930267333984376	4.4451398849487304E-4	0.012509070491790772	0.0	7.56072998046875E-5	0.01963578119277954	2.1565723419189452E-5	4.6621532440185544E-4	1.339043617248535E-4	0.030847074699401855	0.06421296863555909	0.003522499942779541	8.98581600189209E-4	0.004774330997467041	0.007384550285339356	0.0	7.153998374938965E-4	
0.006308754825592041	0.0629291449546814	5.9173583984375E-4	0.001091622257232666	9.522077560424805E-4	5.644903182983398E-5	2.5293140411376954E-4	2.1274147033691407E-4	0.0051370747566223144	0.007467575073242187	0.003551211929321289	0.0252010684967041	0.0034592607498168944	2.1885337829589843E-4	0.0035372416496276854	0.01491648359298706	0.6413994683265686	3.0993146896362303E-4	4.1595458984375E-4	3.86945915222168E-4	0.0012897068023681642	1.0596370697021485E-5	1.2563066482543947E-4	
0.022659005069732667	0.031810455322265625	0.004052352905273437	0.005505532169342041	0.0032332780838012693	0.030218700790405274	0.014472096729278565	8.501349449157715E-4	0.003956620979309082	0.007132008838653565	6.006031036376953E-5	0.3025683678627014	0.037124964427948	2.8310985565185544E-4	0.0018457709312438965	0.012632378482818604	0.08602259321212768	0.1787300449371338	0.007553668594360351	0.009655134391784668	0.007038362312316895	0.001526472282409668	0.015312813663482666	
6.254154205322266E-4	0.013027072525024413	6.866455078125E-4	0.0	0.0015679931640625	4.484367370605469E-6	0.0034419758796691894	0.001087061595916748	0.0016873847007751466	0.0	2.6128978729248045E-4	0.01895741777420044	1.3280229568481445E-4	8.516950607299805E-5	5.229695320129394E-4	0.010652169132232665	0.015197185897827148	0.005472200202941894	0.0026166364669799806	0.002971505069732666	0.0027997504234313964	0.008102086353302002	3.8149518966674805E-4	
5.816395759582519E-4	0.0017715793609619141	8.192783355712891E-4	1.5291852951049805E-4	1.1467828750610352E-4	0.0	2.809906005859375E-4	1.0172843933105469E-6	2.4400501251220703E-4	6.0975837707519534E-5	1.8988609313964845E-6	7.127803802490234E-4	0.002413516616821289	0.0	1.0341644287109375E-6	0.001113408374786377	0.029789293098449708	0.0	4.588661193847656E-5	5.832290649414062E-6	2.1539478302001953E-4	0.0	0.0	
2.5831432342529294E-4	1.9539728164672852E-4	0.0	1.4246625900268554E-4	9.029808044433593E-5	8.477210998535156E-7	4.4078826904296875E-7	5.72543716430664E-4	7.056766510009766E-4	0.0011820390701293944	3.442554473876953E-5	7.141452789306641E-4	4.547882080078125E-4	4.730224609375E-6	0.0	7.259623527526856E-4	0.0018903011322021484	1.4224624633789062E-5	1.1020278930664063E-5	0.0	1.6805009841918946E-4	0.0	0.0	
0.00994120283126831	0.002121454906463623	0.01095611572265625	2.6216297149658205E-4	0.23993725242614747	1.3834667205810547E-5	1.1107549667358399E-4	0.10464479236602783	0.26961297779083254	7.779270172119141E-4	0.031462334537506104	0.21433087663650513	0.0018648529052734376	0.05171744451522827	0.0	0.044238527107238766	0.010490960025787354	2.7461585998535157E-4	0.002750278091430664	0.0	1.5201148986816406E-4	0.0	1.8864097595214843E-4	
0.013353118896484375	0.01055069818496704	0.006790779972076416	0.007067031860351562	0.15345383539199828	3.0476884841918947E-4	0.11915495977401733	0.009298273754119873	0.006437403392791748	0.0017963069915771484	0.017492463874816896	0.12998714027404784	0.02015847101211548	0.017575649642944335	1.3323469161987306E-4	0.04685554504394531	0.030326877212524413	7.29692268371582E-4	0.004636052417755127	0.007195078563690185	0.021607140445709227	3.6383724212646484E-5	1.3639659881591797E-4	
9.577263832092286E-4	0.013809678840637206	0.004429796028137207	6.687583923339843E-5	1.4934959411621094E-4	0.0	2.2528753280639648E-4	5.5609703063964845E-6	4.14437198638916E-4	3.125505447387695E-5	2.4000377655029298E-4	0.15472288341522217	4.409111976623535E-4	3.391265869140625E-7	1.1698436737060547E-5	7.841831207275391E-4	0.007786966991424561	0.0	1.729297637939453E-6	3.6761817932128905E-4	0.001534237289428711	1.5188426971435548E-4	1.2037467956542968E-5	
3.745100021362305E-4	8.098262786865234E-4	8.782281875610351E-5	1.4728965759277344E-4	4.4078826904296875E-7	2.1418256759643555E-4	0.006634699535369873	1.9581794738769532E-6	1.4173698425292968E-5	0.002133195686340332	1.6954421997070313E-6	0.022340265941619874	0.0034606085777282715	9.079828262329102E-5	1.3588809967041016E-5	0.0019562275886535643	0.011427993774414063	7.375049591064453E-6	0.0	5.321922302246094E-5	1.8587751388549805E-4	1.1353387832641602E-4	1.2373180389404297E-4	
0.001971723747253418	0.0018314106941223144	1.3156509399414063E-5	0.0010077497482299804	5.55759048461914E-4	4.4078826904296875E-7	1.9947471618652344E-4	5.109996795654297E-5	0.0019806416511535647	1.7642555236816406E-4	1.4777288436889648E-4	0.0026998223304748534	0.006286087036132812	3.731536865234375E-4	0.0	0.008899637889862061	0.014020928287506104	5.535545349121094E-5	1.1912879943847656E-4	9.762229919433594E-5	0.0013832855224609375	1.0962591171264648E-4	9.880574226379395E-4	
0.006825112247467041	0.0064944712638854984	0.00559576244354248	0.001221296501159668	5.69449520111084E-4	2.3341712951660155E-4	0.0032771979331970213	4.993523597717285E-4	0.0019043477058410644	9.041510581970215E-4	9.232416152954101E-5	0.002272499942779541	0.006403978157043457	1.5690269470214845E-4	1.2129039764404296E-4	0.005269546508789063	0.03567852439880371	0.007842508983612061	1.99288272857666E-4	2.81041431427002E-4	0.005829951000213623	3.391265869140625E-7	4.213123321533203E-5	
3.322516441345215E-4	5.649651527404785E-4	1.6255693435668947E-4	3.950077056884766E-4	9.106360435485839E-4	8.477210998535156E-7	0.0015115864753723145	0.002248560619354248	0.004774788761138916	0.002431793212890625	4.027471542358398E-5	0.0071437920570373535	0.010677074813842773	2.1192550659179687E-6	0.0	0.001761313533782959	0.007646526718139648	2.83974552154541E-4	2.9780101776123048E-5	0.0	7.148319244384766E-4	0.0	0.001660800552368164	
9.649486541748046E-5	9.441795349121094E-5	3.5044384002685544E-5	0.0024457719802856446	2.466869354248047E-6	1.8650054931640625E-6	0.0013987138748168945	3.814697265625E-5	4.4210643768310547E-4	1.40847110748291E-4	9.494781494140625E-7	0.003254063892364502	0.002711673355102539	0.0	4.7473907470703127E-7	2.8906822204589843E-6	0.003455039119720459	5.749172210693359E-4	2.1707324981689452E-4	4.5055770874023436E-5	1.802825927734375E-4	2.933162689208984E-4	0.0	
