0.7395934635162353	0.06419775218963623	0.001499955940246582	7.126787185668946E-4	3.8812427520751953E-4	1.1613845825195312E-6	0.39789778814315796	6.273078918457031E-6	0.001226789665222168	5.7152652740478514E-5	9.368047714233398E-5	0.3464920128822327	0.011735966968536377	2.62442684173584E-4	2.84881591796875E-4	0.7120287407875061	0.43783682928085327	0.013602727222442627	0.001485587215423584	4.8651800155639647E-4	0.5655769433021546	0.0	5.931434631347656E-5	
0.013698866081237793	0.003296474838256836	3.238762855529785E-4	0.0020778656005859377	3.626251220703125E-4	0.01220631914138794	0.004580205249786377	2.0050048828125E-4	3.2763166427612303E-4	0.0014141506195068359	1.7168684005737305E-4	0.06029668169021606	0.012896652221679688	1.336669921875E-4	6.390037536621094E-5	2.863396644592285E-4	0.025975146865844727	0.04912401838302612	1.486968994140625E-4	4.463788986206055E-4	5.749088287353516E-4	2.751837730407715E-4	5.425453186035156E-7	
0.006953167343139648	0.002718777084350586	3.0896501541137695E-4	2.1695451736450196E-4	2.8530540466308594E-4	8.731842041015625E-7	0.0016363864898681641	1.3885498046875E-5	5.228339195251465E-4	2.627902984619141E-4	2.6425676345825195E-4	0.0032235972404479982	0.029543923282623293	2.466413497924805E-4	4.2885684967041014E-5	0.005012495231628418	0.02289701671600342	5.284624099731445E-5	7.303704261779785E-4	5.253007888793946E-4	6.48362922668457E-4	6.443023681640625E-7	1.4835357666015626E-6	
0.21807362871170044	0.1071171230316162	1.4018592834472656E-4	1.5291852951049805E-4	0.0020401509284973143	5.06591796875E-5	1.2479991912841797E-4	0.0012586127281188964	0.012800945663452148	0.0	4.0462074279785156E-4	0.023836254501342774	5.747509002685547E-6	0.0017154523849487306	2.81821346282959E-4	0.04999955072402954	0.0584661187171936	0.001088070297241211	0.004247707748413086	0.0	0.00971976385116577	2.0555286407470704E-4	0.001910120677947998	
0.003110207462310791	1.7362804412841796E-4	0.0	0.0036807929039001466	0.0	1.5343666076660156E-6	4.58526611328125E-5	1.5581769943237304E-4	0.05186700611114502	0.003602761173248291	3.391265869140625E-7	0.009333343505859374	0.0038340081214904786	2.0896053314208985E-5	3.6197662353515624E-6	0.2957125599861145	0.06550607471466065	1.562328338623047E-5	4.785327911376953E-5	0.0	8.530511856079101E-5	4.2724609375E-6	4.086809158325195E-5	
1.0745582580566407E-4	0.001565678882598877	1.3054847717285156E-6	3.391265869140625E-7	0.0	0.0	6.669788360595703E-5	4.069328308105469E-7	2.9712295532226562E-5	0.0	0.0	1.5795392990112305E-4	1.5987777709960936E-5	0.0	1.8225669860839844E-6	5.2998828887939456E-5	0.02028523759841919	3.729820251464844E-7	3.2068920135498046E-5	4.7473907470703127E-7	3.391265869140625E-7	1.0935497283935546E-5	0.0	
0.01226232738494873	9.192317962646485E-4	0.0012388865470886231	5.724504470825195E-4	6.464640617370606E-4	1.69677734375E-4	2.577037811279297E-5	1.5462236404418944E-4	1.4736595153808595E-4	1.9758434295654296E-4	5.5592823028564455E-5	0.007710376358032227	0.015007858276367187	1.3161554336547853E-4	1.8414812088012695E-4	0.001327684211730957	0.00460205078125	1.5626697540283203E-4	4.273647308349609E-4	0.005251575088500976	0.0017866092681884766	8.505927085876465E-4	6.657915115356445E-5	
0.0013168589591979981	7.998151779174804E-5	0.0	5.4083919525146486E-5	2.6419744491577147E-4	3.9844512939453125E-7	0.0	0.0	0.05916215686798096	8.279590606689454E-5	1.2715625762939453E-5	0.003087446403503418	1.8853931427001953E-4	4.069328308105469E-7	7.739601135253907E-5	0.18235700817108155	0.02859510631561279	7.799148559570312E-7	1.0172843933105469E-6	0.0	3.391265869140625E-7	6.188392639160157E-7	0.0	
0.006853917407989502	0.0015965610504150391	0.0	1.4261884689331053E-4	8.63071060180664E-4	0.0	9.04973316192627E-4	0.06670841636657715	0.2045228491783142	1.3652381896972656E-4	3.39508056640625E-5	0.009395633316040038	0.0031273311614990235	1.2834358215332032E-5	2.5185480117797854E-4	0.4340263706207275	0.062478892040252684	1.1586503982543946E-4	3.153514862060547E-6	0.0	1.3987226486206054E-4	4.069328308105469E-7	5.194091796875E-4	
7.001240730285644E-4	0.017888047981262208	1.0128440856933594E-4	0.0	0.0022167375564575197	1.1181259155273437E-5	0.0014111413002014161	5.060832023620605E-4	0.0014946746826171875	0.0	2.06756591796875E-5	0.013565572071075439	2.13623046875E-6	2.1623401641845702E-4	5.6270980834960934E-5	0.02310477361679077	0.04157501220703125	0.0016227298736572265	2.90095043182373E-4	0.004214986133575439	0.005888222599029541	1.4173698425292968E-5	0.003401980972290039	
0.0034795040130615232	0.054569524097442625	8.42132568359375E-4	4.960208892822265E-4	8.405134201049805E-4	1.6530036926269532E-6	5.947532653808594E-5	1.4255104064941405E-4	0.0033463626861572264	0.0030719672203063965	0.0010590023040771485	0.015416819286346436	0.003181576156616211	2.3354434967041017E-5	1.5882701873779298E-4	0.008246909236907959	0.5346599070549011	9.642452239990234E-4	5.474514007568359E-4	8.50185775756836E-4	4.1540355682373047E-4	6.781578063964843E-7	7.807445526123047E-6	
0.025464240169525146	0.022124413394927978	3.7160234451293945E-4	0.0022573004722595217	0.0027084943771362303	0.020780309009552002	0.0013324907302856444	5.115932464599609E-4	0.0016608089447021485	0.0010671319007873536	5.7873153686523434E-5	0.2965572357177734	0.04102713689804077	7.10423755645752E-4	1.5398664474487305E-4	0.009949510383605958	0.06973576860427856	0.07578792991638184	0.006057883358001709	0.006804979133605957	4.1589527130126954E-4	0.004164301586151123	0.003830295181274414	
5.575138092041016E-4	0.012971589851379394	7.264900207519531E-6	1.3682079315185547E-5	0.0023032039642333986	3.846317291259766E-4	0.0019193522453308106	0.0015095943450927735	9.626091957092286E-4	2.5397396087646484E-5	7.269964218139648E-5	0.013668916511535645	6.972417831420898E-5	7.04193115234375E-5	2.8917102813720704E-4	6.104448318481445E-4	0.014575237655639648	3.9647417068481444E-4	0.004085447502136231	9.50648021697998E-4	1.45102596282959E-4	0.0026059553146362303	2.2633838653564453E-5	
6.33383846282959E-4	0.002565765380859375	5.499182701110839E-4	4.9124813079833983E-5	6.459550857543945E-5	0.0	8.141412734985351E-5	0.0	1.1806907653808594E-4	3.6612606048583986E-5	1.0850906372070312E-6	6.720903396606445E-4	0.002750422191619873	0.0	0.0	0.001111467170715332	0.021160532665252686	5.933761596679687E-7	1.36566162109375E-5	1.664905548095703E-5	2.185821533203125E-4	1.068115234375E-6	0.0	
3.0932111740112305E-4	1.5716552734375E-5	0.0	1.2876701354980469E-5	2.6177310943603514E-5	5.0438785552978515E-5	1.3054752349853516E-5	3.391265869140625E-7	1.77764892578125E-4	2.0133113861083985E-5	2.531261444091797E-5	1.8035888671875E-4	4.7989740371704104E-4	4.4078826904296875E-7	0.0	2.747344970703125E-4	6.519737243652344E-5	1.3461685180664063E-5	2.1192550659179687E-6	0.0	1.042652130126953E-6	0.0	4.4078826904296875E-7	
0.013477817153930665	9.043036460876465E-4	0.010757878589630126	1.2250261306762697E-4	0.20979000511169432	8.678016662597656E-5	4.7472000122070315E-6	0.09078176708221436	0.18555742902755737	5.957539558410645E-4	0.01352433099746704	0.14037695140838624	4.022725105285645E-4	0.044759733390808104	0.0	0.00937103271484375	0.0019143253326416015	1.5062971115112304E-4	0.003104680347442627	0.0	0.0	0.0	1.2842845916748046E-5	
0.005924250316619873	0.003730002498626709	0.007148564624786377	0.002303958511352539	0.16595781116485595	1.1232166290283203E-4	0.015358318710327149	5.65024471282959E-4	0.0035562473297119142	3.3513383865356445E-4	0.012046830940246582	0.0814031304359436	0.01722958879470825	0.0192181396484375	7.756547927856445E-5	0.03586787757873535	0.009207941722869872	8.746681213378906E-5	1.8751354217529296E-4	3.4953651428222657E-4	6.39529800415039E-4	5.2219009399414064E-5	7.451343536376953E-6	
9.10186767578125E-4	0.008957163524627686	0.0020989057540893555	2.4312305450439454E-5	1.51986026763916E-4	1.068115234375E-6	8.528814315795899E-5	2.721118927001953E-6	3.797234535217285E-4	8.824634552001953E-6	3.8486099243164065E-5	0.12062835693359375	0.0010712432861328125	4.4078826904296875E-7	3.391265869140625E-7	2.9650373458862305E-4	0.005023066234588623	0.0	0.0	2.7126312255859373E-6	1.7963829040527343E-4	2.7598066329956056E-4	7.5361251831054684E-6	
8.382158279418945E-5	3.513081550598144E-4	2.280330657958984E-6	9.62066650390625E-5	1.4580726623535156E-6	5.20485782623291E-4	0.002808091926574707	5.832290649414062E-6	3.923206329345703E-5	2.6835126876831056E-4	0.0	0.024364708805084227	0.0022278679847717287	1.664905548095703E-5	0.0	0.001414794921875	0.014557579898834229	0.0	0.0	2.8559398651123047E-5	2.56796932220459E-4	7.611589431762695E-5	0.0	
7.282676696777344E-5	1.2272300720214845E-4	3.2298088073730467E-6	1.0233564376831055E-4	1.9069252014160157E-4	0.0	0.006025814437866211	5.4931640625E-4	0.002636269474029541	4.575939178466797E-5	2.2379875183105467E-6	7.18222713470459E-4	0.011888088607788085	1.3020801544189453E-5	0.0	0.004266221809387207	0.003466025447845459	6.945295333862305E-5	2.7126312255859373E-6	4.942150115966797E-5	5.843267440795898E-5	0.0	3.272151947021484E-6	
0.008217586898803711	0.003163918399810791	9.795464515686034E-4	2.2175254821777345E-4	6.852044105529785E-4	2.382087707519531E-6	8.676740646362304E-4	2.4470014572143555E-4	9.297858238220215E-4	2.5506763458251955E-4	5.3371810913085935E-5	9.25928783416748E-4	0.0027243296623229983	5.18790340423584E-4	5.162525177001953E-6	0.0029753790855407713	0.025282058715820312	6.67410945892334E-4	6.648597717285156E-5	4.283485412597656E-5	5.620914459228515E-4	0.0	1.3156509399414063E-5	
9.641008377075195E-5	0.001775182056427002	2.627906799316406E-5	4.0067033767700197E-4	0.001137712287902832	1.6445159912109374E-6	8.321720123291016E-4	0.0022414483070373535	0.0018174235343933105	1.1476306915283203E-4	8.759393692016602E-5	0.008733800220489502	0.006325259780883789	7.237749099731445E-5	0.0	4.35053539276123E-4	0.004313379955291748	2.0010204315185548E-4	2.1175765991210937E-5	0.0	3.2617359161376955E-4	0.0	1.2961483001708985E-5	
4.0980024337768556E-4	2.5685596466064452E-5	0.0	3.9485511779785155E-4	0.002905544662475586	0.0	1.1384754180908203E-4	0.0	5.4931640625E-5	2.6514692306518555E-4	1.2037467956542968E-5	9.02387809753418E-4	6.418018341064453E-5	2.73895263671875E-5	1.4512825012207032E-5	5.680084228515625E-7	4.8587379455566405E-4	7.62939453125E-5	2.2125244140625E-6	1.7869739532470704E-4	4.7473907470703127E-7	1.7325506210327148E-4	0.0	
