0.6813844892501831	0.010813725757598877	1.8836116790771485E-5	0.001895938491821289	8.47320556640625E-4	1.0850906372070312E-6	0.01282242670059204	6.554498672485351E-5	8.080121994018555E-4	0.0031046464920043947	9.328203201293945E-5	0.31058448791503906	0.0026683977127075196	1.34438419342041E-4	1.1961193084716797E-4	0.7164507802009582	0.9454934099197387	0.0122589111328125	1.7122058868408204E-4	1.61141300201416E-4	0.5649057430267334	0.0	4.357242584228516E-6	
0.015585547542572022	0.0023195308685302735	1.4885807037353516E-5	0.003137215518951416	1.9818620681762695E-4	0.012742563915252686	0.007026621532440186	6.926641464233399E-5	0.0019895172119140624	0.0018855963706970215	1.3089494705200195E-4	0.07503382368087769	0.037042490673065184	4.303827285766602E-5	2.44140625E-6	7.477909088134765E-4	0.06548359336853027	0.046104075145721436	1.572418212890625E-4	3.8493690490722657E-4	0.002058563232421875	8.832295417785644E-4	9.240150451660156E-7	
0.006383005809783936	0.001988381290435791	1.9152326583862304E-4	3.2719078063964845E-4	6.35079288482666E-4	6.579933166503906E-5	0.0018262651443481444	8.985729217529297E-5	8.577728271484376E-4	3.08693790435791E-4	2.5708513259887697E-4	0.008607101440429688	0.01223608226776123	1.4445838928222655E-4	3.4755706787109376E-6	0.0054034678459167484	0.03821095781326294	1.2617321014404297E-4	0.004989395141601563	3.063621520996094E-5	7.549794197082519E-4	0.0	8.853492736816406E-5	
0.20839525861740113	0.12588456897735595	3.204345703125E-5	7.08770751953125E-5	0.0031945207595825195	2.4166526794433595E-4	8.31926155090332E-4	8.349016189575196E-4	0.02025518627166748	0.0	2.877214431762695E-4	0.04453548011779785	3.113641738891601E-5	0.002461674976348877	0.003996726131439209	0.04467448768615723	0.05421614751815796	0.00420166015625	0.003977127075195312	0.0	0.008780737972259521	1.4514503479003907E-4	0.001091884994506836	
0.002442923641204834	2.1247014999389648E-4	0.0	1.8313093185424805E-4	0.0	3.1620025634765624E-6	3.3781242370605465E-5	2.1828556060791015E-5	0.06949668884277344	5.137464523315429E-4	0.0	0.007859887027740478	0.0014809757232666016	3.373908996582031E-6	8.504228591918945E-5	0.2666809421539307	0.048702239990234375	9.062023162841797E-5	1.3020801544189453E-5	0.0	2.5185489654541015E-5	3.2976150512695314E-6	1.0257720947265624E-6	
1.5298633575439453E-4	0.001375300121307373	3.391265869140625E-7	1.4622974395751953E-5	7.289886474609375E-7	0.0	0.0	0.0	5.321083068847656E-5	3.4671783447265627E-6	1.0850906372070312E-6	0.0011382378578186035	3.711280822753906E-5	0.0	0.0	9.613037109375E-6	0.017504408073425293	8.477210998535156E-7	1.3766860961914063E-5	7.799148559570312E-7	0.0	2.1964168548583983E-5	1.2376785278320313E-6	
0.020242385864257813	0.009448699951171875	8.162774085998535E-4	9.23945140838623E-4	7.487827301025391E-4	2.2303295135498048E-5	2.6872444152832032E-5	1.1939153671264649E-4	6.064860343933105E-4	0.0039297908782958985	1.29097843170166E-4	0.024561445426940918	0.03416285200119019	2.4685287475585937E-5	4.282636642456055E-5	0.0023528544425964353	0.0038324567794799803	3.30802059173584E-4	2.4112281799316406E-4	9.348720550537109E-4	0.0024758148193359374	0.0014010026931762696	1.8497047424316407E-4	
0.0016724310874938965	7.75909423828125E-5	3.611249923706055E-5	2.2147283554077148E-4	6.832542419433594E-5	0.0	1.6106605529785157E-6	0.0	0.06799838600158692	2.4939632415771484E-5	4.79888916015625E-5	0.005130827140808106	1.7531499862670898E-4	0.0	1.2998790740966797E-4	0.25582624645233154	0.030056296443939208	5.843183517456054E-4	1.8988609313964845E-6	0.0	1.692028045654297E-5	0.0	0.0	
0.004950663280487061	6.009758949279785E-4	1.1698722839355468E-6	4.021623611450195E-4	8.415561676025391E-4	2.6533317565917968E-5	6.147594451904296E-5	0.07430342779159546	0.21920156688690184	2.2404956817626954E-5	1.68914794921875E-4	0.008398183155059814	0.0032900577545166014	3.797721862792969E-6	1.9282875061035157E-4	0.4265124596595764	0.07997948541641235	1.4556884765625E-4	0.001632707405090332	0.0	2.1803112030029296E-4	0.0	5.94160270690918E-4	
3.8604736328125E-4	0.010409096622467041	1.766204833984375E-4	0.0	5.24732780456543E-4	1.0943098068237305E-4	0.001419228458404541	2.47361946105957E-4	0.001665988540649414	0.0	2.4668378829956054E-4	0.007120005321502685	5.005391120910644E-4	3.6116704940795897E-4	5.293102264404297E-5	0.04316279945373535	0.05057358636856079	0.004966201782226562	6.981235504150391E-4	0.001296403694152832	0.0019557613372802735	0.0	2.3923234939575194E-4	
0.006122631454467773	0.05274352178573608	7.12619400024414E-4	0.0014684380531311035	8.439466476440429E-4	2.6109504699707032E-5	5.0438785552978515E-5	2.5615272521972655E-4	0.004010501480102539	0.002989934253692627	0.0019588725090026854	0.023146294498443604	0.003727442455291748	1.9446468353271486E-5	1.7968921661376953E-4	0.00867234125137329	0.5636591339111328	2.3271350860595703E-4	0.0012410481452941895	4.0435791015625E-4	1.58843994140625E-4	1.3418407440185547E-4	3.4925460815429687E-6	
0.01935420570373535	0.024616478824615477	9.310407638549805E-5	0.005204510116577149	0.001685960578918457	0.01315775556564331	8.350117683410645E-4	0.0012281375885009765	0.005998068904876709	0.0033299763679504393	2.8754329681396484E-5	0.28720907421112063	0.02729009838104248	2.9070539474487306E-4	0.0015474700927734376	0.0031272379875183103	0.05670822992324829	0.07720234336853027	0.0032302178382873537	0.001000493335723877	3.7804498672485353E-4	0.0027715641021728516	0.0026211887359619142	
2.0343360900878905E-4	0.006749555778503418	1.4080429077148438E-5	9.494781494140625E-7	0.011982311630249024	1.6756696701049806E-4	0.0046313053131103515	1.430511474609375E-4	0.001374070930480957	0.0	9.229869842529297E-5	0.019310251903533936	1.32437801361084E-4	1.617431640625E-5	1.0855779647827149E-4	6.01679515838623E-4	0.009337488842010497	3.539276123046875E-4	0.0017476399421691895	0.004974551773071289	2.5149879455566406E-4	0.008479893970489502	1.5233325958251953E-5	
2.534908294677734E-4	0.001676347541809082	4.227702140808105E-4	7.481889724731445E-5	1.2563037872314452E-5	0.0	1.5184192657470704E-4	1.1698436737060547E-5	1.1373729705810548E-4	1.34285831451416E-4	0.0	4.8563642501831054E-4	4.6607122421264647E-4	0.0	0.0	0.0015900166511535645	0.021072803115844727	0.0	9.045028686523438E-6	1.3224315643310547E-5	9.389238357543945E-5	0.0	0.0	
2.4923534393310546E-4	4.357242584228516E-6	0.0	1.9051446914672852E-4	1.4512825012207032E-5	0.0	5.1871395111083986E-5	0.002860734748840332	8.356730461120606E-4	1.4606094360351562E-5	3.2958984375E-5	0.0020740169525146485	0.001180250358581543	5.085945129394531E-7	0.0	0.0021134355545043945	1.0247974395751954E-4	6.103515625E-7	1.3776988983154296E-4	0.0	3.0857086181640623E-6	0.0	0.0	
0.003031175422668457	3.8817510604858397E-4	0.007439787101745606	4.689703941345215E-4	0.19403479681015015	0.0	3.802833557128906E-5	0.093968226146698	0.1670578935623169	3.73526668548584E-4	0.01483270435333252	0.12985482959747313	0.0014139896392822266	0.036273405265808106	0.0	0.017219619750976564	0.00110382080078125	1.1027021408081055E-4	0.003252699089050293	0.0	1.3885498046875E-5	0.0	9.279890060424805E-5	
0.01288503007888794	0.006014387321472168	0.005085050773620606	0.002780897331237793	0.1265249803543091	6.43157958984375E-5	0.008359400463104249	1.2296886444091798E-4	0.0018300798416137694	0.03165116205215454	0.011540671443939209	0.09352740821838379	0.09450444536209106	0.011293682479858399	7.330067634582519E-4	0.047733306884765625	0.038328848934173584	1.5562267303466796E-4	2.67503547668457E-4	0.0014358012199401856	0.016394110774993895	3.391265869140625E-7	1.2198543548583985E-5	
0.002723075008392334	0.007349895858764648	0.0025401814460754395	4.1724300384521485E-5	1.4828996658325196E-4	1.2037467956542968E-5	4.7404003143310545E-5	1.8581809997558594E-4	4.367913246154785E-4	4.696273803710938E-6	1.2122154235839843E-6	0.1291527557373047	2.5119361877441406E-4	4.4078826904296875E-7	0.0	3.825971603393555E-4	0.005322765731811524	0.0	1.5428543090820312E-6	1.0204734802246094E-4	1.5307111740112304E-4	6.342573165893554E-5	3.319635391235352E-5	
1.1317787170410157E-4	2.27805233001709E-4	5.680084228515625E-7	6.585865020751953E-5	4.069328308105469E-7	0.0011031086921691894	0.0034521484375	1.5173912048339843E-6	0.0010668267250061034	1.5852165222167968E-5	1.6886425018310548E-5	0.0280224609375	0.0012316386222839355	6.688404083251953E-6	0.002187974739074707	0.0011812336921691894	0.009735539722442626	0.0	0.0	1.0808277130126953E-5	5.951860427856445E-4	0.0027539740562438964	1.3495540618896484E-5	
4.3902969360351565E-5	8.271961212158202E-5	0.0	1.5146894454956054E-4	0.006725548648834228	3.2215118408203124E-7	4.507274627685547E-5	1.1223697662353516E-5	0.0034688228607177734	7.925243377685547E-5	2.085399627685547E-6	0.006324996948242187	0.0026568010330200197	4.4078826904296875E-7	0.0	0.010453033447265624	0.008193842601776124	1.3673591613769531E-5	1.6445159912109374E-6	3.3086109161376954E-5	0.001086586856842041	1.4021129608154297E-4	1.551342010498047E-6	
0.01081561622619629	0.004216359424591065	0.0015759785652160645	0.0018439483642578125	8.42098617553711E-4	1.3309478759765625E-6	0.0015163336753845214	1.9014997482299804E-4	7.469940185546875E-4	3.2130775451660155E-4	4.047813415527344E-5	7.58658504486084E-4	0.008250469589233398	1.3782081604003907E-4	1.725940704345703E-5	0.0033013322830200195	0.025919833755493164	0.004864985179901123	1.4998540878295897E-4	2.3380699157714844E-4	0.001884011173248291	0.0	1.6810131072998046E-5	
1.2546958923339844E-4	2.104949951171875E-4	2.3736000061035157E-6	2.8720436096191406E-4	0.0014169566154479982	1.4580726623535156E-6	2.6262922286987306E-4	0.0027637821197509767	8.71454906463623E-4	0.0025630950927734374	5.250720977783203E-5	0.005538872623443603	0.0038892619132995607	7.476806640625E-5	0.0	2.6458740234375E-4	0.003303104019165039	3.7943525314331053E-4	1.6988964080810547E-4	0.0	2.654266357421875E-4	0.0	2.8745841979980468E-5	
1.6988086700439455E-5	1.4667091369628907E-4	0.0	3.1748456954956055E-4	0.0	7.968902587890625E-7	1.0342025756835938E-5	0.0	9.226484298706055E-5	0.0010569678306579589	0.0	0.005437528800964355	7.648891448974609E-4	0.0	4.4078826904296875E-7	0.0	0.0018276129722595215	0.0013302019119262696	8.900957107543945E-5	1.1874732971191407E-4	1.0138616561889648E-4	0.001020533275604248	0.0	
