0.7116914875984192	0.04821380615234375	3.4407720565795896E-4	0.001119537353515625	0.0021883392333984374	2.6499462127685547E-5	0.026018854808807373	3.712940216064453E-6	0.005180172348022461	0.0018123966217041016	1.392364501953125E-4	0.27865608215332033	0.0036545223236083987	1.2106151580810547E-4	9.86048412322998E-4	0.815197041797638	0.654302198600769	0.013735648250579834	0.0010382843017578125	0.022789950942993163	0.5449414317131043	0.0	7.657365798950196E-5	
0.008806364250183106	0.004846081161499024	9.501224517822266E-4	0.006698125171661377	4.723358154296875E-4	0.01463185625076294	0.005947070693969727	0.001691869068145752	0.0071868896484375	0.003560629940032959	2.577802658081055E-4	0.12340081958770752	0.031233139038085937	2.5608482360839845E-4	2.2210121154785156E-6	9.888373374938966E-4	0.04963890075683594	0.09149669227600098	0.001003570556640625	0.008989529037475586	0.0024758741378784178	0.001035749626159668	1.8454647064208983E-5	
0.03673033819198608	0.006658596420288086	1.8038434982299806E-4	7.382965087890625E-4	2.2115068435668946E-4	4.092750549316406E-5	0.001996188735961914	1.2028980255126954E-5	4.1698036193847654E-4	4.0574817657470705E-4	3.1895952224731447E-4	0.006062257575988769	0.03551120338439941	1.4214410781860352E-4	4.136829376220703E-5	0.023729315853118896	0.04138414173126221	9.461466789245606E-4	0.003120252799987793	9.80656909942627E-4	0.013949008560180665	3.391265869140625E-7	1.0294599533081055E-4	
0.2606528642654419	0.09715118408203124	2.0648536682128907E-4	1.645660400390625E-4	0.003944829273223877	3.2465620040893553E-4	7.06609058380127E-4	7.212321281433106E-4	0.03235655889511108	0.0	0.0014333598136901855	0.04112495422363281	6.852893829345703E-5	0.0020528496742248537	0.001904754638671875	0.07918056068420411	0.08619832353591919	0.00881414623260498	0.005574866390228271	0.0	0.017720616626739502	7.649736404418946E-5	0.0023495906829833985	
0.0021907806396484373	3.0367536544799803E-4	0.0	6.21024227142334E-4	0.0	1.122283935546875E-4	1.0252208709716797E-4	2.641635894775391E-4	0.039644749927520755	5.25241470336914E-4	4.942131042480469E-6	0.006009563827514649	0.0038367292404174803	1.4072418212890625E-6	2.0777416229248047E-5	0.29763788013458253	0.04423349170684814	8.672075271606446E-5	2.5177001953125E-6	0.0	1.985340118408203E-5	0.007606048583984375	0.0	
2.6761369705200194E-4	0.002648747730255127	5.907697677612305E-5	1.0172843933105469E-6	1.3665103912353516E-5	0.0	2.5585594177246094E-4	0.0	1.3086109161376954E-4	1.2546539306640626E-6	3.391265869140625E-7	2.59687614440918E-4	6.174726486206055E-5	0.0	1.3393402099609376E-6	1.2483386993408202E-4	0.024042231273651123	1.3249683380126953E-5	1.5710620880126952E-4	0.0	3.389148712158203E-5	1.6513442993164062E-5	7.799148559570312E-7	
0.04922065734863281	0.004700198745727539	0.0035582902908325195	0.002878078842163086	6.861284255981446E-4	5.1472949981689455E-5	6.73065185546875E-4	8.682590484619141E-4	7.45722484588623E-4	0.0022951592445373536	5.632190704345703E-5	0.010066316413879395	0.0330923038482666	1.5279130935668946E-4	1.4238147735595703E-4	0.011133745002746581	0.025864842700958252	6.702423095703125E-4	4.42030143737793E-4	3.3488807678222656E-4	0.0049663713455200195	7.55606746673584E-4	8.94326114654541E-4	
0.001039606761932373	2.3508710861206054E-4	0.0	1.44339656829834E-4	4.497104644775391E-4	0.0	5.262584686279297E-5	0.0	0.05220145330429077	6.595191955566407E-5	0.0	0.005895224666595459	5.10720157623291E-4	0.0	6.781578063964843E-7	0.19578609886169435	0.03083384199142456	3.518848419189453E-5	8.874683380126953E-5	0.0	4.157171249389648E-5	0.0	7.222490310668945E-5	
0.00800711736679077	0.00252899169921875	0.0	3.88031005859375E-4	6.191423416137695E-4	5.425453186035156E-7	1.0901556015014648E-4	0.07031501770019531	0.274851192855835	0.0027280341148376466	5.934820175170898E-5	0.021089892959594726	0.003065923023223877	1.5546989440917968E-5	0.0018751695632934571	0.48847409563064575	0.07821452674865723	7.246227264404297E-5	0.003282894515991211	0.0	2.6004371643066404E-4	0.0	9.17977237701416E-4	
0.002343105697631836	0.019437264347076415	0.0014835442543029785	0.0	0.0015807427406311035	5.213451385498047E-6	0.001837497329711914	4.70411491394043E-4	0.013428666877746583	0.0	1.3513355255126953E-4	0.02804406909942627	1.150341033935547E-5	2.5547447204589846E-4	7.050238609313965E-4	0.018888761711120604	0.05978509693145752	0.007051035594940185	0.003989122200012207	0.002059182071685791	0.007188424015045166	0.0	0.001271692943572998	
0.00802103681564331	0.06844190807342529	9.83106803894043E-4	5.715518951416016E-4	0.001063690185546875	2.7092838287353515E-5	2.62298583984375E-4	1.5660600662231446E-4	0.0053752729415893555	0.007382905769348145	0.0011499531745910645	0.017629954051971434	0.004228676700592041	3.152637481689453E-5	1.2054443359375E-4	0.012384991073608399	0.6285431840896606	2.2259178161621095E-4	3.786045074462891E-4	7.180023193359375E-4	0.001116968822479248	7.634477615356445E-5	2.9534244537353517E-5	
0.025974807739257814	0.02838513689041138	4.6256170272827147E-4	0.0028983222007751466	0.0025063323974609374	0.021063571548461914	0.004514473819732666	0.0018670230865478516	0.005117645263671875	0.005102776432037354	8.374528884887695E-5	0.3080298614501953	0.04014714555740356	1.9641456604003907E-4	0.0022212727546691894	0.009710820484161376	0.06778950157165527	0.1825267876625061	0.009284778213500976	0.001723759937286377	0.006182242488861084	0.00914148120880127	0.0151025390625	
7.163578033447266E-4	0.014944076538085938	5.26885986328125E-4	6.103515625E-7	0.01639556884765625	2.5359258651733396E-4	0.007955788516998291	2.172003746032715E-4	0.005694893741607666	1.6360855102539062E-5	0.0011118571281433106	0.014783969497680663	1.906585693359375E-4	2.8893365859985353E-4	1.28631591796875E-4	0.005606460571289063	0.013855014419555663	0.007855656909942627	0.002559644889831543	0.014651463794708252	0.001886130428314209	0.0014959716796875	2.7253894805908204E-4	
5.30556583404541E-4	0.0021329583168029787	8.231353759765625E-4	2.66248893737793E-4	2.9110336303710937E-5	0.0	1.71958065032959E-4	0.0	1.831902503967285E-4	6.565513610839843E-5	4.4078826904296875E-7	7.2479248046875E-4	0.002098515796661377	0.0	0.0	0.0016871134757995606	0.02667743263244629	1.2037467956542968E-5	2.176074981689453E-5	4.4420051574707035E-5	2.548895835876465E-4	0.0	0.0	
2.95274543762207E-4	1.3893985748291015E-5	0.0	1.52731990814209E-4	3.192478179931641E-4	1.2647819519042969E-5	1.798839569091797E-5	9.1552734375E-7	4.82194709777832E-4	0.001533932113647461	3.23486328125E-5	5.521138191223145E-4	4.7019109725952147E-4	3.391265869140625E-7	0.0	4.2548284530639647E-4	8.276197433471679E-4	1.1528968811035157E-6	4.950618743896484E-6	0.0	6.059436798095703E-5	0.0	0.0	
0.008361129760742188	7.076602935791016E-4	0.00776159496307373	2.94511604309082E-4	0.21200267372131348	6.672325134277344E-5	2.595691680908203E-5	0.10680068969726562	0.25311695518493654	9.013027191162109E-4	0.022751846313476563	0.19119163513183593	0.0026296488761901856	0.04730421276092529	0.0	0.040654780101776124	0.0021442073822021484	1.6640567779541014E-5	0.0033822292327880857	0.0	1.52587890625E-4	0.0	1.8853092193603514E-5	
0.018339445304870604	0.021566458797454835	0.008596572875976562	0.007791561508178711	0.13873857288360597	1.8711509704589843E-4	0.01010903253555298	3.7213640213012696E-4	0.005916807365417481	0.001948089599609375	0.014554714584350585	0.13635005531311034	0.040350638484954834	0.01490930347442627	0.0010796779632568359	0.04403415260314941	0.02005488929748535	0.001844211196899414	4.3060302734375E-4	0.006894573593139649	0.018817350578308106	0.0020327080726623534	4.33035945892334E-4	
0.0012670050621032714	0.014993167495727539	0.004534318733215332	1.0420904159545899E-4	1.7932472229003905E-4	3.391265869140625E-7	3.577423095703125E-4	8.561878204345703E-5	9.759013175964355E-4	9.569807052612305E-5	2.1121559143066405E-4	0.1532054223060608	7.20655632019043E-4	1.8446159362792967E-5	0.0	0.0011324055671691894	0.007831556510925293	0.0	7.271661758422852E-5	4.064263343811035E-4	8.827717781066894E-4	6.758794784545898E-5	1.9824562072753905E-4	
4.15802001953125E-4	0.008327874088287354	2.288818359375E-6	8.620367050170898E-5	4.913330078125E-5	9.456214904785157E-5	0.004406577205657959	1.2554550170898438E-5	6.500244140625E-5	0.0028418138504028322	2.1022796630859376E-6	0.024336785221099853	0.003347040843963623	1.814098358154297E-5	7.121086120605469E-7	0.0022910054206848143	0.010214385986328125	0.0013756561279296875	0.0	4.179191589355469E-6	8.27670669555664E-4	7.427635192871094E-5	2.4074935913085936E-5	
0.1885060459136963	5.49596118927002E-4	2.000617980957031E-6	1.4222888946533203E-4	0.010347468090057373	0.0	4.76676082611084E-4	1.0990562438964844E-4	0.011999859237670898	2.0731611251831054E-4	3.1703948974609373E-6	0.002660352897644043	0.0022164408683776854	3.8062095642089843E-6	0.0	0.00421746997833252	0.009651302719116212	8.607654571533203E-5	2.873735427856445E-5	6.562976837158204E-5	6.10512638092041E-4	0.002619154167175293	8.977222442626953E-6	
0.01165918140411377	0.0060515339851379395	0.0037118953704833985	0.0014610968589782714	3.691864013671875E-4	2.7355575561523438E-5	0.007379608154296875	4.2744951248168946E-4	0.0012456851959228516	3.1559410095214843E-4	4.990472793579101E-5	0.0017331356048583984	0.01020751953125	7.174177169799804E-5	1.2034950256347656E-4	0.007080552864074707	0.03203520030975342	0.001688817310333252	2.808040618896484E-4	4.62782096862793E-4	0.0029303571701049806	0.0	1.0820178985595704E-4	
0.0025635273933410645	9.000820159912109E-4	0.001163669204711914	4.2303295135498047E-4	0.006349572086334228	4.667491912841797E-5	0.001829401683807373	0.006078881168365478	3.25783634185791E-4	5.393049240112305E-4	7.130937576293946E-5	0.009288075733184815	0.007222484970092774	3.922357559204102E-5	0.0	6.374444007873535E-4	0.005440563583374023	2.8017683029174804E-4	5.414323806762695E-5	0.0	5.289544105529785E-4	0.0	0.004391445541381836	
4.58526611328125E-5	4.7560796737670897E-4	1.322460174560547E-6	0.0038233099937438966	2.3829174041748046E-5	6.7986488342285154E-6	1.9611778259277343E-4	4.4078826904296875E-7	2.618579864501953E-5	1.0768470764160156E-4	1.4444990158081055E-4	0.005931057357788086	3.21816349029541E-4	0.0	1.0850906372070312E-6	0.0	0.004855499267578125	0.008884548568725587	5.001068115234375E-7	1.5975103378295898E-4	3.6646556854248044E-5	4.03459358215332E-4	0.0	
