0.6332991112709045	0.05197027416229248	2.459293365478516E-4	6.44989013671875E-4	0.001751827621459961	6.434154510498047E-6	0.0256973521232605	1.9022626876831055E-4	0.001961635971069336	0.0016916571617126466	3.30047607421875E-4	0.29980227155685424	0.003694737720489502	2.2705078125E-4	0.001135431957244873	0.7499049377441406	0.7846047125816346	0.01267358570098877	2.78311824798584E-4	4.280938148498535E-4	0.5493527136802673	0.0	9.186639785766602E-5	
0.011117697811126709	0.0036570316314697266	0.002083562183380127	0.00537939281463623	0.002223358154296875	0.013301315307617188	0.0027816264152526857	8.280439376831055E-5	0.006762754631042481	0.0039619022369384764	8.490667343139648E-5	0.10401330738067627	0.023297068309783935	2.3154363632202148E-4	0.001779149341583252	4.882219314575195E-4	0.0897952525138855	0.10756167097091675	3.5580949783325195E-4	8.06443977355957E-4	0.00444010419845581	0.0025345526695251465	1.6614913940429687E-6	
0.03653640747070312	0.0029212188720703124	1.5725030899047852E-4	5.032856941223144E-4	1.1088905334472656E-4	6.929187774658203E-5	0.0017555660247802734	1.922607421875E-5	5.29632568359375E-4	3.946516036987305E-4	2.8594970703125E-4	0.001531863784790039	0.019749908447265624	1.3453168869018554E-4	2.873706817626953E-6	0.020080422306060792	0.03830700340270996	9.50783634185791E-4	0.0019484710693359374	1.0601463317871094E-4	0.009666019058227539	0.0	2.0128040313720702E-4	
0.25145125494003295	0.15325512351989745	1.9044666290283203E-4	8.411237716674805E-4	0.005578545475006104	2.6814775466918944E-4	0.007177929306030274	5.196465492248535E-4	0.02287978277206421	0.0	0.001079542350769043	0.039248445320129395	7.288618087768554E-5	0.006057442569732666	0.001968070125579834	0.07190109252929687	0.09128460350036621	0.006922760009765625	0.0036000823974609375	0.0	0.018607432079315187	4.831104278564453E-5	0.002718353271484375	
0.002767817211151123	7.267168045043945E-4	2.5431346893310546E-5	2.4188575744628907E-4	0.0	3.662109375E-6	1.8184242248535157E-4	2.3645191192626954E-4	0.0427939775466919	4.2240562438964843E-4	1.2045955657958984E-5	0.00900909423828125	0.0036368645668029783	9.663581848144532E-7	3.7322998046875E-4	0.3092281596183777	0.047767503547668455	5.62142276763916E-4	3.991870880126953E-5	0.0	4.960803985595703E-5	1.6021728515625E-6	8.815765380859375E-7	
3.6908464431762697E-4	0.001921073055267334	2.0429611206054686E-6	1.271533966064453E-6	3.594293594360351E-5	0.0	2.73581600189209E-4	0.0	7.883739471435547E-6	6.629095077514648E-5	3.391265869140625E-7	2.698431968688965E-4	2.0386590957641602E-4	0.0	0.0	8.558483123779297E-5	0.022538833618164063	1.780223846435547E-6	1.8530941009521485E-5	1.3987541198730468E-6	4.917144775390624E-7	2.2210121154785156E-6	1.4233016967773438E-5	
0.021961330795288087	0.010764863777160644	0.002016465950012207	0.0031809234619140626	6.861114501953126E-4	9.95635986328125E-5	7.734256744384765E-4	5.61684513092041E-4	1.64947509765625E-4	7.316165924072266E-4	9.610490798950196E-5	0.013721474552154542	0.07138013200759888	2.8209266662597654E-4	2.62900447845459E-4	0.002588034725189209	0.018416985416412353	4.0802850723266603E-4	0.001445185375213623	4.0963916778564454E-4	0.0051357184410095215	0.0028412543296813964	9.25606632232666E-4	
9.97280502319336E-4	1.5940351486206056E-4	0.0	3.3925371170043944E-4	9.32032299041748E-4	4.4078826904296875E-7	8.813648223876953E-5	0.0	0.06818094892501832	1.3218345642089844E-4	0.0	0.004196794319152832	4.50905704498291E-4	0.0	5.4668807983398435E-5	0.21073727922439575	0.029580942821502684	1.6996574401855468E-5	1.5682220458984376E-6	0.0	8.269414901733399E-5	0.0	3.611249923706055E-5	
0.01272485523223877	4.81728458404541E-4	0.0	5.88845157623291E-4	0.005346035385131836	0.0	0.001180275821685791	0.07280122547149659	0.2479049427986145	0.002141248893737793	1.262749671936035E-4	0.009079182910919189	0.002819366455078125	6.103515625E-7	7.836236953735351E-5	0.47752519397735593	0.07775153264999389	1.5026512145996094E-4	0.003907377433776856	0.0	2.935791015625E-4	0.0	4.981146812438965E-4	
0.0021938154220581055	0.019806238842010496	0.005524520874023438	0.0	0.0013774532318115234	2.0684242248535155E-6	0.002622706127166748	0.001043972396850586	0.01047778663635254	0.0	3.190784454345703E-5	0.02462821960449219	8.959452629089355E-4	4.3007745742797853E-4	0.0011400434494018554	0.02276127281188965	0.08468513488769532	0.013581670093536377	0.0025420294761657716	0.002093192195892334	0.016245227432250976	0.0	3.936344146728516E-4	
0.007026138305664062	0.06361588373184204	0.0011402553558349608	4.1838750839233397E-4	8.15412712097168E-4	2.6618003845214845E-6	0.001472964859008789	1.6836376190185548E-4	0.002828199577331543	0.007637363052368164	0.001100141716003418	0.018674748706817627	0.0050644938468933105	1.123218536376953E-5	9.173927307128906E-5	0.01680475025177002	0.6153148736000061	1.7762928009033203E-4	2.84907054901123E-4	4.5917930603027343E-4	0.0010197278976440429	4.408092498779297E-5	1.6513442993164062E-5	
0.026768205451965333	0.016612659072875978	0.003362299633026123	0.0038840314865112306	0.0061189948081970215	0.020890367317199707	0.005778121948242188	3.4127130508422853E-4	0.001633317756652832	0.0018367089271545411	1.4065208435058593E-4	0.2906067487716675	0.03642840070724487	3.2971696853637694E-4	0.0019121296882629395	0.007971878051757813	0.08319749622344971	0.17958403692245484	0.008263236141204834	0.003331281852722168	0.006335440731048584	0.002597469711303711	0.010508956909179688	
6.564585685729981E-4	0.024568769645690918	0.0073583984375	1.7887115478515624E-6	0.01478188409805298	3.8469953536987306E-4	0.00290313720703125	4.22829532623291E-4	0.003021681022644043	1.1189460754394531E-6	1.7218694686889648E-4	0.010672878646850585	2.4812507629394532E-5	9.016246795654296E-5	1.5148582458496094E-4	0.004999923706054688	0.02099591569900513	0.004478386783599853	0.0021636199951171873	4.93918514251709E-4	0.002203818416595459	0.002738986587524414	4.78074836730957E-4	
3.9844093322753904E-4	0.001314985466003418	6.14005184173584E-4	7.810802459716796E-5	1.5004444122314453E-5	0.0	1.970757484436035E-4	0.0	1.2813148498535157E-4	2.0821466445922852E-4	1.2037467956542968E-5	0.001000959587097168	0.002733145809173584	0.0	1.2715625762939453E-5	0.0013918897628784179	0.028332773876190185	1.0943984985351563E-5	3.086509704589844E-5	1.4665603637695313E-6	7.297935485839844E-5	0.0	1.9734668731689454E-5	
3.2958984375E-4	9.66644287109375E-5	5.764007568359375E-7	3.7015275955200197E-4	2.7361555099487305E-4	0.0	8.646650314331055E-5	4.7132492065429685E-6	5.338880538940429E-4	0.0015235222816467285	1.6106605529785157E-6	6.31544303894043E-4	6.765323638916015E-4	1.3393783569335937E-5	0.0	0.006466818904876709	0.0012741766929626464	0.0	6.965128898620606E-4	0.0	1.0763378143310547E-4	0.0	1.3597297668457031E-5	
0.007968004035949708	0.001270285701751709	0.009304394149780274	7.42179012298584E-4	0.21977542457580568	3.415422439575195E-5	5.69296932220459E-4	0.10097295970916748	0.2490911187171936	5.967288970947266E-4	0.021839675903320314	0.19110468549728393	0.005788828563690186	0.04610280351638794	0.0	0.04232630414962769	0.004049996280670166	9.257850646972656E-5	0.003159908676147461	0.0	1.52587890625E-4	0.0	1.1740779876708984E-5	
0.015246014022827149	0.010251202011108398	0.006356319808959961	0.006343909358978272	0.1465205891609192	1.2996253967285156E-4	0.008992631721496582	2.530246734619141E-4	0.008428480339050293	0.0027363078117370607	0.01593400745391846	0.12886443243026732	0.023282419872283935	0.017056164169311522	0.0013874477386474609	0.08299361333847045	0.026086722469329835	0.001717063045501709	3.231133460998535E-4	7.046254158020019E-4	0.022151107788085937	0.002200147819519043	0.001036215877532959	
0.001477517032623291	0.015125130558013917	0.004227269458770752	1.2858076095581054E-4	1.0708274841308594E-4	0.0	1.554107666015625E-4	3.1195640563964845E-6	6.373090744018555E-5	1.4196605682373047E-4	1.9360008239746094E-4	0.1510086483001709	3.6797418594360353E-4	0.0	7.799148559570312E-7	0.001706559944152832	0.006939866828918457	0.0	2.593316078186035E-4	3.641767501831055E-5	7.53038215637207E-4	1.5668230056762694E-4	4.3402767181396483E-5	
2.3507013320922852E-4	4.6726646423339845E-4	0.0	4.459635734558106E-4	4.397926330566406E-5	4.422844886779785E-4	0.0037816534996032714	1.1359214782714844E-6	5.891609191894532E-6	8.222789764404297E-5	5.595207214355469E-7	0.025828281021118164	0.002370147705078125	1.661510467529297E-5	1.7801952362060546E-5	0.0018009694099426269	0.0189944712638855	6.330699920654297E-5	0.0	3.450202941894531E-6	5.585394859313965E-4	6.199302673339844E-5	0.0	
4.3203563690185547E-4	3.6289634704589845E-4	1.3453197479248047E-5	0.0015167829513549804	6.21066665649414E-4	0.0	0.0010176594734191895	1.71042537689209E-4	7.72128677368164E-4	5.15475845336914E-4	5.137128829956055E-5	0.003908309936523437	0.003148947811126709	1.2461662292480468E-6	0.0	0.007373504638671875	0.009830601978302001	7.19451904296875E-5	4.108848571777344E-5	5.1167774200439455E-5	3.9999217987060545E-4	0.0029993693351745604	3.156871795654297E-5	
0.025578342056274413	0.008705283260345458	0.002721727180480957	0.0013872358322143555	3.0659141540527343E-4	2.9584884643554686E-6	0.002202767276763916	3.563690185546875E-4	0.001023084831237793	9.40687370300293E-4	5.872936248779297E-5	0.0015498775482177733	0.01047164068222046	1.1466131210327148E-4	5.86700439453125E-5	0.007499508285522461	0.03449106006622314	0.011949072933197021	1.3235301971435546E-4	2.0721435546875E-4	0.0034174686431884768	5.823802947998047E-6	3.198413848876953E-5	
1.3904151916503907E-4	6.733195304870606E-4	1.602935791015625E-4	6.787702560424805E-4	0.0010934871673583984	1.3325977325439453E-5	0.002633497428894043	0.002181125259399414	3.636508941650391E-4	6.577979087829589E-4	1.2936019897460937E-5	0.0054239484786987304	0.004912601089477539	1.1241493225097657E-4	0.0	3.9061651229858397E-4	0.0031706746101379394	3.353288650512695E-4	4.246177673339844E-5	0.0	6.409454345703125E-4	0.0	3.291664123535156E-5	
6.844415664672852E-5	8.002386093139649E-5	4.408073425292969E-6	0.0034494781494140625	1.8039321899414064E-5	4.738712310791015E-6	2.1998939514160157E-4	7.799148559570312E-7	7.361516952514649E-5	3.6410017013549804E-4	0.0	0.0036007266998291016	8.08834457397461E-4	1.2478256225585938E-5	1.2715625762939453E-5	1.2291908264160156E-6	0.0011641693115234375	0.0018604108810424806	0.0	3.5595321655273435E-5	3.740100860595703E-5	3.0218334197998044E-4	0.0	
