0.24277383594512938	0.027479765129089357	5.013105392456055E-4	0.0013133917808532715	1.8458051681518553E-4	7.758245468139649E-5	0.4061675262451172	9.840221405029296E-5	0.009189300537109375	0.0023782856941223143	7.57132625579834E-4	0.020700759887695312	0.009231491088867188	1.1477155685424805E-4	4.573482513427734E-4	0.018867831802368163	0.7814693281173706	0.012976116561889649	3.84504508972168E-4	0.005213182258605957	0.017947379207611084	0.0	2.78769588470459E-4	
0.008628963851928712	0.006593009090423584	9.352705001831054E-4	0.0043767377853393555	0.001022025203704834	0.020550969409942627	0.030978681755065917	4.5191450119018553E-4	7.28293514251709E-4	0.0018917507171630858	2.47489070892334E-4	0.10428732976913452	0.01960375471115112	2.28271484375E-4	0.0015564473152160645	5.691698074340821E-4	0.06329539833068848	0.10773300170898438	7.076518058776856E-4	2.95706844329834E-4	0.005274174976348877	0.001607937240600586	1.325817108154297E-5	
0.014332911205291747	0.005700124073028564	3.3971147537231446E-4	7.02650260925293E-4	0.003499764347076416	4.748878479003906E-5	0.007942759227752685	2.706231117248535E-4	8.337741851806641E-4	3.7768898010253905E-4	3.4228010177612305E-4	0.0043653361320495606	0.006382921028137207	2.9383344650268554E-4	4.723103523254395E-4	0.01987396240234375	0.03666482715606689	7.92685604095459E-4	0.004154434204101562	0.003103603744506836	0.014561504745483398	0.0	2.0192461013793947E-4	
0.2081044345855713	0.11314170837402343	2.3393421173095703E-4	7.482655525207519E-4	0.004930453872680664	4.8556861877441406E-4	0.0010085466384887696	0.001160719108581543	0.03579841613769531	0.0	0.001823738956451416	0.041598943042755125	7.625999450683594E-5	0.0030065239906311037	0.004149220752716064	0.08009346857070923	0.10266036987304687	0.00867095947265625	0.006379047012329102	0.0	0.02900087995529175	3.60107421875E-5	0.002801233959197998	
0.003812425422668457	0.002114105224609375	0.0	8.795250892639161E-4	0.0	5.007429122924805E-5	1.1778936386108398E-4	1.1888294219970703E-4	0.04748437671661377	0.0017040592193603517	1.1867523193359375E-6	0.006724065113067627	0.00154022216796875	3.2213211059570314E-6	1.7161054611206054E-4	0.2838724178314209	0.03653452558517456	1.3340415954589844E-4	2.000617980957031E-6	0.0	1.5598716735839844E-4	2.6397705078125E-5	3.391265869140625E-7	
6.179046630859375E-4	0.001677975082397461	4.0156078338623044E-5	2.4956607818603516E-5	3.391265869140625E-7	0.0	6.64816951751709E-4	0.0	1.7708683013916015E-5	4.57763671875E-7	9.765625E-6	3.5007057189941407E-4	5.717811584472656E-5	0.0	9.913129806518555E-5	6.452770233154297E-5	0.027215516853332518	6.561279296875E-5	1.761627197265625E-4	3.2806396484375E-6	5.7161140441894534E-5	4.4504833221435546E-5	1.0850906372070312E-6	
0.03082137212753296	0.00819036693572998	0.0013593292236328124	8.301120758056641E-4	0.0018461185455322265	1.9138755798339845E-4	5.73272705078125E-4	1.4792537689208985E-5	8.470323562622071E-4	4.189470291137695E-4	1.5777587890625E-4	0.010393566513061524	0.061300311660766604	2.4217395782470704E-4	8.444042205810546E-5	0.0032745954513549807	0.017481443595886232	5.552758216857911E-4	6.188201904296875E-4	7.806819915771485E-4	0.0052423095703125	0.0013219451904296876	0.001342307186126709	
0.003347803783416748	1.981268882751465E-4	0.0	6.315441131591797E-5	6.061130523681641E-4	0.0	7.241144180297851E-5	0.0	0.06933325872421264	1.5419864654541016E-5	6.781578063964843E-7	0.004375940990447998	0.0010442606925964355	2.2718620300292968E-5	7.378473281860351E-5	0.20849472045898437	0.029520594310760498	7.663307189941406E-5	1.1574640274047851E-4	0.0	2.0183944702148438E-5	0.0	1.2037467956542968E-5	
0.0073035261154174805	5.158318519592285E-4	4.6793651580810544E-5	6.147172927856446E-4	0.012732221794128418	9.494781494140625E-7	8.234235763549804E-4	0.08877605018615722	0.266910680103302	1.0085210800170898E-4	1.703901290893555E-5	0.013620842838287354	0.0034685770988464354	1.77764892578125E-5	3.2833518981933594E-4	0.4753548939704895	0.08324100914001464	2.2925481796264648E-4	3.721427917480469E-6	0.0	1.9198102951049805E-4	0.0	4.6893653869628906E-4	
0.0016449314117431642	0.020357674503326414	0.0024472978591918945	0.0	0.0014450921058654785	2.5126171112060545E-5	0.001560338306427002	5.052100181579589E-4	0.01220235185623169	0.0	1.4773902893066407E-4	0.021847118759155272	2.122669219970703E-5	9.038628578186035E-4	4.2548284530639647E-4	0.041122080516815186	0.06281783208847046	0.004553536319732666	5.445013999938965E-4	0.00130035400390625	0.0067905680656433105	0.0	5.29615592956543E-4	
0.005349705982208252	0.06080863952636719	5.901336669921875E-4	6.260935783386231E-4	0.001049787712097168	1.8717479705810546E-5	7.391185760498047E-5	1.698981285095215E-4	0.007128270435333252	0.006872380542755127	0.0025847795486450193	0.02438270568847656	0.0031409624099731446	4.152936935424805E-5	6.70047378540039E-4	0.013122033023834228	0.6520048607826233	2.1628484725952148E-4	3.8542852401733397E-4	8.764055252075195E-4	9.00887393951416E-4	5.560979843139649E-5	2.61688232421875E-5	
0.014047732925415038	0.0334775203704834	0.004691314697265625	0.005835740852355957	0.0029790327072143556	0.027730924797058104	0.008768564891815185	4.05722713470459E-4	0.002260445499420166	0.006256942749023438	9.693565368652344E-5	0.30560366315841675	0.04302205400466919	2.7308998107910154E-4	0.001924421501159668	0.010685840225219727	0.07648877458572388	0.18612837047576905	0.004880218505859375	0.007207972240447998	0.007672017383575439	0.0060952335357666015	0.0168484920501709	
9.57048225402832E-4	0.008031370353698731	0.001425815200805664	0.0	0.0013972981452941894	5.6915283203125E-5	0.0013738420486450196	7.521480560302734E-4	0.00149322509765625	3.0857086181640623E-6	1.1911182403564453E-4	0.022846391487121583	6.852893829345703E-5	1.0776100158691406E-4	0.002975345230102539	0.008471391487121583	0.014106775951385498	0.007482545661926269	0.002360695743560791	0.006844134902954101	0.002081756591796875	0.0032154253005981445	0.001635886287689209	
9.08533763885498E-4	0.002012346076965332	0.0013666704177856446	8.913679122924805E-5	1.83868408203125E-5	5.001068115234375E-7	1.15509033203125E-4	2.3057746887207032E-5	2.3673162460327148E-4	1.6429481506347656E-4	8.815765380859375E-7	9.658050537109375E-4	0.0022116936683654787	0.0	0.0	0.0012871891021728516	0.02981766595840454	1.2715625762939453E-5	2.9381656646728517E-5	1.2037277221679687E-6	7.44815444946289E-4	0.0	2.83050537109375E-5	
3.076849937438965E-4	0.0012134212493896484	0.0	3.3001327514648436E-5	4.457263946533203E-5	3.153514862060547E-6	2.660961151123047E-5	6.505330085754394E-4	0.0014979976654052735	6.559581756591797E-5	4.742937088012695E-5	4.996320724487305E-4	0.001180886173248291	0.0	0.0	7.332865715026855E-4	0.0028368547439575195	6.908836364746094E-5	1.3987226486206054E-4	0.0	9.634227752685547E-5	0.0	3.0347824096679687E-6	
0.011971198177337647	0.0015573628425598145	0.010498445320129394	4.447258949279785E-4	0.2490409342765808	2.3311614990234374E-6	2.7686214447021483E-5	0.11561247930526733	0.29444196910858156	5.502827644348144E-4	0.02916560707092285	0.212987340259552	0.0015792253494262695	0.049765370655059815	0.0	0.04654001026153565	0.01241194829940796	1.3744773864746095E-4	0.0024491204261779787	0.0	1.6669378280639648E-4	0.0	4.259406089782715E-4	
0.01302471580505371	0.010606274032592773	0.008138266658782959	0.006863420295715332	0.16103012933731078	2.9692754745483396E-4	0.13658673601150512	0.012478959846496582	0.008154203605651856	0.002371707534790039	0.017501610660552978	0.14131969032287597	0.02408496437072754	0.020539372730255127	2.1620855331420897E-4	0.055380850887298584	0.03999582929611206	7.803937911987304E-4	0.005144568538665771	0.003934249877929687	0.016917656803131103	3.391265869140625E-7	0.001453984546661377	
0.001316841983795166	0.01489709644317627	0.003767420482635498	7.699756622314452E-5	1.1138067245483398E-4	1.3563156127929687E-6	3.675079345703125E-4	1.40380859375E-5	0.0010326130867004395	3.512067794799805E-5	1.8429222106933595E-4	0.15002730474472045	7.36092472076416E-4	0.0	1.2208728790283203E-4	6.188795089721679E-4	0.007089402961730957	0.0	3.039045333862305E-5	6.57984447479248E-4	0.001498082447052002	2.00653076171875E-4	1.2546539306640626E-6	
4.514397621154785E-4	0.0011284297943115235	3.7638664245605468E-6	1.885308265686035E-4	7.962541580200196E-5	1.7336530685424804E-4	0.00971610174179077	1.627635955810547E-6	2.363414764404297E-5	2.0599365234375E-5	1.0172843933105469E-6	0.023774380111694336	0.0036847517013549806	1.341075897216797E-5	3.2891273498535157E-6	0.0017253621101379394	0.012516759204864503	0.002182651138305664	0.0	4.5369434356689456E-5	3.6612615585327146E-4	1.9644842147827147E-4	1.6845703125E-4	
0.07523279829025269	3.6110773086547854E-4	4.4078826904296875E-7	7.06490421295166E-4	0.0017949253082275391	1.500415802001953E-6	3.7144975662231443E-4	5.5991268157958986E-5	0.0035798051834106445	1.1002435684204101E-4	2.1643743515014648E-4	0.0024987369537353516	0.003354161548614502	2.7058887481689454E-5	0.0	0.009913864135742188	0.019749111557006836	6.296369552612305E-4	0.0016817474365234376	7.550554275512695E-5	0.0028451707839965822	3.6078548431396484E-5	2.4753570556640626E-6	
0.004602703475952148	0.00693115234375	0.005195532894134522	0.0010114627838134767	7.245975494384766E-4	3.1681480407714846E-4	0.0025151824951171876	3.9784746170043944E-4	0.001316969108581543	0.0012644110679626466	4.40216064453125E-5	0.0020158809661865234	0.006349131298065185	1.2372331619262697E-4	7.684497833251953E-5	0.006960779857635498	0.03511937456130981	0.009541397094726562	1.8148632049560547E-4	2.2839012145996093E-4	0.00663543701171875	1.2461662292480468E-6	8.032903671264648E-5	
0.0011930169105529786	6.65596866607666E-4	2.601115226745605E-4	3.6176891326904296E-4	0.0017752838134765625	1.5428543090820312E-6	0.001370993709564209	0.002191628360748291	0.014676445865631103	0.0016266886711120605	7.169084548950195E-5	0.014452345085144043	0.010748469066619873	1.9616031646728515E-5	0.0	0.001792577075958252	0.00781823902130127	4.1135149002075196E-4	3.9342212677001956E-5	0.0	7.233598709106445E-4	0.0	0.009919670963287353	
1.4489068984985351E-4	4.4377641677856446E-4	0.0	4.0929155349731444E-4	1.2715625762939453E-5	8.137702941894531E-7	3.5056219100952147E-4	2.6109504699707032E-5	3.2017173767089844E-4	2.8008365631103516E-5	1.2037467956542968E-5	0.0034566582679748537	0.003508750057220459	3.729915618896484E-6	7.968902587890625E-7	3.168745040893555E-5	0.007087232780456543	5.2219009399414064E-5	3.8519964218139646E-4	1.8231706619262696E-4	1.2173967361450195E-4	6.018405914306641E-4	0.0	
