0.7070930057525635	0.010014580631256103	8.673773765563965E-4	9.578704833984375E-4	4.643842697143555E-4	1.4589118957519532E-5	0.20051273765563965	5.8746337890625E-6	9.506395339965821E-4	3.0678653717041016E-5	8.069353103637695E-5	0.3528188323974609	0.012626681900024413	1.89056396484375E-4	7.795543670654297E-5	0.7673127407073974	0.6251894548416138	0.012218763542175293	3.122119903564453E-5	1.1106700897216796E-4	0.5204162852287293	0.0	5.430431365966797E-5	
0.007267905330657959	0.0023815239906311036	3.9664373397827146E-4	0.001926099967956543	2.9840259552001955E-4	0.010036663436889649	0.006262715625762939	2.3479881286621093E-4	3.7546796798706056E-4	0.0011983235359191895	7.964239120483398E-5	0.07957444086074829	0.020771857357025147	1.6672773361206054E-4	5.120182037353516E-6	2.3271350860595703E-4	0.033747202587127684	0.04752866954803467	4.986148834228516E-4	0.002388602352142334	0.004319203662872314	3.9423627853393556E-4	1.8140792846679686E-6	
0.006848458194732666	0.003355992603302002	3.1444969177246094E-4	2.34375E-4	2.7219982147216795E-4	1.5428543090820312E-6	0.0020026567459106447	3.874883651733399E-5	4.70869255065918E-4	2.04620361328125E-4	2.9345197677612306E-4	0.0021912723541259766	0.00848108081817627	1.4963788986206055E-4	1.3597297668457031E-5	0.005425898265838623	0.028176379776000977	1.0328502655029297E-4	0.001298514461517334	0.0016053263664245606	5.72662353515625E-4	0.0	3.3992767333984375E-6	
0.2025503794670105	0.08116059198379516	4.2577953338623046E-4	2.3922348022460936E-5	0.002027859115600586	2.37274169921875E-5	2.5931453704833983E-5	0.0013425785064697265	0.017794935417175292	0.0	3.526899337768555E-4	0.0200478702545166	1.529273986816406E-5	0.002634294319152832	3.4512834548950196E-4	0.04113617792129517	0.061252263355255125	0.001481781005859375	0.004146652221679687	0.0	0.010780910873413086	1.3278541564941407E-4	4.906208992004395E-4	
0.003776406192779541	4.083423614501953E-5	0.0	1.3398065567016602E-4	0.0	2.076911926269531E-6	6.830854415893555E-5	3.107282638549805E-4	0.04380360918045044	7.918462753295898E-5	5.1439094543457034E-5	0.006676415348052979	0.0019074164390563964	5.4423332214355466E-6	3.204345703125E-6	0.27873049421310425	0.045838716316223146	7.139415740966797E-5	3.391265869140625E-7	0.0	8.532209396362305E-5	1.7462730407714843E-6	5.848884582519531E-7	
5.089654922485351E-5	0.0016672685623168946	3.0857086181640623E-6	6.611824035644532E-7	0.0	0.0	1.3605785369873047E-5	0.0	9.833431243896484E-6	7.799148559570312E-7	0.0	1.280890464782715E-4	4.2851734161376956E-5	0.0	0.0	2.5973892211914064E-5	0.020172500610351564	0.0	0.0	0.0	1.3766860961914063E-5	1.6106605529785157E-6	4.7473907470703127E-7	
0.005760158920288086	9.18723201751709E-4	0.0012134128570556642	6.01993179321289E-4	3.654903411865234E-4	9.674921035766601E-5	1.8361377716064453E-5	7.595443725585938E-6	3.79341983795166E-4	2.4614973068237304E-4	1.0439558029174805E-4	0.008173353385925293	0.00970495433807373	2.1868391036987305E-4	1.9360008239746094E-4	0.001451577091217041	0.006640921688079834	1.4819679260253906E-4	4.074520111083984E-4	5.682881355285644E-4	0.002212354850769043	7.431284904479981E-4	5.9704208374023436E-5	
0.0011342535972595216	5.231218338012695E-5	0.0	1.2188377380371094E-4	7.514020919799805E-4	3.9844512939453125E-7	6.781578063964843E-7	0.0	0.05941294355392456	1.312255859375E-5	3.9844512939453125E-7	0.004391437149047852	2.2684736251831056E-4	3.3145904541015625E-6	8.900957107543945E-5	0.18816034955978395	0.03257201299667358	5.199012756347656E-5	0.0	0.0	6.18743896484375E-5	0.0	9.358692169189453E-6	
0.006633750057220459	0.002941106128692627	0.0	1.386260986328125E-4	0.001285875129699707	5.255699157714844E-7	8.115978240966797E-5	0.07285897150039673	0.20999917774200438	1.8030805587768554E-4	2.1886186599731446E-4	0.00845007152557373	0.0022211032867431642	1.1198234558105469E-5	0.01500024585723877	0.42306602478027344	0.06286884727478027	3.6892318725585934E-5	1.336841583251953E-5	0.0	1.111602783203125E-4	0.0	4.71810245513916E-4	
0.0033393351554870604	0.010911432933807374	3.63633918762207E-4	0.0	7.059648513793945E-4	1.3987541198730468E-6	0.001244184684753418	1.3454856872558593E-4	0.0020377180099487306	0.0	9.26971435546875E-5	0.020872421264648437	0.0012496270179748535	6.251949310302734E-4	1.52587890625E-6	0.02626898021697998	0.04994967994689942	7.87192440032959E-4	2.1587791442871093E-4	0.004547983837127685	0.004830644416809082	0.0	0.004050860977172851	
0.002682952880859375	0.05978466453552246	0.001191092586517334	7.300567626953125E-4	6.99462890625E-4	3.899574279785156E-7	9.609642028808593E-5	9.146795272827149E-5	0.005269343090057373	0.0030475871086120604	6.578657150268554E-4	0.01601688804626465	0.003915032291412353	3.056840896606445E-5	6.9427490234375E-5	0.008207329654693604	0.5392570240974426	2.721996307373047E-5	5.571407318115234E-4	4.970550537109375E-4	5.382368087768555E-4	7.799148559570312E-7	1.682701110839844E-5	
0.028956298828125	0.015199830818176269	1.0993108749389649E-4	0.002685843563079834	0.0032536909103393556	0.01815406799316406	0.0014356061935424805	6.205156326293945E-4	0.005629976081848145	0.001427603816986084	5.645751953125E-5	0.34692455711364745	0.03392311096191406	3.764003753662109E-4	0.003932011890411377	0.0027777523040771485	0.06052414789199829	0.07730271234512329	0.004484108829498291	0.007240159797668457	3.8493690490722657E-4	0.01087479486465454	0.002912139892578125	
5.248345375061035E-4	0.004295527172088623	4.5496654510498045E-5	4.687881469726563E-6	0.002332492446899414	1.0134382247924805E-4	0.001951158332824707	2.8516979217529297E-4	6.12369155883789E-4	1.8650054931640625E-6	8.772954940795899E-5	0.016894293880462645	2.4668378829956054E-4	7.851495742797852E-5	3.3114967346191404E-4	5.546146392822266E-4	0.010458179092407226	2.47658634185791E-4	0.002708316421508789	0.004897723770141601	6.017642974853515E-4	0.002492989444732666	6.460399627685547E-5	
2.493964195251465E-4	0.002520768928527832	2.99207878112793E-4	3.1670475006103515E-5	2.0692634582519532E-5	0.0	5.8720874786376956E-5	0.0	1.8315629959106446E-4	1.613532066345215E-4	0.0	0.001062435531616211	0.002762612247467041	0.0	8.815765380859375E-7	0.0010329437255859374	0.022351938915252684	0.0	4.8828125E-6	8.815765380859375E-7	9.454517364501953E-5	0.0	3.178882598876953E-6	
3.0885486602783203E-4	1.929473876953125E-4	0.0	5.82122802734375E-5	4.579334259033203E-5	0.0	1.6954421997070313E-6	6.781578063964843E-7	0.04105200872421265	1.3275146484375E-5	0.0	1.6025962829589843E-4	8.690558433532715E-4	2.5431346893310546E-5	0.0	1.6143798828125E-4	2.475315093994141E-4	7.62939453125E-5	4.154205322265625E-7	0.0	0.0	0.0	6.220502853393554E-5	
0.00995452880859375	3.7403526306152346E-4	0.011143324089050293	0.002495388412475586	0.2104337734222412	9.913129806518555E-5	1.8929386138916016E-5	0.08579077825546265	0.19214208812713623	2.19268798828125E-4	0.016444973373413087	0.12608576459884643	4.734378814697266E-4	0.044772491455078126	0.0	0.010187717056274415	0.002967080020904541	2.777099609375E-5	0.0033170318603515624	0.0	3.899478912353515E-6	0.0	1.9827938079833985E-5	
0.008736521434783935	0.002356838607788086	0.007716072940826416	0.0030652618408203124	0.14171995372772217	8.194818496704101E-5	0.015597034072875977	4.518299102783203E-5	0.001697853946685791	6.093852043151856E-4	0.012976201343536376	0.07598734540939331	0.015335515308380126	0.015630688095092774	3.0754947662353515E-5	0.034018809032440187	0.012407870864868165	7.359819412231445E-5	8.596630096435547E-5	0.003912879085540772	0.00603601245880127	0.0	7.290267944335938E-6	
0.001250339126586914	0.009305046939849853	0.0030674150466918947	1.4241504669189452E-5	1.1112632751464844E-4	0.0	8.968772888183593E-5	3.7638664245605468E-6	6.54788589477539E-4	1.7632389068603517E-5	1.4241218566894532E-6	0.11733892650604248	2.1580162048339844E-4	1.2715625762939453E-5	7.307243347167969E-6	4.181840896606445E-4	0.0052144283294677735	0.0	2.5261878967285154E-6	2.9100208282470706E-4	6.05010986328125E-5	1.2574939727783203E-4	0.0	
1.7321271896362305E-4	2.936553955078125E-4	1.220703125E-6	4.9014663696289064E-5	9.325027465820313E-7	2.5634765625E-5	0.003247562026977539	1.0850906372070312E-6	1.53656005859375E-4	1.8955650329589843E-4	8.222579956054687E-7	0.025909279727935792	0.002648773193359375	1.4292430877685548E-5	4.7473907470703127E-7	0.0016835784912109374	0.015644624519348144	3.2215118408203124E-7	0.0	2.6872634887695313E-6	5.01725959777832E-4	0.002030190372467041	3.391265869140625E-7	
4.720897674560547E-5	3.24545955657959E-4	3.272151947021484E-6	2.2243080139160157E-4	0.0036062537193298338	0.0	0.009161148071289062	5.642356872558594E-5	0.006142298412322998	1.2096786499023438E-5	2.161693572998047E-6	6.15251350402832E-4	0.016655366706848144	3.391265869140625E-7	0.0	0.0038582356452941894	0.009804187393188477	3.143310546875E-5	2.873706817626953E-6	4.325017929077149E-5	4.338579177856445E-5	0.0	5.425357818603516E-6	
0.007454545783996582	0.0036749607086181643	6.56280517578125E-4	2.2542314529418945E-4	5.548604011535645E-4	1.1528968811035157E-6	8.219061851501465E-4	1.6097173690795898E-4	7.585737228393554E-4	8.8348388671875E-5	8.292303085327148E-5	9.058888435363769E-4	9.67398738861084E-4	7.27996826171875E-4	8.943367004394532E-6	0.002798190689086914	0.02799596996307373	7.465362548828125E-4	5.351600646972656E-5	1.9352378845214843E-4	4.482354164123535E-4	6.443023681640625E-7	1.4241218566894532E-6	
8.585615158081055E-5	9.706963539123535E-4	2.5407581329345703E-4	2.465057373046875E-4	0.0022197723388671874	1.1783599853515625E-6	6.622314453125E-4	0.002631674861907959	0.001657545280456543	4.10622501373291E-4	3.9172744750976564E-5	0.02246443853378296	0.01006052656173706	5.1744270324707034E-5	0.0	2.29500675201416E-4	0.005789193058013916	6.585015296936035E-4	1.3977899551391603E-4	0.0	3.8759870529174803E-4	0.0	1.1918830871582031E-5	
4.38690185546875E-5	1.77298641204834E-4	0.0	1.5505475997924805E-4	0.0	0.0	3.966436386108398E-5	6.739298820495605E-4	7.309722900390625E-4	2.76345157623291E-4	1.8480300903320312E-6	0.002341910457611084	5.913629531860351E-5	7.459640502929688E-7	1.1189460754394531E-6	1.8988609313964845E-6	0.0012327236175537109	6.696701049804688E-7	3.2215118408203124E-7	1.0104713439941407E-4	4.4078826904296875E-7	2.4774341583251954E-4	0.0	
