0.6950774806976319	0.13541935386657714	0.0015768940925598145	3.88039493560791E-4	5.521477699279785E-4	1.6106605529785157E-6	0.23050461664199828	2.6804637908935547E-5	5.840724945068359E-4	5.754261016845703E-5	2.058238983154297E-5	0.3122468482017517	0.013265897941589356	8.455915451049805E-5	6.897821426391602E-5	0.6705828094482422	0.4906644439697266	0.014162572193145751	4.4420051574707035E-5	0.001285400390625	0.5276018778800964	1.2715625762939453E-5	1.2715625762939453E-5	
0.012701153182983399	0.0020087772369384764	6.32781982421875E-4	0.0021358150482177736	3.703816413879394E-4	0.011585871410369873	0.0036603631019592286	1.2967424392700195E-4	0.0014490678787231444	0.0015103742599487304	7.959156036376954E-5	0.058020036506652835	0.008970591259002686	1.3388738632202148E-4	1.5886116027832033E-5	3.824785232543945E-4	0.022866812801361085	0.0521066029548645	7.71942138671875E-4	6.68012809753418E-4	0.004553188705444336	2.828216552734375E-4	0.0	
0.0066654120445251465	0.002653783130645752	9.023876190185547E-5	2.883656501770019E-4	3.380161285400391E-4	2.2464752197265624E-6	0.0022580549240112306	2.1421623229980468E-5	4.9102783203125E-4	1.389397621154785E-4	2.668422698974609E-4	0.003161493968963623	0.021101269149780274	1.4693365097045899E-4	3.711280822753906E-5	0.005539991569519043	0.02334940595626831	7.236900329589844E-5	6.643422126770019E-4	4.1948108673095703E-4	6.738789558410644E-4	0.0	3.3611679077148436E-5	
0.2531938171386719	0.09563368053436279	3.4434032440185544E-5	1.2139225006103515E-5	0.0022138298988342285	5.089654922485351E-5	1.0908336639404297E-4	9.892866134643555E-4	0.01495708885192871	0.0	3.727044105529785E-4	0.020546001815795897	1.4241218566894532E-6	0.001733262825012207	2.701229095458984E-4	0.04648886785507202	0.07014233055114746	0.001723488712310791	0.003610560131072998	0.0	0.009375415420532227	2.2686424255371094E-4	0.0010149213790893554	
0.0029297553062438966	4.542884826660156E-5	7.799148559570312E-7	0.0028012593269348142	0.0	8.731842041015625E-7	3.5222339630126956E-5	2.1436901092529296E-4	0.041248101139068606	0.003634185791015625	4.3148040771484375E-6	0.008334003067016602	0.0024573516845703123	4.289436340332031E-6	2.471923828125E-5	0.32109181718826296	0.05390114679336548	4.430980682373047E-5	2.246437072753906E-5	0.0	1.3555736541748047E-4	3.35693359375E-6	2.458381652832031E-6	
2.0353527069091797E-4	0.001592093563079834	7.459640502929688E-7	1.7547607421875E-6	0.0	0.0	1.9751644134521483E-5	0.0	1.9387149810791016E-5	0.0	3.2215118408203124E-7	6.044178009033203E-5	4.7404003143310545E-5	0.0	6.781578063964843E-7	3.23486328125E-5	0.01927595348358154	0.0	1.1588191986083984E-5	0.0	2.74658203125E-6	1.5767097473144531E-6	0.0	
0.007042168521881103	0.001353886890411377	0.0015453593254089355	5.784013748168945E-4	5.58632755279541E-4	1.1570396423339843E-4	3.404407501220703E-5	9.027271270751953E-5	2.1455554962158203E-4	2.568817138671875E-4	4.654779434204102E-5	0.0070927089691162105	0.0010844760894775391	1.2858076095581054E-4	2.8408470153808596E-4	0.0017469279289245607	0.005729844856262207	1.0323419570922852E-4	4.2399091720581055E-4	0.005400407600402832	0.006072463989257812	7.047271728515625E-4	7.360668182373046E-5	
8.5601806640625E-4	5.933952331542969E-6	0.0	6.197614669799805E-5	5.37117862701416E-4	4.069328308105469E-7	2.7889251708984374E-6	0.0	0.05851055564880371	4.026603698730469E-6	6.866455078125E-7	0.003287811279296875	2.6590986251831056E-4	6.273269653320313E-7	1.5308799743652345E-4	0.18355510292053223	0.029434153270721436	1.7759513854980468E-5	2.5600433349609376E-6	0.0	2.543163299560547E-6	1.2800216674804688E-6	4.069328308105469E-7	
0.005763024234771728	3.6348981857299806E-4	0.0	1.0912580490112304E-4	0.0022153727531433105	1.0850906372070312E-6	9.627617835998535E-4	0.07485029430389405	0.2049034966468811	3.9027748107910154E-4	6.0763931274414064E-5	0.008688134098052979	0.004069942855834961	3.9333724975585936E-5	1.6728715896606445E-4	0.41779507102966307	0.06331574335098267	1.2105274200439454E-5	1.5598297119140624E-6	0.0	1.961602210998535E-4	0.0	3.3452348709106446E-4	
2.1180896759033204E-4	0.017233674812316895	1.0448036193847656E-4	0.0	0.001766628646850586	1.8480300903320312E-6	0.0014750163078308105	6.637149810791016E-4	0.0016934882164001464	0.0	5.052356719970703E-5	0.013221486377716064	4.069042205810547E-6	6.320783615112305E-4	0.0	0.02310859680175781	0.043002997493743894	3.62870979309082E-4	5.27945613861084E-4	0.0046542951583862305	0.005043258666992187	0.0	0.005847854614257813	
0.0029378509521484374	0.055141423511505125	7.521989822387695E-4	5.83173942565918E-4	5.823940277099609E-4	1.928539276123047E-5	1.1345758438110352E-4	2.834150314331055E-4	0.004419631958007812	0.002883478832244873	9.334818840026855E-4	0.016528447437286375	0.002957331371307373	3.543434143066406E-5	4.336891174316406E-5	0.007457351684570313	0.5301714240074158	5.295817375183105E-4	5.495029449462891E-4	5.377790451049805E-4	3.261566162109375E-4	3.391265869140625E-7	1.5428352355957032E-5	
0.023830863094329833	0.017642262744903565	1.4584856033325196E-4	0.0025867801666259764	0.0020688289642333984	0.019477691650390625	0.0013182661056518555	2.6259527206420896E-4	0.0014766353607177734	0.001356938648223877	2.41851806640625E-5	0.2867740461349487	0.039549246883392335	4.2765302658081053E-4	3.334808349609375E-4	0.018492541885375975	0.05955138311386109	0.0776201036453247	0.004679929924011231	0.004127756786346436	0.008148269653320312	0.0063232421875	0.002961442756652832	
6.076812744140625E-4	0.014048114395141602	1.695423126220703E-5	2.534675598144531E-6	0.0017783185958862304	9.38101863861084E-4	0.0015894317626953126	9.64168930053711E-4	7.025485992431641E-4	2.916145324707031E-6	4.817543029785156E-5	0.01468572826385498	7.793006896972656E-5	2.28585147857666E-4	2.28262996673584E-4	5.87607479095459E-4	0.013586027336120606	0.001564653205871582	0.0035943095207214355	0.012283833789825439	2.563053131103516E-4	0.0012674628257751464	2.0811271667480468E-5	
3.9198131561279297E-4	0.0030784183502197263	8.600786209106445E-4	4.252119064331055E-5	1.0418357849121094E-4	0.0	7.529363632202148E-5	0.0	1.2402849197387696E-4	3.50189208984375E-5	9.197616577148437E-6	7.395426750183105E-4	0.002708579158782959	0.0	0.0	0.001008928108215332	0.02182503595352173	0.0	3.356084823608398E-5	0.0	7.9193115234375E-5	0.0	4.4078826904296875E-7	
2.51617431640625E-4	5.620288848876953E-6	0.0	8.977222442626953E-6	1.4300918579101562E-5	5.693225860595703E-5	6.688404083251953E-6	2.5431346893310546E-5	1.9567699432373046E-4	8.222579956054687E-7	1.1528968811035157E-6	1.2982683181762694E-4	8.443620681762695E-4	0.0	0.0	2.13478946685791E-4	7.56072998046875E-5	2.4244308471679686E-6	0.0	0.0	0.0	0.0	0.0	
0.013425793075561524	6.758625984191895E-4	0.010281762027740478	2.32247257232666E-4	0.2114478980064392	1.1357622146606445E-4	2.5990772247314453E-5	0.09057160272598266	0.1877884334564209	0.0010201093673706055	0.014089228343963624	0.132786585521698	3.5853071212768557E-4	0.0438689507484436	0.0	0.011017227172851562	0.00204498291015625	4.704761505126953E-6	0.003448494815826416	0.0	0.0	0.0	1.5224838256835937E-5	
0.0067529296875	0.0028603532791137694	0.006545842456817627	0.0025811174392700196	0.15652219982147217	1.529693603515625E-4	0.015825534439086915	8.831443786621094E-5	0.004050581169128418	5.291493415832519E-4	0.01150614423751831	0.08195655822753906	0.014402745532989501	0.021443150806427003	5.2032470703125E-5	0.02668817310333252	0.012055901432037353	1.0214900970458984E-5	2.7749805450439453E-4	2.3664684295654297E-4	7.379573822021484E-4	1.3054752349853516E-5	4.263973236083984E-6	
9.18875789642334E-4	0.009093560123443603	0.006410369873046875	7.982044219970703E-5	1.6000537872314454E-4	0.0	4.456415176391602E-5	5.8966732025146484E-5	3.5515680313110353E-4	1.5614795684814454E-5	3.3229827880859374E-6	0.1172043270111084	0.001147477912902832	0.0	1.3393402099609376E-6	3.0640497207641603E-4	0.005191862297058106	0.0	0.0	4.2724609375E-6	8.647499084472657E-5	2.941046714782715E-4	3.391265869140625E-7	
1.3280229568481445E-4	1.7161903381347657E-4	1.7462730407714843E-6	1.5233354568481447E-4	1.220703125E-6	3.391265869140625E-7	0.0025514729499816896	4.57763671875E-7	1.5742015838623046E-5	9.278192520141601E-5	7.230949401855469E-6	0.028064295482635497	0.0023753780364990235	7.900619506835937E-6	4.492759704589844E-7	0.001885384464263916	0.015634350204467774	1.2037467956542968E-5	0.0	1.7377853393554688E-6	2.601030349731445E-4	0.001557939338684082	4.4078826904296875E-7	
5.2447891235351566E-5	1.407623291015625E-4	1.8547916412353514E-5	1.0685386657714843E-4	0.003575931167602539	0.0	0.00953277587890625	7.383537292480469E-6	0.04139418706893921	8.417797088623048E-6	2.382087707519531E-6	0.001149139404296875	0.010477142333984375	1.2715625762939453E-5	0.0	0.004283922004699707	0.010954920482635497	1.047515869140625E-4	1.0003089904785156E-6	6.460399627685547E-5	3.4061050415039064E-5	0.0	2.9076576232910158E-6	
0.007498185920715332	0.002945404052734375	7.968902587890625E-4	1.4394121170043946E-4	5.957709312438965E-4	1.5233325958251953E-5	9.506903648376464E-4	1.4782371520996094E-4	5.573187828063965E-4	7.721370697021485E-4	6.365461349487305E-5	0.001247389030456543	0.0015352970123291016	8.323246002197265E-4	7.603931427001953E-6	0.0034437052726745605	0.02566391839981079	6.92927074432373E-4	2.6467218399047854E-4	3.2858104705810545E-4	4.532368659973145E-4	1.1189460754394531E-6	1.4326286315917969E-5	
1.1278791427612305E-4	0.0023751322746276855	4.001197814941406E-5	9.752570152282714E-4	0.001022050666809082	1.3987541198730468E-6	8.080715179443359E-4	0.002033403205871582	0.002392561149597168	2.5638999938964844E-4	7.906599044799805E-5	0.007132788753509521	0.006303422737121582	2.818641662597656E-5	0.0	0.001256400203704834	0.003551296615600586	1.8735246658325197E-4	4.747180938720703E-5	0.0	3.14348030090332E-4	0.0	9.409618377685547E-6	
5.474510192871094E-5	1.271533966064453E-6	4.4078826904296875E-7	5.382118225097656E-5	3.391265869140625E-7	0.0	9.2315673828125E-6	0.0	4.1291999816894533E-5	7.486982345581054E-5	1.2037467956542968E-5	0.002688115406036377	1.4455156326293944E-4	1.2037467956542968E-5	0.0	3.391265869140625E-7	7.766130447387695E-4	3.391265869140625E-7	1.2664794921875E-5	3.9401626586914066E-5	8.815765380859375E-7	3.5010433197021486E-5	0.0	
