0.6768468645095825	0.034991429615020754	4.95732593536377E-4	5.48697566986084E-4	0.002335679817199707	2.9237556457519533E-5	0.04809306678771973	4.9048519134521485E-5	0.0026718647956848144	0.0019788275718688967	1.035308837890625E-4	0.3292172241210938	0.005713212776184082	1.2419805526733398E-4	4.2477922439575195E-4	0.609594336605072	0.5322028944015503	0.013489388370513916	8.680979728698731E-4	4.2355852127075197E-4	0.48814969377517703	0.0	6.765575408935547E-5	
0.011937705135345459	0.005324724006652832	7.259029388427734E-4	0.008226106452941894	0.001080644416809082	0.01610388011932373	0.0278799861907959	0.001421076488494873	6.688944816589356E-4	0.0023922051429748534	3.963470458984375E-4	0.11080290899276733	0.02632181806564331	2.1747169494628905E-4	9.914817810058594E-5	3.4437389373779295E-4	0.07100006103515626	0.10535955638885498	0.0031098175048828126	7.50283145904541E-4	0.002915522289276123	0.001189108943939209	2.96783447265625E-5	
0.0311373477935791	0.006345706558227539	1.7123756408691406E-4	7.21299934387207E-4	1.8178300857543946E-4	5.641517639160156E-5	0.002552939510345459	3.346757888793945E-5	0.0018924882888793945	2.6007757186889647E-4	2.2350730895996093E-4	0.0022284528732299806	0.015211249446868896	1.9169273376464844E-4	0.001368874454498291	0.01826692371368408	0.04463336524963379	7.358466148376465E-4	0.004162368774414063	0.0026126861572265624	0.008023978328704834	4.323005676269531E-7	1.4146595001220702E-4	
0.1908670552253723	0.12014732360839844	2.709197998046875E-4	1.3494701385498046E-4	0.0039043426513671875	2.9847888946533203E-4	0.0013840824127197265	7.13034725189209E-4	0.03333056983947754	0.0	0.0013463507652282714	0.03656740827560425	5.645751953125E-6	0.002289750862121582	0.0020267741203308107	0.08508071899414063	0.10314960899353028	0.007940529727935791	0.006258248233795166	0.0	0.021361338329315187	2.4515819549560548E-5	0.002107857608795166	
0.0028672875404357912	3.5856456756591795E-4	0.0	6.792873382568359E-4	0.0	7.988824844360352E-5	1.0309858322143555E-4	0.002030164909362793	0.03908960981369019	0.0013230217933654785	1.3563156127929687E-6	0.006094326400756836	0.0018438297271728516	2.47955322265625E-5	0.0015926615715026854	0.2976293182373047	0.03883646650314331	1.1463584899902344E-4	6.442604064941406E-5	0.0	7.763328552246093E-5	2.8143882751464842E-6	3.026294708251953E-6	
2.8803510665893555E-4	0.002366044807434082	1.5216445922851563E-5	5.543174743652344E-5	2.6177310943603514E-5	0.0	3.2392711639404295E-4	3.3484554290771485E-5	1.8669977188110352E-4	1.2715625762939453E-5	6.781578063964843E-7	1.7886695861816406E-4	4.957408905029297E-5	2.0514488220214844E-6	4.811601638793945E-5	1.1105852127075195E-4	0.024597685050964355	1.3156509399414063E-5	1.786975860595703E-5	4.4078826904296875E-7	3.423900604248047E-5	1.4156341552734374E-6	3.2215118408203124E-7	
0.04219057722091675	0.01635732011795044	0.0022477044105529784	0.0029836612701416017	7.637447357177734E-4	3.953723907470703E-5	6.609599113464355E-4	5.301326751708985E-4	2.4661598205566405E-4	0.001498277473449707	3.757896423339844E-5	0.010621320915222167	0.1024512396812439	1.615057945251465E-4	1.5503778457641603E-4	0.012612296199798584	0.014868053817749024	0.001396043586730957	0.0014708794593811035	2.2320213317871093E-4	0.008751593685150147	0.001193991756439209	5.792999267578126E-4	
0.001341696834564209	2.0714654922485352E-4	0.0	1.0288658142089844E-4	4.8535661697387693E-4	5.933761596679687E-7	1.8035888671875E-4	0.0	0.06402480230331421	2.0039844512939454E-5	2.3769760131835936E-5	0.004093280410766602	6.401485443115235E-4	5.085945129394531E-7	1.64031982421875E-5	0.202857776260376	0.028357221794128418	5.4465389251708985E-5	1.4502630233764649E-4	0.0	6.371393203735351E-5	0.0	2.47955322265625E-5	
0.010685009384155274	0.0020476531982421874	1.5343666076660156E-6	4.5039710998535156E-4	6.731329917907715E-4	3.729820251464844E-7	4.9226570129394534E-5	0.08198388843536376	0.26227880687713623	0.003674774169921875	6.0272216796875E-5	0.011983286571502685	0.003352211856842041	2.000617980957031E-6	0.004735972118377686	0.46887214660644533	0.07572806463241577	1.904296875E-4	1.45111083984375E-4	0.0	1.963043212890625E-4	0.0	8.79813289642334E-4	
0.002490378475189209	0.016688156127929687	6.441412925720215E-4	0.0	9.70136833190918E-4	6.781578063964843E-7	0.0017904069900512695	5.455695152282715E-4	0.016313468074798585	0.0	1.344470977783203E-5	0.02413135108947754	1.1041431427001953E-4	6.723700523376465E-4	1.6937255859375E-4	0.01924835205078125	0.05778576316833496	0.004369354248046875	0.001578826904296875	7.740529060363769E-4	0.006008258438110352	4.154205322265625E-7	6.062062263488769E-4	
0.005433129215240478	0.06403580560684204	0.001216269588470459	6.271192550659179E-4	8.231099128723145E-4	4.6420669555664065E-5	2.9863996505737306E-4	2.0406932830810547E-4	0.006547020816802978	0.0070066070556640625	0.0014797295570373535	0.02101340398788452	0.004479149723052979	1.547069549560547E-5	9.552001953125E-5	0.012409439086914062	0.6233363257408142	2.695295333862305E-4	3.86191463470459E-4	7.755534172058106E-4	0.0013330925941467285	3.0229377746582032E-5	3.8214778900146486E-5	
0.025333167171478273	0.02409596757888794	3.731791496276855E-4	0.0037598504066467284	0.001907501220703125	0.023195749950408937	0.004023301887512207	2.437506675720215E-4	0.0026679144859313966	0.003270890998840332	9.769020080566406E-5	0.3209577772140503	0.03430212230682373	3.2344398498535156E-4	0.0031969706535339357	0.011047041130065919	0.07959979591369629	0.1757244873046875	0.008228776741027831	0.003039694881439209	0.005027355575561524	0.006197035026550293	0.013631651115417481	
0.001768485164642334	0.017668211174011232	8.878917694091797E-5	3.2976150512695314E-6	0.015573204898834228	1.7750205993652345E-4	0.004967464828491211	3.058369636535645E-4	0.0038000318527221678	8.477210998535156E-7	7.084570884704589E-4	0.013900316047668457	1.4141502380371094E-4	6.635875701904297E-5	2.2143049240112305E-4	0.005915298461914063	0.014386308479309082	0.009530893993377686	0.002271448802947998	0.003261583137512207	0.0030531650543212893	0.002505637264251709	3.5246953964233397E-4	
5.10423469543457E-4	0.0018477460861206054	8.40598201751709E-4	2.459293365478516E-4	1.0731983184814453E-5	0.0	9.201898574829102E-5	0.0	2.3508710861206054E-4	1.3159856796264647E-4	1.4902782440185546E-5	9.50139331817627E-4	3.6295576095581055E-4	0.0	0.0	0.0010559844970703125	0.027215152359008787	6.086559295654297E-5	1.4512825012207032E-5	0.0	2.2070140838623047E-4	0.0	1.2376594543457031E-5	
3.6493940353393554E-4	7.729425430297852E-5	0.0	3.183746337890625E-4	3.433820724487305E-4	5.620288848876953E-6	5.4677295684814454E-5	1.3563156127929687E-6	5.964237213134765E-4	0.001628121280670166	9.381608963012695E-5	6.025272369384766E-4	2.1140203475952148E-4	0.0	0.0	8.060709953308106E-4	0.0027054256439208984	6.798639297485351E-5	0.0	0.0	9.718151092529296E-5	0.0	4.4078826904296875E-7	
0.00855871410369873	9.177398681640625E-4	0.009560267162322998	2.82575798034668E-4	0.21513002185821534	6.900405883789062E-6	6.613836288452149E-5	0.10690940856933594	0.2548439619064331	6.751590728759766E-4	0.023738513565063478	0.19926162719726562	0.0022588518142700196	0.04760495500564575	0.0	0.04391907587051391	0.002546835994720459	3.0321760177612307E-4	0.0027149200439453127	0.0	2.5503368377685545E-4	0.0	9.5367431640625E-6	
0.011037275505065919	0.019797515869140626	0.00806689796447754	0.0038000742912292483	0.13834498939514162	1.3416709899902345E-4	0.03364852056503296	3.023105621337891E-4	0.006582361888885498	0.0029754045486450197	0.01679473876953125	0.1411087290763855	0.0483016544342041	0.018991360092163085	8.878581047058106E-4	0.054476055526733395	0.022020967292785645	0.0015512847900390626	0.001232588005065918	0.030465664291381835	0.02111617193222046	0.0020090739250183108	1.5016345977783202E-4	
0.0012491268157958984	0.013940565299987794	0.0040178680419921875	5.320234298706055E-5	2.2588090896606444E-4	0.0	3.0184431076049807E-4	9.809703826904297E-5	7.485114097595214E-4	2.81524658203125E-5	2.0548505783081055E-4	0.16450201244354248	7.48112964630127E-4	0.0	9.616432189941406E-5	8.538225173950196E-4	0.008334172534942627	0.0	3.268775939941406E-5	6.793636322021485E-4	0.001159481430053711	6.818132400512696E-5	2.54058837890625E-5	
2.4097862243652345E-4	0.006994696712493896	2.695751190185547E-6	9.272260665893554E-5	2.6414680480957032E-5	7.532758712768555E-5	0.006503711318969726	3.391265869140625E-7	1.3628644943237305E-4	0.005875396728515625	1.529273986816406E-5	0.025763888931274414	0.004445215892791748	5.430433273315429E-4	1.0850906372070312E-6	0.0024541303634643555	0.010201568603515626	0.0035463799476623536	0.0	5.391435623168945E-5	4.7270030975341795E-4	7.007179260253906E-5	1.3380260467529297E-4	
0.002060538387298584	4.5390663146972657E-4	3.5600662231445314E-7	1.4070301055908204E-4	1.9232006072998048E-4	1.0511589050292969E-5	2.2588939666748047E-4	9.615583419799805E-5	0.006633631420135498	1.3791399002075196E-4	2.6906299591064453E-5	0.005274183464050293	0.0063212245941162105	1.2715625762939453E-5	0.0	0.008446265316009522	0.010505320262908936	4.8404312133789064E-5	6.727428436279296E-5	8.974714279174805E-5	1.8110485076904296E-4	0.0028458997726440428	0.0013853878021240235	
0.012808295345306397	0.020423024463653565	0.002802717399597168	0.0012682342529296874	0.0010325367927551269	8.258399963378907E-5	0.001275202465057373	4.4708251953125E-4	0.0016811625480651856	3.51723575592041E-4	1.1516990661621093E-4	0.0014740329742431641	0.010930167293548584	1.4684886932373047E-4	2.170562744140625E-4	0.020517985057830812	0.036179945182800294	0.001688054370880127	3.0314130783081053E-4	6.81330394744873E-4	0.00418436689376831	0.0	5.062522888183594E-5	
0.0011394246101379395	0.0013544718742370605	1.9839820861816405E-4	2.696567535400391E-4	0.0010816447257995605	5.5694580078125E-6	0.001350555419921875	0.0020685747146606446	4.103766441345215E-4	0.0010718281745910644	6.773185729980469E-6	0.005942331981658936	0.008804846858978272	1.4643354415893553E-4	0.0	8.508724212646484E-4	0.005475845336914063	2.8273687362670896E-4	6.573991775512696E-5	0.0	8.036464691162109E-4	0.0	2.6326494216918943E-4	
5.391407012939453E-6	6.149461746215821E-4	4.4078826904296875E-7	5.492824554443359E-4	1.451958656311035E-4	0.0	4.3774919509887697E-4	4.4078826904296875E-7	1.2780933380126953E-4	3.0087785720825193E-4	2.5872135162353517E-5	0.005203577709197998	4.30162239074707E-4	4.4078826904296875E-7	1.2715625762939453E-5	7.442893981933593E-5	0.005618362426757812	0.00169525146484375	2.1158885955810545E-5	2.532958984375E-5	1.5313043594360353E-4	4.01323127746582E-4	0.0	
