0.6588157823562623	0.010291756534576415	3.1890869140625E-5	3.0663385391235354E-4	6.654273033142089E-4	0.0	0.08191269769668579	2.4922370910644533E-6	5.915662765502929E-4	1.3378562927246094E-4	5.843267440795898E-5	0.35041114807128904	0.0010886043548583985	1.35031795501709E-4	2.884334564208984E-4	0.711043421459198	0.8427815161705017	0.015641081047058105	7.074146270751954E-5	2.5936546325683595E-4	0.5516975826263427	0.0	8.082075119018555E-5	
0.010804417896270752	0.0011825138092041016	2.7686214447021483E-5	0.002851138687133789	1.1622962951660157E-4	0.008300179386138916	0.001601240348815918	3.2458877563476565E-5	1.465606689453125E-4	0.001268013858795166	1.7602710723876953E-4	0.061528498363494874	0.012118157291412354	9.182395935058594E-5	3.373908996582031E-6	3.2101945877075194E-4	0.013877343082427978	0.033770031356811524	1.1472063064575196E-4	0.003014373779296875	5.872260093688964E-4	8.960893630981445E-4	0.0	
0.006139178848266601	0.00242401123046875	3.77485466003418E-4	3.45297908782959E-4	7.986278533935547E-5	8.985519409179688E-7	9.993489265441894E-4	3.1703948974609373E-6	4.3146772384643553E-4	0.0025994873046875	1.4012651443481446E-4	0.010127046394348145	0.010170059204101562	8.368597030639648E-5	2.263355255126953E-6	0.006286934757232666	0.05285561456680298	9.621524810791016E-6	0.001540205192565918	2.1964168548583983E-5	6.463962554931641E-4	4.4078826904296875E-7	6.544303894042968E-6	
0.017263251399993896	0.08916219072341919	9.977531433105468E-6	2.6957225799560547E-5	9.647454261779785E-4	9.926700592041015E-6	7.547168731689453E-5	7.159932136535644E-4	0.011144604110717774	0.0	2.690887451171875E-4	0.016242794418334962	5.103206634521484E-6	9.784613609313964E-4	8.740912437438965E-4	0.03752254066467285	0.029853625869750978	0.002402920150756836	0.00229095458984375	0.0	0.009344423103332519	5.380672454833984E-4	9.760541915893555E-5	
0.0026433478355407714	5.4592514038085936E-5	0.0	1.6266717910766603E-4	0.0	0.0	1.0198802947998047E-4	9.724082946777344E-5	0.03780731201171875	2.289581298828125E-4	1.8733978271484374E-6	0.004696367073059082	0.0054743109703063965	3.391265869140625E-7	2.315940856933594E-5	0.21489972429275514	0.03329483880996704	4.6802139282226564E-5	0.0	0.0	3.9844512939453125E-7	2.5321102142333986E-5	0.0	
2.012462615966797E-5	7.67067813873291E-4	2.6236629486083983E-5	1.2274837493896485E-5	0.0	0.0	5.933761596679687E-7	0.0	6.764726638793946E-5	0.0	0.0	1.1694164276123047E-4	1.0257720947265624E-6	0.0	0.0	2.8906822204589843E-6	0.016163838672637938	0.0	0.0	1.4894294738769532E-5	4.917144775390624E-7	4.001235961914062E-6	3.2215118408203124E-7	
0.003976711654663086	0.001038352108001709	7.557085037231446E-4	1.595306396484375E-4	2.544487953186035E-4	3.5773277282714845E-6	1.190185546875E-5	4.791259765625E-5	4.1351318359375E-4	1.6581220626831056E-4	9.777488708496094E-5	0.01202239990234375	0.09710378007888794	1.0041131973266601E-4	1.7907886505126954E-4	4.181756019592285E-4	0.0030290730476379393	1.0309009552001954E-4	1.7950267791748046E-4	1.9803361892700195E-4	5.44450569152832E-4	5.135175704956055E-4	2.0667171478271484E-5	
8.69293212890625E-4	5.993309020996094E-5	0.0	3.331470489501953E-6	1.0119972229003906E-4	3.9844512939453125E-7	2.8143882751464842E-6	0.0	0.05081309852600098	4.289417266845703E-5	2.110767364501953E-6	0.0025397830963134766	5.2685165405273436E-5	0.0	1.2037467956542968E-5	0.18202312049865724	0.02656565351486206	1.0977849960327148E-4	1.4970588684082032E-5	0.0	1.2376785278320313E-6	0.0	4.4078826904296875E-7	
0.003692194652557373	6.742687225341797E-5	0.0	2.46268367767334E-4	2.6223077774047853E-4	7.374763488769531E-7	1.7547607421875E-5	0.040793202686309815	0.1611154344558716	1.9179449081420898E-4	1.255035400390625E-4	0.007593544864654541	0.0021821001052856445	8.816146850585938E-6	1.7175464630126954E-4	0.39241186351776125	0.06545240612030029	1.3249711990356446E-4	5.0057315826416017E-5	0.0	1.8810691833496095E-4	1.7717361450195312E-6	5.27377700805664E-4	
0.001660435962677002	0.013492660522460937	1.3029308319091796E-4	0.0	2.7998180389404297E-4	1.4919281005859375E-6	0.002269456672668457	5.0167465209960936E-5	0.001916987133026123	0.0	1.3995742797851562E-5	0.002683113956451416	1.7462730407714843E-6	0.0028448909759521486	5.610151290893555E-5	0.04280956687927246	0.038476452255249025	5.039130210876465E-4	0.0015567864418029784	2.0053443908691406E-4	0.009975357055664063	8.222579956054687E-7	8.928425788879395E-4	
0.002187330436706543	0.033125754451751706	5.26580810546875E-4	4.74556827545166E-4	7.179938316345214E-4	3.391265869140625E-7	1.270294189453125E-4	4.14903450012207E-4	0.003314683723449707	0.002983525562286377	7.886165618896484E-4	0.013458031558990478	0.0017681121826171875	5.620288848876953E-6	8.324527740478515E-6	0.006685943603515625	0.4786012861251831	1.91497802734375E-4	5.44577693939209E-4	1.8489418029785155E-4	4.3858842849731446E-4	6.410388946533203E-5	3.391265869140625E-7	
0.02323037042617798	0.019620802116394043	6.356983184814453E-5	0.0024570804595947264	2.2822914123535155E-4	0.009063771533966064	8.56196117401123E-4	1.651679039001465E-4	0.0022581058502197265	0.002991926383972168	8.849248886108398E-5	0.29268865795135496	0.01766721935272217	3.3243818283081055E-4	3.2500371932983396E-4	0.0024930657386779786	0.03504967584609985	0.0679859839439392	0.006165898609161377	3.1236438751220704E-4	2.982584953308105E-4	0.002587466812133789	0.0017234293937683106	
1.9602460861206053E-4	0.0028762139320373534	5.510139465332031E-6	6.103515625E-7	0.0010576969146728515	3.712940216064453E-6	5.617353439331055E-4	4.7404003143310545E-5	4.026031494140625E-4	5.5609703063964845E-6	6.435813903808593E-5	0.005600755500793457	2.5754289627075193E-4	4.1554737091064456E-5	6.494312286376954E-5	1.8873424530029296E-4	0.004487796401977539	3.182306289672851E-5	0.0011362287521362304	2.2126092910766603E-4	1.7827348709106446E-4	9.753672599792481E-4	1.5402889251708984E-5	
6.789821624755859E-4	0.0012698618888854981	3.5424976348876955E-4	1.0619268417358399E-4	0.0	0.0	3.589210510253906E-5	1.4241218566894532E-6	1.0168285369873047E-4	5.45501708984375E-5	1.2919139862060546E-5	5.300310134887695E-4	1.7482337951660155E-4	0.0	0.0	8.389705657958984E-4	0.017438693618774415	0.0	3.441715240478516E-6	9.833335876464843E-7	5.469427108764649E-5	0.0	0.0	
2.5837364196777343E-4	1.832752227783203E-5	0.0	4.552202224731445E-5	7.799148559570312E-7	3.2215118408203124E-7	1.5801334381103515E-5	7.799148559570312E-7	3.610822677612305E-4	2.809314727783203E-5	1.3868522644042968E-5	2.8528852462768556E-4	3.2357120513916014E-5	0.0	0.0	2.3773193359375E-4	1.0211524963378906E-4	5.340576171875E-7	0.0	0.0	0.0	0.0	2.0344734191894533E-6	
0.008536834716796875	1.3403997421264648E-4	0.0028513590812683106	8.263483047485351E-5	0.13382651433944703	1.0036849975585937E-5	9.875869750976563E-6	0.05005310907363891	0.1269780816078186	1.0487871170043945E-4	0.011537679004669189	0.09246855840682984	6.000518798828125E-4	0.024496688842773437	0.0	0.010400009155273438	2.725982666015625E-4	4.2673778533935544E-5	0.0029947492599487306	0.0	7.459640502929688E-7	0.0	3.15093994140625E-5	
0.011361516284942627	0.0010315449714660644	0.0036307780265808103	0.003719660472869873	0.08376404657363892	5.0384521484375E-4	0.017230046558380126	4.599676132202148E-5	0.0015570576667785644	4.4193687438964845E-4	0.01141821117401123	0.07178018360137939	0.014544118213653565	0.00908563404083252	9.27607250213623E-4	0.02903399152755737	0.015984302139282227	1.0646400451660156E-4	3.099992752075195E-4	0.02349600896835327	4.099273681640625E-4	3.6485481262207034E-5	2.5261878967285154E-6	
0.0020608012199401855	0.006507585334777832	0.002625723934173584	3.346757888793945E-5	4.4403076171875E-5	0.0	1.0611639022827149E-4	2.3057746887207032E-5	4.606288909912109E-4	0.0	2.44140625E-6	0.11147621154785156	1.2797889709472657E-4	0.0	0.0	6.624857902526855E-4	0.007562171077728271	0.0	0.0	1.8564863204956054E-4	2.1009654998779297E-4	2.3295116424560547E-5	7.197093963623047E-6	
1.4683189392089845E-4	3.0024213790893556E-4	0.0	2.3667230606079102E-4	0.0	3.1366348266601565E-7	0.0025079345703125	6.45412826538086E-4	3.1280517578125E-6	3.1102466583251955E-5	5.085945129394531E-7	0.02033072576522827	0.0010892741203308105	2.688941955566406E-5	0.0	0.0025703006744384766	0.01705133228302002	0.0	0.0	8.060874938964844E-5	6.913928985595703E-5	0.0019662052154541016	2.899169921875E-6	
3.465442657470703E-5	1.2088356018066406E-4	0.0	1.9955949783325195E-4	1.6088695526123047E-4	1.373291015625E-6	1.079559326171875E-4	3.6917781829833986E-5	0.003366978931427002	1.0026721954345703E-4	2.5177001953125E-6	0.011893488597869872	5.164506912231445E-4	0.0	0.0	0.004131529045104981	0.0035457526206970217	4.2809391021728515E-5	6.510448455810547E-6	5.201549530029297E-5	1.556396484375E-5	3.421363830566406E-5	1.0003089904785156E-6	
0.007924677562713624	0.004519848251342774	0.001152623462677002	1.3426036834716796E-4	2.1104602813720703E-4	1.5598297119140624E-6	8.01976490020752E-4	1.575385093688965E-4	4.2163429260253904E-4	9.423999786376954E-5	1.3331947326660157E-4	4.0924072265625E-4	0.0022772386550903322	9.023876190185547E-5	3.4077644348144533E-6	0.005820609188079834	0.014963429737091064	0.005412936782836914	1.59149169921875E-4	3.4216136932373046E-4	2.5395708084106444E-4	3.391265869140625E-7	7.72266387939453E-6	
3.918962478637695E-5	1.5352039337158203E-4	1.4512825012207032E-5	4.720645904541016E-4	8.676655769348145E-4	5.1871395111083986E-5	4.06934928894043E-4	0.0022290547370910642	2.855597496032715E-4	2.0443382263183593E-4	9.33837890625E-5	0.00443609447479248	0.004572474193572998	1.5055370330810547E-5	0.0	1.21307373046875E-5	0.002476654052734375	9.583368301391602E-5	2.4659919738769532E-5	0.0	2.3402748107910156E-4	0.0	1.312255859375E-5	
9.983482360839843E-5	3.8613224029541017E-5	0.0	9.160356521606445E-5	0.0	6.443023681640625E-7	3.511219024658203E-5	0.0	4.069042205810547E-6	2.0680742263793944E-4	0.0	0.002208396053314209	2.0883350372314453E-4	3.391265869140625E-7	1.2715625762939453E-5	3.391265869140625E-7	8.99836254119873E-4	2.0389137268066407E-4	0.0	4.4078826904296875E-7	1.2037467956542968E-5	4.4646368026733397E-4	0.0	
