0.700255237197876	0.03284174604415894	7.297855377197265E-4	9.734344482421875E-4	0.0038835822105407715	9.765625E-6	0.25922448053359987	1.9826250076293946E-4	0.001772918701171875	0.0022312503814697266	2.492099761962891E-4	0.34550125122070313	0.004692772769927979	9.136619567871094E-5	4.498884201049805E-4	0.7642567104339599	0.7043385060310364	0.02112162275314331	2.85508918762207E-4	0.002856733512878418	0.5415267181396485	5.0862598419189454E-5	0.005217641162872315	
0.006893259716033936	0.005675362491607666	7.359822273254394E-4	0.010067859268188477	7.217576980590821E-4	0.016304660415649413	0.03988048973083496	5.702632904052734E-4	3.757476806640625E-4	0.0024028778076171874	2.36655330657959E-4	0.09130154075622558	0.023097813892364503	1.6275196075439454E-4	4.4547176361083986E-5	4.92257022857666E-4	0.08154112920761108	0.10238543195724488	2.821010589599609E-4	0.001048100757598877	0.0031890191078186034	0.0011078474044799805	1.7462825775146484E-5	
0.038668797779083254	0.008510572624206543	2.1719188690185547E-4	6.80414867401123E-4	2.5990800857543945E-4	2.3871517181396483E-5	0.0023031023025512696	5.227832794189453E-5	0.0059035322189331055	3.5746259689331056E-4	2.6735944747924805E-4	0.0024016486167907714	0.014163165664672852	1.9573631286621095E-4	5.1769638061523436E-5	0.017542733097076418	0.04933074951171875	9.227413177490234E-4	0.004320882129669189	0.0010209147453308105	0.011104846572875977	2.6533126831054688E-6	1.4682350158691407E-4	
0.1739866298675537	0.12745060386657714	0.0011708746910095214	4.7967700958251953E-4	0.005393193531036377	2.2451610565185547E-4	0.0015337117195129393	7.396358489990234E-4	0.028643366527557373	0.0	0.0010193803787231445	0.04032208757400513	3.100929260253906E-5	0.002183685302734375	0.005895656967163086	0.08034224615097046	0.09882702293395997	0.008785578441619873	0.005830052661895752	0.0	0.02467635259628296	6.300182342529297E-5	0.0021161481857299804	
0.01238598289489746	2.3946971893310548E-4	3.475608825683594E-5	5.0872802734375E-4	0.0	1.1338977813720703E-4	1.496124267578125E-4	0.006114383316040039	0.0453646427154541	0.002612465763092041	0.0	0.0063882954597473144	0.001905678653717041	1.3792228698730468E-5	2.5753402709960938E-5	0.2888703663825989	0.04143218994140625	1.5085859298706055E-4	2.6389217376708984E-5	0.0	8.541526794433594E-5	3.391265869140625E-7	3.391265869140625E-7	
2.481418609619141E-4	0.0023066033363342286	5.1456451416015625E-6	1.8310546875E-6	1.689491271972656E-5	0.0	3.4990100860595705E-4	0.0	1.4181346893310547E-4	3.2196044921875E-5	1.2969970703125E-6	1.792059898376465E-4	4.1927719116210935E-5	0.0	3.0517578125E-6	5.9670352935791015E-5	0.02383748369216919	2.3515510559082033E-5	4.0698623657226565E-5	0.0	6.837635040283203E-5	6.781578063964843E-7	0.0	
0.045210105037689206	0.007535001945495606	0.0028920660972595216	0.0029120296478271483	0.0013552263259887696	5.138816833496094E-5	8.945041656494141E-4	1.8067255020141602E-4	3.878021240234375E-4	4.5589027404785155E-4	3.536643981933594E-5	0.011167526245117188	0.08981252031326294	3.5412254333496096E-4	9.601173400878907E-5	0.0026714409828186036	0.012873713207244872	0.0023160637855529787	0.0011623805999755859	4.23728084564209E-4	0.00313995361328125	0.0035520256996154787	0.0016748894691467286	
0.001903245735168457	2.0449323654174806E-4	0.0	2.649349212646484E-4	5.49299430847168E-4	0.0	3.1016035079956054E-4	0.0	0.07483324689865112	2.1532058715820313E-6	6.812200546264649E-5	0.004298833179473877	9.110005378723144E-4	1.0918521881103516E-5	7.884025573730469E-7	0.2097334629058838	0.025911017513275146	6.580772399902344E-5	1.9835577011108397E-4	0.0	6.935968399047851E-5	0.0	3.5790348052978516E-5	
0.00542205810546875	0.002986263656616211	4.238128662109375E-7	4.186079025268555E-4	7.85675048828125E-4	1.4919281005859375E-6	8.819580078125E-5	0.09463345842361451	0.2606752353668213	8.18201732635498E-4	8.241443634033203E-5	0.00984277515411377	0.005803765201568604	1.3131046295166016E-5	1.8010454177856444E-4	0.4530849202156067	0.08360933094024658	1.5981035232543944E-4	4.3529891967773435E-5	0.0	3.18289852142334E-4	8.815765380859375E-7	7.05600357055664E-4	
0.003485599136352539	0.016069208812713624	0.0026268683433532717	0.0	0.0012223646163940429	6.579084396362305E-5	0.001737094497680664	7.325066566467285E-4	0.01020312843322754	0.0	8.828058242797851E-5	0.026445507431030274	4.733619689941406E-5	6.62384033203125E-4	2.0419654846191406E-4	0.02049358787536621	0.0648033989906311	0.0031000603675842286	8.138868331909179E-4	0.0034198845863342283	0.0071093156814575195	2.577037811279297E-5	5.022175788879394E-4	
0.004170354175567627	0.060780970287322995	8.06443977355957E-4	7.39432430267334E-4	8.425225257873535E-4	3.773155212402344E-5	4.035271644592285E-4	1.9402399063110352E-4	0.005068639087677002	0.006804394149780273	0.0021445804595947265	0.021278754329681397	0.003048112678527832	6.636724472045898E-5	8.229570388793946E-5	0.012171580028533935	0.6333827802658081	2.7180986404418947E-4	4.2860240936279295E-4	5.655585289001465E-4	0.001147740650177002	2.5626277923583983E-5	2.6965713500976563E-5	
0.02629875183105469	0.024942398071289062	9.56717586517334E-4	0.007667414379119873	0.0021724785804748533	0.023784171199798584	0.004935768985748291	2.3741827011108398E-4	0.005063154411315918	0.005072318172454834	1.1539039611816406E-4	0.302473975276947	0.03382834539413452	6.194390296936035E-4	9.694416999816895E-4	0.003348541259765625	0.08952818126678466	0.17629201250076293	0.007264429759979248	0.007690327930450439	0.008150346565246581	0.002842373275756836	0.013529323959350586	
3.4740028381347656E-4	0.01347418041229248	9.323968887329102E-5	1.8650054931640625E-6	0.013527170848846436	9.468936920166016E-6	0.0082904052734375	7.437388420104981E-4	0.004993565845489502	7.799148559570312E-7	1.4462785720825195E-4	0.01170745849609375	4.909007072448731E-4	1.0236949920654297E-4	2.3449363708496094E-4	0.004690093994140625	0.026279746150970458	0.002229902458190918	0.004713550186157226	0.013616561889648438	0.003124254035949707	0.0016395145416259766	2.3896112442016603E-4	
9.44832706451416E-4	0.002235895824432373	6.450483322143555E-4	2.4733648300170896E-4	3.186540603637695E-5	0.0	1.1887445449829101E-4	4.4078826904296875E-7	2.0261125564575197E-4	3.584966659545898E-5	2.5753402709960938E-5	8.42870044708252E-4	3.137630462646484E-4	0.0	0.0	0.0030589887619018553	0.027316521549224853	0.0	7.963390350341797E-5	1.2037467956542968E-5	1.2143449783325195E-4	1.0172843933105469E-6	4.8149967193603517E-5	
4.1284351348876955E-4	1.105499267578125E-4	0.0	6.673770904541016E-4	5.789852142333985E-6	4.069328308105469E-7	4.221630096435547E-6	0.0	4.99233627319336E-4	0.0017868550300598144	5.0743961334228515E-5	4.6101884841918945E-4	1.8957347869873046E-4	0.0	0.0	3.3513383865356445E-4	0.0020406086921691893	2.657575607299805E-5	2.2464752197265624E-6	0.0	1.5009565353393554E-4	0.0	0.0	
0.012380354118347169	0.0014422522544860839	0.010845565795898437	1.2708873748779298E-4	0.2333209991455078	2.9975032806396485E-5	6.877479553222656E-5	0.10634703741073609	0.24645833330154418	5.46425724029541E-4	0.03130040483474732	0.2101265293121338	0.001801435661315918	0.04479354009628296	0.0	0.04331476001739502	0.0029023488044738767	4.18073844909668E-4	0.0034008111000061033	0.0	1.7918901443481446E-4	0.0	6.116228103637696E-5	
0.012844128036499024	0.018581000423431398	0.006866395759582519	0.003937505054473877	0.14347962274551393	1.1333885192871093E-4	0.030065977287292482	5.614979743957519E-4	0.005601518440246582	0.0023493618011474608	0.018175320053100585	0.14009443492889403	0.04633424549102783	0.016987457275390624	9.168834686279297E-5	0.05754956560134888	0.02270696849822998	0.004516881275177002	4.6138343811035154E-4	0.004281633186340332	0.025095698070526123	0.001789847469329834	1.64955997467041E-4	
0.0012796698570251466	0.012704603385925294	0.004354459953308106	9.827508926391602E-5	8.692426681518554E-5	1.0748958587646485E-5	3.1133012771606447E-4	1.018524169921875E-4	8.81949520111084E-4	7.078380584716797E-5	8.524580001831055E-5	0.15951166791915894	2.813297271728516E-4	1.2715625762939453E-5	2.5516128540039064E-5	7.18544864654541E-4	0.008988961124420165	0.0	4.096136093139648E-5	6.053754806518555E-4	0.001224195671081543	1.3376874923706053E-4	3.15093994140625E-5	
3.3529491424560547E-4	9.467315673828125E-4	4.984540939331055E-5	2.2014198303222656E-4	1.190185546875E-5	1.0859174728393554E-4	0.0060987091064453125	4.475879669189453E-6	1.5691089630126952E-5	0.0022729068756103515	1.4580726623535156E-6	0.02560857982635498	0.003746829605102539	1.9522762298583984E-5	6.358146667480468E-7	0.0018091243743896485	0.009892281436920166	0.003820936393737793	0.0	1.592845916748047E-5	5.34074592590332E-4	7.908287048339844E-5	1.7042369842529297E-4	
1.3735456466674805E-4	4.95885181427002E-4	1.3156509399414063E-5	9.500293731689453E-5	0.0010567559242248535	1.2978458404541016E-5	2.8600053787231446E-4	1.9266767501831055E-4	0.002345157241821289	2.274322509765625E-4	3.204345703125E-6	0.011910688591003417	0.014524256420135499	0.0	0.0	0.011861445140838624	0.017613694953918457	8.870439529418945E-5	5.449085235595703E-5	5.518598556518555E-5	4.8024492263793947E-4	3.003607749938965E-4	3.531561851501465E-4	
0.011863055801391601	0.02225084095001221	0.003570539665222168	0.0013274213790893555	3.662109375E-4	9.657964706420899E-5	0.002463531494140625	3.4383134841918945E-4	0.001518690299987793	7.96212100982666E-4	4.84466552734375E-5	0.0018650139808654785	0.008649851512908936	1.0275945663452148E-4	1.64031982421875E-4	0.03914662675857544	0.03581127586364746	0.004074274730682373	3.5984458923339846E-4	2.592128753662109E-4	0.007225833511352539	0.0	2.6524829864501955E-5	
3.23952579498291E-4	7.054901123046875E-4	2.2433815002441407E-4	3.2129926681518555E-4	7.349310874938964E-4	3.86810302734375E-5	0.0012126922607421874	0.0016260783195495606	3.6642284393310546E-4	0.0014678955078125	8.594932556152343E-5	0.006354115772247314	0.007884309577941895	6.252708435058594E-5	0.0	0.002058554744720459	0.005643929386138916	2.3541765213012694E-4	6.969871520996094E-5	0.0	7.28132438659668E-4	0.0	0.0069091796875	
1.7640857696533203E-4	3.5281715393066407E-4	6.510419845581055E-5	3.0817670822143556E-4	0.0	4.4078826904296875E-7	8.174218177795411E-4	0.0	0.001418482494354248	3.0233592987060547E-4	4.933643341064453E-6	0.002642974853515625	3.006404876708984E-4	3.391265869140625E-7	1.0850906372070312E-6	2.8042221069335937E-5	0.0034128315925598144	0.0017589738845825195	2.8237237930297854E-4	1.6864356994628906E-4	5.786810874938965E-4	7.474857330322266E-4	0.0	
