0.6758267127037049	0.06598462419509887	5.10440444946289E-4	0.0010448455810546874	1.3203086853027344E-4	9.1552734375E-7	0.2637478129386902	6.479902267456055E-5	0.0068751695632934574	5.67338752746582E-4	1.1607704162597656E-4	0.33674291820526125	0.0035019768714904787	9.607954025268555E-5	7.141962051391602E-5	0.7088103908538819	0.714891408252716	0.014402109813690186	6.901206970214844E-5	2.2928876876831056E-4	0.5619569905281067	0.0	2.2210025787353517E-5	
0.012617416381835937	0.0029264153480529787	2.1243667602539063E-5	0.005193930721282959	3.0650672912597656E-4	0.010196287345886231	0.013646536922454834	1.334296226501465E-4	0.001875423812866211	0.004813563060760498	1.6849098205566407E-4	0.09615737066268921	0.018548312759399416	0.0015912034988403321	1.3156509399414063E-5	2.297210693359375E-4	0.025947969245910644	0.0467301347732544	1.387871742248535E-4	2.4010553359985352E-4	0.0048098246574401855	4.78083324432373E-4	2.2040367126464845E-6	
0.008604515933990479	0.002308968448638916	1.068115234375E-4	4.56381893157959E-4	1.0895624160766602E-4	6.781578063964843E-7	8.893585205078124E-4	3.611415863037109E-4	8.618842124938964E-4	6.326548576354981E-4	1.54105281829834E-4	0.001111475658416748	0.008407219791412353	1.3192920684814452E-4	1.9802474975585936E-5	0.007460471248626709	0.03696539134979248	2.4405574798583985E-5	0.001444278335571289	1.7827320098876954E-5	0.0053326839447021485	0.0	1.7971038818359376E-6	
0.17987647161483764	0.11761006669998168	3.862171173095703E-5	5.159168243408203E-5	0.002572496223449707	2.4029197692871095E-4	1.9948320388793946E-4	7.945590972900391E-4	0.01865008888244629	0.0	9.463331222534179E-4	0.04025733098983764	4.41741943359375E-5	0.002329245662689209	0.0036401790618896483	0.04391388788223267	0.07246216669082642	0.004096103286743164	0.003936572647094727	0.0	0.009621370124816895	1.6021728515625E-6	5.16365909576416E-4	
0.002187779712677002	2.7158946990966796E-4	0.0	1.7071189880371094E-4	0.0	6.781578063964843E-7	1.4733219146728516E-5	3.6487159729003905E-4	0.06018987865447998	7.2540283203125E-4	1.2291908264160156E-6	0.009770177173614503	0.00391992359161377	3.0687332153320312E-6	7.290267944335938E-6	0.28560646905899045	0.05675949945449829	8.39996337890625E-5	3.9844512939453125E-7	0.0	3.8172435760498045E-5	1.3775253295898437E-5	7.799148559570312E-7	
2.5342302322387694E-4	0.0013680267333984375	1.220703125E-5	6.722354888916015E-6	2.2455883026123048E-5	0.0	3.19222354888916E-4	0.0	3.6790657043457035E-5	0.0	0.0	2.6068792343139646E-4	1.7360267639160155E-4	0.0	0.0	3.823175430297852E-5	0.02032488508224487	0.0	3.458690643310547E-6	3.2215118408203124E-7	7.815933227539063E-6	1.4699268341064453E-5	0.0	
0.00926372947692871	0.025482805061340333	0.0014711761474609376	8.57077693939209E-4	7.945590972900391E-4	7.733659744262695E-5	6.60417366027832E-4	1.0003089904785156E-6	6.366644859313965E-4	1.1616172790527344E-4	1.1188087463378907E-4	0.025810309505462647	0.03560589256286621	5.733909606933594E-5	2.2159194946289064E-5	3.78434944152832E-4	0.00456750659942627	1.6490516662597657E-4	2.3507862091064454E-4	3.06718635559082E-4	0.006735068416595459	0.0017534722328186034	3.454081535339355E-4	
0.002252171802520752	9.576587677001953E-5	2.471923828125E-5	2.727593421936035E-4	7.27420425415039E-4	0.0	1.1189460754394531E-6	0.0	0.07293871564865112	2.0480728149414063E-5	1.2478256225585938E-5	0.007080459594726562	3.4795122146606444E-4	1.1698436737060547E-5	4.735650062561035E-4	0.26019684686660766	0.030649236011505127	4.370880126953125E-4	8.985519409179688E-7	0.0	1.0138607025146484E-5	3.391265869140625E-7	1.4580726623535156E-6	
0.005068562793731689	5.869462966918946E-4	0.0	0.0021275837898254396	6.203290939331055E-4	1.8650054931640625E-6	1.1059226989746094E-4	0.07717337713241577	0.21959168329238893	1.6810951232910156E-4	2.87933349609375E-4	0.010606469058990478	0.014685219669342041	2.6872634887695313E-6	1.9598217010498046E-4	0.4358581882476807	0.07995596141815185	4.16395378112793E-4	0.001593500804901123	0.0	5.701616287231445E-4	0.0	4.2853460311889646E-4	
9.475199699401855E-4	0.01701271057128906	3.4696769714355466E-5	0.0	6.71530818939209E-4	2.74658203125E-6	0.0013931697845458984	1.7367048263549804E-4	0.004449420547485351	0.0	5.3473567962646486E-5	0.00671045093536377	6.40869140625E-6	0.0012466938972473145	4.1887922286987304E-4	0.033402574348449704	0.06826390581130981	0.0016422441482543946	0.001349622917175293	5.707465171813965E-4	0.001665623950958252	0.0	2.2968711853027344E-4	
0.0028995259284973146	0.05733474731445312	7.645755767822266E-4	0.0028719414710998534	7.28946304321289E-4	7.544517517089844E-7	1.80511474609375E-4	3.1443281173706056E-4	0.005393846321105957	0.003065346622467041	0.001136771297454834	0.017902416610717772	0.003728188419342041	1.1229619979858398E-4	0.0016802470207214356	0.008794750595092774	0.5814966753005981	1.1911182403564453E-4	7.854631423950195E-4	6.421406745910645E-4	2.8929815292358396E-4	6.14166259765625E-5	2.9076480865478517E-5	
0.022951973819732668	0.020830942821502687	1.7993507385253907E-4	0.006980921459197998	0.001753684139251709	0.015702768993377685	0.002739384937286377	4.0301008224487305E-4	0.0077557881355285645	0.001566484260559082	8.437261581420899E-5	0.30329145641326904	0.02214682683944702	2.707248687744141E-4	7.64168643951416E-4	0.006114298534393311	0.05452428178787232	0.08811079235076905	0.0032343631744384768	0.0030678728103637697	4.8778114318847655E-4	0.0019265323638916016	0.0035711076736450196	
4.2016773223876955E-4	0.010913399600982665	5.521901130676269E-4	5.085945129394531E-7	0.009134767341613769	1.4097404479980468E-5	0.0063435703277587895	1.8380060195922853E-4	9.687296867370605E-4	1.3054847717285156E-6	3.9376163482666014E-5	0.01398645191192627	2.0395069122314453E-4	5.0947380065917965E-5	1.5853033065795898E-4	0.00384368896484375	0.010225601196289062	0.0022565460205078124	0.002138960075378418	0.0021399434089660646	2.3914756774902343E-4	0.002000868034362793	4.109697341918945E-5	
2.676899909973145E-4	0.001395594310760498	4.74997615814209E-4	1.2622413635253907E-4	4.8828125E-6	0.0	2.0946083068847657E-4	1.3393783569335937E-5	2.557712554931641E-4	0.0027136823654174804	1.2478256225585938E-5	6.96555233001709E-4	1.2533397674560547E-4	0.0	0.0	0.0012897999763488769	0.02510453968048096	0.0	2.5363540649414063E-5	0.0	8.21685791015625E-5	0.0	1.3902664184570312E-6	
2.4370832443237303E-4	1.2715625762939453E-5	0.0	6.202019691467285E-4	5.0048828125E-5	0.0	1.989574432373047E-5	8.519487380981445E-5	0.0013285404205322265	3.597679138183594E-5	3.319635391235352E-5	9.667290687561035E-4	0.005401526546478272	0.0	0.0	0.004028803539276123	2.278985023498535E-4	2.916145324707031E-6	1.1528968811035157E-6	0.0	4.418268203735351E-5	0.0	0.0	
0.007807040786743164	4.167514801025391E-4	0.008325508975982667	2.76319694519043E-4	0.20759232416152953	0.0	4.5717048645019534E-5	0.10292504205703736	0.1749814860343933	6.055195808410645E-4	0.016867489242553713	0.13772635564804078	0.001723200511932373	0.031090910148620605	0.0	0.01567689685821533	0.0019770050048828125	9.362964630126954E-5	0.0033467949867248535	0.0	6.086540222167969E-6	0.0	2.760143280029297E-5	
0.015346815299987793	0.010735507583618164	0.0063252766609191895	0.0035023838043212892	0.2262470160484314	1.9344749450683594E-4	0.01401336669921875	1.9131975173950196E-4	0.006216201782226562	0.003600031566619873	0.012530280208587647	0.10502741498947143	0.03153004961013794	0.01682323875427246	2.9500293731689452E-5	0.04502449035644531	0.019422310733795165	2.4392023086547852E-4	3.2367286682128906E-4	0.001360922908782959	0.021347198486328125	1.1494922637939453E-5	4.391984939575195E-5	
0.0011409420013427734	0.010244598388671875	0.002426418685913086	4.8226261138916015E-5	7.502241134643555E-5	0.0	1.0151329040527344E-4	1.8235101699829102E-4	3.5431756973266604E-4	1.3783740997314454E-5	8.985519409179688E-7	0.12443429737091065	2.9754638671875E-4	1.3054752349853516E-5	6.103515625E-7	3.033447265625E-4	0.005265189266204834	0.0	2.534675598144531E-6	7.247076034545899E-5	6.190999031066895E-4	1.0476856231689453E-4	5.199012756347656E-5	
8.27611255645752E-4	6.051042556762695E-4	8.282089233398438E-6	3.2755565643310545E-5	1.3054752349853516E-5	1.1054143905639649E-4	0.002655046272277832	1.2546539306640626E-6	1.9277782440185547E-4	1.895484924316406E-5	8.443164825439454E-6	0.01933508129119873	0.001087646484375	2.9483413696289064E-5	1.1240673065185547E-5	0.0011487833976745606	0.00981496171951294	1.6954421997070313E-6	0.0	5.586433410644531E-6	2.3515491485595703E-4	1.1209278106689454E-4	1.2715625762939453E-5	
1.2798728942871093E-4	3.371852874755859E-4	0.0	3.1585693359375E-4	2.2004871368408202E-4	5.340576171875E-7	0.00919352216720581	1.2342643737792968E-5	0.003665907096862793	4.6971607208251956E-5	1.9666671752929686E-6	0.0013758172035217284	0.0028995344161987305	1.3156509399414063E-5	0.0	0.021617092514038087	0.010589845466613769	5.0862312316894535E-6	7.843017578125E-5	6.15692138671875E-5	3.6433753967285155E-4	1.5567359924316407E-4	1.3393402099609376E-6	
0.009599541568756104	0.007218170166015625	0.001241175365447998	0.0014658610343933106	4.890865325927734E-4	1.3843154907226562E-5	0.001915740966796875	0.001271370792388916	9.601847648620605E-4	2.3276433944702149E-4	9.401111602783203E-5	0.0010555267333984375	0.007342419052124023	1.528167724609375E-4	1.5046014785766602E-4	0.009639061832427978	0.027815780639648437	0.0054407501220703125	1.1468677520751953E-4	8.303327560424804E-5	0.0016942851066589356	6.781578063964843E-7	4.3148040771484375E-6	
1.8756446838378907E-4	5.342695236206055E-4	3.048362731933594E-5	0.004234593677520752	0.0012956577301025392	2.3125553131103515E-5	3.9438886642456053E-4	0.002110909366607666	7.30311107635498E-4	3.20587158203125E-4	4.573402404785156E-5	0.007403700065612793	0.007035056209564209	1.7974853515625E-4	0.0	6.68775749206543E-4	0.004794743824005127	7.906599044799805E-5	2.1982831954956054E-4	0.0	2.2643194198608397E-4	0.0	9.358692169189453E-6	
6.0390853881835935E-5	1.9346446990966797E-4	3.391265869140625E-7	2.7659101486206055E-4	1.2715625762939453E-5	0.0	2.8873062133789063E-5	2.5431346893310546E-5	4.764175415039062E-6	1.1628046035766601E-4	0.0	0.0023462507247924806	0.002095777702331543	0.0	3.2215118408203124E-7	4.5115184783935546E-5	0.001329828929901123	0.0019141642570495606	3.391265869140625E-7	4.096136093139648E-5	3.8580150604248045E-4	5.0438785552978515E-5	0.0	
