0.7266135914802552	0.010852067756652832	1.2376785278320313E-6	4.23745059967041E-4	3.9163379669189454E-4	1.042652130126953E-6	0.2147365909576416	7.76500701904297E-6	7.4493408203125E-4	2.886962890625E-4	8.625450134277344E-5	0.36203279285430906	0.0011893378257751466	1.3639659881591797E-4	0.006616812801361084	0.7771880595207215	0.6889101494789124	0.01644638910293579	2.066802978515625E-4	1.1739940643310547E-4	0.5598160468101502	0.0	2.488880157470703E-5	
0.008993106460571288	0.0011205121994018554	6.6070556640625E-5	0.002761874771118164	3.1820507049560545E-4	0.0095166015625	0.003495797061920166	8.895025253295899E-5	1.2485923767089843E-4	0.0012433878898620607	1.9130287170410155E-4	0.06557869806289673	0.013678961849212646	1.1196556091308593E-4	2.2735595703125E-5	1.1850996017456055E-4	0.011335720443725586	0.03965494794845581	6.374782562255859E-4	2.0127191543579102E-4	0.002197740364074707	3.18154239654541E-4	4.4078826904296875E-7	
0.007729237842559814	0.0019446733474731445	1.6038684844970702E-4	3.7810430526733396E-4	4.63723087310791E-4	1.251220703125E-5	7.677544593811035E-4	1.7310237884521484E-5	9.844547271728515E-4	4.7251386642456055E-4	1.9883050918579102E-4	0.006922971916198731	0.00918766441345215	1.1420354843139648E-4	1.562328338623047E-5	0.013428437995910645	0.026869990062713622	7.702293395996093E-5	0.0010796779632568359	6.246776580810547E-5	0.0024266730308532716	1.068115234375E-6	5.933952331542969E-6	
0.2040554639816284	0.11763485374450684	6.891889572143555E-5	7.258100509643555E-5	8.447773933410645E-4	6.518936157226563E-6	5.406697273254395E-4	0.0011310237884521485	0.016526972484588624	0.0	3.917270660400391E-4	0.03976681175231934	2.5092124938964844E-6	0.0019374762535095216	0.001631783390045166	0.03262673273086548	0.0584952205657959	0.004054548454284668	0.0018604533195495606	0.0	0.007810957145690918	1.5812339782714843E-4	3.3381996154785155E-4	
0.002499830436706543	1.27554988861084E-4	0.0	5.0743961334228515E-5	0.0	1.344470977783203E-5	7.269964218139648E-5	7.762489318847656E-5	0.046592517471313474	2.9124794006347656E-4	0.0	0.00661794023513794	0.0013288201332092285	1.2037467956542968E-5	1.220703125E-6	0.2409074486732483	0.03817448930740357	7.241144180297851E-5	0.0	0.0	2.84576416015625E-5	5.764389038085938E-6	8.815765380859375E-7	
1.700592041015625E-4	7.95576286315918E-4	3.899574279785156E-7	9.070396423339843E-7	1.2546539306640626E-6	0.0	4.704761505126953E-6	0.0	2.7686214447021483E-5	1.2376785278320313E-6	0.0	9.351091384887695E-5	5.6644058227539064E-5	0.0	0.0	2.900867462158203E-5	0.013316497802734376	0.0	0.0	0.0	1.3902664184570312E-6	6.781578063964843E-7	0.0	
0.017123099422454834	0.0030096435546875	6.848737716674805E-4	0.0015012699127197266	4.888322830200196E-4	9.642705917358398E-5	2.7745532989501952E-5	1.2312994003295898E-4	2.7904930114746094E-4	2.71903133392334E-4	0.0011319478034973144	0.01221840753555298	0.04402644691467285	4.809913635253906E-5	6.0874080657958984E-5	3.4550981521606444E-4	0.0033242289543151857	2.6026411056518555E-4	6.714460372924804E-4	6.944783210754395E-4	0.0025655619621276857	9.89964771270752E-4	5.562677383422851E-5	
0.001595035171508789	1.3461685180664063E-5	5.415172576904297E-5	2.3715553283691407E-4	1.7115306854248047E-5	3.9844512939453125E-7	1.3563156127929687E-6	0.0	0.05648364601135254	7.447986602783204E-5	4.4078826904296875E-7	0.003960028743743896	2.1547956466674804E-4	0.0	4.7473907470703127E-7	0.1903925916671753	0.03842932806015015	8.677249908447265E-4	5.230369567871094E-5	0.0	9.802074432373047E-5	0.0	0.0	
0.0043621571540832516	1.398468017578125E-4	0.0	3.4372968673706053E-4	9.777408599853515E-4	0.0	3.35693359375E-6	0.05816362171173096	0.2003350830078125	2.5572032928466797E-4	3.9299869537353515E-5	0.010567448902130128	0.0054296875	2.7169132232666017E-5	1.2732601165771485E-5	0.4157163661956787	0.057707121086120604	5.1091480255126956E-5	6.412086486816407E-5	0.0	3.40728759765625E-4	0.0	4.0117053985595704E-4	
6.78439712524414E-4	0.006622246646881103	5.645751953125E-6	0.0	6.007978439331055E-4	1.0850906372070312E-6	0.001247592544555664	1.2664794921875E-5	0.002647518539428711	0.0	3.9757728576660155E-6	0.009692552375793457	6.340885162353516E-6	0.002371978759765625	5.357551574707031E-6	0.03714941234588623	0.05108496770858765	3.278181076049805E-4	0.004772152328491211	5.572509765625E-4	0.001148647689819336	2.4074554443359375E-6	3.7143287658691405E-4	
0.0025673336029052737	0.044878633308410645	7.257080078125E-4	9.55217170715332E-4	6.035020828247071E-4	2.390575408935547E-6	5.2303314208984374E-6	3.2363042831420896E-4	0.002708452033996582	0.0029610612869262697	0.001485587215423584	0.014206466674804687	0.0034908549308776855	6.997003555297851E-5	2.1565723419189452E-5	0.007320107364654541	0.5639147609710693	2.3257789611816405E-4	0.001268903923034668	3.55970573425293E-4	1.8018083572387696E-4	1.3427734375E-4	2.7042388916015624E-6	
0.02522857666015625	0.025204849243164063	1.032257080078125E-4	0.004013146305084228	6.496006011962891E-4	0.009847683334350587	7.76511287689209E-4	0.001081525993347168	0.006561898136138916	8.70997142791748E-4	3.0924510955810544E-5	0.23879502191543578	0.027269846630096437	2.672492027282715E-4	1.7824811935424805E-4	0.004659737491607666	0.03878367109298706	0.07195072593688964	0.005579757690429688	3.4938392639160154E-4	0.0035527462005615234	0.002770682430267334	0.0022151607513427735	
1.93472957611084E-4	0.0015805986404418945	5.747509002685547E-6	0.0	6.704457283020019E-4	6.899518966674805E-5	0.001183903980255127	6.434974670410156E-5	0.0016695573806762695	5.391407012939453E-6	4.924354553222656E-5	0.008210991764068604	0.001239183235168457	4.5445728302001955E-5	3.645153045654297E-5	1.9601612091064454E-4	0.007585932445526123	6.869850158691406E-5	0.0016257646560668946	1.070404052734375E-4	3.1232194900512693E-4	0.001830147647857666	4.847211837768555E-5	
2.5309247970581056E-4	0.001233054256439209	4.8007545471191406E-4	3.1102466583251955E-5	3.391265869140625E-7	0.0	1.3956708908081055E-4	0.0	9.616432189941406E-5	2.1599674224853517E-5	9.494781494140625E-7	3.76756477355957E-4	3.2196044921875E-4	0.0	0.0	0.001949632453918457	0.016468463516235352	1.4750480651855468E-6	3.3145904541015625E-6	0.0	1.9916954040527344E-4	0.0	0.0	
4.2083740234375E-4	1.7971038818359376E-6	0.0	2.2896671295166016E-5	1.8013858795166015E-5	1.0850906372070312E-6	1.2969970703125E-5	0.0	0.0028593953132629393	1.5216445922851563E-5	1.2919139862060546E-5	1.6478643417358398E-4	4.4420051574707035E-5	6.273269653320313E-7	0.0	2.5239734649658204E-4	1.5443592071533204E-4	0.0	0.0	0.0	0.0	0.0	0.0	
0.008930486011505126	1.5406293869018553E-4	0.00652826099395752	3.7204322814941404E-4	0.14162534074783326	0.0	8.223638534545898E-5	0.06218633861541748	0.12444649591445923	3.246646881103516E-4	0.014716169548034667	0.10667371110916138	0.0023238457679748536	0.026727311897277832	0.0	0.01181660966873169	0.00897257490158081	8.472023010253906E-5	0.002457241439819336	0.0	3.391265869140625E-7	0.0	2.5770187377929687E-6	
0.009086176586151124	0.001605504322052002	0.0057045406341552736	0.0031432682037353513	0.09805956525802613	1.3695611953735352E-4	0.008656404304504395	4.687843322753906E-5	0.001877000617980957	0.030095325088500977	0.010680143547058105	0.07998931884765625	0.04876742897033692	0.00813232421875	1.2531700134277345E-4	0.04079808549880982	0.021910578441619873	7.977800369262695E-5	3.0287847518920897E-4	0.02121170892715454	0.014711439323425293	1.0240364074707031E-5	3.865528106689453E-6	
0.001155412483215332	0.00880285472869873	0.002182032299041748	1.7386531829833986E-5	3.693475723266602E-5	0.0	2.4667530059814454E-4	2.516002655029297E-5	2.269744873046875E-4	2.8923892974853516E-5	0.0	0.10974634809494019	3.4787492752075196E-4	0.0	1.52587890625E-6	5.619557380676269E-4	0.005528064346313476	0.0	7.884025573730469E-7	9.347705841064453E-5	4.851446151733398E-5	9.983482360839843E-5	2.7364063262939454E-5	
7.0343017578125E-5	2.5668678283691406E-4	1.322460174560547E-6	8.703441619873048E-5	2.7126312255859373E-6	3.1366348266601565E-7	0.0036771307945251464	2.0514488220214844E-6	0.001897396469116211	3.9910221099853516E-5	1.6411685943603515E-5	0.020343229484558106	6.153361320495606E-4	2.0913028717041014E-5	2.009105682373047E-6	0.0016992695808410645	0.018678148078918457	4.069328308105469E-7	0.0	3.178882598876953E-6	2.7498035430908205E-4	1.801215171813965E-4	1.0087966918945313E-6	
0.001047642993927002	1.0134382247924805E-4	0.0	1.7030525207519532E-5	0.007462285327911377	8.222579956054687E-7	0.002421095085144043	2.3736000061035157E-6	0.005041681957244873	0.0017937214851379394	1.4979076385498047E-5	0.0011472065925598144	0.0014270359039306642	2.593994140625E-5	0.0	0.006337670230865479	0.009362809944152832	6.6545486450195315E-6	2.3736000061035157E-6	8.115129470825195E-5	3.21197509765625E-5	5.635576248168945E-5	1.3563156127929687E-6	
0.00998443603515625	0.004288626766204834	8.933088302612304E-4	0.001226484489440918	2.64875602722168E-4	1.9581794738769532E-6	0.0025890265464782714	3.3852472305297853E-4	6.120978355407715E-4	1.0316638946533204E-4	7.861671447753906E-5	7.71950626373291E-4	0.004044748973846436	1.259697914123535E-4	1.2368106842041015E-5	0.002248255443572998	0.01485331220626831	0.0011084747314453124	1.4123706817626954E-4	7.103815078735352E-5	4.8407659530639647E-4	2.6109504699707032E-5	3.4925460815429687E-6	
9.084062576293945E-5	4.56704044342041E-4	1.2868242263793946E-4	3.189934730529785E-4	0.004293128108978271	8.349990844726562E-6	6.47269344329834E-4	0.0025008477210998535	3.2435951232910154E-4	1.6553239822387694E-4	2.69317626953125E-5	0.003918601131439209	0.004657067203521728	1.4750480651855468E-6	0.0	9.904819488525392E-4	0.010550850772857666	1.1885747909545899E-4	5.332088470458984E-6	0.0	2.645280838012695E-4	0.0	8.375358581542968E-6	
9.930076599121093E-5	2.7609920501708985E-5	0.0	4.1512393951416016E-5	1.3987541198730468E-6	3.2215118408203124E-7	4.238510131835937E-6	0.0	1.867504119873047E-5	1.6870288848876952E-4	0.0	4.4549732208251956E-4	7.683902740478516E-4	1.2037467956542968E-5	0.0	0.0	3.97966194152832E-4	3.846912384033203E-5	7.121086120605469E-7	0.0	1.0316658020019531E-5	3.907947540283203E-5	0.0	
