0.6561350165367127	0.08568090648651124	4.987926483154297E-5	3.2410516738891603E-4	5.65346622467041E-4	2.0938873291015627E-6	0.5839600372314453	1.4597606658935546E-5	6.612481117248536E-4	1.6329450607299804E-4	4.342823028564453E-5	0.3236396704673767	0.005874065780639649	9.71221923828125E-5	1.0933771133422851E-4	0.6665120612144471	0.8484819623947144	0.012277280998229981	1.0708274841308594E-4	4.0520572662353517E-5	0.5369850073814392	0.0	4.5623779296875E-5	
0.010160039234161377	0.0017727237701416017	2.000617980957031E-6	0.0018151432037353515	8.596630096435547E-5	0.009882558155059815	0.0012934282302856446	1.7216968536376953E-5	0.0016744486808776857	0.001691445255279541	0.0012938775062561036	0.05299053611755371	0.01657194347381592	2.1601362228393554E-4	2.6279449462890623E-6	1.41754150390625E-4	0.012344580745697022	0.04267004222869873	8.89434814453125E-4	3.583950042724609E-4	7.985263824462891E-4	5.532413482666015E-4	4.4078826904296875E-7	
0.010997865486145019	0.0026876407623291016	3.7382335662841795E-4	3.3112421035766604E-4	3.2470703125E-4	5.2219390869140625E-6	6.253729820251464E-4	7.83352279663086E-4	4.309844970703125E-4	1.821221351623535E-4	9.185791015625E-5	0.002380701732635498	0.011751081657409668	9.546070098876954E-5	3.899478912353515E-6	0.004364149284362793	0.03946789207458496	2.682151794433594E-5	0.0010190497398376464	3.0687122344970704E-4	5.73543930053711E-4	0.0	4.357242584228516E-6	
0.12804513721466065	0.0713456132888794	7.977800369262695E-5	3.6790657043457035E-5	0.0018772633552551269	4.153823852539062E-6	6.439208984375E-5	0.002032614803314209	0.038141148853302005	0.0	3.216552734375E-4	0.02013108148574829	7.590398788452148E-5	0.0012222883224487305	0.0024902767181396485	0.0425156063079834	0.04618855791091919	0.0016512213706970215	0.003160561466217041	0.0	0.011191270637512208	9.590997695922851E-5	2.805413246154785E-4	
0.0035611470222473144	1.7924842834472657E-4	0.0	0.0030606587409973142	0.0	1.5851974487304687E-6	1.4194068908691406E-4	2.8863697052001954E-4	0.03231526689529419	5.753412246704101E-5	4.4078826904296875E-7	0.007549379158020019	0.0029135809898376466	3.391265869140625E-7	2.322731018066406E-5	0.2507893201828003	0.032388653182983396	1.1249122619628907E-4	8.646678924560548E-6	0.0	9.485912322998047E-6	0.0	1.3936328887939454E-5	
3.9910221099853516E-5	0.0017978244781494141	1.2359619140625E-5	4.069328308105469E-7	4.662513732910156E-7	0.0	5.191383361816406E-5	0.0	6.589250564575195E-5	4.069328308105469E-7	0.0	1.7130537033081055E-4	5.0532054901123046E-5	0.0	3.391265869140625E-7	1.7734146118164063E-5	0.018495619010925293	5.37109375E-5	2.8906822204589843E-6	3.814697265625E-5	1.2461662292480468E-6	8.815765380859375E-7	0.0	
0.010516984748840332	5.777655601501465E-4	0.0010821109771728516	0.0022295464515686035	5.274200439453125E-4	0.0010920207023620606	4.5013427734375E-5	9.758844375610352E-5	0.0013785552978515625	9.278361320495605E-4	8.760242462158203E-5	0.008985256576538085	0.00544805736541748	5.3855037689208984E-5	1.7827320098876954E-5	3.57818603515625E-4	0.0030850812911987304	2.310943603515625E-4	8.132085800170899E-5	1.1338129043579102E-4	5.289798736572266E-4	7.015398025512695E-4	1.0189437866210938E-5	
0.001572079086303711	1.6974554061889647E-4	0.0	1.1494922637939453E-5	2.65485954284668E-4	3.9844512939453125E-7	1.4512825012207032E-5	0.0	0.05876269874572754	1.2593584060668946E-4	0.0	0.002969987678527832	1.4630632400512695E-4	0.0	0.0	0.17853750438690186	0.023338224601745606	1.1491565704345703E-4	1.7971038818359376E-6	0.0	1.3495540618896484E-5	9.1552734375E-7	0.0	
0.006048177051544189	4.810752868652344E-5	0.0	2.381134033203125E-4	8.692508697509765E-4	2.729606628417969E-6	3.207740783691406E-5	0.055078074169158935	0.19477429704666138	8.12530517578125E-5	1.3868522644042968E-5	0.008498094367980958	0.0032662370681762697	1.3834667205810547E-5	8.395729064941406E-5	0.42286616010665895	0.07190482244491578	1.5606307983398437E-5	2.1472549438476562E-5	0.0	2.5861101150512694E-4	0.0	4.43115234375E-4	
0.001409895133972168	0.007509638500213623	8.327484130859375E-4	0.0	9.17960262298584E-4	7.01904296875E-6	0.0010045369148254395	8.027820587158204E-5	0.0014261203765869141	0.0	1.2961483001708985E-5	0.005294308090209961	6.760661125183105E-4	4.1097002029418943E-4	9.86319637298584E-4	0.02034379749298096	0.029558885383605956	0.003530765151977539	5.07820987701416E-4	0.011351140308380126	0.0025980546951293944	1.2037467956542968E-5	0.005966915512084961	
0.003056471061706543	0.03495062084197998	0.0013467830657958985	5.780707359313965E-4	4.6435890197753905E-4	1.500415802001953E-6	1.4251708984375E-4	2.3841009140014647E-4	0.0031099700927734375	0.003422232723236084	5.89591121673584E-4	0.012162874031066894	0.002686131763458252	5.0854110717773435E-5	1.8818855285644532E-6	0.007830123901367187	0.514028210067749	4.5360984802246096E-4	5.31768798828125E-4	4.355535507202149E-5	3.9748296737670896E-4	0.0	7.799148559570312E-7	
0.023243891429901124	0.023009380722045898	1.8655567169189452E-4	0.002991180419921875	7.158830642700195E-4	0.017353566455841064	0.0030388386726379396	5.254533767700195E-4	0.00957788257598877	0.0014765252113342286	3.155174255371094E-5	0.2768902842521668	0.02921527442932129	6.012132644653321E-4	7.747480392456055E-4	0.002653011703491211	0.03839029951095581	0.06853033275604248	0.004497061824798584	0.00392492504119873	4.0056018829345705E-4	0.004304470443725586	0.001473863410949707	
2.4966773986816404E-4	7.129923820495606E-4	3.5180091857910155E-6	0.0	8.822716712951661E-4	5.8068180084228515E-5	0.001240827751159668	1.8381757736206055E-4	7.086181640625E-4	6.781578063964843E-7	4.2716121673583985E-5	0.007535408878326416	7.196468353271485E-4	1.8632698059082032E-5	2.6897811889648437E-5	0.0011436885833740235	0.011011666202545166	1.1202497482299805E-4	0.011815465259552002	5.825551033020019E-4	1.0782880783081054E-4	8.622318267822265E-4	6.917285919189453E-6	
1.8297834396362306E-4	0.0021390618324279784	5.653126716613769E-4	2.2798328399658202E-4	1.0003089904785156E-6	0.0	7.180957794189453E-5	0.0	1.9314231872558595E-4	1.4326286315917969E-5	1.2715625762939453E-5	6.01950740814209E-4	1.7617120742797853E-4	0.0	4.4078826904296875E-7	8.92020320892334E-4	0.018502858448028566	0.0	1.5296087265014648E-4	0.0	9.145097732543945E-5	0.0	4.4078826904296875E-7	
2.5316877365112305E-4	2.2548675537109373E-6	0.0	3.3781242370605465E-5	2.076911926269531E-6	0.0	5.9051513671875E-5	2.52532958984375E-5	1.8688621520996095E-4	1.2057838439941406E-4	0.0	2.9040870666503907E-4	9.359569549560547E-5	0.0	0.0	0.002238176155090332	1.3738842010498046E-4	1.2546539306640626E-6	0.0	0.0	2.7635574340820314E-6	0.0	0.0	
0.009146762466430664	1.1735706329345703E-4	0.007055121517181397	8.172779083251953E-5	0.1730225965499878	3.391265869140625E-7	2.315940856933594E-5	0.07647193059921265	0.19279791088104248	5.70500659942627E-4	0.015079854297637939	0.11503808765411377	0.0015808953285217286	0.03550818548202515	0.0	0.012130482959747314	8.45362377166748E-4	1.1020240783691406E-4	0.002629970932006836	0.0	0.0	0.0	4.154624938964844E-5	
0.011547588729858399	9.17214298248291E-4	0.004988106632232666	0.004733369636535645	0.10803347272872925	2.0299272537231444E-4	0.015172966861724854	8.093938827514648E-5	0.001256120491027832	4.93486213684082E-4	0.010733489990234374	0.08098966808319091	0.03040948657989502	0.010228568172454834	5.47027587890625E-5	0.02782060413360596	0.014415317153930664	5.961952209472656E-5	6.940205574035644E-4	3.2712297439575197E-4	6.69403076171875E-4	0.0	1.3003921508789063E-5	
0.003657819938659668	0.006340840625762939	0.0020136176109313963	4.8268604278564455E-5	9.975852966308594E-5	2.3736000061035157E-6	5.296497344970703E-5	1.676769256591797E-5	6.886799812316894E-4	8.171939849853515E-6	0.0	0.11457555980682373	1.1800975799560547E-4	0.0	9.663581848144532E-7	5.71153450012207E-4	0.006164720344543457	0.0	0.0	1.4575538635253906E-4	8.261785507202149E-5	6.944446563720704E-5	0.0	
9.691028594970703E-5	1.5865745544433593E-4	4.4078826904296875E-7	1.105499267578125E-4	4.4078826904296875E-7	1.524181365966797E-5	0.0031897565841674806	1.1545848846435547E-5	2.0212812423706054E-4	2.6440048217773437E-5	0.0	0.0231817626953125	3.383721351623535E-4	5.677967071533203E-5	3.2215118408203124E-7	0.0011207241058349608	0.015336761474609375	3.0517578125E-7	0.0	9.602012634277343E-5	1.5224876403808593E-4	0.0021982404708862304	4.4078826904296875E-7	
8.531360626220704E-5	1.5761480331420897E-4	5.0438880920410156E-6	2.6121349334716796E-4	3.47137451171875E-5	2.8143882751464842E-6	0.001316808032989502	8.98284912109375E-4	0.0037306891441345213	1.9102306365966797E-4	1.7335700988769532E-5	0.001738764476776123	0.009033974552154541	3.391265869140625E-7	0.0	0.006004647159576416	0.003062099838256836	1.4809513092041016E-5	6.764698028564453E-6	6.206092834472656E-5	4.467391967773438E-6	2.3023796081542968E-5	3.4434032440185544E-5	
0.008197097778320313	0.0044733174324035644	6.62409496307373E-4	1.6283674240112305E-4	6.888750076293945E-4	1.4410972595214845E-6	9.753078460693359E-4	2.4248762130737303E-4	3.9263410568237306E-4	3.1736583709716796E-4	7.5531005859375E-5	5.266486167907715E-4	9.261915206909179E-4	4.8870468139648436E-5	4.947242736816406E-5	0.004389360237121582	0.022416008853912355	4.93155574798584E-4	2.9955549240112304E-4	1.6674423217773438E-5	5.670335769653321E-4	0.0	2.2040367126464845E-6	
0.0014116753578186036	2.6020469665527344E-4	1.2961483001708985E-5	5.343458175659179E-4	0.0064580196380615235	8.392333984375E-7	2.3213701248168945E-4	0.002171334171295166	0.035970670890808104	7.470874786376953E-5	6.517200469970703E-5	0.0035747782707214355	0.005050616836547852	4.20379638671875E-5	0.0	1.3522682189941407E-4	0.002550947380065918	1.9124317169189453E-5	2.8043107986450193E-4	0.0	2.25991153717041E-4	0.0	2.5083732604980468E-5	
3.207740783691406E-5	1.4470386505126952E-5	0.0	1.0343761444091796E-4	5.298529624938965E-4	3.2215118408203124E-7	4.396228790283203E-5	0.0	2.0031356811523438E-5	0.001712519359588623	7.544517517089844E-7	0.003591164493560791	0.004515626716613769	8.324518203735351E-5	3.2215118408203124E-7	3.391265869140625E-7	9.477827072143554E-4	3.391265869140625E-7	7.663307189941406E-5	0.0013232421875	2.4515819549560548E-5	4.5369434356689456E-5	0.0	
