0.7156089782714844	0.009648208618164062	2.0688371658325196E-4	2.7772693634033204E-4	7.427723884582519E-4	2.4329185485839843E-6	0.29489063682556155	3.865556716918945E-5	0.0015244547843933105	4.4475975036621093E-4	1.7496776580810545E-5	0.3477769470214844	0.0011346943855285645	9.059486389160156E-5	0.003656489086151123	0.7675545078277588	0.6383515167236328	0.012946887588500976	4.032304763793945E-4	1.1534795761108398E-4	0.5700482007980346	3.1703948974609373E-6	4.236011505126953E-5	
0.00870992021560669	0.003161799144744873	8.078670501708984E-6	0.0033074781417846678	3.8495378494262695E-4	0.008931181144714355	0.004377034473419189	4.5717048645019534E-5	8.26263427734375E-5	0.001168212890625	1.2196006774902344E-4	0.06683633594512939	0.013301128768920898	1.1766223907470703E-4	6.908798217773437E-6	2.0784168243408204E-4	0.01765629234313965	0.038504893016815187	5.23800277709961E-4	2.3024663925170897E-4	0.001590576171875	6.347910881042481E-4	1.322460174560547E-6	
0.006598154735565185	0.0027138604164123536	1.587677001953125E-4	4.876708984375E-4	3.7477283477783203E-4	1.535205841064453E-5	0.001009529972076416	1.8464832305908202E-4	4.2538108825683593E-4	2.957576751708984E-4	1.3210716247558595E-4	0.004298824691772461	0.012888971996307372	3.181034088134766E-4	5.8831214904785155E-6	0.006855714607238769	0.026458265495300292	3.194169998168945E-5	0.00111968994140625	7.274627685546875E-4	8.55068588256836E-4	0.0	1.9627885818481445E-4	
0.24722457885742188	0.11381999549865722	1.5507164001464844E-4	5.237159729003906E-5	0.0011549885749816895	5.160865783691406E-5	5.82716178894043E-4	4.2544898986816404E-4	0.016506602001190186	0.0	2.7264060974121096E-4	0.04126685247421265	3.560352325439453E-6	0.001491877269744873	0.0025945536613464354	0.04362486944198608	0.05169581098556519	0.00447290210723877	0.0023601786613464356	0.0	0.008285361385345458	1.7301750183105468E-5	1.2929277420043944E-4	
0.0026595221519470215	8.412675857543946E-5	0.0	1.7756996154785157E-4	0.0	1.6445541381835936E-5	4.6412181854248046E-5	6.949529647827148E-5	0.04116028680801392	6.22109317779541E-4	6.4002037048339844E-6	0.00596948413848877	8.632999420166015E-4	1.1359310150146484E-5	2.4753189086914063E-5	0.23018374977111816	0.03815171985626221	6.719799041748046E-5	1.0172843933105469E-6	0.0	7.849788665771484E-6	5.527114868164063E-6	3.7841796875E-5	
1.2587652206420897E-4	9.142303466796875E-4	4.5437240600585935E-5	0.0	3.729820251464844E-7	0.0	2.924633026123047E-6	0.0	3.3145523071289064E-5	0.0	0.0	1.494598388671875E-4	8.709373474121093E-5	0.0	3.2215118408203124E-7	2.5897598266601562E-5	0.014030676937103272	0.0	1.0850906372070312E-6	4.069328308105469E-7	1.220703125E-6	1.1376285552978516E-5	0.0	
0.01655296325683594	0.005654796981811524	0.0013295745849609376	6.28679084777832E-4	2.875349044799805E-4	3.204345703125E-6	2.073497772216797E-5	1.358795166015625E-4	1.9644842147827147E-4	3.335994720458984E-4	6.129798889160156E-5	0.015137956428527832	0.022498821640014648	8.199052810668945E-5	1.3213262557983398E-4	8.86569595336914E-4	0.005111439990997314	2.216423988342285E-4	5.785369873046875E-4	4.20862865447998E-4	5.34829044342041E-4	9.99637222290039E-4	9.022178649902344E-5	
0.0017650434494018556	1.9387149810791016E-5	0.0	3.889125823974609E-4	1.3089494705200195E-4	1.5936851501464844E-6	5.391407012939453E-6	0.0	0.053957977294921876	1.4352588653564454E-4	2.931385040283203E-5	0.005104226016998291	3.1618757247924803E-4	3.611249923706055E-5	0.0	0.18695303173065186	0.028088794326782227	2.7127580642700197E-4	2.6872634887695313E-6	0.0	2.6050186157226562E-5	0.0	8.815765380859375E-7	
0.005477311897277832	1.0339527130126953E-4	0.0	4.502020835876465E-4	0.0021631792068481444	3.8062095642089843E-6	1.3987541198730468E-6	0.053761045646667484	0.1941940477371216	2.6743574142456053E-4	5.825462341308594E-5	0.008953399658203125	0.006546757984161377	0.0	6.4849853515625E-5	0.4146529218673706	0.06005655927658081	6.132335662841797E-5	6.50787353515625E-5	0.0	2.7821006774902344E-4	0.0	4.1832818984985354E-4	
2.1052894592285155E-4	0.005361616325378418	1.7649364471435546E-5	0.0	1.973809242248535E-4	1.6614913940429687E-6	0.001181606674194336	4.8056697845458986E-5	0.0018152194976806641	0.0	3.391265869140625E-7	0.007899195384979248	5.696582794189453E-6	0.0029341803550720215	2.6160335540771485E-5	0.03362837896347046	0.05477893409729004	5.77850341796875E-4	0.002270041561126709	0.002615509033203125	0.001485612678527832	1.1698722839355468E-6	4.21744441986084E-4	
0.0034303623199462892	0.046507042789459226	6.233893394470215E-4	0.001338789176940918	4.4552268981933594E-4	5.8551406860351564E-5	1.0454816818237305E-4	3.986273765563965E-4	0.004524951553344727	0.0031465996742248534	0.0010346561431884766	0.012650968742370606	0.0033176167488098143	4.330949783325195E-5	5.080327987670898E-5	0.007626732730865478	0.5659374576568603	6.072998046875E-5	0.0013675689697265625	5.85047435760498E-4	3.543853759765625E-4	7.88116455078125E-5	3.96728515625E-6	
0.02374393882751465	0.019567718505859377	5.643205642700195E-5	0.006511349105834961	6.414794921875E-4	0.00893080816268921	0.002620713996887207	4.8650102615356447E-4	0.001757956600189209	9.07923412322998E-4	8.488121032714844E-5	0.23675634593963624	0.01851521806716919	3.1485662460327147E-4	1.3180198669433593E-4	0.009288050365447997	0.05131628246307373	0.06676073713302612	0.004512295150756836	0.006390050220489502	0.004173838329315185	0.005258543205261231	0.0018367937088012696	
2.5549993515014646E-4	0.003387578296661377	3.582420349121094E-5	2.2125244140625E-6	5.61989688873291E-4	7.502269744873047E-6	0.0019144779205322265	0.001114315414428711	2.816349029541016E-4	3.882503509521485E-6	6.311206817626954E-5	0.008007778549194336	8.725481033325196E-5	3.1746768951416014E-5	2.7169132232666017E-5	0.001192186164855957	0.005409673023223877	9.854719161987305E-4	0.0023873393058776856	3.8837013244628904E-4	2.1978588104248046E-4	3.95050048828125E-4	0.001523759651184082	
1.6643104553222657E-4	0.0013132476806640625	3.5257978439331056E-4	1.8346996307373048E-4	0.0	0.0	4.184303283691406E-5	1.3563156127929687E-6	1.6362504959106444E-4	4.970970153808594E-5	1.2478256225585938E-5	3.3042058944702146E-4	1.4172868728637696E-4	0.0	6.781578063964843E-7	6.358930587768555E-4	0.015895962142944337	0.0	3.1280517578125E-6	3.1703948974609373E-6	2.0677356719970704E-4	0.0	1.1528968811035157E-6	
3.12983226776123E-4	2.7855777740478515E-5	0.0	6.452770233154297E-5	5.2083301544189455E-5	3.2215118408203124E-7	0.0	0.0	1.3019981384277345E-4	3.0517578125E-6	0.0	1.4575538635253906E-4	3.351850509643555E-5	1.2461662292480468E-6	0.0	3.7793474197387694E-4	0.004136361026763916	3.178882598876953E-6	0.0	0.0	0.0	0.0	3.2213211059570314E-6	
0.007717810726165772	7.043628692626953E-5	0.005687264347076416	4.6572370529174805E-4	0.13337276039123536	1.220703125E-5	1.1115179061889649E-4	0.060367914867401125	0.11758471174240112	1.8918352127075195E-4	0.014488211727142333	0.10793295965194702	0.0024819353103637696	0.02821450128555298	0.0	0.009899749755859374	0.006673575496673584	2.1955490112304688E-6	0.0029536861419677735	0.0	0.0	0.0	1.2240982055664062E-5	
0.009360393905639648	0.0030759175300598142	0.004702495956420898	0.0053838603019714356	0.09351088628768921	1.5880165100097657E-4	0.014837663459777831	1.64803409576416E-4	0.010353834342956543	0.03026031494140625	0.009563751220703125	0.07794811668395996	0.015393693733215332	0.008139156723022461	4.2097301483154295E-4	0.036690258407592775	0.02049997968673706	2.857293128967285E-4	3.8381786346435546E-4	0.028692991447448732	0.01532696189880371	2.3328971862792968E-5	1.8666582107543947E-4	
0.0011506992340087892	0.008055148696899415	0.0020984479904174805	5.6677913665771485E-5	1.0075883865356445E-4	0.0	5.388898849487305E-5	6.7138671875E-6	4.37910270690918E-4	2.7025032043457033E-5	2.5304126739501954E-5	0.11227985801696777	2.3649425506591797E-4	0.0	9.494781494140625E-7	5.138142585754394E-4	0.006318817138671875	0.0	1.0109796524047851E-4	2.2364301681518554E-4	0.0012989383697509765	9.806318283081055E-5	1.4241218566894532E-6	
1.328277587890625E-4	3.12330436706543E-4	1.1952400207519532E-6	3.213672637939453E-5	2.685546875E-5	2.5566959381103517E-5	0.0038536495208740234	1.8513965606689453E-5	0.0015053643226623536	1.4334774017333985E-5	3.1755256652832033E-5	0.02098203868865967	5.46730899810791E-4	3.3229827880859374E-6	0.0	0.0015816582679748536	0.019031609439849852	0.004204610157012939	0.0	2.085399627685547E-6	1.4987525939941406E-4	2.982500076293945E-4	1.2037277221679687E-6	
2.8661060333251953E-5	1.521979331970215E-4	1.1283016204833984E-5	4.67842960357666E-4	0.004056430435180664	3.899574279785156E-7	0.002070592212677002	1.6938104629516602E-4	0.004671156120300293	4.0410356521606444E-4	1.4750194549560546E-5	8.731587409973145E-4	0.0012483808517456056	7.036209106445313E-7	0.0	0.008103807258605957	0.007476459121704101	9.028120040893555E-5	3.6875724792480467E-6	3.9028549194335936E-5	4.7709178924560545E-5	6.117076873779297E-5	1.322460174560547E-6	
0.008458650398254395	0.004982282829284668	0.001049228286743164	0.001111458683013916	1.8711509704589843E-4	2.775402069091797E-5	0.0017849308013916016	2.242363929748535E-4	7.46629524230957E-4	2.9056129455566404E-4	7.558526039123535E-4	5.14678955078125E-4	0.002491938304901123	1.3665943145751953E-4	5.349063873291016E-6	0.002616305923461914	0.01499648199081421	0.0012008412361145019	4.569158554077148E-5	1.2676658630371093E-4	3.8531837463378905E-4	0.0	8.561897277832031E-6	
3.7661237716674805E-4	1.7479791641235353E-4	2.6567268371582032E-5	2.198028564453125E-4	0.001627044677734375	1.3478279113769531E-6	0.0017232343673706054	0.0020777469635009766	7.17612361907959E-4	1.2936906814575195E-4	6.266279220581054E-5	0.006946233081817627	0.0034107208251953126	2.5261878967285154E-6	0.0	1.2093439102172851E-4	0.0016047160148620605	1.7691707611083986E-5	1.3071727752685547E-5	0.0	3.5878496170043946E-4	0.0	2.276954650878906E-5	
1.37625789642334E-4	8.221092224121094E-5	1.0603160858154296E-4	3.2145214080810545E-5	1.2155323028564454E-4	0.0	0.004632737922668457	0.0	4.391136169433594E-5	1.5407981872558594E-4	0.0	0.0022290632247924805	0.0029535251617431642	1.627635955810547E-6	3.2215118408203124E-7	1.9271001815795899E-4	0.005516425228118896	9.748458862304687E-7	6.405296325683594E-5	8.833141326904297E-5	1.3648138046264648E-4	9.75799560546875E-4	0.0	
