0.6669839138031006	0.009588368701934814	2.866278648376465E-4	2.4081764221191407E-4	4.807704925537109E-4	0.0	0.20469445972442626	1.5089035034179688E-6	9.996625900268554E-4	2.6092529296875E-5	5.137977600097656E-5	0.36288030834198	0.006540213680267334	1.242743492126465E-4	6.389198303222656E-5	0.6990688663482666	0.6190196312904358	0.011783735466003418	1.4461097717285157E-4	6.35528564453125E-5	0.5674532487869263	0.0	4.3513011932373046E-5	
0.007167087173461914	0.0032050153732299806	3.4209356307983397E-4	0.003054521369934082	3.778415679931641E-4	0.011175350570678711	0.004935065364837647	1.1831493377685547E-4	3.5134210586547853E-4	0.00103790283203125	2.4900646209716795E-4	0.06198467674255371	0.035649871826171874	1.2617321014404297E-4	6.145858764648437E-6	1.8795433044433593E-4	0.03955567255020142	0.04773539228439331	3.65736198425293E-4	3.34498119354248E-4	5.069647789001465E-4	2.86695671081543E-4	8.815765380859375E-7	
0.007003707885742188	0.0027789306640625	2.40181827545166E-4	4.5095653533935544E-4	2.880096435546875E-4	4.7132492065429685E-6	0.002106357192993164	3.070411682128906E-5	3.62574291229248E-4	2.58924674987793E-4	1.5490217208862306E-4	0.0011254119873046874	0.008181499862670898	6.590099334716797E-5	2.2040367126464845E-6	0.005110668563842773	0.041149664974212644	4.719200134277344E-5	0.005190751838684082	3.1987504959106445E-4	7.951015472412109E-4	0.0	1.1121940612792969E-5	
0.14995680913925172	0.09906607732772828	2.8225364685058595E-4	2.0751953125E-5	0.0020066240310668945	1.1997642517089844E-4	1.3338727951049806E-4	9.669239997863769E-4	0.01830342607498169	0.0	4.8077898025512697E-4	0.024764438247680664	2.5473690032958983E-5	0.0018904706954956055	5.522833824157715E-4	0.04047257318496704	0.06278428821563721	0.001084255599975586	0.005140414810180664	0.0	0.010235256576538086	6.581621170043945E-5	0.0011873881340026856	
0.004854956722259522	6.520586013793945E-5	0.0	1.1028709411621094E-4	0.0	7.884025573730469E-7	1.0774402618408203E-4	2.3130626678466798E-4	0.0458755916595459	1.1456804275512696E-4	6.473960876464844E-5	0.008005532169342041	0.0021552276611328126	2.5261878967285154E-6	5.2854728698730465E-5	0.268374142074585	0.05089958190917969	1.09710693359375E-4	3.3060741424560546E-5	0.0	1.1639060974121093E-4	6.781578063964843E-7	0.0	
6.95037841796875E-5	0.0015868038177490234	2.44140625E-5	0.0	7.459640502929688E-7	0.0	1.5538501739501952E-5	0.0	7.120800018310547E-6	5.595207214355469E-7	0.0	1.0103015899658203E-4	2.8288078308105467E-5	0.0	0.0	1.6242122650146483E-5	0.019748213005065917	3.391265869140625E-7	2.7042388916015624E-6	1.4707756042480469E-5	1.042652130126953E-6	2.3769760131835936E-5	1.2342643737792968E-5	
0.005942026805877685	6.115468025207519E-4	0.0025719791412353514	4.195573806762695E-4	5.056423187255859E-4	1.9138755798339845E-4	1.5513134002685547E-5	4.518318176269531E-6	5.728742599487304E-4	3.7333173751831055E-4	1.6387939453125E-4	0.007278230476379394	0.08419075012207031	1.49697208404541E-4	2.7737083435058594E-4	0.001896989631652832	0.00446014404296875	1.6941490173339843E-4	3.9843244552612304E-4	6.241862297058106E-4	5.452388763427734E-4	0.001137966537475586	1.3039484024047853E-4	
8.165825843811036E-4	3.958797454833984E-6	0.0	1.1075334548950196E-4	0.001708340072631836	1.2376785278320313E-6	7.656517028808594E-5	0.0	0.05861033124923706	1.1155891418457032E-5	3.6197662353515624E-6	0.004233305168151856	3.570556640625E-4	0.0	1.0203046798706055E-4	0.18613271923065186	0.028727595043182372	6.663007736206054E-5	1.3054752349853516E-5	0.0	1.5742015838623046E-5	0.0	3.943548202514649E-5	
0.007670635604858398	0.0013329060554504394	0.0	3.34930419921875E-4	0.006725743579864502	0.0	0.003607059097290039	0.0739219072341919	0.20661755027770995	1.9144697189331055E-4	1.1923046112060547E-4	0.0108968692779541	0.0022704484939575194	1.4283943176269531E-5	0.001867387580871582	0.44086682634353636	0.0667289225578308	1.1223697662353516E-5	7.044506072998047E-6	0.0	1.6567649841308594E-4	3.865528106689453E-6	4.3616399765014646E-4	
8.610958099365234E-4	0.008492160415649415	4.1940479278564454E-4	0.0	6.268733978271484E-4	1.8650054931640625E-6	0.0013280402183532714	1.0428533554077149E-4	0.003846435546875	0.0	1.4095726013183593E-4	0.017743013191223143	0.001037445068359375	2.2808494567871094E-4	5.126953125E-5	0.028578957462310792	0.048599802684783935	0.003038931941986084	1.7285661697387695E-4	0.004553994083404541	0.0024251386642456054	3.8825130462646486E-5	0.0035844506263732912	
0.003437483024597168	0.057545132064819336	0.0010548909187316894	6.395806312561035E-4	8.709716796875E-4	1.9751548767089843E-6	1.4552650451660155E-4	4.0808773040771485E-5	0.004032635116577149	0.0031426154136657714	7.13526439666748E-4	0.016432622241973876	0.004419793033599854	3.414573669433594E-5	7.364315032958984E-4	0.011149953174591064	0.5559884643554688	1.5394401550292968E-5	4.956647872924805E-4	7.243770599365234E-4	5.081516265869141E-4	2.0268726348876953E-5	9.299373626708984E-6	
0.026999859237670898	0.019098341178894043	1.2157859802246093E-4	0.001944452953338623	0.0032645586013793945	0.017380320262908935	0.0012281206130981446	6.153526306152344E-5	0.0033336978912353516	0.0015743255615234375	1.3973655700683595E-4	0.31545275373458864	0.03739724903106689	4.296875E-4	0.004317601490020752	0.0033167097091674805	0.05560746936798096	0.079540735912323	0.004182298469543457	0.008562147331237793	0.0012421077728271485	0.0026412540435791017	0.003220808219909668	
4.6221418380737304E-4	0.0020737202644348146	2.0133113861083985E-5	3.391265869140625E-7	0.001807674789428711	6.0933399200439456E-5	0.0023148006439208985	2.9217185974121093E-4	0.001076804256439209	3.391265869140625E-7	8.394880294799805E-5	0.017302864933013917	1.4233903884887695E-4	1.4268665313720702E-4	1.1618719100952149E-4	5.826908111572265E-4	0.00720052080154419	4.3774919509887697E-4	0.005546010303497315	0.010222608757019042	6.931135177612305E-4	0.003512717342376709	2.3651123046875E-5	
1.8332586288452148E-4	0.002085105037689209	2.634514808654785E-4	4.5021915435791015E-5	3.404407501220703E-5	0.0	8.910284042358399E-5	0.0	1.1112632751464844E-4	3.518848419189453E-5	1.2613964080810546E-5	7.933637619018555E-4	0.0027320353507995607	0.0	4.4078826904296875E-7	9.87074089050293E-4	0.02228534278869629	3.6790847778320314E-6	2.593994140625E-5	6.188297271728516E-6	1.69364070892334E-4	0.0	3.899574279785156E-7	
3.1491594314575196E-4	9.070396423339843E-7	0.0	6.844415664672852E-5	4.4894790649414064E-5	1.2546157836914062E-5	2.5434494018554687E-7	1.6750717163085937E-5	2.89009952545166E-4	1.093578338623047E-6	1.3325977325439453E-5	8.172779083251953E-5	0.0010048336029052733	8.443164825439454E-6	0.0	1.83249568939209E-4	2.0551042556762696E-4	5.09770679473877E-4	8.307456970214844E-7	0.0	0.0	0.0	2.9229068756103517E-5	
0.01110504150390625	3.271484375E-4	0.010470080947875977	0.002241092300415039	0.21345433549880982	1.4814586639404296E-4	1.0511589050292969E-5	0.0796196153640747	0.19973968505859374	1.0647239685058594E-4	0.01405869379043579	0.11918583335876465	4.5761957168579103E-4	0.04807865562438965	0.0	0.012952041625976563	0.0021168009757995604	5.298233032226563E-6	0.0034174007415771483	0.0	1.4410972595214845E-6	0.0	3.393383026123047E-5	
0.011943418693542481	0.0028364054679870607	0.007394900894165039	0.003165868091583252	0.14134655418395997	1.9482078552246094E-4	0.017155202198028564	3.9520263671875E-5	0.003093846607208252	5.50248908996582E-4	0.011418668937683105	0.07960431413650512	0.013619054126739503	0.013998328304290772	5.1422119140625E-5	0.037900992488861085	0.014310531616210938	4.5937442779541016E-5	1.3803272247314452E-4	7.930500984191895E-4	0.0020470428466796875	4.909934997558594E-5	1.7768001556396484E-5	
0.001254416561126709	0.008907953929901123	0.0035197872161865235	3.371343612670899E-5	2.2540664672851563E-5	0.0	1.39312744140625E-4	4.8065185546875E-6	2.14072322845459E-4	3.1620025634765624E-6	1.322460174560547E-6	0.11911359148025513	2.1903142929077148E-4	0.0	4.874324798583985E-6	5.143314361572266E-4	0.005024973583221436	0.0	1.627635955810547E-6	7.4683189392089845E-6	1.0565013885498047E-4	1.3397216796875E-4	3.2382965087890625E-6	
7.874383926391601E-5	2.1305503845214845E-4	3.2382965087890625E-6	6.994457244873047E-5	7.799148559570312E-7	5.069351196289062E-6	0.0026996952056884765	3.391265869140625E-7	1.4860343933105469E-5	2.939520835876465E-4	3.645133972167969E-6	0.026746148014068605	0.0029529741287231447	1.3906688690185548E-4	0.0	0.0013810221672058106	0.017662328052520753	4.4078826904296875E-7	0.0	2.7720451354980467E-6	4.1397943496704104E-4	0.002119734001159668	2.0938873291015627E-6	
1.1989173889160156E-4	1.3642206192016602E-4	2.2040367126464845E-6	2.93265438079834E-4	0.003760197925567627	9.833335876464843E-7	0.009254896354675293	6.781578063964843E-7	0.007135543823242187	3.2051944732666014E-5	2.263355255126953E-6	5.662451744079589E-4	0.015602145767211913	1.2037467956542968E-5	0.0	0.0030970086097717284	0.009849455070495606	4.629344940185547E-5	4.8065185546875E-6	6.295948028564453E-5	2.898491859436035E-4	0.0	1.1198234558105469E-5	
0.009100367259979248	0.0036750200271606446	6.00467300415039E-4	1.5813188552856445E-4	8.31324291229248E-4	2.3227691650390625E-6	9.7503662109375E-4	3.173319816589355E-4	9.808519363403321E-4	2.0925731658935547E-4	7.665843963623047E-5	0.001080508804321289	0.001064724349975586	7.846492767333985E-4	2.8025341033935548E-5	0.003098619270324707	0.026932635879516602	8.35444164276123E-4	1.1361017227172852E-4	9.568958282470703E-5	5.595991134643555E-4	4.069328308105469E-7	1.220703125E-6	
4.0020370483398435E-5	3.440178871154785E-4	4.21142578125E-5	4.265594482421875E-4	7.410091400146485E-4	2.7949047088623046E-5	8.15099048614502E-4	0.00233612060546875	8.21685791015625E-4	4.5530509948730466E-5	6.438360214233398E-5	0.0067776319503784176	0.004430007934570312	5.7627391815185544E-5	0.0	4.360114097595215E-4	0.004873928451538086	1.3329401016235352E-4	4.0935897827148436E-5	0.0	2.0059375762939452E-4	0.0	7.056341171264649E-5	
2.9864883422851562E-5	5.315113067626953E-6	5.340576171875E-7	1.5012102127075195E-4	0.0	5.001068115234375E-7	7.191123962402343E-5	0.0020094807624816895	7.26470947265625E-4	6.01806640625E-4	0.0	0.0022929127693176268	5.144415855407715E-4	0.0	1.5894603729248046E-5	5.791388511657715E-4	6.300269126892089E-4	2.5931453704833983E-5	4.433536529541016E-6	3.3094615936279297E-4	1.2376594543457031E-5	2.2382097244262695E-4	0.0	
