0.6691229248046875	0.06777219133377076	4.199727058410644E-4	4.932403564453125E-4	3.10050106048584E-4	0.0	0.15531645879745484	2.3328971862792968E-5	8.429972648620605E-4	1.6415910720825194E-4	7.142810821533203E-5	0.3197325219154358	0.005646735286712647	1.42966365814209E-4	1.2129039764404296E-4	0.7418330637931824	0.7813567012786865	0.012121793937683105	1.3353137969970703E-4	3.900318145751953E-5	0.5322187296867371	0.0	3.056840896606445E-5	
0.014287304306030273	0.0014028252601623536	2.9805469512939453E-5	0.0017620256423950195	2.0854530334472657E-4	0.011156421279907227	6.768205642700196E-4	5.136280059814453E-5	4.293314933776855E-4	0.001072201156616211	1.458740234375E-4	0.05839910717010498	0.014872996044158936	3.418901443481445E-4	1.1138916015625E-5	1.0852394104003906E-4	0.012720040225982667	0.041294462394714355	6.433868408203125E-4	3.1431407928466797E-4	8.414035797119141E-4	6.223127365112304E-4	0.0	
0.006514044857025146	0.0029254743576049803	1.5885248184204103E-4	2.2919549942016602E-4	2.4195356369018556E-4	1.7632484436035156E-6	7.806819915771485E-4	2.339649200439453E-6	6.685893058776855E-4	2.3111982345581055E-4	2.588568687438965E-4	7.726542472839355E-4	0.01768169822692871	1.5758094787597657E-4	5.492315292358398E-5	0.01182849464416504	0.03972251043319702	4.4199657440185545E-5	5.142889976501465E-4	5.35430908203125E-4	4.3834266662597657E-4	0.0	2.6804637908935547E-5	
0.3127112664222717	0.11463927373886108	1.1595830917358398E-4	2.658424377441406E-5	0.0018021477699279786	2.0743465423583985E-5	1.0720148086547852E-4	7.742902755737305E-4	0.036439073371887204	0.0	2.9515581130981443E-4	0.020438274765014648	7.375049591064453E-6	0.0017417399406433106	5.201551437377929E-4	0.04127790660858154	0.04935224742889404	0.0016573418617248535	0.004247122859954834	0.0	0.010553385448455811	2.838134765625E-5	2.0842657089233398E-4	
0.0035683271408081057	2.107410430908203E-5	0.0	9.130687713623047E-5	0.0	0.0	8.967084884643555E-5	1.1509361267089843E-4	0.04266455755233765	5.13458251953125E-5	7.007179260253906E-5	0.006169577693939209	0.0020493062019348147	1.4072036743164062E-5	7.380170822143555E-5	0.2755889044761658	0.04261400012969971	5.345577239990235E-4	5.891609191894532E-6	0.0	7.680225372314453E-6	1.1189460754394531E-6	0.0	
4.504737854003906E-5	0.0013724857330322266	5.94329833984375E-5	8.222579956054687E-7	0.0	0.0	3.579883575439453E-5	0.0	4.5420360565185546E-5	5.085945129394531E-7	0.0	1.4575538635253906E-4	6.095037460327148E-5	0.0	3.391265869140625E-7	1.753063201904297E-5	0.017133500862121582	1.0596275329589844E-6	8.815765380859375E-7	1.3546371459960937E-5	2.873706817626953E-6	4.4078826904296875E-7	0.0	
0.007249264144897461	6.856791496276856E-4	0.0010816277503967284	0.0035202959060668944	8.795844078063965E-4	4.129876136779785E-4	2.5516128540039064E-5	1.4522132873535156E-4	4.036882400512695E-4	8.730573654174805E-5	8.030357360839844E-5	0.00781829833984375	0.005634553718566895	1.0144548416137695E-4	2.9568099975585938E-5	6.85441780090332E-4	0.002739291763305664	3.3886375427246096E-4	6.256103515625E-4	1.1860313415527344E-4	9.122721672058105E-4	7.367960929870605E-4	1.4360237121582032E-5	
9.520466804504395E-4	1.3225135803222657E-4	0.0	1.9999189376831056E-4	1.1610240936279297E-4	0.0	2.8143882751464842E-6	0.0	0.05149911670684815	1.2544422149658204E-4	4.4078826904296875E-7	0.002461666488647461	1.1197404861450196E-4	0.0	2.4329185485839843E-6	0.17547888011932372	0.019784308528900146	1.3479442596435546E-4	8.985519409179688E-7	0.0	1.3953304290771484E-5	0.0	0.0	
0.006121792221069336	0.0031015777587890623	0.0	1.9510908126831055E-4	6.838226318359375E-4	3.2215118408203124E-7	3.5569953918457033E-5	0.057297066593170166	0.21420926408767701	3.712802886962891E-4	2.6312923431396485E-5	0.007931755924224853	0.0034466129302978517	2.445640563964844E-5	1.1036338806152344E-4	0.4041605122566223	0.06671562194824218	1.0591297149658203E-4	5.7220458984375E-6	0.0	1.3458251953125E-4	0.0	4.058837890625E-4	
4.224735260009766E-4	0.008546930980682373	9.304466247558594E-5	0.0	2.770233154296875E-4	1.8818855285644532E-6	0.001043870735168457	9.980096817016601E-5	0.0013750118255615234	0.0	1.2037467956542968E-5	0.009401253604888917	8.565266609191894E-4	7.778676033020019E-4	3.754510879516601E-5	0.021092885303497313	0.04499623613357544	7.507578849792481E-4	3.458404541015625E-4	0.012192476081848145	0.003052241039276123	7.544517517089844E-7	5.129499435424805E-5	
0.0026987711906433106	0.042865727710723875	0.0013030073165893555	7.487996101379395E-4	3.9972944259643556E-4	1.2605476379394532E-5	9.799537658691406E-5	1.8825950622558595E-4	0.0045111083984375	0.0028530375480651854	6.279331207275391E-4	0.015704803466796875	0.0020923954010009767	1.1961193084716797E-4	1.3419246673583984E-5	0.01103540210723877	0.5233361731529236	7.93338394165039E-4	5.667537689208984E-4	4.02984619140625E-4	3.0788841247558594E-4	0.0	5.001068115234375E-7	
0.02317860918045044	0.033303697395324704	1.7337379455566407E-4	0.001779598617553711	6.937068939208984E-4	0.018334884643554688	9.035831451416015E-4	1.9977149963378905E-4	0.0033569759368896487	0.0016205427169799804	1.50765323638916E-4	0.2633821699142456	0.02262585105895996	4.2285499572753906E-4	4.105462074279785E-4	0.0026677364349365234	0.034973068237304686	0.07295970497131347	0.004782689380645752	0.02592085094451904	3.238762855529785E-4	0.00619299144744873	0.0034667545318603516	
1.9886436462402345E-4	0.0011883036613464354	2.1718311309814452E-5	1.924324035644531E-6	9.144083976745605E-4	4.621715545654297E-5	0.0014159393310546875	2.4170770645141602E-4	6.37673282623291E-4	1.3207340240478516E-5	5.4050064086914065E-5	0.005162260246276856	3.2780933380126954E-5	1.2042579650878906E-4	3.347606658935547E-5	0.0015958234786987305	0.011000171279907227	1.386345863342285E-4	0.0016173553466796876	0.0013027021408081054	1.5726728439331055E-4	8.884938240051269E-4	3.0042839050292967E-5	
3.8526744842529295E-4	0.002393629264831543	4.0318803787231446E-4	1.4508562088012694E-4	2.3057746887207032E-5	0.0	8.179559707641602E-5	0.0	3.153143882751465E-4	1.8056201934814452E-5	2.5397396087646484E-5	5.485195159912109E-4	9.747907638549805E-4	0.0	5.340576171875E-7	7.764858245849609E-4	0.021178139591217043	0.0	1.03759765625E-5	4.4078826904296875E-7	9.8876953125E-5	0.0	3.126354217529297E-5	
2.33154296875E-4	2.4931144714355468E-5	0.0	3.9206600189208985E-5	9.759693145751953E-5	0.0	1.4546680450439453E-5	0.0	3.035651206970215E-4	4.0393447875976565E-5	2.5516128540039064E-5	1.6572742462158204E-4	2.979618072509766E-4	0.0	0.0	4.2460975646972654E-4	2.91451358795166E-4	0.0	0.0	0.0	0.0	0.0	0.0	
0.010577138233184815	1.6470165252685547E-4	0.009275326156616212	9.299383163452148E-5	0.18046087474822997	9.915666580200195E-5	1.0884571075439453E-5	0.07329193115234375	0.1947044033050537	8.733110427856446E-5	0.013840611743927003	0.10876388549804687	3.5251197814941407E-4	0.03528697547912597	0.0	0.009067933845520019	8.17684555053711E-4	1.920061111450195E-5	0.003256852912902832	0.0	0.0	0.0	3.1475448608398434E-5	
0.010277616691589355	9.87091064453125E-4	0.00633168535232544	0.004940346622467041	0.111480992603302	5.3304004669189456E-5	0.010628407764434815	1.2973365783691405E-4	0.002414101505279541	0.0014453633308410645	0.00995804681777954	0.07953705682754517	0.029387605476379395	0.012368019962310791	9.43925666809082E-4	0.021554616260528566	0.016721928882598876	5.91278076171875E-5	1.81282901763916E-4	6.276618003845215E-4	8.632575035095215E-4	0.0	7.476806640625E-6	
0.0020670573234558105	0.00773640947341919	0.0023198445320129395	6.06536865234375E-5	1.8452110290527343E-4	6.230640411376953E-6	2.83364200592041E-4	4.57763671875E-6	8.57984733581543E-4	1.6954421997070313E-6	6.40869140625E-6	0.11292932300567626	1.0062322616577148E-4	5.848884582519531E-7	1.9666671752929686E-6	6.81296443939209E-4	0.006336500358581543	0.0	1.4241218566894532E-6	1.9487171173095702E-4	1.160430908203125E-4	8.318586349487304E-5	9.833335876464843E-7	
1.1526317596435547E-4	1.1637372970581055E-4	1.2376785278320313E-6	1.0082664489746094E-4	1.322460174560547E-6	5.1905345916748044E-5	0.002360966968536377	4.7473907470703127E-7	5.789852142333985E-6	9.383306503295898E-5	0.0	0.022306789779663085	5.0262451171875E-4	2.96783447265625E-5	1.1952400207519532E-6	0.0011575740814208984	0.014481675910949707	3.4162521362304686E-6	0.0	1.6699790954589845E-6	1.42059326171875E-4	0.002033521842956543	4.323291778564453E-6	
9.123058319091797E-5	8.646650314331055E-5	8.816146850585938E-6	2.4319963455200194E-4	3.909979820251465E-4	1.6954421997070313E-6	0.002525210952758789	1.7971038818359376E-6	0.0034714423179626466	2.4326744079589843E-4	6.663036346435547E-6	6.304423332214355E-4	0.014974695873260498	4.4078826904296875E-7	0.0	0.00532373218536377	0.002559212589263916	3.679914474487305E-5	1.0172843933105469E-6	4.6725845336914066E-5	1.2325668334960938E-5	1.3054752349853516E-5	1.932811737060547E-6	
0.008478647899627685	0.002621629524230957	9.433576583862304E-4	1.7420454025268554E-4	7.46163272857666E-4	3.7638664245605468E-6	8.904605865478516E-4	0.00189300537109375	9.313456535339355E-4	4.3376502990722656E-4	4.275007247924805E-5	7.115003585815429E-4	0.0014376661300659179	1.2911481857299804E-4	1.623363494873047E-5	0.004811138534545898	0.022301110172271727	4.93791389465332E-4	2.0142450332641602E-4	4.317388534545898E-5	8.959028244018554E-4	0.0	2.873706817626953E-6	
0.001261308479309082	4.4569225311279296E-4	1.4478893280029298E-4	2.832370758056641E-4	0.007231860733032227	8.137702941894531E-7	1.5374078750610352E-4	0.001985956859588623	4.4156389236450197E-4	5.843267440795898E-5	6.781682968139648E-5	0.009355222892761231	0.004987250423431396	2.9025650024414063E-5	0.0	8.026971817016601E-5	0.006230706119537354	1.5048561096191407E-4	1.2190074920654296E-4	0.0	3.7969799041748047E-4	0.0	2.5032901763916015E-5	
8.861961364746094E-5	2.2379875183105467E-6	0.0	1.6693115234375E-4	0.0	0.0	2.3685073852539062E-5	0.0	7.5700759887695314E-6	2.0094127655029297E-4	4.7473907470703127E-7	0.005483110237121582	0.0027655707359313963	0.0019829644203186035	0.0	3.391265869140625E-7	0.001181047248840332	9.172248840332032E-6	9.833335876464843E-7	3.391265869140625E-7	3.7468814849853514E-5	1.3522682189941407E-4	0.0	
