0.6805430772781372	0.010247268676757813	1.7268714904785157E-4	3.6205711364746096E-4	1.7633228302001952E-4	0.0	0.15357481212615967	2.1472549438476562E-5	7.535722732543946E-4	1.2273149490356445E-4	4.281787872314453E-5	0.3532835388183594	9.552001953125E-4	1.6543922424316405E-4	6.186590194702148E-5	0.7297852240562439	0.7296282280921936	0.015144517707824707	2.5982284545898436E-5	1.7284812927246095E-4	0.584664306640625	0.0	2.9449462890625E-5	
0.009921154403686523	5.08583927154541E-4	7.761640548706055E-5	0.002836159610748291	2.57559871673584E-4	0.008711412239074706	0.002674543571472168	1.0240364074707031E-5	4.3111162185668943E-4	9.877522468566895E-4	1.1433067321777344E-4	0.05760080127716064	0.01228867425918579	8.973016738891601E-5	3.0347824096679687E-6	2.3248462677001954E-4	0.009718314266204835	0.03890547008514404	1.1281328201293946E-4	7.962968826293945E-4	9.189182281494141E-4	5.32497787475586E-4	8.815765380859375E-7	
0.006321563720703125	0.002378709602355957	1.3807506561279296E-4	4.1534423828125E-4	3.22409725189209E-4	1.3436222076416016E-5	7.87955379486084E-4	9.67235565185547E-6	2.5590686798095705E-4	2.8862848281860354E-4	1.6649885177612305E-4	0.0028447468757629396	0.011287256908416749	1.5398664474487305E-4	2.797412872314453E-6	0.00750712080001831	0.02115937976837158	6.0356998443603514E-5	6.63892936706543E-4	9.157985687255859E-4	8.07028865814209E-4	0.0	2.9500007629394533E-6	
0.18315759449005126	0.11792557611465454	1.3383655548095702E-4	7.028876304626465E-4	0.001440421199798584	8.434677124023438E-6	1.2328252792358397E-4	8.687761306762695E-4	0.01134379072189331	0.0	2.7022466659545896E-4	0.031870820808410645	3.35693359375E-6	0.0015761651039123536	0.002852647590637207	0.03830589294433594	0.03474556818008423	0.004693145751953125	0.002158033561706543	0.0	0.010467359733581543	1.0205583572387695E-4	1.5471563339233398E-4	
0.001869023609161377	1.834869384765625E-4	4.4078826904296875E-7	4.365711212158203E-5	0.0	0.0	9.296836853027343E-5	1.1500043869018554E-4	0.030558971786499023	3.183661460876465E-4	0.0	0.0054487101554870606	0.0012552812576293946	0.0	1.1028671264648437E-5	0.21114473133087158	0.03537289085388184	5.9882259368896485E-5	1.7632484436035156E-6	0.0	1.3393783569335937E-5	3.124656677246094E-5	6.781578063964843E-7	
5.769519805908203E-5	7.602946281433106E-4	2.4753189086914063E-5	4.7473907470703127E-7	0.0	0.0	1.0850906372070312E-6	0.0	6.27899169921875E-5	4.069328308105469E-7	0.0	1.1698408126831055E-4	6.112003326416016E-6	0.0	0.0	3.0602455139160155E-6	0.014062762832641601	4.069328308105469E-7	1.7208099365234375E-6	0.0	0.0	1.4580726623535156E-6	0.0	
0.012340918636322022	0.0010992431640625	8.761851310729981E-4	4.8401727676391604E-4	3.81003475189209E-4	4.7473907470703127E-7	3.0042839050292967E-5	9.918212890625E-7	1.2987775802612305E-4	8.56348705291748E-4	8.310956954956054E-5	0.014353968334197997	0.01896122398376465	1.1739091873168945E-4	7.62939453125E-7	5.179172515869141E-4	0.003965827083587646	1.3612537384033202E-4	1.5614824295043947E-4	2.6090831756591797E-4	9.586334228515625E-4	7.729679107666015E-4	7.895574569702148E-5	
0.002569105339050293	3.7774829864501954E-4	0.0	7.961358070373535E-4	3.9715194702148435E-5	7.968902587890625E-7	1.1783599853515625E-6	0.0	0.048134485912323	1.3638811111450194E-4	2.593994140625E-5	0.0031876543045043946	4.6755475997924806E-4	0.0	1.0002994537353515E-5	0.19702294244766236	0.028281877326965334	4.943169593811035E-4	4.492759704589844E-7	0.0	3.614635467529297E-5	0.0	0.0	
0.010700234317779542	9.181556701660156E-5	0.0	5.995771408081054E-4	5.33464241027832E-4	0.0	3.3839759826660156E-4	0.045648846054077145	0.1729161156654358	8.18939208984375E-4	9.48333740234375E-5	0.00926891746520996	0.0030223676681518557	2.6804637908935547E-5	4.443702697753906E-5	0.38491147356033323	0.0563204701423645	8.373680114746094E-5	0.0	0.0	1.7736644744873047E-4	0.0	5.047946929931641E-4	
2.812957763671875E-4	0.007066981029510498	1.1418628692626953E-5	0.0	3.7618846893310546E-4	3.0687332153320312E-6	0.0012079874992370605	7.799787521362304E-5	0.006829562759399414	0.0	1.4580726623535156E-6	0.00716461181640625	2.085399627685547E-6	0.0031902652740478515	6.0891056060791016E-5	0.0290277099609375	0.053766818618774415	0.003575609016418457	0.002068303394317627	0.0014716423988342284	0.0026820796966552734	2.3227691650390625E-6	5.924224853515625E-4	
0.0020380571365356446	0.037553990650177005	6.486087799072265E-4	5.43382453918457E-4	5.18485164642334E-4	0.0	3.124656677246094E-5	3.368377685546875E-4	0.004737472534179688	0.003293889331817627	9.13111400604248E-4	0.013398064517974853	0.0020101674079895018	6.167097091674805E-5	8.9263916015625E-6	0.007453892993927002	0.5288490550041198	8.087158203125E-6	0.001118757438659668	3.303273200988769E-4	3.0650672912597656E-4	3.2806396484375E-5	2.805900573730469E-6	
0.03166557312011719	0.017053765201568604	7.481889724731445E-5	0.0035758548736572267	4.3530778884887697E-4	0.010603256225585937	0.005574866390228271	1.6875371932983398E-4	0.001684095573425293	0.0019930182456970214	1.0381908416748047E-4	0.22860042152404786	0.018626564884185792	2.6413812637329103E-4	1.6086997985839845E-4	0.0094964599609375	0.05901214599609375	0.06738695783615112	0.005995627498626709	0.010432408618927002	0.003854514217376709	0.0010806782722473144	0.002236913013458252	
1.7625598907470704E-4	0.005035103702545166	1.3241195678710937E-5	6.781578063964843E-7	8.376482009887695E-4	5.151538848876953E-5	6.636301994323731E-4	9.883965492248534E-4	2.8821306228637696E-4	1.3376903533935547E-5	1.4141502380371094E-4	0.0039983537673950196	6.072149276733399E-5	6.383228302001953E-6	5.289745330810547E-6	1.4368696212768554E-4	0.007512698745727539	0.001163169002532959	0.001317579460144043	0.00398895263671875	6.57179069519043E-4	1.6903343200683595E-4	2.4659919738769532E-5	
9.502830505371094E-5	9.981791496276855E-4	3.9430408477783205E-4	8.1787109375E-5	0.0	0.0	3.0551528930664065E-5	3.391265869140625E-7	1.959991455078125E-4	5.418567657470703E-5	0.0	3.92617130279541E-4	3.458404541015625E-4	0.0	1.3817787170410157E-6	9.13509750366211E-4	0.019164437198638917	0.0	4.831981658935547E-6	4.4078826904296875E-7	7.161455154418945E-5	0.0	0.0	
2.8555126190185545E-4	6.586742401123047E-6	0.0	7.350502014160156E-5	1.4750480651855468E-6	0.0	0.0	3.391265869140625E-7	1.8050298690795897E-4	4.8234939575195315E-6	4.7132492065429685E-6	1.5363903045654298E-4	3.717212677001953E-5	5.085945129394531E-7	0.0	4.76226806640625E-4	8.195667266845703E-5	1.0172843933105469E-6	1.2461662292480468E-6	0.0	0.0	0.0	0.0	
0.010256822395324708	1.0774402618408203E-4	0.0038706546783447266	1.8041820526123046E-4	0.11687008323669433	1.4190673828125E-5	3.623113632202149E-5	0.048720508193969725	0.1006569501876831	4.7076759338378907E-4	0.013010406494140625	0.10437375383377075	0.002826402473449707	0.021661309146881105	0.0	0.008626581859588624	4.335615158081055E-4	7.465782165527344E-5	0.0028639899253845216	0.0	3.2958984375E-5	0.0	2.7008056640625E-5	
0.016036504077911375	8.03239631652832E-4	0.005031899356842041	0.003710030460357666	0.08321489973068237	8.854331970214843E-5	0.008663169002532958	1.5768260955810546E-4	0.001724514389038086	5.718316078186035E-4	0.009679082202911377	0.06672077598571777	0.021903347396850587	0.006599171924591064	2.460899353027344E-5	0.032985204029083254	0.026176037216186523	0.004441825008392334	7.241312980651855E-4	0.04216414556503296	0.015667020988464356	1.2715625762939453E-5	3.682878494262695E-4	
0.0013681708335876465	0.007111579036712647	0.002377285385131836	2.2345638275146485E-5	1.75628662109375E-4	0.0	2.02484130859375E-4	2.8084659576416014E-5	4.30467414855957E-4	3.828258514404297E-5	6.0187435150146485E-5	0.10504057989120483	1.5211315155029296E-4	7.205963134765625E-7	1.5936851501464844E-6	2.54508113861084E-4	0.006175918579101563	0.0	1.2037277221679687E-6	1.2751264572143556E-4	1.3704090118408203E-4	1.2661399841308593E-4	8.222579956054687E-7	
1.1737403869628906E-4	1.9598217010498046E-4	1.0172843933105469E-6	1.0709972381591797E-4	6.357831954956055E-5	2.9839515686035154E-6	0.002912724781036377	0.0	1.4241218566894532E-6	4.2207527160644534E-5	1.512317657470703E-5	0.018063125610351564	1.6512556076049806E-4	1.864967346191406E-5	0.0	0.001505423641204834	0.01916925220489502	2.488880157470703E-5	0.0	1.4894294738769532E-5	1.2698707580566406E-4	0.001906255054473877	5.755996704101562E-6	
7.511558532714843E-5	2.762603759765625E-4	2.543163299560547E-6	9.210376739501953E-5	0.0014951154708862304	1.2529182434082032E-5	0.001749869441986084	9.392642974853516E-6	0.003824479866027832	7.256412506103516E-6	0.0	0.010392506885528565	9.235212326049805E-4	1.068115234375E-6	0.0	0.007760509872436524	0.015333430004119873	4.396228790283203E-5	1.6954421997070313E-6	7.819280624389649E-5	1.1812000274658203E-4	0.0	1.0172843933105469E-6	
0.010951470279693603	0.005173839950561523	0.001025212574005127	0.0010071987152099609	1.6158208847045897E-4	0.0	9.581756591796875E-4	1.6312494277954102E-4	5.43187427520752E-4	9.714765548706054E-5	3.7121200561523436E-5	4.87204647064209E-4	0.002290361213684082	7.974414825439453E-5	2.9331207275390626E-6	0.003167453384399414	0.016693700122833253	4.7823591232299805E-4	1.4317827224731444E-4	3.4967212677001954E-4	1.2577476501464844E-4	0.0	1.0511398315429688E-6	
2.863481521606445E-4	1.9056529998779298E-4	1.6971206665039063E-5	0.0018478986740112305	6.789313316345215E-4	3.704490661621094E-5	1.0306463241577149E-4	0.002294481086730957	2.3669776916503907E-4	4.32137393951416E-4	4.080028533935547E-5	0.004379391098022461	0.004371388721466064	1.3273448944091796E-4	0.0	3.983391761779785E-4	0.0014966243743896484	5.033702850341797E-5	4.7522640228271484E-5	0.0	4.19777774810791E-4	0.0	2.3964786529541017E-5	
5.240545272827148E-5	2.5431346893310546E-5	1.6869544982910155E-6	2.6647777557373045E-4	1.5767097473144531E-6	0.0	4.7465858459472656E-4	0.0	7.384405136108399E-5	7.122463226318359E-4	1.2037467956542968E-5	1.904296875E-4	9.331427574157715E-4	1.2037467956542968E-5	0.0	5.425453186035156E-7	7.508172035217285E-4	9.1552734375E-7	1.2341814041137695E-4	1.7971038818359376E-6	0.0	8.120472908020019E-4	0.0	
