0.6326407793045044	0.009623701286315917	5.9483814239501954E-5	3.861151695251465E-4	6.298065185546875E-4	4.7473907470703127E-7	0.37996966896057127	3.391265869140625E-7	6.13844108581543E-4	8.741588592529297E-5	3.448486328125E-5	0.3412493218421936	0.002869991683959961	1.1616172790527344E-4	1.40219783782959E-4	0.6958502451896668	0.74159478931427	0.016065360164642335	1.3526067733764648E-4	9.250221252441406E-5	0.5454438358306885	0.0	4.084272384643555E-5	
0.009978010368347168	4.510921478271484E-4	8.027839660644531E-6	0.0028371174812316896	2.9895362854003905E-4	0.00810866460800171	0.004678090381622315	1.195526123046875E-4	1.4912919998168945E-4	0.0019670528411865236	2.3563804626464843E-4	0.05568628101348877	0.012707112598419189	1.3029308319091796E-4	1.5818309783935547E-5	4.58958911895752E-4	0.00855566234588623	0.03154390125274658	1.9576177597045897E-4	1.8413124084472657E-4	5.137210845947266E-4	4.5140581130981446E-4	4.4078826904296875E-7	
0.009665230655670166	0.0021486578941345216	2.95401668548584E-4	0.0015231662750244141	1.750946044921875E-4	4.1071605682373044E-5	0.0013048468589782715	3.0381965637207032E-5	3.4146623611450193E-4	0.0027581109046936037	2.1465721130371093E-4	0.0018842655181884765	0.030705066299438477	1.343536376953125E-4	2.5092124938964844E-6	0.005193108463287354	0.03976453142166138	4.28009033203125E-5	0.0011760626792907715	6.90316104888916E-4	5.91252613067627E-4	0.0	1.4410972595214845E-6	
0.01754958257675171	0.09599564447402954	7.205581665039063E-6	2.4990463256835937E-5	7.156541824340821E-4	1.336841583251953E-5	3.8808155059814454E-5	7.541571617126465E-4	0.010425160694122314	0.0	2.2265119552612305E-4	0.019688627433776855	2.543163299560547E-6	9.993574142456055E-4	9.03023624420166E-4	0.036255781364440916	0.028235287094116213	0.004297697257995605	0.0025592719078063966	0.0	0.0089935302734375	6.885108947753906E-5	0.0071734619140625	
0.002378243350982666	2.5227861404418945E-4	0.0	3.052944183349609E-4	0.0	8.392333984375E-7	9.557933807373047E-5	1.6576976776123048E-4	0.028847800350189207	1.6493902206420898E-4	3.321332931518555E-5	0.0052367316246032716	0.0022484249114990236	4.069328308105469E-7	2.75421142578125E-5	0.20954572038650512	0.028619944286346434	3.5519027709960936E-5	0.0	0.0	2.3057937622070314E-6	8.527946472167968E-6	3.391265869140625E-7	
7.2784423828125E-5	7.170613288879394E-4	3.68499755859375E-5	0.0	0.0	0.0	1.1444091796875E-6	0.0	1.9887256622314454E-5	3.0432701110839844E-6	3.2215118408203124E-7	6.927490234375E-5	2.0014476776123046E-5	0.0	0.0	1.913280487060547E-5	0.014748272323608399	0.0	8.307456970214844E-7	2.2464752197265624E-6	0.0	2.0259857177734376E-6	0.0	
0.009770236587524414	0.0016585032463073731	7.804362297058106E-4	6.998020172119141E-4	3.9366827011108396E-4	8.137702941894531E-7	3.545122146606445E-5	2.5092124938964844E-6	3.3190412521362305E-4	1.9426984786987306E-4	6.279840469360352E-5	0.015844556999206543	0.09029962329864502	8.227033615112305E-5	2.7194595336914062E-5	5.49638557434082E-4	0.003510301399230957	4.867893218994141E-4	1.3117475509643553E-4	2.2992448806762695E-4	0.0022893439292907716	0.0011449262619018556	2.7109813690185547E-5	
0.001212751579284668	3.333196640014648E-5	0.0	2.1243667602539063E-5	1.6762628555297852E-4	1.1952400207519532E-6	0.0	0.0	0.050482474422454834	5.482139587402344E-5	4.4078826904296875E-7	0.003894822883605957	3.8392810821533205E-4	0.0	0.0	0.18028027000427246	0.02053991527557373	1.6194658279418945E-4	4.492759704589844E-7	0.0	3.814697265625E-5	0.0	7.544517517089844E-7	
0.0034375	8.984880447387696E-5	0.0	2.1761579513549805E-4	3.5258827209472656E-4	9.494781494140625E-7	4.831981658935547E-6	0.03939986333847046	0.15362693786621093	2.8316917419433593E-4	5.3041267395019534E-5	0.006750615406036377	0.005060280704498291	5.7813644409179686E-6	8.675470352172852E-5	0.3910760921478271	0.059571846866607665	3.8689517974853515E-5	1.5682220458984376E-6	0.0	1.6223487854003906E-4	0.0	5.20612907409668E-4	
1.5613136291503906E-4	0.013620452880859375	2.08587646484375E-4	0.0	4.926215171813965E-4	2.695751190185547E-6	0.001402138614654541	5.51605224609375E-5	8.237117767333984E-4	0.0	4.917144775390624E-7	0.002421730899810791	0.0010626983642578124	0.0026876407623291016	5.6864452362060546E-5	0.040488052368164065	0.04041806535720825	4.893154144287109E-4	0.0015514288902282714	5.068376541137696E-4	0.0036860233306884767	1.4326095581054687E-6	8.60909366607666E-4	
0.0022858174324035647	0.03530634565353394	7.136027336120606E-4	6.037309646606446E-4	3.0224266052246093E-4	6.420555114746093E-5	9.161205291748047E-5	4.67673397064209E-4	0.005468360042572022	0.003133544921875	0.0011945427894592285	0.012317030143737792	0.0021363067626953124	2.1421623229980468E-5	1.0731983184814453E-5	0.007378997802734375	0.5008392249107361	4.7149658203125E-5	4.744720458984375E-4	1.5969171524047852E-4	2.3775739669799805E-4	2.6702880859375E-5	6.781578063964843E-7	
0.024056642341613768	0.018649970149993898	6.1492919921875E-5	0.0025325605392456053	4.899342536926269E-4	0.010211681747436523	8.34214973449707E-4	2.2660150527954102E-4	0.0013890923500061035	0.002085893440246582	8.004083633422851E-5	0.278082665348053	0.013431396484375	2.4344549179077147E-4	1.7146644592285157E-4	0.002325897216796875	0.028018747997283936	0.05922129316329956	0.006456824398040771	5.858612060546875E-4	3.7466259002685544E-4	0.0030135260581970213	0.001634691047668457	
3.9668617248535157E-4	0.0034119075775146486	4.179191589355469E-6	2.44140625E-6	5.920155525207519E-4	2.8110122680664063E-5	4.89527416229248E-4	6.814746856689454E-5	4.476250648498535E-4	2.0684242248535155E-6	2.5363540649414063E-5	0.005310414600372315	7.086009979248047E-5	3.453569412231445E-5	1.123809814453125E-4	2.6562156677246095E-4	0.007019822883605957	0.0012909443855285644	0.0014581976890563964	1.0854082107543945E-4	2.4017333984375E-4	0.005761930656433105	1.2902164459228516E-5	
1.8322410583496095E-4	0.001054500961303711	2.0657005310058594E-4	5.669488906860352E-5	0.0	0.0	3.975763320922851E-5	3.391265869140625E-7	1.0453968048095703E-4	1.5131635665893554E-4	0.0	5.97500228881836E-4	1.1027021408081055E-4	0.0	8.815765380859375E-7	0.0010573577880859375	0.015449261093139648	3.391265869140625E-7	1.7208099365234375E-6	8.392333984375E-7	8.223638534545898E-5	0.0	0.0	
2.63680362701416E-4	6.443023681640625E-7	0.0	2.092151641845703E-5	1.2176513671875E-4	0.0	4.492759704589844E-7	0.0	1.6283674240112305E-4	5.237159729003906E-5	1.3325977325439453E-5	2.40478515625E-4	7.513256072998047E-5	0.0	0.0	1.6443042755126953E-4	2.7577714920043944E-4	1.619129180908203E-5	1.627635955810547E-6	0.0	0.0	0.0	0.0	
0.0071035173416137696	1.6487979888916017E-5	0.0025518120765686035	1.297760009765625E-4	0.11263311595916747	1.2546157836914062E-5	6.340885162353516E-6	0.04587171764373779	0.1133546277999878	3.31878662109375E-4	0.012594545173645019	0.09692689685821533	0.001130379581451416	0.026634470653533936	0.0	0.011621432876586913	4.44488525390625E-4	7.125006675720215E-4	0.002642398452758789	0.0	7.37762451171875E-5	0.0	3.731622695922852E-5	
0.009473919296264649	7.805973052978515E-4	0.0034989081382751463	0.004309658432006836	0.08197766618728637	5.645412445068359E-4	0.016575469970703124	6.76727294921875E-5	0.0012548234939575196	7.79240894317627E-4	0.009221750926971436	0.06874194679260254	0.018017764663696288	0.007927381706237793	2.3523998260498046E-5	0.025039995002746583	0.00858373851776123	0.013243671035766602	2.0053443908691406E-4	0.03112878589630127	0.0018281300544738769	1.3317489624023437E-5	1.5598297119140624E-6	
0.0016005621910095214	0.008306418514251708	0.002857810115814209	5.0650691986083985E-5	8.119373321533203E-5	0.0	6.556196212768555E-5	4.925155639648437E-6	3.154331207275391E-4	7.121086120605469E-7	3.391265869140625E-7	0.1098910267829895	2.3896961212158203E-4	1.710681915283203E-5	2.4244308471679686E-6	3.9659290313720703E-4	0.005132497119903564	0.0	1.322460174560547E-6	1.2257890701293945E-4	1.7484025955200196E-4	1.0408191680908203E-4	2.4074554443359375E-6	
8.617820739746094E-5	1.5012102127075195E-4	4.917144775390624E-7	6.463794708251953E-5	0.0	0.0	0.0026780107498168945	8.137702941894531E-7	1.1867523193359375E-6	7.866764068603516E-6	5.425453186035156E-7	0.01953069896697998	0.0021083746910095214	2.992439270019531E-6	1.0850906372070312E-6	0.002970911693572998	0.01432501049041748	9.578704833984375E-7	0.0	3.3484458923339843E-6	6.58416748046875E-5	0.0020402103424072265	0.0	
0.0015486907958984376	4.626808166503906E-5	0.0	4.161415100097656E-5	0.003221003246307373	3.495960235595703E-5	8.456251144409179E-4	3.102588653564453E-6	0.003446477222442627	1.7768001556396484E-5	1.6199779510498046E-5	0.012005598258972168	5.186122894287109E-4	1.2376594543457031E-5	0.0	0.006227891731262207	0.002850477409362793	5.637264251708985E-6	8.815765380859375E-7	7.950677871704101E-5	4.467391967773438E-6	2.5431346893310546E-5	0.0	
0.007812957763671875	0.004301596736907959	9.30472469329834E-4	6.01162338256836E-4	9.410438537597657E-5	7.568359375E-5	0.013480156803131103	1.4851884841918947E-4	4.349348068237305E-4	1.7612037658691407E-4	4.6420669555664065E-5	3.6851673126220703E-4	0.0014609442710876465	1.416015625E-4	7.222461700439453E-6	0.00436106367111206	0.015654203605651857	0.006701710987091065	1.7323808670043945E-4	2.48133373260498E-4	3.26393985748291E-4	1.2715625762939453E-5	1.8310546875E-6	
1.0715065002441406E-4	4.1291999816894533E-5	1.4072418212890625E-6	1.7361955642700196E-4	6.08647632598877E-4	2.4074554443359375E-6	4.2166814804077147E-4	0.002167544937133789	2.0833330154418947E-4	5.191463470458985E-4	5.045576095581055E-5	0.0032546573638916015	0.004570092105865478	1.312255859375E-5	0.0	2.8720436096191406E-4	0.003233354377746582	4.993858337402344E-5	6.644353866577148E-5	0.0	6.293232917785644E-4	0.0	1.5190982818603516E-5	
1.512317657470703E-5	2.68876838684082E-4	0.0	5.297346115112305E-5	0.0	0.0	3.19239330291748E-4	0.0	2.0167064666748046E-5	2.9746150970458983E-5	4.7473907470703127E-7	0.0034180110931396487	6.883832931518554E-4	0.0	1.0850906372070312E-6	0.0	0.006687766170501709	4.7473907470703127E-7	6.781578063964843E-7	1.0172843933105469E-6	3.391265869140625E-7	3.094142913818359E-4	0.0	
