0.7111908721923829	0.009490754890441894	2.2176074981689453E-5	3.240288734436035E-4	0.009288219833374023	0.0	0.25118426008224487	3.884210586547852E-5	5.380757331848145E-4	8.095636367797852E-5	8.387250900268555E-5	0.3355074818611145	5.405426025390625E-4	1.0520086288452148E-4	0.006393398666381836	0.7130844964027405	0.664058007144928	0.020382580184936522	3.8861589431762693E-4	1.9092979431152343E-4	0.5223599921226502	0.0	9.568109512329102E-5	
0.006918996143341065	0.0013660007476806642	2.8143978118896483E-5	0.004772906875610352	2.4081764221191407E-4	0.008221884822845459	0.005312008285522461	1.6656665802001954E-4	8.823814392089844E-5	0.001792271900177002	1.1668739318847656E-4	0.07683881120681763	0.027426478099822998	1.3770208358764648E-4	1.538591384887695E-5	1.2525768280029296E-4	0.012026443481445312	0.03795296564102173	0.0023131646156311033	4.859161376953125E-4	0.0017505985260009766	6.067064285278321E-4	2.3057937622070314E-6	
0.027770707893371584	0.0028856319427490234	1.9904241561889647E-4	3.4962120056152344E-4	4.7120838165283204E-4	9.1552734375E-7	0.0010622321128845216	1.7547607421875E-5	6.661309242248535E-4	3.55055046081543E-4	1.0898170471191406E-4	0.0021785905838012697	0.010253711318969726	1.1500043869018554E-4	4.662418365478515E-6	0.012871610832214355	0.04089975996017456	1.8658065795898437E-5	0.006715308284759521	5.605655670166016E-4	0.0010460408210754394	0.0	2.271842956542969E-6	
0.2007415008544922	0.11087483720779419	1.9332036972045897E-4	1.0130138397216797E-4	0.001129430103302002	9.805469512939454E-5	2.5080366134643553E-4	0.0024833170890808105	0.019143947982788085	0.0	3.7344188690185547E-4	0.03767324657440185	2.7364063262939454E-5	0.0011828189849853515	0.001676661205291748	0.03462271795272827	0.06539295616149902	0.004087626171112061	0.0034602864265441896	0.0	0.007925652408599854	2.197265625E-4	3.6607532501220703E-4	
0.003004438591003418	1.117706298828125E-4	0.0	4.365730285644531E-6	0.0	1.5758895874023437E-5	8.958606719970703E-5	1.3242082595825194E-4	0.03808973522186279	2.788458824157715E-4	3.391265869140625E-7	0.011099370288848876	0.0023891448974609373	1.2715625762939453E-5	1.3495540618896484E-5	0.2413024817466736	0.04630485534667969	4.187688827514648E-5	1.322460174560547E-6	0.0	2.577037811279297E-5	1.89208984375E-5	4.4078826904296875E-7	
5.292253494262695E-5	0.0010965813636779785	6.781578063964843E-7	1.0935497283935546E-5	6.893577575683594E-5	0.0	8.392333984375E-7	3.9844512939453125E-7	7.078361511230469E-6	3.391265869140625E-7	0.0	2.0810441970825196E-4	5.530462265014649E-5	0.0	0.0	1.0361566543579101E-4	0.01374924554824829	0.0	1.0172843933105469E-6	0.0	5.680084228515625E-7	3.391265869140625E-7	4.7473907470703127E-7	
0.027938647842407228	0.0025684102058410644	7.874298095703125E-4	8.791011810302734E-4	6.14005184173584E-4	6.728277206420899E-5	2.8466129302978516E-5	7.036018371582031E-6	2.3813886642456056E-4	1.7587451934814453E-4	7.821826934814453E-5	0.022842263126373292	0.007888420963287353	6.480751037597657E-5	4.467391967773438E-6	0.010216971492767334	0.001991238021850586	2.552032470703125E-4	5.005985260009766E-4	3.73848819732666E-4	6.12767505645752E-4	6.33358383178711E-4	2.4354743957519532E-5	
0.001632681941986084	1.9251537322998045E-5	1.2037467956542968E-5	3.3357410430908204E-4	9.982643127441407E-5	1.1952400207519532E-6	2.1790399551391602E-4	0.0	0.053277316665649416	2.6996192932128907E-4	1.3978767395019531E-5	0.003639806079864502	3.045061111450195E-4	9.918212890625E-7	6.781578063964843E-7	0.186310204410553	0.03069494457244873	4.532623291015625E-4	1.8225669860839844E-6	0.0	0.0	0.0	0.0	
0.004902182674407959	2.984790802001953E-5	0.0	4.3526544570922853E-4	5.52978515625E-4	0.0	3.159418106079102E-5	0.052612024974823	0.19074743480682374	2.7247962951660156E-4	1.0168285369873047E-4	0.011685163688659668	0.002512173080444336	2.3532485961914062E-5	5.037097930908203E-5	0.4060150909423828	0.06426856145858764	1.7887115478515624E-6	4.492759704589844E-7	0.0	4.8746747970581056E-4	0.0	4.4207258224487303E-4	
6.710052490234375E-4	0.007331721019744873	7.409000396728516E-6	0.0	2.2166786193847656E-4	2.4074554443359375E-6	0.0013481987953186036	7.762489318847656E-5	0.0012813059806823731	0.0	4.32586669921875E-5	0.020336990356445313	2.9669761657714844E-6	0.006123928451538086	6.77490234375E-5	0.04107759265899658	0.04104229393005371	6.593915939331054E-4	0.004356952285766601	2.1292791366577147E-4	0.0016061994552612304	1.1189460754394531E-6	5.9173583984375E-4	
0.00535420732498169	0.047454088020324706	6.828816413879395E-4	0.001297005558013916	6.499904632568359E-4	4.9625015258789065E-5	2.2777938842773437E-5	1.3573541641235352E-4	0.0030677287101745607	0.003227810287475586	0.0019321781158447265	0.014165878295898438	0.0032746209144592286	2.008228302001953E-5	1.892852783203125E-4	0.008664194774627685	0.5513408321380615	1.1363563537597657E-4	9.197998046875E-4	0.001725302791595459	3.1385631561279295E-4	8.772954940795899E-5	1.780223846435547E-6	
0.02358145818710327	0.019378322982788087	1.7933311462402343E-4	0.005413640308380127	3.7671403884887697E-4	0.01122182207107544	0.0021379597663879393	2.3365440368652344E-4	0.008886082935333252	0.0013364495277404785	6.668939590454101E-5	0.26036623640060425	0.03049965753555298	2.887302398681641E-4	4.7526893615722654E-4	0.003766301441192627	0.02880169334411621	0.07232721118927002	0.00643224925994873	6.296878814697266E-4	0.00552764892578125	0.003019900894165039	0.002419289493560791	
1.7762928009033203E-4	0.0035451677322387697	7.8582763671875E-6	1.1528968811035157E-6	6.58399772644043E-4	1.729297637939453E-6	0.0018004608154296876	1.3868541717529297E-4	4.730987548828125E-4	1.6954421997070313E-6	5.0608348846435544E-5	0.007392764663696289	4.0637550354003904E-4	2.935619354248047E-5	2.6372241973876955E-5	2.3671464920043946E-4	0.006479882144927979	3.8334312438964845E-4	0.001448550796508789	4.2432146072387693E-4	3.1897649765014646E-4	0.0012555609703063964	2.6804637908935547E-5	
3.089141845703125E-4	0.0013028377532958984	1.8169822692871095E-4	4.105463027954102E-5	0.0	0.0	5.243091583251953E-5	0.0	1.5171470642089843E-4	2.488880157470703E-5	1.3156509399414063E-5	4.7210693359375E-4	2.59085750579834E-4	0.0	1.4241218566894532E-6	0.0018250359535217286	0.01960172863006592	3.391265869140625E-7	4.1707038879394535E-6	0.0	4.494221687316895E-4	0.0	0.0	
3.90625E-4	6.501960754394531E-6	0.0	1.9878768920898438E-5	2.627906799316406E-5	0.0	2.5431346893310546E-5	0.0	1.845550537109375E-4	1.642017364501953E-5	5.018424987792969E-6	1.0466680526733398E-4	4.2919540405273434E-5	1.2715625762939453E-5	0.0	5.703142166137695E-4	1.0241193771362305E-4	3.407793045043945E-5	3.2215118408203124E-7	0.0	0.0	0.0	1.1664495468139648E-4	
0.011251780223846436	0.0020964813232421877	0.005306769466400146	5.803510665893554E-4	0.1431399790763855	1.3512516021728516E-5	1.0904951095581055E-4	0.0679248046875	0.12893470764160156	4.70733642578125E-4	0.015956988906860353	0.11414361743927003	0.001871168327331543	0.023817147159576415	0.0	0.010710118579864501	6.80711555480957E-4	1.4524669647216797E-4	0.002826724624633789	0.0	0.0	0.0	3.1195640563964845E-6	
0.009259897899627686	0.002741419506072998	0.004137013721466064	0.002857216739654541	0.09821857872009278	1.824951171875E-4	0.008288684463500976	8.366050720214844E-5	0.002537663745880127	0.031840693187713626	0.01149481029510498	0.07659264459609985	0.023340971183776857	0.008055547046661378	8.81195068359375E-5	0.027475111198425294	0.012496787166595458	2.203369140625E-4	2.8757734298706053E-4	0.02046245994567871	0.01914857654571533	1.2715625762939453E-5	1.150341033935547E-5	
0.001022661018371582	0.008771896362304688	0.002366968822479248	6.296796798706055E-5	9.699506759643554E-5	0.0	7.056341171264649E-5	1.9415111541748047E-4	2.855597496032715E-4	2.4880313873291015E-5	1.068115234375E-6	0.11752694025039673	4.1917591094970704E-4	0.0	6.781578063964843E-7	3.5104541778564454E-4	0.0052438862800598144	0.0	3.391265869140625E-7	1.427459716796875E-4	1.4497547149658203E-4	1.86623477935791E-4	7.188606262207031E-6	
1.2285871505737304E-4	0.021203647232055665	0.0	2.1112232208251954E-4	1.1488170623779296E-4	1.220703125E-5	0.0034813690185546875	3.391265869140625E-7	3.897771835327148E-5	1.1172828674316407E-4	1.1393260955810547E-5	0.017793791007995604	9.43917179107666E-4	2.3311614990234374E-6	4.069328308105469E-7	0.001914215087890625	0.015420371150970459	1.4004135131835938E-5	0.0	1.8454647064208983E-5	4.374355316162109E-4	0.002052180004119873	0.0	
1.0061473846435547E-4	1.1488170623779296E-4	1.0172843933105469E-6	3.1904430389404295E-4	0.007160161304473877	6.273269653320313E-7	1.9845752716064454E-4	3.391265869140625E-7	0.0037612236976623534	0.0035506184577941895	6.781578063964843E-7	0.003117082405090332	0.00743261547088623	1.0172843933105469E-6	0.0	0.0063390350341796875	0.009603729248046875	7.273359298706055E-5	2.3651123046875E-6	8.294849395751953E-5	4.565773010253906E-5	1.4811201095581055E-4	4.4928550720214844E-6	
0.01560709638595581	0.00464192705154419	9.50173282623291E-4	0.0013952043533325194	1.7542524337768554E-4	1.3114070892333984E-5	0.0035358683586120604	3.29132080078125E-4	8.873579025268555E-4	0.001852137279510498	3.9605045318603516E-5	6.62392520904541E-4	0.00795978126525879	1.3758344650268553E-4	6.527328491210938E-6	0.0027091386795043944	0.015921444320678713	0.002096422004699707	7.551066398620605E-4	2.8754329681396484E-5	7.04676342010498E-4	0.0	1.4580726623535156E-6	
1.3607444763183595E-4	1.9761829376220704E-4	1.983642578125E-6	1.5939502716064453E-4	9.844038009643554E-4	2.7720451354980467E-6	1.0957508087158203E-4	0.002151480770111084	2.533806800842285E-4	5.995941162109375E-4	4.527626037597656E-5	0.004895333194732666	0.0060956658363342285	1.4868831634521485E-5	0.0	1.1455116271972656E-4	0.0038738590240478517	1.84928035736084E-4	7.759943008422851E-5	0.0	2.1318225860595704E-4	0.0	1.0952377319335938E-5	
3.0449771881103514E-5	2.7296257019042968E-5	0.0	2.6846981048583984E-5	1.2715625762939453E-5	0.0	1.903449058532715E-4	0.0	5.772876739501953E-6	6.425647735595703E-5	2.5049877166748047E-5	6.95953369140625E-4	7.869380950927734E-4	3.391265869140625E-7	1.6954421997070313E-6	3.391265869140625E-7	4.064263343811035E-4	1.52587890625E-4	3.2215118408203124E-7	4.7473907470703127E-7	2.6007747650146485E-5	1.794605255126953E-5	0.0	
