0.6841166687011718	0.010231162166595458	2.0653619766235353E-4	3.48985481262207E-4	4.5806884765625E-4	3.5180091857910155E-6	0.29141286211013795	1.5758895874023437E-5	6.731329917907715E-4	0.002653181266784668	5.205793380737305E-5	0.37253394231796266	8.874935150146485E-4	1.2176513671875E-4	5.4160213470458985E-5	0.789683948135376	0.9769748009681701	0.013926010131835937	5.991621017456055E-5	1.0733709335327149E-4	0.5897196197509765	0.0	1.8988704681396485E-5	
0.011331863403320312	0.0024169328689575193	2.2379875183105467E-6	0.00280609130859375	2.4637012481689455E-4	0.011286833000183105	0.0028745354652404786	1.2088356018066406E-4	0.0019562191009521485	0.002343928050994873	1.2164649963378906E-4	0.07158999128341675	0.03296200218200684	1.1310997009277344E-4	5.332088470458984E-6	1.23291015625E-4	0.026930525016784668	0.0462485164642334	1.1056690216064453E-4	1.86004638671875E-4	0.0010830773353576661	9.930843353271484E-4	3.187370300292969E-6	
0.0073520575523376465	0.0023822021484375	1.2669029235839844E-4	4.242706298828125E-4	8.124796867370605E-4	3.3721923828125E-5	9.987385749816895E-4	6.120491027832031E-6	5.82606029510498E-4	3.206634521484375E-4	1.3072547912597657E-4	0.0011570146560668944	0.024648717212677	7.275047302246094E-5	9.299373626708984E-6	0.006963424682617188	0.04034442481994629	8.561897277832031E-6	0.0055548519134521485	4.136848449707031E-6	0.001252729606628418	0.0	3.000926971435547E-6	
0.2911123996734619	0.13649631080627442	4.679393768310547E-6	6.046714782714844E-5	0.003244205093383789	2.0714654922485352E-4	1.0743036270141601E-4	8.26449966430664E-4	0.0230392032623291	0.0	1.5817432403564453E-4	0.037127812671661375	1.5190982818603516E-5	0.0015396965980529786	0.0036569637298583986	0.04130271911621094	0.05616294860839844	0.004012883472442627	0.003967768383026123	0.0	0.009859686946868897	2.916145324707031E-6	6.353251457214355E-4	
0.005316823291778565	2.72047233581543E-4	5.510330200195312E-7	3.1543350219726564E-5	0.0	4.6793651580810544E-5	3.5086727142333985E-5	3.1780624389648435E-5	0.0371025933265686	4.6513872146606444E-4	1.0359020233154297E-4	0.00863744945526123	0.0011579132080078126	1.0172843933105469E-6	5.5245304107666014E-5	0.26172821044921873	0.054809154891967776	6.318836212158203E-5	2.6923274993896486E-5	0.0	1.5131664276123047E-5	5.5694580078125E-6	4.4078826904296875E-7	
2.9769048690795897E-4	0.0010019768714904784	2.187061309814453E-6	3.863019943237305E-5	3.391265869140625E-7	0.0	1.6530036926269532E-6	3.9844512939453125E-7	3.026294708251953E-6	3.4332275390625E-5	0.0	1.1567010879516601E-4	1.7174625396728516E-5	0.0	0.0	1.0630321502685546E-5	0.016033799934387208	1.1020278930664063E-5	3.204345703125E-6	0.0	1.0935497283935546E-5	1.0876083374023438E-5	0.0	
0.012841144180297852	0.005892478084564209	9.083811759948731E-4	4.0493431091308594E-4	6.383514404296875E-4	1.0799789428710938E-5	1.6394710540771483E-5	1.8605546951293945E-4	6.926727294921875E-4	1.8606395721435548E-4	5.6771183013916016E-5	0.0228839111328125	0.06604502363204956	3.633289337158203E-5	1.4332237243652344E-4	0.005108549308776855	0.0036279890060424806	2.0997810363769532E-5	1.41440486907959E-4	0.0020760684967041014	0.0033231353759765624	8.723026275634766E-4	3.276485443115234E-4	
0.002203191089630127	6.274757385253906E-5	5.415172576904297E-5	0.001473253059387207	1.1705188751220702E-4	4.4078826904296875E-7	1.508922576904297E-5	0.0	0.06779429121017456	5.003185272216797E-5	5.6372737884521485E-5	0.00495489330291748	4.4801502227783204E-4	6.358146667480468E-7	3.391265869140625E-7	0.25626519947052	0.032050425243377687	2.56805419921875E-4	1.2969970703125E-6	0.0	2.673683166503906E-5	0.0	0.0	
0.004441714859008789	5.43975830078125E-5	0.0	4.057990074157715E-4	3.8210554122924804E-4	0.0	3.931684494018555E-5	0.07786707563400269	0.20617186651229857	5.6949234008789064E-5	1.1172828674316407E-4	0.02336287603378296	0.0034424930572509766	3.534984588623047E-6	1.293182373046875E-4	0.43602813720703126	0.08236646013259888	2.797698974609375E-4	0.0014764404296875	0.0	3.1225414276123045E-4	0.0	4.5927257537841797E-4	
3.029547691345215E-4	0.004746788883209229	8.668689727783203E-5	0.0	4.6727495193481445E-4	6.781578063964843E-7	0.00118560791015625	7.643804550170898E-5	0.001100794506072998	0.0	8.700056076049804E-5	0.006619500064849853	5.266994476318359E-4	0.0043313005447387695	7.968902587890625E-7	0.0292995792388916	0.047789967823028565	0.003857108211517334	0.0013759358406066895	0.0023425038337707518	0.0012106916427612304	5.085945129394531E-7	1.1598377227783203E-4	
0.003545871353149414	0.05323718605041504	7.762569427490234E-4	0.001506805419921875	5.199517250061035E-4	3.0517578125E-5	7.754859924316407E-5	3.611415863037109E-4	0.004475131607055664	0.003322601318359375	9.504191398620605E-4	0.0209781138420105	0.0021430545806884766	3.081426620483399E-5	2.0109386444091797E-4	0.006823026847839355	0.5666825527191162	8.082075119018555E-5	0.0011224788665771485	1.8550453186035157E-4	4.903835296630859E-4	1.3420953750610353E-4	5.747509002685547E-6	
0.024061881160736084	0.023890474128723145	1.66176700592041E-4	0.007029698657989502	0.0013948398590087892	0.012662387466430664	9.344482421875E-4	7.97288703918457E-4	0.008583382511138916	0.003447706413269043	4.667491912841797E-5	0.29249156532287596	0.02516638011932373	3.82537841796875E-4	7.23605728149414E-4	0.004121144580841065	0.03602590770721435	0.07880696611404418	0.0032016669273376465	0.018502595710754393	0.0022585041999816893	0.002423095703125	0.0030609808921813965	
1.64031982421875E-4	0.0038411882400512694	4.6624088287353515E-5	1.4241218566894532E-6	0.00173797607421875	1.5936946868896483E-5	0.002122828197479248	2.9101943969726562E-5	5.219014167785644E-4	2.000617980957031E-6	3.5790348052978516E-5	0.030216098403930663	1.4264421463012694E-4	1.2478256225585938E-5	4.6454429626464846E-6	2.313995361328125E-4	0.005750495052337647	5.99992561340332E-4	0.007887395191192626	0.006040946102142334	2.3516340255737305E-4	0.0017299906730651854	3.6578750610351565E-5	
3.25308895111084E-4	0.001826799201965332	3.606584548950195E-4	1.9700794219970703E-4	1.0019969940185547E-5	0.0	2.1430110931396484E-5	1.0172843933105469E-6	1.0229320526123048E-4	7.342023849487305E-5	2.4515819549560548E-5	4.0812177658081057E-4	0.010096138858795166	0.0	0.0	0.0014585198402404785	0.021183081722259522	0.0	4.815006256103515E-6	0.0	8.791608810424805E-5	0.0	0.0	
2.7567548751831057E-4	1.1961174011230468E-5	0.0	1.74713134765625E-5	4.230918884277344E-5	3.1703948974609373E-6	2.1658992767333983E-5	0.0	0.001112247085571289	2.5431346893310546E-5	1.1528968811035157E-6	0.001925998306274414	2.261695861816406E-5	1.2715625762939453E-5	0.0	3.44687557220459E-4	1.4353437423706054E-4	1.8140792846679686E-6	0.004602728939056396	0.0	1.8039321899414064E-5	0.0	0.0	
0.006956007194519043	6.888580322265625E-4	0.0075647650718688965	3.246730804443359E-4	0.16734941272735596	1.3029289245605469E-5	3.936259269714355E-4	0.08896135969161988	0.15168820695877075	4.039340972900391E-4	0.015107074356079102	0.1173156060218811	0.001675593090057373	0.028847011947631836	0.0	0.01483551025390625	0.0010188632965087892	3.2015485763549806E-4	0.003154313850402832	0.0	5.18798828125E-5	0.0	1.52587890625E-5	
0.013793758773803712	0.009119805240631104	0.005159530639648437	0.0041133287429809574	0.11879364013671875	1.4553489685058594E-4	0.009605161857604981	4.6022205352783205E-4	0.003909064388275147	0.03218700828552246	0.012205946159362793	0.089707310962677	0.05145170421600342	0.011390516471862793	2.1718311309814452E-5	0.03030566749572754	0.014397243881225586	2.5363502502441407E-4	3.0263261795043946E-4	8.420392990112304E-4	0.016369815444946288	0.0	5.298233032226563E-6	
0.003894839859008789	0.008447969245910644	0.0023932562828063966	3.594293594360351E-5	1.9390525817871093E-4	0.0	4.0774917602539064E-5	1.44805908203125E-4	2.3824901580810548E-4	3.2586002349853516E-5	4.6793651580810544E-5	0.12592473344802857	2.8130426406860353E-4	0.0	1.1664485931396484E-5	4.4760808944702146E-4	0.004524832820892334	0.0	1.5089035034179688E-6	1.1546669006347656E-4	1.75331974029541E-4	6.0145092010498044E-5	2.7499771118164062E-5	
8.074445724487305E-5	5.419158935546875E-4	0.0	1.6910133361816405E-4	1.4495849609375E-5	1.0753211975097656E-4	0.003626683521270752	4.7473907470703127E-7	1.2096824645996093E-4	1.4888343811035156E-4	2.3023796081542968E-5	0.02255059986114502	0.001552869987487793	1.0333633422851562E-5	8.08376693725586E-4	0.0013307783126831054	0.00964217290878296	1.1383056640625E-4	0.0	1.2037277221679687E-6	6.927913665771484E-4	9.373389244079589E-4	1.4241218566894532E-6	
1.1460199356079101E-4	1.7106800079345704E-4	0.0	0.002140672492980957	0.02205434160232544	4.4078826904296875E-7	1.85250186920166E-4	1.7242431640625E-5	0.005219438362121582	6.603660583496094E-5	1.4173698425292968E-5	0.004727554321289062	0.0010401323318481445	1.2715625762939453E-5	0.0	0.012213134765625	0.00860605878829956	3.819780349731445E-5	2.619457244873047E-6	5.7500171661376955E-5	9.37652587890625E-5	2.0172119140625E-4	1.2715625762939453E-5	
0.008747490787506104	0.005452618026733399	0.0012999385833740234	0.001853205394744873	4.5076160430908204E-4	1.3063240051269532E-5	8.930291175842285E-4	2.8135509490966797E-4	6.513553619384765E-4	1.9805059432983398E-4	5.202398300170898E-5	0.0011107890129089355	0.0096630859375	1.7222938537597655E-4	3.2213211059570314E-6	0.0034170023918151855	0.021322233390808104	0.001320639705657959	4.098682403564453E-5	3.0084400177001955E-4	8.711072921752929E-4	4.4078826904296875E-7	1.3902664184570312E-6	
1.1111793518066407E-4	3.61794376373291E-4	1.6445541381835936E-5	2.728694915771484E-4	0.0014339786529541016	5.713558197021485E-6	5.008527755737304E-4	0.003056784725189209	3.6826238632202147E-4	0.001195093822479248	5.2083301544189455E-5	0.01206498041152954	0.004319161319732666	4.001235961914062E-6	0.0	3.6259117126464846E-4	0.004330885124206543	7.259788513183593E-5	1.3637962341308594E-4	0.0	2.1844654083251952E-4	0.0	8.646678924560548E-6	
3.0431957244873045E-4	2.288818359375E-4	3.3484458923339843E-6	6.743535995483399E-5	2.2404956817626954E-5	0.0	2.716064453125E-5	0.0	2.213372230529785E-4	6.993611335754395E-4	0.0	0.0021643659591674804	5.045488357543946E-4	1.1698436737060547E-5	0.0	2.095537185668945E-5	0.0015976375579833985	9.508429527282715E-4	3.814697265625E-5	1.0766029357910156E-6	1.5936851501464844E-6	4.163951873779297E-5	0.0	
