0.6853303867340088	0.011660741138458252	2.468194007873535E-4	4.69377326965332E-4	2.3035688400268553E-4	1.4606094360351562E-5	0.18354297218322754	1.5302867889404296E-4	0.0013068389892578124	6.438360214233398E-5	4.9319839477539064E-5	0.34084726123809816	0.0010821956634521485	7.6141357421875E-5	4.1690444946289064E-5	0.7044829813957214	0.7716279262542725	0.011879840469360352	5.859375E-5	5.109996795654297E-5	0.5605450862884521	0.0	1.6547298431396483E-5	
0.007321328067779541	0.0032306840896606445	2.655792236328125E-4	0.0022402106285095216	4.44793701171875E-4	0.01496042890548706	0.004304894351959228	6.757946014404297E-5	1.7033042907714844E-4	0.001218083667755127	1.2613086700439453E-4	0.06469800310134888	0.06340955095291138	5.564625740051269E-4	1.62506103515625E-5	6.099277496337891E-4	0.021893319034576416	0.03963948564529419	9.51563549041748E-4	1.5350341796875E-4	2.659013748168945E-4	3.357696533203125E-4	1.5767097473144531E-6	
0.007184134578704834	0.004306165885925293	3.0901594161987305E-4	4.69674015045166E-4	1.1742486953735352E-4	9.409904479980469E-7	0.001614829158782959	1.336841583251953E-5	4.500664710998535E-4	1.86318302154541E-4	1.6009864807128905E-4	0.001482425308227539	0.01535223217010498	1.2404546737670899E-4	5.2303314208984374E-6	0.005435799503326416	0.03831436157226562	8.478803634643555E-5	0.005769322681427002	7.6019287109375E-4	9.068721771240234E-4	0.0	2.3278141021728515E-5	
0.0688165961265564	0.08594493446350097	1.4330549240112303E-4	5.2939510345458983E-5	0.0023475138664245604	3.167896270751953E-5	1.1638221740722656E-4	8.48566722869873E-4	0.027153455924987795	0.0	2.4286060333251954E-4	0.01863602533340454	1.4478874206542969E-5	0.0017285919189453124	2.9924182891845704E-4	0.04039295616149902	0.048841578197479245	0.0013820563316345215	0.0038562520027160645	0.0	0.010197406387329102	1.2279930114746093E-4	2.9338417053222657E-4	
0.0033788299560546875	1.0667591094970703E-4	0.0	3.1981573104858396E-4	0.0	0.0	1.65854549407959E-4	2.98453426361084E-4	0.03671417236328125	1.3131046295166016E-5	1.8395328521728517E-5	0.006031536483764649	0.0016100565910339355	2.7126312255859373E-6	6.106910705566406E-5	0.2638743421554565	0.04486073808670044	8.984880447387696E-5	3.983392715454102E-5	0.0	2.0302677154541017E-5	8.248233795166015E-6	4.069328308105469E-7	
1.6458301544189453E-4	0.0016614192962646484	6.290054321289063E-6	1.1613845825195312E-6	0.0	0.0	2.401561737060547E-5	3.9844512939453125E-7	1.8157958984375E-5	5.595207214355469E-7	0.0	1.731194496154785E-4	1.0847301483154297E-4	0.0	9.325027465820313E-7	6.366348266601563E-6	0.017627817821502686	2.1870899200439452E-5	9.578704833984375E-7	1.1783599853515625E-6	5.510330200195312E-7	1.2096786499023438E-5	1.4072418212890625E-6	
0.007887005233764649	9.35804557800293E-4	0.0010554927825927735	5.558013916015625E-4	0.0010736083984375	2.0997810363769532E-5	5.127801895141602E-5	1.4411067962646485E-5	6.059858322143554E-4	4.0283203125E-4	1.5102806091308593E-4	0.007311477661132813	0.022675908374786377	2.240753173828125E-4	8.573741912841796E-5	0.002194374942779541	0.00438836841583252	3.6093816757202146E-4	3.3178539276123046E-4	0.001238852596282959	0.003018663215637207	0.0020920732498168945	7.587852478027344E-5	
0.001350826644897461	1.2105274200439454E-5	0.0	5.069313049316406E-5	6.714715003967285E-4	3.9844512939453125E-7	0.0	0.0	0.05591176347732544	2.3769760131835936E-5	0.0	0.0031477610588073733	1.4225425720214844E-4	0.0	7.352190017700195E-5	0.19805896339416504	0.0296652645111084	1.4919281005859375E-6	1.7971038818359376E-6	0.0	8.019342422485351E-5	0.0	0.0	
0.007613152408599853	0.0028985087394714356	0.0	2.9376564025878905E-4	3.082953453063965E-4	4.933643341064453E-6	1.8039321899414064E-5	0.06497268676757813	0.21856000261306763	1.4225425720214844E-4	9.116277694702148E-5	0.008475045108795166	0.0024943034172058105	2.729606628417969E-6	7.960853576660156E-5	0.42491756019592286	0.054274436092376706	3.97491455078125E-5	1.6869449615478516E-5	0.0	1.7389087677001952E-4	3.391265869140625E-7	3.5593671798706054E-4	
0.003942693042755127	0.008837636280059815	2.64595890045166E-4	0.0	6.329515457153321E-4	3.9844512939453125E-7	0.0010268486976623536	1.1696710586547851E-4	0.0035449811935424807	0.0	6.357831954956055E-5	0.00800582036972046	0.0010373687744140625	3.6730451583862306E-4	6.2137603759765626E-6	0.019299977588653563	0.05243341236114502	0.004960445785522461	2.4243669509887696E-4	0.007938444328308106	0.002348056411743164	5.4253482818603515E-5	5.712718963623047E-5	
0.002718794059753418	0.052272516918182375	8.77371883392334E-4	0.001063715648651123	7.04472827911377E-4	3.6994075775146485E-5	1.8191871643066405E-4	9.041681289672851E-5	0.00416727705001831	0.0029419538497924805	8.5052490234375E-4	0.015529717350006104	0.005074310302734375	3.246726989746094E-5	3.5134210586547853E-4	0.006834903335571289	0.5519675700187683	3.108558654785156E-5	6.103092193603516E-4	3.3290443420410157E-4	3.6703319549560544E-4	8.815765380859375E-7	2.382087707519531E-6	
0.023157577514648437	0.01982529535293579	1.1155023574829102E-4	0.005444276618957519	8.300103187561035E-4	0.018661473560333253	0.001730363655090332	3.79935359954834E-4	0.004285990428924561	0.0012999555587768555	5.772905349731445E-5	0.30151106090545654	0.03283988103866577	4.23719596862793E-4	0.003085505199432373	0.01006847801208496	0.050210639095306396	0.07512430830001832	0.003889762020111084	0.002102788257598877	4.36070728302002E-4	0.002165849494934082	0.0028821478843688965	
1.9777936935424804E-4	0.004457270336151123	3.840980529785156E-5	3.4755706787109376E-6	0.0021279483795166015	3.323869705200195E-5	0.0019536845207214354	1.9588050842285156E-4	5.603705406188965E-4	7.121086120605469E-7	5.944147109985351E-5	0.007475713062286377	2.9279069900512697E-4	1.0563316345214843E-4	1.0496349334716797E-4	7.63982105255127E-4	0.005107981395721436	0.001514578914642334	0.004036746597290039	0.0028313106536865234	6.432512283325195E-4	9.52902889251709E-4	3.6917781829833986E-5	
1.65854549407959E-4	0.001568145751953125	5.359226226806641E-4	4.667491912841797E-5	7.950677871704101E-5	0.0	7.132635116577148E-5	4.4078826904296875E-7	1.1143999099731446E-4	3.79180908203125E-5	1.2919139862060546E-5	7.619561195373535E-4	0.0024254862785339356	0.0	1.9496917724609375E-6	0.0010125224113464355	0.020183953189849852	5.5779361724853517E-5	2.2210121154785156E-6	1.068115234375E-6	1.4921398162841796E-4	0.0	0.0	
2.672153472900391E-4	2.6279449462890623E-6	0.0	5.305824279785156E-5	3.567161560058594E-5	0.0	3.475608825683594E-5	1.1130428314208984E-5	3.5060462951660157E-4	1.2291908264160156E-6	1.6598129272460937E-5	4.2009992599487307E-4	2.2299022674560548E-4	1.2715625762939453E-5	0.0	3.4698486328125E-4	3.3289594650268557E-4	0.0	2.5092124938964844E-6	0.0	0.0	0.0	3.2215118408203124E-7	
0.010399407291412354	2.1916704177856445E-4	0.010796237564086915	0.002690895938873291	0.2088035668373108	9.863958358764649E-5	3.1500911712646486E-5	0.08099158391952514	0.19440934076309205	8.87298583984375E-5	0.013283004760742187	0.12731777610778808	2.6908025741577147E-4	0.04359976873397827	0.0	0.01240026683807373	0.001668234920501709	1.2090892791748047E-4	0.0035537296295166014	0.0	0.0	0.0	4.0690135955810546E-5	
0.011182259464263915	0.002381464672088623	0.005918807983398437	0.004083243465423584	0.13383269414901733	2.1794633865356445E-4	0.009149805736541748	2.3229808807373047E-4	0.005398762989044189	8.197529792785645E-4	0.010278676319122314	0.08180560646057129	0.03508921308517456	0.012250010204315185	7.435264587402344E-5	0.04969006853103638	0.01230273780822754	3.8044395446777343E-4	3.9907665252685546E-4	2.72038745880127E-4	5.448490142822266E-4	0.0	4.6835994720458985E-5	
0.0017384931564331054	0.010451795768737794	0.0027834659576416016	1.9647388458251953E-4	5.605058670043945E-5	0.0	4.3233203887939454E-5	2.8906822204589843E-6	2.9638500213623046E-4	7.987127304077148E-5	0.0	0.13019909324645995	3.5116405487060546E-4	3.391265869140625E-7	1.7632484436035156E-6	5.24300479888916E-4	0.0055251057624816895	0.0	0.0	0.0	1.3042869567871093E-4	1.0716753005981445E-4	0.0	
1.1305065155029296E-4	1.1783180236816406E-4	4.282636642456055E-5	7.241144180297851E-5	4.958257675170899E-5	5.0862312316894535E-6	0.003430489444732666	3.391265869140625E-7	3.8828535079956056E-4	3.269195556640625E-4	0.0	0.030536058235168455	0.003111122989654541	3.2280826568603516E-5	2.085399627685547E-6	0.0017758687019348144	0.018557781600952148	1.0257720947265624E-6	0.0	1.341075897216797E-5	0.005058246231079102	0.001834708309173584	0.0	
6.585016250610352E-5	1.1560230255126953E-4	6.281566619873047E-6	2.4289445877075195E-4	3.961181640625E-4	1.9158363342285157E-6	2.85491943359375E-4	4.145336151123047E-6	0.008290617179870605	1.0143699645996094E-4	2.348136901855469E-6	0.0012146419525146483	0.010825831127166749	1.5428543090820312E-6	0.0	0.004614028930664062	0.0065155029296875	2.165050506591797E-5	3.721427917480469E-6	5.340576171875E-5	3.82232666015625E-5	0.0	1.9496917724609375E-6	
0.008492974185943603	0.003510572624206543	0.001657528305053711	1.4889183044433595E-4	3.906504631042481E-4	7.968902587890625E-7	7.780711174011231E-4	1.6237897872924803E-4	7.405938148498535E-4	2.5943336486816405E-4	2.7330207824707033E-5	8.740912437438965E-4	0.001772605037689209	9.117549896240234E-4	1.9581794738769532E-6	0.0034825557708740235	0.023883387279510497	7.872517585754394E-4	2.4189414978027343E-4	0.0016874271392822266	6.34901237487793E-4	4.069328308105469E-7	1.729297637939453E-6	
0.002684665298461914	4.701572418212891E-4	6.376476287841797E-5	5.794270515441895E-4	6.60434341430664E-4	8.307456970214844E-7	2.2733898162841798E-4	0.0021971638679504396	1.9359169006347656E-4	1.4523820877075194E-4	1.6598129272460937E-5	0.0037678019523620606	0.0057177734375	1.3936328887939454E-5	0.0	0.001221627140045166	0.005367626571655274	1.4077081680297852E-4	1.2545270919799803E-4	0.0	2.9924201965332032E-5	0.0	4.246177673339844E-5	
4.548816680908203E-5	1.6954421997070313E-6	1.3495540618896484E-5	6.409540176391602E-5	0.0	0.0	6.625709533691406E-5	0.0	9.564714431762696E-5	4.2063398361206057E-4	0.0	0.002644331169128418	2.548895835876465E-4	0.0	0.0	3.020222663879395E-4	0.002010616683959961	1.3275146484375E-5	0.0	4.7473907470703127E-7	1.5555477142333984E-5	3.7005109786987305E-4	0.0	
