0.6945328267097474	0.18363127813339233	2.6105241775512694E-4	7.141961097717285E-4	0.0015663570404052735	1.5835189819335936E-5	0.07805898027420044	3.1280517578125E-6	0.002077170467376709	0.001964246940612793	4.427507400512695E-4	0.2804830424308777	0.0029177516937255858	1.9358320236206056E-4	0.001321699333190918	0.580253194141388	1.0059278954505921	0.012104822826385498	1.14288330078125E-4	8.361561775207519E-4	0.5333293491363525	0.0	2.46429443359375E-5	
0.013414637279510498	0.003973219108581543	8.259412765502929E-4	0.0069744449615478515	5.46425724029541E-4	0.015463248348236085	0.016883553409576417	6.323070526123047E-5	5.633205413818359E-4	0.004681362533569336	1.1525468826293946E-4	0.10293274774551392	0.021004960823059082	1.8884449005126953E-4	3.0517578125E-6	4.20074462890625E-4	0.03849489002227783	0.08844344244003297	0.002886216926574707	8.123609542846679E-4	0.003712471866607666	6.508466720581055E-4	9.833335876464843E-7	
0.01074517993927002	0.0034703826904296875	3.1188116073608397E-4	8.070881843566895E-4	1.8359718322753907E-4	1.1842536926269531E-5	0.008514183902740478	7.097883224487304E-5	8.166927337646485E-4	4.3424816131591796E-4	1.6186180114746094E-4	0.004071248340606689	0.028203014755249025	3.8722572326660155E-4	1.7208480834960937E-5	0.02049379987716675	0.048157238388061525	6.610530853271484E-4	0.0031907230377197266	1.6092090606689452E-4	0.004793828296661377	0.0	2.9059505462646484E-5	
0.17590593976974486	0.14626040143966676	3.77655029296875E-4	1.0554847717285157E-4	0.0036728498458862306	1.0525169372558594E-4	3.72780704498291E-4	0.002265777587890625	0.0230385929107666	0.0	0.001316511344909668	0.03773424787521362	5.984878540039062E-6	0.004152230167388916	0.002320421028137207	0.060819083309173586	0.07918930902481079	0.00578104658126831	0.004323976325988769	0.0	0.01708786859512329	1.508246421813965E-4	0.001210352611541748	
0.004150551700592041	0.0022637261390686036	0.0	3.69864559173584E-4	0.0	1.373291015625E-6	8.030357360839844E-5	2.81049919128418E-4	0.060129733657836915	6.847126960754394E-4	1.3054752349853516E-5	0.012996487045288087	0.0021042293548583983	1.2571525573730469E-5	2.5507640838623047E-5	0.3067177242279053	0.03909526405334473	2.872382164001465E-4	3.391265869140625E-7	0.0	5.2219390869140625E-6	7.191972732543946E-5	7.799148559570312E-7	
6.216938972473144E-4	0.001489444351196289	5.096435546875E-5	2.8508472442626953E-5	1.1867904663085937E-5	0.0	6.1374664306640625E-6	1.1867523193359375E-6	2.87628173828125E-5	8.900642395019531E-7	5.7050704956054685E-6	3.4949407577514646E-4	2.49481201171875E-5	0.0	0.0	5.660161972045899E-5	0.02402948169708252	1.3843154907226562E-5	0.0	3.253517150878906E-5	5.801734924316406E-5	9.969043731689454E-6	4.7473907470703127E-7	
0.014165802001953125	0.004158901596069336	0.0029961310386657715	8.977593421936036E-4	0.001877009105682373	1.0679454803466797E-4	7.02633285522461E-4	5.283610343933106E-4	4.4961719512939455E-4	0.017867211246490478	1.4400062561035156E-4	0.017011650943756104	0.030834782886505128	1.5652971267700194E-4	5.383806228637695E-5	0.013933359813690186	0.01066442699432373	3.19374942779541E-4	0.0018433210372924805	0.0011342790603637695	0.005799942016601563	0.001080958080291748	0.001109042739868164	
0.001249966049194336	1.52435302734375E-4	0.0	2.7086048126220705E-4	4.6411304473876954E-4	4.113092422485352E-5	1.1988325119018554E-4	0.0	0.0740387640953064	1.0409040451049804E-4	0.0	0.004188622379302978	2.428521156311035E-4	0.0	2.534675598144531E-6	0.20934890747070312	0.028690041446685792	1.412285804748535E-4	2.382087707519531E-6	0.0	5.220203399658203E-5	0.0	0.003048689079284668	
0.00837030200958252	1.3568458557128906E-4	5.340576171875E-7	3.99000358581543E-4	0.0017998589515686035	4.433536529541016E-6	6.371052742004395E-4	0.07037585792541504	0.26027164878845216	1.20849609375E-4	1.6445579528808594E-4	0.008654564762115478	0.002877476978302002	1.3156509399414063E-5	1.7909584045410157E-4	0.44487727699279783	0.07533926219940186	3.450183868408203E-5	8.562088012695313E-7	0.0	2.86865234375E-4	0.0	2.0740089416503905E-4	
0.0050555419921875	0.01573871192932129	0.012683554744720459	0.0	0.0014590538978576661	1.7547607421875E-6	0.001415718936920166	5.3168392181396485E-5	0.00634165449142456	0.0	2.3532485961914062E-5	0.014698062515258788	5.867767333984375E-4	5.872090339660644E-4	5.510969161987305E-5	0.03941341819763183	0.05065116033554077	0.008172785472869874	7.29353141784668E-4	4.2567787170410154E-4	0.01420821294784546	3.391265869140625E-7	0.004279946231842041	
0.002537256908416748	0.057645373916625976	6.884765625E-4	8.921135902404785E-4	0.0014182026863098145	1.3309097290039063E-5	7.242841720581055E-5	8.47625732421875E-5	0.004739947891235352	0.007649392032623291	9.91838264465332E-4	0.015511601734161377	0.0025545162200927736	7.312355041503907E-5	6.528215408325195E-5	0.012581609058380128	0.5972133721351623	2.37282657623291E-4	6.481425285339356E-4	9.2803955078125E-4	5.54953670501709E-4	2.744884490966797E-5	1.9293880462646486E-5	
0.021933161449432373	0.028677029037475585	1.833343505859375E-4	0.005175026798248291	0.007045635604858398	0.019627863597869874	0.005639317798614502	2.86093807220459E-4	0.006061011409759521	0.0025887043952941896	2.8025341033935548E-5	0.29822898864746095	0.044197743701934813	3.33116340637207E-4	0.002514207649230957	0.006871905899047852	0.08950429277420044	0.14724327087402345	0.014208747005462647	0.001550140380859375	0.005518824291229248	0.008568776416778565	0.00887792797088623	
0.0023822021484375	0.035271979427337646	1.0998191833496093E-4	3.6960601806640624E-6	0.004106547069549561	2.7414989471435547E-5	0.004881006908416748	3.1789989471435546E-4	0.003120998764038086	1.3648128509521484E-5	1.2638511657714845E-4	0.013659812068939209	1.0277643203735352E-4	1.9252357482910155E-4	1.3371782302856446E-4	0.010638953304290771	0.012765112972259521	0.018960884952545165	0.0020411258697509765	7.78316879272461E-4	0.004195734691619873	0.0031272210121154787	0.008898900318145752	
5.550129890441894E-4	0.0021947224617004392	7.948981285095215E-4	1.236809730529785E-4	1.042652130126953E-6	0.0	4.7412490844726564E-5	0.0	2.0177202224731444E-4	1.941680908203125E-4	1.4207649230957031E-5	5.112542152404785E-4	0.002637057876586914	0.0	4.4078826904296875E-7	0.0018687693595886231	0.025837894058227538	0.0	6.630792617797851E-5	2.74658203125E-6	4.6316356658935545E-4	0.0	4.916725158691406E-5	
8.377244949340821E-4	1.4292430877685548E-5	0.0	2.60459041595459E-4	2.457512855529785E-4	0.0	1.0171680450439453E-4	6.781578063964843E-7	3.6547346115112304E-4	2.6228141784667967E-5	6.968212127685547E-6	7.266658782958984E-4	3.48375129699707E-4	1.2715625762939453E-5	0.0	4.155646324157715E-4	4.351213455200195E-4	7.273359298706055E-5	0.0	0.0	2.5905990600585938E-5	0.0	0.0	
0.0053316667556762695	0.002485165023803711	0.007942708301544189	7.450443267822265E-4	0.2037809160232544	3.4077644348144533E-6	3.907947540283203E-5	0.10374053955078125	0.22086518182754517	6.94452953338623E-4	0.019585817146301268	0.19362294511795045	0.006645592594146729	0.04108863830566406	0.0	0.041736356925964356	0.0025451236724853515	1.1595830917358398E-4	0.0028525882720947266	0.0	1.812744140625E-4	0.0	5.213451385498047E-6	
0.017437608528137208	0.010904193496704101	0.006180123233795166	0.004704742431640625	0.1565681287765503	2.548641204833984E-4	0.01950146141052246	4.3765602111816405E-4	0.013440509414672851	0.0015069240570068359	0.01462518482208252	0.11788360595703125	0.022639583969116212	0.016680102920532226	4.37164306640625E-5	0.06978200273513795	0.03659638299942017	3.207990646362305E-4	2.1177501678466796E-4	0.008329671192169189	0.024902945613861083	0.0023523966789245608	5.961015701293946E-4	
9.601508140563965E-4	0.013765826797485352	0.003517278003692627	8.709373474121093E-5	1.2546958923339844E-4	5.425453186035156E-7	1.9782171249389647E-4	3.4332275390625E-5	5.538685798645019E-4	3.628196716308594E-5	3.000049591064453E-5	0.14412595958709717	6.56916332244873E-4	4.069328308105469E-7	2.6109695434570313E-6	5.84394645690918E-4	0.006733983325958252	0.0	1.0067405700683594E-4	5.913629531860351E-5	8.73090934753418E-4	7.214860916137695E-5	7.612438201904296E-5	
5.13585376739502E-4	0.001019253158569336	5.3439712524414065E-5	4.1900634765625E-4	2.7279281616210936E-5	2.729606628417969E-6	0.0038873799324035643	1.1867523193359375E-6	1.4474658966064454E-4	1.3006420135498048E-4	1.325817108154297E-5	0.032367460441589356	0.00148895263671875	1.1661949157714844E-4	0.0	0.0018613094329833985	0.010968449878692627	3.0094146728515627E-6	0.0	1.704750061035156E-5	3.88327693939209E-4	3.0432796478271485E-5	9.823265075683594E-5	
1.5153675079345702E-4	3.6844892501831055E-4	2.3736000061035157E-6	5.350154876708985E-4	9.49223804473877E-4	2.0259857177734376E-6	1.7615423202514647E-4	2.75734806060791E-4	0.005557293319702148	5.7525634765625E-5	4.15802001953125E-5	0.002669075870513916	0.0016422526359558104	1.1528968811035157E-6	0.0	0.004656999397277832	0.009366522884368896	1.3987255096435547E-5	1.508922576904297E-5	8.288068771362305E-5	1.1871337890625E-4	0.001801588249206543	1.2715625762939453E-5	
0.008717786979675292	0.018775668716430664	0.0020205010414123536	0.001448652458190918	3.9593162536621094E-4	2.2548675537109373E-6	0.002247500991821289	2.962409019470215E-4	8.318243980407715E-4	1.1049060821533203E-4	9.296836853027343E-5	0.001705203628540039	0.006945351505279541	1.195526123046875E-4	1.4149980545043945E-4	0.010063154411315918	0.03702885093688965	0.002212685489654541	3.376091957092285E-4	2.28424072265625E-4	0.002843034553527832	0.0	6.212873458862304E-5	
5.959235191345214E-4	9.996965408325196E-4	6.818132400512696E-5	2.9168024063110353E-4	0.0020268842697143555	1.7717361450195312E-6	4.125298500061035E-4	0.0019387393951416016	4.799652099609375E-4	2.6347694396972656E-4	3.628196716308594E-5	0.008984485244750977	0.0062084706306457516	2.1718311309814452E-5	0.0	0.0011056941986083983	0.004542711067199707	7.47977352142334E-4	4.404706954956055E-5	0.0	1.9832191467285157E-4	0.0	6.934261322021484E-6	
3.0466747283935547E-5	2.1669178009033204E-4	6.357831954956055E-5	3.2459678649902343E-4	1.1020660400390625E-6	0.0	1.2202796936035157E-4	4.0113639831542966E-5	3.131446838378906E-5	3.63455867767334E-4	1.2376594543457031E-5	0.005300301456451416	3.6593971252441406E-4	9.621524810791016E-6	0.0	4.5927257537841797E-4	0.0012173038482666016	0.002139901065826416	3.441715240478516E-6	1.627635955810547E-6	0.0029296366691589355	5.041332244873047E-5	0.0	
