0.6930437724113464	0.010037451839447022	1.4278831481933594E-4	4.8002452850341796E-4	4.448276519775391E-4	2.13623046875E-6	0.06786481218338013	2.627906799316406E-5	0.0011669074058532716	1.8363103866577148E-4	5.57708740234375E-5	0.3997968970298767	9.136030197143555E-4	9.855480194091797E-5	1.8574180603027343E-4	0.6571223364830017	0.727323599910736	0.013349270248413085	2.8887434005737305E-4	1.5027360916137694E-4	0.5745211368560791	0.0	1.1121940612792969E-5	
0.009842876815795898	0.002491336441040039	1.6292953491210936E-5	0.002391196346282959	1.1092290878295898E-4	0.009772610092163085	0.004944941234588623	1.1336431503295898E-4	0.0017211151123046875	0.001388541316986084	1.871490478515625E-4	0.07173500061035157	0.07219251842498779	1.8454647064208983E-5	1.312255859375E-5	1.0819330215454101E-4	0.013371488761901855	0.0429313066482544	2.722761154174805E-4	1.6263322830200195E-4	0.0019563038825988767	6.68199348449707E-4	4.4078826904296875E-7	
0.00648931713104248	0.003371861743927002	2.4379310607910157E-4	2.4931163787841795E-4	3.25020694732666E-4	1.77764892578125E-5	5.905914306640625E-4	6.919012069702149E-5	0.0010424381256103515	3.1432256698608397E-4	8.652582168579101E-5	0.00561498851776123	0.02355211048126221	1.5851335525512696E-4	1.6530323028564454E-5	0.008345040225982666	0.0423276180267334	3.121271133422852E-5	0.005808834457397461	8.145647048950196E-5	0.001066886043548584	4.4078826904296875E-7	1.0087966918945313E-6	
0.1024746280670166	0.1230445692062378	1.568260192871094E-5	1.2821617126464844E-4	0.002163051986694336	2.8432178497314455E-5	1.3436212539672852E-4	8.78779125213623E-4	0.019599609375	0.0	2.1412315368652345E-4	0.036873363876342775	3.8214778900146486E-5	0.0018683624267578124	0.002247331428527832	0.03685311212539673	0.04914911060333252	0.0032724507331848146	0.006011157608032227	0.0	0.019706581974029542	3.1703948974609373E-6	6.20235824584961E-4	
0.0025355106353759766	2.3538379669189454E-4	0.0	3.2696151733398436E-5	0.0	1.0833740234375E-5	7.609052658081054E-5	8.2244873046875E-5	0.04024262323379517	2.399444580078125E-4	1.2037467956542968E-5	0.00793324785232544	0.012365900707244873	1.2495231628417969E-5	2.644824981689453E-6	0.2476865556716919	0.0546759033203125	3.8511466979980466E-5	1.703901290893555E-5	0.0	2.292213439941406E-5	2.7380943298339846E-6	4.4078826904296875E-7	
1.6281976699829103E-4	9.386698722839356E-4	3.7867259979248045E-5	0.0	7.799148559570312E-7	0.0	6.611824035644532E-7	0.0	3.2382965087890625E-6	1.2037467956542968E-5	0.0	1.7098321914672853E-4	9.290885925292969E-6	0.0	0.0	2.0751953125E-5	0.01421274824142456	0.0	2.8652191162109375E-6	8.477210998535156E-7	1.2461376190185548E-5	3.391265869140625E-7	0.0	
0.004255210018157959	0.012930509757995605	7.389153480529785E-4	2.300262451171875E-4	6.87255859375E-4	1.0435295104980468E-5	1.5725040435791017E-5	1.4790000915527343E-4	3.1646728515625E-4	8.048162460327148E-5	4.144458770751953E-5	0.023484751415252685	0.006949462890625	1.4461898803710938E-5	3.6688899993896484E-5	0.006120037460327149	0.003292405891418457	1.3551502227783204E-4	5.658552169799805E-4	1.9786415100097655E-4	0.0031059858322143555	0.0016777971267700196	5.1871395111083986E-5	
0.001472896957397461	5.735607147216797E-5	2.4074935913085936E-5	0.0013657548904418945	1.209259033203125E-4	7.968902587890625E-7	1.2410449981689452E-5	0.0	0.06918418884277344	4.2987442016601564E-5	9.918212890625E-7	0.006039284610748291	8.039347648620606E-4	0.0	6.443023681640625E-7	0.2479871198654175	0.032416339492797853	2.5788202285766603E-4	0.0	0.0	1.3037776947021484E-5	0.0	0.0	
0.006257400512695312	5.417718887329102E-5	0.0	3.8918390274047854E-4	4.2126970291137694E-4	0.0	5.864458084106445E-5	0.08325087652206421	0.21024002075195314	1.51824951171875E-5	7.304725646972657E-5	0.009666951465606689	0.0027246856689453125	1.4309310913085938E-5	1.4611988067626954E-4	0.43858095808029174	0.07412064447402954	2.3671464920043946E-4	7.4683189392089845E-6	0.0	2.3755388259887695E-4	0.0	4.094780921936035E-4	
1.6397266387939454E-4	0.005195448112487793	3.5180091857910155E-6	0.0	3.448486328125E-4	2.7550697326660156E-6	0.0011452314376831055	8.505926132202149E-5	0.0013205718994140625	0.0	7.181806564331055E-5	0.012775650024414062	0.0012647501945495605	0.005904049301147461	3.693475723266602E-5	0.04502131996154785	0.05662378950119019	2.7026710510253906E-4	0.003111436653137207	6.12775993347168E-4	0.0013124592781066893	0.0	2.6609630584716797E-4	
0.004342948055267334	0.050231340217590334	9.336005210876465E-4	0.001166237735748291	5.70687198638916E-4	7.968902587890625E-7	1.1789960861206055E-4	4.0676536560058595E-4	0.004627304077148437	0.003243679428100586	0.0011435444831848145	0.017136315250396727	0.002340121841430664	1.3775253295898437E-5	1.3650684356689453E-4	0.005872794246673584	0.5723758867263794	1.71805477142334E-4	0.001028577995300293	0.001180699634552002	4.0524797439575193E-4	1.5524969100952148E-4	1.8488597869873048E-5	
0.02381256103515625	0.020734727668762207	2.6907176971435547E-4	0.0060336727142333985	0.0015619489669799805	0.010809012508392333	0.0020415411949157715	4.641384124755859E-4	0.007397418594360352	0.001129006290435791	1.1837425231933593E-4	0.2833305952072144	0.023015340137481688	4.044342041015625E-4	5.115678787231446E-4	0.0028883192062377928	0.04848949012756348	0.06978212146759033	0.0043662092208862305	0.00759379072189331	3.2969160079956056E-4	0.0018529340744018554	0.001573308277130127	
1.7771406173706055E-4	0.001484044361114502	8.265209197998047E-6	3.391265869140625E-7	0.0013250224113464356	2.7805328369140625E-6	0.004352103328704834	8.1787109375E-5	4.7359046936035155E-4	1.3207340240478516E-5	2.7228450775146486E-5	0.025567567634582518	1.9795732498168944E-4	2.2250709533691405E-4	2.046375274658203E-5	1.5271501541137694E-4	0.011531855297088623	5.076175689697266E-4	0.0014952765464782715	9.711286544799804E-4	1.6315040588378907E-4	0.001297751522064209	2.0599365234375E-5	
2.629767417907715E-4	0.0017171308517456056	5.52554702758789E-4	7.518348693847656E-5	7.799148559570312E-7	0.0	4.5369434356689456E-5	0.0	7.868452072143554E-5	7.950677871704101E-5	4.369096755981445E-5	5.05828857421875E-4	1.0737104415893554E-4	0.0	1.068115234375E-6	0.0011950005531311035	0.020648956298828125	0.0	1.434326171875E-5	0.0	1.0043678283691407E-4	0.0	1.0172843933105469E-6	
2.8685674667358396E-4	8.318586349487304E-5	0.0	3.7256908416748044E-5	3.1195735931396486E-5	1.0511398315429688E-6	4.161415100097656E-5	3.391265869140625E-7	9.380255699157715E-4	5.586433410644531E-6	1.4428043365478515E-5	0.001881290054321289	9.596080780029297E-5	4.475879669189453E-6	0.0	5.379740715026856E-4	6.531610488891602E-5	2.924633026123047E-6	0.0045946587562561035	0.0	1.0172843933105469E-6	0.0	1.0850906372070312E-6	
0.006721420288085938	7.52131175994873E-4	0.006405088615417481	3.4771385192871094E-4	0.16187034606933592	1.3207340240478516E-5	3.0500602722167968E-5	0.08403151617050171	0.14748972578048705	4.3497724533081054E-4	0.01624237060546875	0.1185757869720459	0.0017203351974487305	0.03514161853790283	0.0	0.01691650390625	9.00760269165039E-4	3.60870361328125E-5	0.0025812191009521486	0.0	3.9605045318603516E-5	0.0	2.8771305084228516E-5	
0.009398456192016602	0.0029929436683654785	0.004183358097076416	0.0022930315017700197	0.11214676752090454	1.3971967697143554E-4	0.010031933212280273	1.2166337966918946E-4	0.0014899105072021484	0.03498741149902344	0.010625211906433105	0.08188179016113281	0.02868450584411621	0.009507064819335937	2.6075553894042967E-5	0.03935302734375	0.01264699296951294	6.111993789672851E-5	0.0014714982986450194	3.511980056762695E-4	0.017037675666809082	4.4078826904296875E-7	2.593994140625E-5	
7.80800724029541E-4	0.0072635480880737305	0.0018282148361206056	3.7477302551269533E-5	2.551692962646484E-4	0.0	2.1701431274414064E-5	9.891090393066406E-5	5.245208740234375E-4	1.3417558670043945E-4	1.2342643737792968E-5	0.12418446006774903	3.458827972412109E-4	0.0	3.2215118408203124E-7	4.2690696716308596E-4	0.005937822151184082	0.0	1.8733978271484374E-6	4.4078826904296875E-7	2.0854530334472657E-4	9.169683456420898E-5	2.516002655029297E-5	
1.8001136779785155E-4	0.004571465396881104	8.036298751831055E-5	4.8667049407958986E-5	0.0	1.366424560546875E-4	0.0029027727127075194	0.0	2.4410667419433595E-4	9.113731384277344E-5	1.1935806274414062E-5	0.0179500919342041	0.0026429918289184572	1.642017364501953E-5	0.001715087890625	0.001200680160522461	0.011180267333984376	3.4925460815429687E-6	0.0	1.3902664184570312E-6	4.3731689453125E-4	0.001180911636352539	0.0	
7.564125061035157E-5	1.4414472579956056E-4	0.0	8.829755783081054E-5	0.008429582405090333	0.0	8.934868812561035E-4	3.255176544189453E-6	0.0037174479484558104	7.044477462768554E-5	3.1195735931396486E-5	0.002328465747833252	0.004202838516235352	9.494781494140625E-7	0.0	0.011191948795318603	0.010529700374603271	9.494781494140625E-7	1.6361236572265625E-6	6.877479553222656E-5	2.1966724395751952E-4	1.2851295471191405E-4	3.2215118408203124E-7	
0.012182532405853272	0.005010299682617188	0.001015336799621582	8.828142166137696E-4	3.0436201095581056E-4	4.4078826904296875E-7	0.001646601390838623	1.5009565353393554E-4	8.72929859161377E-4	1.8567399978637695E-4	5.8280086517333985E-5	9.697299957275391E-4	0.013160985279083251	9.728326797485351E-5	3.611278533935547E-6	0.0033245426177978517	0.016797197151184082	0.0013193172454833983	1.1071949005126954E-4	1.2446088790893554E-4	5.425855636596679E-4	0.0	2.0684242248535155E-6	
1.6300621032714843E-4	1.3770208358764648E-4	2.4753570556640626E-6	7.074146270751954E-5	0.001387185001373291	1.2800216674804688E-6	1.456451416015625E-4	0.0027236430168151855	3.1880693435668944E-4	8.7432861328125E-5	3.549365997314453E-5	0.006233834171295166	0.003741158390045166	2.797412872314453E-6	0.0	0.0011037699699401856	0.007003835010528564	4.579840660095215E-4	7.998151779174804E-5	0.0	3.221893310546875E-4	0.0	1.03759765625E-5	
2.8160953521728516E-5	2.2432966232299804E-4	0.0	5.00912094116211E-4	1.0257720947265624E-6	3.2215118408203124E-7	4.178361892700195E-5	0.0	1.2225685119628907E-4	0.001699396800994873	1.2359619140625E-5	0.0027341376304626467	0.0028224860191345216	0.0	0.0	0.0	0.001569798755645752	8.826701164245605E-4	3.2215118408203124E-7	1.2910652160644532E-5	5.154037475585937E-6	2.1998119354248048E-5	0.0	
