0.6888949669837952	0.017756576538085937	2.6818170547485354E-4	5.17391586303711E-4	2.1864147186279298E-4	0.0	0.33760208978652956	3.863868713378906E-5	0.0064708624839782715	7.106611251831054E-4	0.001220720100402832	0.35734408912658694	0.002246585464477539	1.2524070739746093E-4	1.2919960021972655E-4	0.7224298180580139	0.8747363026618957	0.013458582592010498	7.754859924316407E-5	2.2671165466308594E-4	0.5568087513923645	0.0	4.987926483154297E-5	
0.009554129695892335	0.003144412612915039	1.02996826171875E-5	0.005905592155456543	1.912689208984375E-4	0.010853652954101562	0.009284600162506103	1.3188676834106444E-4	0.001170188045501709	0.0032099066734313964	2.1062211990356444E-4	0.09450118169784547	0.023499747371673586	0.0017835575103759766	1.0799789428710938E-5	0.001953913402557373	0.03446957054138183	0.04986180620193482	0.0017483775138854981	0.001458248519897461	0.0353042857170105	9.707386970520019E-4	2.644824981689453E-6	
0.006954862785339355	0.001446380615234375	8.358421325683594E-5	5.596160888671875E-4	1.4682350158691407E-4	8.392333984375E-7	0.004540557861328125	5.98907470703125E-5	5.234272956848144E-4	6.851789474487305E-4	1.3256492614746094E-4	0.003617392635345459	0.009008026123046875	1.238335609436035E-4	1.1717052459716797E-4	0.008127958488464355	0.0422906494140625	1.5003623962402343E-4	0.004170769596099854	7.052106857299805E-5	0.006667878913879394	0.0	2.8652191162109375E-6	
0.2310335795402527	0.13560963096618653	3.51715087890625E-5	4.484386444091797E-5	0.0023241424560546875	2.1139354705810548E-4	2.0959644317626954E-4	0.0010191938400268554	0.030199720573425293	0.0	0.001050262451171875	0.04051857843399048	4.8234939575195315E-6	0.0026641252517700196	0.003953136825561523	0.04786809282302856	0.07281059265136719	0.005952377319335938	0.004034220409393311	0.0	0.009663043594360352	4.077529907226562E-6	0.00401072187423706	
0.0021822017669677735	1.766119956970215E-4	0.0	3.385753631591797E-5	0.0	0.0	8.078670501708984E-6	4.199981689453125E-4	0.056404613876342775	1.85089111328125E-4	1.6445159912109374E-6	0.008526034927368163	0.001994917106628418	1.962451934814453E-5	1.434326171875E-5	0.29538061351776124	0.04608227195739746	4.3162031173706055E-4	5.7050704956054685E-6	0.0	2.821178436279297E-5	2.0344734191894533E-6	4.4078826904296875E-7	
2.3830833435058594E-4	0.0016092936515808105	1.3105583190917969E-5	3.3145523071289064E-5	0.0	0.0	1.6614913940429687E-6	0.0	4.269065856933594E-5	0.0	0.0	1.5619068145751954E-4	5.3812694549560544E-5	0.0	0.0	1.0558233261108399E-4	0.019864188289642332	0.0	7.014808654785156E-5	4.069328308105469E-7	1.146106719970703E-5	1.2495231628417969E-5	0.0	
0.03281643333435059	0.037972700309753415	0.001467776870727539	0.0018311479568481445	5.064985275268555E-4	4.4445419311523436E-5	6.193119049072265E-4	2.4142837524414062E-5	7.193078041076661E-4	0.008174548721313476	0.008935767269134521	0.022401767349243165	0.020851813411712647	6.308660507202148E-5	8.618669509887695E-5	0.01040935935974121	0.006179055118560791	2.530670166015625E-4	3.37660026550293E-4	0.001788779354095459	0.0023168182373046876	0.0014778900146484376	3.299628257751465E-4	
0.0016092681884765626	1.3827009201049806E-4	2.44140625E-5	0.001224331283569336	9.025743484497071E-4	0.0	1.042652130126953E-6	0.0	0.07000840082168579	2.8618717193603516E-5	1.5224838256835937E-5	0.007650875473022461	0.002235700798034668	1.1986637115478515E-5	2.4713306427001956E-4	0.2680189344406128	0.03180539445877075	4.1148719787597655E-4	3.957958221435547E-5	0.0	5.5694580078125E-6	0.0	0.0	
0.004925486278533935	6.65613842010498E-4	0.0	0.0012372334480285645	4.1765851974487307E-4	0.0	2.2718620300292968E-5	0.10843435497283936	0.23298091468811036	1.9339666366577148E-4	6.617231369018555E-5	0.011663462352752686	0.012221060848236084	6.188392639160157E-7	1.2713117599487305E-4	0.4344800397872925	0.08143063011169434	4.3401927947998045E-4	1.9412994384765626E-6	0.0	0.001049635124206543	0.0	4.3772382736206053E-4	
7.03608226776123E-4	0.01037160234451294	6.567211151123047E-5	0.0	6.722174644470214E-4	1.3893985748291015E-5	0.001568756103515625	9.524030685424804E-5	0.0018337419509887696	0.0	1.8170671463012695E-4	0.005724055004119873	1.7462730407714843E-6	6.57051944732666E-4	5.877177238464356E-4	0.03217048645019531	0.032901704597473144	0.001985787296295166	1.9621105194091797E-4	4.66927433013916E-4	0.001885104751586914	0.0	2.9047651290893555E-4	
0.003179033088684082	0.05860699119567871	7.576751708984375E-4	6.876288414001465E-4	8.45947265625E-4	9.4146728515625E-5	8.818731307983399E-5	3.93812370300293E-4	0.005032357120513916	0.0035447269439697264	8.41666316986084E-4	0.019066619873046874	0.004465662670135498	1.2238397598266602E-4	0.002065616226196289	0.012751117324829102	0.5791079627037048	1.801215171813965E-4	8.294169425964355E-4	7.447136878967285E-4	3.310309410095215E-4	1.0542974472045899E-4	5.950927734375E-6	
0.024625311946868896	0.019935455322265625	4.668426513671875E-4	0.007935816478729247	0.001332821273803711	0.016356684398651122	7.908375740051269E-4	5.785284996032714E-4	0.010441801261901855	0.0022157711029052733	9.758844375610352E-5	0.32387954711914063	0.0250701904296875	3.403557777404785E-4	9.160698890686035E-4	0.011460054206848145	0.05024737043380737	0.09363617792129517	0.004152798080444336	0.005881618881225586	8.629268646240234E-4	0.003957485580444336	0.0034440189361572265	
2.5311784744262695E-4	0.0059764946937561035	1.7564563751220702E-4	2.6787757873535156E-6	0.001356175708770752	3.4332275390625E-6	0.0037143537521362306	3.1520423889160157E-4	8.426836013793945E-4	1.5140151977539063E-5	5.992469787597656E-5	0.030372729873657228	1.2516441345214845E-4	6.146745681762695E-5	6.307050704956055E-4	0.003955612182617188	0.0068471187591552735	1.4042320251464845E-4	0.002080408763885498	0.0015132904052734375	2.71750545501709E-4	8.428107261657714E-4	6.842719078063965E-4	
2.527278900146484E-4	0.0020999568939208983	4.0099248886108396E-4	8.473711013793946E-5	1.3698959350585937E-5	0.0	9.10186767578125E-5	0.0	1.7552690505981446E-4	1.8268165588378906E-4	5.289745330810547E-6	8.576372146606446E-4	1.2265520095825196E-4	0.0	0.0	0.00237152099609375	0.02726462469100952	5.085945129394531E-7	1.6750717163085937E-5	5.2219390869140625E-6	5.6508350372314456E-5	1.0172843933105469E-6	0.0	
2.4798078536987305E-4	5.2142715454101565E-5	0.0	4.42047119140625E-4	3.289966583251953E-5	3.5600662231445314E-7	3.4671783447265627E-6	8.64986801147461E-4	0.001605504322052002	2.797412872314453E-6	4.419116973876953E-5	7.196214675903321E-4	3.0263261795043946E-4	1.630992889404297E-5	0.0	0.002801183032989502	6.15700626373291E-4	0.0	1.129150390625E-5	0.0	2.2718620300292968E-5	0.0	0.0	
0.00587066650390625	2.911716461181641E-4	0.006400027847290039	6.875270843505859E-4	0.20329058332443237	7.544517517089844E-7	4.964189529418945E-5	0.13646588640213012	0.170447718334198	4.865349769592285E-4	0.01692018299102783	0.14264092340469361	0.002959306526184082	0.03203458995819092	0.0	0.016891148853302004	0.002387356185913086	1.719160079956055E-5	0.003258641529083252	0.0	1.1189460754394531E-6	0.0	2.8016853332519532E-5	
0.015941857242584227	0.010906134700775146	0.005777155590057373	0.0039588080406188966	0.14419525146484374	7.961692810058593E-5	0.015365888786315918	2.3681640625E-4	0.006246507453918457	0.005288942146301269	0.01372603521347046	0.10269027709960937	0.017383533096313478	0.017170062637329103	4.172515869140625E-4	0.04017295837402344	0.013643095207214356	5.994330406188965E-4	3.1773881912231444E-4	0.013484200382232666	0.017826572036743163	4.909934997558594E-5	4.375877380371094E-5	
9.36296272277832E-4	0.009986970710754394	0.0027911376953125	7.191123962402343E-5	1.3345508575439454E-4	0.0	1.2997941970825194E-4	1.3768510818481445E-4	3.745015144348145E-4	6.738452911376953E-5	5.595207214355469E-7	0.11822587757110596	6.638251304626465E-4	0.0	1.1528968811035157E-6	3.467644691467285E-4	0.0054797617912292484	0.0	3.451881408691406E-5	3.956260681152344E-5	4.50430965423584E-4	0.0020304022789001466	4.841270446777344E-5	
6.927490234375E-5	2.5014238357543944E-4	0.0	1.2086658477783202E-4	7.761640548706055E-5	1.5580921173095704E-4	0.0030721537590026856	0.0	8.866205215454102E-5	2.088756561279297E-5	5.323600769042969E-6	0.02088367042541504	0.00163970947265625	2.3295116424560547E-5	2.3193359375E-5	0.0014226362228393554	0.009677344417572021	5.16230297088623E-4	0.0	6.501960754394531E-6	2.3852882385253906E-4	6.09588623046875E-5	4.7473907470703127E-7	
1.7041521072387695E-4	3.128644943237305E-4	0.0	3.8578453063964845E-4	5.00674819946289E-4	5.001068115234375E-7	3.997802734375E-5	3.326416015625E-4	0.002719997787475586	3.668041229248047E-5	3.882503509521485E-6	0.0018457879066467286	0.006762042617797851	1.356334686279297E-5	0.0	0.016487401294708253	0.034165742683410646	1.7462825775146484E-5	4.458999633789063E-6	3.7189102172851566E-5	6.392583847045898E-5	2.0212812423706054E-4	7.62939453125E-7	
0.007987086009979247	0.004099027824401856	0.002093819522857666	0.0024535369873046873	5.11762809753418E-4	2.737255096435547E-5	0.0015276591300964356	0.0011854976654052734	0.0012102763175964356	1.2881813049316407E-4	0.0023342387199401854	0.001067335319519043	0.005991956901550293	1.2691078186035157E-4	2.3058576583862304E-4	0.007459810066223145	0.029946060180664064	6.905704498291015E-4	1.1827259063720703E-4	4.3549432754516604E-4	0.002613652515411377	2.1752262115478517E-5	2.2379875183105467E-6	
1.6631231307983398E-4	9.37364387512207E-4	1.434326171875E-5	6.5643310546875E-4	0.003003226375579834	1.7932472229003905E-4	0.002421858024597168	0.001940926456451416	3.476715087890625E-4	0.004177873420715332	3.190784454345703E-5	0.009218961906433105	0.007059783935546875	1.7022027969360352E-4	0.0	0.002565341567993164	0.003455785083770752	1.5146045684814454E-4	1.2148542404174805E-4	0.0	5.201128005981445E-4	0.0	1.3614273071289063E-5	
1.9395637512207033E-5	3.0575218200683594E-4	3.814697265625E-5	7.91753101348877E-4	2.5872135162353517E-5	0.0	1.8328351974487305E-4	3.391265869140625E-7	8.759393692016602E-5	6.951332092285156E-7	1.2037467956542968E-5	0.005016674423217774	0.001059248161315918	0.0	0.0	2.2922096252441407E-4	7.204352378845215E-4	0.0018813069343566894	1.3800716400146484E-5	3.391265869140625E-7	3.6938133239746096E-4	3.0042839050292967E-5	0.0	
