0.724708531665802	0.010177493667602538	3.481377601623535E-4	2.807956695556641E-4	1.177215576171875E-4	1.5343666076660156E-6	0.26348531084060667	5.062522888183594E-5	0.001271209716796875	6.021289825439453E-5	4.0605354309082035E-5	0.3432796308517456	0.0014407518386840821	1.2203636169433594E-4	7.192821502685547E-5	0.765804553604126	0.6811322869300842	0.01288279218673706	3.2051944732666014E-5	7.182655334472657E-5	0.5449560970306396	0.0	3.8502979278564454E-5	
0.013025911140441895	0.002260555648803711	1.5161304473876953E-4	0.001707577133178711	3.4617109298706053E-4	0.011909713745117187	0.0032350751876831056	7.84130096435547E-6	3.3583745956420897E-4	6.87281322479248E-4	1.595306396484375E-4	0.06701765270233154	0.027256664657592772	2.4290294647216797E-4	6.459522247314453E-6	3.418392181396484E-4	0.013966547679901123	0.04552733526229858	0.0010437774658203125	1.59598445892334E-4	0.0011777156829833985	8.167266845703125E-4	4.4078826904296875E-7	
0.0071970112800598144	0.003402091121673584	4.898494720458985E-4	3.8342790603637693E-4	1.0771007537841797E-4	9.350204467773437E-6	8.22728443145752E-4	1.3156509399414063E-5	5.443996429443359E-4	2.4981184005737307E-4	2.521260261535644E-4	9.61286735534668E-4	0.007873051929473877	1.2256202697753907E-4	4.153823852539062E-6	0.006094657039642334	0.039051606941223144	3.797721862792969E-6	0.0038074578285217284	0.00145721435546875	6.047905921936035E-4	2.5434494018554687E-7	7.146167755126953E-6	
0.20932774858474731	0.09946753606796264	1.2281627655029296E-4	7.887945175170899E-5	0.0033963521003723142	1.1092290878295898E-4	1.1312694549560547E-4	0.0011884138107299805	0.031713468742370604	0.0	1.8785266876220703E-4	0.023337224292755126	1.4063549041748047E-5	0.001727930736541748	2.9245166778564454E-4	0.03922902421951294	0.053009109497070314	0.0010599517822265626	0.003997658634185791	0.0	0.009884507942199708	2.318657875061035E-4	5.391523361206055E-4	
0.0032924906730651855	1.274956703186035E-4	0.0	1.1077880859375E-4	0.0	0.0	2.7308149337768555E-4	1.6022577285766603E-4	0.035008146476745605	2.4481868743896484E-5	1.6954421997070313E-6	0.005507736206054687	0.010197677612304688	1.4580726623535156E-6	1.7662897109985352E-4	0.2470952606201172	0.04503501892089844	2.9322338104248047E-5	5.43975830078125E-5	0.0	4.985389709472656E-5	0.0	3.391265869140625E-7	
1.9292192459106444E-4	0.001425340461730957	7.374763488769531E-7	7.62939453125E-7	0.0	0.0	7.595443725585938E-6	0.0	1.0268316268920898E-4	1.0172843933105469E-6	0.0	2.16361141204834E-4	1.6072559356689454E-5	0.0	0.0	1.6013240814208985E-5	0.019759606266021728	0.0	9.833335876464843E-7	2.8228759765625E-5	4.655628204345703E-5	3.391265869140625E-7	3.2215118408203124E-7	
0.010449998664855957	0.002144504165649414	0.001356353759765625	2.5303306579589846E-4	0.0015691630363464356	4.593573570251465E-4	2.0378971099853516E-5	2.4561567306518553E-4	4.4430198669433596E-4	1.0216608047485352E-4	1.2578325271606446E-4	0.008588985824584961	0.016827536678314207	7.51495361328125E-5	2.946643829345703E-5	0.001085340690612793	0.004040688419342041	4.2143077850341796E-4	1.8309698104858397E-4	0.0027333746910095215	0.0032596503257751467	0.0011632792472839357	1.1466131210327148E-4	
0.0010950809478759765	2.2210121154785156E-6	3.9844512939453125E-7	6.458702087402344E-5	5.107709884643554E-4	0.0	1.7496776580810545E-5	0.0	0.05551536560058594	3.875732421875E-5	0.0	0.002360042953491211	3.664313316345215E-4	0.0	7.62939453125E-7	0.20090126886367798	0.024236238288879393	6.026372909545898E-5	1.0596275329589844E-6	0.0	2.000598907470703E-5	9.1552734375E-7	1.8039321899414064E-5	
0.007660717391967773	0.002891108226776123	0.0	2.1907386779785156E-4	4.31230354309082E-4	7.968902587890625E-7	3.5273265838623046E-5	0.07161072626113892	0.2112904951095581	2.4444580078125E-4	2.519397735595703E-5	0.017884767341613768	0.002163865852355957	1.3766860961914063E-5	6.566362380981446E-5	0.45624555797576904	0.05358613758087158	3.1040611267089843E-4	3.9757728576660155E-6	0.0	2.0429821014404296E-4	1.0511398315429688E-6	2.8977289199829103E-4	
2.4809942245483397E-4	0.008614366340637208	7.646350860595704E-5	0.0	7.40542984008789E-4	1.5851974487304687E-6	0.0014399041175842285	1.0306463241577149E-4	0.002983678150177002	0.0	1.657867431640625E-4	0.0068477885246276855	2.4487810134887696E-4	5.741458892822266E-4	1.5360546112060547E-5	0.016675889778137207	0.051936738777160645	0.004721247386932373	1.5638561248779297E-4	0.013374252319335938	0.003050367546081543	2.7270889282226563E-5	9.894475936889648E-5	
0.0033152092933654786	0.04829082908630371	7.732391357421875E-4	9.705607414245605E-4	7.18392276763916E-4	1.5767097473144531E-6	2.4066505432128907E-4	1.7046613693237305E-4	0.003888676929473877	0.0031474982261657713	6.48947811126709E-4	0.015672005558013916	0.0035233561515808105	4.007129669189453E-5	6.0450267791748045E-5	0.0075365617752075195	0.528071399307251	9.993658065795898E-5	5.22893238067627E-4	1.2079877853393555E-4	4.049004554748535E-4	2.9076480865478517E-5	3.5264968872070312E-6	
0.02515435962677002	0.018615078353881837	1.5374078750610352E-4	0.003558027458190918	9.261661529541016E-4	0.017916997241973875	0.0018993207931518555	2.225494384765625E-4	0.003962114143371582	0.0010770670890808106	1.0125055313110351E-4	0.27268286809921266	0.022644746589660644	4.122161865234375E-4	2.0886735916137694E-4	0.0031650797843933106	0.046638895702362064	0.06921329078674317	0.00479420976638794	0.001531194019317627	4.4392051696777343E-4	0.01029978437423706	0.0021044158935546874	
2.672153472900391E-4	0.01696874828338623	1.130847930908203E-5	2.7805328369140625E-6	0.0019548712730407714	5.622014999389648E-5	0.001877288818359375	1.7641706466674806E-4	4.02815055847168E-4	4.4078826904296875E-7	2.9051017761230468E-5	0.008126975154876709	9.598627090454101E-5	8.061723709106445E-5	1.27105712890625E-4	8.527374267578125E-4	0.006978107070922852	0.001128709602355957	0.004641409969329834	0.005901039981842041	4.5566139221191404E-4	0.0017232513427734375	4.603919982910156E-5	
4.2583885192871095E-4	0.0016418880462646483	2.9804649353027345E-4	1.3873634338378905E-4	7.256412506103516E-6	0.0	2.969532012939453E-5	0.0	1.5407981872558594E-4	3.139076232910156E-5	5.085945129394531E-7	7.677629470825196E-4	0.0028663126945495604	0.0	0.0	0.001191592788696289	0.02111083984375	0.0	1.7115306854248047E-5	0.0	1.0179309844970702E-4	0.0	4.4078826904296875E-7	
2.625189781188965E-4	9.907188415527344E-5	0.0	2.966136932373047E-5	1.0349693298339844E-4	3.2215118408203124E-7	2.543163299560547E-6	0.0	2.0083112716674805E-4	6.696701049804688E-7	1.0511398315429688E-6	4.385036468505859E-4	1.5110435485839844E-4	1.4665603637695313E-6	0.0	3.4358558654785156E-4	1.000213623046875E-4	8.815765380859375E-7	0.0	0.0	0.0	0.0	1.0850906372070312E-6	
0.011007885360717774	3.3391313552856447E-4	0.013876698780059815	0.002676366138458252	0.2063279130935669	3.205532073974609E-4	1.4445018768310546E-5	0.08988860235214233	0.20651852922439576	1.1667041778564453E-4	0.014314058113098145	0.10969089088439941	6.786006927490234E-4	0.03571762933731079	0.0	0.011254128360748291	0.0030371517181396485	1.908111572265625E-4	0.003450037670135498	0.0	0.0	0.0	3.536643981933594E-5	
0.009065517807006837	0.002720184326171875	0.00770172119140625	0.006650763607025147	0.13223424272537232	4.457263946533203E-5	0.014799431705474854	7.761640548706055E-5	0.0016609869956970215	8.51109790802002E-4	0.010171932601928712	0.07972810535430908	0.012997512817382812	0.01371868553161621	3.99347972869873E-4	0.03559782238006592	0.009874030208587646	5.468578338623047E-5	1.1749267578125E-4	1.4406843185424804E-4	0.004171379947662353	4.4078826904296875E-7	4.11224365234375E-5	
0.001640167236328125	0.009907641983032227	0.0026281145095825194	3.775701522827148E-5	3.220453262329102E-5	0.0	7.4615478515625E-5	8.672046661376952E-6	6.87103271484375E-4	1.2054443359375E-5	1.2715625762939453E-5	0.1279849582672119	3.7042407989501953E-4	6.951332092285156E-7	3.190784454345703E-5	6.908586502075196E-4	0.006174545288085937	0.0	1.0003089904785156E-6	7.727727890014648E-5	2.2260875701904297E-4	9.078130722045899E-5	1.0257720947265624E-6	
2.1490306854248046E-4	0.013671722412109375	2.6211166381835938E-5	5.064220428466797E-5	1.2376785278320313E-6	7.205963134765625E-7	0.005091586685180664	9.494781494140625E-7	1.5767383575439454E-5	1.9870338439941407E-4	0.0	0.02197252063751221	0.006126539421081543	7.654857635498047E-6	1.3054752349853516E-5	0.0012825775146484376	0.015378655338287353	1.3563156127929687E-6	0.0	3.2704639434814455E-5	0.01019144697189331	0.002228995418548584	1.6614913940429687E-6	
2.252368927001953E-5	1.1142311096191406E-4	5.832290649414062E-6	2.579498291015625E-4	9.251234054565429E-4	1.0172843933105469E-6	2.48870849609375E-4	1.9870376586914062E-5	0.005184877204895019	2.91459846496582E-4	1.743736267089844E-5	7.950337409973144E-4	0.022685818099975587	1.2715625762939453E-5	0.0	0.003027793025970459	0.007333696174621582	2.9500293731689452E-5	2.165050506591797E-5	7.520885467529297E-5	1.949729919433594E-5	0.0	0.0	
0.008150041389465332	0.0031987847328186036	0.001003748607635498	9.527416229248046E-5	3.61031436920166E-4	1.220703125E-6	9.98848819732666E-4	1.88446044921875E-4	8.376397132873535E-4	4.3065385818481447E-4	1.27554988861084E-4	0.0016234418869018555	0.001098802375793457	2.013397216796875E-4	1.5157032012939453E-5	0.001972342586517334	0.022954576301574707	0.0028950077056884766	2.7976140975952146E-4	1.3916864395141601E-4	7.258182525634766E-4	3.391265869140625E-7	1.8310546875E-6	
9.067115783691406E-5	1.9317626953125E-4	1.436699867248535E-4	6.10368537902832E-4	4.1202125549316405E-4	0.0	3.71687126159668E-4	0.002171207046508789	4.1853160858154294E-4	1.577080726623535E-4	3.526477813720703E-5	0.008039499950408936	0.005243191146850586	3.645133972167969E-6	0.0	5.640581130981446E-4	0.004171049308776855	2.3151016235351563E-5	6.120471954345704E-5	0.0	1.3904991149902343E-4	0.0	1.3380260467529297E-4	
1.553001403808594E-5	6.404457092285157E-5	0.0	0.0024343109130859374	0.0	0.0	2.7720165252685548E-5	0.0	4.0259466171264647E-4	0.0010141669273376465	5.018444061279297E-5	0.0022539605140686034	3.681182861328125E-4	1.2376594543457031E-5	4.4078826904296875E-7	3.391265869140625E-7	4.33341121673584E-4	1.2715625762939453E-5	0.0	1.4326095581054687E-6	9.1552734375E-7	2.1345348358154298E-4	0.0	
