0.7115661705970764	0.04756057739257812	3.28843879699707E-4	6.477610588073731E-4	0.0024539608001708985	3.2215118408203124E-7	0.030717095279693605	1.2259588241577148E-4	0.003762952995300293	0.0016417524337768554	4.4606523513793944E-4	0.31710724725723266	0.002976972770690918	1.0347156524658203E-4	0.0012576802253723145	0.7004625701904297	0.8120068529129029	0.012449510383605956	2.5830583572387694E-4	0.002980202579498291	0.47837693958282473	0.0	5.100669860839844E-5	
0.008825971794128418	0.0030204010009765624	0.001955591869354248	0.004912855339050293	0.001958024787902832	0.013198369312286377	0.006663377571105957	3.1993446350097655E-4	0.0010495164871215821	0.0022974650382995604	1.8999738693237304E-4	0.11460838317871094	0.024912711238861084	1.6992359161376952E-4	2.2744083404541016E-5	0.0014945390701293945	0.05834827842712402	0.10488977222442628	4.1200428009033205E-4	0.011523810482025146	0.0024748738288879395	8.90621566772461E-4	1.8378353118896485E-5	
0.030746239566802978	0.00631276445388794	8.629693984985352E-5	7.83513355255127E-4	2.74497127532959E-4	6.130638122558594E-5	0.0020922173500061035	1.5301132202148437E-5	7.697635650634766E-4	4.2437238693237303E-4	1.6622753143310547E-4	0.002576115894317627	0.030835469532012938	1.6025962829589843E-4	1.7581558227539063E-5	0.018902621841430663	0.037173283863067626	0.0013251495361328125	0.0020563167572021485	8.111743927001953E-5	0.013850385856628417	0.0	1.1641607284545899E-4	
0.24738113403320314	0.0978533935546875	2.8218584060668946E-4	6.853145599365235E-4	0.004516389656066894	3.675164222717285E-4	0.005371348094940186	6.349521636962891E-4	0.03444435119628906	0.0	9.36711597442627E-4	0.038655666732788085	4.366559982299805E-5	0.004127672004699707	0.002128745174407959	0.07500474720001221	0.10233091564178466	0.007929339981079102	0.004818259334564209	0.0	0.020309736442565916	5.7856273651123046E-5	0.0035881465911865233	
0.002774174976348877	2.5907726287841795E-4	3.899574279785156E-7	3.5694541931152344E-4	0.0	8.774652481079101E-5	8.11767578125E-5	2.8845043182373046E-4	0.03953221635818482	3.5075721740722654E-4	3.163652420043945E-5	0.006936857414245605	0.003567538833618164	3.3908843994140626E-6	9.522333145141602E-5	0.29173168601989746	0.038631591796875	2.1137657165527343E-4	3.333196640014648E-5	0.0	6.89697265625E-5	8.0108642578125E-4	3.391265869140625E-7	
4.595099449157715E-4	0.0023143598556518556	1.2444400787353515E-5	2.6880931854248045E-5	1.2647819519042969E-5	0.0	6.092071533203125E-4	0.0	6.195068359375E-5	3.814697265625E-5	0.0	2.2259178161621095E-4	1.0019092559814453E-4	0.0	0.0	8.825511932373046E-5	0.02341259422302246	2.897472381591797E-5	3.0068302154541016E-5	3.2215118408203124E-7	1.0935497283935546E-5	8.772106170654297E-5	0.0	
0.03640303716659546	0.010334667587280274	0.0019863128662109377	0.002768868350982666	7.68000316619873E-4	8.11004638671875E-5	6.969367027282715E-4	7.2265625E-4	9.634822845458984E-4	3.0842247009277345E-4	8.612737655639648E-5	0.011041302108764648	0.053867365550994875	6.620616912841797E-5	1.0821027755737305E-4	0.0020181104660034178	0.01762847900390625	4.3390064239501953E-4	6.502193450927734E-4	2.2560968399047853E-4	0.003078342056274414	0.001735382080078125	0.0012193721771240234	
0.00102874755859375	1.740264892578125E-4	0.0	1.7381458282470703E-4	0.0010223388671875	0.0	9.056940078735352E-5	0.0	0.059499333667755124	1.9234561920166016E-5	0.0	0.005002653312683105	3.25910758972168E-4	0.0	0.0	0.20712924537658692	0.029799711418151856	5.198163986206055E-5	8.024425506591797E-5	0.0	5.582170486450195E-5	0.0	2.44140625E-5	
0.009032313060760497	8.273060798645019E-4	0.0	3.6884727478027346E-4	0.002236785888671875	4.4078826904296875E-7	6.23931884765625E-4	0.07734497919082642	0.25208488464355466	0.0032209014892578126	3.321332931518555E-5	0.009801457691192627	0.0027602725982666014	1.992130279541016E-6	1.4903602600097656E-4	0.4749553935050964	0.074923375415802	1.2119712829589844E-4	0.003852106761932373	0.0	2.451409339904785E-4	0.0	6.40275764465332E-4	
0.002210862922668457	0.018465092945098877	0.00480010986328125	0.0	0.0015117221832275391	4.2301177978515625E-6	0.00315521240234375	5.491466522216797E-5	0.012990324211120605	0.0	1.05438232421875E-4	0.027984907341003416	3.78265380859375E-4	4.82194709777832E-4	7.76807975769043E-4	0.02175181074142456	0.06747271223068237	0.007329644107818604	0.0028829362869262696	0.001844507884979248	0.014515660572052003	3.391265869140625E-7	7.473076820373535E-4	
0.0046704694747924805	0.063939208984375	0.001476601505279541	4.784478187561035E-4	5.89023208618164E-4	9.850406646728516E-6	0.001712934684753418	9.907188415527344E-5	0.004830780029296875	0.00799646167755127	0.001161973762512207	0.017394392204284667	0.0029677496910095213	4.5327091217041016E-5	8.38470458984375E-5	0.014603135871887206	0.6224044036865234	2.6645240783691406E-4	4.0540056228637695E-4	5.940839767456054E-4	6.792026519775391E-4	5.3761768341064454E-5	1.9081974029541016E-5	
0.02514949378967285	0.02100746154785156	0.004902360725402832	0.005090925407409668	0.005727827262878418	0.019025972175598146	0.0038722737312316896	3.4650163650512696E-4	0.003581110668182373	0.003477918815612793	5.9577083587646484E-5	0.30197843761444093	0.04820308265686035	2.797783851623535E-4	0.004104707527160644	0.01093190507888794	0.06942164106369018	0.18213621349334716	0.009129121589660644	0.0027598148345947264	0.009801915454864502	0.003964360523223877	0.01131398515701294	
5.663299560546875E-4	0.016209369277954102	0.004732928848266602	1.4919281005859375E-6	0.016848212337493895	2.3534984588623046E-4	0.002636294937133789	8.283824920654297E-5	0.003641688060760498	6.239128112792969E-6	2.8720474243164063E-5	0.011716952896118163	1.0158119201660157E-4	1.0041131973266601E-4	1.244269371032715E-4	0.00446081371307373	0.015012986946105956	0.0015183173179626464	0.001848915958404541	4.00076961517334E-4	0.0012672763824462892	0.0033740742683410646	3.600311279296875E-4	
5.746036529541015E-4	0.002164323616027832	7.009124755859375E-4	1.8153724670410157E-4	0.0	0.0	3.5157098770141604E-4	2.2548675537109373E-6	2.666473388671875E-4	1.5470714569091796E-4	1.3749885559082031E-5	0.0010285356521606446	0.002795130443572998	0.0	0.0	0.0019168768882751464	0.028970235157012938	2.4117374420166017E-5	3.2179069519042966E-5	1.3749885559082031E-5	2.0270452499389648E-4	0.0	1.3458251953125E-4	
3.3799915313720703E-4	1.6123485565185548E-5	0.0	2.0097522735595702E-4	2.626885414123535E-4	0.0	0.001291469955444336	1.3054847717285156E-6	0.0013525983810424805	0.001503024673461914	2.9839515686035154E-6	6.185150146484374E-4	7.797664642333985E-4	1.2715625762939453E-5	0.0	0.001332371997833252	0.001278830623626709	6.1374664306640625E-6	3.924942016601562E-6	0.0	1.0698108673095704E-4	0.0	4.7473907470703127E-7	
0.008550203132629395	7.812076568603516E-4	0.007789993286132812	2.13919734954834E-4	0.21651670665740966	3.796892166137695E-5	6.7138671875E-6	0.10787002563476562	0.24903812828063965	0.0010632747650146485	0.021588617992401124	0.19430442810058593	0.005218700790405273	0.04499592247009277	0.0	0.04209145441055298	0.0024763912200927735	2.9368085861206057E-4	0.0028336164474487306	0.0	1.4021129608154297E-4	0.0	1.8704729080200194E-4	
0.018001963329315186	0.01084075927734375	0.0066730838775634765	0.007482231998443604	0.15189735412597657	1.7437400817871094E-4	0.01166178388595581	4.2644920349121094E-4	0.004684465217590332	0.0041033342361450195	0.01752477855682373	0.13234355506896972	0.017001088428497315	0.01581406488418579	0.0013673994064331055	0.06521351280212402	0.02582900152206421	8.027225494384766E-4	4.580095291137695E-4	5.391099929809571E-4	0.022420196533203124	0.002009718132019043	0.001847407054901123	
0.0014610713958740234	0.01329742431640625	0.004367480850219726	2.1915855407714843E-4	1.0520086288452148E-4	0.0	3.7663774490356443E-4	6.0017585754394534E-6	7.668049812316895E-4	1.0798139572143554E-4	1.7510309219360352E-4	0.15214792041778563	2.5591535568237305E-4	3.4671783447265627E-6	6.9427490234375E-5	0.0010542975425720214	0.007745649528503418	0.0	2.4380111694335937E-5	4.825172424316406E-5	6.351301193237305E-4	4.81414794921875E-5	3.4696769714355466E-5	
3.9824590682983397E-4	4.38859748840332E-4	8.276195526123047E-5	4.87814998626709E-4	5.763587951660156E-5	2.8415298461914063E-5	0.003651852035522461	7.892227172851563E-6	3.91845703125E-4	7.191123962402343E-5	4.4078826904296875E-7	0.025247624683380127	0.002991824722290039	1.814098358154297E-5	2.458381652832031E-6	0.00157623291015625	0.016130523681640627	1.0687932968139649E-4	0.0	1.4455156326293944E-4	5.970594406127929E-4	1.9746570587158202E-4	0.0	
0.1939065043449402	5.727301597595215E-4	1.3495540618896484E-5	0.001974809455871582	0.00489573163986206	4.154205322265625E-7	8.020274162292481E-4	3.1780624389648435E-5	5.975341796875E-4	2.88840389251709E-4	1.674232482910156E-5	0.003668840217590332	0.0012848748207092285	8.815765380859375E-7	0.0	0.004717271614074707	0.010317959213256836	0.001024483585357666	1.768321990966797E-5	4.7522640228271484E-5	2.2769508361816405E-4	0.0027219305992126465	5.7457828521728515E-5	
0.011597764778137207	0.006480585765838623	0.003389578914642334	0.0013328975677490233	2.3340015411376952E-4	1.2673282623291016E-5	0.0029386478424072264	5.211894035339356E-4	9.643809318542481E-4	4.151153564453125E-4	4.3538379669189455E-5	0.0012966071128845216	0.01276678295135498	7.275896072387696E-5	5.278692245483399E-5	0.007225562191009521	0.035458552074432374	0.0024870470046997072	0.0014524333000183105	1.7747669219970704E-4	0.0036011335372924803	0.0	1.9443931579589844E-4	
1.4596729278564452E-4	3.99330997467041E-4	1.40372371673584E-4	3.0747308731079103E-4	0.0010417768478393555	1.2919139862060546E-5	0.0016134135246276857	0.0055670674324035645	3.53851318359375E-4	5.53766918182373E-4	2.737255096435547E-5	0.01023632469177246	0.006904135799407959	3.754510879516601E-5	0.0	9.429508209228515E-4	0.00716375560760498	2.776421546936035E-4	6.592645645141602E-5	0.0	6.849330902099609E-4	0.0	0.0018097263336181641	
3.100080490112305E-5	4.514482498168945E-4	4.4078826904296875E-7	0.0034944407463073732	3.952875137329102E-5	0.0	6.775325775146484E-4	3.9469432830810545E-5	4.448785781860351E-5	1.4011802673339843E-4	3.2215118408203124E-7	0.00974202470779419	0.0018533833503723144	1.0172843933105469E-6	1.0850906372070312E-6	3.0857086181640623E-6	0.001470311450958252	0.0018630473136901856	0.0	8.666143417358398E-5	4.536094665527344E-5	1.2075634002685547E-4	0.0	
