0.7140388573646546	0.02677286787033081	1.2532548904418945E-4	0.0010027228355407715	3.4036426544189455E-4	2.4329185485839843E-6	0.3848341199874878	2.7516651153564454E-5	0.005351045417785644	6.13081169128418E-4	2.0667181015014647E-4	0.3606655375480652	0.001776894474029541	8.291454315185547E-5	8.694114685058594E-5	0.7349399481773377	0.6970947520256042	0.014022903442382812	1.1639909744262695E-4	1.647186279296875E-4	0.5449764251708984	0.0	3.573951721191406E-5	
0.008311267471313477	0.0034125858306884764	4.6929264068603515E-5	0.006430324935913086	2.3999528884887695E-4	0.011437335586547852	0.002543182373046875	1.5819969177246094E-4	0.0016568925857543945	0.003183322525024414	1.7392473220825195E-4	0.10494852705001831	0.026653493213653564	6.088426589965821E-4	1.9234561920166016E-5	2.6346845626831056E-4	0.03343613519668579	0.049958869075775146	0.001614846134185791	0.001597171401977539	0.041653739070892336	7.19587516784668E-4	8.273696899414062E-6	
0.012865753173828124	0.002285792064666748	1.5796241760253907E-4	4.462432861328125E-4	1.264190673828125E-4	3.391265869140625E-7	0.0012672932624816894	1.138477325439453E-5	0.0011101871490478516	2.6143388748168947E-4	7.913379669189453E-5	0.0032949489593505858	0.023086658096313478	2.202606201171875E-4	1.6762628555297852E-4	0.008152398014068604	0.04129933671951294	1.9977149963378905E-4	0.005615056324005127	7.358970642089844E-5	0.003668043327331543	0.0	5.967903137207031E-6	
0.09136914567947388	0.13242773265838623	7.625999450683594E-5	1.46942138671875E-4	0.001943206787109375	2.3561267852783202E-4	5.6559276580810546E-5	0.0013313971519470214	0.030889985847473145	0.0	0.0013390265464782714	0.040407418155670165	1.46484375E-5	0.001995078182220459	0.004847590160369873	0.05467592878341675	0.06969771490097046	0.003991767024993896	0.004469282341003418	0.0	0.011970036792755127	5.611801147460938E-6	0.0056966654777526856	
0.0020457035064697267	2.58017635345459E-4	0.0	1.1800975799560547E-4	0.0	3.391265869140625E-7	3.573951721191406E-5	5.986870765686035E-4	0.05859644575119018	3.211466789245605E-4	2.000617980957031E-6	0.00795461015701294	0.0012024265289306642	3.262834548950195E-5	5.510120391845703E-5	0.27984918384552004	0.043219350147247315	4.1536970138549803E-4	1.0765933990478516E-5	0.0	1.1654319763183594E-4	3.3908843994140626E-6	0.0	
1.5384254455566405E-4	0.0012670475006103517	0.0	1.2376785278320313E-6	0.0	0.0	3.6526994705200197E-4	0.0	4.599676132202148E-5	0.0	3.391265869140625E-7	1.7316179275512694E-4	2.9017162322998047E-5	0.0	0.0	4.881114959716797E-5	0.02004070701599121	5.933761596679687E-7	2.4939632415771484E-5	3.1703948974609373E-6	5.340576171875E-7	2.3905467987060548E-5	0.0	
0.04793338356018066	0.005727344131469726	0.0027710893630981445	0.0030135345458984376	6.010097503662109E-4	7.523431777954102E-5	8.074611663818359E-4	6.092491149902344E-5	5.464680671691894E-4	0.002647077751159668	1.6429481506347656E-4	0.02599234685897827	0.018066728401184083	9.091691970825195E-5	1.0977840423583985E-5	0.010729005622863769	0.005654619026184082	4.338751792907715E-4	1.6767711639404298E-4	9.797840118408202E-5	0.008056767749786376	0.001077253532409668	2.98004150390625E-4	
0.002094082260131836	1.3377723693847656E-4	6.011962890625E-5	9.10805606842041E-4	7.30743408203125E-4	0.0	1.6191482543945312E-6	0.0	0.07135030956268311	1.7460289001464843E-4	1.4088916778564454E-5	0.00880360918045044	6.218719482421875E-4	1.1800098419189454E-5	0.0	0.2820214928627014	0.03104850769042969	3.789096832275391E-4	7.62939453125E-5	0.0	4.369945526123047E-5	0.0	3.391265869140625E-7	
0.007015194320678711	5.376094818115234E-4	0.0	4.7688798904418943E-4	0.001244176197052002	0.0	1.600475311279297E-5	0.08267828197479248	0.24102447509765626	3.80401611328125E-4	7.342023849487305E-5	0.015231043529510498	0.004128409481048584	2.5973892211914064E-5	1.43881893157959E-4	0.4427968342781067	0.07892957048416138	3.4912958145141604E-4	6.756210327148437E-6	0.0	5.82088851928711E-4	0.0	5.542670249938965E-4	
8.853912353515625E-4	0.00969232349395752	7.17909049987793E-4	0.0	2.4887933731079103E-4	0.0	0.001585396671295166	8.012561798095703E-5	0.001779946231842041	0.0	9.13238525390625E-5	0.005861172103881836	2.5397396087646484E-5	3.18450927734375E-4	6.32451343536377E-4	0.03343328685760498	0.032991833114624024	2.88068962097168E-4	5.219608306884766E-4	0.003337877082824707	0.002400631332397461	2.5431346893310546E-5	1.8605546951293945E-4	
0.003479927921295166	0.06556508378982544	7.600657463073731E-4	7.55174446105957E-4	7.306501388549805E-4	6.121320724487305E-5	1.4866294860839844E-4	2.707841873168945E-4	0.005111931705474853	0.003363944149017334	8.32375431060791E-4	0.01665779962539673	0.004131020450592041	1.0245428085327149E-4	0.002413626766204834	0.015738338851928713	0.5852232191085815	2.5638999938964844E-4	8.743455886840821E-4	0.001431460952758789	7.002936363220215E-4	2.2214250564575196E-4	3.3061027526855468E-6	
0.024306199836730956	0.020182325553894043	2.349853515625E-4	0.008284047412872314	0.001790491771697998	0.016224382209777833	9.673309326171875E-4	4.888237953186035E-4	0.016132193660736083	0.0027773369789123536	1.2180747985839844E-4	0.3291699981689453	0.022354075145721436	7.19019603729248E-4	6.67580509185791E-4	0.0024266645431518553	0.06048708600997925	0.1025532361984253	0.004342007064819336	0.00802490234375	0.0011191813468933106	0.0066702863693237305	0.0037181939125061035	
1.6027660369873046E-4	0.0035296122550964354	2.55279541015625E-4	1.322460174560547E-6	5.8746337890625E-4	6.751165390014648E-5	0.002175564193725586	2.66435432434082E-4	7.96780014038086E-4	2.74658203125E-6	4.179191589355469E-6	0.02887961492538452	1.2432518005371093E-4	7.111444473266601E-5	0.0026319037437438964	0.004085099983215332	0.006312103271484375	0.0012630632400512695	0.004369456005096435	1.0552301406860351E-4	2.644687652587891E-4	0.0048354169845581055	0.00114776611328125	
2.7308149337768555E-4	0.0010964033126831055	3.78850269317627E-4	2.5697498321533205E-4	0.0	0.0	9.159507751464843E-5	6.781578063964843E-7	1.5880165100097657E-4	4.0596866607666015E-5	0.0	9.52292537689209E-4	2.4186878204345702E-4	0.0	0.0	0.001924006175994873	0.02364538402557373	7.222490310668945E-5	2.44140625E-6	4.4078826904296875E-7	7.290306091308594E-5	0.0	2.4753189086914063E-5	
2.5800914764404295E-4	1.551342010498047E-6	0.0	3.5146923065185545E-4	2.252368927001953E-5	3.2215118408203124E-7	2.2379875183105467E-6	1.3054752349853516E-5	3.6395606994628907E-4	5.128669738769531E-6	7.171630859375E-5	7.37779426574707E-4	6.72319221496582E-4	0.0	0.0	0.001237352180480957	5.670759201049805E-4	1.4750480651855468E-6	3.941822052001953E-6	0.0	2.307472229003906E-5	0.0	3.2215118408203124E-7	
0.0050797526359558105	3.372955322265625E-4	0.007036624526977539	2.77252197265625E-4	0.2058512538909912	1.220703125E-5	3.080577850341797E-5	0.11173035516738891	0.1805504014968872	5.600993156433105E-4	0.017324413681030274	0.14414542303085326	0.001338509464263916	0.030739347648620605	0.0	0.01769317626953125	0.001974639892578125	2.9066295623779296E-4	0.002776930046081543	0.0	5.1862907409667966E-5	0.0	6.9427490234375E-6	
0.015285542774200439	0.009851633739471436	0.0050398677825927735	0.003625217056274414	0.14527112321853639	9.860572814941406E-5	0.015564905834197998	1.3105602264404297E-4	0.008038245296478272	0.006984041023254395	0.013625700187683106	0.10832010059356689	0.018719923210144044	0.015756607055664062	0.00134368896484375	0.049893485164642336	0.012788899707794189	6.981404304504395E-4	4.039424896240234E-4	0.01325592041015625	0.018115497207641603	0.0	1.9556713104248046E-5	
7.962714195251465E-4	0.01058585271835327	0.001960940933227539	3.554449081420898E-5	8.742437362670898E-5	0.0	1.1271162033081055E-4	1.7201738357543945E-4	6.226942062377929E-4	2.2388076782226563E-5	2.0429611206054686E-6	0.11960390729904175	0.0013231404304504394	1.7632484436035156E-6	1.220703125E-6	2.5197343826293946E-4	0.005726877880096436	0.0	7.459640502929688E-7	1.39617919921875E-5	4.93630313873291E-4	0.003499425220489502	4.536094665527344E-5	
3.0506553649902346E-4	2.5417747497558595E-4	2.9669761657714844E-6	1.6827898025512697E-4	1.0850906372070312E-6	6.279840469360352E-5	0.0027466328620910645	1.3902664184570312E-6	9.368896484375E-5	1.634387969970703E-5	7.62939453125E-6	0.021102294921875	0.001174757194519043	1.791210174560547E-5	7.459640502929688E-7	0.001277169132232666	0.010004925155639648	2.161693572998047E-6	0.0	6.951332092285156E-7	2.73751163482666E-4	3.48044490814209E-4	0.0	
1.5539379119873048E-4	4.923248291015625E-4	0.0	4.197353363037109E-4	0.0018305460929870605	3.899574279785156E-7	1.18408203125E-4	3.7083940505981444E-4	0.004352908706665039	1.3665094375610353E-4	1.8310546875E-6	0.0013568708419799806	0.0019915093421936036	0.0	0.0	0.013032014656066895	0.029560479068756102	3.2976150512695314E-6	2.1955490112304688E-6	3.1840038299560545E-5	6.078423500061036E-4	1.4536542892456056E-4	5.085945129394531E-7	
0.008657404613494873	0.004647784805297851	0.0012215593338012695	0.0014372676849365234	4.89527416229248E-4	1.1333847045898437E-5	0.0027243296623229983	3.174506187438965E-4	0.0011637454986572265	2.44149112701416E-4	1.6962690353393556E-4	0.0012499576568603516	0.004870834350585937	6.491765975952149E-5	3.762139320373535E-4	0.008566479110717774	0.03169506492614746	0.0027140214920043947	1.3941450119018555E-4	4.580010414123535E-4	0.002710105037689209	4.4078826904296875E-7	3.331470489501953E-6	
9.599982261657714E-4	7.581414222717285E-4	8.254156112670899E-5	4.2089672088623046E-4	0.0024419403076171874	2.4159431457519532E-6	0.0018790690422058106	0.001804818058013916	4.7704057693481446E-4	0.00636016845703125	3.04412841796875E-5	0.006441802978515625	0.0042795392990112304	1.8075733184814454E-4	0.0	0.0017967732429504395	0.0036905839920043947	1.74399471282959E-4	1.4341564178466798E-4	0.0	3.1516180038452146E-4	0.0	5.581321716308594E-5	
3.3382797241210934E-5	5.853271484375E-4	3.814697265625E-5	0.0038207584381103514	0.0	1.0850906372070312E-6	4.819231033325195E-5	0.0	2.897472381591797E-5	1.924981117248535E-4	0.0	0.0033284929275512695	0.001198560905456543	0.0	3.2215118408203124E-7	3.391265869140625E-7	0.0012722693443298339	0.0022454494476318357	4.7473907470703127E-7	3.2215118408203124E-7	1.1630592346191407E-4	8.895025253295899E-5	0.0	
