0.7107377709388732	0.09605826482772827	3.857082366943359E-4	6.682756423950195E-4	0.002274610710144043	1.1867904663085937E-5	0.017046398544311524	0.0011586846351623536	0.001646855640411377	0.001653272819519043	5.310398101806641E-4	0.24915479021072387	0.003550686264038086	1.1800975799560547E-4	0.0014009602546691895	0.6341190592765809	1.0441843584060668	0.013168140029907226	1.4097423553466798E-4	1.0435314178466797E-4	0.5276659563064575	0.0	3.945245742797851E-5	
0.011579208374023438	0.004255472850799561	0.001028586483001709	0.007054070377349854	3.4997730255126953E-4	0.013743625259399414	0.010853593635559083	1.0065717697143555E-4	7.18663501739502E-4	0.0028696102142333983	1.7802772521972657E-4	0.10404651222229004	0.0495968373298645	4.929266929626464E-4	0.001252170181274414	4.529911041259766E-4	0.0697041151046753	0.08654897050857543	6.19049072265625E-4	5.711279869079589E-4	0.002808702278137207	6.327141761779785E-4	2.9754638671875E-6	
0.008370251083374023	0.004180840396881103	1.4500083923339843E-4	6.63909912109375E-4	1.2003583908081054E-4	4.799737930297851E-5	0.0015686374664306642	4.7751522064208986E-5	5.33743953704834E-4	6.333330154418945E-4	2.4349632263183593E-4	8.45023250579834E-4	0.021421576595306396	1.1982383728027344E-4	3.0449771881103514E-5	0.021785888671875	0.046166186904907223	3.0419244766235353E-4	0.002939936351776123	1.2811450958251952E-4	0.006148351001739502	0.0	5.825462341308594E-5	
0.22534419593811036	0.1443601396560669	1.5224876403808593E-4	4.4013118743896484E-5	0.0036449347496032717	2.2538928985595702E-4	0.0010469818115234374	0.002473907470703125	0.024605687427520753	0.0	0.0012549167633056641	0.03625790061950684	4.0283203125E-5	0.0018848673820495605	0.0017982991218566894	0.06615863380432128	0.08113026933670044	0.005006993579864502	0.004631771469116211	0.0	0.018942591381072998	1.9277782440185547E-4	0.0018017069816589355	
0.0025698259353637695	2.9059514999389647E-4	0.0	2.915361404418945E-4	0.0	0.0	1.2200250625610351E-4	2.3257789611816405E-4	0.06347557067871094	9.36126708984375E-4	2.3057937622070314E-6	0.008036575317382812	0.0016144646644592284	5.340576171875E-7	6.781578063964843E-7	0.2913298289299011	0.035362887954711916	5.470106124877929E-4	0.0	0.0	5.8135986328125E-5	0.0	0.0	
3.741963386535644E-4	0.001750954532623291	7.746381759643554E-5	1.2919139862060546E-5	5.340576171875E-7	0.0	8.298234939575195E-5	0.0	4.425897598266602E-5	0.0	0.0	2.1760730743408202E-4	3.632440567016602E-5	0.0	4.492759704589844E-7	3.5654735565185545E-5	0.02274145336151123	1.0935497283935546E-5	1.42669677734375E-5	0.0	3.564624786376953E-5	1.161365509033203E-5	0.0	
0.015417531299591064	0.025490968513488768	0.00355377197265625	0.0013681369781494142	0.001692971134185791	5.900068283081055E-5	6.45124626159668E-4	4.96249771118164E-4	4.2244806289672853E-4	9.91838264465332E-4	1.1655168533325196E-4	0.01636761131286621	0.1188160535812378	1.6581220626831056E-4	7.086858749389648E-5	0.0039736345291137695	0.011679289054870605	2.1268205642700194E-4	0.001949335765838623	2.2186279296875E-4	0.004856126594543457	0.00320526123046875	0.0012408786773681641	
0.001194169807434082	2.5514392852783204E-4	0.0	1.3578624725341798E-4	3.2474937438964845E-4	0.0	7.722644805908203E-5	0.0	0.07192309064865113	5.0167465209960936E-5	1.2037467956542968E-5	0.0036223687171936035	3.295135498046875E-4	1.7717361450195312E-6	3.0941009521484377E-6	0.19940410194396974	0.03057218761444092	5.1566219329833986E-5	2.6533126831054688E-6	0.0	5.21087646484375E-5	0.0	0.003658176040649414	
0.009329257583618165	1.3917713165283204E-4	1.068115234375E-6	4.644435882568359E-4	0.0013861507415771485	8.815765380859375E-7	4.8038902282714844E-4	0.08065534801483154	0.24825174970626832	0.0010730319976806641	8.254156112670899E-5	0.008266347217559814	0.006705695247650146	3.026294708251953E-6	8.946733474731445E-5	0.43502756757736205	0.07778929815292358	4.988775253295899E-5	6.747817993164062E-6	0.0	5.878193855285644E-4	0.0	3.6676197052001955E-4	
0.001429909610748291	0.015241054916381835	0.013331163215637208	0.0	0.0017057460784912109	1.2747020721435548E-4	0.0019095272064208984	4.2911148071289066E-5	0.004946467113494873	0.0	3.1068611145019535E-5	0.014249827098846436	9.432305335998535E-4	6.56602668762207E-4	6.949529647827148E-5	0.0172723388671875	0.05602650108337402	0.009293289184570312	5.492401123046875E-4	7.90574836730957E-4	0.015052227401733398	3.391265869140625E-7	7.057868003845215E-4	
0.003367640209197998	0.06039954290390015	5.912017822265625E-4	4.96995735168457E-4	0.0013062371253967286	2.180309295654297E-5	1.0650634765625E-4	1.436699867248535E-4	0.0049932861328125	0.007761705207824707	0.0012435404777526855	0.016414642333984375	0.002810677433013916	1.3105583190917969E-5	9.318885803222656E-5	0.016165864753723145	0.6123879411697387	2.5363502502441407E-4	5.11474609375E-4	4.96190357208252E-4	5.33303165435791E-4	2.3066234588623045E-5	3.5943031311035155E-6	
0.022068252563476564	0.028872002506256104	4.5927257537841797E-4	0.006136347484588623	0.005962914371490479	0.018118625259399414	0.002790213680267334	3.972710609436035E-4	0.0027975803375244143	0.002665549373626709	1.2510509490966796E-4	0.2982693141937256	0.033824471378326414	3.43797492980957E-4	0.0022057682037353514	0.006422212409973145	0.06240648059844971	0.15528750953674317	0.013987740421295166	0.001183022403717041	0.006047676944732666	0.002928890609741211	0.013570870304107667	
0.0020560200691223146	0.03677510576248169	4.230918884277344E-5	7.773494720458984E-6	6.198289871215821E-4	4.059515953063965E-4	0.006104922866821289	2.8597517013549803E-4	0.002479680347442627	2.8143882751464842E-6	1.1026172637939453E-4	0.008157424926757813	2.971649169921875E-4	2.2868690490722657E-4	1.70737361907959E-4	0.012079900074005128	0.011753116226196288	0.006585973072052002	0.005244971370697022	4.1961669921875E-4	0.003989986801147461	0.0031675042152404785	0.009995083236694336	
4.7116594314575193E-4	0.0024570125579833984	7.695685386657715E-4	1.2411327362060547E-4	6.273269653320313E-7	0.0	9.138317108154296E-5	0.0	1.705254554748535E-4	1.9098072052001953E-4	1.2715625762939453E-5	5.121527671813965E-4	0.0028049468994140623	0.0	0.0	0.0012381489753723145	0.026924387645721436	3.391265869140625E-7	1.1791610717773437E-5	4.4078826904296875E-7	4.7068281173706053E-4	0.0	4.4078826904296875E-7	
0.0020447200775146487	5.2176570892333986E-5	0.0	2.9296875E-4	2.3228960037231444E-4	0.0	4.275856018066406E-5	3.1703948974609373E-6	3.968048095703125E-4	2.448357582092285E-4	1.1359310150146484E-5	0.0019414690017700196	3.7112770080566406E-4	4.4078826904296875E-7	0.0	6.503635406494141E-4	9.624650955200195E-4	2.3735904693603515E-5	1.3139724731445312E-6	0.0	2.577037811279297E-5	0.0	4.069328308105469E-7	
0.005385606575012207	9.255218505859375E-4	0.008329705142974854	2.3504467010498046E-4	0.2062530432701111	1.2986946105957032E-5	1.9446468353271486E-5	0.11430516557693482	0.21524757385253906	6.737603187561035E-4	0.01859438581466675	0.19025122747421264	0.007888802433013917	0.04571135625839234	0.0	0.03960216941833496	0.0026485103607177735	5.231218338012695E-5	0.0027963511466979982	0.0	1.8368186950683594E-4	0.0	3.405083656311035E-4	
0.018158840560913086	0.012023078060150147	0.0076030985832214355	0.007827224731445313	0.15018593683242798	9.995355606079101E-5	0.012995232486724854	0.001316655445098877	0.010893927669525147	0.001519741439819336	0.014879998111724854	0.11138264970779418	0.041803478622436524	0.01802543640136719	5.842505455017089E-4	0.049161003971099855	0.027463209342956544	7.023027420043946E-4	1.938629150390625E-4	0.0015167659759521485	0.024287160205841065	0.002100050163269043	5.271148681640625E-4	
9.808519363403321E-4	0.01310296802520752	0.0036969587326049803	1.3749866485595702E-4	3.5790348052978516E-5	0.0	1.0634527206420898E-4	5.5694580078125E-6	8.97683048248291E-4	7.030906677246094E-5	8.637323379516601E-5	0.14753075494766235	4.929012298583984E-4	6.273269653320313E-7	2.5227832794189452E-5	6.52287769317627E-4	0.006484807300567627	0.0	1.434326171875E-5	2.2133731842041015E-5	6.349690437316895E-4	4.3598594665527344E-4	4.377574920654297E-5	
4.7722711563110353E-4	1.409149169921875E-4	3.0602455139160155E-6	2.0480690002441405E-4	1.4445018768310546E-5	3.062782287597656E-5	0.004073537158966065	7.968902587890625E-7	4.8328018188476565E-5	5.9848403930664064E-5	1.322460174560547E-6	0.0332942792892456	0.001535457992553711	6.459522247314453E-6	0.0	0.001118587875366211	0.010721045589447021	1.336841583251953E-5	0.0	1.2147712707519531E-5	6.383344650268555E-4	2.8771305084228516E-5	1.2851333618164063E-5	
2.6319713592529295E-4	3.68779468536377E-4	2.4041080474853515E-5	5.953386306762695E-4	0.002397138786315918	2.5177001953125E-6	6.384105682373047E-5	3.597679138183594E-5	0.006128294181823731	8.081732749938965E-4	2.839851379394531E-6	0.0030678728103637697	7.229868888854981E-4	5.085945129394531E-7	0.0	0.005802993774414063	0.01220876054763794	7.625999450683594E-5	2.8466129302978516E-5	5.43975830078125E-5	1.4149131774902343E-4	0.002557406997680664	0.0	
0.021023686695098878	0.05816301136016846	0.0020503912925720217	0.001804996109008789	3.8067283630371094E-4	3.1450271606445313E-6	0.001692182731628418	2.56483268737793E-4	8.411152839660644E-4	2.4977788925170896E-4	8.01849365234375E-5	0.0011847856521606445	0.007563510513305664	1.1267766952514648E-4	3.5993766784667966E-5	0.007855351734161378	0.032842822647094726	0.0017301093101501465	1.3661699295043945E-4	2.8459339141845703E-4	0.0036902703285217283	0.0	5.037097930908203E-5	
5.710262298583985E-4	3.8132562637329103E-4	3.986778259277344E-5	3.7319602966308596E-4	6.75082778930664E-4	1.4368724822998048E-5	7.477314949035645E-4	0.002283198070526123	2.3534135818481446E-4	6.65147590637207E-4	7.870140075683594E-5	0.008647282886505127	0.00671850414276123	3.958797454833984E-6	0.0	8.34214973449707E-4	0.004120229053497315	2.7272539138793945E-4	5.696582794189453E-6	0.0	5.173577308654785E-4	0.0	6.367998123168946E-5	
6.28662109375E-5	9.326511383056641E-4	1.3156509399414063E-5	2.8561058044433593E-4	1.2715625762939453E-5	5.001068115234375E-7	2.0168724060058593E-4	6.866455078125E-5	1.0965137481689453E-4	2.3534984588623046E-4	6.781578063964843E-7	0.005225262069702148	4.84296989440918E-4	1.2037467956542968E-5	3.391265869140625E-7	0.001826621150970459	0.001460579776763916	0.0024429914474487307	1.0003089904785156E-6	0.0	1.5368995666503906E-4	6.0390853881835935E-5	0.0	
