0.6655744679450989	0.03392175464630127	4.900444984436035E-4	4.845258712768555E-4	0.0018636067390441894	1.3376903533935547E-5	0.021941392707824706	1.2291803359985352E-4	0.004217664909362793	0.0022066328048706055	5.60921573638916E-4	0.3890282440185547	0.009297112369537354	1.1953563690185547E-4	0.001400621223449707	0.7792409091949463	0.8610812801361084	0.01314464988708496	8.93402099609375E-5	0.0014033084869384765	0.5469664001464843	0.0	2.1302986145019533E-5	
0.009205881786346435	0.003415815544128418	0.001069827651977539	0.006184302425384522	3.250885009765625E-4	0.014776984310150147	0.005043267154693603	8.688182830810547E-5	6.95164966583252E-4	0.004118999862670898	2.3099260330200196E-4	0.13061448841094972	0.024372295761108397	1.741705894470215E-4	0.001786354923248291	4.2990789413452146E-4	0.07366352500915527	0.10622434825897217	3.9999217987060545E-4	4.7411603927612306E-4	0.004400219345092773	6.335025787353516E-4	1.5869140625E-5	
0.029457778930664064	0.0026149664878845217	2.303314208984375E-4	0.001261299991607666	1.1116876602172851E-4	4.1995620727539065E-5	0.0016765424728393554	1.2486743927001952E-5	3.57504940032959E-4	3.80274486541748E-4	1.6947431564331056E-4	0.0013487413406372071	0.015292392349243164	1.3553199768066406E-4	3.1543350219726564E-5	0.014621056461334228	0.04118343772888183	5.2703857421875E-4	0.002665083122253418	2.4303016662597656E-4	0.019066009521484375	1.2503719329833985E-5	3.128644943237305E-4	
0.24584303960800172	0.14697248668670654	5.9399032592773436E-5	4.906633377075195E-4	0.004087125968933105	1.7421302795410157E-4	4.612053871154785E-4	0.001327531623840332	0.02209898204803467	0.0	0.0011792924880981446	0.04238089666366577	9.655380249023437E-6	0.0024199846267700196	0.001934636402130127	0.07253852844238282	0.09577891035079956	0.008453598022460937	0.0038233524322509767	0.0	0.016737289428710937	1.3525218963623048E-4	0.0020521037101745607	
0.0026225873947143554	9.662119865417481E-4	0.0	5.495537757873536E-4	0.0	2.8567886352539063E-5	1.7513694763183593E-4	2.7643842697143553E-4	0.05720209760665894	2.970208168029785E-4	2.482099533081055E-5	0.00820450677871704	0.003371751594543457	1.1189746856689453E-5	1.3108997344970702E-4	0.2951480357170105	0.06079622058868408	7.48409652709961E-4	2.1464061737060546E-5	0.0	4.7649765014648435E-5	0.0	5.535507202148438E-6	
1.5986976623535157E-4	0.0016199578285217284	0.0	1.4928150177001953E-5	2.4074935913085936E-5	0.0	1.4059276580810547E-4	3.391265869140625E-7	6.781682968139648E-5	5.662708282470703E-5	0.0	5.224016189575195E-4	5.479602813720703E-5	0.0	0.0	3.231468200683594E-5	0.023925501537322997	2.1870899200439452E-5	1.3614273071289063E-5	8.900642395019531E-7	2.6270580291748048E-5	6.273269653320313E-7	2.1870899200439452E-5	
0.019872411060333252	0.041592008781433105	0.0022178226470947267	0.0013056352615356446	8.690728187561035E-4	3.6095523834228516E-5	8.23482894897461E-4	3.8363990783691406E-4	8.705986976623535E-4	5.718146324157715E-4	6.768970489501953E-5	0.007825698852539063	0.09690959510803222	6.651134490966797E-5	8.780584335327149E-5	0.0021690792083740233	0.026595348739624023	0.002130898380279541	6.802791595458984E-4	0.009637476634979249	0.0035631221771240235	0.0011002434730529786	0.0017058732986450196	
0.001236114501953125	1.0254755020141601E-4	0.0	1.5688581466674804E-4	0.0012421756744384765	0.0	3.35693359375E-5	0.0	0.07484610662460327	5.2303314208984374E-6	0.0	0.004696307754516601	3.1926469802856446E-4	0.0	5.2727603912353514E-5	0.19811409845352174	0.02919488697052002	8.843317031860351E-5	2.9754638671875E-6	0.0	8.878917694091797E-5	0.0	0.008033252334594726	
0.021063808822631837	3.2810630798339843E-4	1.1189460754394531E-6	4.950120925903321E-4	0.0028905147552490233	0.0	6.755828857421875E-4	0.07018077430725098	0.2630819108963013	0.001574724006652832	3.4578132629394534E-5	0.010214877700805664	0.005203340339660644	8.680534362792969E-6	1.6538829803466797E-4	0.47660078258514404	0.07641632928848266	1.800537109375E-5	0.00200775146484375	0.0	2.3541765213012694E-4	4.069328308105469E-7	4.7185258865356446E-4	
0.0016132524490356445	0.012031775569915772	0.011647067642211914	0.0	0.0012204657554626464	3.077220916748047E-6	0.002802590274810791	5.783420562744141E-4	0.004831432723999023	0.0	1.3910961151123047E-5	0.014575068187713622	0.0013928900718688964	5.594550132751464E-4	6.038242340087891E-4	0.024672207260131834	0.09648217096328736	0.008355450057983398	0.002264260196685791	5.10728645324707E-4	0.01726075916290283	5.4423332214355466E-6	6.872982025146484E-4	
0.007394248104095459	0.0567498779296875	7.169172286987305E-4	5.13297176361084E-4	0.001204350757598877	2.7838802337646483E-5	3.251819610595703E-5	1.4428882598876953E-4	0.005068613719940185	0.007559865283966065	9.405941009521484E-4	0.018947601318359375	0.004340396499633789	6.738452911376953E-5	1.6938104629516602E-4	0.013929723072052001	0.6107788509368897	1.8530101776123047E-4	3.0731201171875E-4	5.09762191772461E-4	6.458621978759765E-4	2.3244190216064454E-5	7.417488098144531E-6	
0.026870329093933106	0.02070389642715454	3.0443830490112304E-4	0.004331147956848145	0.006606970882415772	0.02016731262207031	0.005712068367004395	4.097239494323731E-4	0.003595267391204834	0.0026131354331970216	2.9284162521362307E-4	0.2904570261955261	0.03302560596466064	3.327178955078125E-4	6.084696769714356E-4	0.004437349128723144	0.07391569347381592	0.17879565773010253	0.007051196670532227	0.007179378890991211	0.005227737426757813	0.005108557796478272	0.010056855964660645	
0.0028468831062316894	0.023687956047058107	0.011323165893554688	2.7008056640625E-5	0.006106024837493896	8.657665252685547E-5	0.003286717700958252	3.85284423828125E-4	0.005819897079467774	3.391265869140625E-7	1.5916614532470702E-4	0.011365932846069337	1.1196556091308593E-4	9.928388595581055E-5	1.9805908203125E-4	0.007593434619903565	0.02064685401916504	0.004685889339447021	0.009257541275024414	0.012945938110351562	0.002422773551940918	0.006041005420684815	0.0038741132736206055	
3.89870548248291E-4	0.0016144222259521484	4.78668212890625E-4	8.355035781860352E-5	2.0684146881103516E-5	0.0	6.607904434204101E-5	1.322460174560547E-6	3.0819358825683594E-4	1.46475887298584E-4	6.162834167480469E-6	6.41165828704834E-4	0.0028664313316345215	0.0	0.0	0.001174765682220459	0.027240414047241212	1.6877918243408203E-4	3.636646270751953E-6	0.0	1.3970270156860352E-4	0.0	5.635576248168945E-5	
4.770660400390625E-4	7.442893981933593E-5	0.0	4.6671552658081056E-4	4.658168792724609E-4	0.0	2.1023178100585937E-5	7.799148559570312E-7	2.12249755859375E-4	0.001385777759552002	3.382368087768555E-5	0.006794594669342041	8.620707511901855E-4	0.0	0.0	3.373125076293945E-4	0.0011561923980712892	5.255794525146484E-6	3.391265869140625E-7	0.0	1.04827880859375E-4	0.0	0.0	
0.004944534301757813	0.0012250264167785645	0.009246792221069337	3.4182233810424803E-4	0.2108259922027588	5.822076797485352E-5	2.2667789459228514E-5	0.09975045948028564	0.23542910261154174	9.556071281433106E-4	0.021325547981262207	0.1916135066986084	0.007115944766998291	0.039278691577911376	0.0	0.04097620649337769	0.004563869857788086	5.5033397674560545E-5	0.0024219512939453124	0.0	1.5370683670043946E-4	0.0	6.154346466064453E-6	
0.01619551763534546	0.009722222232818604	0.007275390625	0.0070538330078125	0.15132772655487062	1.95465087890625E-4	0.011316053581237794	2.951812744140625E-4	0.005539067554473877	0.0019849141120910642	0.014510718441009521	0.13185533313751222	0.07636881513595581	0.019003041553497316	0.001403181266784668	0.08121018304824829	0.021490758228302	0.0012287394523620605	5.487568855285645E-4	0.001808327579498291	0.021691682624816893	0.0021751912117004397	1.813422203063965E-4	
0.003192020034790039	0.0140374755859375	0.004084481143951416	8.632240295410157E-5	6.816444396972656E-5	4.4078826904296875E-7	5.315992355346679E-4	5.272769927978516E-6	4.3163719177246094E-4	3.113641738891601E-5	1.1474609375E-4	0.15472550287246703	3.710259437561035E-4	2.2040367126464845E-6	1.2349443435668946E-4	5.972629547119141E-4	0.007887200260162354	0.0	2.0451011657714844E-4	1.3020801544189453E-5	6.846958160400391E-4	1.741875648498535E-4	4.364013671875E-5	
2.1552190780639647E-4	2.6140003204345704E-4	1.3698959350585937E-5	7.333545684814453E-5	3.712940216064453E-6	3.5586891174316406E-4	0.006842057991027832	6.781578063964843E-7	6.63579273223877E-4	1.3943986892700196E-4	0.0	0.02736104326248169	0.001697964096069336	3.3442211151123044E-5	3.391265869140625E-7	0.001597281551361084	0.010468215942382812	1.2461662292480468E-6	0.0	4.3064117431640626E-6	8.68988037109375E-4	1.0290355682373046E-4	1.2546539306640626E-6	
0.0011602274894714356	3.119744300842285E-4	4.221630096435547E-6	4.5440673828125E-4	4.3497724533081054E-4	3.2215118408203124E-7	5.10245418548584E-4	1.8097772598266602E-4	0.0012463039398193359	7.492998123168946E-4	2.6448535919189453E-5	0.0039967176437377926	0.001772952651977539	1.3156509399414063E-5	0.0	0.013532782649993896	0.021704601669311523	1.5063858032226563E-5	5.257501602172852E-5	7.196216583251954E-5	2.1388587951660156E-4	0.0027696058273315428	2.5109195709228516E-5	
0.025039045524597167	0.04616890802383423	0.003219875717163086	0.0012879435539245605	3.881072998046875E-4	1.54876708984375E-5	0.0018665653228759765	3.7256879806518554E-4	0.001095301342010498	5.73603343963623E-4	2.088756561279297E-5	0.0012707096099853516	0.009627507495880127	4.4928646087646485E-5	7.478504180908203E-5	0.007444339370727539	0.03555856494903564	0.0033806355476379397	3.6061601638793947E-4	3.3031044006347654E-4	0.004276351928710937	0.0	1.7327213287353516E-5	
1.7839221954345702E-4	2.9041709899902345E-4	1.6897411346435546E-4	3.62235164642334E-4	0.0014754825592041016	1.3563156127929687E-6	8.623419761657715E-4	0.002309595775604248	3.2427473068237305E-4	9.69255256652832E-4	8.196516036987305E-5	0.004577958869934082	0.00556158275604248	1.5987777709960936E-5	0.0	5.08761978149414E-4	0.002963078784942627	6.928592681884765E-4	5.192222595214844E-5	0.0	8.722856521606445E-4	0.0	2.3532485961914062E-5	
2.7821826934814454E-5	1.4360237121582032E-5	1.0613336563110351E-4	9.82844066619873E-4	0.0	4.289436340332031E-6	4.550764083862305E-4	1.5275745391845702E-4	3.477306365966797E-5	3.2540216445922854E-4	1.3325977325439453E-5	0.0016356150627136231	7.118988037109375E-4	9.494781494140625E-7	0.0	0.0015149518966674806	0.004224870491027832	0.002175750732421875	3.0517578125E-6	2.252368927001953E-5	9.625749588012696E-5	3.838348388671875E-4	0.0	
