0.6317354923248291	0.029072180843353272	7.048711776733399E-5	2.199554443359375E-4	2.676815032958984E-4	1.1359214782714844E-6	0.3048336452484131	6.406145095825195E-5	0.0010373942375183107	2.3932561874389648E-4	5.4050064086914065E-5	0.3798133680343628	0.005124282836914062	9.350242614746093E-5	4.664955139160156E-5	0.693356492805481	0.6381770409584046	0.011680408096313476	1.24960994720459E-4	1.6108198165893555E-4	0.5481241607666015	0.0	1.0477733612060548E-5	
0.047292692375183104	0.0017107814788818359	3.6782169342041015E-5	0.002253095817565918	1.7238197326660155E-4	0.010778350830078125	0.001372367000579834	1.4682388305664062E-5	1.3704938888549806E-4	0.001421390151977539	1.914215087890625E-4	0.07506991920471191	0.012909503555297852	1.0336132049560547E-4	3.142461776733398E-5	1.7314491271972656E-4	0.017654630851745606	0.04820375232696533	4.75599479675293E-4	1.4094038009643554E-4	6.63901424407959E-4	6.60078239440918E-4	1.2919139862060546E-5	
0.006086434268951416	0.003103807258605957	1.3059825897216798E-4	3.7432355880737307E-4	6.772356033325195E-5	3.863019943237305E-5	7.973225593566895E-4	2.546520233154297E-5	4.4503107070922854E-4	1.8960742950439454E-4	1.6939802169799805E-4	8.500163078308105E-4	0.01097098455429077	1.5566511154174804E-4	5.7050704956054685E-6	0.004940931510925293	0.03669447154998779	3.0576896667480466E-5	3.987969398498535E-4	6.337653160095215E-4	8.42887020111084E-4	0.0	1.2173080444335938E-5	
0.24200280084609985	0.09337821960449219	1.661510467529297E-5	4.361467361450195E-5	0.0021473015785217287	2.095537185668945E-5	3.17518424987793E-4	7.85191822052002E-4	0.04486524791717529	0.0	4.03145694732666E-4	0.023265084171295167	9.833335876464843E-7	0.001386388111114502	3.18764591217041E-4	0.041079559326171876	0.0552811092376709	0.001568145751953125	0.003424207878112793	0.0	0.009940177059173584	1.9441394805908203E-4	2.4159746170043946E-4	
0.0039046478271484377	6.4849853515625E-6	0.0	1.8696250915527343E-4	0.0	1.35040283203125E-5	1.7537431716918946E-4	3.02607250213623E-4	0.03619884071350098	1.5875072479248046E-4	1.3902473449707031E-5	0.005262239265441894	0.0013588544845581055	2.5770187377929687E-6	3.562078475952149E-5	0.25861528186798094	0.04926111011505127	2.0451011657714844E-4	3.814697265625E-5	0.0	8.6669921875E-5	0.0	3.391265869140625E-7	
7.552251815795899E-5	0.0015044403076171875	2.1930313110351562E-5	1.3054752349853516E-5	3.391265869140625E-7	0.0	2.4905776977539063E-5	0.0	6.365461349487305E-5	0.0	3.9079666137695316E-6	1.1153326034545898E-4	4.560661315917968E-6	0.0	0.0	1.0523481369018555E-4	0.018572870922088622	1.1986637115478515E-5	1.4835357666015626E-6	2.3549365997314454E-5	3.6449432373046873E-7	4.069328308105469E-7	0.0	
0.008478402042388916	7.352787017822265E-4	9.887271881103515E-4	4.919941902160644E-4	9.128315925598145E-4	2.5092220306396484E-5	9.002685546875E-6	1.0786266326904297E-4	3.7731590270996096E-4	1.599884033203125E-4	7.002086639404297E-5	0.008070534610748291	0.005954462718963623	1.7909584045410157E-4	9.004383087158203E-5	9.83123779296875E-4	0.004446300888061523	5.733320236206054E-4	1.4351739883422852E-4	0.0014650726318359375	0.0018239000320434571	6.62994384765625E-4	2.1158885955810545E-5	
0.001733084774017334	1.1721296310424805E-4	0.0	2.05230712890625E-5	6.045871734619141E-4	1.3843154907226562E-5	6.849479675292969E-6	0.0	0.054757614135742184	2.0601062774658203E-4	8.562088012695313E-7	0.003826760196685791	4.769049644470215E-4	0.0	0.0	0.18270723133087158	0.021097403621673585	1.1469526290893555E-4	3.391265869140625E-7	0.0	8.205795288085938E-6	4.4078826904296875E-7	0.0	
0.007274619197845459	0.003499425220489502	0.0	1.8308849334716797E-4	6.904941558837891E-4	0.0	5.271062850952148E-5	0.07368222551345825	0.21851349725723265	1.8522472381591796E-4	2.9339218139648436E-5	0.012017364501953126	0.00203338623046875	3.0356502532958984E-5	1.1639060974121093E-4	0.42789521961212157	0.05868403120040894	2.725982666015625E-4	6.044178009033203E-5	0.0	1.624298095703125E-4	0.0	3.963725090026856E-4	
6.479475021362304E-4	0.006390948867797851	1.3966026306152344E-4	0.0	4.993608474731445E-4	5.476188659667969E-6	0.001274244499206543	2.5744123458862307E-4	0.0015161387443542482	0.0	6.751165390014648E-5	0.010139787483215331	1.4163551330566407E-4	7.14102840423584E-4	5.764007568359375E-7	0.01545424566268921	0.0423133002281189	8.602481842041016E-4	9.566411972045898E-5	0.013385450553894044	0.0029576873779296876	5.8466625213623046E-5	7.794694900512695E-5	
0.002825300407409668	0.04577517194747925	0.0010082244873046875	8.187357902526856E-4	5.77104377746582E-4	4.4928550720214844E-6	1.4178810119628907E-4	2.1327552795410157E-4	0.0038339911460876465	0.003027047061920166	8.647918701171875E-4	0.013727595043182373	0.002405861759185791	3.56292724609375E-5	2.8313636779785157E-6	0.01133441505432129	0.5222649891853333	8.257208824157715E-4	5.385759353637695E-4	8.248233795166015E-6	4.2368574142456056E-4	6.595191955566407E-5	2.6109695434570313E-6	
0.024027209854125976	0.0201236216545105	1.9649925231933593E-4	0.0019357808113098145	9.89388370513916E-4	0.017528576278686522	0.0010413615226745605	1.0987176895141602E-4	0.002376395320892334	0.0012975141525268556	1.1233015060424804E-4	0.27635169982910157	0.020699462890625	8.56475830078125E-4	3.4513683319091796E-4	0.0025369092941284178	0.047404691886901856	0.0676431697845459	0.005470843887329101	0.008639602661132813	1.30471134185791E-4	0.002271262264251709	0.0021033647537231446	
3.36905574798584E-4	0.0016507720947265625	3.138227462768555E-5	1.7632484436035156E-6	9.389410972595215E-4	1.1588191986083984E-5	0.0020124308586120607	1.7122907638549803E-4	0.0010377079010009766	7.799148559570312E-7	5.032854080200195E-5	0.0066214667320251466	1.337517738342285E-4	1.1089744567871094E-4	8.46099853515625E-5	5.938550949096679E-4	0.008879962539672851	9.295484542846679E-4	0.005119840812683105	0.0020124223709106445	5.06744384765625E-4	0.00416235179901123	4.382667541503906E-5	
1.6233654022216796E-4	0.0020351494789123533	6.214226722717285E-4	6.504478454589844E-5	4.28009033203125E-5	0.0	6.960554122924805E-5	0.0	2.8719587326049806E-4	4.8667049407958986E-5	5.543994903564453E-6	5.775875091552735E-4	0.0027440303802490234	0.0	5.085945129394531E-7	9.943305015563965E-4	0.019017995166778566	4.4078826904296875E-7	1.611499786376953E-5	1.322460174560547E-6	3.623113632202149E-5	0.0	0.0	
2.6317176818847657E-4	3.662109375E-5	0.0	7.245378494262695E-5	1.0487871170043945E-4	0.0	2.3303604125976563E-5	0.0	5.398389816284179E-4	1.4665603637695313E-6	0.0	1.2013750076293945E-4	2.4606494903564455E-4	0.0	0.0	4.04646110534668E-4	0.001927337646484375	3.789234161376953E-6	3.391265869140625E-7	0.0	4.4078826904296875E-7	0.0	0.0	
0.010300326919555665	8.654279708862305E-5	0.014089024829864502	6.281280517578125E-4	0.19876362266540526	1.1077880859375E-4	2.4812507629394532E-5	0.08296927556991578	0.19757190284729004	1.5903053283691405E-4	0.014482091236114502	0.10775287208557129	6.313323974609375E-4	0.04029769897460937	0.0	0.01102059259414673	0.0018898349761962891	2.5855064392089844E-6	0.002958255386352539	0.0	0.0	0.0	2.1574211120605468E-5	
0.008862677669525146	0.001337246322631836	0.006346918773651123	0.006103973388671875	0.11692402305603028	4.3843555450439455E-5	0.014611112785339355	1.019287109375E-4	0.002656428050994873	0.0012373945236206054	0.01005696611404419	0.07617919921875	0.0209661865234375	0.013591088199615478	0.006422153091430664	0.03836620750427246	0.012656868839263915	4.436912536621094E-5	3.6677894592285155E-4	4.49846076965332E-4	6.778801918029785E-4	2.3736000061035157E-6	2.9652910232543943E-4	
0.001379275894165039	0.0070806291580200196	0.0023578389167785646	2.3456192016601563E-5	6.837635040283203E-5	0.0	9.387550354003906E-5	6.264591217041016E-6	0.001043574047088623	5.332088470458984E-6	5.340576171875E-7	0.11336985273361207	1.0406494140625E-4	5.16510009765625E-5	0.0	6.26797103881836E-4	0.005821694278717041	0.0	0.0	7.865056991577149E-5	2.3755388259887695E-4	7.343711853027344E-5	1.7208099365234375E-6	
8.128700256347657E-5	6.13852596282959E-4	1.4394092559814452E-5	9.496049880981446E-5	1.6361236572265625E-6	2.0514488220214844E-6	0.0030507320404052733	0.0	2.3930864334106446E-4	2.24465274810791E-4	0.0	0.022727016830444337	3.1041460037231443E-4	1.434326171875E-5	0.0	0.001945682144165039	0.0161715274810791	4.4078826904296875E-7	0.0	1.6361236572265625E-6	0.005987091064453125	0.0020035298347473147	0.0	
3.789262771606445E-5	9.20867919921875E-5	7.154655456542969E-6	0.0011864556312561035	6.804741859436035E-4	1.4410972595214845E-6	2.7141151428222655E-4	1.6360855102539062E-5	0.006181971263885498	1.5291852951049805E-4	2.7533626556396483E-5	4.06333065032959E-4	0.005171686840057373	1.7971038818359376E-6	0.0	0.005849795913696289	0.005188776683807373	6.968212127685547E-6	1.3563156127929687E-6	5.9458446502685545E-5	8.212623596191406E-5	0.0	3.2213211059570314E-6	
0.007994198226928711	0.0031125895500183107	9.458499908447266E-4	2.3164539337158202E-4	6.781175613403321E-4	7.420854568481445E-5	0.001059756851196289	0.0014324188232421875	7.227325439453125E-4	4.3913097381591796E-4	1.3541326522827147E-4	0.001031663703918457	0.007316394424438477	1.2402849197387696E-4	1.6886425018310548E-5	0.002232852554321289	0.023096245670318604	0.008316175651550293	3.25164794921875E-4	1.4895124435424805E-4	9.280055999755859E-4	2.3549365997314454E-5	2.6872634887695313E-6	
2.075958251953125E-4	2.97232723236084E-4	3.7384033203125E-6	1.8634376525878906E-4	0.007120742797851563	2.603321075439453E-5	1.47552490234375E-4	0.0022530364990234375	5.56318473815918E-4	2.5211753845214843E-4	1.5742015838623046E-5	0.010306922054290771	0.004833560562133789	4.560661315917968E-6	0.0	0.0015296173095703126	0.005116093921661377	4.6012029647827146E-4	1.4753551483154297E-4	0.0	1.8733558654785156E-4	0.0	4.213972091674805E-5	
6.52313232421875E-5	5.417463302612304E-4	3.814697265625E-5	1.0472612380981445E-4	0.0	0.0	5.237159729003906E-5	0.0	6.917656898498536E-4	5.434332847595215E-4	0.0	0.008497797679901123	7.241906166076661E-4	0.0	5.425453186035156E-7	1.7917213439941405E-4	6.206257820129394E-4	4.4078826904296875E-7	3.306388854980469E-7	7.731971740722656E-5	1.356334686279297E-5	2.0356922149658202E-4	0.0	
