0.7152510070800782	0.009765311336517334	1.3597297668457031E-5	3.650835037231445E-4	6.053839683532715E-4	2.1701812744140624E-6	0.12054614601135254	1.4835357666015626E-6	8.942328453063965E-4	6.870269775390625E-4	1.1570396423339843E-4	0.4086782497406006	0.001228010368347168	4.3767261505126956E-5	1.3063220977783203E-4	0.837657979297638	0.7891659969329834	0.015062552547454835	1.04217529296875E-4	5.60760498046875E-5	0.5562900966644287	0.0	6.0628223419189456E-5	
0.011575266551971436	0.0010338677406311035	1.8183422088623048E-5	0.0029683855056762696	6.43276596069336E-4	0.008271128368377685	0.001748496150970459	1.5979385375976564E-5	1.0071649551391602E-4	0.0010489569664001465	1.4483137130737306E-4	0.0707272762298584	0.02679622230529785	8.0413818359375E-5	1.7377853393554688E-6	8.562726974487304E-5	0.013699908828735351	0.034543329906463624	1.2900457382202147E-4	1.6550703048706053E-4	7.163661956787109E-4	5.539448738098144E-4	1.4173698425292968E-5	
0.006445041275024414	0.002434539794921875	1.7415361404418946E-4	0.001060646915435791	3.5862388610839843E-4	1.2037277221679687E-6	6.51253604888916E-4	8.036327362060547E-6	5.028788566589355E-4	2.905696868896484E-4	1.6782121658325195E-4	0.007036022567749023	0.030207655143737792	1.40847110748291E-4	4.145336151123047E-6	0.009202872371673583	0.029612587833404543	1.5580940246582033E-5	0.0010571797370910645	5.349063873291016E-6	0.001359676742553711	0.0	4.560661315917968E-6	
0.3228339979171753	0.1298111979484558	1.4108448028564454E-4	5.3431224822998045E-5	0.0011924320220947267	1.50299072265625E-5	6.673007965087891E-4	6.3262939453125E-4	0.013806177806854248	0.0	2.36968994140625E-4	0.042092454719543454	1.5055370330810547E-5	0.0014836968421936035	0.002795876407623291	0.04091680736541748	0.048099399185180663	0.0053394402503967285	0.0020444149017333985	0.0	0.00982853355407715	1.103973388671875E-4	2.4295387268066405E-4	
0.0017509883880615234	8.962841033935547E-5	0.0	1.7505226135253906E-4	0.0	8.052825927734375E-7	6.809654235839843E-5	1.2400312423706055E-4	0.041970503044128415	4.2989940643310546E-4	2.651634216308594E-5	0.005548934936523437	0.001192186164855957	6.951332092285156E-7	2.8542423248291014E-5	0.2208381483078003	0.03644682989120483	9.548606872558593E-5	0.0	0.0	3.4925460815429687E-6	8.123607635498046E-5	0.0	
1.1458501815795898E-4	6.419965744018554E-4	1.24969482421875E-4	1.1104583740234376E-6	0.0	0.0	0.0	2.3227691650390625E-6	1.42669677734375E-5	1.3478279113769531E-6	0.0	1.0747270584106445E-4	1.5836925506591796E-4	0.0	1.0850906372070312E-6	1.4055061340332031E-5	0.014516694831848144	0.0	1.6021728515625E-6	0.0	4.069328308105469E-7	3.391265869140625E-7	4.7473907470703127E-7	
0.02332861156463623	0.002878841781616211	0.0010312652587890624	1.6294689178466797E-4	5.926090240478515E-4	1.0850906372070312E-6	1.6903305053710937E-5	3.2999677658081055E-4	2.0264520645141602E-4	3.656853675842285E-4	4.831104278564453E-5	0.013848241138458253	0.020548375415802	1.1617021560668945E-4	6.5765380859375E-5	0.001647923755645752	0.004318695068359375	1.0411577224731445E-4	0.001303685474395752	3.0609979629516603E-4	0.002356143569946289	0.001317765998840332	4.8260116577148436E-5	
0.002446458625793457	5.003185272216797E-5	0.0	4.73497200012207E-4	4.357233047485351E-5	3.398475646972656E-5	9.248542785644532E-6	0.0	0.053209847354888914	1.0743885040283203E-4	8.815765380859375E-7	0.005622109317779541	4.6495227813720704E-4	0.0	2.153186798095703E-5	0.1838820987701416	0.026815015983581544	8.78007698059082E-4	0.0	0.0	3.814697265625E-6	0.0	0.0	
0.004331215763092041	1.1229619979858398E-4	0.0	1.741790771484375E-4	0.0020355902671813967	4.7473907470703127E-7	1.922607421875E-5	0.04951826305389404	0.17481460571289062	2.2129478454589843E-4	1.926002502441406E-5	0.010720206356048584	0.0019592963218688967	1.2291812896728515E-5	3.3077621459960934E-5	0.3884419589996338	0.05704599170684815	1.333446502685547E-5	8.646965026855468E-7	0.0	1.8720836639404297E-4	0.0	3.586493492126465E-4	
2.497440338134766E-4	0.007661454963684082	4.594612121582031E-6	0.0	3.235371589660645E-4	2.000617980957031E-6	0.001173273754119873	2.0845222473144532E-5	0.001824205207824707	0.0	9.274797439575195E-5	0.006778920459747315	2.000617980957031E-6	0.002724736499786377	1.3472661972045897E-4	0.041198450756073	0.05249014110565185	5.844794273376464E-4	0.0023319159507751465	0.0011422984123229982	5.355411529541016E-4	0.0	0.0012020365715026855	
0.002805319881439209	0.04631066217422485	7.68280029296875E-4	8.001285552978515E-4	3.1831531524658204E-4	3.51715087890625E-5	9.230718612670898E-5	4.4080095291137696E-4	0.005008205795288086	0.003275027847290039	9.532758712768554E-4	0.01270467119216919	0.003225860595703125	1.598273277282715E-4	1.5490217208862306E-4	0.0072943115234375	0.5477871110916138	2.3998641967773438E-5	0.0013253106117248536	2.9179039001464845E-4	2.2769508361816405E-4	6.984291076660157E-5	2.000617980957031E-6	
0.02639390735626221	0.022222095108032226	1.852245330810547E-5	0.005158064079284668	6.443956375122071E-4	0.00935540943145752	0.0018022918701171874	3.017425537109375E-4	0.0018589189529418944	8.01578140258789E-4	2.176074981689453E-5	0.230931396484375	0.021765424919128418	3.029717445373535E-4	8.516950607299805E-5	0.012467473316192627	0.035764855289459226	0.06953779430389405	0.0046326616287231445	0.005500250911712646	0.003161604118347168	0.003874062442779541	0.0016065555572509767	
2.3601112365722655E-4	0.002135908317565918	1.867504119873047E-5	3.391265869140625E-7	8.663347244262696E-4	2.4837493896484375E-6	0.0028926679611206057	6.328752517700195E-4	2.3853721618652345E-4	2.1701812744140624E-6	4.2682266235351564E-5	0.008715998363494872	8.027820587158204E-5	3.212823867797851E-5	2.5321102142333986E-5	0.0013462490081787108	0.004084565925598144	0.001791670036315918	0.0011060672760009765	1.4132184982299805E-4	0.001111594295501709	4.474639892578125E-4	2.1769237518310546E-5	
1.8861560821533204E-4	0.0014026048660278321	5.199177742004395E-4	6.548566818237305E-5	1.2037277221679687E-6	5.933761596679687E-7	6.059436798095703E-5	0.0	1.0664196014404296E-4	3.021240234375E-5	1.2715625762939453E-5	6.081560134887696E-4	1.6396417617797851E-4	0.0	0.0	9.89091682434082E-4	0.016709916877746582	3.391265869140625E-7	1.21307373046875E-5	0.0	4.468621253967285E-4	0.0	0.0	
2.938079833984375E-4	7.205963134765625E-7	0.0	4.603099822998047E-6	9.134931564331054E-5	0.0	3.5434722900390623E-6	0.001129591178894043	1.9983081817626954E-4	9.578704833984375E-7	2.4329185485839843E-6	1.9209966659545897E-4	4.15802001953125E-5	1.6106605529785157E-6	0.0	5.457221031188965E-4	9.797840118408202E-5	0.0	0.0	0.0	0.0	0.0	4.611587524414063E-6	
0.009039018440246582	3.2898797988891603E-4	0.005789735603332519	2.1982831954956054E-4	0.12301350059509278	5.255699157714844E-7	7.216558456420898E-5	0.05391997442245483	0.10545828924179076	4.7263250350952147E-4	0.013614883422851562	0.10793327331542969	0.002616085433959961	0.024804280567169188	0.0	0.009717458057403565	0.0028940836906433108	2.1854820251464844E-4	0.003149736213684082	0.0	0.0	0.0	2.482099533081055E-5	
0.013602515316009521	0.0011788347244262695	0.005320171737670899	0.005793168830871582	0.09474950151443481	5.609302520751953E-5	0.014436653995513917	2.5447425842285156E-4	0.0028295558929443358	5.65626335144043E-4	0.009105114364624023	0.07504561529159545	0.022872238159179686	0.005708541870117188	9.877519607543946E-5	0.0275252872467041	0.020834274291992187	0.004034491634368896	2.3443431854248048E-4	0.02089060468673706	0.015462578678131103	2.5431346893310546E-5	3.24851131439209E-4	
0.0018019527435302735	0.00897969560623169	0.002204564380645752	8.406744003295898E-5	1.44339656829834E-4	0.0	1.0464134216308594E-4	1.6835498809814455E-5	3.9599952697753904E-4	7.166547775268554E-5	2.2718620300292968E-5	0.1113498857498169	2.4881153106689455E-4	0.0	2.3057937622070314E-6	2.172088623046875E-4	0.006017608642578125	0.0	1.52587890625E-6	1.3806657791137696E-4	9.479103088378906E-5	5.43212890625E-5	3.8418197631835936E-5	
6.185741424560547E-5	2.5851783752441407E-4	7.799148559570312E-7	1.6033592224121095E-4	0.0	1.1274337768554687E-6	0.0029099188804626464	0.0	1.0341644287109375E-6	0.0010098944664001465	8.612728118896485E-6	0.022377226066589356	3.6510887145996094E-4	5.7390213012695315E-6	4.069328308105469E-7	0.001533381175994873	0.019184239673614503	1.7632484436035156E-6	0.0	4.323291778564453E-6	1.5232505798339844E-4	0.001911129379272461	6.0017585754394534E-6	
1.3403997421264648E-4	2.3891868591308595E-4	0.0	1.5367298126220703E-4	0.006561431884765625	6.443023681640625E-7	0.002216635799407959	1.0172843933105469E-6	0.0037184821128845216	6.0933399200439456E-5	1.9378662109375E-5	0.0037510087966918944	5.11449146270752E-4	1.500415802001953E-6	0.0	0.006160702133178711	0.006867870712280274	3.250970840454102E-5	1.3563156127929687E-6	4.508123397827148E-5	2.2615222930908203E-4	0.0	1.0850906372070312E-6	
0.010085016918182373	0.006545723819732666	6.81491470336914E-4	0.001663479232788086	2.933162689208984E-4	4.4078826904296875E-7	0.0011028798103332519	1.9807605743408203E-4	2.8471202850341795E-4	1.580132484436035E-4	0.0022711774826049804	5.632866859436035E-4	0.002853732681274414	1.4802722930908204E-4	4.670906066894531E-6	0.0029233211517333984	0.015035493659973144	0.001154912281036377	1.7161903381347657E-4	6.802873611450195E-5	3.4881591796875E-4	0.0	2.3651123046875E-6	
6.14166259765625E-5	2.1308050155639647E-4	1.2681751251220703E-4	7.877434730529786E-4	0.0020037333488464354	2.3990631103515626E-6	5.013360023498535E-4	0.0019850921630859375	2.5506763458251955E-4	1.1828107833862305E-4	7.77435302734375E-5	0.004837502384185791	0.007268456363677979	7.199602127075196E-5	0.0	4.2765302658081053E-4	0.0023294915199279786	1.76077938079834E-4	2.1336841583251954E-5	0.0	1.8206281661987305E-4	0.0	2.794055938720703E-5	
3.2764053344726565E-5	2.9440975189208983E-5	0.0	2.488030433654785E-4	2.5431346893310546E-5	0.0	4.846869468688965E-4	3.391265869140625E-7	5.5609703063964845E-6	1.3953304290771484E-5	0.0	0.008727874755859375	6.06257152557373E-4	0.0	1.1552600860595703E-4	3.5858154296875E-5	0.01340275230407715	0.0031069522857666014	3.1840009689331053E-4	4.128360748291016E-6	1.2037467956542968E-5	4.6542701721191405E-4	0.0	
