0.7225572882652282	0.011078508186340333	0.001642727279663086	1.7629833221435547E-4	2.4893016815185547E-4	5.73552417755127E-4	0.1798310004234314	1.2291908264160156E-6	6.694623947143555E-4	2.518378257751465E-4	4.436912536621094E-5	0.3928551398277283	0.009695587158203125	8.733959197998047E-5	1.5458850860595704E-4	0.7369897121429443	0.7903308444976807	0.015585522079467774	2.9712295532226562E-5	7.165699005126953E-5	0.5321255747795105	0.0	4.938764572143555E-5	
0.0068402607917785645	0.0027047221183776854	3.0939741134643553E-4	0.0023453521728515627	6.841617584228515E-4	0.011448457527160644	0.0021147918701171875	3.1958675384521483E-5	4.974788665771485E-4	0.0021015167236328124	9.458751678466796E-5	0.06589586896896363	0.018337724494934083	2.2231206893920898E-4	1.5614795684814454E-5	6.17251968383789E-4	0.014723705673217773	0.03934658470153809	0.004322679328918457	4.6691045761108397E-4	0.026478415584564208	7.372029304504394E-4	0.0	
0.008649868392944337	0.0029499138832092286	2.1869239807128905E-4	2.83491325378418E-4	4.6053571701049805E-4	6.103515625E-7	8.578914642333984E-4	1.9505786895751952E-5	0.001175520133972168	2.0787553787231445E-4	1.1461048126220704E-4	9.697383880615234E-4	0.012724940013885497	1.0964288711547852E-4	5.950927734375E-6	0.008387239265441895	0.05276743574142456	1.2071418762207031E-5	0.0020206790924072265	3.35684871673584E-4	7.326847076416016E-4	0.0	2.0438289642333985E-5	
0.1997655656814575	0.11626923456192016	2.8082103729248046E-4	6.980047225952149E-5	0.0022321659088134767	6.510419845581055E-5	1.0575189590454102E-4	0.0022641923904418945	0.013318439102172851	0.0	4.4230146408081054E-4	0.02146138505935669	2.458381652832031E-6	0.0016504584312438965	2.9627485275268554E-4	0.042378361988067624	0.05360040454864502	7.347954750061035E-4	0.003464991283416748	0.0	0.010084109878540038	2.9589338302612306E-4	4.392242431640625E-4	
0.004778281307220459	3.62692928314209E-4	8.815765380859375E-7	8.510169982910157E-5	0.0	7.968902587890625E-7	1.5543622970581056E-4	2.5113420486450196E-4	0.03917798357009888	6.654529571533203E-5	1.3919448852539062E-5	0.007404505443572998	0.0030288187980651855	0.0	5.6584644317626954E-5	0.2714566548347473	0.03800817699432373	1.7327213287353516E-5	3.994407653808594E-5	0.0	2.577037811279297E-5	1.068115234375E-5	3.391265869140625E-7	
1.3830394744873047E-4	0.0014841291427612304	1.1359214782714844E-6	1.5936851501464844E-6	0.0	0.0	3.458690643310547E-6	0.0	5.260887145996094E-5	3.000926971435547E-6	0.0	1.9068403244018554E-4	2.5609302520751954E-5	0.0	2.7805328369140625E-6	4.3487548828125E-5	0.019334047126770018	3.3145523071289064E-5	1.0172557830810547E-5	7.62939453125E-7	2.805919647216797E-5	4.4078826904296875E-7	0.0	
0.0063189951896667484	0.0031672075271606446	0.0019774627685546875	2.1846351623535157E-4	0.001006808853149414	5.8771800994873046E-5	2.2430419921875E-5	3.9986515045166014E-5	2.78947639465332E-4	3.216552734375E-4	5.283775329589844E-5	0.008870112133026123	0.038659456062316896	6.911382675170899E-5	2.2649974822998046E-4	8.30239200592041E-4	0.003955544376373291	1.42974853515625E-4	2.204132080078125E-4	0.002343716049194336	0.001021609878540039	0.0010089619636535646	1.5779285430908202E-4	
6.98081111907959E-4	7.333545684814453E-5	0.0	3.8214778900146486E-5	1.1456804275512696E-4	3.9844512939453125E-7	1.3648033142089844E-6	0.0	0.06186177568435669	1.5903091430664062E-5	1.2715625762939453E-5	0.002856733512878418	0.002977311897277832	0.0	5.157470703125E-5	0.18605921430587768	0.02282906427383423	8.850946426391601E-5	1.7377853393554688E-6	0.0	1.9666671752929686E-6	4.069328308105469E-7	0.0	
0.005924538516998291	9.29997730255127E-4	0.0	1.0880365371704101E-4	0.007022374439239502	1.6191482543945312E-6	8.34986400604248E-4	0.06847297668457031	0.2505508846282959	2.544572830200195E-4	1.235283851623535E-4	0.011780420970916748	0.0023700374603271485	1.3919448852539062E-5	5.0142097473144535E-5	0.4739734564781189	0.07017671375274659	3.35693359375E-6	6.501941680908204E-5	0.0	9.356184005737305E-5	0.0	4.291449546813965E-4	
8.718024253845215E-4	0.011195348072052002	5.452470779418945E-5	0.0	7.32718563079834E-4	2.7923583984375E-5	0.001222983455657959	5.01124095916748E-4	0.0025081804275512696	0.0	6.829156875610352E-5	0.013314971923828125	2.187061309814453E-6	6.847974777221679E-4	1.2647819519042969E-5	0.023640509700775147	0.040484746265411375	2.8720436096191406E-4	1.8876819610595704E-4	0.004615885448455811	0.004316931819915771	4.8234939575195315E-6	1.5415611267089843E-4	
0.003388832950592041	0.055234485244750976	9.15230655670166E-4	5.23656177520752E-4	7.259029388427734E-4	3.102588653564453E-6	8.684797286987304E-5	2.6903791427612304E-4	0.005174933528900146	0.002954881477355957	0.004195183658599853	0.01952606201171875	0.0020066070556640624	3.8486099243164065E-5	6.64520263671875E-5	0.006650509262084961	0.5375963762283326	2.2338018417358398E-4	2.7199640274047854E-4	2.486165046691895E-4	5.25639820098877E-4	9.969072341918945E-5	4.4284400939941404E-4	
0.02409234790802002	0.01874139575958252	4.873485565185547E-5	0.001346096420288086	0.001062020206451416	0.025950325870513918	6.786601066589356E-4	0.001655909252166748	0.006998587703704834	0.0014299689292907715	2.767772674560547E-5	0.29048883228302	0.030476718521118162	4.881626129150391E-4	0.003972439193725586	0.008469229793548584	0.044103715705871585	0.07259738502502441	0.006843168449401855	0.003664423656463623	4.953850746154785E-4	0.0028694830894470213	0.005823211669921875	
4.886627197265625E-4	0.007942742252349854	7.425975799560547E-6	2.839851379394531E-6	0.0035320281982421874	1.3936328887939454E-5	0.001296708869934082	2.3195056915283204E-4	0.02590384588241577	6.781578063964843E-7	7.854042053222656E-5	0.01589666576385498	2.4473381042480467E-5	1.1075334548950196E-4	3.5257978439331056E-4	5.37083911895752E-4	0.017549955558776857	0.006218024349212647	0.005470157241821289	6.603410720825196E-4	0.00849200782775879	8.005778312683105E-4	6.803722381591797E-5	
3.0347185134887696E-4	0.0020075225830078125	6.884765625E-4	8.826360702514649E-5	2.1277427673339845E-6	0.0	5.468578338623047E-5	4.4078826904296875E-7	1.0954961776733398E-4	5.7763004302978515E-5	2.4074935913085936E-5	7.318793296813965E-4	0.0025311279296875	0.0	0.0	8.049350738525391E-4	0.022104865169525145	0.0	7.993888854980468E-6	6.866455078125E-7	2.3924083709716797E-4	0.0	0.0	
2.776336669921875E-4	8.731842041015625E-7	0.0	4.933671951293945E-5	2.6177310943603514E-5	4.579334259033203E-5	1.6394710540771483E-5	3.391265869140625E-7	5.37533187866211E-4	3.8062095642089843E-6	3.2215118408203124E-7	3.1780624389648435E-5	2.1780223846435548E-4	0.0	0.0	0.0010645548820495605	5.846489906311035E-4	4.3910980224609375E-6	0.0	0.0	3.797721862792969E-6	0.0	0.0	
0.010446522998809814	1.3583717346191406E-4	0.00903310136795044	6.602821350097657E-5	0.20872881574630736	7.498846054077149E-5	2.008228302001953E-5	0.07770594282150269	0.19388300580978393	0.0010675388336181641	0.013295135498046874	0.1329806263923645	6.625620841979981E-4	0.05075656471252441	0.0	0.012625647640228272	0.010753182315826415	5.5609703063964845E-6	0.0031482951164245607	0.0	0.0	1.0002994537353515E-5	7.650585174560547E-5	
0.016636784839630128	0.004673088932037353	0.004367023086547852	0.003572870922088623	0.15423493280410766	1.2759742736816407E-4	0.01572207136154175	1.9626197814941407E-4	0.004002617740631103	4.884846687316895E-4	0.011936391162872314	0.08266699895858765	0.01952241687774658	0.01568798484802246	0.001033621883392334	0.022376446151733398	0.010970221614837647	2.428351402282715E-4	5.802239418029785E-4	2.6948719024658205E-4	9.57938289642334E-4	0.0	1.2218894958496095E-4	
0.0012531620025634765	0.00789473638534546	0.002552219009399414	3.536643981933594E-5	1.6284523010253905E-4	1.7971038818359376E-6	1.7751054763793944E-4	4.416561126708984E-6	4.8198280334472656E-4	1.932811737060547E-6	3.924942016601562E-6	0.11635494651794434	4.56220817565918E-4	0.0	6.103515625E-7	3.7990150451660154E-4	0.005740203857421875	0.0	1.3495540618896484E-5	1.3029289245605469E-5	1.1804370880126953E-4	8.272809982299805E-5	4.1300487518310546E-5	
1.285552978515625E-4	5.862257003784179E-4	6.279840469360352E-5	7.57598876953125E-5	1.2791919708251953E-5	7.244364738464356E-4	0.004474258422851563	2.695751190185547E-6	0.003117362117767334	7.764434814453125E-4	1.0172843933105469E-6	0.016061935424804687	0.0025059932708740235	1.888694763183594E-5	4.069328308105469E-7	0.001759669017791748	0.012064064884185792	1.2291908264160156E-6	0.0	1.2444400787353515E-5	6.647406578063965E-4	6.246776580810547E-5	4.136848449707031E-6	
2.716064453125E-5	1.7206830978393556E-4	3.0857086181640623E-6	9.243431091308594E-5	9.170362472534179E-4	2.5058364868164063E-5	2.3291692733764648E-4	5.001487731933594E-5	0.0030057017326354982	6.4697265625E-5	7.121086120605469E-7	0.0016901652336120605	9.221903800964356E-4	1.1020660400390625E-6	0.0	0.002851392936706543	0.010360946655273437	0.0	3.991870880126953E-5	5.1735782623291015E-5	1.8471622467041016E-5	0.0	1.0172843933105469E-6	
0.008463355159759522	0.003397386360168457	8.875274658203125E-4	1.8877668380737304E-4	8.353508949279785E-4	1.2800216674804688E-6	0.0010099114418029786	2.9352827072143554E-4	0.0010140482902526856	1.7040672302246095E-4	2.7474308013916017E-5	0.0022045475006103516	0.0016256205558776856	8.499400138854981E-4	1.1563615798950195E-4	0.003761749267578125	0.02912896900177002	7.977803230285645E-4	1.5201988220214845E-4	6.4239501953125E-5	7.221476554870606E-4	1.0850906372070312E-6	8.815765380859375E-7	
1.1730613708496094E-4	9.305317878723144E-4	1.6140365600585936E-5	1.6313343048095702E-4	0.0016614617347717284	3.642616271972656E-5	8.81203556060791E-4	0.002081129264831543	1.7757835388183593E-4	3.8539466857910154E-4	3.2263851165771484E-5	0.005162624740600586	0.003343378734588623	3.86810302734375E-5	0.0	8.501773834228515E-4	0.004258990859985352	2.41843318939209E-4	4.4420051574707035E-5	0.0	6.41928768157959E-4	0.0	1.0342025756835938E-5	
4.720048904418945E-5	5.298233032226563E-6	0.0	9.44347381591797E-6	2.5431346893310546E-5	0.0	5.8771800994873046E-5	1.0850906372070312E-6	9.875831604003906E-5	4.083423614501953E-5	0.0	0.005732379531860352	2.457597732543945E-4	0.0	0.0	3.441705703735352E-5	8.14370059967041E-4	0.0017935688972473144	2.3507022857666017E-5	1.0240345001220703E-4	2.5626277923583983E-5	1.9963550567626952E-5	0.0	
