0.7088637288093567	0.01003179759979248	2.3729963302612304E-4	4.026286125183105E-4	6.04875373840332E-4	2.0514488220214844E-6	0.45015196905136107	2.863569259643555E-5	7.63117504119873E-4	5.321672439575195E-4	1.0265769958496094E-4	0.39133881464004516	4.774898529052734E-4	7.360668182373046E-5	4.81414794921875E-5	0.763982442188263	0.7172971767425537	0.015656093978881836	5.063371658325195E-5	7.280988693237305E-5	0.5970486619949341	0.0	1.5055370330810547E-5	
0.010748426628112793	8.153703689575195E-4	5.103206634521484E-6	0.002633234691619873	2.527618408203125E-4	0.00874190435409546	8.493889808654785E-4	6.295099258422851E-5	1.190185546875E-4	9.012095451354981E-4	9.237499237060547E-5	0.07214914960861206	0.017276356983184814	1.03912353515625E-4	3.5434722900390623E-6	2.1848888397216798E-4	0.013744481372833251	0.03571121215820312	2.0312843322753906E-4	6.007555007934571E-4	9.311676025390625E-4	5.181545257568359E-4	1.4784049987792969E-5	
0.008879309749603272	0.002819841194152832	8.819580078125E-5	5.881500244140625E-4	3.595394134521484E-4	5.489768981933594E-5	6.896549224853516E-4	6.372241973876954E-5	5.214436531066894E-4	4.6758012771606444E-4	1.366424560546875E-4	0.0187783390045166	0.014042960262298584	1.1165199279785156E-4	4.289436340332031E-6	0.00982401533126831	0.037202741813659665	4.9625015258789065E-5	9.722222328186035E-4	5.46425724029541E-4	9.090763092041015E-4	0.0	3.8909912109375E-6	
0.266278186416626	0.13312199058532714	1.5263023376464843E-4	5.544872283935547E-5	0.001340459156036377	1.3611688613891603E-4	3.412885665893555E-5	9.69255256652832E-4	0.013336385059356689	0.0	2.0377264022827148E-4	0.03493402271270752	4.9675941467285155E-6	0.001029654598236084	0.002469643497467041	0.04233417930603027	0.04389180498123169	0.005436943912506103	0.0018001811027526856	0.0	0.008783832168579102	1.5611438751220703E-4	1.2491865158081056E-4	
0.002629411506652832	2.2143049240112305E-4	0.0	5.036249160766602E-5	0.0	3.9844512939453125E-7	3.5400390625E-5	6.644353866577148E-5	0.043761367797851565	3.08091926574707E-4	4.4078826904296875E-7	0.006832249927520752	8.17531967163086E-4	0.0	4.001197814941406E-5	0.2162349277496338	0.03616282148361206	6.025524139404297E-5	1.9412994384765626E-6	0.0	2.8143882751464842E-6	6.781673431396485E-6	1.4750480651855468E-6	
1.2265520095825196E-4	5.139753341674804E-4	7.575139999389649E-5	1.3020801544189453E-5	0.0	0.0	1.1528968811035157E-6	7.799148559570312E-7	9.663867950439453E-6	0.0	0.0	1.0381059646606446E-4	1.0303077697753906E-4	0.0	0.0	1.6047191619873046E-5	0.013635652351379394	0.0	9.646987915039063E-6	4.1961669921875E-6	1.127452850341797E-5	1.0935497283935546E-5	7.459640502929688E-7	
0.013081309032440185	0.001075914192199707	8.518218994140625E-4	0.0025443607330322263	6.479475021362304E-4	8.392333984375E-7	1.9141292572021486E-5	2.313995361328125E-4	5.538092613220215E-4	3.7225513458251955E-4	4.724292755126953E-5	0.012808965015411377	0.02904803810119629	1.1817083358764649E-4	5.283775329589844E-5	0.001555811595916748	0.0033263736724853513	8.853492736816406E-5	7.41594123840332E-4	5.26250171661377E-4	3.0669317245483397E-4	0.0011345333099365233	2.2125244140625E-6	
0.0021911112785339354	4.611587524414063E-6	0.0	2.74064826965332E-4	3.544273376464844E-5	3.662958145141602E-5	4.7472000122070315E-6	0.0	0.05361924066543579	1.3942298889160157E-4	2.5872135162353517E-5	0.004830839347839355	4.903666496276855E-4	0.0	0.0	0.17846966209411622	0.026223288631439207	7.419162750244141E-4	1.8225669860839844E-6	0.0	4.757347106933594E-5	0.0	0.0	
0.004156231307983398	1.020050048828125E-4	0.0	1.7031354904174805E-4	5.80605411529541E-4	0.0	4.908246994018555E-5	0.0528609806060791	0.1797138129234314	6.28534984588623E-4	1.343536376953125E-4	0.008329171085357665	0.0022926838874816895	0.0	3.721446990966797E-5	0.37880537242889406	0.05783861799240112	2.6652050018310547E-5	4.492759704589844E-7	0.0	1.6866044998168944E-4	0.0	4.8251686096191407E-4	
3.7817211151123045E-4	0.006296276473999023	7.561588287353515E-6	0.0	3.554619789123535E-4	1.992130279541016E-6	0.0011952717781066895	1.8047714233398436E-5	0.002026943588256836	0.0	4.7031021118164066E-5	0.005522020149230957	2.458381652832031E-6	0.00293182373046875	5.9356689453125E-5	0.04314897327423096	0.05278234691619873	4.7271728515625E-4	4.0830821990966797E-4	1.7790050506591798E-4	0.002171613883972168	7.799148559570312E-7	0.0014283329010009766	
0.003512098503112793	0.04413116455078125	5.087110519409179E-4	7.33939266204834E-4	4.0998668670654296E-4	4.228382110595703E-5	4.386053085327149E-5	3.5007896423339845E-4	0.004864713859558106	0.0032263946533203124	0.0010059271812438964	0.014324247550964356	0.004834196281433106	2.888145446777344E-5	4.9921703338623045E-5	0.007570258235931397	0.5438363139152527	2.0718002319335937E-5	0.001195085334777832	3.5527544021606445E-4	2.1532697677612304E-4	1.5994606018066406E-4	1.1104583740234376E-6	
0.024121449756622313	0.01714640302658081	6.766424179077148E-5	0.004774263191223145	4.029083251953125E-4	0.01009379072189331	0.0013734096527099609	2.6349382400512694E-4	0.001312993335723877	0.0011091868400573731	9.901256561279296E-5	0.23208069696426392	0.027587780380249022	5.996873855590821E-4	1.2041730880737305E-4	0.002946463680267334	0.03457474603652954	0.06544412403106689	0.0052165476799011234	0.008383619499206543	0.0038349151611328123	0.00241943359375	0.0018518914222717285	
2.3378162384033203E-4	0.0020503828048706054	5.351600646972656E-5	1.4919281005859375E-6	6.283314704895019E-4	1.3902473449707031E-5	0.0017484622955322266	9.965938568115235E-4	1.1887445449829101E-4	2.5770187377929687E-6	6.971569061279297E-5	0.006024517440795898	5.0472640991210936E-5	3.5400390625E-5	5.505027770996094E-5	0.0011609734535217285	0.005417768669128418	7.38389778137207E-4	0.0011643303871154784	1.018524169921875E-4	2.7797279357910155E-4	5.135515213012695E-4	9.869041442871093E-5	
2.958001136779785E-4	8.42471694946289E-4	5.31455135345459E-4	4.024925231933594E-5	2.44140625E-6	0.0	2.3235740661621093E-4	0.0	1.22519588470459E-4	6.376476287841797E-5	2.8711986541748047E-5	4.1096153259277343E-4	8.947582244873046E-5	0.0	0.0	9.963565826416015E-4	0.01799421520233154	9.748458862304687E-7	3.5434722900390623E-6	0.0	3.15399169921875E-4	0.0	0.0	
2.8534784317016604E-4	1.932811737060547E-6	0.0	3.9469432830810545E-5	1.0701494216918946E-4	0.0	1.2715625762939453E-5	0.0	1.932525634765625E-4	6.323909759521484E-6	1.1528968811035157E-6	6.549415588378907E-5	5.0955867767333985E-5	0.0	0.0	4.4884576797485354E-4	1.9969520568847656E-4	1.1528968811035157E-6	0.0	0.0	0.0	0.0	8.578872680664062E-6	
0.010940272045135499	6.213722229003907E-5	0.004209484481811523	1.5771656036376954E-4	0.11746127662658691	2.6440048217773437E-5	1.8528404235839844E-4	0.05495618181228638	0.10331908330917358	6.202443122863769E-4	0.013145353507995606	0.10576904296875	0.002533849048614502	0.03251615734100342	0.0	0.009781833267211914	6.61129379272461E-4	2.508205413818359E-4	0.002543657112121582	0.0	0.0	0.0	2.122669219970703E-5	
0.01679889259338379	9.952545166015624E-4	0.004936430168151856	0.003811009693145752	0.08749635486602783	1.5085859298706055E-4	0.01726676092147827	2.618579864501953E-5	0.002293879222869873	4.695722579956055E-4	0.009308598804473878	0.062073983097076416	0.022103076553344727	0.005895394229888916	4.763288497924805E-5	0.036615219116210934	0.020564617538452148	0.004624523544311523	2.6884288787841796E-4	0.023046230697631835	0.015597517204284667	0.0	2.3978338241577147E-4	
0.0016894361495971679	0.00924129066467285	0.0022334967613220217	7.390336990356446E-5	1.1048212051391602E-4	0.0	3.8740158081054686E-6	1.7844295501708983E-5	3.183406829833984E-4	1.3639640808105468E-5	4.7473907470703127E-7	0.10883575439453125	1.8381757736206055E-4	1.3673591613769531E-5	2.000617980957031E-6	2.3578224182128907E-4	0.006455247688293457	0.0	3.391265869140625E-7	1.8469915390014648E-4	1.6259937286376954E-4	5.488929748535156E-5	0.0	
4.7624397277832034E-5	2.040863037109375E-4	5.255699157714844E-7	4.816694259643555E-5	4.4078826904296875E-7	1.4919281005859375E-6	0.0026034969329833983	0.0	5.680084228515625E-7	0.004563403701782227	1.1359310150146484E-5	0.021907340145111084	3.52333927154541E-4	1.6072587966918945E-4	5.001068115234375E-7	0.002076534652709961	0.018466796875	0.0	0.0	3.3992767333984375E-6	4.0838451385498046E-4	0.002154210376739502	5.755996704101562E-6	
0.0022708553314208985	9.266319274902344E-5	3.391265869140625E-7	2.9274835586547853E-4	1.2227373123168946E-4	0.0	0.002782753849029541	1.03759765625E-4	0.003507063102722168	2.615184783935547E-5	1.729297637939453E-6	0.005995898818969727	0.003913480949401855	0.0	0.0	0.0055560302734375	0.0166787974357605	2.916126251220703E-5	1.0172843933105469E-6	4.607305526733399E-5	2.3937644958496094E-4	0.0	0.0	
0.008818647575378417	0.0059397040367126465	8.903926849365235E-4	0.001284366226196289	2.76328182220459E-4	3.509521484375E-6	0.0019937642097473144	3.9979724884033204E-4	4.1278419494628906E-4	6.701490402221679E-4	6.31281566619873E-4	5.946943283081054E-4	0.002856131649017334	5.105762481689453E-5	5.281257629394531E-6	0.0027775065422058105	0.016586676692962647	0.0010881805419921875	6.730823516845703E-5	1.28936767578125E-4	3.608448982238769E-4	0.0	2.149791717529297E-5	
6.428184509277343E-5	1.79146671295166E-4	5.594921112060547E-6	0.0023064422607421875	9.761386871337891E-4	1.3156509399414063E-5	8.794145584106446E-5	0.0022098626136779786	5.701191902160645E-4	1.6032752990722656E-4	1.8700504302978514E-5	0.0041895294189453125	0.006504736995697022	1.4063549041748047E-5	0.0	1.3673572540283204E-4	0.0022905985832214356	3.755359649658203E-5	1.1316938400268555E-4	0.0	2.5422840118408205E-4	0.0	5.456714630126953E-5	
1.5140151977539063E-5	1.8166446685791015E-5	0.0	4.748029708862305E-5	2.4753189086914063E-5	8.443164825439454E-6	4.9235057830810546E-5	0.0	8.443164825439454E-6	1.4655218124389648E-4	0.0	0.006312120246887207	0.002414254093170166	0.0	2.7553977966308593E-4	2.3473072052001952E-5	0.011939112377166747	4.475879669189453E-6	9.031505584716797E-5	3.391265869140625E-7	5.170183181762695E-5	0.001321377182006836	0.0	
