0.6715710279464722	0.062073898315429685	1.8135919570922852E-4	2.884843826293945E-4	1.1315240859985351E-4	3.2215118408203124E-7	0.2357544623374939	2.4922370910644533E-6	5.942874908447266E-4	2.147674560546875E-4	7.549705505371094E-5	0.3632530890464783	0.005999425220489502	1.64481258392334E-4	1.4439048767089845E-4	0.7376346079826355	0.7422436778068543	0.012503331470489503	7.410688400268554E-5	9.673223495483399E-5	0.5684973314285279	0.0	3.9113330841064454E-5	
0.03727522954940796	0.0023047977447509765	6.920709609985351E-5	0.0025394354820251464	1.81732177734375E-4	0.010873277473449707	0.0021991390228271483	1.2262983322143555E-4	2.4031744003295897E-4	8.519829750061036E-4	1.5361366271972657E-4	0.06702963085174561	0.011560948657989501	1.2697010040283203E-4	7.131786346435547E-5	2.1959095001220703E-4	0.016401943588256834	0.04465154008865357	0.0023835330963134765	1.6977100372314453E-4	8.267551422119141E-4	5.138227462768555E-4	8.23974609375E-6	
0.006471786499023437	0.0036187235832214355	1.575469970703125E-4	4.952579498291016E-4	1.3365001678466797E-4	2.3057937622070314E-6	7.690175056457519E-4	2.5838184356689452E-5	5.275471687316895E-4	2.3501930236816406E-4	2.0200090408325195E-4	8.652835845947266E-4	0.020817387866973878	8.365211486816406E-5	3.1703948974609373E-6	0.005054499340057373	0.035395075511932376	2.1709823608398436E-5	4.2698326110839844E-4	7.443660736083985E-4	5.312177658081055E-4	0.0	2.1506404876708986E-5	
0.22551296653747557	0.11207327098846435	1.0234413146972657E-4	2.5058364868164063E-5	0.0022170172691345215	4.6149349212646486E-5	8.930625915527344E-5	7.50444221496582E-4	0.04473785400390625	0.0	4.4111461639404295E-4	0.022042015933990477	4.408073425292969E-6	0.0012477705001831055	3.797319412231445E-4	0.036054467105865476	0.05783488807678223	0.001580479907989502	0.0032881842613220213	0.0	0.01005421953201294	6.128978729248047E-6	3.780704498291016E-4	
0.0037946743011474608	4.7709178924560545E-5	0.0	1.2810602188110352E-4	0.0	1.2715625762939453E-5	1.7999439239501952E-4	1.5675859451293945E-4	0.03872141523361206	3.63922119140625E-5	2.4329280853271483E-5	0.006070421028137207	0.001347817325592041	3.391265869140625E-7	2.0378971099853516E-5	0.2659644995689392	0.04632971019744873	6.707086563110352E-5	1.5343570709228515E-5	0.0	3.101768493652344E-5	1.4750480651855468E-6	0.0	
1.7725658416748047E-5	0.001643185043334961	5.2651309967041015E-5	3.723993301391602E-5	3.391265869140625E-7	0.0	3.655328750610351E-5	0.0	5.097284317016602E-5	0.0	3.2215118408203124E-7	1.2090044021606446E-4	2.0573902130126953E-5	0.0	0.0	1.3325977325439453E-5	0.01791953191757202	6.611824035644532E-7	3.484086990356445E-5	2.9788589477539064E-5	0.0	1.0087966918945313E-6	1.4072418212890625E-6	
0.008101789665222167	0.0025821431159973145	0.00142547607421875	0.0013432735443115235	8.332401275634766E-4	2.93731689453125E-5	2.1260547637939452E-5	7.320823669433593E-5	3.3031044006347654E-4	1.7503528594970704E-4	9.642705917358398E-5	0.008669009780883788	0.003693983268737793	6.165399551391601E-5	2.19429874420166E-4	7.868618011474609E-4	0.0032529364585876467	3.4078807830810546E-4	3.349982261657715E-4	7.157220840454102E-5	0.0011463504791259765	4.916890144348145E-4	2.5634765625E-5	
0.0012262810707092285	4.34112548828125E-5	0.0	4.157171249389648E-5	1.5443592071533204E-4	1.1952400207519532E-6	6.061172485351562E-6	0.0	0.050971671199798584	2.3350181579589844E-4	3.0517578125E-7	0.0036978572845458983	3.617011070251465E-4	0.0	4.4078826904296875E-7	0.18080543518066405	0.022669296264648437	3.875732421875E-5	8.985519409179688E-7	0.0	6.107749938964843E-5	0.0	0.0	
0.006872592544555664	0.002893049430847168	0.0	2.3622303009033203E-4	5.013360023498535E-4	0.0	8.917903900146485E-6	0.06011480541229248	0.21868818492889405	1.9829645156860351E-4	6.326465606689453E-5	0.009365132617950439	0.002951956844329834	4.0774917602539064E-5	1.2895374298095704E-4	0.4114091152191162	0.0600067138671875	2.70843505859375E-5	9.206104278564453E-6	0.0	2.81389045715332E-4	2.8143882751464842E-6	4.227702140808105E-4	
6.134965896606446E-4	0.006315544986724854	1.3730363845825195E-4	0.0	2.847883224487305E-4	1.3571834564208984E-5	0.001363389778137207	1.3750715255737305E-4	0.003726187801361084	0.0	6.919012069702149E-5	0.008922254753112794	9.557427406311035E-4	5.29963207244873E-4	2.1201229095458986E-5	0.016654078197479247	0.042101779556274414	0.001056365966796875	3.4806146621704103E-4	0.013272730541229249	0.002902501392364502	9.478254318237305E-5	1.3894824981689453E-4	
0.002694549560546875	0.04413854808807373	9.167903900146484E-4	7.878536224365235E-4	6.92927074432373E-4	3.9844512939453125E-7	2.1392822265625E-4	1.9155712127685547E-4	0.0032257503509521483	0.003045340633392334	8.501349449157715E-4	0.01343308343887329	0.0016397518157958983	8.231267929077148E-5	1.1410140991210937E-5	0.011600070571899414	0.513482988166809	6.067572593688965E-4	5.184681892395019E-4	7.551403045654296E-5	3.6975440979003906E-4	1.2715625762939453E-5	1.0850906372070312E-6	
0.023519888973236085	0.027850714778900148	3.39330005645752E-4	0.001678627872467041	9.958733558654786E-4	0.017133865356445312	9.15679931640625E-4	2.2243919372558595E-4	0.004850590991973877	0.0013156636238098145	8.55255126953125E-5	0.2715890587806702	0.01925599842071533	6.876288414001465E-4	2.4176702499389648E-4	0.0027225324630737306	0.05663908214569092	0.06688812255859375	0.005551681518554687	0.0017175801277160645	2.213372230529785E-4	0.001571010971069336	0.0025160725593566893	
4.019758224487305E-4	0.0011923387527465821	5.1261043548583985E-5	1.0850906372070312E-6	9.156969070434571E-4	1.8870067596435547E-5	0.0018572065353393554	3.66363525390625E-4	0.0011932373046875	1.3919448852539062E-5	4.0520572662353517E-5	0.006122445011138916	1.1089744567871094E-4	6.192522048950196E-5	3.2874202728271484E-5	0.0021322801589965822	0.017817916870117186	1.1580572128295899E-4	0.0012920294761657714	0.005541398811340332	3.0209007263183596E-4	0.0029680378913879393	1.0638809204101562E-5	
3.09889030456543E-4	0.002096226978302002	5.510711669921875E-4	7.848949432373047E-5	1.9073486328125E-6	0.0	3.1577205657958985E-5	0.0	2.5036277770996095E-4	4.99725341796875E-5	1.2037467956542968E-5	7.637701988220214E-4	0.002464167308807373	0.0	0.0	8.435651779174804E-4	0.017463412857055664	0.0	7.649736404418946E-5	0.0	8.977251052856446E-5	0.0	5.425453186035156E-7	
2.613152503967285E-4	3.18145751953125E-5	0.0	2.291364669799805E-5	4.981145858764648E-5	4.7473907470703127E-7	1.6242122650146483E-5	9.1552734375E-7	2.82126522064209E-4	3.137378692626953E-5	1.1528968811035157E-6	1.386260986328125E-4	2.88857364654541E-4	4.4078826904296875E-7	0.0	4.196845054626465E-4	1.3430280685424804E-4	0.0	3.391265869140625E-7	0.0	0.0	0.0	8.815765380859375E-7	
0.009996363353729248	3.3537120819091795E-4	0.01320465087890625	7.24029541015625E-5	0.19354616804122926	1.1137218475341797E-4	2.1430110931396484E-5	0.08260425987243653	0.1971462504386902	9.14764404296875E-5	0.014038509750366211	0.11681578741073609	9.61286735534668E-4	0.03701976356506348	0.0	0.010288094425201417	0.0013236491203308105	6.632490158081055E-5	0.003146811580657959	0.0	9.748458862304687E-7	0.0	2.8322029113769532E-5	
0.01006205244064331	0.001408716869354248	0.005852118587493896	0.004631678295135498	0.11560733375549316	1.380157470703125E-4	0.007307120418548584	1.3886346817016602E-4	0.004859695434570313	0.0013558536529541016	0.009543584156036377	0.08341205177307129	0.025510262393951415	0.011883333015441894	1.7751026153564452E-5	0.03312264337539673	0.013125254344940185	1.0692176818847656E-4	2.033148765563965E-4	3.3270092010498044E-4	8.19524097442627E-4	4.751415252685547E-5	9.665594100952149E-5	
0.0022479841232299807	0.006490724372863769	0.002339901351928711	1.0225934982299804E-4	1.6171770095825194E-4	0.0	1.8192710876464843E-4	1.2495231628417969E-5	5.40618896484375E-4	1.3054847717285156E-6	1.2715625762939453E-5	0.11434737310409546	9.347705841064453E-5	3.391265869140625E-7	1.1528968811035157E-6	0.0010240681648254395	0.0049038441658020016	0.0	6.273269653320313E-7	8.339776992797851E-5	1.2261285781860353E-4	3.810462951660156E-5	0.0	
1.0972766876220703E-4	1.6859264373779296E-4	1.36566162109375E-5	7.102117538452149E-5	2.2040367126464845E-6	4.035091400146484E-6	0.0025561100006103515	4.7473907470703127E-7	1.9446468353271486E-5	1.9932212829589844E-4	4.619979858398438E-6	0.021347393417358397	5.319722175598145E-4	1.4656925201416016E-5	8.477210998535156E-7	0.001102294921875	0.015243920230865479	0.0	0.0	1.7975702285766602E-4	4.206170082092285E-4	0.0021824052810668947	0.0	
5.83648681640625E-5	1.3693065643310547E-4	5.450820922851563E-6	2.38808536529541E-4	0.0025606197357177733	6.781578063964843E-7	0.001350436782836914	1.6614913940429687E-6	0.006047092056274414	1.9504966735839845E-4	4.297924041748047E-6	8.913082122802735E-4	0.011166042709350586	1.0850906372070312E-6	0.0	0.004593989086151123	0.004358410263061523	5.425357818603516E-6	4.679393768310547E-6	3.919811248779297E-5	5.7941055297851564E-5	0.0	2.13623046875E-6	
0.008720109748840332	0.0030362956047058107	9.954155921936035E-4	3.4167823791503906E-4	7.525295257568359E-4	1.5173912048339843E-6	8.935038566589355E-4	0.0015966118812561034	9.7991943359375E-4	6.00255298614502E-4	6.601972579956054E-5	0.0013387553215026857	0.0027586788177490235	1.2895374298095704E-4	8.951854705810546E-6	0.0034214019775390624	0.022798817920684816	0.0040805393218994145	2.2556724548339845E-4	3.76129150390625E-4	0.0011721293449401856	1.3563156127929687E-6	6.044197082519531E-6	
6.124199867248535E-4	3.8637800216674806E-4	6.59942626953125E-5	1.991950035095215E-4	0.007799046802520752	1.1359214782714844E-6	3.79341983795166E-4	0.0018429988861083985	9.165361404418946E-4	1.9435462951660157E-4	1.4317798614501952E-5	0.007493913459777832	0.004971449089050293	2.5363540649414063E-5	0.0	0.0026757134437561036	0.008274553108215331	7.429332733154296E-5	6.685047149658204E-5	0.0	3.238847732543945E-4	0.0	1.0649785995483398E-4	
1.5535993576049805E-4	5.739253997802734E-4	0.0	2.1002025604248046E-4	6.391735076904297E-5	0.0	4.487781524658203E-5	0.0	4.9955558776855466E-5	7.64736557006836E-4	0.0	0.008026411247253418	0.001750674819946289	0.0	1.2715625762939453E-5	1.3054752349853516E-5	8.347743988037109E-4	0.0	0.0	1.8988609313964845E-6	1.3529491424560547E-5	0.0025926801681518553	0.0	
