0.841659325504303	0.009689280223846436	0.001875737476348877	2.6468915939331053E-4	3.4566240310668947E-4	4.0935897827148436E-5	0.2931838819503784	1.5996265411376952E-5	7.440693855285645E-4	4.057140350341797E-5	1.2563037872314452E-5	0.35851959228515623	0.013986841869354248	8.902654647827149E-5	1.390923500061035E-4	0.7110395134925842	0.8298741743087769	0.016711256217956542	1.303863525390625E-4	5.593194961547851E-5	0.5234837511062622	0.0	3.5349559783935544E-5	
0.017465201473236085	0.0025002543449401857	4.8527183532714844E-4	0.0023325432777404785	8.976067543029785E-4	0.014482548999786377	0.003030251407623291	1.8802223205566406E-4	2.4477643966674804E-4	0.0018448808670043946	1.1356773376464844E-4	0.06865988836288452	0.028307588386535645	1.5431718826293945E-4	1.7954540252685546E-5	3.5326642990112303E-4	0.022122607803344727	0.04008760242462158	0.005575197029113769	3.4283952713012693E-4	0.022915522289276125	4.23583984375E-4	3.391265869140625E-7	
0.009331520938873291	0.0029824151039123535	1.4239845275878905E-4	2.2221031188964844E-4	2.4951515197753907E-4	3.1110763549804687E-6	0.001387456226348877	5.3990650177001955E-5	6.385379791259766E-4	2.3931713104248048E-4	1.653204917907715E-4	0.005698784732818604	0.014490407276153564	2.1502180099487305E-4	4.4505119323730465E-6	0.005383512687683106	0.02479854164123535	1.825714111328125E-4	0.001715537166595459	3.0449762344360353E-4	7.436031341552734E-4	0.0	6.646060943603515E-6	
0.18013994855880738	0.10956651477813721	3.957790374755859E-4	1.3166637420654296E-4	0.0032779354095458985	9.655380249023437E-6	9.858026504516601E-5	0.001338178825378418	0.012989900398254395	0.0	3.08397102355957E-4	0.026077668952941894	4.679393768310547E-6	0.0012972259521484375	0.0011882697105407714	0.04094842700958252	0.07581977844238282	0.001262385082244873	0.005696114444732666	0.0	0.013082139778137207	2.1826000213623047E-4	0.007861090755462647	
0.005139490795135498	1.7420454025268554E-4	7.799148559570312E-7	2.4082603454589845E-4	0.0	3.082275390625E-5	2.0373029708862305E-4	2.8978986740112303E-4	0.039790742683410645	2.857627868652344E-5	7.459640502929688E-7	0.007747565364837647	0.005036951732635498	4.772567749023438E-6	2.134532928466797E-5	0.26793942766189577	0.03888020830154419	7.656517028808594E-5	2.1938705444335938E-5	0.0	8.405895233154297E-5	0.0	1.6614913940429687E-6	
1.7123756408691406E-4	0.0017078569412231446	3.305225372314453E-5	1.0087966918945313E-6	0.0	0.0	1.600475311279297E-5	0.0	3.0466747283935547E-5	6.526947021484375E-7	0.0	2.0501880645751953E-4	6.136579513549805E-5	0.0	2.2379875183105467E-6	9.502830505371094E-5	0.019926138973236085	0.0	1.2825870513916016E-5	8.222579956054687E-7	6.526947021484375E-7	2.543163299560547E-6	0.0	
0.008189722728729249	7.042100906372071E-4	0.0019949764251708984	1.9574480056762695E-4	8.88968563079834E-4	2.3430728912353515E-5	1.798839569091797E-5	1.1179609298706054E-4	2.0669727325439452E-4	2.3540916442871094E-4	1.0830345153808594E-4	0.007708282470703125	0.04523066205978393	1.713218688964844E-5	3.19357967376709E-4	8.553059577941894E-4	0.009504292774200439	4.2460126876831054E-4	3.4436540603637695E-4	0.0015525224685668945	9.545305252075195E-4	6.337568283081054E-4	1.1280479431152344E-4	
0.001052364730834961	1.1958656311035156E-4	1.1274337768554687E-6	7.718400955200196E-5	1.8499584197998047E-4	1.1952400207519532E-6	7.884025573730469E-7	0.0	0.06031603498458862	1.5521583557128905E-4	5.085945129394531E-7	0.003815485668182373	0.0014964887619018554	0.0	1.312255859375E-5	0.17649932861328124	0.022227384757995607	1.2617321014404297E-4	1.992130279541016E-6	0.0	2.110767364501953E-6	0.0	3.391265869140625E-7	
0.0067670017242431645	2.58806037902832E-4	0.0	1.0838823318481445E-4	5.417717933654785E-4	0.0	6.548394203186035E-4	0.06489474830627441	0.228716761302948	2.0579023361206054E-4	1.0567560195922851E-4	0.010858739185333251	0.0025510491371154784	1.312255859375E-5	2.590179443359375E-4	0.4454373762130737	0.060161310863494875	2.4863338470458986E-5	0.006432342529296875	0.0	1.0598077774047852E-4	0.0	2.6889381408691407E-4	
0.0030899471282958987	0.011074023818969726	1.3125953674316407E-4	0.0	0.0023092143058776856	1.322460174560547E-6	0.0014122857093811034	5.69432544708252E-4	0.0029953426361083984	0.0	6.176414489746093E-5	0.014900453376770019	4.7472000122070315E-6	5.997043609619141E-4	5.0862312316894535E-6	0.0297115834236145	0.04448691473007202	3.9728803634643555E-4	6.39470386505127E-4	0.004258549976348877	0.007934222793579101	1.2037467956542968E-5	3.93210506439209E-4	
0.0034220038414001465	0.05462746515274048	7.24300765991211E-4	4.6172246932983397E-4	7.542842864990234E-4	7.4005126953125E-6	1.3566761016845703E-4	5.79494857788086E-4	0.00450113935470581	0.0025428009033203127	0.0019527095794677734	0.018914006519317628	0.0031018829345703124	5.1964664459228517E-5	1.3885498046875E-5	0.007990349674224854	0.5411588117599487	4.21600341796875E-4	2.94943904876709E-4	1.7724781036376953E-4	6.34901237487793E-4	9.992809295654297E-5	1.0443782806396485E-5	
0.0242214542388916	0.019748009586334228	1.564788818359375E-4	0.0014316898345947265	0.0011120520591735839	0.02064153881072998	0.0010237629890441895	0.0014054700851440429	0.004270256900787354	0.0028847418785095213	6.931724548339843E-5	0.2744308895111084	0.027755932235717772	4.5988292694091796E-4	2.81685733795166E-4	0.002974209213256836	0.057714979362487796	0.06838560314178467	0.007485563468933106	6.380462646484375E-4	7.890913009643554E-4	0.0034768083572387695	0.004472562980651855	
7.06965160369873E-4	0.010540686702728272	2.482099533081055E-5	2.44140625E-6	0.001015158748626709	6.544303894042968E-6	0.0020649041175842286	1.619805335998535E-4	0.0019249640464782715	1.322460174560547E-6	4.985389709472656E-5	0.015681788158416747	5.3473567962646486E-5	0.006369705200195312	5.795457839965821E-4	0.001278525447845459	0.014716940975189208	0.004632017326354981	0.003986070442199707	0.0010638682365417481	0.005841657829284668	0.002570487117767334	2.6958045959472654E-4	
6.26373291015625E-4	0.0018908861160278321	6.426069259643554E-4	1.31378173828125E-4	0.0	0.0	3.37982177734375E-5	0.0	1.8726768493652343E-4	4.110546112060547E-5	4.4078826904296875E-7	7.977972984313965E-4	0.002184736442565918	0.0	8.951826095581054E-5	0.0015394083976745605	0.026023084831237792	3.814697265625E-7	5.266828536987305E-5	2.1277427673339845E-6	9.930925369262696E-5	0.0	0.0	
2.459293365478516E-4	1.4871387481689454E-4	0.0	1.2435064315795898E-4	1.7124176025390626E-6	3.5586929321289066E-5	6.239995956420899E-5	1.6954421997070313E-6	1.4429731369018555E-4	3.729820251464844E-7	1.3376903533935547E-5	1.9768619537353515E-5	1.320563316345215E-4	9.918212890625E-7	0.0	7.21867847442627E-4	2.5900945663452147E-4	6.443023681640625E-7	0.0	0.0	8.815765380859375E-7	0.0	6.781578063964843E-7	
0.010527911758422851	7.505626678466797E-5	0.00972418041229248	2.1455554962158203E-4	0.21555085077285766	8.801774978637696E-5	1.4982433319091798E-4	0.07896107139587402	0.20463066101074218	7.666523933410644E-4	0.014817877864837646	0.1386151207923889	6.50338077545166E-4	0.04244143171310425	0.0	0.008813145923614502	0.012519709300994874	1.7878246307373047E-5	0.0030685001373291017	0.0	0.0	1.2715625762939453E-5	4.306373596191406E-5	
0.01622785778045654	0.011368704891204834	0.005254728507995606	0.0034798431396484376	0.15338485717773437	9.078130722045899E-5	0.01384601173400879	1.9131975173950196E-4	0.004858610343933105	5.780961990356446E-4	0.012046619033813476	0.08626182556152344	0.03758227033615112	0.015319357967376709	6.719799041748046E-5	0.03756948680877686	0.016620457935333253	7.692975997924805E-5	4.7586231231689453E-4	6.14140796661377E-4	9.38254451751709E-4	3.2213211059570314E-6	6.673173904418945E-5	
0.001423831558227539	0.008340174388885497	0.0023390960693359373	3.024635314941406E-5	2.969532012939453E-5	0.0	1.977710723876953E-5	5.332088470458984E-6	6.811862945556641E-4	3.3229827880859374E-6	1.7632484436035156E-6	0.11433865013122559	6.975810050964355E-4	0.0	4.069328308105469E-7	6.54110336303711E-4	0.005596288013458252	0.0	0.0	1.3563156127929687E-6	1.1256752014160156E-4	1.1584815979003906E-4	0.0	
8.697509765625E-5	2.524312019348145E-4	3.858776092529297E-5	1.0754051208496093E-4	3.950309753417969E-6	0.001113010025024414	0.003942879581451416	1.5598297119140624E-6	2.1986217498779298E-4	5.193243980407715E-4	1.2715625762939453E-5	0.02328743829727173	0.002856462287902832	1.85394287109375E-5	0.0	0.002108298397064209	0.005407019710540771	1.3987541198730468E-6	0.0	1.4690780639648438E-5	1.7566261291503907E-4	1.0942249298095702E-4	4.7473907470703127E-7	
2.7886285781860353E-4	1.3575239181518555E-4	7.62939453125E-5	2.1558971405029296E-4	6.000264167785645E-4	2.9296875E-5	1.8185930252075195E-4	8.533058166503906E-5	0.0025125885009765624	1.4096574783325195E-4	8.366870880126954E-6	0.001179055118560791	0.003797285270690918	6.081476211547852E-5	0.0	0.0036078643798828124	0.007498482608795166	7.799148559570312E-7	2.412586212158203E-5	4.0215396881103516E-5	3.173828125E-5	1.992130279541016E-6	3.2215118408203124E-7	
0.00816974220275879	0.0036120097160339355	6.31679916381836E-4	3.699493408203125E-4	7.07236385345459E-4	1.1359214782714844E-6	0.001428968620300293	3.145344734191895E-4	0.0011980098724365235	1.11083984375E-4	9.291753768920899E-5	0.001113883113861084	8.572727203369141E-4	9.286075592041016E-4	1.553001403808594E-5	0.002945717716217041	0.033394054794311526	0.0010428704261779785	2.30712890625E-4	4.121570587158203E-5	7.523261070251464E-4	0.0	2.532958984375E-5	
8.306713104248047E-5	8.089192390441895E-4	5.0947380065917965E-5	1.0231866836547851E-4	9.246317863464355E-4	4.8014354705810545E-5	5.935075759887695E-4	0.002003945255279541	0.0024044206619262694	1.9711809158325195E-4	2.9754638671875E-5	0.012792383861541749	0.010395109367370606	5.671215057373047E-6	0.0	0.001564297103881836	0.006091978263854981	5.18052864074707E-4	6.603664398193359E-4	0.0	7.121785163879394E-4	0.0	2.9135799407958986E-5	
1.7420482635498047E-5	3.4840583801269533E-6	1.2715625762939453E-5	1.3249683380126953E-5	2.577037811279297E-5	3.391265869140625E-7	2.92833137512207E-4	0.0	9.763927459716797E-5	3.2891273498535157E-6	2.5600433349609376E-6	0.0026686859130859377	1.94252872467041E-4	0.0	1.3800716400146484E-5	5.3032779693603514E-5	3.6349830627441406E-4	0.0	1.5851974487304687E-6	8.137702941894531E-7	1.2715625762939453E-5	1.805962562561035E-4	0.0	
