0.6176521724700927	0.011689376831054688	2.094688415527344E-5	0.005114406967163086	8.672163009643555E-4	0.0	0.014068001651763916	2.5431346893310546E-5	9.43790054321289E-4	7.94245433807373E-4	1.1249122619628907E-4	0.2647005547523498	0.00181060791015625	9.892778396606445E-5	5.628795623779297E-5	0.6052757263183594	0.8584113226890564	0.014196972274780274	9.145946502685546E-5	7.13348388671875E-5	0.48957712812423704	0.0	2.3396778106689454E-5	
0.017959832096099852	0.0018772040367126465	2.6397705078125E-5	0.0033783976554870605	1.7582359313964843E-4	0.011630876350402832	0.011710196590423584	1.485443115234375E-4	0.002335942554473877	0.002121709156036377	2.4139404296875E-4	0.07346569480895997	0.04496905860900879	1.3330249786376954E-4	3.5264968872070312E-6	0.0016861979484558106	0.019467985343933104	0.04582433061599731	1.3348045349121095E-4	2.1840410232543944E-4	0.001903533935546875	7.89955997467041E-4	4.543685913085938E-6	
0.006356769180297851	0.0020506964683532714	1.1269464492797851E-4	5.21884536743164E-4	7.41263484954834E-4	3.6705875396728517E-5	0.001627994155883789	8.817882537841796E-5	9.477827072143554E-4	3.4233942031860353E-4	1.337432861328125E-4	0.001328743839263916	0.034865383529663084	1.1394920349121093E-4	1.322460174560547E-6	0.006610251522064209	0.03912653608322143	7.279291152954102E-5	0.005743882942199707	6.1798095703125E-6	7.497151374816894E-4	0.0	5.035400390625E-6	
0.27951165094375613	0.12971082897186278	7.123308181762695E-5	2.1124935150146484E-5	0.007258478832244873	3.2185020446777343E-4	1.1302528381347657E-4	0.001031163501739502	0.01754343671798706	0.0	1.9337968826293946E-4	0.03735843238830566	6.278142929077149E-5	0.002766079330444336	0.0038675689697265626	0.03571164445877075	0.05140214710235596	0.0036646185874938965	0.004213723087310791	0.0	0.009041468334197998	4.459800720214844E-5	5.36922836303711E-4	
0.0025294071197509765	2.3312034606933594E-4	0.0	1.3461647033691406E-4	0.0	1.1808586120605468E-5	1.703901290893555E-5	4.7760009765625E-5	0.059651913070678714	6.797027587890625E-4	2.2311782836914064E-5	0.008296602058410645	0.0035272809982299803	0.0	6.046714782714844E-5	0.268967124080658	0.04928479509353638	1.5825061798095704E-4	1.3071727752685547E-5	0.0	2.565174102783203E-5	3.729915618896484E-6	2.7042388916015624E-6	
1.7361955642700196E-4	0.001070836353302002	1.8988609313964845E-6	6.439208984375E-5	1.1783599853515625E-6	0.0	7.036209106445313E-7	7.289886474609375E-7	1.9480419158935547E-5	2.9746150970458983E-5	0.0	2.9675798416137694E-4	9.502792358398437E-6	0.0	0.0	2.6872444152832032E-5	0.017481536865234376	8.392333984375E-7	1.5818309783935547E-5	0.0	0.0	4.2928028106689454E-5	0.0	
0.014804899406433106	0.004910405445098877	8.373260498046875E-4	7.256402015686035E-4	7.56810474395752E-4	1.3342952728271484E-5	2.0192432403564454E-5	9.049310684204102E-5	4.7240362167358396E-4	8.124711990356446E-4	1.1612787246704102E-4	0.023829676342010497	0.057582770442962644	5.9780502319335934E-5	2.1455574035644533E-5	0.0019032372474670411	0.0034333631515502928	1.3764276504516602E-4	9.40704345703125E-5	0.002963273811340332	0.004144015884399414	9.160529136657715E-4	3.0465869903564455E-4	
0.001993069076538086	5.839881896972656E-5	2.4007129669189454E-5	8.937327384948731E-4	5.296497344970703E-5	0.0	3.5434722900390623E-6	0.0	0.06869970531463623	3.75035572052002E-4	4.8743343353271485E-5	0.004739625740051269	0.0019492424964904786	1.2715625762939453E-5	3.056840896606445E-5	0.24588663740158082	0.03366483898162842	5.701191902160645E-4	1.1867523193359375E-6	0.0	1.4495849609375E-6	6.696701049804688E-7	3.391265869140625E-7	
0.004375432300567627	3.261985778808594E-5	0.0	4.6260414123535157E-4	5.26411247253418E-4	5.001068115234375E-7	1.0097084045410157E-4	0.07486479015350342	0.21356633501052857	8.118524551391602E-5	1.0848150253295898E-4	0.01221877202987671	0.0027449798583984377	1.4411067962646485E-5	1.5570745468139647E-4	0.44337404041290285	0.07997628955841064	1.4117774963378905E-4	0.0014632330894470214	0.0	3.852166175842285E-4	0.0	4.16259765625E-4	
2.0062761306762695E-4	0.010228864860534669	1.7632484436035156E-6	0.0	5.293019294738769E-4	1.33811092376709E-4	0.0012472873687744141	6.846961975097656E-5	0.0014397600173950195	0.0	2.2996692657470703E-4	0.006995832633972168	7.806396484375E-4	0.00412194995880127	0.0022585126876831056	0.034095814990997314	0.04493606567382812	0.005060136604309082	6.932407379150391E-4	0.0018093278884887694	0.002071253490447998	2.2040367126464845E-6	2.2693252563476563E-5	
0.005245624160766601	0.05291547136306763	5.880144119262696E-4	0.001609963321685791	6.22117805480957E-4	1.2563037872314452E-5	5.9500789642333986E-5	3.0509099960327146E-4	0.005829747486114502	0.0032076518058776855	0.0010337236404418945	0.023109130859375	0.004112413215637207	7.731151580810547E-6	1.5265569686889649E-4	0.01151891918182373	0.56236572265625	1.6354026794433593E-4	0.0012466007232666016	2.7022466659545896E-4	4.0784196853637695E-4	1.4535694122314453E-4	6.908798217773437E-6	
0.020914747428894043	0.023158052253723145	1.9073486328125E-4	0.00853537664413452	0.001792755126953125	0.012311842155456543	0.0016966840744018555	0.0010463969230651855	0.007051832389831543	0.003264753532409668	7.125005722045899E-5	0.28615861682891847	0.03785803050994873	1.8858165740966797E-4	7.182735443115234E-4	0.00951574535369873	0.04127958507537842	0.07444536848068237	0.003210288143157959	0.007094523143768311	2.4680242538452146E-4	0.0026633368492126465	0.0024499851226806642	
5.971781730651855E-4	0.004033864307403564	2.7720451354980467E-6	2.0684242248535155E-6	0.003020502758026123	1.3934669494628906E-4	0.0024826812744140627	7.440357208251953E-5	0.001627383804321289	2.44140625E-6	4.664955139160156E-5	0.024972763061523438	1.7919750213623046E-4	3.674821853637695E-5	8.943367004394532E-6	2.341461181640625E-4	0.008792970466613769	0.001884909725189209	0.001659232234954834	0.008052910709381104	3.101263999938965E-4	0.002628165340423584	3.01361083984375E-5	
2.4564952850341797E-4	0.0014083353996276855	3.8447914123535156E-4	1.5889482498168946E-4	0.0	0.0	1.3467578887939454E-4	0.0	1.1928977966308594E-4	3.9681339263916014E-5	1.9496917724609375E-6	6.016285896301269E-4	0.0160342830657959	0.0	0.0	0.0016948360443115233	0.026285044384002684	5.680084228515625E-7	8.815765380859375E-7	1.042652130126953E-6	1.2146844863891601E-4	0.0	4.4078826904296875E-7	
2.857208251953125E-4	1.9412994384765626E-6	0.0	3.5052871704101564E-5	5.240545272827148E-5	0.0	2.44140625E-6	1.0172529220581055E-4	0.001025390625	1.2444400787353515E-5	2.5990772247314453E-5	0.001344028091430664	5.589802742004394E-4	0.0	0.0	2.3349342346191406E-4	2.3957147598266602E-4	3.458690643310547E-6	0.0024448309898376466	0.0	1.2715625762939453E-5	0.0	1.7632484436035156E-6	
0.007360441398620606	1.8968372344970702E-4	0.008047443008422852	2.67791748046875E-4	0.17114793567657471	2.44140625E-6	3.0820207595825194E-4	0.09036110773086548	0.1616540442466736	3.2641944885253906E-4	0.01446091547012329	0.12354683771133423	0.0011785125732421875	0.031408343887329104	0.0	0.017358754444122316	0.001738874626159668	2.69605827331543E-4	0.0033637067794799803	0.0	3.751964569091797E-5	0.0	7.638721466064454E-5	
0.012195705795288087	0.004403974723815918	0.005421846199035645	0.003403438949584961	0.12517430620193482	1.348029136657715E-4	0.009588877391815185	6.27602481842041E-4	0.002027723503112793	0.03181888999938965	0.012245822525024415	0.09406848487854004	0.08518129138946533	0.011678704166412354	3.34150505065918E-4	0.031284722232818606	0.01707586498260498	9.499444007873535E-4	1.0254755020141601E-4	3.4860401153564454E-4	0.01774945573806763	3.604469299316406E-5	4.426746368408203E-5	
0.002380362606048584	0.00818709478378296	0.0027978515625	1.6652421951293946E-4	1.546478271484375E-4	0.0	4.187688827514648E-5	1.5087547302246093E-4	3.44568920135498E-4	6.1374664306640625E-6	2.0175552368164062E-5	0.1226062689781189	3.003522872924805E-4	0.0	0.0	7.48587703704834E-4	0.004037526416778564	0.0	1.3139724731445312E-6	1.1494102478027344E-4	2.0839271545410157E-4	9.845314025878907E-5	3.72314453125E-5	
8.425397872924805E-5	4.6429948806762694E-4	0.0	5.118474960327149E-5	5.184593200683594E-5	9.326934814453125E-4	0.003190756893157959	1.2715625762939453E-5	1.0977001190185547E-4	1.44034481048584E-4	1.8429183959960938E-5	0.022930797958374022	0.001449907112121582	2.4753570556640626E-6	0.0021132744789123534	0.0010766008377075195	0.009108963012695313	1.5767097473144531E-6	0.0	1.3902664184570312E-6	6.46226692199707E-4	8.085886955261231E-4	4.069328308105469E-7	
6.589250564575195E-5	1.9230308532714843E-4	8.477210998535156E-7	2.315521240234375E-4	0.007894354915618896	1.1104583740234376E-6	7.551403045654296E-5	2.206592559814453E-5	0.003951466846466065	7.237749099731445E-5	2.1192550659179687E-6	0.0029230075836181642	7.90108585357666E-4	6.188392639160157E-7	0.0	0.01055328369140625	0.008095135116577149	1.4750194549560546E-5	1.5851974487304687E-6	3.523931503295898E-5	0.0010381571769714356	1.5018043518066405E-4	3.6027908325195313E-6	
0.007380184555053711	0.006028052425384522	0.0016559177398681642	0.001293216323852539	5.395253181457519E-4	3.958797454833984E-6	0.001101040267944336	2.1223278045654298E-4	6.445142745971679E-4	1.2663946151733398E-4	4.3114566802978515E-5	8.445316314697266E-4	0.010438774967193604	6.381568908691406E-5	3.241643905639649E-5	0.003835576343536377	0.024466417121887206	0.002315046501159668	1.8332586288452148E-4	2.749040603637695E-4	0.001835649299621582	8.900642395019531E-7	3.797721862792969E-6	
6.594343185424804E-5	1.9267616271972655E-4	4.069328308105469E-7	3.64990234375E-4	0.001220219898223877	1.6954421997070313E-6	1.3858375549316405E-4	0.006228875064849854	3.5497026443481446E-4	0.0027086894035339357	2.7398014068603515E-5	0.006038674259185791	0.003963945198059082	5.774602890014648E-5	0.0	2.9323158264160155E-4	0.003304561996459961	4.663848876953125E-4	9.317188262939453E-5	0.0	2.8451709747314455E-4	0.0	2.4074935913085936E-5	
5.421104431152344E-5	2.7104692459106446E-4	1.7801923751831054E-4	1.1007518768310547E-4	3.814697265625E-5	0.0	2.165050506591797E-5	6.781578063964843E-7	4.000349044799805E-5	5.721537590026855E-4	1.2037467956542968E-5	0.004021750545501709	9.37788200378418E-4	0.0	4.7473907470703127E-7	1.3325977325439453E-5	0.001581904125213623	9.293535232543945E-4	0.0	5.085945129394531E-7	1.0911731719970703E-4	8.23660945892334E-4	0.0	
