0.6361301591873169	0.009230719661712647	1.4920549392700197E-4	5.6640625E-4	6.342485427856446E-4	4.7473907470703127E-7	0.12617428245544435	4.357242584228516E-6	9.120941162109375E-4	2.3776588439941405E-4	1.287841796875E-4	0.28450544567108155	0.0033200496673583984	1.9311695098876954E-4	4.555597305297852E-5	0.6266848161697388	0.4791289520263672	0.01153279619216919	1.7174625396728516E-5	1.1220293045043945E-4	0.516349385547638	1.6954421997070313E-6	6.123857498168946E-5	
0.006686570930480957	0.0013289557456970214	1.8733978271484374E-6	0.002637812328338623	1.351250648498535E-4	0.009039052295684814	0.0018752034187316895	1.9989013671875E-5	1.9170970916748047E-4	0.0023138004302978516	1.6215858459472655E-4	0.05724061756134033	0.012158118343353272	1.1290655136108398E-4	4.97707748413086E-4	2.0270452499389648E-4	0.011145706176757813	0.03684085426330566	2.8346595764160154E-4	1.2750415802001953E-4	0.0015200212478637695	4.0440874099731443E-4	0.0	
0.005444700431823731	0.006682934188842774	2.524821281433105E-4	2.5634765625E-4	2.194976806640625E-4	1.6903305053710937E-5	0.0011090765953063965	6.756210327148437E-6	5.48129653930664E-4	0.0016060298919677734	2.0551042556762696E-4	0.004956622695922851	0.013159027099609375	1.1811151504516602E-4	5.661859512329101E-5	0.008856633472442628	0.031168077278137207	2.1608161926269533E-5	0.0010149383544921875	1.8564891815185546E-5	6.519317626953125E-4	0.0	6.569766998291015E-6	
0.016724412727355958	0.07651663885116577	1.0800676345825195E-4	5.908546447753906E-5	0.0014906565666198731	5.637264251708985E-6	5.315113067626953E-6	3.3514232635498045E-4	0.010787836742401124	0.0	2.8082952499389646E-4	0.018727205085754393	1.7462730407714843E-6	0.0010276031494140625	0.002003962230682373	0.041838209342956546	0.04078999834060669	0.0013309393882751466	0.001378648567199707	0.0	0.010119035530090331	1.5936107635498048E-4	2.0055131912231444E-4	
0.0032692718505859374	3.8045215606689456E-5	0.0	4.025774002075195E-5	0.0	0.0	1.1843366622924805E-4	1.1484785079956054E-4	0.041382700634002685	2.0874872207641602E-4	1.1104583740234376E-6	0.005672836303710937	0.007154634284973145	1.2715625762939453E-5	2.0073795318603515E-5	0.23270685834884644	0.03483579845428467	5.604209899902344E-5	3.485784530639648E-5	0.0	1.551342010498047E-6	3.391265869140625E-7	5.425357818603516E-6	
4.436073303222656E-5	0.0011923387527465821	2.5092220306396484E-5	3.2215118408203124E-7	1.1613845825195312E-6	0.0	4.1707038879394535E-6	0.0	5.79071044921875E-5	0.0	0.0	1.4194068908691406E-4	3.924942016601562E-6	0.0	0.0	3.9070987701416014E-5	0.015309516048431396	0.0	1.0189437866210938E-5	4.950628280639648E-5	1.3097095489501953E-5	2.276954650878906E-5	4.7473907470703127E-7	
0.008698798274993896	7.353973388671875E-4	8.273654937744141E-4	3.83131217956543E-4	3.429667472839356E-4	1.48001766204834E-4	1.89208984375E-5	9.996204376220704E-5	2.3115367889404298E-4	1.7216148376464845E-4	9.485883712768555E-5	0.012036285400390624	0.006172358226776123	4.939613342285156E-5	8.72802734375E-5	2.7028398513793945E-4	0.0024661848068237304	1.5650434494018554E-4	7.288618087768554E-5	2.5547447204589846E-4	6.510162353515625E-4	8.98878288269043E-4	2.6702880859375E-5	
0.002315495777130127	5.2464771270751954E-5	0.0	9.282398223876953E-6	8.7890625E-5	0.0	1.6106510162353515E-5	0.0	0.050309185409545897	1.2097673416137696E-4	0.0	0.0025310770988464354	9.530811309814453E-5	0.0	0.0	0.1860606638908386	0.024890187549591065	7.105512619018554E-5	4.492759704589844E-7	0.0	2.577037811279297E-5	0.0	0.0	
0.004473402214050293	5.397377014160156E-5	1.2037467956542968E-5	3.57674503326416E-4	0.0016640387535095216	1.0079288482666015E-5	9.180736541748046E-6	0.04210954456329346	0.17592252941131592	3.844366073608399E-5	1.5433416366577148E-4	0.007799309635162353	0.003230751895904541	6.018638610839844E-7	8.158369064331055E-5	0.38705304460525514	0.06319968328475953	1.325225830078125E-4	4.204654693603516E-6	0.0	1.5119762420654298E-4	6.1374664306640625E-6	3.8798017501831056E-4	
2.3619756698608398E-4	0.015827679061889647	1.5094337463378906E-4	0.0	4.0679931640625E-4	2.9839515686035154E-6	0.001374036979675293	2.95876407623291E-4	0.0016872321128845215	0.0	5.2820873260498045E-5	0.006414650821685791	1.5072250366210937E-5	0.0024983978271484377	7.929487228393554E-5	0.033458489322662356	0.03333333330154419	0.003136622142791748	8.758544921875E-4	0.004059914493560791	0.009445622730255126	1.678466796875E-6	3.4746809005737305E-4	
0.004092932796478272	0.03409235639572144	9.577433586120606E-4	4.8528032302856444E-4	9.146287918090821E-4	1.1528968811035157E-6	7.9803466796875E-5	9.821577072143555E-5	0.003145311164855957	0.0028690168380737305	7.842339515686035E-4	0.012719811344146728	0.0019838459968566893	4.385204315185547E-5	1.67083740234375E-5	0.005262434196472168	0.49979785499572754	7.405938148498535E-4	4.948933601379395E-4	2.1582698822021484E-5	1.5568199157714845E-4	9.680852890014648E-5	3.458690643310547E-6	
0.021141628646850586	0.018381644344329835	6.281620025634766E-4	0.0020690070152282716	7.863108634948731E-4	0.011973682022094726	0.0011150444984436036	2.827030181884766E-4	0.004422149658203125	0.001592381763458252	2.8440666198730468E-5	0.2978917609214783	0.01406412763595581	2.922481536865234E-4	1.1567859649658203E-4	0.009837451553344726	0.03943196611404419	0.05627927141189575	0.004277089405059814	0.0028819783210754396	4.995134353637695E-4	0.001597307014465332	0.001899566650390625	
2.7130126953125E-4	0.0033890872955322266	2.7745532989501952E-5	6.103515625E-7	0.0021530914306640623	7.892227172851563E-6	3.2415599822998046E-4	7.0953369140625E-6	6.05748462677002E-4	2.13623046875E-6	8.486433029174805E-5	0.00602427167892456	2.1642017364501954E-5	5.423650741577148E-5	9.180736541748046E-6	3.0114917755126954E-4	0.002992282485961914	8.302478790283203E-5	0.001311509895324707	2.753108978271484E-4	2.1397056579589843E-4	5.03523063659668E-4	2.3354434967041017E-5	
3.3656654357910155E-4	0.0010459221839904786	2.1085948944091798E-4	1.67083740234375E-5	4.832267761230469E-7	0.0	3.9401626586914066E-5	4.4078826904296875E-7	1.5646190643310546E-4	4.848060607910156E-5	0.0	8.08868408203125E-4	1.34429931640625E-4	0.0	0.0	0.001178580379486084	0.016371688842773437	8.587265014648438E-6	5.425357818603516E-6	5.170822143554688E-7	1.5249462127685546E-4	0.0	6.781578063964843E-7	
2.608829498291016E-4	2.2566032409667967E-5	0.0	6.535816192626953E-6	3.840160369873047E-6	0.0	1.0172843933105469E-6	7.459640502929688E-7	0.0036419254302978515	1.3461685180664063E-5	1.2715625762939453E-5	1.645660400390625E-4	2.2945823669433594E-4	0.0	0.0	1.9435462951660157E-4	1.2162952423095704E-4	0.0	0.0	0.0	0.0	0.0	3.2215118408203124E-7	
0.0165853627204895	6.651134490966797E-5	0.004932996940612793	1.3090343475341798E-4	0.14027469215393065	1.4919281005859375E-6	1.165599822998047E-5	0.05458031549453735	0.14997674732208252	9.018793106079101E-5	0.013253504467010497	0.09446721391677856	3.334893226623535E-4	0.02604801597595215	0.0	0.010106870841979981	0.0020967610359191894	1.0103015899658203E-4	0.0034399074554443358	0.0	1.0850906372070312E-6	0.0	2.588062286376953E-5	
0.007008268547058105	0.0015420023918151855	0.006518215560913086	0.004976230239868164	0.09042183771133423	5.353546142578125E-4	0.013037999439239502	4.2622852325439454E-5	0.003879106330871582	2.935451507568359E-4	0.010606045150756836	0.08159061012268067	0.036315663623809814	0.008255835628509522	1.7666244506835937E-5	0.02377621965408325	0.01048091468811035	8.760242462158203E-5	9.738413810729981E-4	1.6435413360595702E-4	7.60981273651123E-4	1.3156509399414063E-5	2.6728315353393556E-4	
0.002060546875	0.00663110523223877	0.0023363494873046876	3.835887908935547E-5	5.6550788879394533E-5	3.391265869140625E-7	1.0205583572387695E-4	4.136848449707031E-6	4.0350170135498045E-4	5.162525177001953E-6	6.103515625E-7	0.10866104125976563	7.230119705200195E-5	0.0	6.103515625E-7	5.74620532989502E-4	0.004915178108215332	0.0	5.085945129394531E-7	1.48323917388916E-4	1.1229619979858398E-4	3.0254745483398437E-5	0.0	
9.217157363891601E-5	2.7420892715454104E-4	0.0	6.940202713012696E-5	1.2715654373168946E-4	2.5007247924804686E-6	0.0024708048820495606	3.391265869140625E-7	1.6292953491210936E-5	1.7954540252685546E-5	0.0	0.021904474925994875	5.920918464660644E-4	4.4148731231689455E-5	3.391265869140625E-7	0.001848483657836914	0.014496078491210937	8.307456970214844E-7	0.0	7.924394607543945E-5	5.5864143371582035E-5	0.002149844741821289	4.467391967773438E-6	
6.626548767089843E-5	8.174476623535156E-5	0.0	6.050958633422852E-5	2.7642993927001953E-4	1.2037277221679687E-6	8.930625915527344E-5	3.9503288269042965E-5	0.0035741764068603515	1.4241218566894532E-6	1.4072418212890625E-6	0.004046978378295899	0.005167744922637939	0.0	0.0	0.008621224308013917	0.005702438354492187	5.683050155639648E-5	4.069042205810547E-6	5.396528244018555E-5	1.321582794189453E-5	2.916145324707031E-6	0.0	
0.0074236637115478515	0.004247962093353271	9.52131462097168E-4	1.1004981994628906E-4	2.2556724548339845E-4	5.015907287597656E-5	9.41653823852539E-4	2.4103803634643555E-4	5.699412345886231E-4	1.4600114822387695E-4	9.083213806152344E-5	4.560173988342285E-4	8.27475643157959E-4	2.4548845291137695E-4	1.4919281005859375E-6	0.005084686279296875	0.016191889476776123	6.503804206848144E-4	1.7232255935668945E-4	7.830305099487305E-5	1.3564214706420898E-4	0.0	6.103515625E-7	
8.248224258422852E-5	2.4280128479003905E-4	3.814697265625E-5	6.05960464477539E-4	5.055914878845215E-4	1.2122154235839843E-6	5.083805084228516E-4	0.001975996208190918	7.56496810913086E-4	3.00589656829834E-4	3.642616271972656E-5	0.0036438751220703126	0.005018039321899414	3.3992767333984375E-6	0.0	1.3092041015625E-4	0.0038033549308776854	1.2708873748779298E-4	6.320533752441406E-5	0.0	3.1255083084106444E-4	0.0	2.109947204589844E-5	
3.8180923461914065E-5	1.3505725860595702E-4	0.0	1.3648033142089844E-6	1.1444091796875E-4	3.2215118408203124E-7	1.7751026153564452E-5	0.0	6.205272674560547E-6	3.420172691345215E-4	1.2037467956542968E-5	0.003988571166992187	8.582136154174805E-4	1.40380859375E-5	4.7473907470703127E-7	0.0	0.0028659820556640623	3.2215118408203124E-7	3.4925460815429687E-6	6.781578063964843E-7	2.4252147674560547E-4	0.001351640510559082	0.0	
