0.715023303604126	0.010289035415649414	8.002386093139649E-5	5.04302978515625E-4	5.11330509185791E-4	0.0	0.34325684442520144	4.7319221496582034E-5	5.83953857421875E-4	5.734846115112305E-4	5.352439880371094E-5	0.3712650722503662	0.0017049238204956054	1.1627197265625E-4	0.003421596908569336	0.7304122924804688	0.47760230169296264	0.01390777587890625	5.5855655670166015E-5	8.391485214233399E-5	0.5723437415122986	0.0	3.3662605285644533E-5	
0.007025748348236084	0.003487514877319336	1.57928466796875E-5	0.002551413631439209	3.5901384353637697E-4	0.009119856071472168	0.001560338306427002	7.435264587402344E-5	1.2781782150268555E-4	0.0018906232833862304	8.943347930908203E-5	0.06929951982498168	0.015682347583770753	1.9770307540893555E-4	8.536434173583985E-6	1.9098072052001953E-4	0.016891835498809814	0.03792400779724121	1.2347755432128905E-4	2.4033441543579103E-4	9.554290771484375E-4	0.0019835069656372072	2.568531036376953E-6	
0.010071885871887207	0.0024773491859436036	1.4919700622558594E-4	0.0010063934326171875	4.49532413482666E-4	1.4970588684082032E-5	9.348297119140625E-4	1.1828956604003906E-4	4.937489509582519E-4	3.8335161209106445E-4	8.705987930297851E-5	0.003964835262298584	0.010942560863494873	6.966485977172852E-5	5.459213256835938E-6	0.006372205924987793	0.024068942642211915	4.464893341064453E-5	9.19969367980957E-4	9.00548267364502E-4	9.589555740356445E-4	0.0	1.5411376953125E-5	
0.27120919122695925	0.1487967342376709	2.9440975189208983E-5	7.781982421875E-5	0.001170484733581543	3.1670475006103515E-5	5.549028396606445E-4	0.0011425103187561036	0.013980331420898438	0.0	4.1051225662231447E-4	0.038394105720520016	1.852245330810547E-5	0.0013733927726745606	0.001616677188873291	0.04594041614532471	0.050965016651153563	0.0042706298828125	0.0021045939445495606	0.0	0.007162102603912353	1.3563156127929687E-6	0.0011118062019348145	
0.002001809024810791	1.0422601699829101E-4	0.0	1.1979846954345703E-4	0.0	3.1704330444335936E-5	1.4384803771972656E-4	1.6360816955566406E-4	0.041622712898254394	3.6679582595825194E-4	1.068115234375E-6	0.006714706420898438	8.599260330200196E-4	3.7782478332519534E-5	1.6055679321289062E-5	0.24250089855194093	0.036045320320129394	3.785877227783203E-5	0.0	0.0	9.426498413085937E-6	3.770618438720703E-5	0.0	
1.2401161193847655E-4	6.736247062683106E-4	1.2647819519042969E-5	7.121086120605469E-7	1.4580726623535156E-6	0.0	7.544517517089844E-7	3.0517578125E-7	4.848861694335937E-6	1.2715625762939453E-5	0.0	9.112043380737305E-5	1.3261585235595702E-4	0.0	0.0	2.8127002716064454E-5	0.013625335693359376	0.0	4.069328308105469E-7	0.0	1.7389087677001952E-4	1.2461662292480468E-6	0.0	
0.016262224006652833	0.0010467868804931641	8.926052093505859E-4	4.066890716552734E-4	4.022894859313965E-4	1.4062671661376952E-4	1.7606925964355468E-5	1.2052745819091797E-4	2.8810291290283204E-4	3.45475959777832E-4	8.600873947143555E-5	0.014593904304504395	0.022339647102355958	1.1561079025268554E-4	6.295948028564453E-5	4.232110023498535E-4	0.006606029891967773	1.3916015625E-4	6.85238265991211E-4	2.269744873046875E-4	9.357367515563965E-4	9.518093109130859E-4	8.321971893310548E-5	
0.001546910572052002	2.6982593536376952E-5	0.0	2.2857666015625E-4	7.683649063110351E-5	1.6191482543945312E-6	3.35693359375E-6	0.0	0.05729298906326294	8.60595703125E-5	0.0	0.004658355712890625	2.603572845458984E-4	4.218206405639648E-5	0.0	0.18095915899276732	0.029049919986724855	6.63325023651123E-4	1.2291908264160156E-6	0.0	4.569158554077148E-5	0.0	0.0	
0.004794184398651123	4.2241382598876955E-5	0.0	3.2691106796264646E-4	0.002016423511505127	3.899574279785156E-7	3.711280822753906E-5	0.05071178855895996	0.19864118785858154	5.42916202545166E-4	7.578535079956055E-5	0.01020904541015625	0.0025171068191528322	1.6191482543945312E-6	5.109996795654297E-5	0.41584084405899047	0.05347082347869873	8.520336151123047E-5	9.023027420043945E-5	0.0	1.6748218536376952E-4	0.0	4.37791633605957E-4	
2.42623233795166E-4	0.006197594547271729	7.341194152832031E-6	0.0	2.95884895324707E-4	5.908584594726562E-6	0.001173392391204834	1.9662647247314452E-4	0.0016628010749816895	0.0	8.744983673095703E-5	0.010615912532806396	5.7390213012695315E-6	0.0027065531730651854	1.867504119873047E-5	0.03508244829177856	0.04603802146911621	5.70076847076416E-4	0.002183981990814209	8.92300033569336E-4	0.001497175407409668	0.0	1.5608892440795898E-4	
0.006391567611694336	0.04482506647109985	8.461506843566894E-4	0.001370569896697998	5.839030265808106E-4	2.6109504699707032E-5	6.0662174224853514E-5	2.6683387756347654E-4	0.003987765884399414	0.0030518256187438966	0.001025992488861084	0.014080420589447022	0.003669416618347168	2.8194808959960937E-5	2.1599674224853517E-5	0.006892657852172851	0.5638173930168152	3.403558731079101E-5	0.0013019646644592286	3.765106201171875E-4	2.8880653381347656E-4	7.958307266235351E-5	5.3660392761230465E-6	
0.02430084228515625	0.022886793327331543	1.6622753143310547E-4	0.009467027473449708	5.39576244354248E-4	0.01016337080001831	8.94037914276123E-4	4.956902503967285E-4	0.004095492935180664	7.53334903717041E-4	4.486083984375E-5	0.2362226104736328	0.02583852128982544	3.128814697265625E-4	3.1342401504516604E-4	0.009761971378326417	0.030879652214050292	0.06577808799743652	0.004944788646697998	3.639984130859375E-4	0.0037022823333740236	0.005871014022827148	0.0014451005935668946	
2.4937944412231443E-4	6.046210289001464E-4	3.9410018920898435E-5	5.085945129394531E-7	5.170525550842285E-4	6.526947021484375E-7	9.516228675842285E-4	9.106784820556641E-4	2.90985107421875E-4	1.52587890625E-6	1.8124008178710938E-5	0.008793165397644043	1.0466680526733398E-4	2.331199645996094E-5	7.6124191284179685E-6	0.001224941635131836	0.006654976749420166	1.94998836517334E-4	0.001328438663482666	5.955162048339844E-5	1.758660316467285E-4	0.001711764907836914	7.595481872558594E-5	
1.507568359375E-4	9.263865470886231E-4	5.40186595916748E-4	2.5049848556518554E-4	2.4074935913085936E-5	0.0	1.0104713439941407E-4	4.4078826904296875E-7	1.0375127792358398E-4	8.488121032714844E-5	0.0	4.456244468688965E-4	1.0726079940795899E-4	0.0	2.7805328369140625E-6	0.0011311763763427734	0.018382780265808106	4.4078826904296875E-7	8.815765380859375E-7	4.4078826904296875E-7	3.34158992767334E-4	0.0	0.0	
3.52164363861084E-4	3.026294708251953E-6	0.0	4.9311351776123045E-5	1.3054752349853516E-5	0.0	3.391265869140625E-7	0.0	2.5084600448608397E-4	1.568260192871094E-5	1.3309478759765625E-6	1.5749616622924806E-4	1.6335391998291017E-5	7.061386108398437E-6	0.0	3.37838077545166E-4	4.830254554748535E-4	1.9412994384765626E-6	0.0	0.0	0.0	0.0	0.0	
0.006935645198822021	1.4161853790283204E-4	0.005215437126159668	3.7111072540283206E-4	0.12923415288925172	0.0	1.05438232421875E-4	0.0589312066078186	0.11566395225524902	2.63383674621582E-4	0.014177983570098878	0.11299162120819092	0.002395146656036377	0.023214526748657226	0.0	0.008893441104888915	0.00943609447479248	2.809314727783203E-5	0.003040195083618164	0.0	5.933761596679687E-7	0.0	8.663558959960938E-6	
0.006893480110168457	0.004119686508178711	0.00448008222579956	0.003658760929107666	0.0956332142829895	5.609302520751953E-5	0.017021467399597166	2.2409229278564453E-4	0.011217185115814208	0.030888010692596436	0.009529410457611085	0.07921735124588013	0.024767422103881834	0.008173912906646728	7.970170974731446E-5	0.02936704845428467	0.02588270397186279	5.900917053222656E-5	1.6485424041748047E-4	0.023807805347442628	0.015668936824798585	5.680084228515625E-7	3.4925460815429687E-6	
0.001074532413482666	0.008536487197875977	0.0019370693206787108	8.67462158203125E-5	1.2220592498779297E-4	0.0	6.717851638793946E-4	1.538591384887695E-5	3.9447364807128907E-4	4.0088272094726565E-5	3.970680236816406E-5	0.1098522271156311	2.50100040435791E-4	9.409904479980469E-7	6.103515625E-7	4.776848793029785E-4	0.005221489810943603	0.0	8.307456970214844E-7	1.2915716171264647E-4	9.447736740112304E-5	9.534196853637695E-5	2.288818359375E-6	
1.0256452560424805E-4	2.4113969802856444E-4	7.62939453125E-5	8.811101913452148E-5	8.815765380859375E-7	1.4919662475585937E-5	0.0036175113677978515	4.57763671875E-7	0.0020064459800720213	3.442554473876953E-5	1.2359619140625E-5	0.020030890560150148	4.7139482498168944E-4	5.831403732299805E-5	1.4241218566894532E-6	0.0015959930419921875	0.020094740104675293	4.069328308105469E-7	0.0	4.560661315917968E-6	1.5377464294433595E-4	2.3373918533325195E-4	5.425453186035156E-7	
3.943548202514649E-5	4.6963119506835936E-5	6.588401794433594E-5	3.3910112380981447E-4	0.005272555923461914	0.0	0.0020687442779541015	2.339649200439453E-6	0.00357818603515625	0.0018629116058349608	1.8818855285644532E-6	5.844539642333984E-4	9.96865177154541E-4	1.333446502685547E-5	0.0	0.005735948371887207	0.006076363468170166	3.0856704711914065E-5	3.0178070068359376E-6	3.7392520904541015E-5	4.243640899658203E-5	1.0962591171264648E-4	1.4072418212890625E-6	
0.01071818037033081	0.005390243530273437	0.0010355377197265624	0.0010899776458740235	1.5803871154785156E-4	9.273910522460937E-6	0.03131934270858765	4.041205406188965E-4	5.88395881652832E-4	1.3880414962768553E-4	0.0013046772956848145	5.832587242126465E-4	0.003545252513885498	8.869590759277344E-5	4.670906066894531E-6	0.0031627739906311034	0.016251432609558105	7.567341804504394E-4	4.85992431640625E-5	1.0023326873779297E-4	3.767055511474609E-4	0.0	3.797721862792969E-6	
4.2013378143310545E-4	2.1585254669189452E-4	6.368846893310547E-5	2.574920654296875E-4	0.003829015064239502	9.214591979980469E-6	0.0017354753494262696	0.002325897216796875	2.5776329040527344E-4	2.9001874923706054E-4	4.061384201049805E-5	0.006883383846282959	0.003100925064086914	3.1703948974609373E-6	0.0	1.2966575622558595E-4	0.0027155219078063963	9.031505584716797E-5	3.4493350982666016E-5	0.0	1.6335382461547853E-4	0.0	1.0342025756835938E-5	
1.9557533264160157E-4	6.513805389404297E-5	0.0	3.8859081268310544E-5	0.0	0.0	0.003019078540802002	0.0	2.0361995697021483E-5	2.092151641845703E-5	1.2037467956542968E-5	0.005778681468963623	0.0022669559478759767	1.2775039672851562E-5	0.0	0.0	3.0668468475341797E-4	8.392333984375E-7	2.1701812744140624E-6	0.0	3.814697265625E-5	7.317267417907715E-4	0.0	
