0.6891748216629028	0.009699418830871581	1.83868408203125E-5	2.9937744140625E-4	6.717681884765625E-4	1.2647819519042969E-5	0.5485944621086121	2.6787757873535156E-6	7.662285804748535E-4	7.927789688110352E-5	1.0130119323730468E-5	0.34578396263122557	0.0065240478515625	1.0052146911621093E-4	1.5026512145996094E-4	0.7614249420166016	0.7486934153556823	0.012416890430450439	4.469127655029297E-5	5.4066944122314454E-5	0.5193968793869018	0.0	2.4252986907958985E-5	
0.011101031875610352	0.002019500732421875	1.013946533203125E-4	0.0019357554435729982	1.6453208923339845E-4	0.010343076896667481	9.835222244262696E-4	4.4403076171875E-5	0.001445643138885498	0.0017868889808654786	1.2631731033325197E-4	0.06230088129043579	0.016476915168762207	9.267848968505859E-4	1.8310546875E-6	1.9834728240966797E-4	0.00970267400741577	0.039302435970306394	4.572381019592285E-4	1.1187238693237305E-4	0.0021717326164245607	4.0612115859985353E-4	4.069328308105469E-7	
0.007981067276000977	0.002299372386932373	2.184295654296875E-4	4.2275323867797853E-4	1.1112632751464844E-4	4.179191589355469E-6	0.0011101786613464356	9.251912117004394E-4	7.42043399810791E-4	7.475109100341797E-5	3.2717390060424807E-4	0.006840625381469727	0.024718577098846437	1.888275146484375E-4	2.644824981689453E-6	0.004210467910766602	0.038574863052368166	2.3184871673583984E-5	8.50652027130127E-4	2.954273223876953E-5	8.005523681640626E-4	4.4078826904296875E-7	1.3563156127929687E-6	
0.021201290512084962	0.09304801092147827	2.4028358459472657E-4	3.0254745483398437E-5	0.0020750003814697265	5.635576248168945E-5	9.889392852783203E-5	0.002435311222076416	0.015029262924194335	0.0	3.411017417907715E-4	0.01623985290527344	2.5855064392089844E-6	0.001343400764465332	0.001985304069519043	0.042385381031036375	0.04639359369277954	0.0014745415687561034	0.004128451919555664	0.0	0.01186379327774048	1.138477325439453E-5	3.2688560485839846E-4	
0.0032752397537231443	7.555646896362304E-5	4.4078826904296875E-7	0.001651314640045166	0.0	2.6745223999023437E-5	2.0599365234375E-5	9.686784744262696E-5	0.03262027320861816	7.506475448608399E-5	0.0	0.006509238338470459	0.005591278076171875	6.435813903808593E-5	7.264032363891601E-5	0.23520254344940186	0.0341141170501709	7.999839782714844E-5	1.2715625762939453E-5	0.0	6.985130310058594E-5	9.833335876464843E-7	0.0	
6.320533752441406E-5	0.001516240406036377	1.9183731079101563E-5	0.0	2.110767364501953E-6	0.0	2.122669219970703E-5	3.9844512939453125E-7	6.845264434814453E-5	1.3478279113769531E-6	0.0	2.8241472244262697E-4	4.872636795043945E-5	0.0	1.1020660400390625E-6	7.154655456542969E-6	0.01703479347229004	1.46484375E-5	1.321582794189453E-5	2.5117683410644533E-5	5.5211353302001956E-5	3.0432701110839844E-6	0.0	
0.010022320175170898	7.71798038482666E-4	9.609222412109375E-4	6.74735164642334E-4	4.54110050201416E-4	0.0010264926910400392	3.213672637939453E-5	3.550214767456055E-5	0.004131147575378418	4.4216575622558596E-4	4.793806076049805E-5	0.011951455020904542	0.005753657054901123	3.0155601501464846E-4	2.7974414825439454E-5	1.6338768005371093E-4	0.004001430892944336	4.08486270904541E-4	1.5162153244018556E-4	6.511268615722656E-5	0.002088148307800293	6.981998443603515E-4	5.933952331542969E-6	
0.0011886088371276856	9.251909255981445E-5	0.0	6.518936157226563E-6	2.6218833923339843E-4	3.9844512939453125E-7	1.6954421997070313E-6	0.0	0.05764041481018067	1.0766773223876953E-4	0.0	0.0029177178382873534	1.1933221817016602E-4	0.0	9.982643127441407E-5	0.1821837022781372	0.024618360710144043	1.4005870819091797E-4	0.0	0.0	1.344470977783203E-5	0.0	0.0	
0.005032119750976563	1.5132484436035157E-4	0.0	1.587592124938965E-4	9.809367179870606E-4	0.0	3.546819686889648E-5	0.05568494157791138	0.1932679663658142	2.9296875E-5	3.840160369873047E-6	0.007674475765228271	0.002127702522277832	5.069351196289062E-6	4.738702774047851E-5	0.43197509765625	0.06821809558868408	1.356334686279297E-5	1.983642578125E-6	0.0	1.88751220703125E-4	4.069328308105469E-7	4.80643367767334E-4	
6.734466552734375E-4	0.010416963386535645	7.968987464904785E-4	0.0	0.0011208683013916015	2.076911926269531E-6	0.00115325927734375	6.830005645751953E-5	0.002047568416595459	0.0	1.7377853393554688E-6	0.006961093521118164	4.7495527267456055E-4	2.1418256759643555E-4	0.0012813483238220216	0.018687964534759523	0.03459920244216919	0.002657284164428711	4.188961029052734E-4	0.004328240299224854	0.00308197021484375	1.1444091796875E-6	5.543094635009765E-4	
0.003167995834350586	0.0336191219329834	0.0017159440994262696	0.001023245906829834	7.184261322021484E-4	0.0	9.673223495483399E-5	8.650035858154297E-5	0.0036364237785339354	0.0031322224617004396	6.4178466796875E-4	0.01359659833908081	0.0017841423988342285	6.217107772827149E-5	1.0304765701293945E-4	0.00673492431640625	0.5221241505622863	4.7580299377441405E-4	5.29632568359375E-4	3.36456298828125E-5	2.4785356521606446E-4	1.0647201538085938E-5	4.204654693603516E-6	
0.024987114810943605	0.02464467363357544	2.683258056640625E-4	0.001966866397857666	8.539241790771484E-4	0.015230933284759522	0.0021124267578125	7.027180671691894E-4	0.00317657470703125	0.001536882209777832	1.5094337463378906E-4	0.2887838067054749	0.020479075145721434	8.014424324035644E-4	3.421360015869141E-4	0.0030438740730285643	0.036646304702758786	0.06253699407577515	0.004459915161132813	0.008660329151153565	4.5153303146362305E-4	0.0018336995124816895	0.0016821882247924805	
2.744123458862305E-4	0.001764695930480957	2.8627204895019532E-5	6.103515625E-7	5.39694881439209E-4	5.079479217529297E-5	4.03298282623291E-4	1.6916913986206054E-4	3.504265785217285E-4	1.6954421997070313E-6	4.751415252685547E-5	0.005819388484954834	8.664445877075196E-5	3.198413848876953E-5	2.709621429443359E-4	3.5128278732299805E-4	0.00452581615447998	6.276445388793945E-5	0.001536424446105957	3.9761009216308593E-4	1.3706626892089844E-4	8.30849552154541E-4	2.4312305450439454E-5	
3.4586591720581054E-4	0.0024173481941223143	4.7221717834472656E-4	9.282426834106445E-5	1.2478256225585938E-5	0.0	6.35528564453125E-5	9.833335876464843E-7	1.171875E-4	4.4445419311523436E-5	9.494781494140625E-7	6.743621826171875E-4	9.711370468139649E-5	0.0	4.4078826904296875E-7	9.725189208984375E-4	0.018957485580444335	0.0	3.957958221435547E-5	4.4078826904296875E-7	1.9807605743408203E-4	0.0	0.0	
2.84864616394043E-4	2.9839515686035154E-6	0.0	1.1851024627685547E-5	1.4241504669189452E-5	2.5965404510498048E-5	1.928539276123047E-5	4.5691490173339845E-6	2.8050737380981447E-4	1.740180015563965E-4	4.386053085327149E-5	3.0889720916748046E-4	1.6132774353027344E-4	0.0	0.0	0.0018469916343688965	0.00827980890274048	1.3860034942626954E-5	0.0	0.0	0.0	0.0	3.2215118408203124E-7	
0.010711424064636231	4.1082592010498046E-4	0.006157735157012939	4.854841232299805E-5	0.17779866533279418	8.358383178710938E-6	1.28173828125E-4	0.06926547584533692	0.17914919538497925	5.753412246704101E-5	0.014587834644317626	0.11042705116271972	0.002790366268157959	0.029826388931274414	0.0	0.011242412948608399	8.786858558654786E-4	3.3391284942626954E-5	0.0036115264892578125	0.0	3.9844512939453125E-7	0.0	1.7878246307373047E-5	
0.01003011064529419	0.0011536067962646483	0.004169498062133789	0.00451135425567627	0.1007785966873169	9.182395935058594E-5	0.016270133113861083	3.767223358154297E-5	0.007003851985931397	6.00153636932373E-4	0.010438757991790771	0.08541922674179077	0.028686574268341064	0.010243504810333252	1.784600257873535E-4	0.030176874828338623	0.01291241111755371	9.076433181762695E-5	4.1677684783935547E-4	4.26474666595459E-4	7.992383956909179E-4	1.3054752349853516E-5	2.288818359375E-6	
0.00452764720916748	0.006894276905059815	0.001867506217956543	8.976402282714843E-5	5.3473567962646486E-5	1.7971038818359376E-6	1.1839971542358398E-4	9.392642974853516E-6	7.250383377075195E-4	6.247615814208984E-6	8.646965026855468E-7	0.11585217790603637	1.40847110748291E-4	3.814697265625E-5	6.815624237060547E-6	3.3751592636108396E-4	0.006501176643371582	0.0	1.4580726623535156E-6	2.4412364959716797E-4	2.07816219329834E-4	9.3841552734375E-6	0.0	
7.04193115234375E-5	7.648887634277344E-5	1.531810760498047E-5	6.696910858154297E-5	0.0	2.44140625E-5	0.0020983123779296873	9.358692169189453E-6	3.3416748046875E-5	4.6624088287353515E-5	2.8322029113769532E-5	0.02194376630783081	2.666473388671875E-4	2.0836734771728516E-5	1.322460174560547E-6	9.119754791259766E-4	0.01444921703338623	3.2382965087890625E-6	0.0	1.1706037521362305E-4	3.864707946777344E-5	0.0020083024978637697	7.799148559570312E-7	
6.933422088623047E-5	1.4322919845581055E-4	0.0	4.656476974487305E-5	2.4243669509887696E-4	6.781578063964843E-7	4.0587530136108397E-4	0.0029642316818237306	0.0033849419593811035	2.3434104919433594E-4	1.7124176025390626E-6	3.2122297286987306E-4	0.01124676170349121	0.0	0.0	0.007266167545318603	0.003405270004272461	5.637264251708985E-6	1.1077032089233398E-4	6.180658340454101E-5	1.7422142028808595E-4	1.0308170318603515E-5	1.4241218566894532E-6	
0.007804616260528564	0.004812503433227539	9.132215499877929E-4	9.572343826293945E-5	7.827928543090821E-4	2.390575408935547E-6	9.221649169921875E-4	1.4738292694091798E-4	7.409244537353516E-4	1.023101806640625E-4	5.323619842529297E-5	4.3384132385253905E-4	0.0012534417152404785	1.4325456619262696E-4	4.0520668029785155E-6	0.007183091926574707	0.022614042472839355	7.306840896606446E-4	2.0150079727172853E-4	3.406944274902344E-5	2.72208309173584E-4	3.2128334045410156E-6	3.35693359375E-6	
0.0024228244781494142	3.4002513885498045E-4	7.358970642089844E-5	5.0750732421875E-4	0.006236860466003418	9.494781494140625E-7	2.8834028244018555E-4	0.002057155990600586	0.01496667652130127	1.0398015975952148E-4	8.477954864501953E-5	0.004481514835357666	0.005922198867797852	1.4402580261230469E-5	0.0	9.395179748535157E-5	0.002474704360961914	1.3133583068847656E-4	1.4404296875E-4	0.0	1.7441644668579102E-4	0.0	2.5388908386230468E-5	
3.292503356933594E-5	1.4010114669799805E-4	0.0	0.0025147501945495605	0.0	0.0	4.022388458251953E-5	0.0	2.298145294189453E-5	0.002542232894897461	0.0	0.002941445255279541	0.003505121898651123	1.2656307220458985E-5	1.2715625762939453E-5	0.0	4.790327072143555E-4	1.0341644287109375E-6	2.5753402709960938E-5	2.5431346893310546E-5	2.9118003845214846E-4	9.129838943481445E-5	0.0	
