0.7197551812171936	0.029365531063079833	2.2496538162231446E-4	5.96491527557373E-4	0.0010134124755859376	8.578872680664062E-6	0.28002243041992186	2.866954803466797E-5	0.0015082295417785645	3.821648597717285E-4	3.223419189453125E-4	0.33547847328186037	0.002112443733215332	1.2508811950683594E-4	3.34489631652832E-4	0.7478925916671753	0.7487290361404418	0.014116456794738769	7.358131408691407E-5	6.878318786621093E-5	0.5225177001953125	0.0	4.1512393951416016E-5	
0.014484727668762206	0.0028591495513916017	2.664356231689453E-5	0.004685490894317627	3.2535133361816406E-4	0.01186535301208496	0.007006361198425293	6.612987518310547E-5	0.001146375846862793	0.003420274543762207	2.0366249084472656E-4	0.12470887928009033	0.030438359546661378	1.49375057220459E-4	6.371392250061035E-4	6.485408782958984E-4	0.03794592113494873	0.048846503353118895	0.0012430233001708983	5.484348297119141E-4	0.04919824390411377	0.005262680053710937	4.611587524414063E-6	
0.010707117748260497	0.002388882064819336	6.473960876464844E-5	5.097368240356445E-4	7.007179260253906E-5	2.6126480102539064E-5	0.0014241621017456055	3.2976150512695314E-6	8.310359954833984E-4	2.6003522872924804E-4	1.67397403717041E-4	0.003679046630859375	0.004899749755859375	2.0218744277954103E-4	5.450820922851563E-6	0.00813952980041504	0.042682469654083253	4.1512393951416016E-5	0.005931803417205811	3.9783096313476564E-5	0.010683805656433105	0.0	5.747509002685547E-6	
0.12173202514648437	0.10429393348693848	1.783580780029297E-5	5.069313049316406E-5	0.005444725894927978	1.6580371856689453E-4	2.9751243591308595E-4	0.0015777587890625	0.027036921215057373	0.0	0.001260859203338623	0.03599590721130371	2.9805469512939453E-5	0.002976091194152832	0.004198599910736084	0.050663511466979984	0.07148976640701293	0.00462799072265625	0.004655295467376709	0.0	0.009957572078704834	1.7674732208251954E-5	0.004710922241210938	
0.005830544376373291	8.974371910095215E-4	0.0	1.4689979553222655E-4	0.0	2.1447181701660155E-6	4.7353076934814455E-5	3.9348182678222655E-4	0.04491244850158691	4.927825927734375E-4	1.5097713470458984E-5	0.007954906845092773	0.0014645894050598145	0.0	1.5746221542358398E-4	0.2879745228767395	0.042768071460723874	9.225124359130859E-4	1.4046573638916015E-5	0.0	2.076892852783203E-5	6.781578063964843E-7	4.4078826904296875E-7	
1.634979248046875E-4	0.001513985538482666	3.0475234985351563E-5	3.2215118408203124E-7	0.0	0.0	6.315422058105469E-6	0.0	2.2540664672851563E-5	6.781578063964843E-7	0.0	9.877519607543946E-5	2.5422859191894533E-5	0.0	0.0	1.1444091796875E-5	0.017789154052734374	0.0	0.0	1.28173828125E-5	1.5936851501464844E-6	1.8242740631103517E-5	0.0	
0.019329783153533935	0.0028640238761901853	0.0027165985107421874	0.003551033878326416	6.620280265808105E-4	1.6704978942871094E-4	7.33464527130127E-4	1.6162452697753905E-4	4.908159255981445E-4	2.8897600173950197E-4	0.0033968353271484376	0.01911698236465454	0.023834160709381103	1.0057239532470704E-4	1.0015697479248047E-4	0.010381444263458252	0.006299616527557373	6.46675968170166E-4	7.715864181518555E-5	1.6399803161621095E-4	0.0016399638175964356	9.457567214965821E-4	2.4945573806762697E-4	
0.0028043280601501466	3.240795135498047E-5	0.0	0.0010959540367126465	5.666521072387696E-4	0.0	2.943248748779297E-5	0.0	0.07391257390975953	1.4836626052856444E-4	6.7308425903320315E-6	0.007259496021270752	0.002480951976776123	3.407793045043945E-5	6.252708435058594E-5	0.2765308973312378	0.03856408863067627	1.7330589294433594E-4	5.2210521697998044E-5	0.0	3.96728515625E-6	0.0	3.391265869140625E-7	
0.006166517448425293	3.9640636444091795E-4	0.0	6.51270580291748E-4	6.288740158081054E-4	4.492759704589844E-7	2.7321720123291017E-5	0.08460041465759277	0.25136346607208254	3.143310546875E-4	3.997802734375E-5	0.015029729175567627	0.0027446746826171875	2.797412872314453E-6	3.30632495880127E-4	0.4536757999420166	0.0785765160560608	1.7790050506591798E-4	2.0175933837890626E-6	0.0	3.799777984619141E-4	0.0	3.4581499099731444E-4	
7.256910324096679E-4	0.010462324333190918	0.006631673145294189	0.0	3.72763729095459E-4	6.781578063964843E-7	0.0018292999267578126	7.927789688110352E-5	0.0023249393463134764	0.0	2.577037811279297E-5	0.006458867359161377	1.0562515258789062E-5	3.0627784729003906E-4	5.614471435546875E-4	0.0224087100982666	0.039185799503326416	5.378383636474609E-4	8.517964363098145E-4	5.031925201416015E-4	9.226057052612304E-4	2.5431346893310546E-5	5.13280200958252E-4	
0.0032149166107177736	0.06509055242538452	6.21660041809082E-4	8.68191146850586E-4	6.450483322143555E-4	2.085399627685547E-6	1.4026222229003907E-4	4.08486270904541E-4	0.003607050609588623	0.0028821393966674803	9.035237312316895E-4	0.015326504135131836	0.006453213119506836	7.222490310668945E-5	8.75540828704834E-4	0.009206839656829833	0.5839873759269715	3.74306583404541E-4	9.208933830261231E-4	0.0013830142974853516	3.265804290771484E-4	8.7127685546875E-5	3.5518646240234376E-6	
0.023788926887512208	0.024153425407409668	1.2329950332641603E-4	0.006059883975982666	0.001698455810546875	0.017727042293548583	0.0011902873039245606	4.890018463134765E-4	0.004743728637695312	0.0036908721923828124	4.4810009002685546E-5	0.33327343406677246	0.03673072814941406	0.0011616431236267089	4.97122859954834E-4	0.002731196117401123	0.05681953430175781	0.10842220726013184	0.004608366203308106	0.0018163129806518556	0.0038690863609313966	0.004488839054107666	0.0029088592529296874	
1.6515941619873046E-4	0.005855526351928711	2.3888492584228515E-5	1.0766029357910156E-6	2.674017906188965E-4	4.085121154785156E-5	0.002671034049987793	1.0732011795043945E-4	8.65944766998291E-4	2.6923274993896486E-5	1.6301441192626952E-5	0.02713550148010254	1.3671875E-4	1.1088085174560546E-5	0.002853368091583252	4.08935546875E-4	0.008611407852172851	0.001003443431854248	0.0045354038238525395	0.0012669880867004395	4.0456132888793946E-4	0.0013438838958740233	8.724890708923339E-4	
2.9109535217285154E-4	0.0016401248931884765	4.2352466583251954E-4	1.3916015625E-4	4.4078826904296875E-7	0.0	3.0620994567871095E-4	1.1359310150146484E-5	2.1136817932128907E-4	1.9801673889160157E-4	2.5431346893310546E-5	6.392924308776856E-4	2.477264404296875E-4	0.0	0.0	0.001734958267211914	0.025260848999023436	0.0	7.875251770019531E-6	1.3054752349853516E-5	1.0621814727783203E-4	0.0	0.0	
3.238677978515625E-4	5.6915283203125E-5	0.0	8.217706680297851E-5	8.193120956420899E-5	0.0	1.4021110534667968E-5	7.3089599609375E-5	0.0029230753898620604	5.505027770996094E-5	1.8547916412353514E-5	0.0010437689781188965	4.29840087890625E-4	0.0	0.0	4.1202964782714843E-4	4.8311023712158205E-4	1.1528968811035157E-6	0.0	0.0	1.0002994537353515E-5	0.0	0.0	
0.006031731510162354	2.6640148162841796E-4	0.009448081111907959	3.916083335876465E-4	0.20555192737579345	4.069328308105469E-7	3.321332931518555E-5	0.11675315856933594	0.19175478620529174	7.17324161529541E-4	0.017718022632598876	0.14213484869003296	0.001816889476776123	0.03902718439102173	0.0	0.018779212093353273	0.001449601936340332	1.8480300903320312E-6	0.0034174686431884768	0.0	2.4252986907958985E-5	0.0	3.450202941894531E-6	
0.014928334522247315	0.00616475419998169	0.003940819644927978	0.008142013549804688	0.13911977128982544	7.364912033081054E-5	0.014864900398254395	2.3922386169433594E-4	0.005983971500396729	0.004934073543548584	0.012296930980682373	0.10708499488830567	0.02393485174179077	0.016265470695495606	0.001249075984954834	0.036181403255462645	0.015539745712280274	6.290181159973145E-4	8.588664054870605E-4	7.59853744506836E-4	0.01749770269393921	1.1867904663085937E-5	3.186540603637695E-5	
0.002054918098449707	0.00808430986404419	0.002486597728729248	3.846912384033203E-5	1.5156211853027343E-4	0.0	9.396867752075195E-5	8.534746170043946E-5	9.020318031311035E-4	2.6863956451416016E-5	1.924324035644531E-6	0.1182560899734497	2.411651611328125E-4	5.085945129394531E-7	9.494781494140625E-7	3.8967552185058594E-4	0.006735509204864502	0.0	4.492759704589844E-7	6.264591217041016E-6	5.779351234436036E-4	2.2958545684814452E-4	2.1031665802001953E-5	
1.7917213439941405E-4	5.349138259887695E-4	0.0	2.0999488830566407E-4	1.3393402099609376E-6	1.2461662292480468E-6	0.002659327220916748	8.815765380859375E-7	1.2613964080810546E-5	9.634227752685547E-5	2.2345638275146485E-5	0.020807062816619874	0.0016089121818542481	2.712669372558594E-5	0.0	0.001201790714263916	0.010350757217407226	4.069328308105469E-7	0.0	6.466929435729981E-4	6.133185386657715E-4	8.197402954101562E-6	3.2215118408203124E-7	
5.9805965423583986E-5	5.14678955078125E-4	0.0	0.0010012139320373535	7.63871955871582E-4	0.0	8.298234939575195E-5	2.6635074615478514E-5	9.572177886962891E-4	1.3262434005737304E-4	1.5055370330810547E-5	0.0014130486488342286	0.001118460750579834	0.0	0.0	0.012360424423217773	0.028137681770324708	2.5431346893310546E-5	2.7898120880126953E-5	4.929437637329101E-5	4.2334651947021486E-5	1.5018043518066405E-4	1.4750480651855468E-6	
0.008279325675964356	0.004737218189239502	0.0017304059982299804	0.0027294921875	6.74591064453125E-4	0.0	0.034012035751342776	3.211212158203125E-4	8.414459228515625E-4	1.3437910079956055E-4	9.328121185302735E-4	0.0010825093269348145	0.0059954240798950195	1.6732110977172852E-4	1.8735246658325197E-4	0.01023406982421875	0.02920123634338379	0.008402515029907227	2.8065996170043944E-4	6.847805023193359E-4	0.003002912712097168	0.0	5.933952331542969E-6	
6.988525390625E-5	0.004742431640625	1.5521621704101563E-5	3.5437688827514647E-4	0.004159359359741211	1.5596179962158204E-4	2.12860107421875E-4	0.0020841217041015626	3.736199378967285E-4	0.001769841480255127	3.611249923706055E-5	0.00794993085861206	0.009745576667785645	7.955760955810547E-5	0.0	0.0023180049896240236	0.0040361701011657715	1.7022876739501954E-4	2.1532697677612304E-4	0.0	2.8331336975097657E-4	0.0	2.6482486724853514E-5	
2.1235179901123047E-5	3.8263959884643554E-4	1.6530351638793946E-4	0.0012822808265686035	2.5431346893310546E-5	0.0	6.670637130737305E-5	1.7598438262939452E-5	5.457563400268555E-5	0.0012006208419799804	2.4074935913085936E-5	0.002966622257232666	9.943644523620605E-4	1.2037467956542968E-5	0.0	0.0	9.809282302856446E-4	8.678096771240234E-4	3.391265869140625E-7	1.2037467956542968E-5	9.141712188720703E-5	5.191383361816406E-5	0.0	
