0.6763225470542907	0.009932403564453124	6.77490234375E-5	3.7134809494018556E-4	0.0010361226081848144	1.8650054931640625E-6	0.1800363582611084	1.3309478759765625E-6	0.0012587398529052734	0.001475982666015625	9.785118103027344E-5	0.3406499396324158	9.90464973449707E-4	2.2550792694091796E-4	0.006035190200805664	0.6925457340240478	0.7418102434158326	0.012671966552734375	0.001358345890045166	1.2059526443481445E-4	0.572090233707428	0.0	1.627349853515625E-4	
0.014439985466003419	0.001793950366973877	1.8632698059082032E-5	0.0030942280769348145	3.856404304504394E-4	0.01001963300704956	0.003045832347869873	3.665504455566406E-5	0.0014794498443603515	0.00174957275390625	2.03255558013916E-4	0.07498605518341064	0.06250635786056519	6.574840545654297E-5	1.0113143920898438E-5	3.037431716918945E-4	0.011844287490844726	0.04098280162811279	7.482401847839355E-4	1.1355934143066406E-4	0.001851815128326416	8.079105377197266E-4	1.4580726623535156E-6	
0.010896004581451416	0.0022786627769470214	6.661310195922852E-5	6.44819450378418E-4	4.418437004089355E-4	1.2580013275146485E-5	7.48723316192627E-4	4.235162734985352E-5	0.0010030280113220214	2.9089183807373047E-4	2.2693214416503907E-4	0.003931223583221436	0.010949715518951415	7.353887557983398E-5	4.619979858398438E-6	0.00654307050704956	0.028653098201751707	2.833900451660156E-5	0.006770061874389648	6.391716003417969E-6	0.001238081169128418	0.0	2.7720451354980467E-6	
0.12863936529159545	0.12173556013107299	2.25067138671875E-5	1.409064292907715E-4	0.002115291976928711	1.5026512145996094E-4	1.9816083908081054E-4	7.44001579284668E-4	0.018257590389251708	0.0	4.0684165954589844E-4	0.035296944522857664	6.345109939575195E-5	0.0017257097244262696	0.0022753313064575197	0.039421980094909666	0.05367191734313965	0.004025285530090332	0.005309677124023438	0.0	0.018002938175201415	6.205272674560547E-6	6.832377433776855E-4	
0.0025132496833801267	2.701398849487305E-4	0.0	4.00543212890625E-5	0.0	2.6448535919189453E-5	1.2461376190185548E-5	5.769519805908203E-5	0.04321554393768311	3.0646429061889646E-4	1.8903732299804687E-6	0.008670238876342773	0.014831771850585937	2.1616649627685546E-5	1.1732292175292968E-5	0.2663357035636902	0.04256034002304077	3.346757888793945E-5	1.3359928131103516E-5	0.0	6.781578063964843E-7	3.534984588623047E-6	4.4078826904296875E-7	
1.644134521484375E-4	0.0012153117179870606	3.5773277282714845E-6	1.856517791748047E-6	2.2548675537109373E-6	0.0	1.7208099365234375E-6	3.9844512939453125E-7	2.78472900390625E-5	6.154346466064453E-6	0.0	2.3217945098876952E-4	3.0263233184814453E-5	0.0	0.0	1.5546989440917968E-5	0.015162896060943603	1.0257720947265624E-6	3.765525817871094E-5	0.0	0.0	0.0	0.0	
0.007830378246307373	0.008463397598266602	0.0010292985916137696	5.43543529510498E-4	4.0639238357543947E-4	0.0	1.4580631256103516E-5	1.3040332794189452E-4	3.075493812561035E-4	5.136278152465821E-4	1.0089454650878906E-4	0.02226062355041504	0.008568742561340333	6.123857498168946E-5	3.9503288269042965E-5	0.004290517139434814	0.003781467056274414	6.344261169433594E-5	6.724802970886231E-4	2.5419445037841795E-4	0.005554284000396728	0.0038444010734558103	7.146196365356446E-5	
0.0020561981201171874	3.818931579589844E-5	0.0	4.879167556762695E-4	3.7985897064208984E-5	3.9844512939453125E-7	4.491167068481445E-5	0.0	0.06516182794570922	8.188037872314453E-5	0.0	0.005314763355255127	6.118011474609375E-4	0.0	4.197864532470703E-5	0.23809407548904418	0.03301388206481934	4.511260986328125E-4	4.492759704589844E-7	0.0	8.202447891235351E-5	0.0	0.0	
0.006431732177734375	6.452770233154297E-5	0.0	6.36444091796875E-4	4.4717578887939455E-4	7.289886474609375E-7	1.1757745742797851E-4	0.08100218877792359	0.2004700385093689	1.5909833908081054E-4	5.805120468139648E-5	0.01018035888671875	0.003449562931060791	1.5682220458984376E-6	1.0622663497924805E-4	0.4428924900054932	0.07678332862854004	4.21142578125E-5	0.0	0.0	1.6972856521606445E-4	0.0	4.695637702941894E-4	
5.980597496032715E-4	0.006990305614471435	1.2173080444335938E-5	0.0	5.13458251953125E-4	2.9584884643554686E-6	0.0013326518058776856	2.54974365234375E-4	0.001226789665222168	0.0	1.1815385818481445E-4	0.01070666847229004	0.0011138068199157715	0.006903474617004394	2.15615177154541E-4	0.03877271013259888	0.04654659690856933	6.53499984741211E-4	0.0031603071212768555	6.86806583404541E-4	0.0013109418869018555	4.154205322265625E-7	0.0011779276847839356	
0.004885186100006104	0.05266129388809204	8.815257072448731E-4	0.001214150333404541	4.8616199493408204E-4	0.0	7.891340255737305E-5	3.0216636657714844E-4	0.004614266300201416	0.002974683952331543	0.0010484992027282715	0.01853041753768921	0.00236907958984375	8.937416076660156E-5	3.0186939239501955E-5	0.006500049209594727	0.5772100575447082	1.8642845153808593E-4	0.001289825439453125	0.001637106990814209	3.3160743713378906E-4	9.625749588012696E-5	2.3142814636230467E-6	
0.023527535343170165	0.017792104053497314	1.6584606170654296E-4	0.0048228624343872074	0.001414515209197998	0.01103781805038452	0.002021950626373291	5.05828857421875E-4	0.0069011942863464355	0.0010138194084167481	7.938804626464844E-5	0.2712906138420105	0.01861124677658081	7.281070709228515E-4	5.77061939239502E-4	0.01788501319885254	0.05379646301269531	0.07301837501525879	0.003647757625579834	6.853569984436035E-4	3.531646728515625E-4	0.0021256256103515626	0.001864013671875	
3.8759021759033203E-4	0.001873033332824707	1.0774421691894532E-5	1.3902664184570312E-6	0.0010598246574401856	7.264900207519531E-6	0.0018363104820251464	1.2758045196533204E-4	6.632147789001465E-4	1.0172843933105469E-6	5.344810485839844E-5	0.016304897689819336	1.8113880157470704E-4	1.6079368591308594E-4	6.900367736816406E-5	2.8256731033325194E-4	0.012864049243927003	0.002954372787475586	0.0016421932220458985	4.671138763427734E-4	2.7178449630737303E-4	0.001044286060333252	1.3919448852539062E-5	
7.31074047088623E-4	0.0015181732177734376	3.325483322143555E-4	1.7812089920043946E-4	6.781578063964843E-7	0.0	5.0616836547851564E-5	0.0	2.0272998809814453E-4	8.725481033325196E-5	1.3851547241210937E-5	4.0822343826293943E-4	1.015472412109375E-4	0.0	0.0	9.340837478637696E-4	0.020838165283203126	0.0	4.764175415039062E-6	1.3317489624023437E-5	2.92960262298584E-4	0.0	0.0	
0.0012853325843811035	2.2718620300292968E-5	0.0	3.948631286621094E-5	2.655029296875E-5	0.0	2.7881240844726564E-5	8.477210998535156E-7	0.003440704345703125	5.671215057373047E-6	8.612728118896485E-6	0.0024534013748168946	2.712669372558594E-5	1.2715625762939453E-5	0.0	6.557464599609375E-4	1.5630931854248046E-4	1.1528968811035157E-6	0.004544236946105957	0.0	0.0	0.0	0.0	
0.009940465259552002	0.001148817253112793	0.006752870368957519	4.99903392791748E-4	0.159034974861145	0.0	1.0528564453125E-5	0.0795741102218628	0.14100931806564332	2.96478271484375E-4	0.015298283863067627	0.11511035499572754	0.0019423505783081054	0.032204903507232666	0.0	0.017794545459747315	0.0012869771003723145	2.5838184356689452E-5	0.002429334831237793	0.0	2.122669219970703E-5	0.0	2.0624828338623046E-5	
0.009820955085754394	0.004010993099212647	0.00476654052734375	0.0023239983558654784	0.10999441356658936	1.0282707214355468E-5	0.010026618099212646	1.9831342697143554E-4	0.0017212507247924805	0.03625551013946533	0.010546154403686524	0.08023117914199829	0.01760624351501465	0.008798777294158936	3.540887832641602E-5	0.02751412286758423	0.01026385841369629	4.4521713256835934E-5	5.13763427734375E-4	5.292595863342285E-4	0.018210457706451418	4.69970703125E-5	1.5038394927978516E-5	
0.001109339427947998	0.007950210571289062	0.002542605972290039	5.40924072265625E-5	6.753711700439454E-5	0.0	9.721546173095703E-5	2.0565452575683593E-4	2.0864696502685546E-4	1.0590448379516602E-4	1.932811737060547E-6	0.11520723133087159	3.8112220764160157E-4	0.0	0.0	3.01200008392334E-4	0.00557647705078125	0.0	7.374763488769531E-7	3.391265869140625E-7	2.883656501770019E-4	5.171031951904297E-5	3.2280826568603516E-5	
1.654052734375E-4	0.025381681632995607	2.7635574340820314E-6	5.044727325439453E-5	2.2294998168945313E-6	7.520885467529297E-5	0.0024015214920043945	8.137702941894531E-7	3.0924510955810544E-5	9.744434356689454E-5	9.816455841064453E-6	0.01864327325820923	0.0033976152420043945	7.663345336914063E-6	6.300862312316895E-4	0.0015317195892333984	0.009944466495513915	1.6445159912109374E-6	0.0	0.0	6.954447746276856E-4	0.0017595502853393556	0.0	
5.631341934204102E-5	5.994157791137695E-5	3.391265869140625E-7	3.847503662109375E-4	0.010404222297668457	0.0	0.003510148811340332	3.3484458923339843E-6	0.00407928466796875	9.710521697998046E-5	2.5338077545166015E-5	0.001215345573425293	0.011550013256072997	1.3156509399414063E-5	0.0	0.010333811473846436	0.0035980732917785647	5.425453186035156E-7	6.781578063964843E-7	3.3925342559814456E-5	4.2205810546875E-4	9.209527969360351E-5	8.137702941894531E-7	
0.009227472972869874	0.0066235012054443355	8.321210861206054E-4	0.001834725284576416	3.350321769714355E-4	8.048162460327148E-5	0.0012935977935791016	3.18756103515625E-4	0.0012285444259643554	2.2992448806762695E-4	1.2020530700683593E-4	7.440948486328125E-4	0.011362313175201416	6.415472030639649E-5	6.128978729248047E-6	0.003403006649017334	0.01666742115020752	0.001063079833984375	3.32794189453125E-4	2.2532997131347656E-4	0.001009487533569336	0.0	5.577945709228516E-6	
9.194353103637695E-4	2.75429630279541E-4	5.237159729003906E-5	2.6621503829956056E-4	9.563361167907715E-4	1.2461662292480468E-6	1.1902704238891601E-4	0.0023011271476745605	1.4004173278808594E-4	1.3369245529174805E-4	6.582469940185547E-5	0.007980185604095458	0.003878004264831543	3.984260559082032E-6	0.0	3.3609180450439453E-4	0.0057114495277404784	1.8547906875610352E-4	4.871788024902344E-5	0.0	1.7941789627075194E-4	0.0	9.969043731689454E-6	
2.3023796081542968E-5	9.077281951904296E-5	9.663581848144532E-7	5.240545272827148E-5	0.0	0.0	6.590948104858398E-5	0.0	3.1534862518310544E-5	0.00101837158203125	1.2037467956542968E-5	0.0038296000480651854	0.0021413251876831055	0.0	1.0850906372070312E-6	0.0	4.1690406799316406E-4	9.62066650390625E-4	3.2215118408203124E-7	1.3563156127929687E-6	5.85174560546875E-5	2.532958984375E-5	0.0	
