0.6764326816558838	0.07125429792404175	8.099704742431641E-4	0.001697048568725586	6.10783863067627E-4	0.0	0.3364841037750244	3.450202941894531E-6	0.0012741766929626464	3.7785844802856446E-4	5.407036781311035E-4	0.3111413828849792	0.003972913932800293	1.5864057540893555E-4	1.1088905334472656E-4	0.6037036387443543	0.7805330403327941	0.014879294490814208	2.0319623947143554E-4	4.5834856033325194E-4	0.5335240003585815	0.0	2.7245426177978515E-5	
0.012850697803497315	0.003550092887878418	1.7547607421875E-5	0.006947055435180664	3.49705982208252E-4	0.012284071159362793	0.004389046573638916	1.7733259201049804E-4	4.6251087188720703E-4	0.004678810977935791	2.2765264511108397E-4	0.10395859613418579	0.032675586318969725	7.04947566986084E-4	1.4275455474853515E-5	4.752858161926269E-4	0.04046986045837402	0.06248113842010498	7.610066413879394E-4	6.24092960357666E-4	0.017780168342590334	8.58747673034668E-4	6.442642211914063E-6	
0.00958135814666748	0.010897081184387206	1.2355384826660156E-4	4.70742130279541E-4	1.4119462966918946E-4	3.8062095642089843E-6	9.348297119140625E-4	2.0896053314208985E-5	0.0011092206954956055	3.24859619140625E-4	1.9497337341308594E-4	0.0033754815101623534	0.013209898185729981	6.035274505615234E-4	5.128669738769531E-6	0.010781851863861084	0.04081242876052856	2.627906799316406E-5	0.0012926228523254394	4.222446441650391E-4	0.0044313557624816894	1.2037467956542968E-5	5.933761596679687E-7	
0.1811769019126892	0.15536553277969362	1.4517040252685546E-4	5.665245056152344E-5	0.004641223526000976	5.68415355682373E-4	6.198967933654786E-4	0.001570281982421875	0.027091242504119872	0.0	9.90787124633789E-4	0.04058599681854248	1.293182373046875E-4	0.007253587532043457	0.002987814998626709	0.0588991886138916	0.0802919345855713	0.005434282112121582	0.004488805103302002	0.0	0.009220140266418457	6.401910781860352E-5	6.345112800598145E-4	
0.004570439624786377	7.766300201416015E-4	0.0	7.973566055297852E-5	0.0	8.815765380859375E-7	5.277843475341797E-5	1.639556884765625E-4	0.041540239143371585	0.0011133830070495605	1.0172843933105469E-6	0.00854880437850952	0.0014772966384887696	0.0	3.173828125E-5	0.2754225498199463	0.04619024486541748	0.001662156867980957	6.781578063964843E-7	0.0	6.188287734985352E-5	5.615234375E-5	0.0	
1.862335205078125E-4	0.001707314395904541	1.068115234375E-5	2.86102294921875E-5	4.069328308105469E-7	0.0	6.205272674560547E-6	6.611824035644532E-7	1.6284561157226564E-5	2.8008365631103516E-5	0.0	1.1559381484985352E-4	4.000349044799805E-5	0.0	0.0	3.403558731079101E-5	0.020004645442962647	0.0	1.7717361450195312E-6	4.069328308105469E-7	1.2156200408935547E-5	0.0	0.0	
0.020248404598236083	0.004023250961303711	0.0025134870529174803	9.331427574157715E-4	0.001119571304321289	1.0128440856933594E-4	7.461039543151856E-4	1.1671276092529297E-4	7.984416007995606E-4	7.614728927612305E-4	7.409839630126953E-5	0.018013568496704102	0.030960879898071288	6.0891056060791016E-5	1.0062322616577148E-4	0.0022672017097473142	0.008365003776550292	1.6370983123779298E-4	1.247406005859375E-4	0.014268408870697021	0.003910157966613769	6.850009918212891E-4	3.3136157989501955E-4	
0.002797249698638916	8.121070861816407E-5	7.544517517089844E-7	0.002523049259185791	4.6869916915893555E-4	0.0	3.9401626586914066E-5	0.0	0.08324805364608764	6.731672286987304E-5	5.595207214355469E-7	0.006463394165039062	0.003879996395111084	0.0	3.833351135253906E-5	0.2860447353363037	0.036604724502563475	3.249359130859375E-4	5.468578338623047E-5	0.0	2.7092838287353515E-5	0.0	0.0	
0.007913835334777831	8.661481857299805E-4	2.1785736083984377E-6	3.847588539123535E-4	6.07291316986084E-4	3.391265869140625E-7	0.0013982306480407715	0.07217721729278564	0.2333681318283081	1.7304315567016602E-4	6.924943923950195E-5	0.012309494018554688	0.0034651692390441895	5.8831214904785155E-6	3.1901044845581057E-4	0.45287280616760256	0.09508051557540893	2.5262622833251955E-4	1.1851024627685547E-5	0.0	4.1197032928466795E-4	0.0	5.22596549987793E-4	
7.29658317565918E-4	0.013294160652160644	0.01005822925567627	0.0	0.0012503560066223145	2.3142814636230467E-6	0.0014771270751953126	1.3510808944702148E-4	0.005255644035339356	0.0	1.6165828704833985E-5	0.012876959896087647	1.722545623779297E-5	0.0027416059494018556	7.363043785095215E-4	0.030208214664459228	0.04239968194961548	0.0028592936515808107	4.7289533615112303E-4	3.8920936584472654E-4	0.003569013786315918	9.721546173095703E-5	4.3497724533081054E-4	
0.003839433479309082	0.06047264099121094	6.25152587890625E-4	4.49371337890625E-4	7.1319580078125E-4	9.019660949707032E-6	1.3583717346191406E-4	5.684492111206054E-4	0.003931469345092774	0.0030596076011657715	0.001591313648223877	0.01950292797088623	0.0029561360359191893	7.069902420043946E-5	8.723793029785156E-5	0.011159642505645752	0.5993459150314331	2.1383495330810546E-4	8.499400138854981E-4	0.0021322208404541015	4.064178466796875E-4	4.098682403564453E-5	4.7895431518554685E-6	
0.022300033569335936	0.020352495002746582	1.1879816055297851E-4	0.006464428329467774	0.004028803539276123	0.0168142276763916	0.008638068294525146	2.86280345916748E-4	0.003246434497833252	0.005266053962707519	4.650535583496094E-5	0.31138052196502686	0.04696467084884644	7.668643951416015E-4	0.002189619255065918	0.008620215511322022	0.05753622264862061	0.10800434532165527	0.004547678661346435	0.002108289909362793	8.52932357788086E-4	0.00498809814453125	0.004273859691619873	
3.70313835144043E-4	0.0038076358795166017	1.544532775878906E-5	5.085945129394531E-7	5.53156566619873E-4	4.2978954315185544E-5	0.005842446231842041	1.4225425720214844E-4	9.52606201171875E-4	1.0172843933105469E-6	1.5898809432983397E-4	0.008711683464050293	7.067365646362305E-5	1.8835277557373046E-4	1.4199151992797852E-4	0.0010490840911865234	0.012467659854888916	0.0022957695960998535	0.0014286126136779786	0.007523634147644043	3.3215837478637694E-4	8.156331062316894E-4	0.003501002025604248	
3.981781005859375E-4	0.002519827938079834	6.867726325988769E-4	3.5609779357910156E-4	1.3054847717285156E-6	0.0	2.5079517364501953E-4	0.0	8.024427413940429E-4	2.3893566131591798E-4	2.4515819549560548E-5	8.339945793151856E-4	4.769557952880859E-4	0.0	0.0	0.004380620288848877	0.029888381958007814	0.0	3.755359649658203E-5	4.4078826904296875E-7	4.6655445098876954E-4	0.0	0.0	
2.5787353515625E-4	7.604808807373047E-5	0.0	1.1411027908325195E-4	2.009105682373047E-6	0.0	2.543163299560547E-6	1.6021728515625E-6	4.97767162322998E-4	1.5835189819335936E-5	1.909894943237305E-5	0.002378361988067627	7.551829338073731E-4	0.0	0.0	0.001158133602142334	0.002328219985961914	8.486433029174805E-5	0.0	0.0	0.0	0.0	0.0	
0.005334760856628418	3.170352935791016E-4	0.00786895751953125	6.587982177734375E-4	0.19734892101287843	3.2215118408203124E-7	3.492565155029297E-5	0.11246524391174316	0.19509377374649048	0.0011130778312683106	0.020889968872070314	0.15802888660430908	0.002003945255279541	0.038943574714660645	0.0	0.016791653060913087	0.0017980448722839356	5.857658386230469E-6	0.003135104751586914	0.0	0.0	0.0	7.62939453125E-7	
0.016819839477539063	0.006484239387512207	0.006109848022460938	0.004026150131225586	0.14314921064376832	6.716413497924804E-5	0.01592409772872925	1.5430870056152343E-4	0.012397376155853271	0.0025905524253845213	0.012840542221069336	0.11538739519119262	0.026373112964630126	0.014661585521697999	0.0012600114822387694	0.042049433422088625	0.019219843578338624	0.0020314788818359374	2.95562744140625E-4	0.016905593872070312	0.017325447940826418	6.781578063964843E-7	1.82342529296875E-5	
9.3719482421875E-4	0.008455174732208252	0.002727813720703125	1.2402849197387696E-4	6.980047225952149E-5	0.0	1.5268115997314454E-4	4.787864685058594E-5	8.032481193542481E-4	3.414573669433594E-5	3.814697265625E-5	0.12791141929626465	1.8541126251220703E-4	9.663581848144532E-7	6.0017585754394534E-6	6.324344635009766E-4	0.006149876880645752	0.0	1.3987541198730468E-6	2.55584716796875E-5	7.227495193481445E-4	1.3072547912597657E-4	5.109996795654297E-5	
1.4220342636108398E-4	2.624935150146484E-4	0.0	1.0407342910766602E-4	7.2733879089355465E-6	1.271533966064453E-6	0.003136622142791748	0.0	4.195318222045899E-5	5.43975830078125E-5	2.2379589080810546E-5	0.02154030694961548	0.001584192943572998	9.608802795410156E-5	2.339649200439453E-6	0.0013730536460876464	0.009790530776977538	1.2732601165771485E-5	0.0	2.973766326904297E-5	0.0029351298332214357	3.1670475006103515E-5	0.0	
8.33731746673584E-4	8.288828849792481E-4	0.0	0.0013216654777526856	0.0023781840324401857	1.1545848846435547E-5	9.330071449279785E-4	2.8117713928222656E-4	0.0031983015060424807	1.4782371520996094E-4	6.095027923583984E-6	0.002386016845703125	0.002769012451171875	0.0	0.0	0.009379586124420166	0.007621137809753418	9.325027465820313E-7	6.908798217773437E-6	3.455266952514648E-5	1.0346307754516602E-4	5.212574005126953E-5	3.5264968872070312E-6	
0.00813262939453125	0.003615425968170166	0.0016008843421936034	0.0020995330810546875	4.7930402755737305E-4	5.944995880126953E-5	0.001213514518737793	4.0896949768066406E-4	0.0030999755859375	6.438615798950195E-4	0.010165888500213624	0.001441463851928711	0.004166005420684815	2.909257888793945E-4	9.171380996704101E-5	0.012078196239471435	0.030777587890625	0.019241324520111083	3.7117853164672854E-4	2.6517229080200193E-4	0.0039754231452941895	6.781578063964843E-7	1.438140869140625E-4	
9.973316192626953E-5	0.005252626228332519	3.2298088073730467E-6	2.9455394744873044E-4	9.804450035095214E-4	5.085945129394531E-7	1.40694522857666E-4	0.002247746753692627	5.48875617980957E-4	4.5075311660766604E-4	1.1450023651123047E-4	0.009553604125976563	0.005250964736938477	1.3360767364501954E-4	0.0	0.0019511498451232911	0.0032088640213012694	2.466498374938965E-4	1.2563066482543947E-4	0.0	7.118903160095215E-4	0.0	8.9263916015625E-6	
2.9669857025146485E-5	6.298150062561035E-4	0.0	1.7405195236206054E-4	0.0	0.0	1.1874732971191407E-4	0.0	3.095836639404297E-5	2.996826171875E-4	0.0	0.0034145355224609376	3.0522661209106443E-4	1.2037467956542968E-5	0.0	9.918212890625E-7	3.312259674072266E-4	6.98089599609375E-4	0.0	3.729820251464844E-7	1.3835487365722657E-4	1.5787763595581053E-4	0.0	
