0.7086626349449158	0.1154669189453125	5.414835929870605E-4	9.87981128692627E-4	1.8033342361450195E-4	1.3588809967041016E-5	0.01132379322052002	2.5431346893310546E-5	0.0017976124763488769	0.002411617660522461	0.0028809186935424805	0.31257388648986817	0.005438546085357666	1.0585365295410156E-4	1.8626747131347655E-4	0.6718755170822144	0.8536758337974548	0.013223088550567627	6.519737243652344E-5	1.2524070739746093E-4	0.5043407185554505	0.0	3.465442657470703E-5	
0.021789059066772462	0.0041544257164001465	0.0011407979011535643	0.008885150527954102	3.6482067108154295E-4	0.013141598129272462	0.007414160823822021	4.172939300537109E-4	6.160736083984375E-4	0.003384848690032959	3.207905769348144E-4	0.10260128440856933	0.029660508918762207	3.989918708801269E-4	2.9254531860351562E-5	5.954912185668946E-4	0.032664430427551266	0.07234376697540283	7.70407772064209E-4	9.061771392822266E-4	0.004899224185943603	0.0037036641120910645	3.187370300292969E-6	
0.012917692375183105	0.005205764770507813	2.3664684295654297E-4	6.26839542388916E-4	2.45819091796875E-4	1.4241218566894532E-6	0.0031872982025146486	7.849788665771484E-6	9.707386970520019E-4	2.9454545974731444E-4	1.4833240509033204E-4	8.642154693603516E-4	0.014100638484954834	1.0082664489746094E-4	9.833335876464843E-7	0.010011316967010499	0.04200586957931519	3.0331926345825193E-4	0.0015992313385009766	4.634437561035156E-5	0.004897104930877686	1.0918521881103516E-5	5.666093826293945E-5	
0.1774678632736206	0.13429898576736451	1.5034990310668945E-4	8.884010314941407E-5	0.004338404369354248	2.2558422088623048E-4	2.79252815246582E-4	0.001428197193145752	0.023495347785949708	0.0	9.695349693298339E-4	0.038424835205078126	3.015308380126953E-5	0.00522908525466919	0.0037286970138549805	0.05861588373184204	0.09052861528396607	0.004495951366424561	0.003562452507019043	0.0	0.011638200569152832	1.4639959335327148E-4	0.005649142837524414	
0.002106450366973877	3.7946910858154296E-4	1.3376903533935547E-5	1.8283424377441406E-4	0.0	3.662109375E-5	2.3879156112670898E-4	0.007598876953125	0.04143422441482544	6.546443939208984E-4	1.3537979125976563E-5	0.010590650749206542	6.758625984191895E-4	5.688095092773438E-6	7.370843887329101E-5	0.28017607793807986	0.04279779224395752	5.856746673583985E-4	3.783330917358399E-5	0.0	5.9102344512939455E-5	1.3105602264404297E-4	7.900619506835937E-6	
2.43682861328125E-4	0.0020191277503967286	3.2466888427734374E-6	5.3660392761230465E-6	3.391265869140625E-7	0.0	5.723743438720703E-5	4.4078826904296875E-7	6.582469940185547E-5	0.0	0.0	2.0911321640014647E-4	3.492565155029297E-5	0.0	0.0	2.2989940643310547E-5	0.02228680076599121	0.0	2.25067138671875E-5	0.0	4.8980712890625E-5	2.1870899200439452E-5	0.0	
0.015553105640411378	0.01984261407852173	0.002552337646484375	6.32307243347168E-4	0.001593941593170166	1.2963190078735351E-4	4.941982269287109E-4	1.708221435546875E-4	3.7601051330566406E-4	4.166412353515625E-4	0.012825164794921875	0.017901034927368165	0.08209130182266236	9.373130798339844E-5	1.0599775314331054E-4	0.0027486249923706053	0.009696663761138915	4.7782049179077147E-4	0.0020812479972839356	0.0027370622634887696	0.003276350212097168	0.001472795295715332	0.0015835741043090821	
0.0018544176101684571	2.0101757049560546E-4	3.391265869140625E-7	8.460149765014649E-5	5.618964195251465E-4	2.977161407470703E-5	9.675769805908204E-5	0.0	0.08350568981170654	2.2421932220458983E-5	0.0	0.004943762874603272	0.0031012471199035646	6.849498748779296E-5	6.929187774658203E-5	0.24598704872131347	0.03128076343536377	2.4470863342285155E-4	3.331470489501953E-6	0.0	1.3017444610595704E-4	0.0	3.611249923706055E-5	
0.011675889778137208	8.568742752075195E-4	0.0	0.0015987226486206055	0.0023494805335998537	0.0	5.237664222717285E-4	0.07723117408752442	0.26393415660858155	3.940497398376465E-4	1.0662498474121094E-4	0.00946236505508423	0.0030755954742431642	1.5089035034179688E-6	5.132208824157715E-4	0.4723931799888611	0.09002702503204346	1.4737443923950195E-4	1.7556095123291015E-5	0.0	3.7517967224121095E-4	0.0	4.144965171813965E-4	
8.828650474548339E-4	0.012528737354278565	0.011704864501953125	0.0	0.001572138500213623	1.1121940612792969E-5	0.0029778204917907717	9.204444885253907E-5	0.006582183837890625	0.0	8.357582092285156E-5	0.01033274335861206	8.968607902526855E-4	0.0017319403648376464	0.001739951229095459	0.03426656084060669	0.04907800464630127	0.00414215087890625	5.742984771728516E-4	4.6136646270751954E-4	0.0037484148025512696	1.4879016876220703E-4	0.001298709487915039	
0.004506522274017334	0.059704191398620605	8.71870231628418E-4	0.001067165756225586	0.0015792253494262695	2.549915313720703E-5	6.455316543579102E-5	1.7366199493408204E-4	0.004432347583770752	0.0037961917877197267	9.99433708190918E-4	0.016304982471466063	0.002344979190826416	6.781682968139648E-5	1.2816534042358398E-4	0.012271050357818603	0.6030171288490296	2.3458690643310547E-4	6.217278480529785E-4	6.172773361206055E-4	4.733869552612305E-4	3.5256290435791014E-5	5.682201385498047E-5	
0.02417095603942871	0.023351940536499024	0.001474456787109375	0.008203574275970458	0.001584498119354248	0.020361735057830812	0.007828547191619873	2.4435253143310546E-4	0.004066450309753418	0.0034313032150268554	1.3296337127685547E-4	0.29518753900527955	0.027837651538848877	0.001560634994506836	7.29988956451416E-4	0.01941384210586548	0.06101183576583862	0.14959816827774047	0.007101050472259522	0.0012390899658203125	0.006889199161529541	0.01869618730545044	0.007041007137298584	
0.002891421890258789	0.016128607845306397	6.412925720214844E-5	3.391265869140625E-7	5.45069408416748E-4	9.366350173950196E-5	0.005696724796295166	4.0127220153808596E-4	0.0021790653228759764	2.4074554443359375E-6	1.4934959411621094E-4	0.015794813346862793	2.9902143478393553E-4	1.1322870254516601E-4	2.3111133575439452E-4	0.0015630255699157715	0.0140572696685791	0.017465184497833252	0.010631663036346436	0.006626875114440918	6.07935619354248E-4	0.007126134204864502	0.015456000423431397	
7.714504241943359E-4	0.0020884026527404785	3.7874011993408206E-4	1.0931224822998047E-4	3.391265869140625E-7	0.0	6.618080139160156E-5	5.517749786376953E-5	2.89747428894043E-4	1.17645263671875E-4	1.2037467956542968E-5	8.158281326293946E-4	0.0030527666091918946	0.0	0.0	0.0016816203117370606	0.028689804077148436	0.0	1.6733837127685548E-5	1.3241195678710937E-5	3.690338134765625E-4	0.0	8.815765380859375E-7	
2.7562456130981447E-4	7.0648193359375E-5	3.391265869140625E-7	1.6149730682373046E-4	3.8988752365112306E-4	0.0	8.72802734375E-5	1.0172843933105469E-6	0.0012163120269775391	9.545230865478516E-6	2.492265701293945E-5	0.001388278579711914	3.513166427612305E-4	0.0	0.0	5.34981632232666E-4	4.2376203536987305E-4	3.045230865478516E-4	0.0	0.0	1.2715625762939453E-5	0.0	0.0	
0.007400622940063477	0.0018996344566345215	0.010074691772460937	6.026543617248535E-4	0.21060118780136108	1.220703125E-5	1.7734146118164063E-5	0.11249265031814575	0.21280905828475952	8.066558837890625E-4	0.01952132329940796	0.17164873762130736	0.006398510360717774	0.040510338687896726	0.0	0.038318269538879395	0.0014870368003845214	2.7974414825439454E-5	0.003065660285949707	0.0	0.0	0.0	1.3919448852539062E-5	
0.012814848136901855	0.01336620750427246	0.0055043877601623535	0.005205256175994873	0.14140719947814942	1.2212963104248046E-4	0.014966100025177002	8.339351654052734E-4	0.007786144638061524	0.0020957098960876466	0.013100136661529541	0.11244433088302612	0.02483674793243408	0.01905893964767456	2.6329898834228514E-5	0.04776079816818237	0.017577243423461914	5.590905189514161E-4	3.8699684143066404E-4	0.013249850845336914	0.0175119441986084	0.0021627214431762694	6.847126960754394E-4	
9.774271965026855E-4	0.014173049926757813	0.002361424732208252	8.134632110595703E-5	8.823814392089844E-5	0.0	8.472023010253906E-5	6.290855407714844E-5	5.648464202880859E-4	7.681951522827149E-5	3.3111572265625E-5	0.13085511951446532	6.80558967590332E-4	1.2461662292480468E-6	1.1418628692626953E-5	5.44119930267334E-4	0.005945773696899414	0.0	2.474127769470215E-4	7.897272109985351E-5	0.0010495927810668946	2.2248163223266603E-4	4.0435791015625E-5	
2.0138206481933594E-4	9.672969818115234E-4	0.0	5.211215972900391E-4	5.199012756347656E-5	7.636260986328125E-4	0.003817155647277832	7.968902587890625E-7	5.637264251708985E-6	3.1975650787353516E-5	1.2715625762939453E-5	0.02156695899963379	0.0015461307525634765	1.325817108154297E-5	0.0	0.021678246402740478	0.01071024580001831	4.442024230957031E-6	0.0	2.28737735748291E-4	8.848402023315429E-4	5.4168701171875E-5	1.6703290939331056E-4	
0.001735195541381836	1.3653221130371094E-4	3.391265869140625E-7	5.011579513549805E-4	6.058841705322266E-4	0.0	0.002908799934387207	4.07867431640625E-4	0.002284571361541748	4.685465812683105E-4	1.4021110534667968E-5	0.0022919633865356444	0.005172127628326416	0.0	0.0	0.00458013744354248	0.010558802318572999	6.407842636108399E-5	6.185741424560547E-5	4.861621856689453E-5	1.7262773513793944E-4	7.147893905639648E-5	2.593994140625E-6	
0.009466400146484375	0.09579504222869872	0.0026209767341613768	0.0018692694664001464	2.3326454162597655E-4	3.4162521362304686E-6	0.001484815788269043	3.7811279296875E-4	0.0015114508628845216	2.6707115173339843E-4	1.5819969177246094E-4	7.030995368957519E-4	0.009434950065612792	1.81884765625E-4	2.13767147064209E-4	0.011012556266784669	0.033380406665802005	0.011939180183410645	4.181331634521484E-4	2.2976341247558593E-4	0.003102561092376709	1.3563156127929687E-6	2.0107650756835936E-5	
0.0027665032386779784	0.003682267951965332	1.42669677734375E-5	2.739630699157715E-4	0.001178902530670166	1.2969970703125E-6	0.0018153211593627929	0.0020110321044921873	4.233635902404785E-4	4.1696338653564454E-4	1.0381059646606446E-4	0.008647198104858398	0.00703497142791748	2.8076171875E-5	0.0	9.358978271484375E-4	0.0029781511306762693	0.0011440277099609374	2.5982284545898436E-5	0.0	5.252329826354981E-4	0.0	2.0938491821289063E-5	
6.660969734191895E-4	1.7950267791748046E-4	7.807445526123047E-6	5.659315109252929E-4	3.673976898193359E-4	0.0	5.8678531646728516E-5	1.7632484436035156E-6	4.2334651947021486E-5	1.3798179626464845E-4	8.121910095214844E-5	0.0078375244140625	0.001070836353302002	1.4058427810668945E-4	4.4078826904296875E-7	7.93592643737793E-4	5.868106842041016E-4	0.001664598274230957	1.373291015625E-5	3.391265869140625E-7	3.1725568771362304E-4	6.68496036529541E-4	0.0	
