0.6771464878082275	0.010858188247680664	0.0017853376388549805	2.5456743240356443E-4	1.9388837814331055E-4	1.2274837493896485E-5	0.14542258367538452	7.909984588623047E-5	7.59268856048584E-4	1.3013200759887697E-4	4.7785472869873044E-5	0.386419567489624	0.015134345149993896	1.088714599609375E-4	1.717376708984375E-4	0.7500960032463073	0.7706411403656006	0.015062696647644043	5.3558349609375E-5	6.1798095703125E-6	0.5484295230865478	0.0	8.503379821777344E-5	
0.013066338443756103	0.0027298821449279784	3.3853321075439453E-4	0.0025145636558532715	8.54500675201416E-4	0.014218054866790772	0.001903839111328125	9.350242614746093E-5	2.23388671875E-4	0.001963492488861084	1.45407772064209E-4	0.0670958116531372	0.047025994205474854	2.22176456451416E-4	1.7428970336914063E-5	0.001621856689453125	0.015024219131469726	0.04093565196990967	0.003921661376953125	4.3835105895996096E-4	0.010756217098236084	4.7459917068481445E-4	1.4182186126708985E-5	
0.006998223209381103	0.0036803181648254395	2.90815544128418E-4	1.8453807830810546E-4	3.02903938293457E-4	7.884025573730469E-7	0.001335169506072998	7.891340255737305E-5	6.563652992248536E-4	1.422882080078125E-4	2.4222478866577147E-4	0.004976086044311523	0.011591033935546875	1.46331787109375E-4	1.537742614746094E-5	0.005223041152954102	0.02642049150466919	4.1351318359375E-5	7.616847991943359E-4	2.04315185546875E-4	6.6436767578125E-4	4.865837097167969E-6	1.4004135131835938E-5	
0.15767864646911622	0.11685688438415527	3.2123146057128906E-4	3.5603809356689454E-5	0.004364268016815186	7.584466934204101E-5	5.549964904785156E-5	9.160529136657715E-4	0.010789820384979248	0.0	3.6732988357543944E-4	0.025185860538482666	1.4241218566894532E-6	0.001231969165802002	0.001350826644897461	0.03909113569259644	0.08125261945724488	0.0010647159576416016	0.004254345321655273	0.0	0.009425726985931396	6.791858673095703E-5	0.004232923698425293	
0.003443790054321289	5.502149581909179E-4	3.391265869140625E-7	2.3195905685424804E-4	0.0	2.1811580657958983E-5	8.778038024902343E-5	1.8756446838378907E-4	0.04143077430725098	1.974315643310547E-5	3.7638664245605468E-6	0.007683537769317627	0.0010695393562316895	1.271533966064453E-6	2.5143051147460937E-5	0.26713307695388794	0.041490029239654544	1.719160079956055E-5	1.2563037872314452E-5	0.0	5.963640213012695E-5	7.653131484985352E-5	4.143610000610352E-5	
1.3263282775878907E-4	0.0018889872550964355	8.108348846435547E-5	3.255176544189453E-6	3.391265869140625E-7	0.0	4.976081848144532E-6	0.0	9.418106079101563E-6	5.340576171875E-7	0.0	2.5757684707641604E-4	2.992439270019531E-6	0.0	2.8143882751464842E-6	3.3306503295898436E-5	0.020149603939056397	0.0	2.5516128540039064E-5	7.531061172485352E-5	3.0178070068359376E-6	3.391265869140625E-7	0.0	
0.005994305038452149	0.0011320072174072265	0.0018742878913879395	0.001588880729675293	0.0012621562004089355	3.7807846069335935E-5	3.35693359375E-5	7.443742752075195E-5	2.1122398376464843E-4	3.3338756561279297E-4	5.733909606933594E-5	0.007442160701751709	0.019653532218933106	9.030656814575195E-5	3.515625E-4	0.003813934326171875	0.007071414566040039	1.4424638748168945E-4	2.7993097305297854E-4	7.091776847839356E-4	0.0011703914642333985	7.59116268157959E-4	1.9476146697998046E-4	
8.987935066223145E-4	4.382705688476563E-6	0.0	4.200401306152344E-5	2.0064458847045898E-4	1.1952400207519532E-6	1.068115234375E-6	0.0	0.06160714044570923	5.530462265014649E-5	1.2715625762939453E-5	0.004471749210357666	0.0012738884925842285	0.0	8.945045471191406E-5	0.16772765264511108	0.022960196590423584	5.6338882446289064E-5	3.178882598876953E-6	0.0	1.0257720947265624E-6	0.0	4.069328308105469E-7	
0.005466478157043457	1.918707847595215E-4	0.0	9.218006134033203E-5	8.254072189331055E-4	0.0	7.335408210754395E-4	0.06539126081466674	0.22542275323867797	1.1194019317626953E-4	1.1663646697998047E-4	0.010061374282836913	0.0027533467292785645	5.595207214355469E-7	1.0994806289672851E-4	0.42832591590881347	0.060205866527557376	1.4478874206542969E-5	0.0020033772468566894	0.0	1.6414222717285156E-4	3.8316726684570315E-6	2.55576229095459E-4	
5.62286376953125E-4	0.012275585556030274	1.17340087890625E-4	0.0	0.0021679179191589357	6.425647735595703E-5	0.0013147990226745605	4.41131591796875E-4	0.002309722900390625	0.0	1.0009765625E-4	0.015216810417175293	5.289745330810547E-6	4.97445011138916E-4	3.4230518341064456E-5	0.03162894353866577	0.045563159561157224	0.0010735236167907715	3.4139842987060545E-4	0.006513070011138916	0.006234664916992188	6.443023681640625E-7	9.921772956848144E-4	
0.003155339527130127	0.05967454700469971	5.49299430847168E-4	4.0104331970214845E-4	8.738538742065429E-4	2.839851379394531E-6	1.5644493103027343E-4	1.6205682754516601E-4	0.003897823715209961	0.0030593194007873534	0.0011374918937683105	0.020180977725982666	0.002552219009399414	2.14385986328125E-5	1.2334156036376952E-5	0.007655648136138916	0.5465865495681763	3.48502254486084E-4	2.7630271911621094E-4	2.3390026092529298E-4	7.7606201171875E-4	3.9401626586914066E-5	8.23974609375E-6	
0.024567311573028563	0.020889655208587647	1.0684547424316406E-4	0.0035079023361206055	0.0029363165855407717	0.02079235496520996	7.940673828125E-4	0.002716835880279541	0.0028766462326049805	0.001788923454284668	2.0972347259521484E-5	0.2940583038330078	0.02525860252380371	3.937530517578125E-4	2.9147682189941407E-4	0.0022516377449035645	0.05050555763244629	0.06963122053146362	0.007360144710540771	0.001381861400604248	5.35439395904541E-4	0.001849068546295166	0.006014582347869873	
6.908586502075196E-4	0.024824066162109373	7.956609725952149E-5	0.0	7.78791618347168E-4	2.5261878967285154E-6	0.0018726433753967285	1.6615123748779296E-4	7.61854362487793E-4	1.4258480072021485E-5	3.5561466217041014E-5	0.01847845287322998	5.454168319702148E-5	1.639472007751465E-4	3.8954839706420896E-4	0.001422576904296875	0.01892372131347656	2.4277582168579103E-4	0.001855765438079834	3.7445068359375E-4	0.0010529242515563964	0.008048316097259521	4.990472793579101E-5	
7.031589508056641E-4	0.001871066665649414	7.618035316467285E-4	3.8308048248291016E-5	1.5301132202148437E-5	0.0	8.8958740234375E-5	0.0	2.074432373046875E-4	7.798089981079102E-5	2.519397735595703E-5	9.272257804870606E-4	0.0028489854812622072	0.0	1.2681770324707032E-5	7.633039474487305E-4	0.02267439098358154	2.44140625E-6	2.76947021484375E-5	6.273269653320313E-7	3.43492317199707E-4	0.0	0.0	
2.742852210998535E-4	1.9115829467773437E-5	0.0	6.495161056518555E-5	5.9975528717041015E-5	6.690130233764648E-5	7.2479248046875E-6	1.4580726623535156E-6	1.2663097381591796E-4	3.391265869140625E-7	0.0	3.48663330078125E-5	2.3434953689575197E-4	4.4078826904296875E-7	0.0	4.79888916015625E-4	1.1761980056762695E-4	6.722354888916015E-6	0.0	0.0	0.0	0.0	0.0	
0.012277950668334961	3.0496387481689454E-4	0.009686974430084228	1.4083013534545898E-4	0.21656149969100952	1.0114879608154297E-4	4.255504608154297E-5	0.07710667924880982	0.20685076398849486	0.0010089874267578125	0.012084503173828125	0.1418725670814514	8.15768814086914E-4	0.044319534301757814	0.0	0.008764165210723877	0.007623714828491211	1.1240673065185547E-5	0.0028231303215026857	0.0	0.0	0.0	1.852245330810547E-5	
0.010431654167175293	0.006281695938110352	0.005094146728515625	0.0028809611320495605	0.15376886157989503	8.8348388671875E-5	0.016372672176361083	1.2860612869262694E-4	0.004153366088867187	7.488165855407715E-4	0.011833657169342041	0.08589611473083496	0.03387781782150268	0.018584806632995606	1.2876701354980469E-5	0.03931994972229004	0.018496653270721437	6.663856506347657E-5	1.6994895935058593E-4	0.001060333251953125	8.102247238159179E-4	3.0178070068359376E-6	8.872137069702148E-5	
0.0013239966392517089	0.008614493465423584	0.0022899457931518557	1.1545848846435547E-5	3.611278533935547E-6	0.0	1.4447526931762696E-4	3.6536216735839845E-6	4.203118324279785E-4	1.4682388305664062E-5	0.0	0.11662534074783325	3.4185619354248046E-4	0.0	2.1701812744140624E-6	2.5941638946533205E-4	0.004829932308197021	0.0	1.1189460754394531E-6	0.0	1.23740291595459E-4	5.852594375610351E-5	3.2215118408203124E-7	
7.024974822998047E-5	3.22714900970459E-4	2.5838184356689452E-5	3.949480056762695E-5	1.1613845825195312E-6	8.896891593933105E-4	0.005874294662475586	1.2376785278320313E-6	4.9251937866210935E-5	6.449466705322266E-4	0.0	0.022569749641418457	0.0030481889724731444	1.5465631484985352E-4	5.001068115234375E-7	0.001989288330078125	0.006305660629272461	0.0	0.0	1.7632484436035156E-6	2.7109785079956056E-4	5.087957382202149E-5	9.409904479980469E-7	
5.230369567871094E-5	2.5168523788452146E-4	7.576837539672851E-5	3.1750144958496093E-4	6.597900390625E-4	3.7197494506835934E-5	1.3189525604248047E-4	1.615142822265625E-4	0.0025740983963012695	6.504478454589844E-5	1.3563156127929687E-6	8.35435676574707E-4	0.0026238759040832517	0.0	0.0	0.0035799492835998535	0.011067030143737793	2.729606628417969E-6	1.64031982421875E-5	7.612438201904296E-5	8.252458572387695E-5	0.0	1.4835357666015626E-6	
0.01760292901992798	0.004292458438873291	0.001296980094909668	1.7064409255981446E-4	4.6069679260253907E-4	1.4718799591064452E-4	7.303449630737304E-4	3.398895263671875E-4	9.77749252319336E-4	1.937103271484375E-4	1.2507972717285156E-4	0.001280203914642334	7.97746467590332E-4	8.239406585693359E-4	4.297924041748047E-6	0.0032236735343933107	0.03100051031112671	7.921770095825195E-4	1.5018882751464843E-4	1.8810653686523437E-5	6.209479331970215E-4	0.0	2.348136901855469E-6	
6.390037536621094E-5	0.0010268741607666015	6.781578063964843E-7	7.678565979003907E-5	9.639400482177735E-4	5.037097930908203E-5	9.247758865356446E-4	0.002067379379272461	0.0011184184074401855	8.946733474731445E-5	1.5224838256835937E-5	0.005144382095336914	0.004348822689056397	1.703901290893555E-5	0.0	0.001013361644744873	0.014771898078918457	2.4951515197753907E-4	5.9882259368896485E-5	0.0	4.899173736572266E-4	0.0	3.924055099487305E-5	
2.203197479248047E-5	2.6236629486083983E-5	0.0	7.432727813720703E-5	0.0023289998054504394	0.0	2.9551219940185546E-5	0.0	5.246226310729981E-4	5.2388477325439456E-5	0.0	9.3536376953125E-4	3.9683027267456054E-4	0.0	6.696701049804688E-7	0.0	4.865434646606445E-4	1.3054752349853516E-5	6.911382675170899E-5	1.1359214782714844E-6	2.4753189086914063E-5	5.070152282714844E-5	0.0	
