0.681160778427124	0.00976643877029419	3.377532958984375E-4	3.8801403045654294E-4	8.527289390563965E-4	0.0	0.182318115234375	3.6875724792480467E-6	6.80067253112793E-4	1.259697914123535E-4	5.4050064086914065E-5	0.3236722141265869	0.0013140360832214356	1.6561717987060548E-4	1.2304515838623047E-4	0.6956256188392639	0.63510852394104	0.013123058700561524	3.60107421875E-5	9.264631271362304E-5	0.5867964002609253	0.0	4.208030700683594E-5	
0.006532151985168457	8.495076179504394E-4	6.885948181152344E-5	0.0023393757820129395	8.294849395751953E-5	0.008208134937286378	0.0010709465980529786	2.543163299560547E-6	1.1594982147216797E-4	9.405941009521484E-4	2.0994396209716797E-4	0.05160622491836548	0.011703948974609375	2.4397954940795898E-4	4.8504295349121094E-4	4.0729103088378907E-4	0.01290358648300171	0.034534005069732664	2.2266807556152343E-4	6.48778247833252E-4	8.669704437255859E-4	5.747392654418945E-4	0.0	
0.0064215087890625	0.005381707096099853	2.0958795547485352E-4	2.69478702545166E-4	1.1226234436035156E-4	0.0	6.742350578308106E-4	1.6716861724853516E-5	4.927486419677734E-4	0.0024197980880737305	1.44356632232666E-4	7.110087394714355E-4	0.03480659484863281	7.868452072143554E-5	3.0619335174560544E-5	0.006000493335723877	0.03420658531188965	4.50897216796875E-5	7.546234130859375E-4	2.0938873291015627E-6	7.743327140808105E-4	0.0	0.0018287998199462891	
0.025344390869140625	0.08314294605255126	2.8754329681396484E-5	3.290815353393555E-5	0.001044769287109375	5.0862312316894535E-6	8.375358581542968E-6	4.3202714920043947E-4	0.013905054759979248	0.0	2.1120710372924805E-4	0.01759355335235596	2.13623046875E-6	0.0010331048011779785	0.002071058464050293	0.042456139469146725	0.030287712955474853	0.0012342579841613768	0.0017032962799072265	0.0	0.010262112045288086	8.127851486206054E-5	1.1015148162841797E-4	
0.0027283223152160647	1.6704139709472656E-4	0.0	3.095836639404297E-5	0.0	3.391265869140625E-7	1.0997352600097657E-4	1.2576637268066405E-4	0.03581693859100342	4.205322265625E-4	2.0429611206054686E-6	0.006306279468536377	0.005292824649810791	1.9327831268310547E-5	3.2179069519042966E-5	0.2197700415611267	0.029904963207244874	4.82940673828125E-5	2.5431346893310546E-5	0.0	1.0003089904785156E-6	3.391265869140625E-7	2.4753570556640626E-6	
5.5897998809814455E-5	9.00726318359375E-4	5.2388477325439456E-5	0.0	3.391265869140625E-7	0.0	3.916454315185547E-6	0.0	1.60980224609375E-5	0.0	0.0	2.511003494262695E-4	1.4131355285644531E-5	6.188392639160157E-7	0.0	3.0585384368896486E-5	0.01442392988204956	4.7473907470703127E-7	3.1366348266601565E-7	3.674821853637695E-5	1.1952686309814454E-5	1.1240673065185547E-5	5.001068115234375E-7	
0.007398851203918457	8.539920806884765E-4	6.21770191192627E-4	7.058207511901856E-4	1.7842607498168945E-4	1.0579395294189452E-5	3.7901115417480466E-5	1.3344659805297851E-4	4.2597455978393554E-4	1.4678955078125E-4	9.173927307128906E-5	0.012795172786712647	0.07976854114532471	1.2982683181762694E-4	1.624298095703125E-4	3.3916053771972657E-4	0.002385711669921875	2.24295711517334E-4	1.2664794921875E-4	1.25283145904541E-4	5.325062751770019E-4	0.0013837432861328125	4.200401306152344E-5	
0.0022243330001831055	3.636646270751953E-6	0.0	2.386302947998047E-5	1.8586053848266602E-4	1.5936851501464844E-6	3.4925460815429687E-6	0.0	0.04959157304763794	5.833091735839844E-5	0.0	0.0026083882331848145	2.7217445373535156E-4	0.0	8.731842041015625E-7	0.17974266052246093	0.025814607429504394	9.267168045043945E-5	7.884025573730469E-7	0.0	2.3227691650390625E-6	0.0	0.0	
0.0033867305755615235	4.959955215454101E-5	9.867382049560547E-6	3.4526405334472655E-4	0.0014009602546691895	1.4241218566894532E-6	1.373291015625E-5	0.043711217212677005	0.16481070623397828	1.5972557067871093E-4	1.3529491424560547E-5	0.007332382202148438	0.0023210822105407714	1.2707138061523438E-5	4.1622543334960935E-5	0.3734631008148193	0.05759813098907471	3.4267845153808596E-4	4.492759704589844E-7	0.0	1.6123456954956054E-4	4.069328308105469E-7	4.16700553894043E-4	
1.64794921875E-4	0.015166363143920898	1.8412303924560546E-5	0.0	3.1461076736450196E-4	7.239437103271484E-6	0.0012433709144592285	9.757137298583984E-6	9.58124828338623E-4	0.0	7.892227172851563E-6	0.006998443603515625	1.4360237121582032E-5	0.0023929765701293944	7.725181579589844E-5	0.03334617614746094	0.03609615745544434	5.059221267700195E-4	4.5536460876464843E-4	5.567084312438964E-4	0.010471055793762207	2.9576587677001954E-5	3.966607093811035E-4	
0.0020554606437683106	0.03427358837127686	9.65550708770752E-4	7.665592193603516E-4	9.760623931884765E-4	2.214221954345703E-5	1.2900457382202147E-4	5.3863525390625E-5	0.002587458324432373	0.003288107967376709	8.37885570526123E-4	0.01286365089416504	0.002109646224975586	5.5414867401123044E-5	1.5589427947998045E-5	0.0063841840744018555	0.48856225757598876	1.0181045532226562E-5	5.069478034973145E-4	5.329551696777344E-5	1.4401750564575194E-4	3.810462951660156E-5	2.729606628417969E-6	
0.02228617353439331	0.02107649059295654	2.4392871856689454E-4	0.0024195268630981446	8.317142486572265E-4	0.011039962768554687	0.001044489574432373	3.2519025802612303E-4	0.0036403910636901857	0.0017788526535034179	9.891929626464844E-5	0.2931209818840027	0.014455600357055664	3.5050287246704104E-4	0.0012070125579833983	0.002337485408782959	0.03138570146560669	0.0629292636871338	0.0037343512535095214	2.9179887771606445E-4	2.504560470581055E-4	9.621684074401855E-4	0.0014795515060424804	
2.3189125061035156E-4	0.0018981000900268555	1.7615413665771484E-5	3.2806396484375E-6	0.0010559929847717285	1.3902664184570312E-6	5.376434326171875E-4	5.403308868408203E-5	3.131781578063965E-4	1.9005680084228514E-5	2.4965095520019532E-5	0.005003687572479248	6.396827697753906E-5	1.9251537322998045E-5	5.5855655670166015E-5	2.6859703063964846E-4	0.0025980546951293944	1.1500892639160157E-4	0.005001076602935791	1.7256841659545898E-4	1.3460798263549806E-4	4.84169864654541E-4	2.81389045715332E-4	
1.5830144882202147E-4	9.76418399810791E-4	5.857509613037109E-4	2.614678382873535E-4	6.273269653320313E-7	0.0	4.0215396881103516E-5	0.0	1.67227840423584E-4	3.6400699615478516E-5	2.5431346893310546E-5	5.2337646484375E-4	1.2701244354248046E-4	0.0	4.4078826904296875E-7	7.596757888793946E-4	0.018043119621276856	0.0	9.562206268310547E-6	3.391265869140625E-7	1.7546758651733397E-4	0.0	1.220703125E-5	
2.4292840957641603E-4	1.9175243377685547E-5	0.0	1.0935497283935546E-5	3.1365394592285156E-6	0.0	2.3736000061035157E-6	1.2800216674804688E-6	0.001709111499786377	1.5674209594726563E-5	1.4377212524414062E-5	1.8135919570922852E-4	7.342023849487305E-5	1.0511398315429688E-6	0.0	2.7008905410766604E-4	1.0752363204956055E-4	1.4580726623535156E-6	0.0	0.0	9.663581848144532E-7	0.0	8.137702941894531E-7	
0.010273064517974854	7.899818420410156E-5	0.004332995986938476	1.4555187225341796E-4	0.1410498809814453	1.0511398315429688E-6	8.638191223144532E-6	0.05080326499938965	0.13670157537460328	7.117376327514649E-5	0.013342988777160645	0.09447701349258422	3.86488151550293E-4	0.028247053337097167	0.0	0.009931309986114502	0.002328762435913086	5.475358963012695E-5	0.0028212483406066893	0.0	0.0	0.0	3.0008983612060546E-5	
0.008722729110717774	5.589124679565429E-4	0.005532904720306396	0.0038292778968811035	0.08890296936035157	5.752055168151856E-4	0.014295179557800294	4.163951873779297E-5	0.009427142715454102	3.53995418548584E-4	0.009372117805480957	0.07349253339767456	0.024475419807434083	0.01058791265487671	1.4004135131835938E-5	0.016478237533569334	0.011526006031036377	2.8432178497314455E-5	1.6976251602172853E-4	0.016550386238098146	4.62960147857666E-4	3.391265869140625E-7	5.925464630126953E-6	
0.001636784839630127	0.006363966178894043	0.0024584537506103514	1.8191909790039064E-5	5.0142097473144535E-5	0.0	1.0631980895996093E-4	1.7022037506103516E-5	6.417423248291016E-4	1.1155891418457032E-5	1.4919281005859375E-6	0.10364144220352173	8.700904846191407E-5	6.273269653320313E-7	1.1528968811035157E-6	3.8157997131347654E-4	0.005298368644714355	0.0	1.7887115478515624E-6	6.029767990112305E-5	1.1455116271972656E-4	2.7737045288085936E-5	1.5598297119140624E-6	
7.0037841796875E-5	2.9947919845581055E-4	1.7039299011230468E-6	2.0541725158691406E-4	3.371343612670899E-5	6.273269653320313E-7	0.002282418155670166	7.459640502929688E-7	3.7807464599609374E-6	2.2837352752685547E-5	1.0850906372070312E-6	0.017626902294158937	3.3296375274658206E-4	9.229021072387696E-5	0.0	0.001646135139465332	0.014674894523620606	0.0	0.0	9.221391677856445E-5	5.9373664855957034E-5	0.002080103588104248	1.2715625762939453E-5	
3.996105194091797E-5	1.08795166015625E-4	0.0	9.051856994628906E-5	7.430181503295899E-5	6.781578063964843E-7	9.591846466064453E-5	3.8689517974853515E-5	0.003452318000793457	2.851696014404297E-5	2.4575138092041014E-5	0.006373324966430664	0.004545864486694336	3.391265869140625E-7	0.0	0.008640535163879394	0.004836035823822022	3.904552459716797E-5	1.9751548767089843E-6	4.6115493774414065E-5	2.9669761657714844E-6	1.2715625762939453E-5	9.833335876464843E-7	
0.007946455192565918	0.003411076831817627	9.11085319519043E-4	8.124202728271485E-4	1.4452619552612303E-4	1.0172557830810547E-5	7.191890716552735E-4	2.4921836853027346E-4	6.81304931640625E-4	1.4506025314331054E-4	5.517749786376953E-5	3.3701581954956056E-4	5.420939445495605E-4	1.444244384765625E-4	3.272151947021484E-6	0.00670745849609375	0.01588201732635498	0.004578179264068604	1.8690319061279297E-4	6.3629150390625E-5	2.248382568359375E-4	0.0	9.528255462646484E-6	
1.1531410217285156E-4	2.048492431640625E-4	7.077531814575196E-5	2.634514808654785E-4	5.22494888305664E-4	2.13623046875E-6	1.8766613006591796E-4	0.0022146013259887695	3.6220130920410154E-4	1.8609790802001953E-4	1.2032403945922851E-4	0.003164655876159668	0.00482330322265625	2.960205078125E-5	0.0	2.9423999786376954E-5	0.0038675435066223146	1.4464483261108398E-4	4.8946762084960935E-5	0.0	1.6481189727783204E-4	0.0	1.8013858795166015E-5	
9.757137298583984E-6	1.3648128509521484E-5	0.0	1.9007368087768555E-4	6.357831954956055E-5	0.0	0.0012357245445251464	1.3275146484375E-5	6.239128112792969E-6	1.136016845703125E-4	1.2037467956542968E-5	0.002151497745513916	3.823089599609375E-4	1.6716861724853516E-5	0.0	0.0	0.002346343994140625	3.899574279785156E-7	1.2037467956542968E-5	2.6109504699707032E-5	8.897571563720703E-5	0.001091461181640625	0.0	
