0.7723928748130798	0.05453746376037598	5.159589767456055E-4	0.0013407304763793945	7.196807861328125E-4	2.916145324707031E-6	0.3834504106521606	8.813648223876953E-5	0.0011434428215026855	0.0023415120124816893	3.3161582946777344E-4	0.37756512956619265	0.00521728515625	3.2945423126220705E-4	4.480743408203125E-4	0.8041465166091919	0.9030778248786926	0.015368728637695313	3.864711761474609E-4	0.017779227352142334	0.5722851392745971	8.985519409179688E-7	0.002184304141998291	
0.009384299373626708	0.005990626049041748	9.673479080200195E-4	0.005530005550384521	0.0010679965972900391	0.016794162368774415	0.02545834856033325	3.708563804626465E-4	3.26995849609375E-4	0.002514979076385498	2.2550792694091796E-4	0.097203648853302	0.0210818904876709	1.7456903457641602E-4	2.237701416015625E-4	4.8311872482299805E-4	0.0668805609703064	0.10659379749298095	5.925835609436036E-4	0.001080169677734375	0.004262508773803711	0.0011473846435546874	8.23974609375E-6	
0.02591507806777954	0.005418277359008789	1.5834388732910155E-4	7.258860588073731E-4	7.47689151763916E-4	4.1631031036376955E-5	0.0025759209632873533	4.4207258224487303E-4	0.0011256832122802734	4.683600425720215E-4	3.0050487518310545E-4	0.0028684064865112306	0.023415298461914064	2.4035139083862305E-4	3.2993736267089845E-4	0.02222902936935425	0.039093153190612795	6.31086540222168E-4	0.0037966410636901854	0.0035872904777526854	0.011828138542175293	3.391265869140625E-7	2.6370582580566407E-4	
0.15728923377990722	0.14802841186523438	0.0010709211349487304	9.287516593933106E-4	0.0041207207679748534	5.118137359619141E-4	0.0010744561195373534	8.415900230407715E-4	0.030665579891204834	0.0	0.001140569019317627	0.03952056035995483	8.521184921264649E-5	0.0022384050369262695	0.0033802202224731447	0.08259328203201294	0.09894376964569092	0.01158217535018921	0.0075382487297058105	0.0	0.023167792415618896	1.5078229904174804E-4	0.0023682148933410643	
0.007277543830871582	1.3176813125610352E-4	0.0	5.57717227935791E-4	0.0	2.5905990600585938E-5	1.57021427154541E-4	0.01971938238143921	0.04174035816192627	0.002344835090637207	5.340576171875E-7	0.0056452433586120605	0.0020386674880981445	1.220703125E-6	9.882612228393555E-5	0.292120641040802	0.040507541275024414	1.0029258728027344E-4	1.142711639404297E-5	0.0	8.79669189453125E-5	0.0	0.0	
4.447004318237305E-4	0.0021924336433410646	1.0038585662841798E-4	3.391265869140625E-7	2.4617481231689455E-5	0.0	3.911590576171875E-4	0.0	1.5687732696533204E-4	2.5143051147460937E-5	8.815765380859375E-7	2.4100408554077147E-4	2.5524520874023436E-5	0.0	5.4677295684814454E-5	1.2963190078735351E-4	0.0234286075592041	3.391265869140625E-7	2.6601123809814453E-5	6.9512367248535156E-6	8.801774978637696E-5	4.069328308105469E-7	3.2215118408203124E-7	
0.03838388233184815	0.01006022138595581	0.00134033203125	0.003319998836517334	8.995564460754394E-4	1.3990612030029297E-4	7.629734039306641E-4	3.128814697265625E-4	6.257205963134765E-4	6.425984382629395E-4	8.889942169189453E-5	0.010272343921661377	0.07254633588790893	2.7350530624389646E-4	1.2347755432128905E-4	0.012527660751342774	0.020070419311523438	4.961225509643555E-4	0.0014487287521362305	5.359310150146484E-4	0.004493772697448731	0.001057730770111084	8.629608154296875E-4	
0.001297149658203125	1.73806095123291E-4	0.0	5.4677295684814454E-5	8.231608390808106E-4	0.0	2.519904136657715E-4	0.0	0.06452629089355469	2.1447181701660155E-6	3.701953887939453E-5	0.005731209659576416	9.114498138427734E-4	1.2664794921875E-5	8.612728118896485E-6	0.199766845703125	0.026273473072052002	5.772905349731445E-5	1.6556634902954102E-4	0.0	4.0698623657226565E-5	0.0	0.0	
0.006276635074615479	5.471547126770019E-4	5.255699157714844E-7	6.713274002075196E-4	0.001685358715057373	7.799148559570312E-7	1.3545570373535155E-4	0.07737306385040284	0.2749300892829895	3.892856597900391E-4	1.3834667205810547E-5	0.012647493171691894	0.006762457942962647	1.756458282470703E-5	1.3538780212402345E-4	0.4526875813484192	0.07666392860412598	1.9221839904785156E-4	4.060554504394531E-6	0.0	1.4882402420043946E-4	0.0	5.28581428527832E-4	
0.0013873291015625	0.02287154302597046	0.001994654369354248	0.0	0.0016814846038818358	1.7369556427001953E-5	0.001682154369354248	4.603916168212891E-4	0.011682959651947022	0.0	1.7439098358154297E-4	0.0161810302734375	1.5919971466064454E-5	4.6260414123535157E-4	1.9466819763183595E-4	0.021911434555053712	0.0675768364906311	0.002409244155883789	5.240631103515625E-4	0.0052623748779296875	0.008113733959197999	0.0	8.461506843566894E-4	
0.005049404525756836	0.05878628196716309	7.27089786529541E-4	9.41780948638916E-4	0.0011519368171691894	3.445091247558594E-5	2.2955999374389647E-4	2.578480720520019E-4	0.00454107494354248	0.007744513607025147	0.0023365105628967283	0.022417611026763914	0.0035599857330322264	3.6095523834228516E-5	0.001615125846862793	0.013721864509582519	0.6362808650970458	1.1004133224487305E-4	3.5984458923339846E-4	8.59510612487793E-4	9.645843505859376E-4	3.735857009887695E-5	7.197093963623047E-6	
0.02741338939666748	0.02525110034942627	0.005111363697052002	0.008957129573822022	0.002942657470703125	0.025720079231262207	0.010770577335357665	4.2477073669433595E-4	0.005455644416809082	0.006290139102935791	1.4234752655029298E-4	0.30227667064666747	0.03301251726150513	3.69711971282959E-4	0.0011810811042785644	0.004048758602142334	0.08030693054199219	0.1752722846031189	0.007504399585723877	0.012444059562683105	0.008607499885559082	0.006983371353149414	0.014232550716400146	
5.721706390380859E-4	0.012754262256622314	1.0740489959716797E-4	0.0	9.220631599426269E-4	3.933334350585937E-6	0.005784572982788086	0.0010631476402282714	0.004748035049438476	1.3563156127929687E-6	6.74591064453125E-4	0.013959003067016602	1.8573379516601563E-5	9.411277770996093E-5	4.015350341796875E-4	0.005781792545318604	0.017556228637695313	0.005047743034362793	0.005548723030090332	9.35846996307373E-4	0.0036034732818603517	0.001239157772064209	4.3723211288452146E-4	
9.865230560302735E-4	0.0018271806716918945	7.304721832275391E-4	2.1312294006347655E-4	1.8013858795166015E-5	0.0	3.290134429931641E-4	1.2478256225585938E-5	2.0487470626831054E-4	7.721796035766602E-5	3.9520263671875E-5	8.803812980651856E-4	0.001425348949432373	0.0	0.0	0.0018290032386779785	0.030678948307037355	2.7796459197998046E-5	6.167945861816407E-5	4.4078826904296875E-7	2.94045352935791E-4	0.0	2.4753189086914063E-5	
2.5591535568237305E-4	2.0451860427856447E-4	0.0	5.90489673614502E-4	3.304376602172851E-5	4.679393768310547E-6	6.995306015014649E-5	3.814697265625E-4	8.17252254486084E-4	0.001772138786315918	8.435564041137695E-5	4.4558210372924804E-4	3.4276323318481445E-4	4.069328308105469E-7	0.0	0.001212022590637207	0.0022539943695068358	8.822126388549804E-5	0.0	0.0	7.772655487060547E-5	0.0	0.0	
0.008033108139038085	0.001635013198852539	0.0116632080078125	5.58149528503418E-4	0.23311269969940185	8.146476745605468E-6	2.166748046875E-5	0.10915267944335938	0.25493887157440187	6.708866119384765E-4	0.03728290138244629	0.2110660044670105	0.0022955830574035645	0.046951039600372314	0.0	0.044801161003112794	0.003563554573059082	5.83530044555664E-4	0.003462999153137207	0.0	1.6530351638793946E-4	0.0	1.0598926544189453E-4	
0.01595501365661621	0.011100675773620606	0.007288233470916748	0.0038999854087829588	0.15061566667556764	7.18231201171875E-4	0.044928359985351565	0.0010616472244262694	0.007000868034362793	0.001860080337524414	0.017403064346313477	0.13688869895935057	0.02798667058944702	0.016763356494903566	2.1639509201049805E-4	0.05624741449356079	0.02873897132873535	9.181806564331055E-4	0.001610988998413086	0.005357716846466064	0.021417872142791748	6.781578063964843E-7	1.3322620391845703E-4	
0.0010004425048828125	0.011894480419158936	0.005889578914642334	4.20379638671875E-5	1.226043701171875E-4	0.0	1.7460289001464843E-4	8.403358459472656E-5	4.2763605117797853E-4	2.4575138092041014E-5	1.4055042266845704E-4	0.16493792219161987	3.8013038635253905E-4	3.924942016601562E-6	1.0384454727172852E-4	7.578277587890625E-4	0.008638085269927978	0.0	4.5199966430664064E-5	8.62884521484375E-5	0.001352208423614502	1.5316429138183594E-4	4.5920467376708984E-5	
5.451287269592285E-4	7.982890129089355E-4	2.6685905456542968E-5	2.3748607635498047E-4	0.0	3.2847089767456053E-4	0.005438359546661377	6.2984466552734375E-6	4.3910980224609375E-6	0.0025867716789245605	1.3495540618896484E-5	0.025828153800964357	0.003521737003326416	3.281488418579102E-5	1.5343570709228515E-5	0.0018918354988098145	0.010405807495117188	0.001505271053314209	0.0	2.9669761657714844E-6	0.0010546451568603516	1.4135570526123046E-4	1.843939781188965E-4	
0.0011252678871154786	0.001653433895111084	2.6787757873535156E-6	1.5677556991577148E-4	5.51783275604248E-4	1.2461662292480468E-6	1.9262523651123047E-4	6.725730895996094E-5	0.004464611434936524	0.001564314079284668	3.0602455139160155E-6	0.01106213035583496	0.007024078369140625	5.085945129394531E-7	0.0	0.011965221786499024	0.02244954423904419	5.872090339660644E-4	1.0476856231689453E-4	7.211475372314453E-5	0.001682417106628418	0.0	1.8575878143310546E-4	
0.010992338371276856	0.013096135425567626	0.00335693359375	0.001175689697265625	4.2645769119262694E-4	5.767822265625E-5	0.002116538143157959	4.904683113098145E-4	0.0021691046714782717	8.18956184387207E-4	1.0616722106933593E-4	0.001634691047668457	0.009641859245300293	2.21854305267334E-4	7.007179260253906E-5	0.008190443229675293	0.03706743030548096	0.003918863964080811	5.377451896667481E-4	2.663336753845215E-4	0.0035467952728271486	3.391265869140625E-7	3.7197494506835934E-5	
3.09304141998291E-4	4.4713335037231444E-4	2.1555585861206055E-4	3.519100189208984E-4	0.0012753719329833984	8.815765380859375E-7	8.685895919799805E-4	0.0021859232902526854	6.026713371276855E-4	0.0014054700851440429	5.951776504516602E-5	0.005672471809387207	0.009880243968963623	4.611587524414063E-6	0.0	0.001905653190612793	0.010483856201171876	4.538811683654785E-4	6.205244064331054E-5	0.0	6.11122989654541E-4	0.0	0.0061244456291198734	
6.352739334106445E-5	1.2007818222045899E-4	6.695213317871094E-5	0.002409023666381836	3.391265869140625E-7	4.7473907470703127E-7	0.0010130818367004395	1.3987541198730468E-6	0.0020708295822143554	3.6754188537597656E-4	1.220703125E-6	0.0049099223136901855	0.0030219183921813965	0.0	3.5600662231445314E-7	1.3393783569335937E-5	0.003056471061706543	0.0035463459968566894	2.824573516845703E-5	4.509830474853516E-6	0.001103854751586914	6.411573410034179E-4	0.0	
