2 1 2 0.076321 * 2  5  1 
3 1 3 0.008414 * 3  6  4  1 
3 1 3 0.008414 * 3  6  5  1 
4 1 1 0.013062 * 4  1 
5 1 1 0.079798 * 5  1 
6 1 2 0.006869 * 6  4  1 
6 1 2 0.006869 * 6  5  1 
7 1 2 0.098525 * 7  4  1 
8 1 2 0.101235 * 8  11   1 
9 1 3 0.014461 * 9  7  4  1 
10 1 4 0.014294 * 10   3   6   4   1 
10 1 4 0.014294 * 10   3   6   5   1 
10 1 4 0.014294 * 10   9   7   4   1 
11 1 1 0.509926 * 11   1 
1 2 2 0.064491 * 1  5  2 
3 2 3 0.059574 * 3  6  5  2 
4 2 3 0.101001 * 4  1  5  2 
4 2 3 0.101001 * 4  6  5  2 
5 2 1 0.104686 * 5  2 
6 2 2 0.044140 * 6  5  2 
7 2 4 0.294007 * 7  4  1  5  2 
7 2 4 0.294007 * 7  4  6  5  2 
8 2 1 0.020957 * 8  2 
9 2 4 0.013632 * 9  3  6  5  2 
10 2 4 0.041068 * 10   3   6   5   2 
11 2 2 0.059575 * 11   8   2 
1 3 3 0.019782 * 1  4  6  3 
1 3 3 0.019782 * 1  5  6  3 
2 3 3 0.254428 * 2  5  6  3 
4 3 2 0.032536 * 4  6  3 
5 3 2 0.058088 * 5  6  3 
6 3 1 0.019213 * 6  3 
7 3 2 0.021758 * 7  9  3 
8 3 4 0.042150 * 8  2  5  6  3 
9 3 1 0.057355 * 9  3 
10 3 1 0.063088 * 10   3 
11 3 4 0.028244 * 11   1   4   6   3 
11 3 4 0.028244 * 11   1   5   6   3 
1 4 1 0.031263 * 1  4 
2 4 3 0.084001 * 2  5  1  4 
2 4 3 0.084001 * 2  5  6  4 
3 4 2 0.009569 * 3  6  4 
5 4 2 0.027213 * 5  1  4 
5 4 2 0.027213 * 5  6  4 
6 4 1 0.010320 * 6  4 
7 4 1 0.335819 * 7  4 
8 4 3 0.036335 * 8  11   1   4 
9 4 2 0.005967 * 9  7  4 
10 4 3 0.007399 * 10   3   6   4 
10 4 3 0.007399 * 10   9   7   4 
11 4 2 0.019219 * 11   1   4 
1 5 1 0.084928 * 1  5 
2 5 1 0.617209 * 2  5 
3 5 2 0.038553 * 3  6  5 
4 5 2 0.015701 * 4  1  5 
4 5 2 0.015701 * 4  6  5 
6 5 1 0.076921 * 6  5 
7 5 3 0.039027 * 7  4  1  5 
7 5 3 0.039027 * 7  4  6  5 
8 5 2 0.131472 * 8  2  5 
9 5 3 0.036041 * 9  3  6  5 
10 5 3 0.040004 * 10   3   6   5 
11 5 2 0.141671 * 11   1   5 
1 6 2 0.023228 * 1  4  6 
1 6 2 0.023228 * 1  5  6 
2 6 2 0.193681 * 2  5  6 
3 6 1 0.020151 * 3  6 
4 6 1 0.035312 * 4  6 
5 6 1 0.065592 * 5  6 
7 6 2 0.028656 * 7  4  6 
8 6 3 0.048698 * 8  2  5  6 
9 6 2 0.002475 * 9  3  6 
10 6 2 0.025405 * 10   3   6 
11 6 3 0.037114 * 11   1   4   6 
11 6 3 0.037114 * 11   1   5   6 
1 7 2 0.089230 * 1  4  7 
2 7 4 0.406179 * 2  5  1  4  7 
2 7 4 0.406179 * 2  5  6  4  7 
3 7 2 0.021335 * 3  9  7 
4 7 1 0.157451 * 4  7 
5 7 3 0.075540 * 5  1  4  7 
5 7 3 0.075540 * 5  6  4  7 
6 7 2 0.040579 * 6  4  7 
8 7 4 0.268568 * 8  11   1   4   7 
9 7 1 0.035432 * 9  7 
10 7 2 0.131481 * 10   9   7 
11 7 3 0.290199 * 11   1   4   7 
1 8 2 0.203985 * 1  11   8 
2 8 1 0.339529 * 2  8 
3 8 4 0.064480 * 3  6  5  2  8 
4 8 3 0.181136 * 4   1  11   8 
5 8 2 0.274546 * 5  2  8 
6 8 3 0.100020 * 6  5  2  8 
7 8 4 0.295608 * 7   4   1  11   8 
9 8 5 0.018120 * 9  3  6  5  2  8 
9 8 5 0.018120 * 9   7   4   1  11   8 
10 8 5 0.131956 * 10   3   6   5   2   8 
11 8 1 0.256925 * 11   8 
1 9 3 0.002605 * 1  4  7  9 
2 9 4 0.040860 * 2  5  6  3  9 
3 9 1 0.036077 * 3  9 
4 9 2 0.004256 * 4  7  9 
5 9 3 0.015276 * 5  6  3  9 
6 9 2 0.002007 * 6  3  9 
7 9 1 0.043246 * 7  9 
8 9 5 0.007189 * 8  2  5  6  3  9 
8 9 5 0.007189 * 8  11   1   4   7   9 
10 9 1 0.013712 * 10   9 
11 9 4 0.005503 * 11   1   4   7   9 
1 10 4 0.023711 * 1   4   6   3  10 
1 10 4 0.023711 * 1   4   7   9  10 
1 10 4 0.038891 * 1   5   6   3  10 
2 10 4 0.455474 * 2   5   6   3  10 
3 10 1 0.015549 * 3  10 
4 10 3 0.006616 * 4   6   3  10 
4 10 3 0.006616 * 4   7   9  10 
5 10 3 0.028593 * 5   6   3  10 
6 10 2 0.017899 * 6   3  10 
7 10 2 0.112143 * 7   9  10 
8 10 5 0.108628 * 8   2   5   6   3  10 
9 10 1 0.011986 * 9  10 
11 10 5 0.011439 * 11   1   4   6   3  10 
11 10 5 0.011439 * 11   1   4   7   9  10 
11 10 5 0.011439 * 11   1   5   6   3  10 
1 11 1 0.847632 * 1  11 
2 11 2 0.249075 * 2   8  11 
3 11 4 0.058437 * 3   6   4   1  11 
3 11 4 0.058437 * 3   6   5   1  11 
4 11 2 0.147572 * 4   1  11 
5 11 2 0.305333 * 5   1  11 
6 11 3 0.028436 * 6   4   1  11 
6 11 3 0.028436 * 6   5   1  11 
7 11 3 0.341082 * 7   4   1  11 
8 11 1 0.644399 * 8  11 
9 11 4 0.026864 * 9   7   4   1  11 
10 11 5 0.063967 * 10   3   6   4   1  11 
10 11 5 0.063967 * 10   3   6   5   1  11 
10 11 5 0.063967 * 10   9   7   4   1  11 
