2 1 2 0.075446 * 2  5  1 
3 1 3 0.008560 * 3  6  4  1 
3 1 3 0.008560 * 3  6  5  1 
4 1 1 0.027343 * 4  1 
5 1 1 0.090631 * 5  1 
6 1 2 0.007561 * 6  4  1 
6 1 2 0.007561 * 6  5  1 
7 1 2 0.095788 * 7  4  1 
8 1 2 0.078250 * 8  11   1 
9 1 3 0.009871 * 9  7  4  1 
10 1 4 0.018872 * 10   3   6   4   1 
10 1 4 0.018872 * 10   3   6   5   1 
10 1 4 0.018872 * 10   9   7   4   1 
11 1 1 0.491993 * 11   1 
1 2 2 0.070402 * 1  5  2 
3 2 3 0.074710 * 3  6  5  2 
4 2 3 0.017594 * 4  1  5  2 
4 2 3 0.017594 * 4  6  5  2 
5 2 1 0.118488 * 5  2 
6 2 2 0.043008 * 6  5  2 
7 2 4 0.050421 * 7  4  1  5  2 
7 2 4 0.050421 * 7  4  6  5  2 
8 2 1 0.037228 * 8  2 
9 2 4 0.017201 * 9  3  6  5  2 
10 2 4 0.052716 * 10   3   6   5   2 
11 2 2 0.062053 * 11   8   2 
1 3 3 0.014085 * 1  4  6  3 
1 3 3 0.014085 * 1  5  6  3 
2 3 3 0.229780 * 2  5  6  3 
4 3 2 0.029838 * 4  6  3 
5 3 2 0.033748 * 5  6  3 
6 3 1 0.062448 * 6  3 
7 3 2 0.026387 * 7  9  3 
8 3 4 0.062780 * 8  2  5  6  3 
9 3 1 0.053350 * 9  3 
10 3 1 0.080047 * 10   3 
11 3 4 0.038867 * 11   1   4   6   3 
11 3 4 0.038867 * 11   1   5   6   3 
1 4 1 0.026930 * 1  4 
2 4 3 0.083359 * 2  5  1  4 
2 4 3 0.083359 * 2  5  6  4 
3 4 2 0.009898 * 3  6  4 
5 4 2 0.015672 * 5  1  4 
5 4 2 0.015672 * 5  6  4 
6 4 1 0.052534 * 6  4 
7 4 1 0.355382 * 7  4 
8 4 3 0.040692 * 8  11   1   4 
9 4 2 0.003886 * 9  7  4 
10 4 3 0.016033 * 10   3   6   4 
10 4 3 0.016033 * 10   9   7   4 
11 4 2 0.023623 * 11   1   4 
1 5 1 0.068184 * 1  5 
2 5 1 0.650169 * 2  5 
3 5 2 0.055046 * 3  6  5 
4 5 2 0.017322 * 4  1  5 
4 5 2 0.017322 * 4  6  5 
6 5 1 0.064422 * 6  5 
7 5 3 0.063786 * 7  4  1  5 
7 5 3 0.063786 * 7  4  6  5 
8 5 2 0.125018 * 8  2  5 
9 5 3 0.029560 * 9  3  6  5 
10 5 3 0.045629 * 10   3   6   5 
11 5 2 0.174209 * 11   1   5 
1 6 2 0.015792 * 1  4  6 
1 6 2 0.015792 * 1  5  6 
2 6 2 0.212830 * 2  5  6 
3 6 1 0.021089 * 3  6 
4 6 1 0.026485 * 4  6 
5 6 1 0.078773 * 5  6 
7 6 2 0.031652 * 7  4  6 
8 6 3 0.059866 * 8  2  5  6 
9 6 2 0.007589 * 9  3  6 
10 6 2 0.027725 * 10   3   6 
11 6 3 0.026068 * 11   1   4   6 
11 6 3 0.026068 * 11   1   5   6 
1 7 2 0.099329 * 1  4  7 
2 7 4 0.383935 * 2  5  1  4  7 
2 7 4 0.383935 * 2  5  6  4  7 
3 7 2 0.056276 * 3  9  7 
4 7 1 0.135859 * 4  7 
5 7 3 0.088354 * 5  1  4  7 
5 7 3 0.088354 * 5  6  4  7 
6 7 2 0.049996 * 6  4  7 
8 7 4 0.328759 * 8  11   1   4   7 
9 7 1 0.076656 * 9  7 
10 7 2 0.142379 * 10   9   7 
11 7 3 0.289892 * 11   1   4   7 
1 8 2 0.189317 * 1  11   8 
2 8 1 0.379373 * 2  8 
3 8 4 0.091547 * 3  6  5  2  8 
4 8 3 0.181472 * 4   1  11   8 
5 8 2 0.241910 * 5  2  8 
6 8 3 0.102587 * 6  5  2  8 
7 8 4 0.369429 * 7   4   1  11   8 
9 8 5 0.016980 * 9  3  6  5  2  8 
9 8 5 0.016980 * 9   7   4   1  11   8 
10 8 5 0.146539 * 10   3   6   5   2   8 
11 8 1 0.292320 * 11   8 
1 9 3 0.003256 * 1  4  7  9 
2 9 4 0.039485 * 2  5  6  3  9 
3 9 1 0.021808 * 3  9 
4 9 2 0.004996 * 4  7  9 
5 9 3 0.010897 * 5  6  3  9 
6 9 2 0.003077 * 6  3  9 
7 9 1 0.036154 * 7  9 
8 9 5 0.004918 * 8  2  5  6  3  9 
8 9 5 0.004918 * 8  11   1   4   7   9 
10 9 1 0.015856 * 10   9 
11 9 4 0.008933 * 11   1   4   7   9 
1 10 4 0.022943 * 1   4   6   3  10 
1 10 4 0.022943 * 1   4   7   9  10 
1 10 4 0.039192 * 1   5   6   3  10 
2 10 4 0.404976 * 2   5   6   3  10 
3 10 1 0.027179 * 3  10 
4 10 3 0.005313 * 4   6   3  10 
4 10 3 0.005313 * 4   7   9  10 
5 10 3 0.029980 * 5   6   3  10 
6 10 2 0.017880 * 6   3  10 
7 10 2 0.148308 * 7   9  10 
8 10 5 0.107497 * 8   2   5   6   3  10 
9 10 1 0.013318 * 9  10 
11 10 5 0.012775 * 11   1   4   6   3  10 
11 10 5 0.012775 * 11   1   4   7   9  10 
11 10 5 0.013804 * 11   1   5   6   3  10 
1 11 1 0.502118 * 1  11 
2 11 2 0.331919 * 2   8  11 
3 11 4 0.101779 * 3   6   4   1  11 
3 11 4 0.101779 * 3   6   5   1  11 
4 11 2 0.122357 * 4   1  11 
5 11 2 0.313845 * 5   1  11 
6 11 3 0.030423 * 6   4   1  11 
6 11 3 0.030423 * 6   5   1  11 
7 11 3 0.317394 * 7   4   1  11 
8 11 1 0.684347 * 8  11 
9 11 4 0.030642 * 9   7   4   1  11 
10 11 5 0.066775 * 10   3   6   4   1  11 
10 11 5 0.066775 * 10   3   6   5   1  11 
10 11 5 0.066775 * 10   9   7   4   1  11 
