2 1 0.250266 0.067807 * 2  5  1  0 
2 1 0.347066 0.008514 * 2   8  11   1 
3 1 0.354009 0.009196 * 3  6  4  1 
3 1 0.328859 0.007632 * 3  6  5  1 
4 1 0.127021 0.013062 * 4  1 
5 1 0.108425 0.079798 * 5  1 
6 1 0.244116 0.007508 * 6  4  1 
6 1 0.218966 0.006231 * 6  5  1 
7 1 0.249222 0.098525 * 7  4  1 
8 1 0.233483 0.101235 * 8  11   1 
9 1 0.455713 0.005210 * 9  3  6  4  1 
9 1 0.430563 0.005210 * 9  3  6  5  1 
9 1 0.351642 0.004042 * 9  7  4  1  0 
10 1 0.459826 0.011972 * 10   3   6   4   1   0 
10 1 0.434676 0.011972 * 10   3   6   5   1   0 
10 1 0.557191 0.006645 * 10   9   3   6   4   1 
10 1 0.532041 0.006645 * 10   9   3   6   5   1 
10 1 0.453120 0.005647 * 10   9   7   4   1   0 
11 1 0.118364 0.509926 * 11   1 
1 2 0.236361 0.032763 * 1  5  2  0 
1 2 0.352643 0.031728 * 1  11   8   2 
3 2 0.341277 0.059574 * 3  6  5  2 
4 2 0.363381 0.080372 * 4  1  5  2  0 
4 2 0.479664 0.077834 * 4   1  11   8   2 
4 2 0.333961 0.043795 * 4  6  5  2  0 
5 2 0.120844 0.104686 * 5  2 
6 2 0.231384 0.044140 * 6  5  2 
7 2 0.485583 0.216542 * 7  4  1  5  2  0 
7 2 0.601865 0.209704 * 7   4   1  11   8   2 
7 2 0.456163 0.117994 * 7  4  6  5  2  0 
7 2 0.545188 0.043773 * 7  9  3  6  5  2 
8 2 0.104300 0.020957 * 8  2 
9 2 0.442981 0.013632 * 9  3  6  5  2 
10 2 0.447094 0.031289 * 10   3   6   5   2   0 
10 2 0.544459 0.009779 * 10   9   3   6   5   2 
11 2 0.215377 0.059575 * 11   8   2 
1 3 0.329715 0.010564 * 1  4  6  3  0 
1 3 0.438804 0.006822 * 1  4  7  9  3 
1 3 0.362347 0.022178 * 1  5  6  3  0 
2 3 0.388671 0.254428 * 2  5  6  3 
4 3 0.217454 0.021492 * 4  6  3  0 
4 3 0.326544 0.011044 * 4  7  9  3 
5 3 0.246831 0.058088 * 5  6  3 
6 3 0.114877 0.019213 * 6  3 
7 3 0.203911 0.021758 * 7  9  3 
8 3 0.492971 0.015156 * 8  2  5  6  3  0  0 
8 3 0.563198 0.008998 * 8  11   1   4   6   3   0 
8 3 0.672288 0.008998 * 8  11   1   4   7   9   3 
8 3 0.595831 0.008998 * 8  11   1   5   6   3   0 
9 3 0.101704 0.057355 * 9  3 
10 3 0.203182 0.015023 * 10   9   3 
10 3 0.105817 0.048065 * 10   3   0 
11 3 0.448079 0.015485 * 11   1   4   6   3   0 
11 3 0.557168 0.010000 * 11   1   4   7   9   3 
11 3 0.480711 0.031003 * 11   1   5   6   3   0 
1 4 0.112261 0.031263 * 1  4 
2 4 0.362527 0.049079 * 2  5  1  4  0 
2 4 0.390889 0.114312 * 2  5  6  4  0 
2 4 0.459327 0.004612 * 2   8  11   1   4 
3 4 0.226989 0.008684 * 3  6  4  0 
3 4 0.325799 0.000885 * 3  9  7  4 
5 4 0.220686 0.016348 * 5  1  4 
5 4 0.249049 0.038077 * 5  6  4 
6 4 0.117095 0.010320 * 6  4 
7 4 0.122201 0.335819 * 7  4 
8 4 0.345744 0.036335 * 8  11   1   4 
9 4 0.224621 0.005967 * 9  7  4 
10 4 0.332805 0.009371 * 10   3   6   4   0 
10 4 0.431615 0.001653 * 10   3   9   7   4 
10 4 0.326099 0.003774 * 10   9   7   4   0 
11 4 0.230624 0.019219 * 11   1   4 
1 5 0.115517 0.084928 * 1  5 
2 5 0.141840 0.617209 * 2  5 
3 5 0.220433 0.038553 * 3  6  5 
4 5 0.242537 0.019526 * 4  1  5 
4 5 0.213117 0.011876 * 4  6  5 
6 5 0.110540 0.076921 * 6  5 
7 5 0.364739 0.042902 * 7  4  1  5  0 
7 5 0.335319 0.026094 * 7  4  6  5  0 
7 5 0.424344 0.009057 * 7  9  3  6  5 
8 5 0.246140 0.093765 * 8  2  5  0 
8 5 0.349000 0.037707 * 8  11   1   5 
9 5 0.322137 0.036041 * 9  3  6  5 
10 5 0.326250 0.030478 * 10   3   6   5   0 
10 5 0.423616 0.009526 * 10   9   3   6   5 
11 5 0.233880 0.141671 * 11   1   5 
1 6 0.214838 0.011118 * 1  4  6 
1 6 0.247470 0.035337 * 1  5  6 
2 6 0.273794 0.193681 * 2  5  6 
3 6 0.109893 0.020151 * 3  6 
4 6 0.102577 0.035312 * 4  6 
5 6 0.131954 0.065592 * 5  6 
7 6 0.224779 0.018929 * 7  4  6  0 
7 6 0.313804 0.009727 * 7  9  3  6 
8 6 0.378094 0.023670 * 8  2  5  6  0 
8 6 0.448321 0.012514 * 8  11   1   4   6 
8 6 0.480954 0.012514 * 8  11   1   5   6 
9 6 0.211597 0.002475 * 9  3  6 
10 6 0.215710 0.019356 * 10   3   6   0 
10 6 0.313075 0.006050 * 10   9   3   6 
11 6 0.333202 0.019705 * 11   1   4   6 
11 6 0.365834 0.054522 * 11   1   5   6 
1 7 0.234894 0.089230 * 1  4  7 
2 7 0.485160 0.212300 * 2  5  1  4  7  0 
2 7 0.592268 0.053427 * 2  5  6  3  9  7 
2 7 0.513522 0.524279 * 2  5  6  4  7  0 
2 7 0.581960 0.022353 * 2   8  11   1   4   7 
3 7 0.203597 0.021335 * 3  9  7 
4 7 0.122633 0.157451 * 4  7 
5 7 0.343319 0.040600 * 5  1  4  7  0 
5 7 0.450428 0.010217 * 5  6  3  9  7 
5 7 0.371682 0.100263 * 5  6  4  7  0 
6 7 0.318474 0.003753 * 6  3  9  7 
6 7 0.239729 0.036826 * 6  4  7  0 
8 7 0.468377 0.268568 * 8  11   1   4   7 
9 7 0.102420 0.035432 * 9  7 
10 7 0.309414 0.024553 * 10   3   9   7 
10 7 0.203898 0.106928 * 10   9   7   0 
11 7 0.353257 0.290199 * 11   1   4   7 
1 8 0.349944 0.043061 * 1  5  2  8 
1 8 0.248343 0.160924 * 1  11   8   0 
2 8 0.113583 0.339529 * 2  8 
3 8 0.454860 0.064480 * 3  6  5  2  8 
4 8 0.476964 0.037332 * 4  1  5  2  8 
4 8 0.375364 0.127441 * 4   1  11   8   0 
4 8 0.447544 0.016363 * 4  6  5  2  8 
5 8 0.234427 0.274546 * 5  2  8 
6 8 0.344967 0.100020 * 6  5  2  8 
7 8 0.599166 0.071835 * 7  4  1  5  2  8 
7 8 0.497565 0.192288 * 7   4   1  11   8   0 
7 8 0.569746 0.031485 * 7  4  6  5  2  8 
9 8 0.556564 0.001762 * 9  3  6  5  2  8  0 
9 8 0.701585 0.013376 * 9  7  4  1  5  2  8 
9 8 0.599985 0.013376 * 9   7   4   1  11   8   0 
9 8 0.672165 0.007725 * 9  7  4  6  5  2  8 
10 8 0.560677 0.015191 * 10   3   6   5   2   8   0   0 
10 8 0.658042 0.006538 * 10   9   3   6   5   2   8   0 
10 8 0.803064 0.040785 * 10   9   7   4   1   5   2   8 
10 8 0.701463 0.040785 * 10   9   7   4   1  11   8   0 
10 8 0.773644 0.028657 * 10   9   7   4   6   5   2   8 
11 8 0.111077 0.256925 * 11   8 
1 9 0.430892 0.000319 * 1  4  6  3  9 
1 9 0.337101 0.002286 * 1  4  7  9  0 
2 9 0.681158 0.004134 * 2  5  1  4  6  3  9 
2 9 0.587366 0.024996 * 2  5  1  4  7  9  0 
2 9 0.489848 0.011730 * 2  5  6  3  9  0  0 
3 9 0.101177 0.036077 * 3  9 
4 9 0.318632 0.000522 * 4  6  3  9 
4 9 0.224840 0.003734 * 4  7  9  0 
5 9 0.539318 0.001546 * 5  1  4  6  3  9 
5 9 0.445526 0.009345 * 5  1  4  7  9  0 
5 9 0.348008 0.004385 * 5  6  3  9  0  0 
6 9 0.216054 0.002007 * 6  3  9 
7 9 0.102207 0.043246 * 7  9 
8 9 0.785458 0.002986 * 8  2  5  1  4  6  3  9 
8 9 0.691666 0.004284 * 8  2  5  1  4  7  9  0 
8 9 0.594148 0.004284 * 8  2  5  6  3  9  0  0 
8 9 0.664376 0.001413 * 8  11   1   4   6   3   9   0 
8 9 0.570584 0.001413 * 8  11   1   4   7   9   0   0 
10 9 0.206994 0.002561 * 10   3   9 
10 9 0.101478 0.011151 * 10   9   0 
11 9 0.549256 0.002497 * 11   1   4   6   3   9 
11 9 0.455464 0.003005 * 11   1   4   7   9   0 
1 10 0.532283 0.009940 * 1   4   6   3   9  10 
1 10 0.437804 0.009940 * 1   4   6   3  10   0 
1 10 0.438491 0.013291 * 1   4   7   9  10   0 
1 10 0.564915 0.026572 * 1   5   6   3   9  10 
1 10 0.470437 0.026572 * 1   5   6   3  10   0 
2 10 0.591239 0.092862 * 2   5   6   3   9  10 
2 10 0.496760 0.362612 * 2   5   6   3  10   0 
3 10 0.202568 0.002904 * 3   9  10 
3 10 0.108089 0.012645 * 3  10   0 
4 10 0.420022 0.003965 * 4   6   3   9  10 
4 10 0.325544 0.003965 * 4   6   3  10   0 
4 10 0.326230 0.005302 * 4   7   9  10   0 
5 10 0.449398 0.005340 * 5   6   3   9  10 
5 10 0.354920 0.023254 * 5   6   3  10   0 
6 10 0.317445 0.003342 * 6   3   9  10 
6 10 0.222966 0.014557 * 6   3  10   0 
7 10 0.203597 0.112143 * 7   9  10 
8 10 0.695538 0.020861 * 8   2   5   6   3   9  10   0 
8 10 0.601060 0.020861 * 8   2   5   6   3  10   0   0 
8 10 0.765766 0.011617 * 8  11   1   4   6   3   9  10 
8 10 0.671288 0.011617 * 8  11   1   4   6   3  10   0 
8 10 0.671974 0.014558 * 8  11   1   4   7   9  10   0 
8 10 0.798398 0.014558 * 8  11   1   5   6   3   9  10 
8 10 0.703920 0.014558 * 8  11   1   5   6   3  10   0 
9 10 0.101390 0.011986 * 9  10 
11 10 0.650646 0.004417 * 11   1   4   6   3   9  10 
11 10 0.556168 0.004417 * 11   1   4   6   3  10   0 
11 10 0.556855 0.005906 * 11   1   4   7   9  10   0 
11 10 0.683279 0.009789 * 11   1   5   6   3   9  10 
11 10 0.588800 0.009789 * 11   1   5   6   3  10   0 
1 11 0.137266 0.847632 * 1  11 
2 11 0.228703 0.249075 * 2   8  11 
3 11 0.491276 0.052523 * 3   6   4   1  11   0 
3 11 0.466125 0.049065 * 3   6   5   1  11   0 
3 11 0.569980 0.015287 * 3   6   5   2   8  11 
4 11 0.264287 0.147572 * 4   1  11 
5 11 0.245692 0.271272 * 5   1  11   0 
5 11 0.349546 0.034061 * 5   2   8  11 
6 11 0.381382 0.025558 * 6   4   1  11   0 
6 11 0.356232 0.023875 * 6   5   1  11   0 
6 11 0.460087 0.007439 * 6   5   2   8  11 
7 11 0.386488 0.341082 * 7   4   1  11 
8 11 0.115120 0.644399 * 8  11 
9 11 0.592979 0.007242 * 9   3   6   4   1  11   0 
9 11 0.567829 0.007242 * 9   3   6   5   1  11   0 
9 11 0.671684 0.007064 * 9   3   6   5   2   8  11 
9 11 0.488908 0.005316 * 9   7   4   1  11   0   0 
10 11 0.597092 0.047411 * 10   3   6   4   1  11   0   0 
10 11 0.571942 0.047411 * 10   3   6   5   1  11   0   0 
10 11 0.675797 0.020213 * 10   3   6   5   2   8  11   0 
10 11 0.694458 0.020720 * 10   9   3   6   4   1  11   0 
10 11 0.669307 0.020720 * 10   9   3   6   5   1  11   0 
10 11 0.773162 0.020213 * 10   9   3   6   5   2   8  11 
10 11 0.590386 0.015211 * 10   9   7   4   1  11   0   0 
