2 1 0.252152 0.079807 * 2  5  1  0 
2 1 0.348758 0.009527 * 2   8  11   1 
3 1 0.353281 0.015998 * 3  6  4  1 
3 1 0.330494 0.012222 * 3  6  5  1 
4 1 0.122808 0.011592 * 4  1 
5 1 0.108709 0.104516 * 5  1 
6 1 0.241361 0.007157 * 6  4  1 
6 1 0.218573 0.005468 * 6  5  1 
7 1 0.239122 0.092063 * 7  4  1 
8 1 0.233001 0.079744 * 8  11   1 
9 1 0.454805 0.006032 * 9  3  6  4  1 
9 1 0.432018 0.006032 * 9  3  6  5  1 
9 1 0.342256 0.003939 * 9  7  4  1  0 
10 1 0.459434 0.015308 * 10   3   6   4   1   0 
10 1 0.436647 0.015308 * 10   3   6   5   1   0 
10 1 0.556605 0.008737 * 10   9   3   6   4   1 
10 1 0.533818 0.008737 * 10   9   3   6   5   1 
10 1 0.444056 0.006248 * 10   9   7   4   1   0 
11 1 0.116984 0.450668 * 11   1 
1 2 0.223458 0.042755 * 1  5  2  0 
1 2 0.352650 0.042755 * 1  11   8   2 
3 2 0.335748 0.054353 * 3  6  5  2 
4 2 0.346266 0.024072 * 4  1  5  2  0 
4 2 0.475458 0.024072 * 4   1  11   8   2 
4 2 0.325110 0.009962 * 4  6  5  2  0 
5 2 0.113963 0.117275 * 5  2 
6 2 0.223827 0.040263 * 6  5  2 
7 2 0.462580 0.047161 * 7  4  1  5  2  0 
7 2 0.591772 0.047161 * 7   4   1  11   8   2 
7 2 0.441423 0.019517 * 7  4  6  5  2  0 
7 2 0.539566 0.008824 * 7  9  3  6  5  2 
8 2 0.104561 0.034168 * 8  2 
9 2 0.437271 0.015446 * 9  3  6  5  2 
10 2 0.441900 0.035576 * 10   3   6   5   2   0 
10 2 0.539071 0.012284 * 10   9   3   6   5   2 
11 2 0.216921 0.044566 * 11   8   2 
1 3 0.327455 0.008080 * 1  4  6  3  0 
1 3 0.437102 0.006216 * 1  4  7  9  3 
1 3 0.354791 0.012458 * 1  5  6  3  0 
2 3 0.388739 0.272566 * 2  5  6  3 
4 3 0.215397 0.016736 * 4  6  3  0 
4 3 0.325045 0.011814 * 4  7  9  3 
5 3 0.245296 0.038594 * 5  6  3 
6 3 0.114114 0.022031 * 6  3 
7 3 0.203818 0.027422 * 7  9  3 
8 3 0.493300 0.019715 * 8  2  5  6  3  0  0 
8 3 0.560456 0.011550 * 8  11   1   4   6   3   0 
8 3 0.670104 0.011550 * 8  11   1   4   7   9   3 
8 3 0.587792 0.011550 * 8  11   1   5   6   3   0 
9 3 0.101524 0.036441 * 9  3 
10 3 0.203324 0.011129 * 10   9   3 
10 3 0.106152 0.032229 * 10   3   0 
11 3 0.444438 0.011364 * 11   1   4   6   3   0 
11 3 0.554086 0.008743 * 11   1   4   7   9   3 
11 3 0.471775 0.017522 * 11   1   5   6   3   0 
1 4 0.112058 0.028344 * 1  4 
2 4 0.364210 0.054215 * 2  5  1  4  0 
2 4 0.393177 0.132647 * 2  5  6  4  0 
2 4 0.460816 0.005459 * 2   8  11   1   4 
3 4 0.230473 0.008362 * 3  6  4  0 
3 4 0.320791 0.000958 * 3  9  7  4 
5 4 0.220767 0.010008 * 5  1  4 
5 4 0.249734 0.024487 * 5  6  4 
6 4 0.118552 0.033238 * 6  4 
7 4 0.116314 0.240580 * 7  4 
8 4 0.345059 0.036253 * 8  11   1   4 
9 4 0.219448 0.007438 * 9  7  4 
10 4 0.336625 0.013310 * 10   3   6   4   0 
10 4 0.426944 0.002222 * 10   3   9   7   4 
10 4 0.321248 0.004749 * 10   9   7   4   0 
11 4 0.229042 0.020919 * 11   1   4 
1 5 0.109495 0.084697 * 1  5 
2 5 0.143443 0.655563 * 2  5 
3 5 0.221785 0.042539 * 3  6  5 
4 5 0.232303 0.016991 * 4  1  5 
4 5 0.211147 0.012074 * 4  6  5 
6 5 0.109865 0.071127 * 6  5 
7 5 0.348617 0.059315 * 7  4  1  5  0 
7 5 0.327461 0.042150 * 7  4  6  5  0 
7 5 0.425603 0.022846 * 7  9  3  6  5 
8 5 0.248004 0.100961 * 8  2  5  0 
8 5 0.342496 0.035877 * 8  11   1   5 
9 5 0.323309 0.032539 * 9  3  6  5 
10 5 0.327938 0.035503 * 10   3   6   5   0 
10 5 0.425109 0.012259 * 10   9   3   6   5 
11 5 0.226479 0.164236 * 11   1   5 
1 6 0.213340 0.006777 * 1  4  6 
1 6 0.240677 0.017826 * 1  5  6 
2 6 0.274625 0.192293 * 2  5  6 
3 6 0.111921 0.021007 * 3  6 
4 6 0.101282 0.019358 * 4  6 
5 6 0.131182 0.068170 * 5  6 
7 6 0.217596 0.020695 * 7  4  6  0 
7 6 0.315739 0.014609 * 7  9  3  6 
8 6 0.379186 0.032215 * 8  2  5  6  0 
8 6 0.446341 0.015800 * 8  11   1   4   6 
8 6 0.473678 0.015800 * 8  11   1   5   6 
9 6 0.213444 0.004280 * 9  3  6 
10 6 0.218073 0.020687 * 10   3   6   0 
10 6 0.315244 0.007143 * 10   9   3   6 
11 6 0.330324 0.014750 * 11   1   4   6 
11 6 0.357661 0.038798 * 11   1   5   6 
1 7 0.233284 0.092744 * 1  4  7 
2 7 0.485437 0.199564 * 2  5  1  4  7  0 
2 7 0.593217 0.059570 * 2  5  6  3  9  7 
2 7 0.514404 0.519754 * 2  5  6  4  7  0 
2 7 0.582042 0.019347 * 2   8  11   1   4   7 
3 7 0.204478 0.045159 * 3  9  7 
4 7 0.121226 0.044266 * 4  7 
5 7 0.341993 0.045847 * 5  1  4  7  0 
5 7 0.449774 0.013686 * 5  6  3  9  7 
5 7 0.370961 0.119407 * 5  6  4  7  0 
6 7 0.318592 0.004621 * 6  3  9  7 
6 7 0.239779 0.040317 * 6  4  7  0 
8 7 0.466285 0.269781 * 8  11   1   4   7 
9 7 0.103134 0.045537 * 9  7 
10 7 0.310630 0.030585 * 10   3   9   7 
10 7 0.204934 0.106125 * 10   9   7   0 
11 7 0.350268 0.287109 * 11   1   4   7 
1 8 0.339215 0.044022 * 1  5  2  8 
1 8 0.248089 0.171531 * 1  11   8   0 
2 8 0.115757 0.365895 * 2  8 
3 8 0.451505 0.085881 * 3  6  5  2  8 
4 8 0.462023 0.034877 * 4  1  5  2  8 
4 8 0.370897 0.123822 * 4   1  11   8   0 
4 8 0.440866 0.017970 * 4  6  5  2  8 
5 8 0.229719 0.300289 * 5  2  8 
6 8 0.339584 0.098002 * 6  5  2  8 
7 8 0.578337 0.076291 * 7  4  1  5  2  8 
7 8 0.487211 0.225974 * 7   4   1  11   8   0 
7 8 0.557180 0.039307 * 7  4  6  5  2  8 
9 8 0.553028 0.001892 * 9  3  6  5  2  8  0 
9 8 0.681471 0.012217 * 9  7  4  1  5  2  8 
9 8 0.590345 0.012217 * 9   7   4   1  11   8   0 
9 8 0.660314 0.007596 * 9  7  4  6  5  2  8 
10 8 0.557657 0.019777 * 10   3   6   5   2   8   0   0 
10 8 0.654828 0.008771 * 10   9   3   6   5   2   8   0 
10 8 0.783271 0.050930 * 10   9   7   4   1   5   2   8 
10 8 0.692145 0.050930 * 10   9   7   4   1  11   8   0 
10 8 0.762114 0.035217 * 10   9   7   4   6   5   2   8 
11 8 0.112360 0.321672 * 11   8 
1 9 0.428798 0.000539 * 1  4  6  3  9 
1 9 0.335579 0.003824 * 1  4  7  9  0 
2 9 0.680950 0.004443 * 2  5  1  4  6  3  9 
2 9 0.587731 0.024515 * 2  5  1  4  7  9  0 
2 9 0.490083 0.010429 * 2  5  6  3  9  0  0 
3 9 0.101343 0.031691 * 3  9 
4 9 0.316740 0.000655 * 4  6  3  9 
4 9 0.223521 0.004649 * 4  7  9  0 
5 9 0.537507 0.001482 * 5  1  4  6  3  9 
5 9 0.444288 0.008175 * 5  1  4  7  9  0 
5 9 0.346640 0.003478 * 5  6  3  9  0  0 
6 9 0.215458 0.003192 * 6  3  9 
7 9 0.102295 0.039834 * 7  9 
8 9 0.785511 0.002665 * 8  2  5  1  4  6  3  9 
8 9 0.692292 0.002665 * 8  2  5  1  4  7  9  0 
8 9 0.594644 0.002665 * 8  2  5  6  3  9  0  0 
8 9 0.661799 0.000870 * 8  11   1   4   6   3   9   0 
8 9 0.568580 0.000870 * 8  11   1   4   7   9   0   0 
10 9 0.207496 0.003609 * 10   3   9 
10 9 0.101800 0.012522 * 10   9   0 
11 9 0.545782 0.003272 * 11   1   4   6   3   9 
11 9 0.452563 0.004273 * 11   1   4   7   9   0 
1 10 0.530242 0.011208 * 1   4   6   3   9  10 
1 10 0.435274 0.011208 * 1   4   6   3  10   0 
1 10 0.437022 0.013161 * 1   4   7   9  10   0 
1 10 0.557578 0.025792 * 1   5   6   3   9  10 
1 10 0.462611 0.025792 * 1   5   6   3  10   0 
2 10 0.591527 0.081004 * 2   5   6   3   9  10 
2 10 0.496559 0.350441 * 2   5   6   3  10   0 
3 10 0.202787 0.004183 * 3   9  10 
3 10 0.107819 0.021086 * 3  10   0 
4 10 0.418184 0.003305 * 4   6   3   9  10 
4 10 0.323216 0.003305 * 4   6   3  10   0 
4 10 0.324965 0.003881 * 4   7   9  10   0 
5 10 0.448083 0.004439 * 5   6   3   9  10 
5 10 0.353116 0.022377 * 5   6   3  10   0 
6 10 0.316901 0.002684 * 6   3   9  10 
6 10 0.221934 0.013529 * 6   3  10   0 
7 10 0.203738 0.119965 * 7   9  10 
8 10 0.696088 0.019742 * 8   2   5   6   3   9  10   0 
8 10 0.601120 0.019742 * 8   2   5   6   3  10   0   0 
8 10 0.763243 0.012256 * 8  11   1   4   6   3   9  10 
8 10 0.668275 0.012256 * 8  11   1   4   6   3  10   0 
8 10 0.670024 0.012814 * 8  11   1   4   7   9  10   0 
8 10 0.790580 0.012814 * 8  11   1   5   6   3   9  10 
8 10 0.695612 0.012814 * 8  11   1   5   6   3  10   0 
9 10 0.101444 0.012040 * 9  10 
11 10 0.647226 0.004904 * 11   1   4   6   3   9  10 
11 10 0.552258 0.004904 * 11   1   4   6   3  10   0 
11 10 0.554006 0.005759 * 11   1   4   7   9  10   0 
11 10 0.674562 0.009531 * 11   1   5   6   3   9  10 
11 10 0.579595 0.009531 * 11   1   5   6   3  10   0 
1 11 0.135729 0.650054 * 1  11 
2 11 0.231774 0.311590 * 2   8  11 
3 11 0.489010 0.099947 * 3   6   4   1  11   0 
3 11 0.466223 0.085470 * 3   6   5   1  11   0 
3 11 0.567522 0.020213 * 3   6   5   2   8  11 
4 11 0.258537 0.144300 * 4   1  11 
5 11 0.244437 0.226923 * 5   1  11   0 
5 11 0.345737 0.027090 * 5   2   8  11 
6 11 0.377089 0.028505 * 6   4   1  11   0 
6 11 0.354302 0.024376 * 6   5   1  11   0 
6 11 0.455601 0.005765 * 6   5   2   8  11 
7 11 0.374850 0.359437 * 7   4   1  11 
8 11 0.116017 0.673476 * 8  11 
9 11 0.590533 0.008339 * 9   3   6   4   1  11   0 
9 11 0.567746 0.008339 * 9   3   6   5   1  11   0 
9 11 0.669045 0.006698 * 9   3   6   5   2   8  11 
9 11 0.477985 0.005177 * 9   7   4   1  11   0   0 
10 11 0.595162 0.048900 * 10   3   6   4   1  11   0   0 
10 11 0.572375 0.048900 * 10   3   6   5   1  11   0   0 
10 11 0.673674 0.019016 * 10   3   6   5   2   8  11   0 
10 11 0.692333 0.023675 * 10   9   3   6   4   1  11   0 
10 11 0.669546 0.023675 * 10   9   3   6   5   1  11   0 
10 11 0.770846 0.019016 * 10   9   3   6   5   2   8  11 
10 11 0.579785 0.014698 * 10   9   7   4   1  11   0   0 
