2  5  1  0 
0.088113
2   8  11   1 
0.010824
3  6  4  1 
0.017618
3  6  5  1 
0.012492
4  1 
0.083712
5  1 
0.101644
6  4  1 
0.018389
6  5  1 
0.013038
7  4  1 
0.106270
8  11   1 
0.094319
9  3  6  4  1 
0.007954
9  3  6  5  1 
0.007954
9  7  4  1  0 
0.004617
10   3   6   4   1   0 
0.012615
10   3   6   5   1   0 
0.012615
10   9   3   6   4   1 
0.006414
10   9   3   6   5   1 
0.006414
10   9   7   4   1   0 
0.005638
11   1 
0.402494
1  5  2  0 
0.055462
1  11   8   2 
0.055462
3  6  5  2 
0.085240
4  1  5  2  0 
0.013060
4   1  11   8   2 
0.013060
4  6  5  2  0 
0.004844
5  2 
0.137125
6  5  2 
0.059605
7  4  1  5  2  0 
0.064476
7   4   1  11   8   2 
0.064476
7  4  6  5  2  0 
0.023916
7  9  3  6  5  2 
0.010526
8  2 
0.029565
9  3  6  5  2 
0.012852
10   3   6   5   2   0 
0.035646
10   9   3   6   5   2 
0.011468
11   8   2 
0.100307
1  4  6  3  0 
0.012720
1  4  7  9  3 
0.006804
1  5  6  3  0 
0.021820
2  5  6  3 
0.201567
4  6  3  0 
0.018251
4  7  9  3 
0.009763
5  6  3 
0.045382
6  3 
0.062325
7  9  3 
0.129536
8  2  5  6  3  0  0 
0.017466
8  11   1   4   6   3   0 
0.010679
8  11   1   4   7   9   3 
0.010679
8  11   1   5   6   3   0 
0.010679
9  3 
0.088814
10   9   3 
0.021202
10   3   0 
0.065901
11   1   4   6   3   0 
0.032047
11   1   4   7   9   3 
0.017143
11   1   5   6   3   0 
0.054972
1  4 
0.033565
2  5  1  4  0 
0.039546
2  5  6  4  0 
0.095105
2   8  11   1   4 
0.003748
3  6  4  0 
0.013180
3  9  7  4 
0.001197
5  1  4 
0.011621
5  6  4 
0.027948
6  4 
0.020843
7  4 
0.379485
8  11   1   4 
0.037613
9  7  4 
0.019176
10   3   6   4   0 
0.021793
10   3   9   7   4 
0.002900
10   9   7   4   0 
0.006376
11   1   4 
0.028385
1  5 
0.069109
2  5 
0.578266
3  6  5 
0.044393
4  1  5 
0.022591
4  6  5 
0.015529
6  5 
0.065452
7  4  1  5  0 
0.054272
7  4  6  5  0 
0.037308
7  9  3  6  5 
0.013856
8  2  5  0 
0.083943
8  11   1   5 
0.031705
9  3  6  5 
0.030771
10   3   6   5   0 
0.038686
10   9   3   6   5 
0.012447
11   1   5 
0.180490
1  4  6 
0.006745
1  5  6 
0.016731
2  5  6 
0.210605
3  6 
0.052361
4  6 
0.020948
5  6 
0.059123
7  4  6  0 
0.043203
7  9  3  6 
0.023110
8  2  5  6  0 
0.033384
8  11   1   4   6 
0.017692
8  11   1   5   6 
0.017692
9  3  6 
0.005888
10   3   6   0 
0.018646
10   9   3   6 
0.005999
11   1   4   6 
0.017448
11   1   5   6 
0.043280
1  4  7 
0.078231
2  5  1  4  7  0 
0.172189
2  5  6  3  9  7 
0.042253
2  5  6  4  7  0 
0.430130
2   8  11   1   4   7 
0.014583
3  9  7 
0.040470
4  7 
0.179526
5  1  4  7  0 
0.074238
5  6  3  9  7 
0.018217
5  6  4  7  0 
0.194752
6  3  9  7 
0.006890
6  4  7  0 
0.075867
8  11   1   4   7 
0.321325
9  7 
0.036204
10   3   9   7 
0.039589
10   9   7   0 
0.139123
11   1   4   7 
0.348995
1  5  2  8 
0.032301
1  11   8   0 
0.140071
2  8 
0.358914
3  6  5  2  8 
0.108304
4  1  5  2  8 
0.035453
4   1  11   8   0 
0.150976
4  6  5  2  8 
0.019448
5  2  8 
0.297002
6  5  2  8 
0.161832
7  4  1  5  2  8 
0.084145
7   4   1  11   8   0 
0.296151
7  4  6  5  2  8 
0.046158
9  3  6  5  2  8  0 
0.003332
9  7  4  1  5  2  8 
0.019910
9   7   4   1  11   8   0 
0.019910
9  7  4  6  5  2  8 
0.012809
10   3   6   5   2   8   0   0 
0.018907
10   9   3   6   5   2   8   0 
0.009381
10   9   7   4   1   5   2   8 
0.042428
10   9   7   4   1  11   8   0 
0.042428
10   9   7   4   6   5   2   8 
0.036059
11   8 
0.364437
1  4  6  3  9 
0.000599
1  4  7  9  0 
0.003497
2  5  1  4  6  3  9 
0.004395
2  5  1  4  7  9  0 
0.015877
2  5  6  3  9  0  0 
0.008118
3  9 
0.055803
4  6  3  9 
0.001109
4  7  9  0 
0.006478
5  1  4  6  3  9 
0.002024
5  1  4  7  9  0 
0.007313
5  6  3  9  0  0 
0.003739
6  3  9 
0.005345
7  9 
0.056895
8  2  5  1  4  6  3  9 
0.003450
8  2  5  1  4  7  9  0 
0.003565
8  2  5  6  3  9  0  0 
0.003565
8  11   1   4   6   3   9   0 
0.001257
8  11   1   4   7   9   0   0 
0.001257
10   3   9 
0.002177
10   9   0 
0.007652
11   1   4   6   3   9 
0.005084
11   1   4   7   9   0 
0.010082
1   4   6   3   9  10 
0.012647
1   4   6   3  10   0 
0.012647
1   4   7   9  10   0 
0.014730
1   5   6   3   9  10 
0.026662
1   5   6   3  10   0 
0.026662
2   5   6   3   9  10 
0.078533
2   5   6   3  10   0 
0.241091
3   9  10 
0.006228
3  10   0 
0.025015
4   6   3   9  10 
0.004532
4   6   3  10   0 
0.004532
4   7   9  10   0 
0.005279
5   6   3   9  10 
0.007812
5   6   3  10   0 
0.031375
6   3   9  10 
0.005225
6   3  10   0 
0.020986
7   9  10 
0.135523
8   2   5   6   3   9  10   0 
0.015181
8   2   5   6   3  10   0   0 
0.015181
8  11   1   4   6   3   9  10 
0.010737
8  11   1   4   6   3  10   0 
0.010737
8  11   1   4   7   9  10   0 
0.010737
8  11   1   5   6   3   9  10 
0.010737
8  11   1   5   6   3  10   0 
0.010737
9  10 
0.031159
11   1   4   6   3   9  10 
0.006754
11   1   4   6   3  10   0 
0.006754
11   1   4   7   9  10   0 
0.007866
11   1   5   6   3   9  10 
0.012385
11   1   5   6   3  10   0 
0.012385
1  11 
0.664051
2   8  11 
0.410099
3   6   4   1  11   0 
0.104393
3   6   5   1  11   0 
0.083109
3   6   5   2   8  11 
0.019567
4   1  11 
0.198745
5   1  11   0 
0.224426
5   2   8  11 
0.027569
6   4   1  11   0 
0.042397
6   5   1  11   0 
0.033754
6   5   2   8  11 
0.007947
7   4   1  11 
0.389162
8  11 
0.961948
9   3   6   4   1  11   0 
0.010626
9   3   6   5   1  11   0 
0.010626
9   3   6   5   2   8  11 
0.008231
9   7   4   1  11   0   0 
0.005868
10   3   6   4   1  11   0   0 
0.050832
10   3   6   5   1  11   0   0 
0.050832
10   3   6   5   2   8  11   0 
0.019270
10   9   3   6   4   1  11   0 
0.024876
10   9   3   6   5   1  11   0 
0.024876
10   9   3   6   5   2   8  11 
0.019270
10   9   7   4   1  11   0   0 
0.013737
