2 1 2 0.116881 * 2  5  1 
3 1 3 0.009382 * 3  6  4  1 
3 1 3 0.009382 * 3  6  5  1 
4 1 1 0.024149 * 4  1 
5 1 1 0.114098 * 5  1 
6 1 2 0.013085 * 6  4  1 
6 1 2 0.013085 * 6  5  1 
7 1 2 0.112679 * 7  4  1 
8 1 2 0.058392 * 8  11   1 
9 1 3 0.018046 * 9  7  4  1 
10 1 4 0.018525 * 10   3   6   4   1 
10 1 4 0.018525 * 10   3   6   5   1 
10 1 4 0.018525 * 10   9   7   4   1 
11 1 1 0.427407 * 11   1 
1 2 2 0.078284 * 1  5  2 
3 2 3 0.092496 * 3  6  5  2 
4 2 3 0.029712 * 4  1  5  2 
4 2 3 0.029712 * 4  6  5  2 
5 2 1 0.142284 * 5  2 
6 2 2 0.050169 * 6  5  2 
7 2 4 0.042672 * 7  4  1  5  2 
7 2 4 0.042672 * 7  4  6  5  2 
8 2 1 0.030701 * 8  2 
9 2 4 0.010832 * 9  3  6  5  2 
10 2 4 0.039917 * 10   3   6   5   2 
11 2 2 0.048219 * 11   8   2 
1 3 3 0.018715 * 1  4  6  3 
1 3 3 0.018715 * 1  5  6  3 
2 3 3 0.249043 * 2  5  6  3 
4 3 2 0.025399 * 4  6  3 
5 3 2 0.055345 * 5  6  3 
6 3 1 0.078730 * 6  3 
7 3 2 0.047838 * 7  9  3 
8 3 4 0.046203 * 8  2  5  6  3 
9 3 1 0.074274 * 9  3 
10 3 1 0.068758 * 10   3 
11 3 4 0.045897 * 11   1   4   6   3 
11 3 4 0.045897 * 11   1   5   6   3 
1 4 1 0.021390 * 1  4 
2 4 3 0.064167 * 2  5  1  4 
2 4 3 0.064167 * 2  5  6  4 
3 4 2 0.023340 * 3  6  4 
5 4 2 0.021349 * 5  1  4 
5 4 2 0.021349 * 5  6  4 
6 4 1 0.011655 * 6  4 
7 4 1 0.376358 * 7  4 
8 4 3 0.033038 * 8  11   1   4 
9 4 2 0.015087 * 9  7  4 
10 4 3 0.010995 * 10   3   6   4 
10 4 3 0.010995 * 10   9   7   4 
11 4 2 0.025855 * 11   1   4 
1 5 1 0.074659 * 1  5 
2 5 1 0.553533 * 2  5 
3 5 2 0.062040 * 3  6  5 
4 5 2 0.023084 * 4  1  5 
4 5 2 0.023084 * 4  6  5 
6 5 1 0.059230 * 6  5 
7 5 3 0.042581 * 7  4  1  5 
7 5 3 0.042581 * 7  4  6  5 
8 5 2 0.148795 * 8  2  5 
9 5 3 0.039716 * 9  3  6  5 
10 5 3 0.078551 * 10   3   6   5 
11 5 2 0.162800 * 11   1   5 
1 6 2 0.014843 * 1  4  6 
1 6 2 0.014843 * 1  5  6 
2 6 2 0.192504 * 2  5  6 
3 6 1 0.025417 * 3  6 
4 6 1 0.017494 * 4  6 
5 6 1 0.087857 * 5  6 
7 6 2 0.032107 * 7  4  6 
8 6 3 0.056589 * 8  2  5  6 
9 6 2 0.004369 * 9  3  6 
10 6 2 0.031582 * 10   3   6 
11 6 3 0.025718 * 11   1   4   6 
11 6 3 0.025718 * 11   1   5   6 
1 7 2 0.066737 * 1  4  7 
2 7 4 0.391561 * 2  5  1  4  7 
2 7 4 0.391561 * 2  5  6  4  7 
3 7 2 0.036744 * 3  9  7 
4 7 1 0.152805 * 4  7 
5 7 3 0.101871 * 5  1  4  7 
5 7 3 0.101871 * 5  6  4  7 
6 7 2 0.064063 * 6  4  7 
8 7 4 0.322903 * 8  11   1   4   7 
9 7 1 0.055600 * 9  7 
10 7 2 0.148901 * 10   9   7 
11 7 3 0.358388 * 11   1   4   7 
1 8 2 0.168742 * 1  11   8 
2 8 1 0.363269 * 2  8 
3 8 4 0.117514 * 3  6  5  2  8 
4 8 3 0.170623 * 4   1  11   8 
5 8 2 0.230246 * 5  2  8 
6 8 3 0.118379 * 6  5  2  8 
7 8 4 0.371122 * 7   4   1  11   8 
9 8 5 0.028820 * 9  3  6  5  2  8 
9 8 5 0.028820 * 9   7   4   1  11   8 
10 8 5 0.149700 * 10   3   6   5   2   8 
11 8 1 0.358270 * 11   8 
1 9 3 0.003650 * 1  4  7  9 
2 9 4 0.033262 * 2  5  6  3  9 
3 9 1 0.100757 * 3  9 
4 9 2 0.006216 * 4  7  9 
5 9 3 0.013172 * 5  6  3  9 
6 9 2 0.003778 * 6  3  9 
7 9 1 0.044897 * 7  9 
8 9 5 0.005756 * 8  2  5  6  3  9 
8 9 5 0.005756 * 8  11   1   4   7   9 
10 9 1 0.032635 * 10   9 
11 9 4 0.011800 * 11   1   4   7   9 
1 10 4 0.011329 * 1   4   6   3  10 
1 10 4 0.011329 * 1   4   7   9  10 
1 10 4 0.018984 * 1   5   6   3  10 
2 10 4 0.390605 * 2   5   6   3  10 
3 10 1 0.029458 * 3  10 
4 10 3 0.004563 * 4   6   3  10 
4 10 3 0.004563 * 4   7   9  10 
5 10 3 0.028146 * 5   6   3  10 
6 10 2 0.019097 * 6   3  10 
7 10 2 0.124021 * 7   9  10 
8 10 5 0.115824 * 8   2   5   6   3  10 
9 10 1 0.020661 * 9  10 
11 10 5 0.014323 * 11   1   4   6   3  10 
11 10 5 0.014323 * 11   1   4   7   9  10 
11 10 5 0.024000 * 11   1   5   6   3  10 
1 11 1 0.547366 * 1  11 
2 11 2 0.410416 * 2   8  11 
3 11 4 0.092483 * 3   6   4   1  11 
3 11 4 0.092483 * 3   6   5   1  11 
4 11 2 0.084208 * 4   1  11 
5 11 2 0.224622 * 5   1  11 
6 11 3 0.041758 * 6   4   1  11 
6 11 3 0.041758 * 6   5   1  11 
7 11 3 0.338772 * 7   4   1  11 
8 11 1 0.714536 * 8  11 
9 11 4 0.017295 * 9   7   4   1  11 
10 11 5 0.060745 * 10   3   6   4   1  11 
10 11 5 0.060745 * 10   3   6   5   1  11 
10 11 5 0.060745 * 10   9   7   4   1  11 
