2  5  1 
0.082681
3  6  4  1 
0.012544
3  6  5  1 
0.012544
4  1 
0.023330
5  1 
0.078543
6  4  1 
0.009835
6  5  1 
0.009835
7  4  1 
0.115603
8  11   1 
0.065872
9  7  4  1 
0.015330
10   3   6   4   1 
0.016891
10   3   6   5   1 
0.016891
10   9   7   4   1 
0.016891
11   1 
0.377973
1  5  2 
0.079052
3  6  5  2 
0.097685
4  1  5  2 
0.013552
4  6  5  2 
0.013552
5  2 
0.141938
6  5  2 
0.054202
7  4  1  5  2 
0.051644
7  4  6  5  2 
0.051644
8  2 
0.031542
9  3  6  5  2 
0.012040
10   3   6   5   2 
0.045292
11   8   2 
0.047222
1  4  6  3 
0.017689
1  5  6  3 
0.017689
2  5  6  3 
0.253368
4  6  3 
0.037265
5  6  3 
0.045196
6  3 
0.104933
7  9  3 
0.103302
8  2  5  6  3 
0.035945
9  3 
0.081574
10   3 
0.078411
11   1   4   6   3 
0.038988
11   1   5   6   3 
0.038988
1  4 
0.027403
2  5  1  4 
0.076310
2  5  6  4 
0.076310
3  6  4 
0.023115
5  1  4 
0.017850
5  6  4 
0.017850
6  4 
0.017149
7  4 
0.220423
8  11   1   4 
0.032447
9  7  4 
0.015546
10   3   6   4 
0.013854
10   9   7   4 
0.013854
11   1   4 
0.027214
1  5 
0.064606
2  5 
0.559366
3  6  5 
0.099450
4  1  5 
0.020198
4  6  5 
0.020198
6  5 
0.061349
7  4  1  5 
0.044316
7  4  6  5 
0.044316
8  2  5 
0.127535
9  3  6  5 
0.039936
10   3   6   5 
0.083295
11   1   5 
0.175903
1  4  6 
0.008738
1  5  6 
0.008738
2  5  6 
0.193133
3  6 
0.035400
4  6 
0.017489
5  6 
0.073853
7  4  6 
0.034967
8  2  5  6 
0.056825
9  3  6 
0.005104
10   3   6 
0.029651
11   1   4   6 
0.029818
11   1   5   6 
0.029818
1  4  7 
0.084109
2  5  1  4  7 
0.361126
2  5  6  4  7 
0.361126
3  9  7 
0.049541
4  7 
0.061161
5  1  4  7 
0.110582
5  6  4  7 
0.110582
6  4  7 
0.066311
8  11   1   4   7 
0.323988
9  7 
0.034884
10   9   7 
0.161694
11   1   4   7 
0.316251
1  11   8 
0.191817
2  8 
0.367793
3  6  5  2  8 
0.129649
4   1  11   8 
0.195231
5  2  8 
0.264958
6  5  2  8 
0.114984
7   4   1  11   8 
0.387842
9  3  6  5  2  8 
0.025856
9   7   4   1  11   8 
0.025856
10   3   6   5   2   8 
0.162983
11   8 
0.360724
1  4  7  9 
0.004482
2  5  6  3  9 
0.035757
3  9 
0.073582
4  7  9 
0.007179
5  6  3  9 
0.012917
6  3  9 
0.002541
7  9 
0.058815
8  2  5  6  3  9 
0.014794
8  11   1   4   7   9 
0.014794
10   9 
0.031711
11   1   4   7   9 
0.014385
1   4   6   3  10 
0.011014
1   4   7   9  10 
0.011014
1   5   6   3  10 
0.017456
2   5   6   3  10 
0.383657
3  10 
0.028899
4   6   3  10 
0.005961
4   7   9  10 
0.005961
5   6   3  10 
0.025727
6   3  10 
0.017419
7   9  10 
0.118720
8   2   5   6   3  10 
0.112310
9  10 
0.022720
11   1   4   6   3  10 
0.014378
11   1   4   7   9  10 
0.014378
11   1   5   6   3  10 
0.022786
1  11 
0.690069
2   8  11 
0.379091
3   6   4   1  11 
0.114217
3   6   5   1  11 
0.114217
4   1  11 
0.056905
5   1  11 
0.225508
6   4   1  11 
0.038310
6   5   1  11 
0.038310
7   4   1  11 
0.335355
8  11 
0.724064
9   7   4   1  11 
0.022415
10   3   6   4   1  11 
0.058578
10   3   6   5   1  11 
0.058578
10   9   7   4   1  11 
0.058578
