2  5  1  0 
0.060121
2   8  11   1 
0.008470
3  6  4  1 
0.005985
3  6  5  1 
0.004777
4  1 
0.007092
5  1 
0.086004
6  4  1 
0.008824
6  5  1 
0.007043
7  4  1 
0.103058
8  11   1 
0.077714
9  3  6  4  1 
0.011852
9  3  6  5  1 
0.011852
9  7  4  1  0 
0.009270
10   3   6   4   1   0 
0.009860
10   3   6   5   1   0 
0.009860
10   9   3   6   4   1 
0.007615
10   9   3   6   5   1 
0.007615
10   9   7   4   1   0 
0.007615
11   1 
0.587263
1  5  2  0 
0.031411
1  11   8   2 
0.031411
3  6  5  2 
0.066468
4  1  5  2  0 
0.033905
4   1  11   8   2 
0.033905
4  6  5  2  0 
0.016060
5  2 
0.088066
6  5  2 
0.033404
7  4  1  5  2  0 
0.036251
7   4   1  11   8   2 
0.036251
7  4  6  5  2  0 
0.019404
7  9  3  6  5  2 
0.008128
8  2 
0.029198
9  3  6  5  2 
0.007563
10   3   6   5   2   0 
0.027018
10   9   3   6   5   2 
0.011708
11   8   2 
0.048111
1  4  6  3  0 
0.010279
1  4  7  9  3 
0.008726
1  5  6  3  0 
0.018628
2  5  6  3 
0.263182
4  6  3  0 
0.011748
4  7  9  3 
0.009973
5  6  3 
0.024724
6  3 
0.018093
7  9  3 
0.030237
8  2  5  6  3  0  0 
0.018853
8  11   1   4   6   3   0 
0.013135
8  11   1   4   7   9   3 
0.013135
8  11   1   5   6   3   0 
0.013135
9  3 
0.036187
10   9   3 
0.017948
10   3   0 
0.041417
11   1   4   6   3   0 
0.010171
11   1   4   7   9   3 
0.008634
11   1   5   6   3   0 
0.018432
1  4 
0.027392
2  5  1  4  0 
0.044112
2  5  6  4  0 
0.111812
2   8  11   1   4 
0.004691
3  6  4  0 
0.006430
3  9  7  4 
0.000979
5  1  4 
0.014188
5  6  4 
0.035961
6  4 
0.010026
7  4 
0.255227
8  11   1   4 
0.028876
9  7  4 
0.008262
10   3   6   4   0 
0.005056
10   3   9   7   4 
0.001489
10   9   7   4   0 
0.002674
11   1   4 
0.021311
1  5 
0.055072
2  5 
0.617697
3  6  5 
0.036478
4  1  5 
0.015085
4  6  5 
0.010830
6  5 
0.040991
7  4  1  5  0 
0.040463
7  4  6  5  0 
0.029049
7  9  3  6  5 
0.017574
8  2  5  0 
0.092453
8  11   1   5 
0.038895
9  3  6  5 
0.033687
10   3   6   5   0 
0.028113
10   9   3   6   5 
0.012183
11   1   5 
0.129875
1  4  6 
0.011116
1  5  6 
0.031325
2  5  6 
0.235687
3  6 
0.018458
4  6 
0.015982
5  6 
0.045700
7  4  6  0 
0.013873
7  9  3  6 
0.011776
8  2  5  6  0 
0.019085
8  11   1   4   6 
0.010878
8  11   1   5   6 
0.010878
9  3  6 
0.003989
10   3   6   0 
0.018356
10   9   3   6 
0.007955
11   1   4   6 
0.021502
11   1   5   6 
0.056300
1  4  7 
0.094658
2  5  1  4  7  0 
0.174546
2  5  6  3  9  7 
0.070601
2  5  6  4  7  0 
0.463838
2   8  11   1   4   7 
0.019714
3  9  7 
0.015491
4  7 
0.039198
5  1  4  7  0 
0.042832
5  6  3  9  7 
0.017325
5  6  4  7  0 
0.113821
6  3  9  7 
0.004179
6  4  7  0 
0.027456
8  11   1   4   7 
0.261341
9  7 
0.024266
10   3   9   7 
0.024597
10   9   7   0 
0.098486
11   1   4   7 
0.269260
1  5  2  8 
0.044199
1  11   8   0 
0.165366
2  8 
0.304469
3  6  5  2  8 
0.089459
4  1  5  2  8 
0.039390
4   1  11   8   0 
0.128011
4  6  5  2  8 
0.019383
5  2  8 
0.298707
6  5  2  8 
0.093885
7  4  1  5  2  8 
0.060958
7   4   1  11   8   0 
0.147062
7  4  6  5  2  8 
0.029996
9  3  6  5  2  8  0 
0.001114
9  7  4  1  5  2  8 
0.008554
9   7   4   1  11   8   0 
0.008554
9  7  4  6  5  2  8 
0.005859
10   3   6   5   2   8   0   0 
0.009529
10   9   3   6   5   2   8   0 
0.005234
10   9   7   4   1   5   2   8 
0.035833
10   9   7   4   1  11   8   0 
0.035833
10   9   7   4   6   5   2   8 
0.027522
11   8 
0.291683
1  4  6  3  9 
0.000535
1  4  7  9  0 
0.004196
2  5  1  4  6  3  9 
0.004352
2  5  1  4  7  9  0 
0.027148
2  5  6  3  9  0  0 
0.010839
3  9 
0.024739
4  6  3  9 
0.000328
4  7  9  0 
0.002574
5  1  4  6  3  9 
0.001640
5  1  4  7  9  0 
0.010234
5  6  3  9  0  0 
0.004086
6  3  9 
0.002281
7  9 
0.031449
8  2  5  1  4  6  3  9 
0.004822
8  2  5  1  4  7  9  0 
0.014315
8  2  5  6  3  9  0  0 
0.012010
8  11   1   4   6   3   9   0 
0.004822
8  11   1   4   7   9   0   0 
0.005392
10   3   9 
0.002294
10   9   0 
0.009186
11   1   4   6   3   9 
0.002599
11   1   4   7   9   0 
0.004809
1   4   6   3   9  10 
0.010260
1   4   6   3  10   0 
0.010260
1   4   7   9  10   0 
0.012136
1   5   6   3   9  10 
0.025914
1   5   6   3  10   0 
0.025914
2   5   6   3   9  10 
0.083159
2   5   6   3  10   0 
0.385530
3   9  10 
0.002643
3  10   0 
0.014882
4   6   3   9  10 
0.002874
4   6   3  10   0 
0.002874
4   7   9  10   0 
0.003399
5   6   3   9  10 
0.008410
5   6   3  10   0 
0.047355
6   3   9  10 
0.002332
6   3  10   0 
0.013131
7   9  10 
0.098878
8   2   5   6   3   9  10   0 
0.022373
8   2   5   6   3  10   0   0 
0.022373
8  11   1   4   6   3   9  10 
0.013156
8  11   1   4   6   3  10   0 
0.013156
8  11   1   4   7   9  10   0 
0.015562
8  11   1   5   6   3   9  10 
0.016703
8  11   1   5   6   3  10   0 
0.016703
9  10 
0.014325
11   1   4   6   3   9  10 
0.005692
11   1   4   6   3  10   0 
0.005692
11   1   4   7   9  10   0 
0.006733
11   1   5   6   3   9  10 
0.013613
11   1   5   6   3  10   0 
0.013613
1  11 
0.620475
2   8  11 
0.301792
3   6   4   1  11   0 
0.063579
3   6   5   1  11   0 
0.057896
3   6   5   2   8  11 
0.018366
4   1  11 
0.109805
5   1  11   0 
0.223006
5   2   8  11 
0.031417
6   4   1  11   0 
0.025865
6   5   1  11   0 
0.023553
6   5   2   8  11 
0.007472
7   4   1  11 
0.331240
8  11 
0.648355
9   3   6   4   1  11   0 
0.005318
9   3   6   5   1  11   0 
0.005318
9   3   6   5   2   8  11 
0.005318
9   7   4   1  11   0   0 
0.003914
10   3   6   4   1  11   0   0 
0.034781
10   3   6   5   1  11   0   0 
0.034781
10   3   6   5   2   8  11   0 
0.019421
10   9   3   6   4   1  11   0 
0.019393
10   9   3   6   5   1  11   0 
0.019393
10   9   3   6   5   2   8  11 
0.019393
10   9   7   4   1  11   0   0 
0.014274
