2  5  1 
0.061518
3  6  4  1 
0.007261
3  6  5  1 
0.007261
4  1 
0.086411
5  1 
0.081078
6  4  1 
0.009804
6  5  1 
0.009804
7  4  1 
0.091416
8  11   1 
0.082322
9  7  4  1 
0.017167
10   3   6   4   1 
0.020891
10   3   6   5   1 
0.020891
10   9   7   4   1 
0.020891
11   1 
0.440301
1  5  2 
0.055604
3  6  5  2 
0.079095
4  1  5  2 
0.013208
4  6  5  2 
0.013208
5  2 
0.132941
6  5  2 
0.045040
7  4  1  5  2 
0.042444
7  4  6  5  2 
0.042444
8  2 
0.053729
9  3  6  5  2 
0.014405
10   3   6   5   2 
0.049000
11   8   2 
0.062292
1  4  6  3 
0.014687
1  5  6  3 
0.014687
2  5  6  3 
0.234184
4  6  3 
0.019604
5  6  3 
0.036222
6  3 
0.074485
7  9  3 
0.050462
8  2  5  6  3 
0.064508
9  3 
0.072013
10   3 
0.088258
11   1   4   6   3 
0.033076
11   1   5   6   3 
0.033076
1  4 
0.025749
2  5  1  4 
0.084113
2  5  6  4 
0.084113
3  6  4 
0.010982
5  1  4 
0.018698
5  6  4 
0.018698
6  4 
0.024325
7  4 
0.241036
8  11   1   4 
0.044353
9  7  4 
0.004621
10   3   6   4 
0.019962
10   9   7   4 
0.019962
11   1   4 
0.021081
1  5 
0.082394
2  5 
0.576377
3  6  5 
0.059776
4  1  5 
0.016464
4  6  5 
0.016464
6  5 
0.061324
7  4  1  5 
0.063329
7  4  6  5 
0.063329
8  2  5 
0.122918
9  3  6  5 
0.038554
10   3   6   5 
0.050073
11   1   5 
0.225077
1  4  6 
0.007744
1  5  6 
0.007744
2  5  6 
0.194992
3  6 
0.024280
4  6 
0.020984
5  6 
0.122614
7  4  6 
0.032637
8  2  5  6 
0.062944
9  3  6 
0.005839
10   3   6 
0.026868
11   1   4   6 
0.025497
11   1   5   6 
0.025497
1  4  7 
0.078245
2  5  1  4  7 
0.423552
2  5  6  4  7 
0.423552
3  9  7 
0.041620
4  7 
0.053436
5  1  4  7 
0.117956
5  6  4  7 
0.117956
6  4  7 
0.064154
8  11   1   4   7 
0.349416
9  7 
0.042438
10   9   7 
0.155233
11   1   4   7 
0.303204
1  11   8 
0.198161
2  8 
0.418541
3  6  5  2  8 
0.104183
4   1  11   8 
0.186537
5  2  8 
0.259860
6  5  2  8 
0.119186
7   4   1  11   8 
0.390153
9  3  6  5  2  8 
0.025005
9   7   4   1  11   8 
0.025005
10   3   6   5   2   8 
0.144914
11   8 
0.290361
1  4  7  9 
0.002849
2  5  6  3  9 
0.036519
3  9 
0.043068
4  7  9 
0.004430
5  6  3  9 
0.007797
6  3  9 
0.004616
7  9 
0.036464
8  2  5  6  3  9 
0.013674
8  11   1   4   7   9 
0.013674
10   9 
0.014215
11   1   4   7   9 
0.013835
1   4   6   3  10 
0.023620
1   4   7   9  10 
0.023620
1   5   6   3  10 
0.041219
2   5   6   3  10 
0.392866
3  10 
0.031019
4   6   3  10 
0.004618
4   7   9  10 
0.004618
5   6   3  10 
0.026440
6   3  10 
0.018989
7   9  10 
0.141798
8   2   5   6   3  10 
0.118328
9  10 
0.016525
11   1   4   6   3  10 
0.012460
11   1   4   7   9  10 
0.012460
11   1   5   6   3  10 
0.013065
1  11 
0.638429
2   8  11 
0.377456
3   6   4   1  11 
0.102004
3   6   5   1  11 
0.102004
4   1  11 
0.092687
5   1  11 
0.254288
6   4   1  11 
0.037923
6   5   1  11 
0.037923
7   4   1  11 
0.324495
8  11 
0.704534
9   7   4   1  11 
0.027729
10   3   6   4   1  11 
0.062541
10   3   6   5   1  11 
0.062541
10   9   7   4   1  11 
0.062541
