2 1 0.249955 0.068073 * 2  5  1  0 
2 1 0.351651 0.007373 * 2   8  11   1 
3 1 0.352614 0.009562 * 3  6  4  1 
3 1 0.331193 0.007559 * 3  6  5  1 
4 1 0.122158 0.027343 * 4  1 
5 1 0.108931 0.090631 * 5  1 
6 1 0.240391 0.008446 * 6  4  1 
6 1 0.218971 0.006676 * 6  5  1 
7 1 0.239509 0.095788 * 7  4  1 
8 1 0.236340 0.078250 * 8  11   1 
9 1 0.454323 0.003631 * 9  3  6  4  1 
9 1 0.432903 0.003631 * 9  3  6  5  1 
9 1 0.343145 0.002609 * 9  7  4  1  0 
10 1 0.459110 0.016776 * 10   3   6   4   1   0 
10 1 0.437689 0.016776 * 10   3   6   5   1   0 
10 1 0.556250 0.008484 * 10   9   3   6   4   1 
10 1 0.534830 0.008484 * 10   9   3   6   5   1 
10 1 0.445072 0.006096 * 10   9   7   4   1   0 
11 1 0.119159 0.491993 * 11   1 
1 2 0.222129 0.035201 * 1  5  2  0 
1 2 0.350333 0.035201 * 1  11   8   2 
3 2 0.334991 0.074710 * 3  6  5  2 
4 2 0.344287 0.014741 * 4  1  5  2  0 
4 2 0.472491 0.014741 * 4   1  11   8   2 
4 2 0.324138 0.005706 * 4  6  5  2  0 
5 2 0.112728 0.118488 * 5  2 
6 2 0.222768 0.043008 * 6  5  2 
7 2 0.461638 0.039305 * 7  4  1  5  2  0 
7 2 0.589842 0.039305 * 7   4   1  11   8   2 
7 2 0.441489 0.015214 * 7  4  6  5  2  0 
7 2 0.539131 0.007018 * 7  9  3  6  5  2 
8 2 0.104860 0.037228 * 8  2 
9 2 0.436701 0.017201 * 9  3  6  5  2 
10 2 0.441487 0.039216 * 10   3   6   5   2   0 
10 2 0.538628 0.013499 * 10   9   3   6   5   2 
11 2 0.217152 0.062053 * 11   8   2 
1 3 0.328961 0.008449 * 1  4  6  3  0 
1 3 0.440208 0.005483 * 1  4  7  9  3 
1 3 0.354676 0.014238 * 1  5  6  3  0 
2 3 0.386300 0.229780 * 2  5  6  3 
4 3 0.215969 0.018094 * 4  6  3  0 
4 3 0.327216 0.011743 * 4  7  9  3 
5 3 0.245276 0.033748 * 5  6  3 
6 3 0.114600 0.062448 * 6  3 
7 3 0.204140 0.026387 * 7  9  3 
8 3 0.491160 0.023775 * 8  2  5  6  3  0  0 
8 3 0.565301 0.013002 * 8  11   1   4   6   3   0 
8 3 0.676548 0.013002 * 8  11   1   4   7   9   3 
8 3 0.591016 0.013002 * 8  11   1   5   6   3   0 
9 3 0.101710 0.053350 * 9  3 
10 3 0.203637 0.020499 * 10   9   3 
10 3 0.106496 0.059549 * 10   3   0 
11 3 0.448121 0.023314 * 11   1   4   6   3   0 
11 3 0.559368 0.015131 * 11   1   4   7   9   3 
11 3 0.473836 0.039289 * 11   1   5   6   3   0 
1 4 0.112992 0.026930 * 1  4 
2 4 0.362947 0.048122 * 2  5  1  4  0 
2 4 0.389933 0.114230 * 2  5  6  4  0 
2 4 0.464643 0.004365 * 2   8  11   1   4 
3 4 0.230455 0.008821 * 3  6  4  0 
3 4 0.322419 0.001077 * 3  9  7  4 
5 4 0.221923 0.009290 * 5  1  4 
5 4 0.248909 0.022053 * 5  6  4 
6 4 0.118233 0.052534 * 6  4 
7 4 0.117351 0.355382 * 7  4 
8 4 0.349332 0.040692 * 8  11   1   4 
9 4 0.220987 0.003886 * 9  7  4 
10 4 0.336952 0.020683 * 10   3   6   4   0 
10 4 0.428916 0.003219 * 10   3   9   7   4 
10 4 0.322914 0.008164 * 10   9   7   4   0 
11 4 0.232151 0.023623 * 11   1   4 
1 5 0.109400 0.068184 * 1  5 
2 5 0.141024 0.650169 * 2  5 
3 5 0.222263 0.055046 * 3  6  5 
4 5 0.231559 0.020522 * 4  1  5 
4 5 0.211410 0.014121 * 4  6  5 
6 5 0.110040 0.064422 * 6  5 
7 5 0.348910 0.063138 * 7  4  1  5  0 
7 5 0.328761 0.043446 * 7  4  6  5  0 
7 5 0.426403 0.020989 * 7  9  3  6  5 
8 5 0.245885 0.093243 * 8  2  5  0 
8 5 0.345740 0.031775 * 8  11   1   5 
9 5 0.323972 0.029560 * 9  3  6  5 
10 5 0.328759 0.033944 * 10   3   6   5   0 
10 5 0.425899 0.011685 * 10   9   3   6   5 
11 5 0.228560 0.174209 * 11   1   5 
1 6 0.214362 0.008475 * 1  4  6 
1 6 0.240077 0.023110 * 1  5  6 
2 6 0.271700 0.212830 * 2  5  6 
3 6 0.112223 0.021089 * 3  6 
4 6 0.101370 0.026485 * 4  6 
5 6 0.130676 0.078773 * 5  6 
7 6 0.218721 0.019195 * 7  4  6  0 
7 6 0.316363 0.012457 * 7  9  3  6 
8 6 0.376561 0.030995 * 8  2  5  6  0 
8 6 0.450701 0.014436 * 8  11   1   4   6 
8 6 0.476416 0.014436 * 8  11   1   5   6 
9 6 0.213932 0.007589 * 9  3  6 
10 6 0.218719 0.020625 * 10   3   6   0 
10 6 0.315859 0.007100 * 10   9   3   6 
11 6 0.333521 0.014558 * 11   1   4   6 
11 6 0.359236 0.037578 * 11   1   5   6 
1 7 0.236068 0.099329 * 1  4  7 
2 7 0.486023 0.194416 * 2  5  1  4  7  0 
2 7 0.591368 0.060531 * 2  5  6  3  9  7 
2 7 0.513010 0.495899 * 2  5  6  4  7  0 
2 7 0.587720 0.017023 * 2   8  11   1   4   7 
3 7 0.205068 0.056276 * 3  9  7 
4 7 0.123076 0.135859 * 4  7 
5 7 0.344999 0.045755 * 5  1  4  7  0 
5 7 0.450344 0.014246 * 5  6  3  9  7 
5 7 0.371985 0.116707 * 5  6  4  7  0 
6 7 0.319668 0.005439 * 6  3  9  7 
6 7 0.241309 0.044557 * 6  4  7  0 
8 7 0.472408 0.328759 * 8  11   1   4   7 
9 7 0.103636 0.076656 * 9  7 
10 7 0.311564 0.030762 * 10   3   9   7 
10 7 0.205563 0.111617 * 10   9   7   0 
11 7 0.355228 0.289892 * 11   1   4   7 
1 8 0.337441 0.038012 * 1  5  2  8 
1 8 0.245472 0.151305 * 1  11   8   0 
2 8 0.115312 0.379373 * 2  8 
3 8 0.450303 0.091547 * 3  6  5  2  8 
4 8 0.459599 0.034248 * 4  1  5  2  8 
4 8 0.367631 0.129352 * 4   1  11   8   0 
4 8 0.439450 0.017871 * 4  6  5  2  8 
5 8 0.228040 0.241910 * 5  2  8 
6 8 0.338080 0.102587 * 6  5  2  8 
7 8 0.576950 0.079158 * 7  4  1  5  2  8 
7 8 0.484982 0.248963 * 7   4   1  11   8   0 
7 8 0.556801 0.041307 * 7  4  6  5  2  8 
9 8 0.552013 0.001668 * 9  3  6  5  2  8  0 
9 8 0.680586 0.012163 * 9  7  4  1  5  2  8 
9 8 0.588618 0.012163 * 9   7   4   1  11   8   0 
9 8 0.660437 0.007967 * 9  7  4  6  5  2  8 
10 8 0.556799 0.015721 * 10   3   6   5   2   8   0   0 
10 8 0.653939 0.007105 * 10   9   3   6   5   2   8   0 
10 8 0.782513 0.044882 * 10   9   7   4   1   5   2   8 
10 8 0.690545 0.044882 * 10   9   7   4   1  11   8   0 
10 8 0.762364 0.033947 * 10   9   7   4   6   5   2   8 
11 8 0.112292 0.292320 * 11   8 
1 9 0.430393 0.000415 * 1  4  6  3  9 
1 9 0.338499 0.002841 * 1  4  7  9  0 
2 9 0.680348 0.004585 * 2  5  1  4  6  3  9 
2 9 0.588454 0.024236 * 2  5  1  4  7  9  0 
2 9 0.487732 0.010663 * 2  5  6  3  9  0  0 
3 9 0.101432 0.021808 * 3  9 
4 9 0.317401 0.000637 * 4  6  3  9 
4 9 0.225507 0.004359 * 4  7  9  0 
5 9 0.539324 0.001265 * 5  1  4  6  3  9 
5 9 0.447429 0.006689 * 5  1  4  7  9  0 
5 9 0.346708 0.002943 * 5  6  3  9  0  0 
6 9 0.216032 0.003077 * 6  3  9 
7 9 0.102430 0.036154 * 7  9 
8 9 0.785209 0.002733 * 8  2  5  1  4  6  3  9 
8 9 0.693314 0.002733 * 8  2  5  1  4  7  9  0 
8 9 0.592593 0.002733 * 8  2  5  6  3  9  0  0 
8 9 0.666733 0.000818 * 8  11   1   4   6   3   9   0 
8 9 0.574838 0.000818 * 8  11   1   4   7   9   0   0 
10 9 0.207928 0.003426 * 10   3   9 
10 9 0.101927 0.012430 * 10   9   0 
11 9 0.549553 0.003615 * 11   1   4   6   3   9 
11 9 0.457658 0.005318 * 11   1   4   7   9   0 
1 10 0.532129 0.010680 * 1   4   6   3   9  10 
1 10 0.436657 0.010680 * 1   4   6   3  10   0 
1 10 0.440234 0.012801 * 1   4   7   9  10   0 
1 10 0.557844 0.025458 * 1   5   6   3   9  10 
1 10 0.462372 0.025458 * 1   5   6   3  10   0 
2 10 0.589468 0.081357 * 2   5   6   3   9  10 
2 10 0.493996 0.323619 * 2   5   6   3  10   0 
3 10 0.203168 0.004762 * 3   9  10 
3 10 0.107696 0.022417 * 3  10   0 
4 10 0.419137 0.003322 * 4   6   3   9  10 
4 10 0.323665 0.003322 * 4   6   3  10   0 
4 10 0.327242 0.003982 * 4   7   9  10   0 
5 10 0.448443 0.005253 * 5   6   3   9  10 
5 10 0.352971 0.024727 * 5   6   3  10   0 
6 10 0.317767 0.003133 * 6   3   9  10 
6 10 0.222295 0.014747 * 6   3  10   0 
7 10 0.204166 0.148308 * 7   9  10 
8 10 0.694328 0.021494 * 8   2   5   6   3   9  10   0 
8 10 0.598856 0.021494 * 8   2   5   6   3  10   0   0 
8 10 0.768468 0.012408 * 8  11   1   4   6   3   9  10 
8 10 0.672997 0.012408 * 8  11   1   4   6   3  10   0 
8 10 0.676574 0.013231 * 8  11   1   4   7   9  10   0 
8 10 0.794183 0.013231 * 8  11   1   5   6   3   9  10 
8 10 0.698711 0.013231 * 8  11   1   5   6   3  10   0 
9 10 0.101735 0.013318 * 9  10 
11 10 0.651288 0.005332 * 11   1   4   6   3   9  10 
11 10 0.555816 0.005332 * 11   1   4   6   3  10   0 
11 10 0.559393 0.006391 * 11   1   4   7   9  10   0 
11 10 0.677003 0.011149 * 11   1   5   6   3   9  10 
11 10 0.581531 0.011149 * 11   1   5   6   3  10   0 
1 11 0.133180 0.502118 * 1  11 
2 11 0.232492 0.331919 * 2   8  11 
3 11 0.485794 0.097456 * 3   6   4   1  11   0 
3 11 0.464374 0.085380 * 3   6   5   1  11   0 
3 11 0.567483 0.020723 * 3   6   5   2   8  11 
4 11 0.255338 0.122357 * 4   1  11 
5 11 0.242111 0.283175 * 5   1  11   0 
5 11 0.345220 0.030670 * 5   2   8  11 
6 11 0.373571 0.029131 * 6   4   1  11   0 
6 11 0.352151 0.025521 * 6   5   1  11   0 
6 11 0.455260 0.006194 * 6   5   2   8  11 
7 11 0.372690 0.317394 * 7   4   1  11 
8 11 0.117180 0.684347 * 8  11 
9 11 0.587504 0.008714 * 9   3   6   4   1  11   0 
9 11 0.566083 0.008714 * 9   3   6   5   1  11   0 
9 11 0.669193 0.007238 * 9   3   6   5   2   8  11 
9 11 0.476326 0.005976 * 9   7   4   1  11   0   0 
10 11 0.592290 0.048626 * 10   3   6   4   1  11   0   0 
10 11 0.570870 0.048626 * 10   3   6   5   1  11   0   0 
10 11 0.673979 0.019694 * 10   3   6   5   2   8  11   0 
10 11 0.689431 0.023711 * 10   9   3   6   4   1  11   0 
10 11 0.668010 0.023711 * 10   9   3   6   5   1  11   0 
10 11 0.771120 0.019694 * 10   9   3   6   5   2   8  11 
10 11 0.578253 0.016261 * 10   9   7   4   1  11   0   0 
