2 1 2 0.105041 * 2  5  1 
3 1 3 0.011959 * 3  6  4  1 
3 1 3 0.011959 * 3  6  5  1 
4 1 1 0.068995 * 4  1 
5 1 1 0.109376 * 5  1 
6 1 2 0.016778 * 6  4  1 
6 1 2 0.016778 * 6  5  1 
7 1 2 0.096422 * 7  4  1 
8 1 2 0.105236 * 8  11   1 
9 1 3 0.018373 * 9  7  4  1 
10 1 4 0.016249 * 10   3   6   4   1 
10 1 4 0.016249 * 10   3   6   5   1 
10 1 4 0.016249 * 10   9   7   4   1 
11 1 1 0.351309 * 11   1 
1 2 2 0.111986 * 1  5  2 
3 2 3 0.084661 * 3  6  5  2 
4 2 3 0.015835 * 4  1  5  2 
4 2 3 0.015835 * 4  6  5  2 
5 2 1 0.202466 * 5  2 
6 2 2 0.052279 * 6  5  2 
7 2 4 0.079687 * 7  4  1  5  2 
7 2 4 0.079687 * 7  4  6  5  2 
8 2 1 0.031423 * 8  2 
9 2 4 0.011085 * 9  3  6  5  2 
10 2 4 0.034748 * 10   3   6   5   2 
11 2 2 0.081976 * 11   8   2 
1 3 3 0.011364 * 1  4  6  3 
1 3 3 0.011364 * 1  5  6  3 
2 3 3 0.215992 * 2  5  6  3 
4 3 2 0.029031 * 4  6  3 
5 3 2 0.049317 * 5  6  3 
6 3 1 0.076525 * 6  3 
7 3 2 0.141894 * 7  9  3 
8 3 4 0.058788 * 8  2  5  6  3 
9 3 1 0.074791 * 9  3 
10 3 1 0.100737 * 10   3 
11 3 4 0.047795 * 11   1   4   6   3 
11 3 4 0.047795 * 11   1   5   6   3 
1 4 1 0.023101 * 1  4 
2 4 3 0.065541 * 2  5  1  4 
2 4 3 0.065541 * 2  5  6  4 
3 4 2 0.015046 * 3  6  4 
5 4 2 0.023934 * 5  1  4 
5 4 2 0.023934 * 5  6  4 
6 4 1 0.019674 * 6  4 
7 4 1 0.144875 * 7  4 
8 4 3 0.022729 * 8  11   1   4 
9 4 2 0.015570 * 9  7  4 
10 4 3 0.012886 * 10   3   6   4 
10 4 3 0.012886 * 10   9   7   4 
11 4 2 0.033242 * 11   1   4 
1 5 1 0.101718 * 1  5 
2 5 1 0.612091 * 2  5 
3 5 2 0.042435 * 3  6  5 
4 5 2 0.024270 * 4  1  5 
4 5 2 0.024270 * 4  6  5 
6 5 1 0.062710 * 6  5 
7 5 3 0.054487 * 7  4  1  5 
7 5 3 0.054487 * 7  4  6  5 
8 5 2 0.115410 * 8  2  5 
9 5 3 0.042826 * 9  3  6  5 
10 5 3 0.058387 * 10   3   6   5 
11 5 2 0.202325 * 11   1   5 
1 6 2 0.015617 * 1  4  6 
1 6 2 0.015617 * 1  5  6 
2 6 2 0.211698 * 2  5  6 
3 6 1 0.051429 * 3  6 
4 6 1 0.025272 * 4  6 
5 6 1 0.068408 * 5  6 
7 6 2 0.058936 * 7  4  6 
8 6 3 0.059731 * 8  2  5  6 
9 6 2 0.005347 * 9  3  6 
10 6 2 0.022256 * 10   3   6 
11 6 3 0.028700 * 11   1   4   6 
11 6 3 0.028700 * 11   1   5   6 
1 7 2 0.126214 * 1  4  7 
2 7 4 0.326120 * 2  5  1  4  7 
2 7 4 0.326120 * 2  5  6  4  7 
3 7 2 0.048872 * 3  9  7 
4 7 1 0.051983 * 4  7 
5 7 3 0.146605 * 5  1  4  7 
5 7 3 0.146605 * 5  6  4  7 
6 7 2 0.068642 * 6  4  7 
8 7 4 0.306388 * 8  11   1   4   7 
9 7 1 0.025512 * 9  7 
10 7 2 0.187445 * 10   9   7 
11 7 3 0.360886 * 11   1   4   7 
1 8 2 0.174947 * 1  11   8 
2 8 1 0.355752 * 2  8 
3 8 4 0.119033 * 3  6  5  2  8 
4 8 3 0.225414 * 4   1  11   8 
5 8 2 0.379374 * 5  2  8 
6 8 3 0.177794 * 6  5  2  8 
7 8 4 0.391930 * 7   4   1  11   8 
9 8 5 0.018381 * 9  3  6  5  2  8 
9 8 5 0.018381 * 9   7   4   1  11   8 
10 8 5 0.148508 * 10   3   6   5   2   8 
11 8 1 0.422188 * 11   8 
1 9 3 0.004288 * 1  4  7  9 
2 9 4 0.030798 * 2  5  6  3  9 
3 9 1 0.069940 * 3  9 
4 9 2 0.006230 * 4  7  9 
5 9 3 0.016872 * 5  6  3  9 
6 9 2 0.007026 * 6  3  9 
7 9 1 0.015829 * 7  9 
8 9 5 0.017500 * 8  2  5  6  3  9 
8 9 5 0.017500 * 8  11   1   4   7   9 
10 9 1 0.017567 * 10   9 
11 9 4 0.016120 * 11   1   4   7   9 
1 10 4 0.025056 * 1   4   6   3  10 
1 10 4 0.025056 * 1   4   7   9  10 
1 10 4 0.040766 * 1   5   6   3  10 
2 10 4 0.266052 * 2   5   6   3  10 
3 10 1 0.026602 * 3  10 
4 10 3 0.007957 * 4   6   3  10 
4 10 3 0.007957 * 4   7   9  10 
5 10 3 0.046444 * 5   6   3  10 
6 10 2 0.022485 * 6   3  10 
7 10 2 0.130361 * 7   9  10 
8 10 5 0.094878 * 8   2   5   6   3  10 
9 10 1 0.029167 * 9  10 
11 10 5 0.015354 * 11   1   4   6   3  10 
11 10 5 0.015354 * 11   1   4   7   9  10 
11 10 5 0.017262 * 11   1   5   6   3  10 
1 11 1 0.501878 * 1  11 
2 11 2 0.420188 * 2   8  11 
3 11 4 0.114945 * 3   6   4   1  11 
3 11 4 0.114945 * 3   6   5   1  11 
4 11 2 0.082547 * 4   1  11 
5 11 2 0.260937 * 5   1  11 
6 11 3 0.042665 * 6   4   1  11 
6 11 3 0.042665 * 6   5   1  11 
7 11 3 0.390361 * 7   4   1  11 
8 11 1 0.981909 * 8  11 
9 11 4 0.019222 * 9   7   4   1  11 
10 11 5 0.065158 * 10   3   6   4   1  11 
10 11 5 0.065158 * 10   3   6   5   1  11 
10 11 5 0.065158 * 10   9   7   4   1  11 
