2  5  1 
0.071424
3  6  4  1 
0.015589
3  6  5  1 
0.015589
4  1 
0.015313
5  1 
0.089878
6  4  1 
0.007173
6  5  1 
0.007173
7  4  1 
0.105686
8  11   1 
0.077869
9  7  4  1 
0.020696
10   3   6   4   1 
0.014849
10   3   6   5   1 
0.014849
10   9   7   4   1 
0.014849
11   1 
0.421389
1  5  2 
0.050834
3  6  5  2 
0.059404
4  1  5  2 
0.101930
4  6  5  2 
0.101930
5  2 
0.126924
6  5  2 
0.047712
7  4  1  5  2 
0.057694
7  4  6  5  2 
0.057694
8  2 
0.037070
9  3  6  5  2 
0.012285
10   3   6   5   2 
0.045585
11   8   2 
0.044629
1  4  6  3 
0.015988
1  5  6  3 
0.015988
2  5  6  3 
0.283916
4  6  3 
0.025579
5  6  3 
0.055367
6  3 
0.030872
7  9  3 
0.020313
8  2  5  6  3 
0.051734
9  3 
0.054940
10   3 
0.049777
11   1   4   6   3 
0.020161
11   1   5   6   3 
0.020161
1  4 
0.024863
2  5  1  4 
0.086207
2  5  6  4 
0.086207
3  6  4 
0.015360
5  1  4 
0.024707
5  6  4 
0.024707
6  4 
0.009380
7  4 
0.216614
8  11   1   4 
0.030003
9  7  4 
0.004402
10   3   6   4 
0.015098
10   9   7   4 
0.015098
11   1   4 
0.026990
1  5 
0.069325
2  5 
0.612993
3  6  5 
0.036090
4  1  5 
0.014459
4  6  5 
0.014459
6  5 
0.087866
7  4  1  5 
0.040236
7  4  6  5 
0.040236
8  2  5 
0.127873
9  3  6  5 
0.032674
10   3   6   5 
0.047375
11   1   5 
0.149061
1  4  6 
0.035979
1  5  6 
0.035979
2  5  6 
0.174727
3  6 
0.017709
4  6 
0.015986
5  6 
0.062972
7  4  6 
0.030084
8  2  5  6 
0.052802
9  3  6 
0.004391
10   3   6 
0.021618
11   1   4   6 
0.028657
11   1   5   6 
0.028657
1  4  7 
0.128933
2  5  1  4  7 
0.396462
2  5  6  4  7 
0.396462
3  9  7 
0.022388
4  7 
0.041732
5  1  4  7 
0.089250
5  6  4  7 
0.089250
6  4  7 
0.048618
8  11   1   4   7 
0.279296
9  7 
0.055520
10   9   7 
0.124585
11   1   4   7 
0.304082
1  11   8 
0.202524
2  8 
0.354391
3  6  5  2  8 
0.070543
4   1  11   8 
0.193608
5  2  8 
0.237329
6  5  2  8 
0.099688
7   4   1  11   8 
0.331692
9  3  6  5  2  8 
0.019690
9   7   4   1  11   8 
0.019690
10   3   6   5   2   8 
0.149449
11   8 
0.295175
1  4  7  9 
0.004514
2  5  6  3  9 
0.052746
3  9 
0.018518
4  7  9 
0.004405
5  6  3  9 
0.013883
6  3  9 
0.002041
7  9 
0.033538
8  2  5  6  3  9 
0.015764
8  11   1   4   7   9 
0.015764
10   9 
0.014511
11   1   4   7   9 
0.006024
1   4   6   3  10 
0.022656
1   4   7   9  10 
0.022656
1   5   6   3  10 
0.038708
2   5   6   3  10 
0.417785
3  10 
0.017204
4   6   3  10 
0.005205
4   7   9  10 
0.005205
5   6   3  10 
0.020577
6   3  10 
0.018236
7   9  10 
0.112287
8   2   5   6   3  10 
0.103270
9  10 
0.012615
11   1   4   6   3  10 
0.012401
11   1   4   7   9  10 
0.012401
11   1   5   6   3  10 
0.013196
1  11 
0.689456
2   8  11 
0.268682
3   6   4   1  11 
0.121563
3   6   5   1  11 
0.121563
4   1  11 
0.151770
5   1  11 
0.337624
6   4   1  11 
0.024247
6   5   1  11 
0.024247
7   4   1  11 
0.342953
8  11 
0.656457
9   7   4   1  11 
0.023072
10   3   6   4   1  11 
0.059912
10   3   6   5   1  11 
0.059912
10   9   7   4   1  11 
0.059912
