2  5  1 
0.076321
3  6  4  1 
0.008414
3  6  5  1 
0.008414
4  1 
0.013062
5  1 
0.079798
6  4  1 
0.006869
6  5  1 
0.006869
7  4  1 
0.098525
8  11   1 
0.101235
9  7  4  1 
0.014461
10   3   6   4   1 
0.014294
10   3   6   5   1 
0.014294
10   9   7   4   1 
0.014294
11   1 
0.509926
1  5  2 
0.064491
3  6  5  2 
0.059574
4  1  5  2 
0.101001
4  6  5  2 
0.101001
5  2 
0.104686
6  5  2 
0.044140
7  4  1  5  2 
0.294007
7  4  6  5  2 
0.294007
8  2 
0.020957
9  3  6  5  2 
0.013632
10   3   6   5   2 
0.041068
11   8   2 
0.059575
1  4  6  3 
0.019782
1  5  6  3 
0.019782
2  5  6  3 
0.254428
4  6  3 
0.032536
5  6  3 
0.058088
6  3 
0.019213
7  9  3 
0.021758
8  2  5  6  3 
0.042150
9  3 
0.057355
10   3 
0.063088
11   1   4   6   3 
0.028244
11   1   5   6   3 
0.028244
1  4 
0.031263
2  5  1  4 
0.084001
2  5  6  4 
0.084001
3  6  4 
0.009569
5  1  4 
0.027213
5  6  4 
0.027213
6  4 
0.010320
7  4 
0.335819
8  11   1   4 
0.036335
9  7  4 
0.005967
10   3   6   4 
0.007399
10   9   7   4 
0.007399
11   1   4 
0.019219
1  5 
0.084928
2  5 
0.617209
3  6  5 
0.038553
4  1  5 
0.015701
4  6  5 
0.015701
6  5 
0.076921
7  4  1  5 
0.039027
7  4  6  5 
0.039027
8  2  5 
0.131472
9  3  6  5 
0.036041
10   3   6   5 
0.040004
11   1   5 
0.141671
1  4  6 
0.023228
1  5  6 
0.023228
2  5  6 
0.193681
3  6 
0.020151
4  6 
0.035312
5  6 
0.065592
7  4  6 
0.028656
8  2  5  6 
0.048698
9  3  6 
0.002475
10   3   6 
0.025405
11   1   4   6 
0.037114
11   1   5   6 
0.037114
1  4  7 
0.089230
2  5  1  4  7 
0.406179
2  5  6  4  7 
0.406179
3  9  7 
0.021335
4  7 
0.157451
5  1  4  7 
0.075540
5  6  4  7 
0.075540
6  4  7 
0.040579
8  11   1   4   7 
0.268568
9  7 
0.035432
10   9   7 
0.131481
11   1   4   7 
0.290199
1  11   8 
0.203985
2  8 
0.339529
3  6  5  2  8 
0.064480
4   1  11   8 
0.181136
5  2  8 
0.274546
6  5  2  8 
0.100020
7   4   1  11   8 
0.295608
9  3  6  5  2  8 
0.018120
9   7   4   1  11   8 
0.018120
10   3   6   5   2   8 
0.131956
11   8 
0.256925
1  4  7  9 
0.002605
2  5  6  3  9 
0.040860
3  9 
0.036077
4  7  9 
0.004256
5  6  3  9 
0.015276
6  3  9 
0.002007
7  9 
0.043246
8  2  5  6  3  9 
0.007189
8  11   1   4   7   9 
0.007189
10   9 
0.013712
11   1   4   7   9 
0.005503
1   4   6   3  10 
0.023711
1   4   7   9  10 
0.023711
1   5   6   3  10 
0.038891
2   5   6   3  10 
0.455474
3  10 
0.015549
4   6   3  10 
0.006616
4   7   9  10 
0.006616
5   6   3  10 
0.028593
6   3  10 
0.017899
7   9  10 
0.112143
8   2   5   6   3  10 
0.108628
9  10 
0.011986
11   1   4   6   3  10 
0.011439
11   1   4   7   9  10 
0.011439
11   1   5   6   3  10 
0.011439
1  11 
0.847632
2   8  11 
0.249075
3   6   4   1  11 
0.058437
3   6   5   1  11 
0.058437
4   1  11 
0.147572
5   1  11 
0.305333
6   4   1  11 
0.028436
6   5   1  11 
0.028436
7   4   1  11 
0.341082
8  11 
0.644399
9   7   4   1  11 
0.026864
10   3   6   4   1  11 
0.063967
10   3   6   5   1  11 
0.063967
10   9   7   4   1  11 
0.063967
