2 1 2 0.071424 * 2  5  1 
3 1 3 0.015589 * 3  6  4  1 
3 1 3 0.015589 * 3  6  5  1 
4 1 1 0.015313 * 4  1 
5 1 1 0.089878 * 5  1 
6 1 2 0.007173 * 6  4  1 
6 1 2 0.007173 * 6  5  1 
7 1 2 0.105686 * 7  4  1 
8 1 2 0.077869 * 8  11   1 
9 1 3 0.020696 * 9  7  4  1 
10 1 4 0.014849 * 10   3   6   4   1 
10 1 4 0.014849 * 10   3   6   5   1 
10 1 4 0.014849 * 10   9   7   4   1 
11 1 1 0.421389 * 11   1 
1 2 2 0.050834 * 1  5  2 
3 2 3 0.059404 * 3  6  5  2 
4 2 3 0.101930 * 4  1  5  2 
4 2 3 0.101930 * 4  6  5  2 
5 2 1 0.126924 * 5  2 
6 2 2 0.047712 * 6  5  2 
7 2 4 0.057694 * 7  4  1  5  2 
7 2 4 0.057694 * 7  4  6  5  2 
8 2 1 0.037070 * 8  2 
9 2 4 0.012285 * 9  3  6  5  2 
10 2 4 0.045585 * 10   3   6   5   2 
11 2 2 0.044629 * 11   8   2 
1 3 3 0.015988 * 1  4  6  3 
1 3 3 0.015988 * 1  5  6  3 
2 3 3 0.283916 * 2  5  6  3 
4 3 2 0.025579 * 4  6  3 
5 3 2 0.055367 * 5  6  3 
6 3 1 0.030872 * 6  3 
7 3 2 0.020313 * 7  9  3 
8 3 4 0.051734 * 8  2  5  6  3 
9 3 1 0.054940 * 9  3 
10 3 1 0.049777 * 10   3 
11 3 4 0.020161 * 11   1   4   6   3 
11 3 4 0.020161 * 11   1   5   6   3 
1 4 1 0.024863 * 1  4 
2 4 3 0.086207 * 2  5  1  4 
2 4 3 0.086207 * 2  5  6  4 
3 4 2 0.015360 * 3  6  4 
5 4 2 0.024707 * 5  1  4 
5 4 2 0.024707 * 5  6  4 
6 4 1 0.009380 * 6  4 
7 4 1 0.216614 * 7  4 
8 4 3 0.030003 * 8  11   1   4 
9 4 2 0.004402 * 9  7  4 
10 4 3 0.015098 * 10   3   6   4 
10 4 3 0.015098 * 10   9   7   4 
11 4 2 0.026990 * 11   1   4 
1 5 1 0.069325 * 1  5 
2 5 1 0.612993 * 2  5 
3 5 2 0.036090 * 3  6  5 
4 5 2 0.014459 * 4  1  5 
4 5 2 0.014459 * 4  6  5 
6 5 1 0.087866 * 6  5 
7 5 3 0.040236 * 7  4  1  5 
7 5 3 0.040236 * 7  4  6  5 
8 5 2 0.127873 * 8  2  5 
9 5 3 0.032674 * 9  3  6  5 
10 5 3 0.047375 * 10   3   6   5 
11 5 2 0.149061 * 11   1   5 
1 6 2 0.035979 * 1  4  6 
1 6 2 0.035979 * 1  5  6 
2 6 2 0.174727 * 2  5  6 
3 6 1 0.017709 * 3  6 
4 6 1 0.015986 * 4  6 
5 6 1 0.062972 * 5  6 
7 6 2 0.030084 * 7  4  6 
8 6 3 0.052802 * 8  2  5  6 
9 6 2 0.004391 * 9  3  6 
10 6 2 0.021618 * 10   3   6 
11 6 3 0.028657 * 11   1   4   6 
11 6 3 0.028657 * 11   1   5   6 
1 7 2 0.128933 * 1  4  7 
2 7 4 0.396462 * 2  5  1  4  7 
2 7 4 0.396462 * 2  5  6  4  7 
3 7 2 0.022388 * 3  9  7 
4 7 1 0.041732 * 4  7 
5 7 3 0.089250 * 5  1  4  7 
5 7 3 0.089250 * 5  6  4  7 
6 7 2 0.048618 * 6  4  7 
8 7 4 0.279296 * 8  11   1   4   7 
9 7 1 0.055520 * 9  7 
10 7 2 0.124585 * 10   9   7 
11 7 3 0.304082 * 11   1   4   7 
1 8 2 0.202524 * 1  11   8 
2 8 1 0.354391 * 2  8 
3 8 4 0.070543 * 3  6  5  2  8 
4 8 3 0.193608 * 4   1  11   8 
5 8 2 0.237329 * 5  2  8 
6 8 3 0.099688 * 6  5  2  8 
7 8 4 0.331692 * 7   4   1  11   8 
9 8 5 0.019690 * 9  3  6  5  2  8 
9 8 5 0.019690 * 9   7   4   1  11   8 
10 8 5 0.149449 * 10   3   6   5   2   8 
11 8 1 0.295175 * 11   8 
1 9 3 0.004514 * 1  4  7  9 
2 9 4 0.052746 * 2  5  6  3  9 
3 9 1 0.018518 * 3  9 
4 9 2 0.004405 * 4  7  9 
5 9 3 0.013883 * 5  6  3  9 
6 9 2 0.002041 * 6  3  9 
7 9 1 0.033538 * 7  9 
8 9 5 0.015764 * 8  2  5  6  3  9 
8 9 5 0.015764 * 8  11   1   4   7   9 
10 9 1 0.014511 * 10   9 
11 9 4 0.006024 * 11   1   4   7   9 
1 10 4 0.022656 * 1   4   6   3  10 
1 10 4 0.022656 * 1   4   7   9  10 
1 10 4 0.038708 * 1   5   6   3  10 
2 10 4 0.417785 * 2   5   6   3  10 
3 10 1 0.017204 * 3  10 
4 10 3 0.005205 * 4   6   3  10 
4 10 3 0.005205 * 4   7   9  10 
5 10 3 0.020577 * 5   6   3  10 
6 10 2 0.018236 * 6   3  10 
7 10 2 0.112287 * 7   9  10 
8 10 5 0.103270 * 8   2   5   6   3  10 
9 10 1 0.012615 * 9  10 
11 10 5 0.012401 * 11   1   4   6   3  10 
11 10 5 0.012401 * 11   1   4   7   9  10 
11 10 5 0.013196 * 11   1   5   6   3  10 
1 11 1 0.689456 * 1  11 
2 11 2 0.268682 * 2   8  11 
3 11 4 0.121563 * 3   6   4   1  11 
3 11 4 0.121563 * 3   6   5   1  11 
4 11 2 0.151770 * 4   1  11 
5 11 2 0.337624 * 5   1  11 
6 11 3 0.024247 * 6   4   1  11 
6 11 3 0.024247 * 6   5   1  11 
7 11 3 0.342953 * 7   4   1  11 
8 11 1 0.656457 * 8  11 
9 11 4 0.023072 * 9   7   4   1  11 
10 11 5 0.059912 * 10   3   6   4   1  11 
10 11 5 0.059912 * 10   3   6   5   1  11 
10 11 5 0.059912 * 10   9   7   4   1  11 
