2 1 2 0.109614 * 2  5  1 
3 1 3 0.014209 * 3  6  4  1 
3 1 3 0.014209 * 3  6  5  1 
4 1 1 0.103788 * 4  1 
5 1 1 0.136195 * 5  1 
6 1 2 0.019313 * 6  4  1 
6 1 2 0.019313 * 6  5  1 
7 1 2 0.105261 * 7  4  1 
8 1 2 0.076952 * 8  11   1 
9 1 3 0.025558 * 9  7  4  1 
10 1 4 0.020302 * 10   3   6   4   1 
10 1 4 0.020302 * 10   3   6   5   1 
10 1 4 0.020302 * 10   9   7   4   1 
11 1 1 0.372517 * 11   1 
1 2 2 0.110002 * 1  5  2 
3 2 3 0.086662 * 3  6  5  2 
4 2 3 0.022207 * 4  1  5  2 
4 2 3 0.022207 * 4  6  5  2 
5 2 1 0.155107 * 5  2 
6 2 2 0.051596 * 6  5  2 
7 2 4 0.061985 * 7  4  1  5  2 
7 2 4 0.061985 * 7  4  6  5  2 
8 2 1 0.058074 * 8  2 
9 2 4 0.022655 * 9  3  6  5  2 
10 2 4 0.033406 * 10   3   6   5   2 
11 2 2 0.089019 * 11   8   2 
1 3 3 0.014001 * 1  4  6  3 
1 3 3 0.014001 * 1  5  6  3 
2 3 3 0.195968 * 2  5  6  3 
4 3 2 0.035503 * 4  6  3 
5 3 2 0.041729 * 5  6  3 
6 3 1 0.070843 * 6  3 
7 3 2 0.122566 * 7  9  3 
8 3 4 0.058676 * 8  2  5  6  3 
9 3 1 0.062222 * 9  3 
10 3 1 0.093571 * 10   3 
11 3 4 0.046525 * 11   1   4   6   3 
11 3 4 0.046525 * 11   1   5   6   3 
1 4 1 0.024209 * 1  4 
2 4 3 0.065361 * 2  5  1  4 
2 4 3 0.065361 * 2  5  6  4 
3 4 2 0.020590 * 3  6  4 
5 4 2 0.026206 * 5  1  4 
5 4 2 0.026206 * 5  6  4 
6 4 1 0.021343 * 6  4 
7 4 1 0.072162 * 7  4 
8 4 3 0.025249 * 8  11   1   4 
9 4 2 0.016030 * 9  7  4 
10 4 3 0.012858 * 10   3   6   4 
10 4 3 0.012858 * 10   9   7   4 
11 4 2 0.043769 * 11   1   4 
1 5 1 0.123494 * 1  5 
2 5 1 0.535082 * 2  5 
3 5 2 0.051055 * 3  6  5 
4 5 2 0.021564 * 4  1  5 
4 5 2 0.021564 * 4  6  5 
6 5 1 0.096659 * 6  5 
7 5 3 0.066492 * 7  4  1  5 
7 5 3 0.066492 * 7  4  6  5 
8 5 2 0.200004 * 8  2  5 
9 5 3 0.049619 * 9  3  6  5 
10 5 3 0.063341 * 10   3   6   5 
11 5 2 0.200806 * 11   1   5 
1 6 2 0.027211 * 1  4  6 
1 6 2 0.027211 * 1  5  6 
2 6 2 0.208580 * 2  5  6 
3 6 1 0.057979 * 3  6 
4 6 1 0.030854 * 4  6 
5 6 1 0.065120 * 5  6 
7 6 2 0.050315 * 7  4  6 
8 6 3 0.048466 * 8  2  5  6 
9 6 2 0.012580 * 9  3  6 
10 6 2 0.019081 * 10   3   6 
11 6 3 0.035907 * 11   1   4   6 
11 6 3 0.035907 * 11   1   5   6 
1 7 2 0.101257 * 1  4  7 
2 7 4 0.291149 * 2  5  1  4  7 
2 7 4 0.291149 * 2  5  6  4  7 
3 7 2 0.064614 * 3  9  7 
4 7 1 0.053335 * 4  7 
5 7 3 0.106266 * 5  1  4  7 
5 7 3 0.106266 * 5  6  4  7 
6 7 2 0.068895 * 6  4  7 
8 7 4 0.298813 * 8  11   1   4   7 
9 7 1 0.017589 * 9  7 
10 7 2 0.183826 * 10   9   7 
11 7 3 0.330244 * 11   1   4   7 
1 8 2 0.239445 * 1  11   8 
2 8 1 0.414657 * 2  8 
3 8 4 0.096900 * 3  6  5  2  8 
4 8 3 0.223608 * 4   1  11   8 
5 8 2 0.379476 * 5  2  8 
6 8 3 0.148276 * 6  5  2  8 
7 8 4 0.414581 * 7   4   1  11   8 
9 8 5 0.022008 * 9  3  6  5  2  8 
9 8 5 0.022008 * 9   7   4   1  11   8 
10 8 5 0.127849 * 10   3   6   5   2   8 
11 8 1 0.409935 * 11   8 
1 9 3 0.004619 * 1  4  7  9 
2 9 4 0.028327 * 2  5  6  3  9 
3 9 1 0.049374 * 3  9 
4 9 2 0.008672 * 4  7  9 
5 9 3 0.023979 * 5  6  3  9 
6 9 2 0.004753 * 6  3  9 
7 9 1 0.013517 * 7  9 
8 9 5 0.010713 * 8  2  5  6  3  9 
8 9 5 0.010713 * 8  11   1   4   7   9 
10 9 1 0.022436 * 10   9 
11 9 4 0.013409 * 11   1   4   7   9 
1 10 4 0.024762 * 1   4   6   3  10 
1 10 4 0.024762 * 1   4   7   9  10 
1 10 4 0.038591 * 1   5   6   3  10 
2 10 4 0.234688 * 2   5   6   3  10 
3 10 1 0.029366 * 3  10 
4 10 3 0.010356 * 4   6   3  10 
4 10 3 0.010356 * 4   7   9  10 
5 10 3 0.066235 * 5   6   3  10 
6 10 2 0.031780 * 6   3  10 
7 10 2 0.137035 * 7   9  10 
8 10 5 0.091979 * 8   2   5   6   3  10 
9 10 1 0.036536 * 9  10 
11 10 5 0.017941 * 11   1   4   6   3  10 
11 10 5 0.017941 * 11   1   4   7   9  10 
11 10 5 0.022223 * 11   1   5   6   3  10 
1 11 1 0.568536 * 1  11 
2 11 2 0.480162 * 2   8  11 
3 11 4 0.102355 * 3   6   4   1  11 
3 11 4 0.102355 * 3   6   5   1  11 
4 11 2 0.100738 * 4   1  11 
5 11 2 0.273525 * 5   1  11 
6 11 3 0.053257 * 6   4   1  11 
6 11 3 0.053257 * 6   5   1  11 
7 11 3 0.447256 * 7   4   1  11 
8 11 1 0.874658 * 8  11 
9 11 4 0.023862 * 9   7   4   1  11 
10 11 5 0.070867 * 10   3   6   4   1  11 
10 11 5 0.070867 * 10   3   6   5   1  11 
10 11 5 0.070867 * 10   9   7   4   1  11 
