2  5  1  0 
0.055152
2   8  11   1 
0.006365
3  6  4  1 
0.008589
3  6  5  1 
0.005933
4  1 
0.086411
5  1 
0.081078
6  4  1 
0.011597
6  5  1 
0.008011
7  4  1 
0.091416
8  11   1 
0.082322
9  3  6  4  1 
0.006533
9  3  6  5  1 
0.006533
9  7  4  1  0 
0.004101
10   3   6   4   1   0 
0.017065
10   3   6   5   1   0 
0.017065
10   9   3   6   4   1 
0.010733
10   9   3   6   5   1 
0.010733
10   9   7   4   1   0 
0.007075
11   1 
0.440301
1  5  2  0 
0.027802
1  11   8   2 
0.027802
3  6  5  2 
0.079095
4  1  5  2  0 
0.011077
4   1  11   8   2 
0.011077
4  6  5  2  0 
0.004262
5  2 
0.132941
6  5  2 
0.045040
7  4  1  5  2  0 
0.032918
7   4   1  11   8   2 
0.032918
7  4  6  5  2  0 
0.012667
7  9  3  6  5  2 
0.006386
8  2 
0.053729
9  3  6  5  2 
0.014405
10   3   6   5   2   0 
0.035343
10   9   3   6   5   2 
0.013657
11   8   2 
0.062292
1  4  6  3  0 
0.008448
1  4  7  9  3 
0.005814
1  5  6  3  0 
0.015111
2  5  6  3 
0.234184
4  6  3  0 
0.011612
4  7  9  3 
0.007992
5  6  3 
0.036222
6  3 
0.074485
7  9  3 
0.050462
8  2  5  6  3  0  0 
0.024893
8  11   1   4   6   3   0 
0.013205
8  11   1   4   7   9   3 
0.013205
8  11   1   5   6   3   0 
0.013205
9  3 
0.072013
10   9   3 
0.024598
10   3   0 
0.063660
11   1   4   6   3   0 
0.019026
11   1   4   7   9   3 
0.013094
11   1   5   6   3   0 
0.034032
1  4 
0.025749
2  5  1  4  0 
0.047164
2  5  6  4  0 
0.116636
2   8  11   1   4 
0.004427
3  6  4  0 
0.009918
3  9  7  4 
0.001064
5  1  4 
0.010768
5  6  4 
0.026628
6  4 
0.024325
7  4 
0.241036
8  11   1   4 
0.044353
9  7  4 
0.004621
10   3   6   4   0 
0.026550
10   3   9   7   4 
0.003541
10   9   7   4   0 
0.009833
11   1   4 
0.021081
1  5 
0.082394
2  5 
0.576377
3  6  5 
0.059776
4  1  5 
0.019663
4  6  5 
0.013264
6  5 
0.061324
7  4  1  5  0 
0.062606
7  4  6  5  0 
0.042231
7  9  3  6  5 
0.021820
8  2  5  0 
0.093241
8  11   1   5 
0.029677
9  3  6  5 
0.038554
10   3   6   5   0 
0.036117
10   9   3   6   5 
0.013956
11   1   5 
0.225077
1  4  6 
0.004384
1  5  6 
0.011103
2  5  6 
0.194992
3  6 
0.024280
4  6 
0.020984
5  6 
0.122614
7  4  6  0 
0.019332
7  9  3  6 
0.013305
8  2  5  6  0 
0.033340
8  11   1   4   6 
0.014802
8  11   1   5   6 
0.014802
9  3  6 
0.005839
10   3   6   0 
0.019379
10   9   3   6 
0.007488
11   1   4   6 
0.014436
11   1   5   6 
0.036558
1  4  7 
0.078245
2  5  1  4  7  0 
0.208920
2  5  6  3  9  7 
0.060008
2  5  6  4  7  0 
0.559441
2   8  11   1   4   7 
0.018734
3  9  7 
0.041620
4  7 
0.053436
5  1  4  7  0 
0.059498
5  6  3  9  7 
0.017090
5  6  4  7  0 
0.159323
6  3  9  7 
0.006215
6  4  7  0 
0.057940
8  11   1   4   7 
0.349416
9  7 
0.042438
10   3   9   7 
0.032186
10   9   7   0 
0.123047
11   1   4   7 
0.303204
1  5  2  8 
0.039693
1  11   8   0 
0.158468
2  8 
0.418541
3  6  5  2  8 
0.104183
4  1  5  2  8 
0.035169
4   1  11   8   0 
0.133349
4  6  5  2  8 
0.018018
5  2  8 
0.259860
6  5  2  8 
0.119186
7  4  1  5  2  8 
0.083258
7   4   1  11   8   0 
0.264240
7  4  6  5  2  8 
0.042655
9  3  6  5  2  8  0 
0.002971
9  7  4  1  5  2  8 
0.017867
9   7   4   1  11   8   0 
0.017867
9  7  4  6  5  2  8 
0.011304
10   3   6   5   2   8   0   0 
0.015830
10   9   3   6   5   2   8   0 
0.009007
10   9   7   4   1   5   2   8 
0.042904
10   9   7   4   1  11   8   0 
0.042904
10   9   7   4   6   5   2   8 
0.034270
11   8 
0.290361
1  4  6  3  9 
0.000365
1  4  7  9  0 
0.002484
2  5  1  4  6  3  9 
0.004527
2  5  1  4  7  9  0 
0.021772
2  5  6  3  9  0  0 
0.010221
3  9 
0.043068
4  6  3  9 
0.000567
4  7  9  0 
0.003863
5  1  4  6  3  9 
0.000966
5  1  4  7  9  0 
0.004648
5  6  3  9  0  0 
0.002182
6  3  9 
0.004616
7  9 
0.036464
8  2  5  1  4  6  3  9 
0.003944
8  2  5  1  4  7  9  0 
0.008910
8  2  5  6  3  9  0  0 
0.008905
8  11   1   4   6   3   9   0 
0.002794
8  11   1   4   7   9   0   0 
0.002794
10   3   9 
0.002947
10   9   0 
0.011267
11   1   4   6   3   9 
0.004311
11   1   4   7   9   0 
0.009525
1   4   6   3   9  10 
0.011405
1   4   6   3  10   0 
0.011405
1   4   7   9  10   0 
0.013885
1   5   6   3   9  10 
0.025882
1   5   6   3  10   0 
0.025882
2   5   6   3   9  10 
0.080633
2   5   6   3  10   0 
0.312233
3   9  10 
0.005546
3  10   0 
0.025473
4   6   3   9  10 
0.002870
4   6   3  10   0 
0.002870
4   7   9  10   0 
0.003495
5   6   3   9  10 
0.004727
5   6   3  10   0 
0.021713
6   3   9  10 
0.003395
6   3  10   0 
0.015594
7   9  10 
0.141798
8   2   5   6   3   9  10   0 
0.024281
8   2   5   6   3  10   0   0 
0.024281
8  11   1   4   6   3   9  10 
0.013140
8  11   1   4   6   3  10   0 
0.013140
8  11   1   4   7   9  10   0 
0.014495
8  11   1   5   6   3   9  10 
0.014495
8  11   1   5   6   3  10   0 
0.014495
9  10 
0.016525
11   1   4   6   3   9  10 
0.005191
11   1   4   6   3  10   0 
0.005191
11   1   4   7   9  10   0 
0.006319
11   1   5   6   3   9  10 
0.010643
11   1   5   6   3  10   0 
0.010643
1  11 
0.638429
2   8  11 
0.377456
3   6   4   1  11   0 
0.104515
3   6   5   1  11   0 
0.080529
3   6   5   2   8  11 
0.018964
4   1  11 
0.092687
5   1  11   0 
0.227976
5   2   8  11 
0.026312
6   4   1  11   0 
0.038856
6   5   1  11   0 
0.029939
6   5   2   8  11 
0.007050
7   4   1  11 
0.324495
8  11 
0.704534
9   3   6   4   1  11   0 
0.008266
9   3   6   5   1  11   0 
0.008266
9   3   6   5   2   8  11 
0.006243
9   7   4   1  11   0   0 
0.004955
10   3   6   4   1  11   0   0 
0.044646
10   3   6   5   1  11   0   0 
0.044646
10   3   6   5   2   8  11   0 
0.018070
10   9   3   6   4   1  11   0 
0.023926
10   9   3   6   5   1  11   0 
0.023926
10   9   3   6   5   2   8  11 
0.018070
10   9   7   4   1  11   0   0 
0.014342
