2 1 0.250648 0.063434 * 2  5  1  0 
2 1 0.346362 0.007990 * 2   8  11   1 
3 1 0.354107 0.017888 * 3  6  4  1 
3 1 0.331107 0.013289 * 3  6  5  1 
4 1 0.124098 0.015313 * 4  1 
5 1 0.109408 0.089878 * 5  1 
6 1 0.242458 0.008231 * 6  4  1 
6 1 0.219457 0.006115 * 6  5  1 
7 1 0.239200 0.105686 * 7  4  1 
8 1 0.232478 0.077869 * 8  11   1 
9 1 0.455770 0.007935 * 9  3  6  4  1 
9 1 0.432769 0.007935 * 9  3  6  5  1 
9 1 0.342115 0.004827 * 9  7  4  1  0 
10 1 0.459765 0.011278 * 10   3   6   4   1   0 
10 1 0.436764 0.011278 * 10   3   6   5   1   0 
10 1 0.557508 0.007834 * 10   9   3   6   4   1 
10 1 0.534507 0.007834 * 10   9   3   6   5   1 
10 1 0.443853 0.006322 * 10   9   7   4   1   0 
11 1 0.117037 0.421389 * 11   1 
1 2 0.224735 0.025417 * 1  5  2  0 
1 2 0.354218 0.025417 * 1  11   8   2 
3 2 0.336089 0.059404 * 3  6  5  2 
4 2 0.348833 0.080682 * 4  1  5  2  0 
4 2 0.478316 0.080682 * 4   1  11   8   2 
4 2 0.325805 0.042497 * 4  6  5  2  0 
5 2 0.114391 0.126924 * 5  2 
6 2 0.224440 0.047712 * 6  5  2 
7 2 0.463935 0.038812 * 7  4  1  5  2  0 
7 2 0.593418 0.038812 * 7   4   1  11   8   2 
7 2 0.440907 0.029672 * 7  4  6  5  2  0 
7 2 0.539949 0.008092 * 7  9  3  6  5  2 
8 2 0.104435 0.037070 * 8  2 
9 2 0.437752 0.012285 * 9  3  6  5  2 
10 2 0.441747 0.031836 * 10   3   6   5   2   0 
10 2 0.539490 0.013749 * 10   9   3   6   5   2 
11 2 0.216393 0.044629 * 11   8   2 
1 3 0.329348 0.009154 * 1  4  6  3  0 
1 3 0.439463 0.007826 * 1  4  7  9  3 
1 3 0.356640 0.014996 * 1  5  6  3  0 
2 3 0.387537 0.283916 * 2  5  6  3 
4 3 0.216029 0.013790 * 4  6  3  0 
4 3 0.326143 0.011789 * 4  7  9  3 
5 3 0.246296 0.055367 * 5  6  3 
6 3 0.114664 0.030872 * 6  3 
7 3 0.203859 0.020313 * 7  9  3 
8 3 0.491972 0.017789 * 8  2  5  6  3  0  0 
8 3 0.561827 0.011315 * 8  11   1   4   6   3   0 
8 3 0.671941 0.011315 * 8  11   1   4   7   9   3 
8 3 0.589119 0.011315 * 8  11   1   5   6   3   0 
9 3 0.101663 0.054940 * 9  3 
10 3 0.203401 0.015014 * 10   9   3 
10 3 0.105658 0.034763 * 10   3   0 
11 3 0.446385 0.011543 * 11   1   4   6   3   0 
11 3 0.556500 0.009869 * 11   1   4   7   9   3 
11 3 0.473678 0.018909 * 11   1   5   6   3   0 
1 4 0.113319 0.024863 * 1  4 
2 4 0.363968 0.049252 * 2  5  1  4  0 
2 4 0.391232 0.118378 * 2  5  6  4  0 
2 4 0.459681 0.004783 * 2   8  11   1   4 
3 4 0.230009 0.013630 * 3  6  4  0 
3 4 0.319204 0.001730 * 3  9  7  4 
5 4 0.222727 0.014519 * 5  1  4 
5 4 0.249992 0.034896 * 5  6  4 
6 4 0.118359 0.009380 * 6  4 
7 4 0.115102 0.216614 * 7  4 
8 4 0.345798 0.030003 * 8  11   1   4 
9 4 0.218017 0.004402 * 9  7  4 
10 4 0.335667 0.018878 * 10   3   6   4   0 
10 4 0.424862 0.003648 * 10   3   9   7   4 
10 4 0.319755 0.007670 * 10   9   7   4   0 
11 4 0.230356 0.026990 * 11   1   4 
1 5 0.110344 0.069325 * 1  5 
2 5 0.141241 0.612993 * 2  5 
3 5 0.221699 0.036090 * 3  6  5 
4 5 0.234442 0.017580 * 4  1  5 
4 5 0.211414 0.011339 * 4  6  5 
6 5 0.110049 0.087866 * 6  5 
7 5 0.349544 0.039884 * 7  4  1  5  0 
7 5 0.326516 0.025725 * 7  4  6  5  0 
7 5 0.425558 0.014862 * 7  9  3  6  5 
8 5 0.245676 0.092604 * 8  2  5  0 
8 5 0.342823 0.035269 * 8  11   1   5 
9 5 0.323362 0.032674 * 9  3  6  5 
10 5 0.327357 0.033086 * 10   3   6   5   0 
10 5 0.425100 0.014289 * 10   9   3   6   5 
11 5 0.227381 0.149061 * 11   1   5 
1 6 0.214684 0.019096 * 1  4  6 
1 6 0.241976 0.052861 * 1  5  6 
2 6 0.272873 0.174727 * 2  5  6 
3 6 0.111649 0.017709 * 3  6 
4 6 0.101365 0.015986 * 4  6 
5 6 0.131632 0.062972 * 5  6 
7 6 0.216467 0.016218 * 7  4  6  0 
7 6 0.315509 0.013866 * 7  9  3  6 
8 6 0.377308 0.025923 * 8  2  5  6  0 
8 6 0.447162 0.013440 * 8  11   1   4   6 
8 6 0.474455 0.013440 * 8  11   1   5   6 
9 6 0.213312 0.004391 * 9  3  6 
10 6 0.217307 0.015097 * 10   3   6   0 
10 6 0.315050 0.006520 * 10   9   3   6 
11 6 0.331721 0.019579 * 11   1   4   6 
11 6 0.359013 0.037736 * 11   1   5   6 
1 7 0.235603 0.128933 * 1  4  7 
2 7 0.486252 0.198155 * 2  5  1  4  7  0 
2 7 0.591639 0.064719 * 2  5  6  3  9  7 
2 7 0.513516 0.509804 * 2  5  6  4  7  0 
2 7 0.581966 0.020248 * 2   8  11   1   4   7 
3 7 0.204103 0.022388 * 3  9  7 
4 7 0.122284 0.041732 * 4  7 
5 7 0.345011 0.045777 * 5  1  4  7  0 
5 7 0.450399 0.014951 * 5  6  3  9  7 
5 7 0.372276 0.117772 * 5  6  4  7  0 
6 7 0.318767 0.005477 * 6  3  9  7 
6 7 0.240644 0.043141 * 6  4  7  0 
8 7 0.468082 0.279296 * 8  11   1   4   7 
9 7 0.102915 0.055520 * 9  7 
10 7 0.309760 0.027043 * 10   3   9   7 
10 7 0.204653 0.097542 * 10   9   7   0 
11 7 0.352641 0.304082 * 11   1   4   7 
1 8 0.338618 0.039945 * 1  5  2  8 
1 8 0.249782 0.162579 * 1  11   8   0 
2 8 0.113884 0.354391 * 2  8 
3 8 0.449973 0.070543 * 3  6  5  2  8 
4 8 0.462717 0.036954 * 4  1  5  2  8 
4 8 0.373881 0.138974 * 4   1  11   8   0 
4 8 0.439688 0.017680 * 4  6  5  2  8 
5 8 0.228274 0.237329 * 5  2  8 
6 8 0.338324 0.099688 * 6  5  2  8 
7 8 0.577818 0.074272 * 7  4  1  5  2  8 
7 8 0.488983 0.221885 * 7   4   1  11   8   0 
7 8 0.554790 0.035535 * 7  4  6  5  2  8 
9 8 0.551636 0.002378 * 9  3  6  5  2  8  0 
9 8 0.680734 0.014411 * 9  7  4  1  5  2  8 
9 8 0.591898 0.014411 * 9   7   4   1  11   8   0 
9 8 0.657705 0.008179 * 9  7  4  6  5  2  8 
10 8 0.555631 0.015430 * 10   3   6   5   2   8   0   0 
10 8 0.653374 0.008996 * 10   9   3   6   5   2   8   0 
10 8 0.782472 0.047044 * 10   9   7   4   1   5   2   8 
10 8 0.693636 0.047044 * 10   9   7   4   1  11   8   0 
10 8 0.759443 0.030935 * 10   9   7   4   6   5   2   8 
11 8 0.111958 0.295175 * 11   8 
1 9 0.430535 0.000555 * 1  4  6  3  9 
1 9 0.337800 0.003959 * 1  4  7  9  0 
2 9 0.681184 0.005477 * 2  5  1  4  6  3  9 
2 9 0.588448 0.032425 * 2  5  1  4  7  9  0 
2 9 0.488724 0.014843 * 2  5  6  3  9  0  0 
3 9 0.101187 0.018518 * 3  9 
4 9 0.317216 0.000541 * 4  6  3  9 
4 9 0.224480 0.003864 * 4  7  9  0 
5 9 0.539943 0.001442 * 5  1  4  6  3  9 
5 9 0.447207 0.008535 * 5  1  4  7  9  0 
5 9 0.347484 0.003907 * 5  6  3  9  0  0 
6 9 0.215852 0.002041 * 6  3  9 
7 9 0.102196 0.033538 * 7  9 
8 9 0.785619 0.004473 * 8  2  5  1  4  6  3  9 
8 9 0.692883 0.010008 * 8  2  5  1  4  7  9  0 
8 9 0.593159 0.010008 * 8  2  5  6  3  9  0  0 
8 9 0.663014 0.003520 * 8  11   1   4   6   3   9   0 
8 9 0.570278 0.003520 * 8  11   1   4   7   9   0   0 
10 9 0.206845 0.003150 * 10   3   9 
10 9 0.101738 0.011361 * 10   9   0 
11 9 0.547573 0.002547 * 11   1   4   6   3   9 
11 9 0.454837 0.003476 * 11   1   4   7   9   0 
1 10 0.531903 0.010337 * 1   4   6   3   9  10 
1 10 0.436881 0.010337 * 1   4   6   3  10   0 
1 10 0.439167 0.013167 * 1   4   7   9  10   0 
1 10 0.559195 0.025090 * 1   5   6   3   9  10 
1 10 0.464174 0.025090 * 1   5   6   3  10   0 
2 10 0.590092 0.082682 * 2   5   6   3   9  10 
2 10 0.495070 0.335103 * 2   5   6   3  10   0 
3 10 0.202555 0.003069 * 3   9  10 
3 10 0.107533 0.014135 * 3  10   0 
4 10 0.418584 0.003180 * 4   6   3   9  10 
4 10 0.323562 0.003180 * 4   6   3  10   0 
4 10 0.325848 0.004050 * 4   7   9  10   0 
5 10 0.448851 0.003671 * 5   6   3   9  10 
5 10 0.353830 0.016906 * 5   6   3  10   0 
6 10 0.317219 0.003253 * 6   3   9  10 
6 10 0.222198 0.014982 * 6   3  10   0 
7 10 0.203564 0.112287 * 7   9  10 
8 10 0.694527 0.019484 * 8   2   5   6   3   9  10   0 
8 10 0.599505 0.019484 * 8   2   5   6   3  10   0   0 
8 10 0.764382 0.011877 * 8  11   1   4   6   3   9  10 
8 10 0.669360 0.011877 * 8  11   1   4   6   3  10   0 
8 10 0.671646 0.013516 * 8  11   1   4   7   9  10   0 
8 10 0.791674 0.013516 * 8  11   1   5   6   3   9  10 
8 10 0.696652 0.013516 * 8  11   1   5   6   3  10   0 
9 10 0.101368 0.012615 * 9  10 
11 10 0.648940 0.005003 * 11   1   4   6   3   9  10 
11 10 0.553919 0.005003 * 11   1   4   6   3  10   0 
11 10 0.556204 0.006373 * 11   1   4   7   9  10   0 
11 10 0.676233 0.010809 * 11   1   5   6   3   9  10 
11 10 0.581211 0.010809 * 11   1   5   6   3  10   0 
1 11 0.137825 0.689456 * 1  11 
2 11 0.229325 0.268682 * 2   8  11 
3 11 0.491932 0.116829 * 3   6   4   1  11   0 
3 11 0.468931 0.097721 * 3   6   5   1  11   0 
3 11 0.565414 0.028575 * 3   6   5   2   8  11 
4 11 0.261923 0.151770 * 4   1  11 
5 11 0.247233 0.299853 * 5   1  11   0 
5 11 0.343715 0.037771 * 5   2   8  11 
6 11 0.380282 0.023303 * 6   4   1  11   0 
6 11 0.357282 0.019492 * 6   5   1  11   0 
6 11 0.453765 0.005700 * 6   5   2   8  11 
7 11 0.377025 0.342953 * 7   4   1  11 
8 11 0.115441 0.656457 * 8  11 
9 11 0.593595 0.006450 * 9   3   6   4   1  11   0 
9 11 0.570594 0.006450 * 9   3   6   5   1  11   0 
9 11 0.667077 0.006450 * 9   3   6   5   2   8  11 
9 11 0.479940 0.003724 * 9   7   4   1  11   0   0 
10 11 0.597590 0.039016 * 10   3   6   4   1  11   0   0 
10 11 0.574589 0.039016 * 10   3   6   5   1  11   0   0 
10 11 0.671072 0.022326 * 10   3   6   5   2   8  11   0 
10 11 0.695333 0.022189 * 10   9   3   6   4   1  11   0 
10 11 0.672332 0.022189 * 10   9   3   6   5   1  11   0 
10 11 0.768815 0.022189 * 10   9   3   6   5   2   8  11 
10 11 0.581678 0.012810 * 10   9   7   4   1  11   0   0 
