2  5  1  0 
0.108734
2   8  11   1 
0.009491
3  6  4  1 
0.015985
3  6  5  1 
0.010455
4  1 
0.072818
5  1 
0.153246
6  4  1 
0.021882
6  5  1 
0.014311
7  4  1 
0.109203
8  11   1 
0.103741
9  3  6  4  1 
0.009423
9  3  6  5  1 
0.009423
9  7  4  1  0 
0.002852
10   3   6   4   1   0 
0.020148
10   3   6   5   1   0 
0.020148
10   9   3   6   4   1 
0.003350
10   9   3   6   5   1 
0.003350
10   9   7   4   1   0 
0.003141
11   1 
0.332470
1  5  2  0 
0.058507
1  11   8   2 
0.058507
3  6  5  2 
0.090622
4  1  5  2  0 
0.022518
4   1  11   8   2 
0.022518
4  6  5  2  0 
0.006971
5  2 
0.206761
6  5  2 
0.060010
7  4  1  5  2  0 
0.047727
7   4   1  11   8   2 
0.047727
7  4  6  5  2  0 
0.017135
7  9  3  6  5  2 
0.011231
8  2 
0.052887
9  3  6  5  2 
0.011505
10   3   6   5   2   0 
0.030670
10   9   3   6   5   2 
0.003915
11   8   2 
0.077277
1  4  6  3  0 
0.007341
1  4  7  9  3 
0.007308
1  5  6  3  0 
0.010974
2  5  6  3 
0.206279
4  6  3  0 
0.019661
4  7  9  3 
0.019573
5  6  3 
0.040296
6  3 
0.090473
7  9  3 
0.125745
8  2  5  6  3  0  0 
0.020143
8  11   1   4   6   3   0 
0.015184
8  11   1   4   7   9   3 
0.015184
8  11   1   5   6   3   0 
0.015184
9  3 
0.070168
10   9   3 
0.010015
10   3   0 
0.078456
11   1   4   6   3   0 
0.025448
11   1   4   7   9   3 
0.025334
11   1   5   6   3   0 
0.038044
1  4 
0.030017
2  5  1  4  0 
0.037230
2  5  6  4  0 
0.078355
2   8  11   1   4 
0.002090
3  6  4  0 
0.014440
3  9  7  4 
0.002856
5  1  4 
0.019433
5  6  4 
0.044161
6  4 
0.026966
7  4 
0.425992
8  11   1   4 
0.022311
9  7  4 
0.015629
10   3   6   4   0 
0.021724
10   3   9   7   4 
0.005861
10   9   7   4   0 
0.001159
11   1   4 
0.046977
1  5 
0.113485
2  5 
0.534223
3  6  5 
0.059329
4  1  5 
0.028772
4  6  5 
0.017813
6  5 
0.082149
7  4  1  5  0 
0.058992
7  4  6  5  0 
0.036523
7  9  3  6  5 
0.023611
8  2  5  0 
0.128499
8  11   1   5 
0.052895
9  3  6  5 
0.043564
10   3   6   5   0 
0.072189
10   9   3   6   5 
0.009215
11   1   5 
0.232242
1  4  6 
0.015944
1  5  6 
0.038273
2  5  6 
0.213933
3  6 
0.074164
4  6 
0.024683
5  6 
0.076032
7  4  6  0 
0.028761
7  9  3  6 
0.028632
8  2  5  6  0 
0.018135
8  11   1   4   6 
0.010575
8  11   1   5   6 
0.010575
9  3  6 
0.007067
10   3   6   0 
0.018317
10   9   3   6 
0.002338
11   1   4   6 
0.023151
11   1   5   6 
0.048260
1  4  7 
0.076632
2  5  1  4  7  0  0 
0.133953
2  5  6  3  9  7  0 
0.088049
2   5   6   3  10   9   7 
0.032803
2  5  6  4  7  0  0 
0.336472
2   8  11   1   4   7   0 
0.008148
3  9  7  0 
0.056804
3  10   9   7 
0.018354
4  7 
0.077984
5  1  4  7  0  0 
0.057783
5  6  3  9  7  0 
0.037982
5   6   3  10   9   7 
0.014150
5  6  4  7  0  0 
0.145144
6  3  9  7  0 
0.012654
6   3  10   9   7 
0.004715
6  4  7  0  0 
0.048358
8  11   1   4   7 
0.290716
9  7 
0.014945
10   9   7 
0.175946
11   1   4   7 
0.386822
1  5  2  8 
0.032142
1  11   8   0 
0.151571
2  8 
0.358581
3  6  5  2  8 
0.101631
4  1  5  2  8 
0.036692
4   1  11   8   0 
0.163388
4  6  5  2  8 
0.017698
5  2  8 
0.342466
6  5  2  8 
0.155874
7  4  1  5  2  8 
0.084622
7   4   1  11   8   0 
0.290965
7  4  6  5  2  8 
0.040816
9  3  6  5  2  8  0 
0.002832
9  7  4  1  5  2  8 
0.013732
9   7   4   1  11   8   0 
0.013732
9  7  4  6  5  2  8 
0.011494
10   3   6   5   2   8   0   0 
0.040150
10   9   3   6   5   2   8   0 
0.008735
10   9   7   4   1   5   2   8 
0.029977
10   9   7   4   1  11   8   0 
0.029977
10   9   7   4   6   5   2   8 
0.029977
11   8 
0.399812
1   4   6   3  10   9 
0.001448
1  4  6  3  9  0 
0.001448
1  4  7  9  0  0 
0.002757
2   5   1   4   6   3  10   9 
0.006114
2  5  1  4  6  3  9  0 
0.006114
2  5  1  4  7  9  0  0 
0.010858
2   5   6   3  10   9   0   0 
0.006769
2  5  6  3  9  0  0  0 
0.008974
3  10   9 
0.013674
3  9  0 
0.042321
4   6   3  10   9 
0.002277
4  6  3  9  0 
0.002277
4  7  9  0  0 
0.004337
5   1   4   6   3  10   9 
0.006456
5  1  4  6  3  9  0 
0.006456
5  1  4  7  9  0  0 
0.011466
5   6   3  10   9   0   0 
0.007148
5  6  3  9  0  0  0 
0.009477
6   3  10   9 
0.002158
6  3  9  0 
0.005283
7  9 
0.009889
8   2   5   1   4   6   3  10   9 
0.004269
8  2  5  1  4  6  3  9  0 
0.004269
8  2  5  1  4  7  9  0  0 
0.004269
8   2   5   6   3  10   9   0   0 
0.004269
8  2  5  6  3  9  0  0  0 
0.004269
8  11   1   4   6   3  10   9   0 
0.000962
8  11   1   4   6   3   9   0   0 
0.000962
8  11   1   4   7   9   0   0   0 
0.000962
10   9 
0.020703
11   1   4   6   3  10   9 
0.005216
11   1   4   6   3   9   0 
0.005216
11   1   4   7   9   0   0 
0.005216
1   4   6   3   9  10 
0.013175
1   4   6   3  10   0 
0.013175
1   4   7   9  10   0 
0.009807
1   5   6   3   9  10 
0.025560
1   5   6   3  10   0 
0.025560
2   5   6   3   9  10 
0.088107
2   5   6   3  10   0 
0.161342
3   9  10 
0.009529
3  10   0 
0.022731
4   6   3   9  10 
0.006241
4   6   3  10   0 
0.006241
4   7   9  10   0 
0.004645
5   6   3   9  10 
0.015258
5   6   3  10   0 
0.036395
6   3   9  10 
0.006253
6   3  10   0 
0.014915
7   9  10 
0.133865
8   2   5   6   3   9  10   0 
0.015904
8   2   5   6   3  10   0   0 
0.015904
8  11   1   4   6   3   9  10 
0.011304
8  11   1   4   6   3  10   0 
0.011304
8  11   1   4   7   9  10   0 
0.011304
8  11   1   5   6   3   9  10 
0.011304
8  11   1   5   6   3  10   0 
0.011304
9  10 
0.035786
11   1   4   6   3   9  10 
0.007863
11   1   4   6   3  10   0 
0.007863
11   1   4   7   9  10   0 
0.005853
11   1   5   6   3   9  10 
0.012928
11   1   5   6   3  10   0 
0.012928
1  11 
0.496079
2   8  11 
0.453278
3   6   4   1  11   0 
0.116295
3   6   5   1  11   0 
0.082700
3   6   5   2   8  11 
0.015969
4   1  11 
0.074027
5   1  11   0 
0.283780
5   2   8  11 
0.024771
6   4   1  11   0 
0.056289
6   5   1  11   0 
0.040028
6   5   2   8  11 
0.007729
7   4   1  11 
0.416004
8  11 
0.866292
9   3   6   4   1  11   0 
0.007126
9   3   6   5   1  11   0 
0.007126
9   3   6   5   2   8  11 
0.007126
9   7   4   1  11   0   0 
0.002085
10   3   6   4   1  11   0   0 
0.070192
10   3   6   5   1  11   0   0 
0.070192
10   3   6   5   2   8  11   0 
0.017555
10   9   3   6   4   1  11   0 
0.011581
10   9   3   6   5   1  11   0 
0.011581
10   9   3   6   5   2   8  11 
0.011581
10   9   7   4   1  11   0   0 
0.004820
