2 1 0.249137 0.055152 * 2  5  1  0 
2 1 0.355469 0.006365 * 2   8  11   1 
3 1 0.355150 0.008589 * 3  6  4  1 
3 1 0.331731 0.005933 * 3  6  5  1 
4 1 0.122832 0.086411 * 4  1 
5 1 0.108317 0.081078 * 5  1 
6 1 0.242513 0.011597 * 6  4  1 
6 1 0.219094 0.008011 * 6  5  1 
7 1 0.238990 0.091416 * 7  4  1 
8 1 0.238178 0.082322 * 8  11   1 
9 1 0.457518 0.006533 * 9  3  6  4  1 
9 1 0.434099 0.006533 * 9  3  6  5  1 
9 1 0.342368 0.004101 * 9  7  4  1  0 
10 1 0.461650 0.017065 * 10   3   6   4   1   0 
10 1 0.438231 0.017065 * 10   3   6   5   1   0 
10 1 0.559627 0.010733 * 10   9   3   6   4   1 
10 1 0.536208 0.010733 * 10   9   3   6   5   1 
10 1 0.444477 0.007075 * 10   9   7   4   1   0 
11 1 0.119634 0.440301 * 11   1 
1 2 0.222607 0.027802 * 1  5  2  0 
1 2 0.352850 0.027802 * 1  11   8   2 
3 2 0.336608 0.079095 * 3  6  5  2 
4 2 0.345439 0.011077 * 4  1  5  2  0 
4 2 0.475682 0.011077 * 4   1  11   8   2 
4 2 0.325146 0.004262 * 4  6  5  2  0 
5 2 0.113193 0.132941 * 5  2 
6 2 0.223971 0.045040 * 6  5  2 
7 2 0.461597 0.032918 * 7  4  1  5  2  0 
7 2 0.591840 0.032918 * 7   4   1  11   8   2 
7 2 0.441304 0.012667 * 7  4  6  5  2  0 
7 2 0.541592 0.006386 * 7  9  3  6  5  2 
8 2 0.105370 0.053729 * 8  2 
9 2 0.438975 0.014405 * 9  3  6  5  2 
10 2 0.443108 0.035343 * 10   3   6   5   2   0 
10 2 0.541084 0.013657 * 10   9   3   6   5   2 
11 2 0.218079 0.062292 * 11   8   2 
1 3 0.329709 0.008448 * 1  4  6  3  0 
1 3 0.443197 0.005814 * 1  4  7  9  3 
1 3 0.356822 0.015111 * 1  5  6  3  0 
2 3 0.388230 0.234184 * 2  5  6  3 
4 3 0.215916 0.011612 * 4  6  3  0 
4 3 0.329404 0.007992 * 4  7  9  3 
5 3 0.247409 0.036222 * 5  6  3 
6 3 0.114741 0.074485 * 6  3 
7 3 0.204985 0.050462 * 7  9  3 
8 3 0.493600 0.024893 * 8  2  5  6  3  0  0 
8 3 0.567887 0.013205 * 8  11   1   4   6   3   0 
8 3 0.681375 0.013205 * 8  11   1   4   7   9   3 
8 3 0.595000 0.013205 * 8  11   1   5   6   3   0 
9 3 0.102368 0.072013 * 9  3 
10 3 0.204477 0.024598 * 10   9   3 
10 3 0.106500 0.063660 * 10   3   0 
11 3 0.449343 0.019026 * 11   1   4   6   3   0 
11 3 0.562831 0.013094 * 11   1   4   7   9   3 
11 3 0.476456 0.034032 * 11   1   5   6   3   0 
1 4 0.113792 0.025749 * 1  4 
2 4 0.362930 0.047164 * 2  5  1  4  0 
2 4 0.393169 0.116636 * 2  5  6  4  0 
2 4 0.469261 0.004427 * 2   8  11   1   4 
3 4 0.232318 0.009918 * 3  6  4  0 
3 4 0.321164 0.001064 * 3  9  7  4 
5 4 0.222109 0.010768 * 5  1  4 
5 4 0.252349 0.026628 * 5  6  4 
6 4 0.119681 0.024325 * 6  4 
7 4 0.116158 0.241036 * 7  4 
8 4 0.351970 0.044353 * 8  11   1   4 
9 4 0.219535 0.004621 * 9  7  4 
10 4 0.338818 0.026550 * 10   3   6   4   0 
10 4 0.427664 0.003541 * 10   3   9   7   4 
10 4 0.321644 0.009833 * 10   9   7   4   0 
11 4 0.233426 0.021081 * 11   1   4 
1 5 0.109413 0.082394 * 1  5 
2 5 0.140821 0.576377 * 2  5 
3 5 0.223414 0.059776 * 3  6  5 
4 5 0.232245 0.019663 * 4  1  5 
4 5 0.211952 0.013264 * 4  6  5 
6 5 0.110777 0.061324 * 6  5 
7 5 0.348404 0.062606 * 7  4  1  5  0 
7 5 0.328110 0.042231 * 7  4  6  5  0 
7 5 0.428399 0.021820 * 7  9  3  6  5 
8 5 0.246191 0.093241 * 8  2  5  0 
8 5 0.347591 0.029677 * 8  11   1   5 
9 5 0.325782 0.038554 * 9  3  6  5 
10 5 0.329915 0.036117 * 10   3   6   5   0 
10 5 0.427891 0.013956 * 10   9   3   6   5 
11 5 0.229047 0.225077 * 11   1   5 
1 6 0.214968 0.004384 * 1  4  6 
1 6 0.242081 0.011103 * 1  5  6 
2 6 0.273489 0.194992 * 2  5  6 
3 6 0.112637 0.024280 * 3  6 
4 6 0.101175 0.020984 * 4  6 
5 6 0.132668 0.122614 * 5  6 
7 6 0.217333 0.019332 * 7  4  6  0 
7 6 0.317622 0.013305 * 7  9  3  6 
8 6 0.378859 0.033340 * 8  2  5  6  0 
8 6 0.453145 0.014802 * 8  11   1   4   6 
8 6 0.480259 0.014802 * 8  11   1   5   6 
9 6 0.215005 0.005839 * 9  3  6 
10 6 0.219137 0.019379 * 10   3   6   0 
10 6 0.317114 0.007488 * 10   9   3   6 
11 6 0.334601 0.014436 * 11   1   4   6 
11 6 0.361715 0.036558 * 11   1   5   6 
1 7 0.238212 0.078245 * 1  4  7 
2 7 0.487350 0.208920 * 2  5  1  4  7  0 
2 7 0.593235 0.060008 * 2  5  6  3  9  7 
2 7 0.517589 0.559441 * 2  5  6  4  7  0 
2 7 0.593681 0.018734 * 2   8  11   1   4   7 
3 7 0.205005 0.041620 * 3  9  7 
4 7 0.124420 0.053436 * 4  7 
5 7 0.346529 0.059498 * 5  1  4  7  0 
5 7 0.452415 0.017090 * 5  6  3  9  7 
5 7 0.376768 0.159323 * 5  6  4  7  0 
6 7 0.319747 0.006215 * 6  3  9  7 
6 7 0.244100 0.057940 * 6  4  7  0 
8 7 0.476390 0.349416 * 8  11   1   4   7 
9 7 0.103377 0.042438 * 9  7 
10 7 0.311506 0.032186 * 10   3   9   7 
10 7 0.205486 0.123047 * 10   9   7   0 
11 7 0.357846 0.303204 * 11   1   4   7 
1 8 0.339897 0.039693 * 1  5  2  8 
1 8 0.247480 0.158468 * 1  11   8   0 
2 8 0.117291 0.418541 * 2  8 
3 8 0.453898 0.104183 * 3  6  5  2  8 
4 8 0.462730 0.035169 * 4  1  5  2  8 
4 8 0.370312 0.133349 * 4   1  11   8   0 
4 8 0.442436 0.018018 * 4  6  5  2  8 
5 8 0.230484 0.259860 * 5  2  8 
6 8 0.341261 0.119186 * 6  5  2  8 
7 8 0.578888 0.083258 * 7  4  1  5  2  8 
7 8 0.486470 0.264240 * 7   4   1  11   8   0 
7 8 0.558595 0.042655 * 7  4  6  5  2  8 
9 8 0.556266 0.002971 * 9  3  6  5  2  8  0 
9 8 0.682265 0.017867 * 9  7  4  1  5  2  8 
9 8 0.589847 0.017867 * 9   7   4   1  11   8   0 
9 8 0.661972 0.011304 * 9  7  4  6  5  2  8 
10 8 0.560399 0.015830 * 10   3   6   5   2   8   0   0 
10 8 0.658375 0.009007 * 10   9   3   6   5   2   8   0 
10 8 0.784374 0.042904 * 10   9   7   4   1   5   2   8 
10 8 0.691956 0.042904 * 10   9   7   4   1  11   8   0 
10 8 0.764081 0.034270 * 10   9   7   4   6   5   2   8 
11 8 0.112709 0.290361 * 11   8 
1 9 0.431337 0.000365 * 1  4  6  3  9 
1 9 0.340829 0.002484 * 1  4  7  9  0 
2 9 0.680474 0.004527 * 2  5  1  4  6  3  9 
2 9 0.589967 0.021772 * 2  5  1  4  7  9  0 
2 9 0.489858 0.010221 * 2  5  6  3  9  0  0 
3 9 0.101628 0.043068 * 3  9 
4 9 0.317544 0.000567 * 4  6  3  9 
4 9 0.227037 0.003863 * 4  7  9  0 
5 9 0.539654 0.000966 * 5  1  4  6  3  9 
5 9 0.449146 0.004648 * 5  1  4  7  9  0 
5 9 0.349037 0.002182 * 5  6  3  9  0  0 
6 9 0.216369 0.004616 * 6  3  9 
7 9 0.102617 0.036464 * 7  9 
8 9 0.785845 0.003944 * 8  2  5  1  4  6  3  9 
8 9 0.695337 0.008910 * 8  2  5  1  4  7  9  0 
8 9 0.595228 0.008905 * 8  2  5  6  3  9  0  0 
8 9 0.669515 0.002794 * 8  11   1   4   6   3   9   0 
8 9 0.579007 0.002794 * 8  11   1   4   7   9   0   0 
10 9 0.208129 0.002947 * 10   3   9 
10 9 0.102109 0.011267 * 10   9   0 
11 9 0.550971 0.004311 * 11   1   4   6   3   9 
11 9 0.460463 0.009525 * 11   1   4   7   9   0 
1 10 0.532986 0.011405 * 1   4   6   3   9  10 
1 10 0.437467 0.011405 * 1   4   6   3  10   0 
1 10 0.442478 0.013885 * 1   4   7   9  10   0 
1 10 0.560099 0.025882 * 1   5   6   3   9  10 
1 10 0.464580 0.025882 * 1   5   6   3  10   0 
2 10 0.591507 0.080633 * 2   5   6   3   9  10 
2 10 0.495988 0.312233 * 2   5   6   3  10   0 
3 10 0.203277 0.005546 * 3   9  10 
3 10 0.107758 0.025473 * 3  10   0 
4 10 0.419193 0.002870 * 4   6   3   9  10 
4 10 0.323674 0.002870 * 4   6   3  10   0 
4 10 0.328685 0.003495 * 4   7   9  10   0 
5 10 0.450686 0.004727 * 5   6   3   9  10 
5 10 0.355167 0.021713 * 5   6   3  10   0 
6 10 0.318018 0.003395 * 6   3   9  10 
6 10 0.222499 0.015594 * 6   3  10   0 
7 10 0.204266 0.141798 * 7   9  10 
8 10 0.696877 0.024281 * 8   2   5   6   3   9  10   0 
8 10 0.601358 0.024281 * 8   2   5   6   3  10   0   0 
8 10 0.771163 0.013140 * 8  11   1   4   6   3   9  10 
8 10 0.675645 0.013140 * 8  11   1   4   6   3  10   0 
8 10 0.680656 0.014495 * 8  11   1   4   7   9  10   0 
8 10 0.798277 0.014495 * 8  11   1   5   6   3   9  10 
8 10 0.702758 0.014495 * 8  11   1   5   6   3  10   0 
9 10 0.101649 0.016525 * 9  10 
11 10 0.652619 0.005191 * 11   1   4   6   3   9  10 
11 10 0.557101 0.005191 * 11   1   4   6   3  10   0 
11 10 0.562112 0.006319 * 11   1   4   7   9  10   0 
11 10 0.679733 0.010643 * 11   1   5   6   3   9  10 
11 10 0.584214 0.010643 * 11   1   5   6   3  10   0 
1 11 0.134771 0.638429 * 1  11 
2 11 0.235835 0.377456 * 2   8  11 
3 11 0.489921 0.104515 * 3   6   4   1  11   0 
3 11 0.466502 0.080529 * 3   6   5   1  11   0 
3 11 0.572442 0.018964 * 3   6   5   2   8  11 
4 11 0.257603 0.092687 * 4   1  11 
5 11 0.243088 0.227976 * 5   1  11   0 
5 11 0.349028 0.026312 * 5   2   8  11 
6 11 0.377284 0.038856 * 6   4   1  11   0 
6 11 0.353865 0.029939 * 6   5   1  11   0 
6 11 0.459805 0.007050 * 6   5   2   8  11 
7 11 0.373762 0.324495 * 7   4   1  11 
8 11 0.118544 0.704534 * 8  11 
9 11 0.592289 0.008266 * 9   3   6   4   1  11   0 
9 11 0.568870 0.008266 * 9   3   6   5   1  11   0 
9 11 0.674810 0.006243 * 9   3   6   5   2   8  11 
9 11 0.477139 0.004955 * 9   7   4   1  11   0   0 
10 11 0.596422 0.044646 * 10   3   6   4   1  11   0   0 
10 11 0.573003 0.044646 * 10   3   6   5   1  11   0   0 
10 11 0.678943 0.018070 * 10   3   6   5   2   8  11   0 
10 11 0.694398 0.023926 * 10   9   3   6   4   1  11   0 
10 11 0.670979 0.023926 * 10   9   3   6   5   1  11   0 
10 11 0.776919 0.018070 * 10   9   3   6   5   2   8  11 
10 11 0.579248 0.014342 * 10   9   7   4   1  11   0   0 
