2 1 0.253162 0.089528 * 2  5  1  0 
2 1 0.349663 0.009911 * 2   8  11   1 
3 1 0.344127 0.005837 * 3  6  4  1 
3 1 0.326079 0.005072 * 3  6  5  1 
4 1 0.119731 0.008530 * 4  1 
5 1 0.108759 0.086044 * 5  1 
6 1 0.235421 0.008249 * 6  4  1 
6 1 0.217373 0.007168 * 6  5  1 
7 1 0.234974 0.092178 * 7  4  1 
8 1 0.233987 0.074604 * 8  11   1 
9 1 0.445453 0.005788 * 9  3  6  4  1 
9 1 0.427404 0.005788 * 9  3  6  5  1 
9 1 0.338993 0.006195 * 9  7  4  1  0 
10 1 0.447852 0.009052 * 10   3   6   4   1   0 
10 1 0.429804 0.009052 * 10   3   6   5   1   0 
10 1 0.548776 0.008182 * 10   9   3   6   4   1 
10 1 0.530728 0.008182 * 10   9   3   6   5   1 
10 1 0.442316 0.008759 * 10   9   7   4   1   0 
11 1 0.118707 0.486720 * 11   1 
1 2 0.225066 0.048139 * 1  5  2  0 
1 2 0.348150 0.048139 * 1  11   8   2 
3 2 0.331606 0.049133 * 3  6  5  2 
4 2 0.344797 0.028261 * 4  1  5  2  0 
4 2 0.467881 0.028261 * 4   1  11   8   2 
4 2 0.324043 0.009621 * 4  6  5  2  0 
5 2 0.114286 0.131414 * 5  2 
6 2 0.222900 0.045839 * 6  5  2 
7 2 0.460040 0.036516 * 7  4  1  5  2  0 
7 2 0.583124 0.036516 * 7   4   1  11   8   2 
7 2 0.439286 0.016006 * 7  4  6  5  2  0 
7 2 0.534894 0.006928 * 7  9  3  6  5  2 
8 2 0.104992 0.030068 * 8  2 
9 2 0.432931 0.007812 * 9  3  6  5  2 
10 2 0.435331 0.029771 * 10   3   6   5   2   0 
10 2 0.536255 0.014881 * 10   9   3   6   5   2 
11 2 0.217447 0.052503 * 11   8   2 
1 3 0.330455 0.011779 * 1  4  6  3  0 
1 3 0.436711 0.009279 * 1  4  7  9  3 
1 3 0.361122 0.023299 * 1  5  6  3  0 
2 3 0.394744 0.245635 * 2  5  6  3 
4 3 0.218073 0.017988 * 4  6  3  0 
4 3 0.324329 0.014170 * 4  7  9  3 
5 3 0.250342 0.036412 * 5  6  3 
6 3 0.116930 0.086313 * 6  3 
7 3 0.203289 0.019205 * 7  9  3 
8 3 0.499736 0.026714 * 8  2  5  6  3  0  0 
8 3 0.564442 0.014164 * 8  11   1   4   6   3   0 
8 3 0.670698 0.014164 * 8  11   1   4   7   9   3 
8 3 0.595109 0.014164 * 8  11   1   5   6   3   0 
9 3 0.101326 0.056203 * 9  3 
10 3 0.204649 0.027792 * 10   9   3 
10 3 0.103725 0.055603 * 10   3   0 
11 3 0.449163 0.020320 * 11   1   4   6   3   0 
11 3 0.555418 0.016007 * 11   1   4   7   9   3 
11 3 0.479829 0.040194 * 11   1   5   6   3   0 
1 4 0.112382 0.026291 * 1  4 
2 4 0.365544 0.047798 * 2  5  1  4  0 
2 4 0.393505 0.111837 * 2  5  6  4  0 
2 4 0.462045 0.004102 * 2   8  11   1   4 
3 4 0.224396 0.008341 * 3  6  4  0 
3 4 0.320248 0.001353 * 3  9  7  4 
5 4 0.221142 0.013761 * 5  1  4 
5 4 0.249102 0.032197 * 5  6  4 
6 4 0.115690 0.018411 * 6  4 
7 4 0.115243 0.235610 * 7  4 
8 4 0.346369 0.027624 * 8  11   1   4 
9 4 0.219262 0.007140 * 9  7  4 
10 4 0.328121 0.005691 * 10   3   6   4   0 
10 4 0.423973 0.001938 * 10   3   9   7   4 
10 4 0.322585 0.004897 * 10   9   7   4   0 
11 4 0.231089 0.023728 * 11   1   4 
1 5 0.110780 0.061523 * 1  5 
2 5 0.144402 0.698412 * 2  5 
3 5 0.217319 0.075326 * 3  6  5 
4 5 0.230511 0.025757 * 4  1  5 
4 5 0.209757 0.016342 * 4  6  5 
6 5 0.108614 0.044498 * 6  5 
7 5 0.345754 0.054388 * 7  4  1  5  0 
7 5 0.325000 0.034509 * 7  4  6  5  0 
7 5 0.420608 0.017950 * 7  9  3  6  5 
8 5 0.249394 0.119497 * 8  2  5  0 
8 5 0.344767 0.040669 * 8  11   1   5 
9 5 0.318645 0.012324 * 9  3  6  5 
10 5 0.321045 0.030526 * 10   3   6   5   0 
10 5 0.421969 0.015258 * 10   9   3   6   5 
11 5 0.229487 0.160818 * 11   1   5 
1 6 0.213526 0.009551 * 1  4  6 
1 6 0.244192 0.030604 * 1  5  6 
2 6 0.277814 0.225280 * 2  5  6 
3 6 0.108706 0.018105 * 3  6 
4 6 0.101143 0.017023 * 4  6 
5 6 0.133412 0.050488 * 5  6 
7 6 0.216386 0.011069 * 7  4  6  0 
7 6 0.311995 0.008720 * 7  9  3  6 
8 6 0.382806 0.022813 * 8  2  5  6  0 
8 6 0.447512 0.010187 * 8  11   1   4   6 
8 6 0.478179 0.010187 * 8  11   1   5   6 
9 6 0.210031 0.003334 * 9  3  6 
10 6 0.212431 0.017500 * 10   3   6   0 
10 6 0.313355 0.008747 * 10   9   3   6 
11 6 0.332233 0.022784 * 11   1   4   6 
11 6 0.362899 0.069381 * 11   1   5   6 
1 7 0.233422 0.115210 * 1  4  7 
2 7 0.486584 0.189247 * 2  5  1  4  7  0 
2 7 0.599749 0.075189 * 2  5  6  3  9  7 
2 7 0.514544 0.463427 * 2  5  6  4  7  0 
2 7 0.583085 0.016442 * 2   8  11   1   4   7 
3 7 0.205005 0.018366 * 3  9  7 
4 7 0.121040 0.040198 * 4  7 
5 7 0.342182 0.051534 * 5  1  4  7  0 
5 7 0.455347 0.020475 * 5  6  3  9  7 
5 7 0.370142 0.126197 * 5  6  4  7  0 
6 7 0.321935 0.004380 * 6  3  9  7 
6 7 0.236730 0.026993 * 6  4  7  0 
8 7 0.467409 0.262148 * 8  11   1   4   7 
9 7 0.104019 0.020951 * 9  7 
10 7 0.308730 0.017392 * 10   3   9   7 
10 7 0.207342 0.107193 * 10   9   7   0 
11 7 0.352129 0.270679 * 11   1   4   7 
1 8 0.340742 0.054246 * 1  5  2  8 
1 8 0.243158 0.191918 * 1  11   8   0 
2 8 0.115676 0.330174 * 2  8 
3 8 0.447282 0.086838 * 3  6  5  2  8 
4 8 0.460473 0.042521 * 4  1  5  2  8 
4 8 0.362889 0.128885 * 4   1  11   8   0 
4 8 0.439719 0.018021 * 4  6  5  2  8 
5 8 0.229962 0.387637 * 5  2  8 
6 8 0.338576 0.090977 * 6  5  2  8 
7 8 0.575716 0.068929 * 7  4  1  5  2  8 
7 8 0.478132 0.158214 * 7   4   1  11   8   0 
7 8 0.554962 0.029213 * 7  4  6  5  2  8 
9 8 0.548607 0.001151 * 9  3  6  5  2  8  0 
9 8 0.679735 0.011910 * 9  7  4  1  5  2  8 
9 8 0.582151 0.011910 * 9   7   4   1  11   8   0 
9 8 0.658981 0.006952 * 9  7  4  6  5  2  8 
10 8 0.551007 0.006788 * 10   3   6   5   2   8   0   0 
10 8 0.651931 0.004496 * 10   9   3   6   5   2   8   0 
10 8 0.783059 0.038503 * 10   9   7   4   1   5   2   8 
10 8 0.685474 0.038503 * 10   9   7   4   1  11   8   0 
10 8 0.762305 0.027160 * 10   9   7   4   6   5   2   8 
11 8 0.112455 0.363041 * 11   8 
1 9 0.431442 0.000418 * 1  4  6  3  9 
1 9 0.335385 0.004062 * 1  4  7  9  0 
2 9 0.684603 0.003217 * 2  5  1  4  6  3  9 
2 9 0.588547 0.024240 * 2  5  1  4  7  9  0 
2 9 0.495730 0.008343 * 2  5  6  3  9  0  0 
3 9 0.100986 0.024476 * 3  9 
4 9 0.319059 0.000293 * 4  6  3  9 
4 9 0.223003 0.002842 * 4  7  9  0 
5 9 0.540201 0.001274 * 5  1  4  6  3  9 
5 9 0.444145 0.009595 * 5  1  4  7  9  0 
5 9 0.351328 0.003302 * 5  6  3  9  0  0 
6 9 0.217916 0.002320 * 6  3  9 
7 9 0.101963 0.033868 * 7  9 
8 9 0.789595 0.002387 * 8  2  5  1  4  6  3  9 
8 9 0.693539 0.003938 * 8  2  5  1  4  7  9  0 
8 9 0.600722 0.003938 * 8  2  5  6  3  9  0  0 
8 9 0.665428 0.001147 * 8  11   1   4   6   3   9   0 
8 9 0.569372 0.001147 * 8  11   1   4   7   9   0   0 
10 9 0.204711 0.001579 * 10   3   9 
10 9 0.103324 0.009734 * 10   9   0 
11 9 0.550149 0.002872 * 11   1   4   6   3   9 
11 9 0.454093 0.005423 * 11   1   4   7   9   0 
1 10 0.532707 0.011029 * 1   4   6   3   9  10 
1 10 0.439539 0.011029 * 1   4   6   3  10   0 
1 10 0.436651 0.014955 * 1   4   7   9  10   0 
1 10 0.563373 0.027541 * 1   5   6   3   9  10 
1 10 0.470205 0.031530 * 1   5   6   3  10   0 
2 10 0.596995 0.080011 * 2   5   6   3   9  10 
2 10 0.503827 0.390043 * 2   5   6   3  10   0 
3 10 0.202251 0.002133 * 3   9  10 
3 10 0.109083 0.013148 * 3  10   0 
4 10 0.420324 0.003383 * 4   6   3   9  10 
4 10 0.327156 0.003383 * 4   6   3  10   0 
4 10 0.324268 0.004588 * 4   7   9  10   0 
5 10 0.452593 0.007197 * 5   6   3   9  10 
5 10 0.359425 0.044358 * 5   6   3  10   0 
6 10 0.319181 0.002256 * 6   3   9  10 
6 10 0.226013 0.013903 * 6   3  10   0 
7 10 0.203228 0.099684 * 7   9  10 
8 10 0.701987 0.023839 * 8   2   5   6   3   9  10   0 
8 10 0.608819 0.023839 * 8   2   5   6   3  10   0   0 
8 10 0.766693 0.014078 * 8  11   1   4   6   3   9  10 
8 10 0.673525 0.014078 * 8  11   1   4   6   3  10   0 
8 10 0.670637 0.014078 * 8  11   1   4   7   9  10   0 
8 10 0.797360 0.014078 * 8  11   1   5   6   3   9  10 
8 10 0.704192 0.014078 * 8  11   1   5   6   3  10   0 
9 10 0.101265 0.013801 * 9  10 
11 10 0.651414 0.009450 * 11   1   4   6   3   9  10 
11 10 0.558246 0.009450 * 11   1   4   6   3  10   0 
11 10 0.555358 0.012814 * 11   1   4   7   9  10   0 
11 10 0.682080 0.023598 * 11   1   5   6   3   9  10 
11 10 0.588912 0.026572 * 11   1   5   6   3  10   0 
1 11 0.130703 0.494093 * 1  11 
2 11 0.230956 0.312197 * 2   8  11 
3 11 0.474830 0.095009 * 3   6   4   1  11   0 
3 11 0.456782 0.091695 * 3   6   5   1  11   0 
3 11 0.562561 0.021596 * 3   6   5   2   8  11 
4 11 0.250434 0.083779 * 4   1  11 
5 11 0.239463 0.256988 * 5   1  11   0 
5 11 0.345242 0.028450 * 5   2   8  11 
6 11 0.366124 0.039310 * 6   4   1  11   0 
6 11 0.348076 0.037939 * 6   5   1  11   0 
6 11 0.453856 0.008935 * 6   5   2   8  11 
7 11 0.365677 0.317898 * 7   4   1  11 
8 11 0.115280 0.638210 * 8  11 
9 11 0.576156 0.003433 * 9   3   6   4   1  11   0 
9 11 0.558108 0.003433 * 9   3   6   5   1  11   0 
9 11 0.663887 0.003433 * 9   3   6   5   2   8  11 
9 11 0.469696 0.003495 * 9   7   4   1  11   0   0 
10 11 0.578555 0.033990 * 10   3   6   4   1  11   0   0 
10 11 0.560507 0.033990 * 10   3   6   5   1  11   0   0 
10 11 0.666287 0.020101 * 10   3   6   5   2   8  11   0 
10 11 0.679479 0.019775 * 10   9   3   6   4   1  11   0 
10 11 0.661431 0.019775 * 10   9   3   6   5   1  11   0 
10 11 0.767211 0.019775 * 10   9   3   6   5   2   8  11 
10 11 0.573019 0.020133 * 10   9   7   4   1  11   0   0 
