2  5  1  0 
0.079807
2   8  11   1 
0.009527
3  6  4  1 
0.015998
3  6  5  1 
0.012222
4  1 
0.011592
5  1 
0.104516
6  4  1 
0.007157
6  5  1 
0.005468
7  4  1 
0.092063
8  11   1 
0.079744
9  3  6  4  1 
0.006032
9  3  6  5  1 
0.006032
9  7  4  1  0 
0.003939
10   3   6   4   1   0 
0.015308
10   3   6   5   1   0 
0.015308
10   9   3   6   4   1 
0.008737
10   9   3   6   5   1 
0.008737
10   9   7   4   1   0 
0.006248
11   1 
0.450668
1  5  2  0 
0.042755
1  11   8   2 
0.042755
3  6  5  2 
0.054353
4  1  5  2  0 
0.024072
4   1  11   8   2 
0.024072
4  6  5  2  0 
0.009962
5  2 
0.117275
6  5  2 
0.040263
7  4  1  5  2  0 
0.047161
7   4   1  11   8   2 
0.047161
7  4  6  5  2  0 
0.019517
7  9  3  6  5  2 
0.008824
8  2 
0.034168
9  3  6  5  2 
0.015446
10   3   6   5   2   0 
0.035576
10   9   3   6   5   2 
0.012284
11   8   2 
0.044566
1  4  6  3  0 
0.008080
1  4  7  9  3 
0.006216
1  5  6  3  0 
0.012458
2  5  6  3 
0.272566
4  6  3  0 
0.016736
4  7  9  3 
0.011814
5  6  3 
0.038594
6  3 
0.022031
7  9  3 
0.027422
8  2  5  6  3  0  0 
0.019715
8  11   1   4   6   3   0 
0.011550
8  11   1   4   7   9   3 
0.011550
8  11   1   5   6   3   0 
0.011550
9  3 
0.036441
10   9   3 
0.011129
10   3   0 
0.032229
11   1   4   6   3   0 
0.011364
11   1   4   7   9   3 
0.008743
11   1   5   6   3   0 
0.017522
1  4 
0.028344
2  5  1  4  0 
0.054215
2  5  6  4  0 
0.132647
2   8  11   1   4 
0.005459
3  6  4  0 
0.008362
3  9  7  4 
0.000958
5  1  4 
0.010008
5  6  4 
0.024487
6  4 
0.033238
7  4 
0.240580
8  11   1   4 
0.036253
9  7  4 
0.007438
10   3   6   4   0 
0.013310
10   3   9   7   4 
0.002222
10   9   7   4   0 
0.004749
11   1   4 
0.020919
1  5 
0.084697
2  5 
0.655563
3  6  5 
0.042539
4  1  5 
0.016991
4  6  5 
0.012074
6  5 
0.071127
7  4  1  5  0 
0.059315
7  4  6  5  0 
0.042150
7  9  3  6  5 
0.022846
8  2  5  0 
0.100961
8  11   1   5 
0.035877
9  3  6  5 
0.032539
10   3   6   5   0 
0.035503
10   9   3   6   5 
0.012259
11   1   5 
0.164236
1  4  6 
0.006777
1  5  6 
0.017826
2  5  6 
0.192293
3  6 
0.021007
4  6 
0.019358
5  6 
0.068170
7  4  6  0 
0.020695
7  9  3  6 
0.014609
8  2  5  6  0 
0.032215
8  11   1   4   6 
0.015800
8  11   1   5   6 
0.015800
9  3  6 
0.004280
10   3   6   0 
0.020687
10   9   3   6 
0.007143
11   1   4   6 
0.014750
11   1   5   6 
0.038798
1  4  7 
0.092744
2  5  1  4  7  0 
0.199564
2  5  6  3  9  7 
0.059570
2  5  6  4  7  0 
0.519754
2   8  11   1   4   7 
0.019347
3  9  7 
0.045159
4  7 
0.044266
5  1  4  7  0 
0.045847
5  6  3  9  7 
0.013686
5  6  4  7  0 
0.119407
6  3  9  7 
0.004621
6  4  7  0 
0.040317
8  11   1   4   7 
0.269781
9  7 
0.045537
10   3   9   7 
0.030585
10   9   7   0 
0.106125
11   1   4   7 
0.287109
1  5  2  8 
0.044022
1  11   8   0 
0.171531
2  8 
0.365895
3  6  5  2  8 
0.085881
4  1  5  2  8 
0.034877
4   1  11   8   0 
0.123822
4  6  5  2  8 
0.017970
5  2  8 
0.300289
6  5  2  8 
0.098002
7  4  1  5  2  8 
0.076291
7   4   1  11   8   0 
0.225974
7  4  6  5  2  8 
0.039307
9  3  6  5  2  8  0 
0.001892
9  7  4  1  5  2  8 
0.012217
9   7   4   1  11   8   0 
0.012217
9  7  4  6  5  2  8 
0.007596
10   3   6   5   2   8   0   0 
0.019777
10   9   3   6   5   2   8   0 
0.008771
10   9   7   4   1   5   2   8 
0.050930
10   9   7   4   1  11   8   0 
0.050930
10   9   7   4   6   5   2   8 
0.035217
11   8 
0.321672
1  4  6  3  9 
0.000539
1  4  7  9  0 
0.003824
2  5  1  4  6  3  9 
0.004443
2  5  1  4  7  9  0 
0.024515
2  5  6  3  9  0  0 
0.010429
3  9 
0.031691
4  6  3  9 
0.000655
4  7  9  0 
0.004649
5  1  4  6  3  9 
0.001482
5  1  4  7  9  0 
0.008175
5  6  3  9  0  0 
0.003478
6  3  9 
0.003192
7  9 
0.039834
8  2  5  1  4  6  3  9 
0.002665
8  2  5  1  4  7  9  0 
0.002665
8  2  5  6  3  9  0  0 
0.002665
8  11   1   4   6   3   9   0 
0.000870
8  11   1   4   7   9   0   0 
0.000870
10   3   9 
0.003609
10   9   0 
0.012522
11   1   4   6   3   9 
0.003272
11   1   4   7   9   0 
0.004273
1   4   6   3   9  10 
0.011208
1   4   6   3  10   0 
0.011208
1   4   7   9  10   0 
0.013161
1   5   6   3   9  10 
0.025792
1   5   6   3  10   0 
0.025792
2   5   6   3   9  10 
0.081004
2   5   6   3  10   0 
0.350441
3   9  10 
0.004183
3  10   0 
0.021086
4   6   3   9  10 
0.003305
4   6   3  10   0 
0.003305
4   7   9  10   0 
0.003881
5   6   3   9  10 
0.004439
5   6   3  10   0 
0.022377
6   3   9  10 
0.002684
6   3  10   0 
0.013529
7   9  10 
0.119965
8   2   5   6   3   9  10   0 
0.019742
8   2   5   6   3  10   0   0 
0.019742
8  11   1   4   6   3   9  10 
0.012256
8  11   1   4   6   3  10   0 
0.012256
8  11   1   4   7   9  10   0 
0.012814
8  11   1   5   6   3   9  10 
0.012814
8  11   1   5   6   3  10   0 
0.012814
9  10 
0.012040
11   1   4   6   3   9  10 
0.004904
11   1   4   6   3  10   0 
0.004904
11   1   4   7   9  10   0 
0.005759
11   1   5   6   3   9  10 
0.009531
11   1   5   6   3  10   0 
0.009531
1  11 
0.650054
2   8  11 
0.311590
3   6   4   1  11   0 
0.099947
3   6   5   1  11   0 
0.085470
3   6   5   2   8  11 
0.020213
4   1  11 
0.144300
5   1  11   0 
0.226923
5   2   8  11 
0.027090
6   4   1  11   0 
0.028505
6   5   1  11   0 
0.024376
6   5   2   8  11 
0.005765
7   4   1  11 
0.359437
8  11 
0.673476
9   3   6   4   1  11   0 
0.008339
9   3   6   5   1  11   0 
0.008339
9   3   6   5   2   8  11 
0.006698
9   7   4   1  11   0   0 
0.005177
10   3   6   4   1  11   0   0 
0.048900
10   3   6   5   1  11   0   0 
0.048900
10   3   6   5   2   8  11   0 
0.019016
10   9   3   6   4   1  11   0 
0.023675
10   9   3   6   5   1  11   0 
0.023675
10   9   3   6   5   2   8  11 
0.019016
10   9   7   4   1  11   0   0 
0.014698
