2 1 2 0.113472 * 2  5  1 
3 1 3 0.016229 * 3  6  4  1 
3 1 3 0.016229 * 3  6  5  1 
4 1 1 0.035917 * 4  1 
5 1 1 0.097797 * 5  1 
6 1 2 0.012845 * 6  4  1 
6 1 2 0.012845 * 6  5  1 
7 1 2 0.106886 * 7  4  1 
8 1 2 0.066542 * 8  11   1 
9 1 3 0.021065 * 9  7  4  1 
10 1 4 0.015494 * 10   3   6   4   1 
10 1 4 0.015494 * 10   3   6   5   1 
10 1 4 0.015494 * 10   9   7   4   1 
11 1 1 0.417505 * 11   1 
1 2 2 0.124129 * 1  5  2 
3 2 3 0.082837 * 3  6  5  2 
4 2 3 0.025259 * 4  1  5  2 
4 2 3 0.025259 * 4  6  5  2 
5 2 1 0.178529 * 5  2 
6 2 2 0.058951 * 6  5  2 
7 2 4 0.067754 * 7  4  1  5  2 
7 2 4 0.067754 * 7  4  6  5  2 
8 2 1 0.039777 * 8  2 
9 2 4 0.010281 * 9  3  6  5  2 
10 2 4 0.035252 * 10   3   6   5   2 
11 2 2 0.086472 * 11   8   2 
1 3 3 0.016752 * 1  4  6  3 
1 3 3 0.016752 * 1  5  6  3 
2 3 3 0.257409 * 2  5  6  3 
4 3 2 0.031744 * 4  6  3 
5 3 2 0.049852 * 5  6  3 
6 3 1 0.053336 * 6  3 
7 3 2 0.114938 * 7  9  3 
8 3 4 0.031556 * 8  2  5  6  3 
9 3 1 0.086782 * 9  3 
10 3 1 0.105220 * 10   3 
11 3 4 0.032427 * 11   1   4   6   3 
11 3 4 0.032427 * 11   1   5   6   3 
1 4 1 0.024712 * 1  4 
2 4 3 0.076071 * 2  5  1  4 
2 4 3 0.076071 * 2  5  6  4 
3 4 2 0.015509 * 3  6  4 
5 4 2 0.020670 * 5  1  4 
5 4 2 0.020670 * 5  6  4 
6 4 1 0.024708 * 6  4 
7 4 1 0.158721 * 7  4 
8 4 3 0.030349 * 8  11   1   4 
9 4 2 0.016393 * 9  7  4 
10 4 3 0.016049 * 10   3   6   4 
10 4 3 0.016049 * 10   9   7   4 
11 4 2 0.030799 * 11   1   4 
1 5 1 0.076850 * 1  5 
2 5 1 0.541343 * 2  5 
3 5 2 0.056468 * 3  6  5 
4 5 2 0.019113 * 4  1  5 
4 5 2 0.019113 * 4  6  5 
6 5 1 0.058809 * 6  5 
7 5 3 0.045287 * 7  4  1  5 
7 5 3 0.045287 * 7  4  6  5 
8 5 2 0.113626 * 8  2  5 
9 5 3 0.036361 * 9  3  6  5 
10 5 3 0.054739 * 10   3   6   5 
11 5 2 0.193016 * 11   1   5 
1 6 2 0.011335 * 1  4  6 
1 6 2 0.011335 * 1  5  6 
2 6 2 0.195962 * 2  5  6 
3 6 1 0.048266 * 3  6 
4 6 1 0.021393 * 4  6 
5 6 1 0.062031 * 5  6 
7 6 2 0.061676 * 7  4  6 
8 6 3 0.066671 * 8  2  5  6 
9 6 2 0.005311 * 9  3  6 
10 6 2 0.024717 * 10   3   6 
11 6 3 0.032374 * 11   1   4   6 
11 6 3 0.032374 * 11   1   5   6 
1 7 2 0.078916 * 1  4  7 
2 7 4 0.344795 * 2  5  1  4  7 
2 7 4 0.344795 * 2  5  6  4  7 
3 7 2 0.049198 * 3  9  7 
4 7 1 0.048576 * 4  7 
5 7 3 0.139558 * 5  1  4  7 
5 7 3 0.139558 * 5  6  4  7 
6 7 2 0.078196 * 6  4  7 
8 7 4 0.306314 * 8  11   1   4   7 
9 7 1 0.027669 * 9  7 
10 7 2 0.176485 * 10   9   7 
11 7 3 0.331024 * 11   1   4   7 
1 8 2 0.165726 * 1  11   8 
2 8 1 0.384360 * 2  8 
3 8 4 0.128197 * 3  6  5  2  8 
4 8 3 0.192564 * 4   1  11   8 
5 8 2 0.279299 * 5  2  8 
6 8 3 0.140880 * 6  5  2  8 
7 8 4 0.435978 * 7   4   1  11   8 
9 8 5 0.023987 * 9  3  6  5  2  8 
9 8 5 0.023987 * 9   7   4   1  11   8 
10 8 5 0.150263 * 10   3   6   5   2   8 
11 8 1 0.376332 * 11   8 
1 9 3 0.004647 * 1  4  7  9 
2 9 4 0.041433 * 2  5  6  3  9 
3 9 1 0.044018 * 3  9 
4 9 2 0.007576 * 4  7  9 
5 9 3 0.014476 * 5  6  3  9 
6 9 2 0.002784 * 6  3  9 
7 9 1 0.065191 * 7  9 
8 9 5 0.006697 * 8  2  5  6  3  9 
8 9 5 0.006697 * 8  11   1   4   7   9 
10 9 1 0.019302 * 10   9 
11 9 4 0.017434 * 11   1   4   7   9 
1 10 4 0.020688 * 1   4   6   3  10 
1 10 4 0.020688 * 1   4   7   9  10 
1 10 4 0.034993 * 1   5   6   3  10 
2 10 4 0.344946 * 2   5   6   3  10 
3 10 1 0.035019 * 3  10 
4 10 3 0.005973 * 4   6   3  10 
4 10 3 0.005973 * 4   7   9  10 
5 10 3 0.041010 * 5   6   3  10 
6 10 2 0.022340 * 6   3  10 
7 10 2 0.118598 * 7   9  10 
8 10 5 0.085414 * 8   2   5   6   3  10 
9 10 1 0.023064 * 9  10 
11 10 5 0.016008 * 11   1   4   6   3  10 
11 10 5 0.016008 * 11   1   4   7   9  10 
11 10 5 0.022574 * 11   1   5   6   3  10 
1 11 1 0.429950 * 1  11 
2 11 2 0.395692 * 2   8  11 
3 11 4 0.113276 * 3   6   4   1  11 
3 11 4 0.113276 * 3   6   5   1  11 
4 11 2 0.165771 * 4   1  11 
5 11 2 0.212980 * 5   1  11 
6 11 3 0.041604 * 6   4   1  11 
6 11 3 0.041604 * 6   5   1  11 
7 11 3 0.397229 * 7   4   1  11 
8 11 1 0.723315 * 8  11 
9 11 4 0.028829 * 9   7   4   1  11 
10 11 5 0.065270 * 10   3   6   4   1  11 
10 11 5 0.065270 * 10   3   6   5   1  11 
10 11 5 0.065270 * 10   9   7   4   1  11 
