2 1 2 0.072183 * 2  5  1 
3 1 3 0.010930 * 3  6  4  1 
3 1 3 0.010930 * 3  6  5  1 
4 1 1 0.050341 * 4  1 
5 1 1 0.095213 * 5  1 
6 1 2 0.009212 * 6  4  1 
6 1 2 0.009212 * 6  5  1 
7 1 2 0.095851 * 7  4  1 
8 1 2 0.068939 * 8  11   1 
9 1 3 0.017977 * 9  7  4  1 
10 1 4 0.019862 * 10   3   6   4   1 
10 1 4 0.019862 * 10   3   6   5   1 
10 1 4 0.019862 * 10   9   7   4   1 
11 1 1 0.409155 * 11   1 
1 2 2 0.076471 * 1  5  2 
3 2 3 0.093874 * 3  6  5  2 
4 2 3 0.015403 * 4  1  5  2 
4 2 3 0.015403 * 4  6  5  2 
5 2 1 0.180959 * 5  2 
6 2 2 0.054325 * 6  5  2 
7 2 4 0.045996 * 7  4  1  5  2 
7 2 4 0.045996 * 7  4  6  5  2 
8 2 1 0.025191 * 8  2 
9 2 4 0.012005 * 9  3  6  5  2 
10 2 4 0.043724 * 10   3   6   5   2 
11 2 2 0.083210 * 11   8   2 
1 3 3 0.019616 * 1  4  6  3 
1 3 3 0.019616 * 1  5  6  3 
2 3 3 0.242849 * 2  5  6  3 
4 3 2 0.030323 * 4  6  3 
5 3 2 0.034975 * 5  6  3 
6 3 1 0.102053 * 6  3 
7 3 2 0.046764 * 7  9  3 
8 3 4 0.072332 * 8  2  5  6  3 
9 3 1 0.090576 * 9  3 
10 3 1 0.100683 * 10   3 
11 3 4 0.036494 * 11   1   4   6   3 
11 3 4 0.036494 * 11   1   5   6   3 
1 4 1 0.025130 * 1  4 
2 4 3 0.060309 * 2  5  1  4 
2 4 3 0.060309 * 2  5  6  4 
3 4 2 0.019654 * 3  6  4 
5 4 2 0.022643 * 5  1  4 
5 4 2 0.022643 * 5  6  4 
6 4 1 0.008978 * 6  4 
7 4 1 0.184126 * 7  4 
8 4 3 0.047108 * 8  11   1   4 
9 4 2 0.010579 * 9  7  4 
10 4 3 0.011067 * 10   3   6   4 
10 4 3 0.011067 * 10   9   7   4 
11 4 2 0.026661 * 11   1   4 
1 5 1 0.082722 * 1  5 
2 5 1 0.564431 * 2  5 
3 5 2 0.068336 * 3  6  5 
4 5 2 0.022694 * 4  1  5 
4 5 2 0.022694 * 4  6  5 
6 5 1 0.049463 * 6  5 
7 5 3 0.046027 * 7  4  1  5 
7 5 3 0.046027 * 7  4  6  5 
8 5 2 0.123627 * 8  2  5 
9 5 3 0.041809 * 9  3  6  5 
10 5 3 0.084288 * 10   3   6   5 
11 5 2 0.227330 * 11   1   5 
1 6 2 0.014896 * 1  4  6 
1 6 2 0.014896 * 1  5  6 
2 6 2 0.200028 * 2  5  6 
3 6 1 0.033349 * 3  6 
4 6 1 0.019295 * 4  6 
5 6 1 0.074946 * 5  6 
7 6 2 0.034244 * 7  4  6 
8 6 3 0.059565 * 8  2  5  6 
9 6 2 0.004484 * 9  3  6 
10 6 2 0.027345 * 10   3   6 
11 6 3 0.025498 * 11   1   4   6 
11 6 3 0.025498 * 11   1   5   6 
1 7 2 0.106600 * 1  4  7 
2 7 4 0.421532 * 2  5  1  4  7 
2 7 4 0.421532 * 2  5  6  4  7 
3 7 2 0.047510 * 3  9  7 
4 7 1 0.052872 * 4  7 
5 7 3 0.115518 * 5  1  4  7 
5 7 3 0.115518 * 5  6  4  7 
6 7 2 0.071794 * 6  4  7 
8 7 4 0.306022 * 8  11   1   4   7 
9 7 1 0.059185 * 9  7 
10 7 2 0.184345 * 10   9   7 
11 7 3 0.319599 * 11   1   4   7 
1 8 2 0.156902 * 1  11   8 
2 8 1 0.387321 * 2  8 
3 8 4 0.105936 * 3  6  5  2  8 
4 8 3 0.166120 * 4   1  11   8 
5 8 2 0.261386 * 5  2  8 
6 8 3 0.101336 * 6  5  2  8 
7 8 4 0.381858 * 7   4   1  11   8 
9 8 5 0.021927 * 9  3  6  5  2  8 
9 8 5 0.021927 * 9   7   4   1  11   8 
10 8 5 0.132446 * 10   3   6   5   2   8 
11 8 1 0.333535 * 11   8 
1 9 3 0.003473 * 1  4  7  9 
2 9 4 0.036395 * 2  5  6  3  9 
3 9 1 0.065933 * 3  9 
4 9 2 0.005880 * 4  7  9 
5 9 3 0.020973 * 5  6  3  9 
6 9 2 0.003981 * 6  3  9 
7 9 1 0.039421 * 7  9 
8 9 5 0.005660 * 8  2  5  6  3  9 
8 9 5 0.005660 * 8  11   1   4   7   9 
10 9 1 0.013866 * 10   9 
11 9 4 0.012495 * 11   1   4   7   9 
1 10 4 0.013279 * 1   4   6   3  10 
1 10 4 0.013279 * 1   4   7   9  10 
1 10 4 0.022599 * 1   5   6   3  10 
2 10 4 0.417907 * 2   5   6   3  10 
3 10 1 0.029363 * 3  10 
4 10 3 0.004541 * 4   6   3  10 
4 10 3 0.004541 * 4   7   9  10 
5 10 3 0.029135 * 5   6   3  10 
6 10 2 0.021202 * 6   3  10 
7 10 2 0.124621 * 7   9  10 
8 10 5 0.118933 * 8   2   5   6   3  10 
9 10 1 0.015433 * 9  10 
11 10 5 0.014728 * 11   1   4   6   3  10 
11 10 5 0.014728 * 11   1   4   7   9  10 
11 10 5 0.025064 * 11   1   5   6   3  10 
1 11 1 0.629503 * 1  11 
2 11 2 0.411326 * 2   8  11 
3 11 4 0.093365 * 3   6   4   1  11 
3 11 4 0.093365 * 3   6   5   1  11 
4 11 2 0.098400 * 4   1  11 
5 11 2 0.232585 * 5   1  11 
6 11 3 0.043470 * 6   4   1  11 
6 11 3 0.043470 * 6   5   1  11 
7 11 3 0.379480 * 7   4   1  11 
8 11 1 0.759204 * 8  11 
9 11 4 0.020717 * 9   7   4   1  11 
10 11 5 0.061241 * 10   3   6   4   1  11 
10 11 5 0.061241 * 10   3   6   5   1  11 
10 11 5 0.061241 * 10   9   7   4   1  11 
