2 1 0.251264 0.060114 * 2  5  1  0 
2 1 0.348396 0.007123 * 2   8  11   1 
3 1 0.351959 0.007660 * 3  6  4  1 
3 1 0.327263 0.005318 * 3  6  5  1 
4 1 0.126408 0.011979 * 4  1 
5 1 0.107947 0.095772 * 5  1 
6 1 0.242741 0.015788 * 6  4  1 
6 1 0.218045 0.010961 * 6  5  1 
7 1 0.251688 0.089673 * 7  4  1 
8 1 0.233526 0.064118 * 8  11   1 
9 1 0.453415 0.012977 * 9  3  6  4  1 
9 1 0.428719 0.012977 * 9  3  6  5  1 
9 1 0.353930 0.011421 * 9  7  4  1  0 
10 1 0.457335 0.018945 * 10   3   6   4   1   0 
10 1 0.432639 0.018945 * 10   3   6   5   1   0 
10 1 0.554760 0.002659 * 10   9   3   6   4   1 
10 1 0.530064 0.002659 * 10   9   3   6   5   1 
10 1 0.455276 0.002659 * 10   9   7   4   1   0 
11 1 0.118609 0.499276 * 11   1 
1 2 0.238657 0.034052 * 1  5  2  0 
1 2 0.344824 0.031168 * 1  11   8   2 
3 2 0.341643 0.043926 * 3  6  5  2 
4 2 0.365066 0.015198 * 4  1  5  2  0 
4 2 0.471232 0.013911 * 4   1  11   8   2 
4 2 0.334550 0.006754 * 4  6  5  2  0 
5 2 0.122327 0.126615 * 5  2 
6 2 0.232425 0.045885 * 6  5  2 
7 2 0.490345 0.308785 * 7  4  1  5  2  0 
7 2 0.596511 0.282636 * 7   4   1  11   8   2 
7 2 0.459829 0.137220 * 7  4  6  5  2  0 
7 2 0.545267 0.087572 * 7  9  3  6  5  2 
8 2 0.104945 0.033548 * 8  2 
9 2 0.443099 0.005663 * 9  3  6  5  2 
10 2 0.447019 0.037557 * 10   3   6   5   2   0 
10 2 0.544444 0.002804 * 10   9   3   6   5   2 
11 2 0.216583 0.046340 * 11   8   2 
1 3 0.331139 0.010482 * 1  4  6  3  0 
1 3 0.437753 0.007023 * 1  4  7  9  3 
1 3 0.366224 0.018783 * 1  5  6  3  0 
2 3 0.393210 0.286072 * 2  5  6  3 
4 3 0.219034 0.019018 * 4  6  3  0 
4 3 0.325648 0.012743 * 4  7  9  3 
5 3 0.249893 0.024222 * 5  6  3 
6 3 0.116909 0.052749 * 6  3 
7 3 0.203624 0.028388 * 7  9  3 
8 3 0.498155 0.025012 * 8  2  5  6  3  0  0 
8 3 0.564665 0.015635 * 8  11   1   4   6   3   0 
8 3 0.671279 0.015635 * 8  11   1   4   7   9   3 
8 3 0.599750 0.015635 * 8  11   1   5   6   3   0 
9 3 0.101456 0.051859 * 9  3 
10 3 0.202801 0.004523 * 10   9   3 
10 3 0.105376 0.060588 * 10   3   0 
11 3 0.449748 0.022200 * 11   1   4   6   3   0 
11 3 0.556362 0.014876 * 11   1   4   7   9   3 
11 3 0.484833 0.039783 * 11   1   5   6   3   0 
1 4 0.112105 0.032395 * 1  4 
2 4 0.363369 0.046099 * 2  5  1  4  0 
2 4 0.392634 0.094799 * 2  5  6  4  0 
2 4 0.460501 0.004117 * 2   8  11   1   4 
3 4 0.225551 0.007628 * 3  6  4 
5 4 0.220052 0.014925 * 5  1  4 
5 4 0.249317 0.030692 * 5  6  4 
6 4 0.116333 0.017421 * 6  4 
7 4 0.125280 0.376798 * 7  4 
8 4 0.345631 0.026655 * 8  11   1   4 
9 4 0.327007 0.004345 * 9  3  6  4 
9 4 0.227522 0.006478 * 9  7  4  0 
10 4 0.330927 0.007650 * 10   3   6   4   0 
10 4 0.428352 0.001423 * 10   9   3   6   4 
10 4 0.328867 0.001423 * 10   9   7   4   0 
11 4 0.230714 0.024998 * 11   1   4 
1 5 0.116331 0.060367 * 1  5 
2 5 0.143317 0.654411 * 2  5 
3 5 0.219316 0.033962 * 3  6  5 
4 5 0.242739 0.023886 * 4  1  5 
4 5 0.212223 0.011770 * 4  6  5 
6 5 0.110098 0.047869 * 6  5 
7 5 0.368019 0.049057 * 7  4  1  5  0 
7 5 0.337503 0.024543 * 7  4  6  5  0 
7 5 0.422940 0.010851 * 7  9  3  6  5 
8 5 0.248262 0.119932 * 8  2  5  0 
8 5 0.349856 0.047559 * 8  11   1   5 
9 5 0.320772 0.033428 * 9  3  6  5 
10 5 0.324692 0.041665 * 10   3   6   5   0 
10 5 0.422117 0.003110 * 10   9   3   6   5 
11 5 0.234939 0.116392 * 11   1   5 
1 6 0.214230 0.007631 * 1  4  6 
1 6 0.249315 0.022112 * 1  5  6 
2 6 0.276301 0.222134 * 2  5  6 
3 6 0.109218 0.015678 * 3  6 
4 6 0.102125 0.016442 * 4  6 
5 6 0.132985 0.051352 * 5  6 
7 6 0.227405 0.012275 * 7  4  6  0 
7 6 0.312842 0.008225 * 7  9  3  6 
8 6 0.381247 0.017695 * 8  2  5  6  0 
8 6 0.447756 0.009439 * 8  11   1   4   6 
8 6 0.482841 0.009439 * 8  11   1   5   6 
9 6 0.210674 0.002950 * 9  3  6 
10 6 0.214594 0.023906 * 10   3   6   0 
10 6 0.312019 0.001785 * 10   9   3   6 
11 6 0.332839 0.021533 * 11   1   4   6 
11 6 0.367924 0.062392 * 11   1   5   6 
1 7 0.234129 0.071322 * 1  4  7 
2 7 0.485393 0.183656 * 2  5  1  4  7  0  0 
2 7 0.596990 0.082396 * 2  5  6  3  9  7  0 
2 7 0.705960 0.048712 * 2   5   6   3  10   9   7 
2 7 0.514658 0.395489 * 2  5  6  4  7  0  0 
2 7 0.582525 0.017390 * 2   8  11   1   4   7   0 
3 7 0.203779 0.010371 * 3  9  7  0 
3 7 0.312750 0.006131 * 3  10   9   7 
4 7 0.122024 0.144252 * 4  7 
5 7 0.342076 0.045825 * 5  1  4  7  0  0 
5 7 0.453673 0.020559 * 5  6  3  9  7  0 
5 7 0.562643 0.012155 * 5   6   3  10   9   7 
5 7 0.371341 0.098681 * 5  6  4  7  0  0 
6 7 0.320688 0.004738 * 6  3  9  7  0 
6 7 0.429659 0.002801 * 6   3  10   9   7 
6 7 0.238357 0.022743 * 6  4  7  0  0 
8 7 0.467655 0.255892 * 8  11   1   4   7 
9 7 0.102242 0.021079 * 9  7 
10 7 0.203588 0.118391 * 10   9   7 
11 7 0.352738 0.307169 * 11   1   4   7 
1 8 0.353527 0.045020 * 1  5  2  8 
1 8 0.239878 0.175004 * 1  11   8   0 
2 8 0.114870 0.320709 * 2  8 
3 8 0.456513 0.087382 * 3  6  5  2  8 
4 8 0.479935 0.040360 * 4  1  5  2  8 
4 8 0.366287 0.132559 * 4   1  11   8   0 
4 8 0.449420 0.013365 * 4  6  5  2  8 
5 8 0.237197 0.314120 * 5  2  8 
6 8 0.347295 0.103950 * 6  5  2  8 
7 8 0.605215 0.068230 * 7  4  1  5  2  8 
7 8 0.491566 0.154094 * 7   4   1  11   8   0 
7 8 0.574699 0.022593 * 7  4  6  5  2  8 
9 8 0.557968 0.000828 * 9  3  6  5  2  8  0 
9 8 0.707457 0.007539 * 9  7  4  1  5  2  8 
9 8 0.593808 0.007539 * 9   7   4   1  11   8   0 
9 8 0.676941 0.005264 * 9  7  4  6  5  2  8 
10 8 0.561888 0.036152 * 10   3   6   5   2   8   0   0 
10 8 0.659314 0.003817 * 10   9   3   6   5   2   8   0 
10 8 0.808803 0.027272 * 10   9   7   4   1   5   2   8 
10 8 0.695154 0.027272 * 10   9   7   4   1  11   8   0 
10 8 0.778287 0.024270 * 10   9   7   4   6   5   2   8 
11 8 0.111638 0.344881 * 11   8 
1 9 0.541647 0.000925 * 1   4   6   3  10   9 
1 9 0.432676 0.000925 * 1  4  6  3  9  0 
1 9 0.336297 0.003084 * 1  4  7  9  0  0 
2 9 0.792910 0.004220 * 2   5   1   4   6   3  10   9 
2 9 0.683940 0.004220 * 2  5  1  4  6  3  9  0 
2 9 0.587561 0.011889 * 2  5  1  4  7  9  0  0 
2 9 0.603718 0.010085 * 2   5   6   3  10   9   0   0 
2 9 0.494747 0.010085 * 2  5  6  3  9  0  0  0 
3 9 0.210507 0.028320 * 3  10   9 
3 9 0.101537 0.047903 * 3  9  0 
4 9 0.429541 0.000592 * 4   6   3  10   9 
4 9 0.320571 0.000592 * 4  6  3  9  0 
4 9 0.224192 0.001974 * 4  7  9  0  0 
5 9 0.649594 0.001672 * 5   1   4   6   3  10   9 
5 9 0.540623 0.001672 * 5  1  4  6  3  9  0 
5 9 0.444244 0.004711 * 5  1  4  7  9  0  0 
5 9 0.460401 0.003996 * 5   6   3  10   9   0   0 
5 9 0.351430 0.003996 * 5  6  3  9  0  0  0 
6 9 0.327416 0.001010 * 6   3  10   9 
6 9 0.218446 0.001076 * 6  3  9  0 
7 9 0.102168 0.030953 * 7  9 
8 9 0.897855 0.003277 * 8   2   5   1   4   6   3  10   9 
8 9 0.788885 0.003277 * 8  2  5  1  4  6  3  9  0 
8 9 0.692506 0.003937 * 8  2  5  1  4  7  9  0  0 
8 9 0.708663 0.003937 * 8   2   5   6   3  10   9   0   0 
8 9 0.599692 0.003937 * 8  2  5  6  3  9  0  0  0 
8 9 0.775172 0.001072 * 8  11   1   4   6   3  10   9   0 
8 9 0.666202 0.001072 * 8  11   1   4   6   3   9   0   0 
8 9 0.569823 0.001072 * 8  11   1   4   7   9   0   0   0 
10 9 0.101346 0.014073 * 10   9 
11 9 0.660255 0.002908 * 11   1   4   6   3  10   9 
11 9 0.551285 0.002908 * 11   1   4   6   3   9   0 
11 9 0.454906 0.002908 * 11   1   4   7   9   0   0 
1 10 0.533958 0.010579 * 1   4   6   3   9  10 
1 10 0.440301 0.010579 * 1   4   6   3  10   0 
1 10 0.437579 0.011270 * 1   4   7   9  10   0 
1 10 0.569043 0.027670 * 1   5   6   3   9  10 
1 10 0.475386 0.027670 * 1   5   6   3  10   0 
2 10 0.596029 0.111323 * 2   5   6   3   9  10 
2 10 0.502372 0.376816 * 2   5   6   3  10   0 
3 10 0.202819 0.003694 * 3   9  10 
3 10 0.109162 0.014708 * 3  10   0 
4 10 0.421853 0.003187 * 4   6   3   9  10 
4 10 0.328196 0.003187 * 4   6   3  10   0 
4 10 0.325474 0.003395 * 4   7   9  10   0 
5 10 0.452712 0.009953 * 5   6   3   9  10 
5 10 0.359055 0.039627 * 5   6   3  10   0 
6 10 0.319727 0.003802 * 6   3   9  10 
6 10 0.226071 0.015138 * 6   3  10   0 
7 10 0.203450 0.095540 * 7   9  10 
8 10 0.700974 0.021371 * 8   2   5   6   3   9  10   0 
8 10 0.607317 0.021371 * 8   2   5   6   3  10   0   0 
8 10 0.767483 0.014515 * 8  11   1   4   6   3   9  10 
8 10 0.673827 0.014515 * 8  11   1   4   6   3  10   0 
8 10 0.671105 0.014515 * 8  11   1   4   7   9  10   0 
8 10 0.802568 0.014515 * 8  11   1   5   6   3   9  10 
8 10 0.708912 0.014515 * 8  11   1   5   6   3  10   0 
9 10 0.101282 0.014560 * 9  10 
11 10 0.652566 0.010037 * 11   1   4   6   3   9  10 
11 10 0.558910 0.010037 * 11   1   4   6   3  10   0 
11 10 0.556187 0.010692 * 11   1   4   7   9  10   0 
11 10 0.687651 0.026251 * 11   1   5   6   3   9  10 
11 10 0.593995 0.026251 * 11   1   5   6   3  10   0 
1 11 0.128241 0.466122 * 1  11 
2 11 0.229787 0.328341 * 2   8  11 
3 11 0.480200 0.067411 * 3   6   4   1  11   0 
3 11 0.455503 0.052348 * 3   6   5   1  11   0 
3 11 0.571430 0.014933 * 3   6   5   2   8  11 
4 11 0.254649 0.092412 * 4   1  11 
5 11 0.236187 0.249867 * 5   1  11   0 
5 11 0.352114 0.029608 * 5   2   8  11 
6 11 0.370982 0.041995 * 6   4   1  11   0 
6 11 0.346285 0.032611 * 6   5   1  11   0 
6 11 0.462212 0.009302 * 6   5   2   8  11 
7 11 0.379928 0.319634 * 7   4   1  11 
8 11 0.114917 0.601444 * 8  11 
9 11 0.581655 0.003821 * 9   3   6   4   1  11   0 
9 11 0.556959 0.003821 * 9   3   6   5   1  11   0 
9 11 0.672886 0.003821 * 9   3   6   5   2   8  11 
9 11 0.482171 0.003207 * 9   7   4   1  11   0   0 
10 11 0.585575 0.056352 * 10   3   6   4   1  11   0   0 
10 11 0.560879 0.056352 * 10   3   6   5   1  11   0   0 
10 11 0.676806 0.018868 * 10   3   6   5   2   8  11   0 
10 11 0.683001 0.007402 * 10   9   3   6   4   1  11   0 
10 11 0.658305 0.007402 * 10   9   3   6   5   1  11   0 
10 11 0.774231 0.007402 * 10   9   3   6   5   2   8  11 
10 11 0.583516 0.006213 * 10   9   7   4   1  11   0   0 
