2  5  1 
0.100584
3  6  4  1 
0.011639
3  6  5  1 
0.011639
4  1 
0.014692
5  1 
0.116219
6  4  1 
0.016401
6  5  1 
0.016401
7  4  1 
0.084485
8  11   1 
0.086836
9  7  4  1 
0.006479
10   3   6   4   1 
0.012238
10   3   6   5   1 
0.012238
10   9   7   4   1 
0.012238
11   1 
0.495730
1  5  2 
0.073334
3  6  5  2 
0.043995
4  1  5  2 
0.022775
4  6  5  2 
0.022775
5  2 
0.117772
6  5  2 
0.072998
7  4  1  5  2 
0.304870
7  4  6  5  2 
0.304870
8  2 
0.043032
9  3  6  5  2 
0.006364
10   3   6   5   2 
0.033910
11   8   2 
0.075889
1  4  6  3 
0.021440
1  5  6  3 
0.021440
2  5  6  3 
0.283761
4  6  3 
0.035237
5  6  3 
0.038876
6  3 
0.065794
7  9  3 
0.026460
8  2  5  6  3 
0.042252
9  3 
0.054137
10   3 
0.076755
11   1   4   6   3 
0.062971
11   1   5   6   3 
0.062971
1  4 
0.037279
2  5  1  4 
0.078126
2  5  6  4 
0.078126
3  6  4 
0.035006
5  1  4 
0.018406
5  6  4 
0.018406
6  4 
0.025123
7  4 
0.224069
8  11   1   4 
0.034746
9  7  4 
0.006287
10   3   6   4 
0.005310
10   9   7   4 
0.005310
11   1   4 
0.066149
1  5 
0.085177
2  5 
0.679269
3  6  5 
0.040631
4  1  5 
0.019651
4  6  5 
0.019651
6  5 
0.056269
7  4  1  5 
0.051419
7  4  6  5 
0.051419
8  2  5 
0.173696
9  3  6  5 
0.012444
10   3   6   5 
0.031893
11   1   5 
0.245818
1  4  6 
0.035189
1  5  6 
0.035189
2  5  6 
0.224188
3  6 
0.019944
4  6 
0.016768
5  6 
0.055763
7  4  6 
0.019722
8  2  5  6 
0.046609
9  3  6 
0.004874
10   3   6 
0.023643
11   1   4   6 
0.044668
11   1   5   6 
0.044668
1  4  7 
0.094843
2  5  1  4  7 
0.380988
2  5  6  4  7 
0.380988
3  9  7 
0.017151
4  7 
0.094806
5  1  4  7 
0.114559
5  6  4  7 
0.114559
6  4  7 
0.030611
8  11   1   4   7 
0.285788
9  7 
0.020883
10   9   7 
0.103274
11   1   4   7 
0.264957
1  11   8 
0.269212
2  8 
0.347391
3  6  5  2  8 
0.084550
4   1  11   8 
0.172950
5  2  8 
0.384399
6  5  2  8 
0.096263
7   4   1  11   8 
0.248943
9  3  6  5  2  8 
0.012259
9   7   4   1  11   8 
0.012259
10   3   6   5   2   8 
0.124013
11   8 
0.386125
1  4  7  9 
0.008493
2  5  6  3  9 
0.032689
3  9 
0.017316
4  7  9 
0.002617
5  6  3  9 
0.016669
6  3  9 
0.002646
7  9 
0.032638
8  2  5  6  3  9 
0.014493
8  11   1   4   7   9 
0.014493
10   9 
0.013850
11   1   4   7   9 
0.009254
1   4   6   3  10 
0.025733
1   4   7   9  10 
0.025733
1   5   6   3  10 
0.045456
2   5   6   3  10 
0.443413
3  10 
0.016868
4   6   3  10 
0.005212
4   7   9  10 
0.005212
5   6   3  10 
0.053179
6   3  10 
0.018215
7   9  10 
0.075493
8   2   5   6   3  10 
0.114736
9  10 
0.022138
11   1   4   6   3  10 
0.018078
11   1   4   7   9  10 
0.018078
11   1   5   6   3  10 
0.024613
1  11 
0.595191
2   8  11 
0.328393
3   6   4   1  11 
0.094420
3   6   5   1  11 
0.094420
4   1  11 
0.056346
5   1  11 
0.305126
6   4   1  11 
0.048605
6   5   1  11 
0.048605
7   4   1  11 
0.291410
8  11 
0.751402
9   7   4   1  11 
0.017370
10   3   6   4   1  11 
0.050721
10   3   6   5   1  11 
0.050721
10   9   7   4   1  11 
0.050721
