2 1 2 0.068423 * 2  5  1 
3 1 3 0.007130 * 3  6  4  1 
3 1 3 0.007130 * 3  6  5  1 
4 1 1 0.075561 * 4  1 
5 1 1 0.083764 * 5  1 
6 1 2 0.011089 * 6  4  1 
6 1 2 0.011089 * 6  5  1 
7 1 2 0.091130 * 7  4  1 
8 1 2 0.076592 * 8  11   1 
9 1 3 0.013051 * 9  7  4  1 
10 1 4 0.020512 * 10   3   6   4   1 
10 1 4 0.020512 * 10   3   6   5   1 
10 1 4 0.020512 * 10   9   7   4   1 
11 1 1 0.415545 * 11   1 
1 2 2 0.064060 * 1  5  2 
3 2 3 0.081003 * 3  6  5  2 
4 2 3 0.009565 * 4  1  5  2 
4 2 3 0.009565 * 4  6  5  2 
5 2 1 0.142877 * 5  2 
6 2 2 0.048933 * 6  5  2 
7 2 4 0.050553 * 7  4  1  5  2 
7 2 4 0.050553 * 7  4  6  5  2 
8 2 1 0.027832 * 8  2 
9 2 4 0.011982 * 9  3  6  5  2 
10 2 4 0.041977 * 10   3   6   5   2 
11 2 2 0.035056 * 11   8   2 
1 3 3 0.019891 * 1  4  6  3 
1 3 3 0.019891 * 1  5  6  3 
2 3 3 0.251359 * 2  5  6  3 
4 3 2 0.026127 * 4  6  3 
5 3 2 0.035587 * 5  6  3 
6 3 1 0.082201 * 6  3 
7 3 2 0.060951 * 7  9  3 
8 3 4 0.066373 * 8  2  5  6  3 
9 3 1 0.073633 * 9  3 
10 3 1 0.085714 * 10   3 
11 3 4 0.040337 * 11   1   4   6   3 
11 3 4 0.040337 * 11   1   5   6   3 
1 4 1 0.026990 * 1  4 
2 4 3 0.058499 * 2  5  1  4 
2 4 3 0.058499 * 2  5  6  4 
3 4 2 0.013328 * 3  6  4 
5 4 2 0.022150 * 5  1  4 
5 4 2 0.022150 * 5  6  4 
6 4 1 0.009539 * 6  4 
7 4 1 0.709740 * 7  4 
8 4 3 0.056688 * 8  11   1   4 
9 4 2 0.010434 * 9  7  4 
10 4 3 0.012224 * 10   3   6   4 
10 4 3 0.012224 * 10   9   7   4 
11 4 2 0.026976 * 11   1   4 
1 5 1 0.085982 * 1  5 
2 5 1 0.586817 * 2  5 
3 5 2 0.062228 * 3  6  5 
4 5 2 0.016605 * 4  1  5 
4 5 2 0.016605 * 4  6  5 
6 5 1 0.051076 * 6  5 
7 5 3 0.053518 * 7  4  1  5 
7 5 3 0.053518 * 7  4  6  5 
8 5 2 0.120192 * 8  2  5 
9 5 3 0.045913 * 9  3  6  5 
10 5 3 0.068378 * 10   3   6   5 
11 5 2 0.221555 * 11   1   5 
1 6 2 0.012146 * 1  4  6 
1 6 2 0.012146 * 1  5  6 
2 6 2 0.194814 * 2  5  6 
3 6 1 0.032682 * 3  6 
4 6 1 0.019287 * 4  6 
5 6 1 0.097927 * 5  6 
7 6 2 0.032434 * 7  4  6 
8 6 3 0.065603 * 8  2  5  6 
9 6 2 0.003942 * 9  3  6 
10 6 2 0.027088 * 10   3   6 
11 6 3 0.027084 * 11   1   4   6 
11 6 3 0.027084 * 11   1   5   6 
1 7 2 0.068514 * 1  4  7 
2 7 4 0.415036 * 2  5  1  4  7 
2 7 4 0.415036 * 2  5  6  4  7 
3 7 2 0.041908 * 3  9  7 
4 7 1 0.081820 * 4  7 
5 7 3 0.087082 * 5  1  4  7 
5 7 3 0.087082 * 5  6  4  7 
6 7 2 0.065477 * 6  4  7 
8 7 4 0.317324 * 8  11   1   4   7 
9 7 1 0.046169 * 9  7 
10 7 2 0.168236 * 10   9   7 
11 7 3 0.314411 * 11   1   4   7 
1 8 2 0.184231 * 1  11   8 
2 8 1 0.395747 * 2  8 
3 8 4 0.103477 * 3  6  5  2  8 
4 8 3 0.182607 * 4   1  11   8 
5 8 2 0.263668 * 5  2  8 
6 8 3 0.111458 * 6  5  2  8 
7 8 4 0.412218 * 7   4   1  11   8 
9 8 5 0.026146 * 9  3  6  5  2  8 
9 8 5 0.026146 * 9   7   4   1  11   8 
10 8 5 0.146800 * 10   3   6   5   2   8 
11 8 1 0.333157 * 11   8 
1 9 3 0.003232 * 1  4  7  9 
2 9 4 0.042737 * 2  5  6  3  9 
3 9 1 0.060749 * 3  9 
4 9 2 0.006291 * 4  7  9 
5 9 3 0.026253 * 5  6  3  9 
6 9 2 0.004455 * 6  3  9 
7 9 1 0.028398 * 7  9 
8 9 5 0.006120 * 8  2  5  6  3  9 
8 9 5 0.006120 * 8  11   1   4   7   9 
10 9 1 0.014298 * 10   9 
11 9 4 0.011983 * 11   1   4   7   9 
1 10 4 0.015274 * 1   4   6   3  10 
1 10 4 0.015274 * 1   4   7   9  10 
1 10 4 0.026306 * 1   5   6   3  10 
2 10 4 0.383635 * 2   5   6   3  10 
3 10 1 0.032213 * 3  10 
4 10 3 0.004328 * 4   6   3  10 
4 10 3 0.004328 * 4   7   9  10 
5 10 3 0.031434 * 5   6   3  10 
6 10 2 0.020449 * 6   3  10 
7 10 2 0.129071 * 7   9  10 
8 10 5 0.120759 * 8   2   5   6   3  10 
9 10 1 0.016339 * 9  10 
11 10 5 0.013949 * 11   1   4   6   3  10 
11 10 5 0.013949 * 11   1   4   7   9  10 
11 10 5 0.022603 * 11   1   5   6   3  10 
1 11 1 0.578408 * 1  11 
2 11 2 0.431668 * 2   8  11 
3 11 4 0.101092 * 3   6   4   1  11 
3 11 4 0.101092 * 3   6   5   1  11 
4 11 2 0.089918 * 4   1  11 
5 11 2 0.255485 * 5   1  11 
6 11 3 0.054666 * 6   4   1  11 
6 11 3 0.054666 * 6   5   1  11 
7 11 3 0.333371 * 7   4   1  11 
8 11 1 0.795007 * 8  11 
9 11 4 0.026333 * 9   7   4   1  11 
10 11 5 0.062266 * 10   3   6   4   1  11 
10 11 5 0.062266 * 10   3   6   5   1  11 
10 11 5 0.062266 * 10   9   7   4   1  11 
