2  5  1  0 
0.090333
2   8  11   1 
0.010250
3  6  4  1 
0.013162
3  6  5  1 
0.010116
4  1 
0.014692
5  1 
0.116219
6  4  1 
0.018548
6  5  1 
0.014255
7  4  1 
0.084485
8  11   1 
0.086836
9  3  6  4  1 
0.002281
9  3  6  5  1 
0.002281
9  7  4  1  0 
0.001917
10   3   6   4   1   0 
0.010990
10   3   6   5   1   0 
0.010990
10   9   3   6   4   1 
0.005187
10   9   3   6   5   1 
0.005187
10   9   7   4   1   0 
0.004360
11   1 
0.495730
1  5  2  0 
0.036667
1  11   8   2 
0.036667
3  6  5  2 
0.043995
4  1  5  2  0 
0.018563
4   1  11   8   2 
0.018563
4  6  5  2  0 
0.008423
5  2 
0.117772
6  5  2 
0.072998
7  4  1  5  2  0 
0.227066
7   4   1  11   8   2 
0.227066
7  4  6  5  2  0 
0.103024
7  9  3  6  5  2 
0.052585
8  2 
0.043032
9  3  6  5  2 
0.006364
10   3   6   5   2   0 
0.025695
10   9   3   6   5   2 
0.008215
11   8   2 
0.075889
1  4  6  3  0 
0.011571
1  4  7  9  3 
0.006616
1  5  6  3  0 
0.024692
2  5  6  3 
0.283761
4  6  3  0 
0.022691
4  7  9  3 
0.012546
5  6  3 
0.038876
6  3 
0.065794
7  9  3 
0.026460
8  2  5  6  3  0  0 
0.017573
8  11   1   4   6   3   0 
0.008226
8  11   1   4   7   9   3 
0.008226
8  11   1   5   6   3   0 
0.008226
9  3 
0.054137
10   9   3 
0.018594
10   3   0 
0.058161
11   1   4   6   3   0 
0.033986
11   1   4   7   9   3 
0.019431
11   1   5   6   3   0 
0.072525
1  4 
0.037279
2  5  1  4  0 
0.046596
2  5  6  4  0 
0.105404
2   8  11   1   4 
0.004251
3  6  4  0 
0.031480
3  9  7  4 
0.003526
5  1  4 
0.011285
5  6  4 
0.025527
6  4 
0.025123
7  4 
0.224069
8  11   1   4 
0.034746
9  7  4 
0.006287
10   3   6   4   0 
0.005304
10   3   9   7   4 
0.003048
10   9   7   4   0 
0.002267
11   1   4 
0.066149
1  5 
0.085177
2  5 
0.679269
3  6  5 
0.040631
4  1  5 
0.025779
4  6  5 
0.013524
6  5 
0.056269
7  4  1  5  0 
0.059651
7  4  6  5  0 
0.031294
7  9  3  6  5 
0.011893
8  2  5  0 
0.131711
8  11   1   5 
0.041985
9  3  6  5 
0.012444
10   3   6   5   0 
0.024167
10   9   3   6   5 
0.007726
11   1   5 
0.245818
1  4  6 
0.016314
1  5  6 
0.054064
2  5  6 
0.224188
3  6 
0.019944
4  6 
0.016768
5  6 
0.055763
7  4  6  0 
0.012700
7  9  3  6 
0.007022
8  2  5  6  0 
0.025471
8  11   1   4   6 
0.010569
8  11   1   5   6 
0.010569
9  3  6 
0.004874
10   3   6   0 
0.017915
10   9   3   6 
0.005727
11   1   4   6 
0.025074
11   1   5   6 
0.064262
1  4  7 
0.094843
2  5  1  4  7  0 
0.205202
2  5  6  3  9  7 
0.054290
2  5  6  4  7  0 
0.484715
2   8  11   1   4   7 
0.017769
3  9  7 
0.017151
4  7 
0.094806
5  1  4  7  0 
0.063175
5  6  3  9  7 
0.016714
5  6  4  7  0 
0.149229
6  3  9  7 
0.003083
6  4  7  0 
0.027528
8  11   1   4   7 
0.285788
9  7 
0.020883
10   3   9   7 
0.019699
10   9   7   0 
0.083575
11   1   4   7 
0.264957
1  5  2  8 
0.057830
1  11   8   0 
0.211382
2  8 
0.347391
3  6  5  2  8 
0.084550
4  1  5  2  8 
0.040254
4   1  11   8   0 
0.119257
4  6  5  2  8 
0.013439
5  2  8 
0.384399
6  5  2  8 
0.096263
7  4  1  5  2  8 
0.070263
7   4   1  11   8   0 
0.155221
7  4  6  5  2  8 
0.023459
9  3  6  5  2  8  0 
0.001202
9  7  4  1  5  2  8 
0.009258
9   7   4   1  11   8   0 
0.009258
9  7  4  6  5  2  8 
0.004800
10   3   6   5   2   8   0   0 
0.014442
10   9   3   6   5   2   8   0 
0.005858
10   9   7   4   1   5   2   8 
0.040165
10   9   7   4   1  11   8   0 
0.040165
10   9   7   4   6   5   2   8 
0.023383
11   8 
0.386125
1  4  6  3  9 
0.001019
1  4  7  9  0 
0.007474
2  5  1  4  6  3  9 
0.003587
2  5  1  4  7  9  0 
0.019182
2  5  6  3  9  0  0 
0.009920
3  9 
0.017316
4  6  3  9 
0.000314
4  7  9  0 
0.002303
5  1  4  6  3  9 
0.001829
5  1  4  7  9  0 
0.009781
5  6  3  9  0  0 
0.005058
6  3  9 
0.002646
7  9 
0.032638
8  2  5  1  4  6  3  9 
0.003854
8  2  5  1  4  7  9  0 
0.009868
8  2  5  6  3  9  0  0 
0.009868
8  11   1   4   6   3   9   0 
0.002698
8  11   1   4   7   9   0   0 
0.002698
10   3   9 
0.002642
10   9   0 
0.011208
11   1   4   6   3   9 
0.003376
11   1   4   7   9   0 
0.005878
1   4   6   3   9  10 
0.010433
1   4   6   3  10   0 
0.010433
1   4   7   9  10   0 
0.014602
1   5   6   3   9  10 
0.030728
1   5   6   3  10   0 
0.030728
2   5   6   3   9  10 
0.097022
2   5   6   3  10   0 
0.346390
3   9  10 
0.003217
3  10   0 
0.013651
4   6   3   9  10 
0.003066
4   6   3  10   0 
0.003066
4   7   9  10   0 
0.004292
5   6   3   9  10 
0.010144
5   6   3  10   0 
0.043036
6   3   9  10 
0.003474
6   3  10   0 
0.014740
7   9  10 
0.075493
8   2   5   6   3   9  10   0 
0.024391
8   2   5   6   3  10   0   0 
0.024391
8  11   1   4   6   3   9  10 
0.012869
8  11   1   4   6   3  10   0 
0.012869
8  11   1   4   7   9  10   0 
0.013405
8  11   1   5   6   3   9  10 
0.013405
8  11   1   5   6   3  10   0 
0.013405
9  10 
0.022138
11   1   4   6   3   9  10 
0.007071
11   1   4   6   3  10   0 
0.007071
11   1   4   7   9  10   0 
0.009897
11   1   5   6   3   9  10 
0.018365
11   1   5   6   3  10   0 
0.018365
1  11 
0.595191
2   8  11 
0.328393
3   6   4   1  11   0 
0.090818
3   6   5   1  11   0 
0.077718
3   6   5   2   8  11 
0.020305
4   1  11 
0.056346
5   1  11   0 
0.274031
5   2   8  11 
0.031095
6   4   1  11   0 
0.046751
6   5   1  11   0 
0.040007
6   5   2   8  11 
0.010453
7   4   1  11 
0.291410
8  11 
0.751402
9   3   6   4   1  11   0 
0.004570
9   3   6   5   1  11   0 
0.004570
9   3   6   5   2   8  11 
0.004570
9   7   4   1  11   0   0 
0.003660
10   3   6   4   1  11   0   0 
0.036908
10   3   6   5   1  11   0   0 
0.036908
10   3   6   5   2   8  11   0 
0.019485
10   9   3   6   4   1  11   0 
0.015486
10   9   3   6   5   1  11   0 
0.015486
10   9   3   6   5   2   8  11 
0.015486
10   9   7   4   1  11   0   0 
0.012404
