2 1 0.243055 0.108734 * 2  5  1  0 
2 1 0.359690 0.009491 * 2   8  11   1 
3 1 0.358363 0.015985 * 3  6  4  1 
3 1 0.336616 0.010455 * 3  6  5  1 
4 1 0.126249 0.072818 * 4  1 
5 1 0.110238 0.153246 * 5  1 
6 1 0.244355 0.021882 * 6  4  1 
6 1 0.222608 0.014311 * 6  5  1 
7 1 0.247336 0.109203 * 7  4  1 
8 1 0.240749 0.103741 * 8  11   1 
9 1 0.461454 0.009423 * 9  3  6  4  1 
9 1 0.439707 0.009423 * 9  3  6  5  1 
9 1 0.350811 0.002852 * 9  7  4  1  0 
10 1 0.465092 0.020148 * 10   3   6   4   1   0 
10 1 0.443345 0.020148 * 10   3   6   5   1   0 
10 1 0.563548 0.003350 * 10   9   3   6   4   1 
10 1 0.541802 0.003350 * 10   9   3   6   5   1 
10 1 0.452905 0.003141 * 10   9   7   4   1   0 
11 1 0.119665 0.332470 * 11   1 
1 2 0.229452 0.058507 * 1  5  2  0 
1 2 0.356545 0.058507 * 1  11   8   2 
3 2 0.343707 0.090622 * 3  6  5  2 
4 2 0.355700 0.022518 * 4  1  5  2  0 
4 2 0.482794 0.022518 * 4   1  11   8   2 
4 2 0.331591 0.006971 * 4  6  5  2  0 
5 2 0.117328 0.206761 * 5  2 
6 2 0.229699 0.060010 * 6  5  2 
7 2 0.476788 0.047727 * 7  4  1  5  2  0 
7 2 0.603881 0.047727 * 7   4   1  11   8   2 
7 2 0.452678 0.017135 * 7  4  6  5  2  0 
7 2 0.550072 0.011231 * 7  9  3  6  5  2 
8 2 0.105566 0.052887 * 8  2 
9 2 0.446798 0.011505 * 9  3  6  5  2 
10 2 0.450435 0.030670 * 10   3   6   5   2   0 
10 2 0.548892 0.003915 * 10   9   3   6   5   2 
11 2 0.220443 0.077277 * 11   8   2 
1 3 0.329330 0.007341 * 1  4  6  3  0 
1 3 0.441962 0.007308 * 1  4  7  9  3 
1 3 0.353923 0.010974 * 1  5  6  3  0 
2 3 0.374617 0.206279 * 2  5  6  3 
4 3 0.215692 0.019661 * 4  6  3  0 
4 3 0.328324 0.019573 * 4  7  9  3 
5 3 0.241800 0.040296 * 5  6  3 
6 3 0.113800 0.090473 * 6  3 
7 3 0.206365 0.125745 * 7  9  3 
8 3 0.480183 0.020143 * 8  2  5  6  3  0  0 
8 3 0.570079 0.015184 * 8  11   1   4   6   3   0 
8 3 0.682711 0.015184 * 8  11   1   4   7   9   3 
8 3 0.594673 0.015184 * 8  11   1   5   6   3   0 
9 3 0.103091 0.070168 * 9  3 
10 3 0.205186 0.010015 * 10   9   3 
10 3 0.106729 0.078456 * 10   3   0 
11 3 0.448995 0.025448 * 11   1   4   6   3   0 
11 3 0.561627 0.025334 * 11   1   4   7   9   3 
11 3 0.473588 0.038044 * 11   1   5   6   3   0 
1 4 0.113638 0.030017 * 1  4 
2 4 0.356693 0.037230 * 2  5  1  4  0 
2 4 0.378923 0.078355 * 2  5  6  4  0 
2 4 0.473328 0.002090 * 2   8  11   1   4 
3 4 0.232114 0.014440 * 3  6  4  0 
3 4 0.327040 0.002856 * 3  9  7  4 
5 4 0.223876 0.019433 * 5  1  4 
5 4 0.246106 0.044161 * 5  6  4 
6 4 0.118106 0.026966 * 6  4 
7 4 0.121087 0.425992 * 7  4 
8 4 0.354387 0.022311 * 8  11   1   4 
9 4 0.224562 0.015629 * 9  7  4 
10 4 0.338843 0.021724 * 10   3   6   4   0 
10 4 0.433769 0.005861 * 10   3   9   7   4 
10 4 0.326656 0.001159 * 10   9   7   4   0 
11 4 0.233303 0.046977 * 11   1   4 
1 5 0.112124 0.113485 * 1  5 
2 5 0.132817 0.534223 * 2  5 
3 5 0.226378 0.059329 * 3  6  5 
4 5 0.238372 0.028772 * 4  1  5 
4 5 0.214263 0.017813 * 4  6  5 
6 5 0.112371 0.082149 * 6  5 
7 5 0.359460 0.058992 * 7  4  1  5  0 
7 5 0.335350 0.036523 * 7  4  6  5  0 
7 5 0.432744 0.023611 * 7  9  3  6  5 
8 5 0.238383 0.128499 * 8  2  5  0 
8 5 0.352873 0.052895 * 8  11   1   5 
9 5 0.329470 0.043564 * 9  3  6  5 
10 5 0.333107 0.072189 * 10   3   6   5   0 
10 5 0.431564 0.009215 * 10   9   3   6   5 
11 5 0.231789 0.232242 * 11   1   5 
1 6 0.215530 0.015944 * 1  4  6 
1 6 0.240123 0.038273 * 1  5  6 
2 6 0.260817 0.213933 * 2  5  6 
3 6 0.114008 0.074164 * 3  6 
4 6 0.101892 0.024683 * 4  6 
5 6 0.127999 0.076032 * 5  6 
7 6 0.222979 0.028761 * 7  4  6  0 
7 6 0.320373 0.028632 * 7  9  3  6 
8 6 0.366383 0.018135 * 8  2  5  6  0 
8 6 0.456279 0.010575 * 8  11   1   4   6 
8 6 0.480872 0.010575 * 8  11   1   5   6 
9 6 0.217099 0.007067 * 9  3  6 
10 6 0.220737 0.018317 * 10   3   6   0 
10 6 0.319193 0.002338 * 10   9   3   6 
11 6 0.335195 0.023151 * 11   1   4   6 
11 6 0.359788 0.048260 * 11   1   5   6 
1 7 0.235596 0.076632 * 1  4  7 
2 7 0.478651 0.133953 * 2  5  1  4  7  0  0 
2 7 0.580569 0.088049 * 2  5  6  3  9  7  0 
2 7 0.686336 0.032803 * 2   5   6   3  10   9   7 
2 7 0.500881 0.336472 * 2  5  6  4  7  0  0 
2 7 0.595286 0.008148 * 2   8  11   1   4   7   0 
3 7 0.205952 0.056804 * 3  9  7  0 
3 7 0.311719 0.018354 * 3  10   9   7 
4 7 0.121958 0.077984 * 4  7 
5 7 0.345834 0.057783 * 5  1  4  7  0  0 
5 7 0.447752 0.037982 * 5  6  3  9  7  0 
5 7 0.553519 0.014150 * 5   6   3  10   9   7 
5 7 0.368064 0.145144 * 5  6  4  7  0  0 
6 7 0.319753 0.012654 * 6  3  9  7  0 
6 7 0.425519 0.004715 * 6   3  10   9   7 
6 7 0.240065 0.048358 * 6  4  7  0  0 
8 7 0.476346 0.290716 * 8  11   1   4   7 
9 7 0.103475 0.014945 * 9  7 
10 7 0.205569 0.175946 * 10   9   7 
11 7 0.355261 0.386822 * 11   1   4   7 
1 8 0.348392 0.032142 * 1  5  2  8 
1 8 0.250979 0.151571 * 1  11   8   0 
2 8 0.118941 0.358581 * 2  8 
3 8 0.462647 0.101631 * 3  6  5  2  8 
4 8 0.474641 0.036692 * 4  1  5  2  8 
4 8 0.377228 0.163388 * 4   1  11   8   0 
4 8 0.450531 0.017698 * 4  6  5  2  8 
5 8 0.236269 0.342466 * 5  2  8 
6 8 0.348639 0.155874 * 6  5  2  8 
7 8 0.595728 0.084622 * 7  4  1  5  2  8 
7 8 0.498315 0.290965 * 7   4   1  11   8   0 
7 8 0.571619 0.040816 * 7  4  6  5  2  8 
9 8 0.565738 0.002832 * 9  3  6  5  2  8  0 
9 8 0.699203 0.013732 * 9  7  4  1  5  2  8 
9 8 0.601790 0.013732 * 9   7   4   1  11   8   0 
9 8 0.675093 0.011494 * 9  7  4  6  5  2  8 
10 8 0.569376 0.040150 * 10   3   6   5   2   8   0   0 
10 8 0.667833 0.008735 * 10   9   3   6   5   2   8   0 
10 8 0.801297 0.029977 * 10   9   7   4   1   5   2   8 
10 8 0.703884 0.029977 * 10   9   7   4   1  11   8   0 
10 8 0.777188 0.029977 * 10   9   7   4   6   5   2   8 
11 8 0.114877 0.399812 * 11   8 
1 9 0.537574 0.001448 * 1   4   6   3  10   9 
1 9 0.431808 0.001448 * 1  4  6  3  9  0 
1 9 0.338870 0.002757 * 1  4  7  9  0  0 
2 9 0.780629 0.006114 * 2   5   1   4   6   3  10   9 
2 9 0.674863 0.006114 * 2  5  1  4  6  3  9  0 
2 9 0.581925 0.010858 * 2  5  1  4  7  9  0  0 
2 9 0.582861 0.006769 * 2   5   6   3  10   9   0   0 
2 9 0.477095 0.008974 * 2  5  6  3  9  0  0  0 
3 9 0.208244 0.013674 * 3  10   9 
3 9 0.102478 0.042321 * 3  9  0 
4 9 0.423936 0.002277 * 4   6   3  10   9 
4 9 0.318170 0.002277 * 4  6  3  9  0 
4 9 0.225232 0.004337 * 4  7  9  0  0 
5 9 0.647812 0.006456 * 5   1   4   6   3  10   9 
5 9 0.542045 0.006456 * 5  1  4  6  3  9  0 
5 9 0.449108 0.011466 * 5  1  4  7  9  0  0 
5 9 0.450044 0.007148 * 5   6   3  10   9   0   0 
5 9 0.344277 0.009477 * 5  6  3  9  0  0  0 
6 9 0.322044 0.002158 * 6   3  10   9 
6 9 0.216278 0.005283 * 6  3  9  0 
7 9 0.103274 0.009889 * 7  9 
8 9 0.886195 0.004269 * 8   2   5   1   4   6   3  10   9 
8 9 0.780429 0.004269 * 8  2  5  1  4  6  3  9  0 
8 9 0.687491 0.004269 * 8  2  5  1  4  7  9  0  0 
8 9 0.688427 0.004269 * 8   2   5   6   3  10   9   0   0 
8 9 0.582660 0.004269 * 8  2  5  6  3  9  0  0  0 
8 9 0.778323 0.000962 * 8  11   1   4   6   3  10   9   0 
8 9 0.672557 0.000962 * 8  11   1   4   6   3   9   0   0 
8 9 0.579620 0.000962 * 8  11   1   4   7   9   0   0   0 
10 9 0.102094 0.020703 * 10   9 
11 9 0.657239 0.005216 * 11   1   4   6   3  10   9 
11 9 0.551473 0.005216 * 11   1   4   6   3   9   0 
11 9 0.458535 0.005216 * 11   1   4   7   9   0   0 
1 10 0.533705 0.013175 * 1   4   6   3   9  10 
1 10 0.435480 0.013175 * 1   4   6   3  10   0 
1 10 0.440768 0.009807 * 1   4   7   9  10   0 
1 10 0.558299 0.025560 * 1   5   6   3   9  10 
1 10 0.460073 0.025560 * 1   5   6   3  10   0 
2 10 0.578992 0.088107 * 2   5   6   3   9  10 
2 10 0.480767 0.161342 * 2   5   6   3  10   0 
3 10 0.204375 0.009529 * 3   9  10 
3 10 0.106150 0.022731 * 3  10   0 
4 10 0.420067 0.006241 * 4   6   3   9  10 
4 10 0.321842 0.006241 * 4   6   3  10   0 
4 10 0.327130 0.004645 * 4   7   9  10   0 
5 10 0.446175 0.015258 * 5   6   3   9  10 
5 10 0.347950 0.036395 * 5   6   3  10   0 
6 10 0.318175 0.006253 * 6   3   9  10 
6 10 0.219950 0.014915 * 6   3  10   0 
7 10 0.205171 0.133865 * 7   9  10 
8 10 0.684558 0.015904 * 8   2   5   6   3   9  10   0 
8 10 0.586333 0.015904 * 8   2   5   6   3  10   0   0 
8 10 0.774454 0.011304 * 8  11   1   4   6   3   9  10 
8 10 0.676229 0.011304 * 8  11   1   4   6   3  10   0 
8 10 0.681517 0.011304 * 8  11   1   4   7   9  10   0 
8 10 0.799048 0.011304 * 8  11   1   5   6   3   9  10 
8 10 0.700822 0.011304 * 8  11   1   5   6   3  10   0 
9 10 0.101897 0.035786 * 9  10 
11 10 0.653370 0.007863 * 11   1   4   6   3   9  10 
11 10 0.555145 0.007863 * 11   1   4   6   3  10   0 
11 10 0.560433 0.005853 * 11   1   4   7   9  10   0 
11 10 0.677964 0.012928 * 11   1   5   6   3   9  10 
11 10 0.579738 0.012928 * 11   1   5   6   3  10   0 
1 11 0.136102 0.496079 * 1  11 
2 11 0.240025 0.453278 * 2   8  11 
3 11 0.494465 0.116295 * 3   6   4   1  11   0 
3 11 0.472718 0.082700 * 3   6   5   1  11   0 
3 11 0.583731 0.015969 * 3   6   5   2   8  11 
4 11 0.262351 0.074027 * 4   1  11 
5 11 0.246340 0.283780 * 5   1  11   0 
5 11 0.357353 0.024771 * 5   2   8  11 
6 11 0.380457 0.056289 * 6   4   1  11   0 
6 11 0.358711 0.040028 * 6   5   1  11   0 
6 11 0.469723 0.007729 * 6   5   2   8  11 
7 11 0.383438 0.416004 * 7   4   1  11 
8 11 0.121084 0.866292 * 8  11 
9 11 0.597556 0.007126 * 9   3   6   4   1  11   0 
9 11 0.575810 0.007126 * 9   3   6   5   1  11   0 
9 11 0.686822 0.007126 * 9   3   6   5   2   8  11 
9 11 0.486913 0.002085 * 9   7   4   1  11   0   0 
10 11 0.601194 0.070192 * 10   3   6   4   1  11   0   0 
10 11 0.579447 0.070192 * 10   3   6   5   1  11   0   0 
10 11 0.690460 0.017555 * 10   3   6   5   2   8  11   0 
10 11 0.699651 0.011581 * 10   9   3   6   4   1  11   0 
10 11 0.677904 0.011581 * 10   9   3   6   5   1  11   0 
10 11 0.788917 0.011581 * 10   9   3   6   5   2   8  11 
10 11 0.589007 0.004820 * 10   9   7   4   1  11   0   0 
