2 1 2 0.067260 * 2  5  1 
3 1 3 0.008734 * 3  6  4  1 
3 1 3 0.008734 * 3  6  5  1 
4 1 1 0.013679 * 4  1 
5 1 1 0.087648 * 5  1 
6 1 2 0.006071 * 6  4  1 
6 1 2 0.006071 * 6  5  1 
7 1 2 0.109002 * 7  4  1 
8 1 2 0.082229 * 8  11   1 
9 1 3 0.023078 * 9  7  4  1 
10 1 4 0.016390 * 10   3   6   4   1 
10 1 4 0.016390 * 10   3   6   5   1 
10 1 4 0.016390 * 10   9   7   4   1 
11 1 1 0.728828 * 11   1 
1 2 2 0.066916 * 1  5  2 
3 2 3 0.083480 * 3  6  5  2 
4 2 3 0.077689 * 4  1  5  2 
4 2 3 0.077689 * 4  6  5  2 
5 2 1 0.084139 * 5  2 
6 2 2 0.039971 * 6  5  2 
7 2 4 0.298406 * 7  4  1  5  2 
7 2 4 0.298406 * 7  4  6  5  2 
8 2 1 0.023036 * 8  2 
9 2 4 0.017279 * 9  3  6  5  2 
10 2 4 0.041730 * 10   3   6   5   2 
11 2 2 0.042498 * 11   8   2 
1 3 3 0.017909 * 1  4  6  3 
1 3 3 0.017909 * 1  5  6  3 
2 3 3 0.267245 * 2  5  6  3 
4 3 2 0.023369 * 4  6  3 
5 3 2 0.036896 * 5  6  3 
6 3 1 0.018309 * 6  3 
7 3 2 0.020926 * 7  9  3 
8 3 4 0.049171 * 8  2  5  6  3 
9 3 1 0.044056 * 9  3 
10 3 1 0.039259 * 10   3 
11 3 4 0.020931 * 11   1   4   6   3 
11 3 4 0.020931 * 11   1   5   6   3 
1 4 1 0.024854 * 1  4 
2 4 3 0.078191 * 2  5  1  4 
2 4 3 0.078191 * 2  5  6  4 
3 4 2 0.012055 * 3  6  4 
5 4 2 0.024183 * 5  1  4 
5 4 2 0.024183 * 5  6  4 
6 4 1 0.006052 * 6  4 
7 4 1 0.232847 * 7  4 
8 4 3 0.032420 * 8  11   1   4 
9 4 2 0.004789 * 9  7  4 
10 4 3 0.007286 * 10   3   6   4 
10 4 3 0.007286 * 10   9   7   4 
11 4 2 0.015426 * 11   1   4 
1 5 1 0.068935 * 1  5 
2 5 1 0.592097 * 2  5 
3 5 2 0.032517 * 3  6  5 
4 5 2 0.013989 * 4  1  5 
4 5 2 0.013989 * 4  6  5 
6 5 1 0.068248 * 6  5 
7 5 3 0.035365 * 7  4  1  5 
7 5 3 0.035365 * 7  4  6  5 
8 5 2 0.128005 * 8  2  5 
9 5 3 0.041691 * 9  3  6  5 
10 5 3 0.038374 * 10   3   6   5 
11 5 2 0.138538 * 11   1   5 
1 6 2 0.019575 * 1  4  6 
1 6 2 0.019575 * 1  5  6 
2 6 2 0.194824 * 2  5  6 
3 6 1 0.017289 * 3  6 
4 6 1 0.033314 * 4  6 
5 6 1 0.069366 * 5  6 
7 6 2 0.027322 * 7  4  6 
8 6 3 0.039886 * 8  2  5  6 
9 6 2 0.002514 * 9  3  6 
10 6 2 0.024909 * 10   3   6 
11 6 3 0.036415 * 11   1   4   6 
11 6 3 0.036415 * 11   1   5   6 
1 7 2 0.092704 * 1  4  7 
2 7 4 0.391854 * 2  5  1  4  7 
2 7 4 0.391854 * 2  5  6  4  7 
3 7 2 0.022102 * 3  9  7 
4 7 1 0.035257 * 4  7 
5 7 3 0.109342 * 5  1  4  7 
5 7 3 0.109342 * 5  6  4  7 
6 7 2 0.036321 * 6  4  7 
8 7 4 0.291445 * 8  11   1   4   7 
9 7 1 0.028955 * 9  7 
10 7 2 0.148387 * 10   9   7 
11 7 3 0.261749 * 11   1   4   7 
1 8 2 0.192539 * 1  11   8 
2 8 1 0.310728 * 2  8 
3 8 4 0.074109 * 3  6  5  2  8 
4 8 3 0.185334 * 4   1  11   8 
5 8 2 0.280656 * 5  2  8 
6 8 3 0.099516 * 6  5  2  8 
7 8 4 0.272202 * 7   4   1  11   8 
9 8 5 0.014853 * 9  3  6  5  2  8 
9 8 5 0.014853 * 9   7   4   1  11   8 
10 8 5 0.121165 * 10   3   6   5   2   8 
11 8 1 0.262697 * 11   8 
1 9 3 0.005165 * 1  4  7  9 
2 9 4 0.060589 * 2  5  6  3  9 
3 9 1 0.040666 * 3  9 
4 9 2 0.006566 * 4  7  9 
5 9 3 0.017134 * 5  6  3  9 
6 9 2 0.001810 * 6  3  9 
7 9 1 0.043308 * 7  9 
8 9 5 0.007239 * 8  2  5  6  3  9 
8 9 5 0.007239 * 8  11   1   4   7   9 
10 9 1 0.012075 * 10   9 
11 9 4 0.005967 * 11   1   4   7   9 
1 10 4 0.023229 * 1   4   6   3  10 
1 10 4 0.023229 * 1   4   7   9  10 
1 10 4 0.038508 * 1   5   6   3  10 
2 10 4 0.450921 * 2   5   6   3  10 
3 10 1 0.016032 * 3  10 
4 10 3 0.006234 * 4   6   3  10 
4 10 3 0.006234 * 4   7   9  10 
5 10 3 0.068792 * 5   6   3  10 
6 10 2 0.015658 * 6   3  10 
7 10 2 0.100482 * 7   9  10 
8 10 5 0.112730 * 8   2   5   6   3  10 
9 10 1 0.011893 * 9  10 
11 10 5 0.011940 * 11   1   4   6   3  10 
11 10 5 0.011940 * 11   1   4   7   9  10 
11 10 5 0.011940 * 11   1   5   6   3  10 
1 11 1 0.650471 * 1  11 
2 11 2 0.296041 * 2   8  11 
3 11 4 0.064699 * 3   6   4   1  11 
3 11 4 0.064699 * 3   6   5   1  11 
4 11 2 0.158854 * 4   1  11 
5 11 2 0.302202 * 5   1  11 
6 11 3 0.024775 * 6   4   1  11 
6 11 3 0.024775 * 6   5   1  11 
7 11 3 0.396832 * 7   4   1  11 
8 11 1 0.725556 * 8  11 
9 11 4 0.023983 * 9   7   4   1  11 
10 11 5 0.057460 * 10   3   6   4   1  11 
10 11 5 0.057460 * 10   3   6   5   1  11 
10 11 5 0.057460 * 10   9   7   4   1  11 
