2  5  1  0 
0.060114
2   8  11   1 
0.007123
3  6  4  1 
0.007660
3  6  5  1 
0.005318
4  1 
0.011979
5  1 
0.095772
6  4  1 
0.015788
6  5  1 
0.010961
7  4  1 
0.089673
8  11   1 
0.064118
9  3  6  4  1 
0.012977
9  3  6  5  1 
0.012977
9  7  4  1  0 
0.011421
10   3   6   4   1   0 
0.018945
10   3   6   5   1   0 
0.018945
10   9   3   6   4   1 
0.002659
10   9   3   6   5   1 
0.002659
10   9   7   4   1   0 
0.002659
11   1 
0.499276
1  5  2  0 
0.034052
1  11   8   2 
0.031168
3  6  5  2 
0.043926
4  1  5  2  0 
0.015198
4   1  11   8   2 
0.013911
4  6  5  2  0 
0.006754
5  2 
0.126615
6  5  2 
0.045885
7  4  1  5  2  0 
0.308785
7   4   1  11   8   2 
0.282636
7  4  6  5  2  0 
0.137220
7  9  3  6  5  2 
0.087572
8  2 
0.033548
9  3  6  5  2 
0.005663
10   3   6   5   2   0 
0.037557
10   9   3   6   5   2 
0.002804
11   8   2 
0.046340
1  4  6  3  0 
0.010482
1  4  7  9  3 
0.007023
1  5  6  3  0 
0.018783
2  5  6  3 
0.286072
4  6  3  0 
0.019018
4  7  9  3 
0.012743
5  6  3 
0.024222
6  3 
0.052749
7  9  3 
0.028388
8  2  5  6  3  0  0 
0.025012
8  11   1   4   6   3   0 
0.015635
8  11   1   4   7   9   3 
0.015635
8  11   1   5   6   3   0 
0.015635
9  3 
0.051859
10   9   3 
0.004523
10   3   0 
0.060588
11   1   4   6   3   0 
0.022200
11   1   4   7   9   3 
0.014876
11   1   5   6   3   0 
0.039783
1  4 
0.032395
2  5  1  4  0 
0.046099
2  5  6  4  0 
0.094799
2   8  11   1   4 
0.004117
3  6  4 
0.007628
5  1  4 
0.014925
5  6  4 
0.030692
6  4 
0.017421
7  4 
0.376798
8  11   1   4 
0.026655
9  3  6  4 
0.004345
9  7  4  0 
0.006478
10   3   6   4   0 
0.007650
10   9   3   6   4 
0.001423
10   9   7   4   0 
0.001423
11   1   4 
0.024998
1  5 
0.060367
2  5 
0.654411
3  6  5 
0.033962
4  1  5 
0.023886
4  6  5 
0.011770
6  5 
0.047869
7  4  1  5  0 
0.049057
7  4  6  5  0 
0.024543
7  9  3  6  5 
0.010851
8  2  5  0 
0.119932
8  11   1   5 
0.047559
9  3  6  5 
0.033428
10   3   6   5   0 
0.041665
10   9   3   6   5 
0.003110
11   1   5 
0.116392
1  4  6 
0.007631
1  5  6 
0.022112
2  5  6 
0.222134
3  6 
0.015678
4  6 
0.016442
5  6 
0.051352
7  4  6  0 
0.012275
7  9  3  6 
0.008225
8  2  5  6  0 
0.017695
8  11   1   4   6 
0.009439
8  11   1   5   6 
0.009439
9  3  6 
0.002950
10   3   6   0 
0.023906
10   9   3   6 
0.001785
11   1   4   6 
0.021533
11   1   5   6 
0.062392
1  4  7 
0.071322
2  5  1  4  7  0  0 
0.183656
2  5  6  3  9  7  0 
0.082396
2   5   6   3  10   9   7 
0.048712
2  5  6  4  7  0  0 
0.395489
2   8  11   1   4   7   0 
0.017390
3  9  7  0 
0.010371
3  10   9   7 
0.006131
4  7 
0.144252
5  1  4  7  0  0 
0.045825
5  6  3  9  7  0 
0.020559
5   6   3  10   9   7 
0.012155
5  6  4  7  0  0 
0.098681
6  3  9  7  0 
0.004738
6   3  10   9   7 
0.002801
6  4  7  0  0 
0.022743
8  11   1   4   7 
0.255892
9  7 
0.021079
10   9   7 
0.118391
11   1   4   7 
0.307169
1  5  2  8 
0.045020
1  11   8   0 
0.175004
2  8 
0.320709
3  6  5  2  8 
0.087382
4  1  5  2  8 
0.040360
4   1  11   8   0 
0.132559
4  6  5  2  8 
0.013365
5  2  8 
0.314120
6  5  2  8 
0.103950
7  4  1  5  2  8 
0.068230
7   4   1  11   8   0 
0.154094
7  4  6  5  2  8 
0.022593
9  3  6  5  2  8  0 
0.000828
9  7  4  1  5  2  8 
0.007539
9   7   4   1  11   8   0 
0.007539
9  7  4  6  5  2  8 
0.005264
10   3   6   5   2   8   0   0 
0.036152
10   9   3   6   5   2   8   0 
0.003817
10   9   7   4   1   5   2   8 
0.027272
10   9   7   4   1  11   8   0 
0.027272
10   9   7   4   6   5   2   8 
0.024270
11   8 
0.344881
1   4   6   3  10   9 
0.000925
1  4  6  3  9  0 
0.000925
1  4  7  9  0  0 
0.003084
2   5   1   4   6   3  10   9 
0.004220
2  5  1  4  6  3  9  0 
0.004220
2  5  1  4  7  9  0  0 
0.011889
2   5   6   3  10   9   0   0 
0.010085
2  5  6  3  9  0  0  0 
0.010085
3  10   9 
0.028320
3  9  0 
0.047903
4   6   3  10   9 
0.000592
4  6  3  9  0 
0.000592
4  7  9  0  0 
0.001974
5   1   4   6   3  10   9 
0.001672
5  1  4  6  3  9  0 
0.001672
5  1  4  7  9  0  0 
0.004711
5   6   3  10   9   0   0 
0.003996
5  6  3  9  0  0  0 
0.003996
6   3  10   9 
0.001010
6  3  9  0 
0.001076
7  9 
0.030953
8   2   5   1   4   6   3  10   9 
0.003277
8  2  5  1  4  6  3  9  0 
0.003277
8  2  5  1  4  7  9  0  0 
0.003937
8   2   5   6   3  10   9   0   0 
0.003937
8  2  5  6  3  9  0  0  0 
0.003937
8  11   1   4   6   3  10   9   0 
0.001072
8  11   1   4   6   3   9   0   0 
0.001072
8  11   1   4   7   9   0   0   0 
0.001072
10   9 
0.014073
11   1   4   6   3  10   9 
0.002908
11   1   4   6   3   9   0 
0.002908
11   1   4   7   9   0   0 
0.002908
1   4   6   3   9  10 
0.010579
1   4   6   3  10   0 
0.010579
1   4   7   9  10   0 
0.011270
1   5   6   3   9  10 
0.027670
1   5   6   3  10   0 
0.027670
2   5   6   3   9  10 
0.111323
2   5   6   3  10   0 
0.376816
3   9  10 
0.003694
3  10   0 
0.014708
4   6   3   9  10 
0.003187
4   6   3  10   0 
0.003187
4   7   9  10   0 
0.003395
5   6   3   9  10 
0.009953
5   6   3  10   0 
0.039627
6   3   9  10 
0.003802
6   3  10   0 
0.015138
7   9  10 
0.095540
8   2   5   6   3   9  10   0 
0.021371
8   2   5   6   3  10   0   0 
0.021371
8  11   1   4   6   3   9  10 
0.014515
8  11   1   4   6   3  10   0 
0.014515
8  11   1   4   7   9  10   0 
0.014515
8  11   1   5   6   3   9  10 
0.014515
8  11   1   5   6   3  10   0 
0.014515
9  10 
0.014560
11   1   4   6   3   9  10 
0.010037
11   1   4   6   3  10   0 
0.010037
11   1   4   7   9  10   0 
0.010692
11   1   5   6   3   9  10 
0.026251
11   1   5   6   3  10   0 
0.026251
1  11 
0.466122
2   8  11 
0.328341
3   6   4   1  11   0 
0.067411
3   6   5   1  11   0 
0.052348
3   6   5   2   8  11 
0.014933
4   1  11 
0.092412
5   1  11   0 
0.249867
5   2   8  11 
0.029608
6   4   1  11   0 
0.041995
6   5   1  11   0 
0.032611
6   5   2   8  11 
0.009302
7   4   1  11 
0.319634
8  11 
0.601444
9   3   6   4   1  11   0 
0.003821
9   3   6   5   1  11   0 
0.003821
9   3   6   5   2   8  11 
0.003821
9   7   4   1  11   0   0 
0.003207
10   3   6   4   1  11   0   0 
0.056352
10   3   6   5   1  11   0   0 
0.056352
10   3   6   5   2   8  11   0 
0.018868
10   9   3   6   4   1  11   0 
0.007402
10   9   3   6   5   1  11   0 
0.007402
10   9   3   6   5   2   8  11 
0.007402
10   9   7   4   1  11   0   0 
0.006213
