2  5  1  0 
0.059063
2   8  11   1 
0.005727
3  6  4  1 
0.019062
3  6  5  1 
0.012351
4  1 
0.011398
5  1 
0.108842
6  4  1 
0.008844
6  5  1 
0.005731
7  4  1 
0.089349
8  11   1 
0.075902
9  3  6  4  1 
0.009405
9  3  6  5  1 
0.009405
9  7  4  1  0 
0.003070
10   3   6   4   1   0 
0.017283
10   3   6   5   1   0 
0.017283
10   9   3   6   4   1 
0.002732
10   9   3   6   5   1 
0.002732
10   9   7   4   1   0 
0.002732
11   1 
0.428559
1  5  2  0 
0.027711
1  11   8   2 
0.027711
3  6  5  2 
0.070276
4  1  5  2  0 
0.062270
4   1  11   8   2 
0.062270
4  6  5  2  0 
0.030128
5  2 
0.108095
6  5  2 
0.054400
7  4  1  5  2  0 
0.037387
7   4   1  11   8   2 
0.037387
7  4  6  5  2  0 
0.025018
7  9  3  6  5  2 
0.010343
8  2 
0.033962
9  3  6  5  2 
0.016827
10   3   6   5   2   0 
0.043200
10   9   3   6   5   2 
0.005148
11   8   2 
0.058315
1  4  6  3  0 
0.007752
1  4  7  9  3 
0.008951
1  5  6  3  0 
0.012409
2  5  6  3 
0.294908
4  6  3  0 
0.012417
4  7  9  3 
0.014336
5  6  3 
0.043018
6  3 
0.072941
7  9  3 
0.026988
8  2  5  6  3  0  0 
0.021655
8  11   1   4   6   3   0 
0.016026
8  11   1   4   7   9   3 
0.016026
8  11   1   5   6   3   0 
0.016026
9  3 
0.066718
10   9   3 
0.007951
10   3   0 
0.066718
11   1   4   6   3   0 
0.014544
11   1   4   7   9   3 
0.016792
11   1   5   6   3   0 
0.023281
1  4 
0.025901
2  5  1  4  0 
0.052381
2  5  6  4  0 
0.122217
2   8  11   1   4 
0.004134
3  6  4  0 
0.010575
3  9  7  4 
0.001848
5  1  4 
0.011912
5  6  4 
0.027793
6  4 
0.007323
7  4 
0.705184
8  11   1   4 
0.035059
9  7  4 
0.005241
10   3   6   4   0 
0.017316
10   3   9   7   4 
0.004085
10   9   7   4   0 
0.000945
11   1   4 
0.026058
1  5 
0.071527
2  5 
0.647462
3  6  5 
0.041907
4  1  5 
0.016891
4  6  5 
0.010645
6  5 
0.089723
7  4  1  5  0 
0.043347
7  4  6  5  0 
0.027318
7  9  3  6  5 
0.022064
8  2  5  0 
0.095055
8  11   1   5 
0.037061
9  3  6  5 
0.032900
10   3   6   5   0 
0.041058
10   9   3   6   5 
0.004893
11   1   5 
0.161064
1  4  6 
0.015175
1  5  6 
0.036404
2  5  6 
0.179409
3  6 
0.018399
4  6 
0.018388
5  6 
0.081069
7  4  6  0 
0.014107
7  9  3  6 
0.016287
8  2  5  6  0 
0.029960
8  11   1   4   6 
0.016550
8  11   1   5   6 
0.016550
9  3  6 
0.003764
10   3   6   0 
0.019591
10   9   3   6 
0.002335
11   1   4   6 
0.018059
11   1   5   6 
0.036821
1  4  7 
0.086527
2  5  1  4  7  0  0 
0.183383
2  5  6  3  9  7  0 
0.096014
2   5   6   3  10   9   7 
0.035231
2  5  6  4  7  0  0 
0.452697
2   8  11   1   4   7   0 
0.014280
3  9  7  0 
0.022520
3  10   9   7 
0.008263
4  7 
0.059873
5  1  4  7  0  0 
0.044687
5  6  3  9  7  0 
0.023397
5   6   3  10   9   7 
0.008585
5  6  4  7  0  0 
0.110315
6  3  9  7  0 
0.006728
6   3  10   9   7 
0.002469
6  4  7  0  0 
0.031723
8  11   1   4   7 
0.270514
9  7 
0.050336
10   9   7 
0.129106
11   1   4   7 
0.376147
1  5  2  8 
0.035420
1  11   8   0 
0.159932
2  8 
0.355095
3  6  5  2  8 
0.074487
4  1  5  2  8 
0.033159
4   1  11   8   0 
0.136140
4  6  5  2  8 
0.015556
5  2  8 
0.288611
6  5  2  8 
0.099736
7  4  1  5  2  8 
0.078158
7   4   1  11   8   0 
0.253300
7  4  6  5  2  8 
0.036666
9  3  6  5  2  8  0 
0.002572
9  7  4  1  5  2  8 
0.011686
9   7   4   1  11   8   0 
0.011686
9  7  4  6  5  2  8 
0.009379
10   3   6   5   2   8   0   0 
0.050394
10   9   3   6   5   2   8   0 
0.009346
10   9   7   4   1   5   2   8 
0.033293
10   9   7   4   1  11   8   0 
0.033293
10   9   7   4   6   5   2   8 
0.033293
11   8 
0.331247
1   4   6   3  10   9 
0.000997
1  4  6  3  9  0 
0.000997
1  4  7  9  0  0 
0.002592
2   5   1   4   6   3  10   9 
0.006495
2  5  1  4  6  3  9  0 
0.006495
2  5  1  4  7  9  0  0 
0.016892
2   5   6   3  10   9   0   0 
0.012086
2  5  6  3  9  0  0  0 
0.012994
3  10   9 
0.021176
3  9  0 
0.057712
4   6   3  10   9 
0.001176
4  6  3  9  0 
0.001176
4  7  9  0  0 
0.003058
5   1   4   6   3  10   9 
0.003763
5  1  4  6  3  9  0 
0.003763
5  1  4  7  9  0  0 
0.009786
5   6   3  10   9   0   0 
0.007002
5  6  3  9  0  0  0 
0.007528
6   3  10   9 
0.001110
6  3  9  0 
0.001876
7  9 
0.043349
8   2   5   1   4   6   3  10   9 
0.002295
8  2  5  1  4  6  3  9  0 
0.002295
8  2  5  1  4  7  9  0  0 
0.002295
8   2   5   6   3  10   9   0   0 
0.002295
8  2  5  6  3  9  0  0  0 
0.002295
8  11   1   4   6   3  10   9   0 
0.000575
8  11   1   4   6   3   9   0   0 
0.000575
8  11   1   4   7   9   0   0   0 
0.000575
10   9 
0.015927
11   1   4   6   3  10   9 
0.002219
11   1   4   6   3   9   0 
0.002219
11   1   4   7   9   0   0 
0.002219
1   4   6   3   9  10 
0.011725
1   4   6   3  10   0 
0.011725
1   4   7   9  10   0 
0.010219
1   5   6   3   9  10 
0.024576
1   5   6   3  10   0 
0.024576
2   5   6   3   9  10 
0.103120
2   5   6   3  10   0 
0.292508
3   9  10 
0.005715
3  10   0 
0.017596
4   6   3   9  10 
0.003632
4   6   3  10   0 
0.003632
4   7   9  10   0 
0.003166
5   6   3   9  10 
0.005923
5   6   3  10   0 
0.018238
6   3   9  10 
0.004110
6   3  10   0 
0.012656
7   9  10 
0.113923
8   2   5   6   3   9  10   0 
0.019741
8   2   5   6   3  10   0   0 
0.019741
8  11   1   4   6   3   9  10 
0.013701
8  11   1   4   6   3  10   0 
0.013701
8  11   1   4   7   9  10   0 
0.012088
8  11   1   5   6   3   9  10 
0.013701
8  11   1   5   6   3  10   0 
0.013701
9  10 
0.014214
11   1   4   6   3   9  10 
0.005807
11   1   4   6   3  10   0 
0.005807
11   1   4   7   9  10   0 
0.005061
11   1   5   6   3   9  10 
0.010765
11   1   5   6   3  10   0 
0.010765
1  11 
0.664144
2   8  11 
0.351634
3   6   4   1  11   0 
0.148741
3   6   5   1  11   0 
0.105722
3   6   5   2   8  11 
0.023032
4   1  11 
0.222948
5   1  11   0 
0.291836
5   2   8  11 
0.028298
6   4   1  11   0 
0.029118
6   5   1  11   0 
0.020697
6   5   2   8  11 
0.004509
7   4   1  11 
0.342532
8  11 
0.668283
9   3   6   4   1  11   0 
0.008168
9   3   6   5   1  11   0 
0.008168
9   3   6   5   2   8  11 
0.008168
9   7   4   1  11   0   0 
0.002569
10   3   6   4   1  11   0   0 
0.062855
10   3   6   5   1  11   0   0 
0.062855
10   3   6   5   2   8  11   0 
0.019285
10   9   3   6   4   1  11   0 
0.009846
10   9   3   6   5   1  11   0 
0.009846
10   9   3   6   5   2   8  11 
0.009846
10   9   7   4   1  11   0   0 
0.004979
