2  5  1  0 
0.062512
2   8  11   1 
0.005911
3  6  4  1 
0.008721
3  6  5  1 
0.005538
4  1 
0.075561
5  1 
0.083764
6  4  1 
0.013565
6  5  1 
0.008614
7  4  1 
0.091130
8  11   1 
0.076592
9  3  6  4  1 
0.005764
9  3  6  5  1 
0.005764
9  7  4  1  0 
0.001524
10   3   6   4   1   0 
0.027966
10   3   6   5   1   0 
0.021903
10   9   3   6   4   1 
0.004627
10   9   3   6   5   1 
0.004627
10   9   7   4   1   0 
0.002413
11   1 
0.415545
1  5  2  0 
0.032030
1  11   8   2 
0.032030
3  6  5  2 
0.081003
4  1  5  2  0 
0.008099
4   1  11   8   2 
0.008099
4  6  5  2  0 
0.002933
5  2 
0.142877
6  5  2 
0.048933
7  4  1  5  2  0 
0.037775
7   4   1  11   8   2 
0.037775
7  4  6  5  2  0 
0.013681
7  9  3  6  5  2 
0.011876
8  2 
0.027832
9  3  6  5  2 
0.011982
10   3   6   5   2   0 
0.037119
10   9   3   6   5   2 
0.004857
11   8   2 
0.035056
1  4  6  3  0 
0.010611
1  4  7  9  3 
0.011428
1  5  6  3  0 
0.017744
2  5  6  3 
0.251359
4  6  3  0 
0.012579
4  7  9  3 
0.013548
5  6  3 
0.035587
6  3 
0.082201
7  9  3 
0.060951
8  2  5  6  3  0  0 
0.021128
8  11   1   4   6   3   0 
0.015081
8  11   1   4   7   9   3 
0.015081
8  11   1   5   6   3   0 
0.015081
9  3 
0.073633
10   9   3 
0.009919
10   3   0 
0.075796
11   1   4   6   3   0 
0.021516
11   1   4   7   9   3 
0.023174
11   1   5   6   3   0 
0.035983
1  4 
0.026990
2  5  1  4  0 
0.033302
2  5  6  4  0 
0.081430
2   8  11   1   4 
0.002267
3  6  4  0 
0.011631
3  9  7  4 
0.001697
5  1  4 
0.012859
5  6  4 
0.031442
6  4 
0.009539
7  4 
0.709740
8  11   1   4 
0.056688
9  7  4 
0.010434
10   3   6   4   0 
0.019565
10   3   9   7   4 
0.003916
10   9   7   4   0 
0.000966
11   1   4 
0.026976
1  5 
0.085982
2  5 
0.586817
3  6  5 
0.062228
4  1  5 
0.019801
4  6  5 
0.013409
6  5 
0.051076
7  4  1  5  0 
0.049057
7  4  6  5  0 
0.033221
7  9  3  6  5 
0.024758
8  2  5  0 
0.087442
8  11   1   5 
0.032750
9  3  6  5 
0.045913
10   3   6   5   0 
0.060466
10   9   3   6   5 
0.007912
11   1   5 
0.221555
1  4  6 
0.007377
1  5  6 
0.016916
2  5  6 
0.194814
3  6 
0.032682
4  6 
0.019287
5  6 
0.097927
7  4  6  0 
0.015616
7  9  3  6 
0.016819
8  2  5  6  0 
0.031604
8  11   1   4   6 
0.016999
8  11   1   5   6 
0.016999
9  3  6 
0.003942
10   3   6   0 
0.023953
10   9   3   6 
0.003135
11   1   4   6 
0.016449
11   1   5   6 
0.037718
1  4  7 
0.068514
2  5  1  4  7  0  0 
0.186623
2  5  6  3  9  7  0 
0.095062
2   5   6   3  10   9   7 
0.036865
2  5  6  4  7  0  0 
0.496996
2   8  11   1   4   7   0 
0.014526
3  9  7  0 
0.030197
3  10   9   7 
0.011710
4  7 
0.081820
5  1  4  7  0  0 
0.039855
5  6  3  9  7  0 
0.020301
5   6   3  10   9   7 
0.007873
5  6  4  7  0  0 
0.106137
6  3  9  7  0 
0.009897
6   3  10   9   7 
0.003838
6  4  7  0  0 
0.051743
8  11   1   4   7 
0.317324
9  7 
0.046169
10   9   7 
0.168236
11   1   4   7 
0.314411
1  5  2  8 
0.033201
1  11   8   0 
0.151030
2  8 
0.395747
3  6  5  2  8 
0.103477
4  1  5  2  8 
0.031623
4   1  11   8   0 
0.134562
4  6  5  2  8 
0.016422
5  2  8 
0.263668
6  5  2  8 
0.111458
7  4  1  5  2  8 
0.082254
7   4   1  11   8   0 
0.287249
7  4  6  5  2  8 
0.042715
9  3  6  5  2  8  0 
0.004512
9  7  4  1  5  2  8 
0.016653
9   7   4   1  11   8   0 
0.016653
9  7  4  6  5  2  8 
0.014475
10   3   6   5   2   8   0   0 
0.047432
10   9   3   6   5   2   8   0 
0.012020
10   9   7   4   1   5   2   8 
0.029116
10   9   7   4   1  11   8   0 
0.029116
10   9   7   4   6   5   2   8 
0.029116
11   8 
0.333157
1   4   6   3  10   9 
0.000752
1  4  6  3  9  0 
0.000752
1  4  7  9  0  0 
0.001729
2   5   1   4   6   3  10   9 
0.005709
2  5  1  4  6  3  9  0 
0.005709
2  5  1  4  7  9  0  0 
0.012200
2   5   6   3  10   9   0   0 
0.009384
2  5  6  3  9  0  0  0 
0.009736
3  10   9 
0.016975
3  9  0 
0.043773
4   6   3  10   9 
0.001463
4  6  3  9  0 
0.001463
4  7  9  0  0 
0.003365
5   1   4   6   3  10   9 
0.003507
5  1  4  6  3  9  0 
0.003507
5  1  4  7  9  0  0 
0.007494
5   6   3  10   9   0   0 
0.005764
5  6  3  9  0  0  0 
0.005981
6   3  10   9 
0.001604
6  3  9  0 
0.002851
7  9 
0.028398
8   2   5   1   4   6   3  10   9 
0.002141
8  2  5  1  4  6  3  9  0 
0.002141
8  2  5  1  4  7  9  0  0 
0.002141
8   2   5   6   3  10   9   0   0 
0.002141
8  2  5  6  3  9  0  0  0 
0.002141
8  11   1   4   6   3  10   9   0 
0.000512
8  11   1   4   6   3   9   0   0 
0.000512
8  11   1   4   7   9   0   0   0 
0.000512
10   9 
0.014298
11   1   4   6   3  10   9 
0.003994
11   1   4   6   3   9   0 
0.003994
11   1   4   7   9   0   0 
0.003994
1   4   6   3   9  10 
0.008267
1   4   6   3  10   0 
0.008267
1   4   7   9  10   0 
0.006657
1   5   6   3   9  10 
0.016832
1   5   6   3  10   0 
0.016832
2   5   6   3   9  10 
0.103763
2   5   6   3  10   0 
0.279873
3   9  10 
0.008127
3  10   0 
0.024085
4   6   3   9  10 
0.003086
4   6   3  10   0 
0.003086
4   7   9  10   0 
0.002485
5   6   3   9  10 
0.007931
5   6   3  10   0 
0.023503
6   3   9  10 
0.005159
6   3  10   0 
0.015289
7   9  10 
0.129071
8   2   5   6   3   9  10   0 
0.024157
8   2   5   6   3  10   0   0 
0.024157
8  11   1   4   6   3   9  10 
0.014295
8  11   1   4   6   3  10   0 
0.014295
8  11   1   4   7   9  10   0 
0.011512
8  11   1   5   6   3   9  10 
0.016171
8  11   1   5   6   3  10   0 
0.016171
9  10 
0.016339
11   1   4   6   3   9  10 
0.007343
11   1   4   6   3  10   0 
0.007343
11   1   4   7   9  10   0 
0.005913
11   1   5   6   3   9  10 
0.014951
11   1   5   6   3  10   0 
0.014951
1  11 
0.578408
2   8  11 
0.431668
3   6   4   1  11   0 
0.110606
3   6   5   1  11   0 
0.076883
3   6   5   2   8  11 
0.014694
4   1  11 
0.089918
5   1  11   0 
0.233413
5   2   8  11 
0.022072
6   4   1  11   0 
0.059811
6   5   1  11   0 
0.041575
6   5   2   8  11 
0.007946
7   4   1  11 
0.333371
8  11 
0.795007
9   3   6   4   1  11   0 
0.008192
9   3   6   5   1  11   0 
0.008192
9   3   6   5   2   8  11 
0.007860
9   7   4   1  11   0   0 
0.002089
10   3   6   4   1  11   0   0 
0.066464
10   3   6   5   1  11   0   0 
0.066464
10   3   6   5   2   8  11   0 
0.016686
10   9   3   6   4   1  11   0 
0.010916
10   9   3   6   5   1  11   0 
0.010916
10   9   3   6   5   2   8  11 
0.010916
10   9   7   4   1  11   0   0 
0.004435
