2  5  1  0 
0.064462
2   8  11   1 
0.007721
3  6  4  1 
0.012408
3  6  5  1 
0.009452
4  1 
0.050341
5  1 
0.095213
6  4  1 
0.010458
6  5  1 
0.007967
7  4  1 
0.095851
8  11   1 
0.068939
9  3  6  4  1 
0.005509
9  3  6  5  1 
0.005509
9  7  4  1  0 
0.006959
10   3   6   4   1   0 
0.013718
10   3   6   5   1   0 
0.013718
10   9   3   6   4   1 
0.009853
10   9   3   6   5   1 
0.009853
10   9   7   4   1   0 
0.012445
11   1 
0.409155
1  5  2  0 
0.038235
1  11   8   2 
0.038235
3  6  5  2 
0.093874
4  1  5  2  0 
0.013107
4   1  11   8   2 
0.013107
4  6  5  2  0 
0.004591
5  2 
0.180959
6  5  2 
0.054325
7  4  1  5  2  0 
0.036508
7   4   1  11   8   2 
0.036508
7  4  6  5  2  0 
0.012850
7  9  3  6  5  2 
0.006127
8  2 
0.025191
9  3  6  5  2 
0.012005
10   3   6   5   2   0 
0.030167
10   9   3   6   5   2 
0.013556
11   8   2 
0.083210
1  4  6  3  0 
0.011702
1  4  7  9  3 
0.007762
1  5  6  3  0 
0.019768
2  5  6  3 
0.242849
4  6  3  0 
0.018231
4  7  9  3 
0.012092
5  6  3 
0.034975
6  3 
0.102053
7  9  3 
0.046764
8  2  5  6  3  0  0 
0.028394
8  11   1   4   6   3   0 
0.014646
8  11   1   4   7   9   3 
0.014646
8  11   1   5   6   3   0 
0.014646
9  3 
0.090576
10   9   3 
0.031216
10   3   0 
0.069467
11   1   4   6   3   0 
0.021771
11   1   4   7   9   3 
0.014440
11   1   5   6   3   0 
0.036776
1  4 
0.025130
2  5  1  4  0 
0.034917
2  5  6  4  0 
0.082690
2   8  11   1   4 
0.003012
3  6  4  0 
0.016921
3  9  7  4 
0.002733
5  1  4 
0.013445
5  6  4 
0.031840
6  4 
0.008978
7  4 
0.184126
8  11   1   4 
0.047108
9  7  4 
0.010579
10   3   6   4   0 
0.009927
10   3   9   7   4 
0.003661
10   9   7   4   0 
0.008546
11   1   4 
0.026661
1  5 
0.082722
2  5 
0.564431
3  6  5 
0.068336
4  1  5 
0.027056
4  6  5 
0.018331
6  5 
0.049463
7  4  1  5  0 
0.047110
7  4  6  5  0 
0.031917
7  9  3  6  5 
0.013026
8  2  5  0 
0.093834
8  11   1   5 
0.029793
9  3  6  5 
0.041809
10   3   6   5   0 
0.058155
10   9   3   6   5 
0.026133
11   1   5 
0.227330
1  4  6 
0.008134
1  5  6 
0.021659
2  5  6 
0.200028
3  6 
0.033349
4  6 
0.019295
5  6 
0.074946
7  4  6  0 
0.020589
7  9  3  6 
0.013656
8  2  5  6  0 
0.031794
8  11   1   4   6 
0.013886
8  11   1   5   6 
0.013886
9  3  6 
0.004484
10   3   6   0 
0.018867
10   9   3   6 
0.008478
11   1   4   6 
0.014327
11   1   5   6 
0.036669
1  4  7 
0.106600
2  5  1  4  7  0 
0.205579
2  5  6  3  9  7 
0.085963
2  5  6  4  7  0 
0.532327
2   8  11   1   4   7 
0.019196
3  9  7 
0.047510
4  7 
0.052872
5  1  4  7  0 
0.057650
5  6  3  9  7 
0.024106
5  6  4  7  0 
0.149279
6  3  9  7 
0.009982
6  4  7  0 
0.061812
8  11   1   4   7 
0.306022
9  7 
0.059185
10   3   9   7 
0.025630
10   9   7   0 
0.158715
11   1   4   7 
0.319599
1  5  2  8 
0.035026
1  11   8   0 
0.121875
2  8 
0.387321
3  6  5  2  8 
0.105936
4  1  5  2  8 
0.033113
4   1  11   8   0 
0.115218
4  6  5  2  8 
0.017789
5  2  8 
0.261386
6  5  2  8 
0.101336
7  4  1  5  2  8 
0.082220
7   4   1  11   8   0 
0.255468
7  4  6  5  2  8 
0.044170
9  3  6  5  2  8  0 
0.001405
9  7  4  1  5  2  8 
0.016126
9   7   4   1  11   8   0 
0.016126
9  7  4  6  5  2  8 
0.010196
10   3   6   5   2   8   0   0 
0.007625
10   9   3   6   5   2   8   0 
0.004763
10   9   7   4   1   5   2   8 
0.042748
10   9   7   4   1  11   8   0 
0.042748
10   9   7   4   6   5   2   8 
0.034562
11   8 
0.333535
1  4  6  3  9 
0.000343
1  4  7  9  0 
0.003131
2  5  1  4  6  3  9 
0.003817
2  5  1  4  7  9  0 
0.023680
2  5  6  3  9  0  0 
0.008897
3  9 
0.065933
4  6  3  9 
0.000580
4  7  9  0 
0.005300
5  1  4  6  3  9 
0.002078
5  1  4  7  9  0 
0.014051
5  6  3  9  0  0 
0.004844
6  3  9 
0.003981
7  9 
0.039421
8  2  5  1  4  6  3  9 
0.002749
8  2  5  1  4  7  9  0 
0.003272
8  2  5  6  3  9  0  0 
0.003272
8  11   1   4   6   3   9   0 
0.001014
8  11   1   4   7   9   0   0 
0.001014
10   3   9 
0.001928
10   9   0 
0.011938
11   1   4   6   3   9 
0.004044
11   1   4   7   9   0 
0.008452
1   4   6   3   9  10 
0.006169
1   4   6   3  10   0 
0.006169
1   4   7   9  10   0 
0.007839
1   5   6   3   9  10 
0.014491
1   5   6   3  10   0 
0.014491
2   5   6   3   9  10 
0.067781
2   5   6   3  10   0 
0.350126
3   9  10 
0.004082
3  10   0 
0.025281
4   6   3   9  10 
0.002777
4   6   3  10   0 
0.002777
4   7   9  10   0 
0.003528
5   6   3   9  10 
0.004051
5   6   3  10   0 
0.025084
6   3   9  10 
0.002948
6   3  10   0 
0.018254
7   9  10 
0.124621
8   2   5   6   3   9  10   0 
0.025527
8   2   5   6   3  10   0   0 
0.025527
8  11   1   4   6   3   9  10 
0.011571
8  11   1   4   6   3  10   0 
0.011571
8  11   1   4   7   9  10   0 
0.014704
8  11   1   5   6   3   9  10 
0.015017
8  11   1   5   6   3  10   0 
0.015017
9  10 
0.015433
11   1   4   6   3   9  10 
0.006842
11   1   4   6   3  10   0 
0.006842
11   1   4   7   9  10   0 
0.008694
11   1   5   6   3   9  10 
0.016071
11   1   5   6   3  10   0 
0.016071
1  11 
0.629503
2   8  11 
0.411326
3   6   4   1  11   0 
0.090872
3   6   5   1  11   0 
0.077518
3   6   5   2   8  11 
0.018340
4   1  11 
0.098400
5   1  11   0 
0.207705
5   2   8  11 
0.024879
6   4   1  11   0 
0.042310
6   5   1  11   0 
0.036092
6   5   2   8  11 
0.008539
7   4   1  11 
0.379480
8  11 
0.759204
9   3   6   4   1  11   0 
0.005062
9   3   6   5   1  11   0 
0.005062
9   3   6   5   2   8  11 
0.004514
9   7   4   1  11   0   0 
0.006079
10   3   6   4   1  11   0   0 
0.038696
10   3   6   5   1  11   0   0 
0.038696
10   3   6   5   2   8  11   0 
0.019024
10   9   3   6   4   1  11   0 
0.021332
10   9   3   6   5   1  11   0 
0.021332
10   9   3   6   5   2   8  11 
0.019024
10   9   7   4   1  11   0   0 
0.025618
