2  5  1 
0.109614
3  6  4  1 
0.014209
3  6  5  1 
0.014209
4  1 
0.103788
5  1 
0.136195
6  4  1 
0.019313
6  5  1 
0.019313
7  4  1 
0.105261
8  11   1 
0.076952
9  7  4  1 
0.025558
10   3   6   4   1 
0.020302
10   3   6   5   1 
0.020302
10   9   7   4   1 
0.020302
11   1 
0.372517
1  5  2 
0.110002
3  6  5  2 
0.086662
4  1  5  2 
0.022207
4  6  5  2 
0.022207
5  2 
0.155107
6  5  2 
0.051596
7  4  1  5  2 
0.061985
7  4  6  5  2 
0.061985
8  2 
0.058074
9  3  6  5  2 
0.022655
10   3   6   5   2 
0.033406
11   8   2 
0.089019
1  4  6  3 
0.014001
1  5  6  3 
0.014001
2  5  6  3 
0.195968
4  6  3 
0.035503
5  6  3 
0.041729
6  3 
0.070843
7  9  3 
0.122566
8  2  5  6  3 
0.058676
9  3 
0.062222
10   3 
0.093571
11   1   4   6   3 
0.046525
11   1   5   6   3 
0.046525
1  4 
0.024209
2  5  1  4 
0.065361
2  5  6  4 
0.065361
3  6  4 
0.020590
5  1  4 
0.026206
5  6  4 
0.026206
6  4 
0.021343
7  4 
0.072162
8  11   1   4 
0.025249
9  7  4 
0.016030
10   3   6   4 
0.012858
10   9   7   4 
0.012858
11   1   4 
0.043769
1  5 
0.123494
2  5 
0.535082
3  6  5 
0.051055
4  1  5 
0.021564
4  6  5 
0.021564
6  5 
0.096659
7  4  1  5 
0.066492
7  4  6  5 
0.066492
8  2  5 
0.200004
9  3  6  5 
0.049619
10   3   6   5 
0.063341
11   1   5 
0.200806
1  4  6 
0.027211
1  5  6 
0.027211
2  5  6 
0.208580
3  6 
0.057979
4  6 
0.030854
5  6 
0.065120
7  4  6 
0.050315
8  2  5  6 
0.048466
9  3  6 
0.012580
10   3   6 
0.019081
11   1   4   6 
0.035907
11   1   5   6 
0.035907
1  4  7 
0.101257
2  5  1  4  7 
0.291149
2  5  6  4  7 
0.291149
3  9  7 
0.064614
4  7 
0.053335
5  1  4  7 
0.106266
5  6  4  7 
0.106266
6  4  7 
0.068895
8  11   1   4   7 
0.298813
9  7 
0.017589
10   9   7 
0.183826
11   1   4   7 
0.330244
1  11   8 
0.239445
2  8 
0.414657
3  6  5  2  8 
0.096900
4   1  11   8 
0.223608
5  2  8 
0.379476
6  5  2  8 
0.148276
7   4   1  11   8 
0.414581
9  3  6  5  2  8 
0.022008
9   7   4   1  11   8 
0.022008
10   3   6   5   2   8 
0.127849
11   8 
0.409935
1  4  7  9 
0.004619
2  5  6  3  9 
0.028327
3  9 
0.049374
4  7  9 
0.008672
5  6  3  9 
0.023979
6  3  9 
0.004753
7  9 
0.013517
8  2  5  6  3  9 
0.010713
8  11   1   4   7   9 
0.010713
10   9 
0.022436
11   1   4   7   9 
0.013409
1   4   6   3  10 
0.024762
1   4   7   9  10 
0.024762
1   5   6   3  10 
0.038591
2   5   6   3  10 
0.234688
3  10 
0.029366
4   6   3  10 
0.010356
4   7   9  10 
0.010356
5   6   3  10 
0.066235
6   3  10 
0.031780
7   9  10 
0.137035
8   2   5   6   3  10 
0.091979
9  10 
0.036536
11   1   4   6   3  10 
0.017941
11   1   4   7   9  10 
0.017941
11   1   5   6   3  10 
0.022223
1  11 
0.568536
2   8  11 
0.480162
3   6   4   1  11 
0.102355
3   6   5   1  11 
0.102355
4   1  11 
0.100738
5   1  11 
0.273525
6   4   1  11 
0.053257
6   5   1  11 
0.053257
7   4   1  11 
0.447256
8  11 
0.874658
9   7   4   1  11 
0.023862
10   3   6   4   1  11 
0.070867
10   3   6   5   1  11 
0.070867
10   9   7   4   1  11 
0.070867
