2 1 2 0.086942 * 2  5  1 
3 1 3 0.006853 * 3  6  4  1 
3 1 3 0.006853 * 3  6  5  1 
4 1 1 0.009164 * 4  1 
5 1 1 0.120850 * 5  1 
6 1 2 0.021656 * 6  4  1 
6 1 2 0.021656 * 6  5  1 
7 1 2 0.087088 * 7  4  1 
8 1 2 0.076450 * 8  11   1 
9 1 3 0.006066 * 9  7  4  1 
10 1 4 0.013855 * 10   3   6   4   1 
10 1 4 0.013855 * 10   3   6   5   1 
10 1 4 0.013855 * 10   9   7   4   1 
11 1 1 0.496704 * 11   1 
1 2 2 0.074068 * 1  5  2 
3 2 3 0.038635 * 3  6  5  2 
4 2 3 0.021132 * 4  1  5  2 
4 2 3 0.021132 * 4  6  5  2 
5 2 1 0.100129 * 5  2 
6 2 2 0.070659 * 6  5  2 
7 2 4 0.047783 * 7  4  1  5  2 
7 2 4 0.047783 * 7  4  6  5  2 
8 2 1 0.032823 * 8  2 
9 2 4 0.006885 * 9  3  6  5  2 
10 2 4 0.036567 * 10   3   6   5   2 
11 2 2 0.073331 * 11   8   2 
1 3 3 0.018194 * 1  4  6  3 
1 3 3 0.018194 * 1  5  6  3 
2 3 3 0.262745 * 2  5  6  3 
4 3 2 0.028210 * 4  6  3 
5 3 2 0.031026 * 5  6  3 
6 3 1 0.080003 * 6  3 
7 3 2 0.044478 * 7  9  3 
8 3 4 0.063605 * 8  2  5  6  3 
9 3 1 0.056437 * 9  3 
10 3 1 0.068201 * 10   3 
11 3 4 0.041074 * 11   1   4   6   3 
11 3 4 0.041074 * 11   1   5   6   3 
1 4 1 0.038601 * 1  4 
2 4 3 0.065946 * 2  5  1  4 
2 4 3 0.065946 * 2  5  6  4 
3 4 2 0.007021 * 3  6  4 
5 4 2 0.022810 * 5  1  4 
5 4 2 0.022810 * 5  6  4 
6 4 1 0.020439 * 6  4 
7 4 1 0.659522 * 7  4 
8 4 3 0.032957 * 8  11   1   4 
9 4 2 0.007671 * 9  7  4 
10 4 3 0.005729 * 10   3   6   4 
10 4 3 0.005729 * 10   9   7   4 
11 4 2 0.063395 * 11   1   4 
1 5 1 0.083100 * 1  5 
2 5 1 0.669854 * 2  5 
3 5 2 0.041369 * 3  6  5 
4 5 2 0.026293 * 4  1  5 
4 5 2 0.026293 * 4  6  5 
6 5 1 0.046523 * 6  5 
7 5 3 0.049077 * 7  4  1  5 
7 5 3 0.049077 * 7  4  6  5 
8 5 2 0.148472 * 8  2  5 
9 5 3 0.011712 * 9  3  6  5 
10 5 3 0.033784 * 10   3   6   5 
11 5 2 0.241594 * 11   1   5 
1 6 2 0.016562 * 1  4  6 
1 6 2 0.016562 * 1  5  6 
2 6 2 0.215846 * 2  5  6 
3 6 1 0.019436 * 3  6 
4 6 1 0.015648 * 4  6 
5 6 1 0.063682 * 5  6 
7 6 2 0.015797 * 7  4  6 
8 6 3 0.040390 * 8  2  5  6 
9 6 2 0.004554 * 9  3  6 
10 6 2 0.025123 * 10   3   6 
11 6 3 0.045819 * 11   1   4   6 
11 6 3 0.045819 * 11   1   5   6 
1 7 2 0.091760 * 1  4  7 
2 7 4 0.378033 * 2  5  1  4  7 
2 7 4 0.378033 * 2  5  6  4  7 
3 7 2 0.019483 * 3  9  7 
4 7 1 0.059348 * 4  7 
5 7 3 0.105720 * 5  1  4  7 
5 7 3 0.105720 * 5  6  4  7 
6 7 2 0.026359 * 6  4  7 
8 7 4 0.299853 * 8  11   1   4   7 
9 7 1 0.021272 * 9  7 
10 7 2 0.110020 * 10   9   7 
11 7 3 0.276469 * 11   1   4   7 
1 8 2 0.264876 * 1  11   8 
2 8 1 0.331166 * 2  8 
3 8 4 0.090640 * 3  6  5  2  8 
4 8 3 0.181036 * 4   1  11   8 
5 8 2 0.385228 * 5  2  8 
6 8 3 0.087508 * 6  5  2  8 
7 8 4 0.265684 * 7   4   1  11   8 
9 8 5 0.017725 * 9  3  6  5  2  8 
9 8 5 0.017725 * 9   7   4   1  11   8 
10 8 5 0.124172 * 10   3   6   5   2   8 
11 8 1 0.392390 * 11   8 
1 9 3 0.007434 * 1  4  7  9 
2 9 4 0.029943 * 2  5  6  3  9 
3 9 1 0.026452 * 3  9 
4 9 2 0.002679 * 4  7  9 
5 9 3 0.030715 * 5  6  3  9 
6 9 2 0.002384 * 6  3  9 
7 9 1 0.027779 * 7  9 
8 9 5 0.004906 * 8  2  5  6  3  9 
8 9 5 0.004906 * 8  11   1   4   7   9 
10 9 1 0.011035 * 10   9 
11 9 4 0.009766 * 11   1   4   7   9 
1 10 4 0.025806 * 1   4   6   3  10 
1 10 4 0.025806 * 1   4   7   9  10 
1 10 4 0.047041 * 1   5   6   3  10 
2 10 4 0.478879 * 2   5   6   3  10 
3 10 1 0.019712 * 3  10 
4 10 3 0.003871 * 4   6   3  10 
4 10 3 0.003871 * 4   7   9  10 
5 10 3 0.050977 * 5   6   3  10 
6 10 2 0.021319 * 6   3  10 
7 10 2 0.093209 * 7   9  10 
8 10 5 0.132163 * 8   2   5   6   3  10 
9 10 1 0.022543 * 9  10 
11 10 5 0.017914 * 11   1   4   6   3  10 
11 10 5 0.017914 * 11   1   4   7   9  10 
11 10 5 0.024880 * 11   1   5   6   3  10 
1 11 1 0.598076 * 1  11 
2 11 2 0.355581 * 2   8  11 
3 11 4 0.106917 * 3   6   4   1  11 
3 11 4 0.106917 * 3   6   5   1  11 
4 11 2 0.053358 * 4   1  11 
5 11 2 0.276433 * 5   1  11 
6 11 3 0.037002 * 6   4   1  11 
6 11 3 0.037002 * 6   5   1  11 
7 11 3 0.292164 * 7   4   1  11 
8 11 1 0.743409 * 8  11 
9 11 4 0.015379 * 9   7   4   1  11 
10 11 5 0.049244 * 10   3   6   4   1  11 
10 11 5 0.049244 * 10   3   6   5   1  11 
10 11 5 0.049244 * 10   9   7   4   1  11 
