2 1 0.248125 0.062512 * 2  5  1  0 
2 1 0.357378 0.005911 * 2   8  11   1 
3 1 0.355391 0.008721 * 3  6  4  1 
3 1 0.332449 0.005538 * 3  6  5  1 
4 1 0.123174 0.075561 * 4  1 
5 1 0.108147 0.083764 * 5  1 
6 1 0.242064 0.013565 * 6  4  1 
6 1 0.219123 0.008614 * 6  5  1 
7 1 0.245769 0.091130 * 7  4  1 
8 1 0.239659 0.076592 * 8  11   1 
9 1 0.457942 0.005764 * 9  3  6  4  1 
9 1 0.435000 0.005764 * 9  3  6  5  1 
9 1 0.348943 0.001524 * 9  7  4  1  0 
10 1 0.462229 0.027966 * 10   3   6   4   1   0 
10 1 0.439288 0.021903 * 10   3   6   5   1   0 
10 1 0.559811 0.004627 * 10   9   3   6   4   1 
10 1 0.536869 0.004627 * 10   9   3   6   5   1 
10 1 0.450813 0.002413 * 10   9   7   4   1   0 
11 1 0.119464 0.415545 * 11   1 
1 2 0.223074 0.032030 * 1  5  2  0 
1 2 0.352065 0.032030 * 1  11   8   2 
3 2 0.337794 0.081003 * 3  6  5  2 
4 2 0.346248 0.008099 * 4  1  5  2  0 
4 2 0.475239 0.008099 * 4   1  11   8   2 
4 2 0.325661 0.002933 * 4  6  5  2  0 
5 2 0.113492 0.142877 * 5  2 
6 2 0.224468 0.048933 * 6  5  2 
7 2 0.468843 0.037775 * 7  4  1  5  2  0 
7 2 0.597834 0.037775 * 7   4   1  11   8   2 
7 2 0.448256 0.013681 * 7  4  6  5  2  0 
7 2 0.542885 0.011876 * 7  9  3  6  5  2 
8 2 0.104681 0.027832 * 8  2 
9 2 0.440345 0.011982 * 9  3  6  5  2 
10 2 0.444633 0.037119 * 10   3   6   5   2   0 
10 2 0.542215 0.004857 * 10   9   3   6   5   2 
11 2 0.217640 0.035056 * 11   8   2 
1 3 0.329685 0.010611 * 1  4  6  3  0 
1 3 0.441403 0.011428 * 1  4  7  9  3 
1 3 0.356511 0.017744 * 1  5  6  3  0 
2 3 0.386908 0.251359 * 2  5  6  3 
4 3 0.216557 0.012579 * 4  6  3  0 
4 3 0.328274 0.013548 * 4  7  9  3 
5 3 0.246929 0.035587 * 5  6  3 
6 3 0.115363 0.082201 * 6  3 
7 3 0.205091 0.060951 * 7  9  3 
8 3 0.491588 0.021128 * 8  2  5  6  3  0  0 
8 3 0.569344 0.015081 * 8  11   1   4   6   3   0 
8 3 0.681062 0.015081 * 8  11   1   4   7   9   3 
8 3 0.596170 0.015081 * 8  11   1   5   6   3   0 
9 3 0.102551 0.073633 * 9  3 
10 3 0.204421 0.009919 * 10   9   3 
10 3 0.106839 0.075796 * 10   3   0 
11 3 0.449149 0.021516 * 11   1   4   6   3   0 
11 3 0.560866 0.023174 * 11   1   4   7   9   3 
11 3 0.475975 0.035983 * 11   1   5   6   3   0 
1 4 0.113129 0.026990 * 1  4 
2 4 0.361254 0.033302 * 2  5  1  4  0 
2 4 0.390435 0.081430 * 2  5  6  4  0 
2 4 0.470506 0.002267 * 2   8  11   1   4 
3 4 0.232217 0.011631 * 3  6  4  0 
3 4 0.327686 0.001697 * 3  9  7  4 
5 4 0.221276 0.012859 * 5  1  4 
5 4 0.250457 0.031442 * 5  6  4 
6 4 0.118891 0.009539 * 6  4 
7 4 0.122595 0.709740 * 7  4 
8 4 0.352788 0.056688 * 8  11   1   4 
9 4 0.225769 0.010434 * 9  7  4 
10 4 0.339056 0.019565 * 10   3   6   4   0 
10 4 0.434524 0.003916 * 10   3   9   7   4 
10 4 0.327639 0.000966 * 10   9   7   4   0 
11 4 0.232593 0.026976 * 11   1   4 
1 5 0.109582 0.085982 * 1  5 
2 5 0.139978 0.586817 * 2  5 
3 5 0.224302 0.062228 * 3  6  5 
4 5 0.232756 0.019801 * 4  1  5 
4 5 0.212169 0.013409 * 4  6  5 
6 5 0.110976 0.051076 * 6  5 
7 5 0.355351 0.049057 * 7  4  1  5  0 
7 5 0.334764 0.033221 * 7  4  6  5  0 
7 5 0.429393 0.024758 * 7  9  3  6  5 
8 5 0.244659 0.087442 * 8  2  5  0 
8 5 0.349241 0.032750 * 8  11   1   5 
9 5 0.326853 0.045913 * 9  3  6  5 
10 5 0.331141 0.060466 * 10   3   6   5   0 
10 5 0.428722 0.007912 * 10   9   3   6   5 
11 5 0.229046 0.221555 * 11   1   5 
1 6 0.214322 0.007377 * 1  4  6 
1 6 0.241148 0.016916 * 1  5  6 
2 6 0.271545 0.194814 * 2  5  6 
3 6 0.113326 0.032682 * 3  6 
4 6 0.101194 0.019287 * 4  6 
5 6 0.131566 0.097927 * 5  6 
7 6 0.223789 0.015616 * 7  4  6  0 
7 6 0.318417 0.016819 * 7  9  3  6 
8 6 0.376225 0.031604 * 8  2  5  6  0 
8 6 0.453981 0.016999 * 8  11   1   4   6 
8 6 0.480807 0.016999 * 8  11   1   5   6 
9 6 0.215877 0.003942 * 9  3  6 
10 6 0.220165 0.023953 * 10   3   6   0 
10 6 0.317747 0.003135 * 10   9   3   6 
11 6 0.333786 0.016449 * 11   1   4   6 
11 6 0.360612 0.037718 * 11   1   5   6 
1 7 0.236312 0.068514 * 1  4  7 
2 7 0.484437 0.186623 * 2  5  1  4  7  0  0 
2 7 0.591998 0.095062 * 2  5  6  3  9  7  0 
2 7 0.699455 0.036865 * 2   5   6   3  10   9   7 
2 7 0.513618 0.496996 * 2  5  6  4  7  0  0 
2 7 0.593689 0.014526 * 2   8  11   1   4   7   0 
3 7 0.205091 0.030197 * 3  9  7  0 
3 7 0.312547 0.011710 * 3  10   9   7 
4 7 0.123183 0.081820 * 4  7 
5 7 0.344459 0.039855 * 5  1  4  7  0  0 
5 7 0.452020 0.020301 * 5  6  3  9  7  0 
5 7 0.559477 0.007873 * 5   6   3  10   9   7 
5 7 0.373640 0.106137 * 5  6  4  7  0  0 
6 7 0.320454 0.009897 * 6  3  9  7  0 
6 7 0.427910 0.003838 * 6   3  10   9   7 
6 7 0.242074 0.051743 * 6  4  7  0  0 
8 7 0.475971 0.317324 * 8  11   1   4   7 
9 7 0.103175 0.046169 * 9  7 
10 7 0.205044 0.168236 * 10   9   7 
11 7 0.355776 0.314411 * 11   1   4   7 
1 8 0.340793 0.033201 * 1  5  2  8 
1 8 0.247385 0.151030 * 1  11   8   0 
2 8 0.117719 0.395747 * 2  8 
3 8 0.455513 0.103477 * 3  6  5  2  8 
4 8 0.463966 0.031623 * 4  1  5  2  8 
4 8 0.370558 0.134562 * 4   1  11   8   0 
4 8 0.443380 0.016422 * 4  6  5  2  8 
5 8 0.231211 0.263668 * 5  2  8 
6 8 0.342186 0.111458 * 6  5  2  8 
7 8 0.586561 0.082254 * 7  4  1  5  2  8 
7 8 0.493153 0.287249 * 7   4   1  11   8   0 
7 8 0.565975 0.042715 * 7  4  6  5  2  8 
9 8 0.558064 0.004512 * 9  3  6  5  2  8  0 
9 8 0.689736 0.016653 * 9  7  4  1  5  2  8 
9 8 0.596328 0.016653 * 9   7   4   1  11   8   0 
9 8 0.669149 0.014475 * 9  7  4  6  5  2  8 
10 8 0.562351 0.047432 * 10   3   6   5   2   8   0   0 
10 8 0.659933 0.012020 * 10   9   3   6   5   2   8   0 
10 8 0.791605 0.029116 * 10   9   7   4   1   5   2   8 
10 8 0.698197 0.029116 * 10   9   7   4   1  11   8   0 
10 8 0.771019 0.029116 * 10   9   7   4   6   5   2   8 
11 8 0.112960 0.333157 * 11   8 
1 9 0.539058 0.000752 * 1   4   6   3  10   9 
1 9 0.431601 0.000752 * 1  4  6  3  9  0 
1 9 0.338852 0.001729 * 1  4  7  9  0  0 
2 9 0.787183 0.005709 * 2   5   1   4   6   3  10   9 
2 9 0.679727 0.005709 * 2  5  1  4  6  3  9  0 
2 9 0.586977 0.012200 * 2  5  1  4  7  9  0  0 
2 9 0.596280 0.009384 * 2   5   6   3  10   9   0   0 
2 9 0.488824 0.009736 * 2  5  6  3  9  0  0  0 
3 9 0.209373 0.016975 * 3  10   9 
3 9 0.101916 0.043773 * 3  9  0 
4 9 0.425929 0.001463 * 4   6   3  10   9 
4 9 0.318473 0.001463 * 4  6  3  9  0 
4 9 0.225723 0.003365 * 4  7  9  0  0 
5 9 0.647205 0.003507 * 5   1   4   6   3  10   9 
5 9 0.539748 0.003507 * 5  1  4  6  3  9  0 
5 9 0.446999 0.007494 * 5  1  4  7  9  0  0 
5 9 0.456302 0.005764 * 5   6   3  10   9   0   0 
5 9 0.348846 0.005981 * 5  6  3  9  0  0  0 
6 9 0.324736 0.001604 * 6   3  10   9 
6 9 0.217279 0.002851 * 6  3  9  0 
7 9 0.102540 0.028398 * 7  9 
8 9 0.891864 0.002141 * 8   2   5   1   4   6   3  10   9 
8 9 0.784407 0.002141 * 8  2  5  1  4  6  3  9  0 
8 9 0.691657 0.002141 * 8  2  5  1  4  7  9  0  0 
8 9 0.700961 0.002141 * 8   2   5   6   3  10   9   0   0 
8 9 0.593504 0.002141 * 8  2  5  6  3  9  0  0  0 
8 9 0.778717 0.000512 * 8  11   1   4   6   3  10   9   0 
8 9 0.671260 0.000512 * 8  11   1   4   6   3   9   0   0 
8 9 0.578511 0.000512 * 8  11   1   4   7   9   0   0   0 
10 9 0.101869 0.014298 * 10   9 
11 9 0.658522 0.003994 * 11   1   4   6   3  10   9 
11 9 0.551065 0.003994 * 11   1   4   6   3   9   0 
11 9 0.458315 0.003994 * 11   1   4   7   9   0   0 
1 10 0.533153 0.008267 * 1   4   6   3   9  10 
1 10 0.437188 0.008267 * 1   4   6   3  10   0 
1 10 0.440403 0.006657 * 1   4   7   9  10   0 
1 10 0.559979 0.016832 * 1   5   6   3   9  10 
1 10 0.464014 0.016832 * 1   5   6   3  10   0 
2 10 0.590375 0.103763 * 2   5   6   3   9  10 
2 10 0.494411 0.279873 * 2   5   6   3  10   0 
3 10 0.203467 0.008127 * 3   9  10 
3 10 0.107503 0.024085 * 3  10   0 
4 10 0.420024 0.003086 * 4   6   3   9  10 
4 10 0.324060 0.003086 * 4   6   3  10   0 
4 10 0.327274 0.002485 * 4   7   9  10   0 
5 10 0.450397 0.007931 * 5   6   3   9  10 
5 10 0.354433 0.023503 * 5   6   3  10   0 
6 10 0.318830 0.005159 * 6   3   9  10 
6 10 0.222866 0.015289 * 6   3  10   0 
7 10 0.204091 0.129071 * 7   9  10 
8 10 0.695056 0.024157 * 8   2   5   6   3   9  10   0 
8 10 0.599091 0.024157 * 8   2   5   6   3  10   0   0 
8 10 0.772812 0.014295 * 8  11   1   4   6   3   9  10 
8 10 0.676847 0.014295 * 8  11   1   4   6   3  10   0 
8 10 0.680062 0.011512 * 8  11   1   4   7   9  10   0 
8 10 0.799638 0.016171 * 8  11   1   5   6   3   9  10 
8 10 0.703673 0.016171 * 8  11   1   5   6   3  10   0 
9 10 0.101551 0.016339 * 9  10 
11 10 0.652616 0.007343 * 11   1   4   6   3   9  10 
11 10 0.556652 0.007343 * 11   1   4   6   3  10   0 
11 10 0.559867 0.005913 * 11   1   4   7   9  10   0 
11 10 0.679442 0.014951 * 11   1   5   6   3   9  10 
11 10 0.583478 0.014951 * 11   1   5   6   3  10   0 
1 11 0.134425 0.578408 * 1  11 
2 11 0.237914 0.431668 * 2   8  11 
3 11 0.489815 0.110606 * 3   6   4   1  11   0 
3 11 0.466874 0.076883 * 3   6   5   1  11   0 
3 11 0.575708 0.014694 * 3   6   5   2   8  11 
4 11 0.257599 0.089918 * 4   1  11 
5 11 0.242572 0.233413 * 5   1  11   0 
5 11 0.351406 0.022072 * 5   2   8  11 
6 11 0.376489 0.059811 * 6   4   1  11   0 
6 11 0.353547 0.041575 * 6   5   1  11   0 
6 11 0.462381 0.007946 * 6   5   2   8  11 
7 11 0.380193 0.333371 * 7   4   1  11 
8 11 0.120195 0.795007 * 8  11 
9 11 0.592366 0.008192 * 9   3   6   4   1  11   0 
9 11 0.569425 0.008192 * 9   3   6   5   1  11   0 
9 11 0.678259 0.007860 * 9   3   6   5   2   8  11 
9 11 0.483368 0.002089 * 9   7   4   1  11   0   0 
10 11 0.596654 0.066464 * 10   3   6   4   1  11   0   0 
10 11 0.573713 0.066464 * 10   3   6   5   1  11   0   0 
10 11 0.682547 0.016686 * 10   3   6   5   2   8  11   0 
10 11 0.694236 0.010916 * 10   9   3   6   4   1  11   0 
10 11 0.671294 0.010916 * 10   9   3   6   5   1  11   0 
10 11 0.780128 0.010916 * 10   9   3   6   5   2   8  11 
10 11 0.585237 0.004435 * 10   9   7   4   1  11   0   0 
