2  5  1 
0.064790
3  6  4  1 
0.015706
3  6  5  1 
0.015706
4  1 
0.011398
5  1 
0.108842
6  4  1 
0.007287
6  5  1 
0.007287
7  4  1 
0.089349
8  11   1 
0.075902
9  7  4  1 
0.021880
10   3   6   4   1 
0.014254
10   3   6   5   1 
0.014254
10   9   7   4   1 
0.014254
11   1 
0.428559
1  5  2 
0.055422
3  6  5  2 
0.070276
4  1  5  2 
0.077334
4  6  5  2 
0.077334
5  2 
0.108095
6  5  2 
0.054400
7  4  1  5  2 
0.055068
7  4  6  5  2 
0.055068
8  2 
0.033962
9  3  6  5  2 
0.016827
10   3   6   5   2 
0.048348
11   8   2 
0.058315
1  4  6  3 
0.014556
1  5  6  3 
0.014556
2  5  6  3 
0.294908
4  6  3 
0.026753
5  6  3 
0.043018
6  3 
0.072941
7  9  3 
0.026988
8  2  5  6  3 
0.069734
9  3 
0.066718
10   3 
0.074669
11   1   4   6   3 
0.027308
11   1   5   6   3 
0.027308
1  4 
0.025901
2  5  1  4 
0.089366
2  5  6  4 
0.089366
3  6  4 
0.012423
5  1  4 
0.019852
5  6  4 
0.019852
6  4 
0.007323
7  4 
0.705184
8  11   1   4 
0.035059
9  7  4 
0.005241
10   3   6   4 
0.011173
10   9   7   4 
0.011173
11   1   4 
0.026058
1  5 
0.071527
2  5 
0.647462
3  6  5 
0.041907
4  1  5 
0.013768
4  6  5 
0.013768
6  5 
0.089723
7  4  1  5 
0.046364
7  4  6  5 
0.046364
8  2  5 
0.132116
9  3  6  5 
0.032900
10   3   6   5 
0.045950
11   1   5 
0.161064
1  4  6 
0.025789
1  5  6 
0.025789
2  5  6 
0.179409
3  6 
0.018399
4  6 
0.018388
5  6 
0.081069
7  4  6 
0.030394
8  2  5  6 
0.063060
9  3  6 
0.003764
10   3   6 
0.021926
11   1   4   6 
0.027440
11   1   5   6 
0.027440
1  4  7 
0.086527
2  5  1  4  7 
0.390802
2  5  6  4  7 
0.390802
3  9  7 
0.030783
4  7 
0.059873
5  1  4  7 
0.093492
5  6  4  7 
0.093492
6  4  7 
0.040920
8  11   1   4   7 
0.270514
9  7 
0.050336
10   9   7 
0.129106
11   1   4   7 
0.376147
1  11   8 
0.195352
2  8 
0.355095
3  6  5  2  8 
0.074487
4   1  11   8 
0.184854
5  2  8 
0.288611
6  5  2  8 
0.099736
7   4   1  11   8 
0.368124
9  3  6  5  2  8 
0.017661
9   7   4   1  11   8 
0.017661
10   3   6   5   2   8 
0.159618
11   8 
0.331247
1  4  7  9 
0.004585
2  5  6  3  9 
0.054962
3  9 
0.078888
4  7  9 
0.005409
5  6  3  9 
0.031842
6  3  9 
0.002986
7  9 
0.043349
8  2  5  6  3  9 
0.006599
8  11   1   4   7   9 
0.006599
10   9 
0.015927
11   1   4   7   9 
0.006658
1   4   6   3  10 
0.022348
1   4   7   9  10 
0.022348
1   5   6   3  10 
0.038125
2   5   6   3  10 
0.395628
3  10 
0.023311
4   6   3  10 
0.005215
4   7   9  10 
0.005215
5   6   3  10 
0.024161
6   3  10 
0.016766
7   9  10 
0.113923
8   2   5   6   3  10 
0.106375
9  10 
0.014214
11   1   4   6   3  10 
0.012416
11   1   4   7   9  10 
0.012416
11   1   5   6   3  10 
0.013372
1  11 
0.664144
2   8  11 
0.351634
3   6   4   1  11 
0.138748
3   6   5   1  11 
0.138748
4   1  11 
0.222948
5   1  11 
0.320134
6   4   1  11 
0.027162
6   5   1  11 
0.027162
7   4   1  11 
0.342532
8  11 
0.668283
9   7   4   1  11 
0.027073
10   3   6   4   1  11 
0.059837
10   3   6   5   1  11 
0.059837
10   9   7   4   1  11 
0.059837
