2 1 0.245332 0.073014 * 2  5  1  0 
2 1 0.353394 0.009667 * 2   8  11   1 
3 1 0.350842 0.014412 * 3  6  4  1 
3 1 0.333012 0.010675 * 3  6  5  1 
4 1 0.121954 0.023330 * 4  1 
5 1 0.107671 0.078543 * 5  1 
6 1 0.238146 0.011301 * 6  4  1 
6 1 0.220315 0.008370 * 6  5  1 
7 1 0.240009 0.115603 * 7  4  1 
8 1 0.236149 0.065872 * 8  11   1 
9 1 0.453864 0.004813 * 9  3  6  4  1 
9 1 0.436034 0.004813 * 9  3  6  5  1 
9 1 0.345467 0.005703 * 9  7  4  1  0 
10 1 0.455435 0.011381 * 10   3   6   4   1   0 
10 1 0.437604 0.011381 * 10   3   6   5   1   0 
10 1 0.558192 0.008764 * 10   9   3   6   4   1 
10 1 0.540362 0.008764 * 10   9   3   6   5   1 
10 1 0.449796 0.010384 * 10   9   7   4   1   0 
11 1 0.118058 0.377973 * 11   1 
1 2 0.223491 0.039526 * 1  5  2  0 
1 2 0.352893 0.039526 * 1  11   8   2 
3 2 0.340081 0.097685 * 3  6  5  2 
4 2 0.345445 0.011510 * 4  1  5  2  0 
4 2 0.474847 0.011510 * 4   1  11   8   2 
4 2 0.328708 0.004086 * 4  6  5  2  0 
5 2 0.114739 0.141938 * 5  2 
6 2 0.227384 0.054202 * 6  5  2 
7 2 0.463500 0.040550 * 7  4  1  5  2  0 
7 2 0.592902 0.040550 * 7   4   1  11   8   2 
7 2 0.446763 0.014394 * 7  4  6  5  2  0 
7 2 0.546371 0.007795 * 7  9  3  6  5  2 
8 2 0.104589 0.031542 * 8  2 
9 2 0.443102 0.012040 * 9  3  6  5  2 
10 2 0.444673 0.030503 * 10   3   6   5   2   0 
10 2 0.547430 0.014789 * 10   9   3   6   5   2 
11 2 0.218009 0.047222 * 11   8   2 
1 3 0.329303 0.010931 * 1  4  6  3  0 
1 3 0.441789 0.007894 * 1  4  7  9  3 
1 3 0.353488 0.016553 * 1  5  6  3  0 
2 3 0.382398 0.253368 * 2  5  6  3 
4 3 0.216275 0.021801 * 4  6  3  0 
4 3 0.328761 0.015464 * 4  7  9  3 
5 3 0.244737 0.045196 * 5  6  3 
6 3 0.114951 0.104933 * 6  3 
7 3 0.206290 0.103302 * 7  9  3 
8 3 0.486987 0.013091 * 8  2  5  6  3  0  0 
8 3 0.565452 0.007618 * 8  11   1   4   6   3   0 
8 3 0.677938 0.007618 * 8  11   1   4   7   9   3 
8 3 0.589637 0.007618 * 8  11   1   5   6   3   0 
9 3 0.103022 0.081574 * 9  3 
10 3 0.207350 0.025604 * 10   9   3 
10 3 0.104592 0.052807 * 10   3   0 
11 3 0.447361 0.024093 * 11   1   4   6   3   0 
11 3 0.559847 0.017398 * 11   1   4   7   9   3 
11 3 0.471547 0.036484 * 11   1   5   6   3   0 
1 4 0.113028 0.027403 * 1  4 
2 4 0.358360 0.043665 * 2  5  1  4  0 
2 4 0.383639 0.104304 * 2  5  6  4  0 
2 4 0.466422 0.004651 * 2   8  11   1   4 
3 4 0.228888 0.019546 * 3  6  4  0 
3 4 0.325584 0.003570 * 3  9  7  4 
5 4 0.220699 0.010535 * 5  1  4 
5 4 0.245978 0.025165 * 5  6  4 
6 4 0.116191 0.017149 * 6  4 
7 4 0.118055 0.220423 * 7  4 
8 4 0.349177 0.032447 * 8  11   1   4 
9 4 0.223513 0.015546 * 9  7  4 
10 4 0.333481 0.012382 * 10   3   6   4   0 
10 4 0.430177 0.004856 * 10   3   9   7   4 
10 4 0.327841 0.010470 * 10   9   7   4   0 
11 4 0.231087 0.027214 * 11   1   4 
1 5 0.108751 0.064606 * 1  5 
2 5 0.137661 0.559366 * 2  5 
3 5 0.225341 0.099450 * 3  6  5 
4 5 0.230705 0.023995 * 4  1  5 
4 5 0.213968 0.016402 * 4  6  5 
6 5 0.112645 0.061349 * 6  5 
7 5 0.348761 0.044559 * 7  4  1  5  0 
7 5 0.332024 0.030459 * 7  4  6  5  0 
7 5 0.431631 0.013613 * 7  9  3  6  5 
8 5 0.242250 0.094437 * 8  2  5  0 
8 5 0.344900 0.033098 * 8  11   1   5 
9 5 0.328363 0.039936 * 9  3  6  5 
10 5 0.329934 0.056096 * 10   3   6   5   0 
10 5 0.432691 0.027199 * 10   9   3   6   5 
11 5 0.226810 0.175903 * 11   1   5 
1 6 0.214352 0.004870 * 1  4  6 
1 6 0.238538 0.012606 * 1  5  6 
2 6 0.267447 0.193133 * 2  5  6 
3 6 0.112697 0.035400 * 3  6 
4 6 0.101324 0.017489 * 4  6 
5 6 0.129786 0.073853 * 5  6 
7 6 0.219379 0.020457 * 7  4  6  0 
7 6 0.318987 0.014510 * 7  9  3  6 
8 6 0.372036 0.028820 * 8  2  5  6  0 
8 6 0.450501 0.014003 * 8  11   1   4   6 
8 6 0.474686 0.014003 * 8  11   1   5   6 
9 6 0.215719 0.005104 * 9  3  6 
10 6 0.217289 0.019969 * 10   3   6   0 
10 6 0.320047 0.009682 * 10   9   3   6 
11 6 0.332411 0.016619 * 11   1   4   6 
11 6 0.356596 0.043017 * 11   1   5   6 
1 7 0.235499 0.084109 * 1  4  7 
2 7 0.480831 0.171905 * 2  5  1  4  7  0 
2 7 0.589927 0.082319 * 2  5  6  3  9  7 
2 7 0.506109 0.450743 * 2  5  6  4  7  0 
2 7 0.588893 0.017285 * 2   8  11   1   4   7 
3 7 0.207529 0.049541 * 3  9  7 
4 7 0.122471 0.061161 * 4  7 
5 7 0.343170 0.053931 * 5  1  4  7  0 
5 7 0.452266 0.025825 * 5  6  3  9  7 
5 7 0.368448 0.141408 * 5  6  4  7  0 
6 7 0.322480 0.010240 * 6  3  9  7 
6 7 0.238662 0.056071 * 6  4  7  0 
8 7 0.471648 0.323988 * 8  11   1   4   7 
9 7 0.105458 0.034884 * 9  7 
10 7 0.312121 0.024970 * 10   3   9   7 
10 7 0.209786 0.136724 * 10   9   7   0 
11 7 0.353557 0.316251 * 11   1   4   7 
1 8 0.340736 0.041939 * 1  5  2  8 
1 8 0.248304 0.149877 * 1  11   8   0 
2 8 0.117246 0.367793 * 2  8 
3 8 0.457326 0.129649 * 3  6  5  2  8 
4 8 0.462690 0.038492 * 4  1  5  2  8 
4 8 0.370258 0.136360 * 4   1  11   8   0 
4 8 0.445953 0.020380 * 4  6  5  2  8 
5 8 0.231985 0.264958 * 5  2  8 
6 8 0.344629 0.114984 * 6  5  2  8 
7 8 0.580745 0.085203 * 7  4  1  5  2  8 
7 8 0.488313 0.257528 * 7   4   1  11   8   0 
7 8 0.564008 0.045111 * 7  4  6  5  2  8 
9 8 0.560348 0.001795 * 9  3  6  5  2  8  0 
9 8 0.686204 0.019463 * 9  7  4  1  5  2  8 
9 8 0.593771 0.019463 * 9   7   4   1  11   8   0 
9 8 0.669467 0.010990 * 9  7  4  6  5  2  8 
10 8 0.561918 0.009463 * 10   3   6   5   2   8   0   0 
10 8 0.664676 0.006297 * 10   9   3   6   5   2   8   0 
10 8 0.790532 0.054335 * 10   9   7   4   1   5   2   8 
10 8 0.698099 0.054335 * 10   9   7   4   1  11   8   0 
10 8 0.773795 0.038554 * 10   9   7   4   6   5   2   8 
11 8 0.113420 0.360724 * 11   8 
1 9 0.431374 0.000497 * 1  4  6  3  9 
1 9 0.338767 0.003984 * 1  4  7  9  0 
2 9 0.676706 0.004187 * 2  5  1  4  6  3  9 
2 9 0.584099 0.022747 * 2  5  1  4  7  9  0 
2 9 0.484469 0.008822 * 2  5  6  3  9  0  0 
3 9 0.102071 0.073582 * 3  9 
4 9 0.318346 0.000797 * 4  6  3  9 
4 9 0.225739 0.006383 * 4  7  9  0 
5 9 0.539045 0.001513 * 5  1  4  6  3  9 
5 9 0.446438 0.008217 * 5  1  4  7  9  0 
5 9 0.346808 0.003187 * 5  6  3  9  0  0 
6 9 0.217022 0.002541 * 6  3  9 
7 9 0.103268 0.058815 * 7  9 
8 9 0.781295 0.004190 * 8  2  5  1  4  6  3  9 
8 9 0.688688 0.009853 * 8  2  5  1  4  7  9  0 
8 9 0.589058 0.008827 * 8  2  5  6  3  9  0  0 
8 9 0.667523 0.003359 * 8  11   1   4   6   3   9   0 
8 9 0.574916 0.003359 * 8  11   1   4   7   9   0   0 
10 9 0.206663 0.004897 * 10   3   9 
10 9 0.104328 0.026814 * 10   9   0 
11 9 0.549432 0.004313 * 11   1   4   6   3   9 
11 9 0.456826 0.010072 * 11   1   4   7   9   0 
1 10 0.532892 0.005204 * 1   4   6   3   9  10 
1 10 0.436411 0.005204 * 1   4   6   3  10   0 
1 10 0.440285 0.006437 * 1   4   7   9  10   0 
1 10 0.557077 0.011320 * 1   5   6   3   9  10 
1 10 0.460597 0.011320 * 1   5   6   3  10   0 
2 10 0.585987 0.067973 * 2   5   6   3   9  10 
2 10 0.489506 0.315684 * 2   5   6   3  10   0 
3 10 0.203589 0.004463 * 3   9  10 
3 10 0.107108 0.024436 * 3  10   0 
4 10 0.419864 0.003683 * 4   6   3   9  10 
4 10 0.323383 0.003683 * 4   6   3  10   0 
4 10 0.327257 0.004556 * 4   7   9  10   0 
5 10 0.448326 0.003973 * 5   6   3   9  10 
5 10 0.351845 0.021754 * 5   6   3  10   0 
6 10 0.318540 0.002690 * 6   3   9  10 
6 10 0.222059 0.014729 * 6   3  10   0 
7 10 0.204786 0.118720 * 7   9  10 
8 10 0.690576 0.022930 * 8   2   5   6   3   9  10   0 
8 10 0.594095 0.022930 * 8   2   5   6   3  10   0   0 
8 10 0.769041 0.011271 * 8  11   1   4   6   3   9  10 
8 10 0.672560 0.011271 * 8  11   1   4   6   3  10   0 
8 10 0.676434 0.013943 * 8  11   1   4   7   9  10   0 
8 10 0.793226 0.014982 * 8  11   1   5   6   3   9  10 
8 10 0.696745 0.014982 * 8  11   1   5   6   3  10   0 
9 10 0.101518 0.022720 * 9  10 
11 10 0.650951 0.006793 * 11   1   4   6   3   9  10 
11 10 0.554470 0.006793 * 11   1   4   6   3  10   0 
11 10 0.558344 0.008403 * 11   1   4   7   9  10   0 
11 10 0.675136 0.014776 * 11   1   5   6   3   9  10 
11 10 0.578655 0.014776 * 11   1   5   6   3  10   0 
1 11 0.134884 0.690069 * 1  11 
2 11 0.235336 0.379091 * 2   8  11 
3 11 0.485726 0.111650 * 3   6   4   1  11   0 
3 11 0.467896 0.093650 * 3   6   5   1  11   0 
3 11 0.575416 0.023135 * 3   6   5   2   8  11 
4 11 0.256838 0.056905 * 4   1  11 
5 11 0.242555 0.199141 * 5   1  11   0 
5 11 0.350075 0.026367 * 5   2   8  11 
6 11 0.373030 0.037449 * 6   4   1  11   0 
6 11 0.355199 0.031411 * 6   5   1  11   0 
6 11 0.462720 0.007760 * 6   5   2   8  11 
7 11 0.374893 0.335355 * 7   4   1  11 
8 11 0.118090 0.724064 * 8  11 
9 11 0.588748 0.005502 * 9   3   6   4   1  11   0 
9 11 0.570918 0.005502 * 9   3   6   5   1  11   0 
9 11 0.678438 0.005240 * 9   3   6   5   2   8  11 
9 11 0.480352 0.006171 * 9   7   4   1  11   0   0 
10 11 0.590319 0.034798 * 10   3   6   4   1  11   0   0 
10 11 0.572488 0.034798 * 10   3   6   5   1  11   0   0 
10 11 0.680009 0.020110 * 10   3   6   5   2   8  11   0 
10 11 0.693076 0.021116 * 10   9   3   6   4   1  11   0 
10 11 0.675246 0.021116 * 10   9   3   6   5   1  11   0 
10 11 0.782766 0.020110 * 10   9   3   6   5   2   8  11 
10 11 0.584680 0.023685 * 10   9   7   4   1  11   0   0 
