2  5  1 
0.093806
3  6  4  1 
0.020990
3  6  5  1 
0.020990
4  1 
0.025315
5  1 
0.107234
6  4  1 
0.010501
6  5  1 
0.010501
7  4  1 
0.103848
8  11   1 
0.074681
9  7  4  1 
0.025390
10   3   6   4   1 
0.018179
10   3   6   5   1 
0.018179
10   9   7   4   1 
0.018179
11   1 
0.388804
1  5  2 
0.069171
3  6  5  2 
0.091931
4  1  5  2 
0.013468
4  6  5  2 
0.013468
5  2 
0.140614
6  5  2 
0.056786
7  4  1  5  2 
0.042268
7  4  6  5  2 
0.042268
8  2 
0.034790
9  3  6  5  2 
0.017129
10   3   6   5   2 
0.042029
11   8   2 
0.059218
1  4  6  3 
0.018863
1  5  6  3 
0.018863
2  5  6  3 
0.275522
4  6  3 
0.031922
5  6  3 
0.040876
6  3 
0.086417
7  9  3 
0.120852
8  2  5  6  3 
0.040754
9  3 
0.085119
10   3 
0.112824
11   1   4   6   3 
0.037797
11   1   5   6   3 
0.037797
1  4 
0.028669
2  5  1  4 
0.064919
2  5  6  4 
0.064919
3  6  4 
0.015483
5  1  4 
0.022962
5  6  4 
0.022962
6  4 
0.015616
7  4 
0.698467
8  11   1   4 
0.028125
9  7  4 
0.016050
10   3   6   4 
0.017062
10   9   7   4 
0.017062
11   1   4 
0.030463
1  5 
0.044015
2  5 
0.521868
3  6  5 
0.070032
4  1  5 
0.020622
4  6  5 
0.020622
6  5 
0.086912
7  4  1  5 
0.044635
7  4  6  5 
0.044635
8  2  5 
0.112722
9  3  6  5 
0.041239
10   3   6   5 
0.053404
11   1   5 
0.175010
1  4  6 
0.009885
1  5  6 
0.009885
2  5  6 
0.210237
3  6 
0.044345
4  6 
0.019648
5  6 
0.063621
7  4  6 
0.044981
8  2  5  6 
0.060123
9  3  6 
0.004623
10   3   6 
0.030250
11   1   4   6 
0.033097
11   1   5   6 
0.033097
1  4  7 
0.087986
2  5  1  4  7 
0.345477
2  5  6  4  7 
0.345477
3  9  7 
0.056566
4  7 
0.052276
5  1  4  7 
0.111672
5  6  4  7 
0.111672
6  4  7 
0.065229
8  11   1   4   7 
0.315624
9  7 
0.032514
10   9   7 
0.168728
11   1   4   7 
0.315462
1  11   8 
0.167136
2  8 
0.374234
3  6  5  2  8 
0.143499
4   1  11   8 
0.196637
5  2  8 
0.270727
6  5  2  8 
0.133741
7   4   1  11   8 
0.415823
9  3  6  5  2  8 
0.022608
9   7   4   1  11   8 
0.022608
10   3   6   5   2   8 
0.147181
11   8 
0.369926
1  4  7  9 
0.004599
2  5  6  3  9 
0.036116
3  9 
0.056525
4  7  9 
0.007969
5  6  3  9 
0.033892
6  3  9 
0.002403
7  9 
0.061499
8  2  5  6  3  9 
0.006598
8  11   1   4   7   9 
0.006598
10   9 
0.030370
11   1   4   7   9 
0.017191
1   4   6   3  10 
0.021265
1   4   7   9  10 
0.021265
1   5   6   3  10 
0.036091
2   5   6   3  10 
0.352367
3  10 
0.033422
4   6   3  10 
0.005945
4   7   9  10 
0.005945
5   6   3  10 
0.031940
6   3  10 
0.016924
7   9  10 
0.118780
8   2   5   6   3  10 
0.096136
9  10 
0.021554
11   1   4   6   3  10 
0.016113
11   1   4   7   9  10 
0.016113
11   1   5   6   3  10 
0.022429
1  11 
0.569701
2   8  11 
0.452226
3   6   4   1  11 
0.116937
3   6   5   1  11 
0.116937
4   1  11 
0.128084
5   1  11 
0.248620
6   4   1  11 
0.052565
6   5   1  11 
0.052565
7   4   1  11 
0.380969
8  11 
0.738945
9   7   4   1  11 
0.020941
10   3   6   4   1  11 
0.061892
10   3   6   5   1  11 
0.061892
10   9   7   4   1  11 
0.061892
