2 1 2 0.072055 * 2  5  1 
3 1 3 0.007253 * 3  6  4  1 
3 1 3 0.007253 * 3  6  5  1 
4 1 1 0.008394 * 4  1 
5 1 1 0.091468 * 5  1 
6 1 2 0.007380 * 6  4  1 
6 1 2 0.007380 * 6  5  1 
7 1 2 0.106594 * 7  4  1 
8 1 2 0.081273 * 8  11   1 
9 1 3 0.034791 * 9  7  4  1 
10 1 4 0.014994 * 10   3   6   4   1 
10 1 4 0.014994 * 10   3   6   5   1 
10 1 4 0.014994 * 10   9   7   4   1 
11 1 1 0.775263 * 11   1 
1 2 2 0.065546 * 1  5  2 
3 2 3 0.071351 * 3  6  5  2 
4 2 3 0.057358 * 4  1  5  2 
4 2 3 0.057358 * 4  6  5  2 
5 2 1 0.088406 * 5  2 
6 2 2 0.033528 * 6  5  2 
7 2 4 0.397861 * 7  4  1  5  2 
7 2 4 0.397861 * 7  4  6  5  2 
8 2 1 0.021981 * 8  2 
9 2 4 0.008020 * 9  3  6  5  2 
10 2 4 0.042902 * 10   3   6   5   2 
11 2 2 0.050063 * 11   8   2 
1 3 3 0.015379 * 1  4  6  3 
1 3 3 0.015379 * 1  5  6  3 
2 3 3 0.240801 * 2  5  6  3 
4 3 2 0.025602 * 4  6  3 
5 3 2 0.026164 * 5  6  3 
6 3 1 0.031273 * 6  3 
7 3 2 0.026950 * 7  9  3 
8 3 4 0.072431 * 8  2  5  6  3 
9 3 1 0.053915 * 9  3 
10 3 1 0.058768 * 10   3 
11 3 4 0.021234 * 11   1   4   6   3 
11 3 4 0.021234 * 11   1   5   6   3 
1 4 1 0.024433 * 1  4 
2 4 3 0.075402 * 2  5  1  4 
2 4 3 0.075402 * 2  5  6  4 
3 4 2 0.009769 * 3  6  4 
5 4 2 0.027443 * 5  1  4 
5 4 2 0.027443 * 5  6  4 
6 4 1 0.006259 * 6  4 
7 4 1 0.742523 * 7  4 
8 4 3 0.030078 * 8  11   1   4 
9 4 2 0.004493 * 9  7  4 
10 4 3 0.005403 * 10   3   6   4 
10 4 3 0.005403 * 10   9   7   4 
11 4 2 0.018085 * 11   1   4 
1 5 1 0.052419 * 1  5 
2 5 1 0.598186 * 2  5 
3 5 2 0.030720 * 3  6  5 
4 5 2 0.012962 * 4  1  5 
4 5 2 0.012962 * 4  6  5 
6 5 1 0.057054 * 6  5 
7 5 3 0.037955 * 7  4  1  5 
7 5 3 0.037955 * 7  4  6  5 
8 5 2 0.115173 * 8  2  5 
9 5 3 0.034784 * 9  3  6  5 
10 5 3 0.041171 * 10   3   6   5 
11 5 2 0.119452 * 11   1   5 
1 6 2 0.019525 * 1  4  6 
1 6 2 0.019525 * 1  5  6 
2 6 2 0.201397 * 2  5  6 
3 6 1 0.016652 * 3  6 
4 6 1 0.018128 * 4  6 
5 6 1 0.057233 * 5  6 
7 6 2 0.025775 * 7  4  6 
8 6 3 0.040656 * 8  2  5  6 
9 6 2 0.002844 * 9  3  6 
10 6 2 0.025756 * 10   3   6 
11 6 3 0.038886 * 11   1   4   6 
11 6 3 0.038886 * 11   1   5   6 
1 7 2 0.125818 * 1  4  7 
2 7 4 0.371531 * 2  5  1  4  7 
2 7 4 0.371531 * 2  5  6  4  7 
3 7 2 0.019743 * 3  9  7 
4 7 1 0.049121 * 4  7 
5 7 3 0.084338 * 5  1  4  7 
5 7 3 0.084338 * 5  6  4  7 
6 7 2 0.035626 * 6  4  7 
8 7 4 0.267258 * 8  11   1   4   7 
9 7 1 0.021905 * 9  7 
10 7 2 0.155160 * 10   9   7 
11 7 3 0.301185 * 11   1   4   7 
1 8 2 0.195203 * 1  11   8 
2 8 1 0.302440 * 2  8 
3 8 4 0.081519 * 3  6  5  2  8 
4 8 3 0.194850 * 4   1  11   8 
5 8 2 0.280544 * 5  2  8 
6 8 3 0.089550 * 6  5  2  8 
7 8 4 0.259016 * 7   4   1  11   8 
9 8 5 0.012685 * 9  3  6  5  2  8 
9 8 5 0.012685 * 9   7   4   1  11   8 
10 8 5 0.122221 * 10   3   6   5   2   8 
11 8 1 0.286748 * 11   8 
1 9 3 0.004454 * 1  4  7  9 
2 9 4 0.045537 * 2  5  6  3  9 
3 9 1 0.028086 * 3  9 
4 9 2 0.003387 * 4  7  9 
5 9 3 0.034290 * 5  6  3  9 
6 9 2 0.001717 * 6  3  9 
7 9 1 0.036536 * 7  9 
8 9 5 0.007124 * 8  2  5  6  3  9 
8 9 5 0.007124 * 8  11   1   4   7   9 
10 9 1 0.011319 * 10   9 
11 9 4 0.006488 * 11   1   4   7   9 
1 10 4 0.023357 * 1   4   6   3  10 
1 10 4 0.023357 * 1   4   7   9  10 
1 10 4 0.040298 * 1   5   6   3  10 
2 10 4 0.454843 * 2   5   6   3  10 
3 10 1 0.019087 * 3  10 
4 10 3 0.005137 * 4   6   3  10 
4 10 3 0.005137 * 4   7   9  10 
5 10 3 0.073754 * 5   6   3  10 
6 10 2 0.014172 * 6   3  10 
7 10 2 0.103262 * 7   9  10 
8 10 5 0.110912 * 8   2   5   6   3  10 
9 10 1 0.013805 * 9  10 
11 10 5 0.013459 * 11   1   4   6   3  10 
11 10 5 0.013459 * 11   1   4   7   9  10 
11 10 5 0.015131 * 11   1   5   6   3  10 
1 11 1 0.489264 * 1  11 
2 11 2 0.418227 * 2   8  11 
3 11 4 0.092871 * 3   6   4   1  11 
3 11 4 0.092871 * 3   6   5   1  11 
4 11 2 0.130918 * 4   1  11 
5 11 2 0.271478 * 5   1  11 
6 11 3 0.024097 * 6   4   1  11 
6 11 3 0.024097 * 6   5   1  11 
7 11 3 0.357150 * 7   4   1  11 
8 11 1 0.648619 * 8  11 
9 11 4 0.013012 * 9   7   4   1  11 
10 11 5 0.048359 * 10   3   6   4   1  11 
10 11 5 0.048359 * 10   3   6   5   1  11 
10 11 5 0.048359 * 10   9   7   4   1  11 
