2 1 2 0.082681 * 2  5  1 
3 1 3 0.012544 * 3  6  4  1 
3 1 3 0.012544 * 3  6  5  1 
4 1 1 0.023330 * 4  1 
5 1 1 0.078543 * 5  1 
6 1 2 0.009835 * 6  4  1 
6 1 2 0.009835 * 6  5  1 
7 1 2 0.115603 * 7  4  1 
8 1 2 0.065872 * 8  11   1 
9 1 3 0.015330 * 9  7  4  1 
10 1 4 0.016891 * 10   3   6   4   1 
10 1 4 0.016891 * 10   3   6   5   1 
10 1 4 0.016891 * 10   9   7   4   1 
11 1 1 0.377973 * 11   1 
1 2 2 0.079052 * 1  5  2 
3 2 3 0.097685 * 3  6  5  2 
4 2 3 0.013552 * 4  1  5  2 
4 2 3 0.013552 * 4  6  5  2 
5 2 1 0.141938 * 5  2 
6 2 2 0.054202 * 6  5  2 
7 2 4 0.051644 * 7  4  1  5  2 
7 2 4 0.051644 * 7  4  6  5  2 
8 2 1 0.031542 * 8  2 
9 2 4 0.012040 * 9  3  6  5  2 
10 2 4 0.045292 * 10   3   6   5   2 
11 2 2 0.047222 * 11   8   2 
1 3 3 0.017689 * 1  4  6  3 
1 3 3 0.017689 * 1  5  6  3 
2 3 3 0.253368 * 2  5  6  3 
4 3 2 0.037265 * 4  6  3 
5 3 2 0.045196 * 5  6  3 
6 3 1 0.104933 * 6  3 
7 3 2 0.103302 * 7  9  3 
8 3 4 0.035945 * 8  2  5  6  3 
9 3 1 0.081574 * 9  3 
10 3 1 0.078411 * 10   3 
11 3 4 0.038988 * 11   1   4   6   3 
11 3 4 0.038988 * 11   1   5   6   3 
1 4 1 0.027403 * 1  4 
2 4 3 0.076310 * 2  5  1  4 
2 4 3 0.076310 * 2  5  6  4 
3 4 2 0.023115 * 3  6  4 
5 4 2 0.017850 * 5  1  4 
5 4 2 0.017850 * 5  6  4 
6 4 1 0.017149 * 6  4 
7 4 1 0.220423 * 7  4 
8 4 3 0.032447 * 8  11   1   4 
9 4 2 0.015546 * 9  7  4 
10 4 3 0.013854 * 10   3   6   4 
10 4 3 0.013854 * 10   9   7   4 
11 4 2 0.027214 * 11   1   4 
1 5 1 0.064606 * 1  5 
2 5 1 0.559366 * 2  5 
3 5 2 0.099450 * 3  6  5 
4 5 2 0.020198 * 4  1  5 
4 5 2 0.020198 * 4  6  5 
6 5 1 0.061349 * 6  5 
7 5 3 0.044316 * 7  4  1  5 
7 5 3 0.044316 * 7  4  6  5 
8 5 2 0.127535 * 8  2  5 
9 5 3 0.039936 * 9  3  6  5 
10 5 3 0.083295 * 10   3   6   5 
11 5 2 0.175903 * 11   1   5 
1 6 2 0.008738 * 1  4  6 
1 6 2 0.008738 * 1  5  6 
2 6 2 0.193133 * 2  5  6 
3 6 1 0.035400 * 3  6 
4 6 1 0.017489 * 4  6 
5 6 1 0.073853 * 5  6 
7 6 2 0.034967 * 7  4  6 
8 6 3 0.056825 * 8  2  5  6 
9 6 2 0.005104 * 9  3  6 
10 6 2 0.029651 * 10   3   6 
11 6 3 0.029818 * 11   1   4   6 
11 6 3 0.029818 * 11   1   5   6 
1 7 2 0.084109 * 1  4  7 
2 7 4 0.361126 * 2  5  1  4  7 
2 7 4 0.361126 * 2  5  6  4  7 
3 7 2 0.049541 * 3  9  7 
4 7 1 0.061161 * 4  7 
5 7 3 0.110582 * 5  1  4  7 
5 7 3 0.110582 * 5  6  4  7 
6 7 2 0.066311 * 6  4  7 
8 7 4 0.323988 * 8  11   1   4   7 
9 7 1 0.034884 * 9  7 
10 7 2 0.161694 * 10   9   7 
11 7 3 0.316251 * 11   1   4   7 
1 8 2 0.191817 * 1  11   8 
2 8 1 0.367793 * 2  8 
3 8 4 0.129649 * 3  6  5  2  8 
4 8 3 0.195231 * 4   1  11   8 
5 8 2 0.264958 * 5  2  8 
6 8 3 0.114984 * 6  5  2  8 
7 8 4 0.387842 * 7   4   1  11   8 
9 8 5 0.025856 * 9  3  6  5  2  8 
9 8 5 0.025856 * 9   7   4   1  11   8 
10 8 5 0.162983 * 10   3   6   5   2   8 
11 8 1 0.360724 * 11   8 
1 9 3 0.004482 * 1  4  7  9 
2 9 4 0.035757 * 2  5  6  3  9 
3 9 1 0.073582 * 3  9 
4 9 2 0.007179 * 4  7  9 
5 9 3 0.012917 * 5  6  3  9 
6 9 2 0.002541 * 6  3  9 
7 9 1 0.058815 * 7  9 
8 9 5 0.014794 * 8  2  5  6  3  9 
8 9 5 0.014794 * 8  11   1   4   7   9 
10 9 1 0.031711 * 10   9 
11 9 4 0.014385 * 11   1   4   7   9 
1 10 4 0.011014 * 1   4   6   3  10 
1 10 4 0.011014 * 1   4   7   9  10 
1 10 4 0.017456 * 1   5   6   3  10 
2 10 4 0.383657 * 2   5   6   3  10 
3 10 1 0.028899 * 3  10 
4 10 3 0.005961 * 4   6   3  10 
4 10 3 0.005961 * 4   7   9  10 
5 10 3 0.025727 * 5   6   3  10 
6 10 2 0.017419 * 6   3  10 
7 10 2 0.118720 * 7   9  10 
8 10 5 0.112310 * 8   2   5   6   3  10 
9 10 1 0.022720 * 9  10 
11 10 5 0.014378 * 11   1   4   6   3  10 
11 10 5 0.014378 * 11   1   4   7   9  10 
11 10 5 0.022786 * 11   1   5   6   3  10 
1 11 1 0.690069 * 1  11 
2 11 2 0.379091 * 2   8  11 
3 11 4 0.114217 * 3   6   4   1  11 
3 11 4 0.114217 * 3   6   5   1  11 
4 11 2 0.056905 * 4   1  11 
5 11 2 0.225508 * 5   1  11 
6 11 3 0.038310 * 6   4   1  11 
6 11 3 0.038310 * 6   5   1  11 
7 11 3 0.335355 * 7   4   1  11 
8 11 1 0.724064 * 8  11 
9 11 4 0.022415 * 9   7   4   1  11 
10 11 5 0.058578 * 10   3   6   4   1  11 
10 11 5 0.058578 * 10   3   6   5   1  11 
10 11 5 0.058578 * 10   9   7   4   1  11 
