2 1 0.247959 0.104539 * 2  5  1  0 
2 1 0.354186 0.012341 * 2   8  11   1 
3 1 0.353092 0.010763 * 3  6  4  1 
3 1 0.333446 0.008001 * 3  6  5  1 
4 1 0.121654 0.024149 * 4  1 
5 1 0.108635 0.114098 * 5  1 
6 1 0.239856 0.015011 * 6  4  1 
6 1 0.220210 0.011159 * 6  5  1 
7 1 0.239086 0.112679 * 7  4  1 
8 1 0.237265 0.058392 * 8  11   1 
9 1 0.455496 0.007174 * 9  3  6  4  1 
9 1 0.435850 0.007174 * 9  3  6  5  1 
9 1 0.342317 0.003699 * 9  7  4  1  0 
10 1 0.459542 0.015471 * 10   3   6   4   1   0 
10 1 0.439896 0.015471 * 10   3   6   5   1   0 
10 1 0.557561 0.009355 * 10   9   3   6   4   1 
10 1 0.537915 0.009355 * 10   9   3   6   5   1 
10 1 0.444382 0.005925 * 10   9   7   4   1   0 
11 1 0.119035 0.427407 * 11   1 
1 2 0.223168 0.039142 * 1  5  2  0 
1 2 0.348485 0.039142 * 1  11   8   2 
3 2 0.338866 0.092496 * 3  6  5  2 
4 2 0.344822 0.024919 * 4  1  5  2  0 
4 2 0.470138 0.024919 * 4   1  11   8   2 
4 2 0.326841 0.009585 * 4  6  5  2  0 
5 2 0.114055 0.142284 * 5  2 
6 2 0.225630 0.050169 * 6  5  2 
7 2 0.462254 0.031986 * 7  4  1  5  2  0 
7 2 0.587571 0.031986 * 7   4   1  11   8   2 
7 2 0.444273 0.015113 * 7  4  6  5  2  0 
7 2 0.543766 0.006259 * 7  9  3  6  5  2 
8 2 0.104789 0.030701 * 8  2 
9 2 0.441270 0.010832 * 9  3  6  5  2 
10 2 0.445316 0.028534 * 10   3   6   5   2   0 
10 2 0.543335 0.011383 * 10   9   3   6   5   2 
11 2 0.217363 0.048219 * 11   8   2 
1 3 0.329459 0.010547 * 1  4  6  3  0 
1 3 0.442936 0.008004 * 1  4  7  9  3 
1 3 0.354744 0.018879 * 1  5  6  3  0 
2 3 0.384955 0.249043 * 2  5  6  3 
4 3 0.216110 0.014440 * 4  6  3  0 
4 3 0.329588 0.010959 * 4  7  9  3 
5 3 0.245631 0.055345 * 5  6  3 
6 3 0.114899 0.078730 * 6  3 
7 3 0.204900 0.047838 * 7  9  3 
8 3 0.489743 0.017486 * 8  2  5  6  3  0  0 
8 3 0.566724 0.009573 * 8  11   1   4   6   3   0 
8 3 0.680201 0.009573 * 8  11   1   4   7   9   3 
8 3 0.592009 0.009573 * 8  11   1   5   6   3   0 
9 3 0.102403 0.074274 * 9  3 
10 3 0.204468 0.019608 * 10   9   3 
10 3 0.106450 0.049149 * 10   3   0 
11 3 0.448494 0.025865 * 11   1   4   6   3   0 
11 3 0.561971 0.019630 * 11   1   4   7   9   3 
11 3 0.473779 0.046299 * 11   1   5   6   3   0 
1 4 0.113349 0.021390 * 1  4 
2 4 0.361308 0.036908 * 2  5  1  4  0 
2 4 0.388257 0.088184 * 2  5  6  4  0 
2 4 0.467535 0.003241 * 2   8  11   1   4 
3 4 0.231438 0.021148 * 3  6  4  0 
3 4 0.322692 0.002192 * 3  9  7  4 
5 4 0.221984 0.012598 * 5  1  4 
5 4 0.248933 0.030101 * 5  6  4 
6 4 0.118202 0.011655 * 6  4 
7 4 0.117432 0.376358 * 7  4 
8 4 0.350614 0.033038 * 8  11   1   4 
9 4 0.220663 0.015087 * 9  7  4 
10 4 0.337888 0.014178 * 10   3   6   4   0 
10 4 0.429142 0.003204 * 10   3   9   7   4 
10 4 0.322728 0.004607 * 10   9   7   4   0 
11 4 0.232384 0.025855 * 11   1   4 
1 5 0.109113 0.074659 * 1  5 
2 5 0.139324 0.553533 * 2  5 
3 5 0.224812 0.062040 * 3  6  5 
4 5 0.230767 0.027241 * 4  1  5 
4 5 0.212786 0.018927 * 4  6  5 
6 5 0.111575 0.059230 * 6  5 
7 5 0.348199 0.042316 * 7  4  1  5  0 
7 5 0.330218 0.029679 * 7  4  6  5  0 
7 5 0.429711 0.013166 * 7  9  3  6  5 
8 5 0.244112 0.112357 * 8  2  5  0 
8 5 0.346378 0.036437 * 8  11   1   5 
9 5 0.327215 0.039716 * 9  3  6  5 
10 5 0.331262 0.056150 * 10   3   6   5   0 
10 5 0.429280 0.022401 * 10   9   3   6   5 
11 5 0.228148 0.162800 * 11   1   5 
1 6 0.214560 0.008347 * 1  4  6 
1 6 0.239845 0.021338 * 1  5  6 
2 6 0.270056 0.192504 * 2  5  6 
3 6 0.113237 0.025417 * 3  6 
4 6 0.101211 0.017494 * 4  6 
5 6 0.130732 0.087857 * 5  6 
7 6 0.218643 0.018254 * 7  4  6  0 
7 6 0.318136 0.013853 * 7  9  3  6 
8 6 0.374844 0.029747 * 8  2  5  6  0 
8 6 0.451824 0.013421 * 8  11   1   4   6 
8 6 0.477110 0.013421 * 8  11   1   5   6 
9 6 0.215640 0.004369 * 9  3  6 
10 6 0.219687 0.022576 * 10   3   6   0 
10 6 0.317705 0.009007 * 10   9   3   6 
11 6 0.333595 0.014752 * 11   1   4   6 
11 6 0.358880 0.036684 * 11   1   5   6 
1 7 0.238037 0.066737 * 1  4  7 
2 7 0.485996 0.197155 * 2  5  1  4  7  0 
2 7 0.590215 0.053307 * 2  5  6  3  9  7 
2 7 0.512945 0.514313 * 2  5  6  4  7  0 
2 7 0.592223 0.018347 * 2   8  11   1   4   7 
3 7 0.205260 0.036744 * 3  9  7 
4 7 0.124688 0.152805 * 4  7 
5 7 0.346672 0.052524 * 5  1  4  7  0 
5 7 0.450891 0.014201 * 5  6  3  9  7 
5 7 0.373621 0.137016 * 5  6  4  7  0 
6 7 0.320159 0.006016 * 6  3  9  7 
6 7 0.242890 0.058047 * 6  4  7  0 
8 7 0.475301 0.322903 * 8  11   1   4   7 
9 7 0.103231 0.055600 * 9  7 
10 7 0.311710 0.033385 * 10   3   9   7 
10 7 0.205296 0.115516 * 10   9   7   0 
11 7 0.357072 0.358388 * 11   1   4   7 
1 8 0.340089 0.035938 * 1  5  2  8 
1 8 0.243696 0.132804 * 1  11   8   0 
2 8 0.116921 0.363269 * 2  8 
3 8 0.455788 0.117514 * 3  6  5  2  8 
4 8 0.461743 0.032875 * 4  1  5  2  8 
4 8 0.365350 0.119992 * 4   1  11   8   0 
4 8 0.443762 0.017756 * 4  6  5  2  8 
5 8 0.230976 0.230246 * 5  2  8 
6 8 0.342551 0.118379 * 6  5  2  8 
7 8 0.579175 0.079414 * 7  4  1  5  2  8 
7 8 0.482782 0.248814 * 7   4   1  11   8   0 
7 8 0.561194 0.042894 * 7  4  6  5  2  8 
9 8 0.558191 0.004168 * 9  3  6  5  2  8  0 
9 8 0.682406 0.020196 * 9  7  4  1  5  2  8 
9 8 0.586013 0.020196 * 9   7   4   1  11   8   0 
9 8 0.664425 0.013079 * 9  7  4  6  5  2  8 
10 8 0.562238 0.018205 * 10   3   6   5   2   8   0   0 
10 8 0.660256 0.011258 * 10   9   3   6   5   2   8   0 
10 8 0.784471 0.042454 * 10   9   7   4   1   5   2   8 
10 8 0.688078 0.042454 * 10   9   7   4   1  11   8   0 
10 8 0.766490 0.035329 * 10   9   7   4   6   5   2   8 
11 8 0.112575 0.358270 * 11   8 
1 9 0.431488 0.000481 * 1  4  6  3  9 
1 9 0.340533 0.003168 * 1  4  7  9  0 
2 9 0.679447 0.004307 * 2  5  1  4  6  3  9 
2 9 0.588492 0.019920 * 2  5  1  4  7  9  0 
2 9 0.486984 0.009034 * 2  5  6  3  9  0  0 
3 9 0.102029 0.100757 * 3  9 
4 9 0.318139 0.000820 * 4  6  3  9 
4 9 0.227184 0.005396 * 4  7  9  0 
5 9 0.540123 0.001706 * 5  1  4  6  3  9 
5 9 0.449168 0.007889 * 5  1  4  7  9  0 
5 9 0.347660 0.003578 * 5  6  3  9  0  0 
6 9 0.216928 0.003778 * 6  3  9 
7 9 0.102496 0.044897 * 7  9 
8 9 0.784235 0.003030 * 8  2  5  1  4  6  3  9 
8 9 0.693280 0.003262 * 8  2  5  1  4  7  9  0 
8 9 0.591773 0.003262 * 8  2  5  6  3  9  0  0 
8 9 0.668753 0.000979 * 8  11   1   4   6   3   9   0 
8 9 0.577798 0.000979 * 8  11   1   4   7   9   0   0 
10 9 0.208479 0.007317 * 10   3   9 
10 9 0.102065 0.025318 * 10   9   0 
11 9 0.550523 0.004279 * 11   1   4   6   3   9 
11 9 0.459568 0.007521 * 11   1   4   7   9   0 
1 10 0.533005 0.005443 * 1   4   6   3   9  10 
1 10 0.436783 0.005443 * 1   4   6   3  10   0 
1 10 0.442050 0.006428 * 1   4   7   9  10   0 
1 10 0.558290 0.012164 * 1   5   6   3   9  10 
1 10 0.462068 0.012164 * 1   5   6   3  10   0 
2 10 0.588501 0.078334 * 2   5   6   3   9  10 
2 10 0.492278 0.312272 * 2   5   6   3  10   0 
3 10 0.203546 0.005285 * 3   9  10 
3 10 0.107324 0.024173 * 3  10   0 
4 10 0.419656 0.002869 * 4   6   3   9  10 
4 10 0.323434 0.002869 * 4   6   3  10   0 
4 10 0.328701 0.003388 * 4   7   9  10   0 
5 10 0.449177 0.005050 * 5   6   3   9  10 
5 10 0.352954 0.023096 * 5   6   3  10   0 
6 10 0.318445 0.003426 * 6   3   9  10 
6 10 0.222223 0.015671 * 6   3  10   0 
7 10 0.204013 0.124021 * 7   9  10 
8 10 0.693289 0.024830 * 8   2   5   6   3   9  10   0 
8 10 0.597067 0.024830 * 8   2   5   6   3  10   0   0 
8 10 0.770269 0.011417 * 8  11   1   4   6   3   9  10 
8 10 0.674047 0.011417 * 8  11   1   4   6   3  10   0 
8 10 0.679314 0.013484 * 8  11   1   4   7   9  10   0 
8 10 0.795555 0.014923 * 8  11   1   5   6   3   9  10 
8 10 0.699332 0.014923 * 8  11   1   5   6   3  10   0 
9 10 0.101517 0.020661 * 9  10 
11 10 0.652040 0.006881 * 11   1   4   6   3   9  10 
11 10 0.555818 0.006881 * 11   1   4   6   3  10   0 
11 10 0.561085 0.008127 * 11   1   4   7   9  10   0 
11 10 0.677325 0.015378 * 11   1   5   6   3   9  10 
11 10 0.581103 0.015378 * 11   1   5   6   3  10   0 
1 11 0.131121 0.547366 * 1  11 
2 11 0.235151 0.410416 * 2   8  11 
3 11 0.484214 0.091676 * 3   6   4   1  11   0 
3 11 0.464568 0.076194 * 3   6   5   1  11   0 
3 11 0.574017 0.017096 * 3   6   5   2   8  11 
4 11 0.252775 0.084208 * 4   1  11 
5 11 0.239756 0.200904 * 5   1  11   0 
5 11 0.349206 0.023718 * 5   2   8  11 
6 11 0.370977 0.041393 * 6   4   1  11   0 
6 11 0.351331 0.034403 * 6   5   1  11   0 
6 11 0.460781 0.007719 * 6   5   2   8  11 
7 11 0.370207 0.338772 * 7   4   1  11 
8 11 0.118230 0.714536 * 8  11 
9 11 0.586617 0.005282 * 9   3   6   4   1  11   0 
9 11 0.566971 0.005282 * 9   3   6   5   1  11   0 
9 11 0.676421 0.004138 * 9   3   6   5   2   8  11 
9 11 0.473438 0.002593 * 9   7   4   1  11   0   0 
10 11 0.590664 0.045211 * 10   3   6   4   1  11   0   0 
10 11 0.571018 0.045211 * 10   3   6   5   1  11   0   0 
10 11 0.680467 0.017726 * 10   3   6   5   2   8  11   0 
10 11 0.688682 0.022626 * 10   9   3   6   4   1  11   0 
10 11 0.669036 0.022626 * 10   9   3   6   5   1  11   0 
10 11 0.778486 0.017726 * 10   9   3   6   5   2   8  11 
10 11 0.575503 0.011108 * 10   9   7   4   1  11   0   0 
