2  5  1  0 
0.078386
2   8  11   1 
0.008556
3  6  4  1 
0.007599
3  6  5  1 
0.006107
4  1 
0.009164
5  1 
0.120850
6  4  1 
0.024102
6  5  1 
0.019209
7  4  1 
0.087088
8  11   1 
0.076450
9  3  6  4  1 
0.002408
9  3  6  5  1 
0.002408
9  7  4  1  0 
0.001249
10   3   6   4   1   0 
0.011526
10   3   6   5   1   0 
0.011526
10   9   3   6   4   1 
0.007350
10   9   3   6   5   1 
0.007350
10   9   7   4   1   0 
0.003813
11   1 
0.496704
1  5  2  0 
0.037034
1  11   8   2 
0.037034
3  6  5  2 
0.038635
4  1  5  2  0 
0.017893
4   1  11   8   2 
0.017893
4  6  5  2  0 
0.006476
5  2 
0.100129
6  5  2 
0.070659
7  4  1  5  2  0 
0.036395
7   4   1  11   8   2 
0.036395
7  4  6  5  2  0 
0.014003
7  9  3  6  5  2 
0.008774
8  2 
0.032823
9  3  6  5  2 
0.006885
10   3   6   5   2   0 
0.024832
10   9   3   6   5   2 
0.011735
11   8   2 
0.073331
1  4  6  3  0 
0.009203
1  4  7  9  3 
0.008931
1  5  6  3  0 
0.018254
2  5  6  3 
0.262745
4  6  3  0 
0.014316
4  7  9  3 
0.013894
5  6  3 
0.031026
6  3 
0.080003
7  9  3 
0.044478
8  2  5  6  3  0  0 
0.024231
8  11   1   4   6   3   0 
0.013125
8  11   1   4   7   9   3 
0.013125
8  11   1   5   6   3   0 
0.013125
9  3 
0.056437
10   9   3 
0.021887
10   3   0 
0.046314
11   1   4   6   3   0 
0.020777
11   1   4   7   9   3 
0.020163
11   1   5   6   3   0 
0.041209
1  4 
0.038601
2  5  1  4  0 
0.037118
2  5  6  4  0 
0.091788
2   8  11   1   4 
0.002986
3  6  4  0 
0.006268
3  9  7  4 
0.000753
5  1  4 
0.013136
5  6  4 
0.032484
6  4 
0.020439
7  4 
0.659522
8  11   1   4 
0.032957
9  7  4 
0.007671
10   3   6   4   0 
0.007197
10   3   9   7   4 
0.001430
10   9   7   4   0 
0.002831
11   1   4 
0.063395
1  5 
0.083100
2  5 
0.669854
3  6  5 
0.041369
4  1  5 
0.031659
4  6  5 
0.020927
6  5 
0.046523
7  4  1  5  0 
0.047196
7  4  6  5  0 
0.032731
7  9  3  6  5 
0.018227
8  2  5  0 
0.111959
8  11   1   5 
0.036513
9  3  6  5 
0.011712
10   3   6   5   0 
0.022942
10   9   3   6   5 
0.010842
11   1   5 
0.241594
1  4  6 
0.008319
1  5  6 
0.024804
2  5  6 
0.215846
3  6 
0.019436
4  6 
0.015648
5  6 
0.063682
7  4  6  0 
0.008017
7  9  3  6 
0.007780
8  2  5  6  0 
0.021587
8  11   1   4   6 
0.009401
8  11   1   5   6 
0.009401
9  3  6 
0.004554
10   3   6   0 
0.017060
10   9   3   6 
0.008063
11   1   4   6 
0.023016
11   1   5   6 
0.068623
1  4  7 
0.091760
2  5  1  4  7  0 
0.190948
2  5  6  3  9  7 
0.058842
2  5  6  4  7  0 
0.490090
2   8  11   1   4   7 
0.016186
3  9  7 
0.019483
4  7 
0.059348
5  1  4  7  0 
0.054569
5  6  3  9  7 
0.016816
5  6  4  7  0 
0.140057
6  3  9  7 
0.002826
6  4  7  0 
0.023533
8  11   1   4   7 
0.299853
9  7 
0.021272
10   3   9   7 
0.023563
10   9   7   0 
0.086457
11   1   4   7 
0.276469
1  5  2  8 
0.055780
1  11   8   0 
0.209097
2  8 
0.331166
3  6  5  2  8 
0.090640
4  1  5  2  8 
0.040230
4   1  11   8   0 
0.123600
4  6  5  2  8 
0.017205
5  2  8 
0.385228
6  5  2  8 
0.087508
7  4  1  5  2  8 
0.070250
7   4   1  11   8   0 
0.165390
7  4  6  5  2  8 
0.030044
9  3  6  5  2  8  0 
0.002481
9  7  4  1  5  2  8 
0.012509
9   7   4   1  11   8   0 
0.012509
9  7  4  6  5  2  8 
0.007950
10   3   6   5   2   8   0   0 
0.013120
10   9   3   6   5   2   8   0 
0.008590
10   9   7   4   1   5   2   8 
0.037466
10   9   7   4   1  11   8   0 
0.037466
10   9   7   4   6   5   2   8 
0.027531
11   8 
0.392390
1  4  6  3  9 
0.000871
1  4  7  9  0 
0.006563
2  5  1  4  6  3  9 
0.003666
2  5  1  4  7  9  0 
0.016912
2  5  6  3  9  0  0 
0.009366
3  9 
0.026452
4  6  3  9 
0.000314
4  7  9  0 
0.002365
5  1  4  6  3  9 
0.003274
5  1  4  7  9  0 
0.019079
5  6  3  9  0  0 
0.008363
6  3  9 
0.002384
7  9 
0.027779
8  2  5  1  4  6  3  9 
0.002749
8  2  5  1  4  7  9  0 
0.002749
8  2  5  6  3  9  0  0 
0.002749
8  11   1   4   6   3   9   0 
0.000782
8  11   1   4   7   9   0   0 
0.000782
10   3   9 
0.002363
10   9   0 
0.008672
11   1   4   6   3   9 
0.003961
11   1   4   7   9   0 
0.005805
1   4   6   3   9  10 
0.011277
1   4   6   3  10   0 
0.011277
1   4   7   9  10   0 
0.014207
1   5   6   3   9  10 
0.030946
1   5   6   3  10   0 
0.030946
2   5   6   3   9  10 
0.093427
2   5   6   3  10   0 
0.385452
3   9  10 
0.003296
3  10   0 
0.016416
4   6   3   9  10 
0.002375
4   6   3  10   0 
0.002375
4   7   9  10   0 
0.002992
5   6   3   9  10 
0.008524
5   6   3  10   0 
0.042453
6   3   9  10 
0.003565
6   3  10   0 
0.017754
7   9  10 
0.093209
8   2   5   6   3   9  10   0 
0.027858
8   2   5   6   3  10   0   0 
0.027858
8  11   1   4   6   3   9  10 
0.014266
8  11   1   4   6   3  10   0 
0.014266
8  11   1   4   7   9  10   0 
0.015971
8  11   1   5   6   3   9  10 
0.015971
8  11   1   5   6   3  10   0 
0.015971
9  10 
0.022543
11   1   4   6   3   9  10 
0.007295
11   1   4   6   3  10   0 
0.007295
11   1   4   7   9  10   0 
0.009191
11   1   5   6   3   9  10 
0.018463
11   1   5   6   3  10   0 
0.018463
1  11 
0.598076
2   8  11 
0.355581
3   6   4   1  11   0 
0.102243
3   6   5   1  11   0 
0.090383
3   6   5   2   8  11 
0.021208
4   1  11 
0.053358
5   1  11   0 
0.249228
5   2   8  11 
0.027205
6   4   1  11   0 
0.035384
6   5   1  11   0 
0.031280
6   5   2   8  11 
0.007340
7   4   1  11 
0.292164
8  11 
0.743409
9   3   6   4   1  11   0 
0.004510
9   3   6   5   1  11   0 
0.004510
9   3   6   5   2   8  11 
0.004127
9   7   4   1  11   0   0 
0.002231
10   3   6   4   1  11   0   0 
0.032411
10   3   6   5   1  11   0   0 
0.032411
10   3   6   5   2   8  11   0 
0.017543
10   9   3   6   4   1  11   0 
0.019169
10   9   3   6   5   1  11   0 
0.019169
10   9   3   6   5   2   8  11 
0.017543
10   9   7   4   1  11   0   0 
0.009485
