2 1 0.243134 0.088113 * 2  5  1  0 
2 1 0.360202 0.010824 * 2   8  11   1 
3 1 0.359984 0.017618 * 3  6  4  1 
3 1 0.334029 0.012492 * 3  6  5  1 
4 1 0.127565 0.083712 * 4  1 
5 1 0.108645 0.101644 * 5  1 
6 1 0.246458 0.018389 * 6  4  1 
6 1 0.220503 0.013038 * 6  5  1 
7 1 0.248335 0.106270 * 7  4  1 
8 1 0.241980 0.094319 * 8  11   1 
9 1 0.463331 0.007954 * 9  3  6  4  1 
9 1 0.437375 0.007954 * 9  3  6  5  1 
9 1 0.351784 0.004617 * 9  7  4  1  0 
10 1 0.466747 0.012615 * 10   3   6   4   1   0 
10 1 0.440791 0.012615 * 10   3   6   5   1   0 
10 1 0.565275 0.006414 * 10   9   3   6   4   1 
10 1 0.539320 0.006414 * 10   9   3   6   5   1 
10 1 0.453729 0.005638 * 10   9   7   4   1   0 
11 1 0.119632 0.402494 * 11   1 
1 2 0.227430 0.055462 * 1  5  2  0 
1 2 0.359011 0.055462 * 1  11   8   2 
3 2 0.341928 0.085240 * 3  6  5  2 
4 2 0.354995 0.013060 * 4  1  5  2  0 
4 2 0.486576 0.013060 * 4   1  11   8   2 
4 2 0.330350 0.004844 * 4  6  5  2  0 
5 2 0.116544 0.137125 * 5  2 
6 2 0.228402 0.059605 * 6  5  2 
7 2 0.475765 0.064476 * 7  4  1  5  2  0 
7 2 0.607346 0.064476 * 7   4   1  11   8   2 
7 2 0.451120 0.023916 * 7  4  6  5  2  0 
7 2 0.548893 0.010526 * 7  9  3  6  5  2 
8 2 0.104828 0.029565 * 8  2 
9 2 0.445275 0.012852 * 9  3  6  5  2 
10 2 0.448691 0.035646 * 10   3   6   5   2   0 
10 2 0.547219 0.011468 * 10   9   3   6   5   2 
11 2 0.219368 0.100307 * 11   8   2 
1 3 0.329562 0.012720 * 1  4  6  3  0 
1 3 0.445532 0.006804 * 1  4  7  9  3 
1 3 0.353645 0.021820 * 1  5  6  3  0 
2 3 0.377248 0.201567 * 2  5  6  3 
4 3 0.215767 0.018251 * 4  6  3  0 
4 3 0.331738 0.009763 * 4  7  9  3 
5 3 0.242759 0.045382 * 5  6  3 
6 3 0.113820 0.062325 * 6  3 
7 3 0.206965 0.129536 * 7  9  3 
8 3 0.482076 0.017466 * 8  2  5  6  3  0  0 
8 3 0.571541 0.010679 * 8  11   1   4   6   3   0 
8 3 0.687512 0.010679 * 8  11   1   4   7   9   3 
8 3 0.595625 0.010679 * 8  11   1   5   6   3   0 
9 3 0.103347 0.088814 * 9  3 
10 3 0.205291 0.021202 * 10   9   3 
10 3 0.106763 0.065901 * 10   3   0 
11 3 0.449193 0.032047 * 11   1   4   6   3   0 
11 3 0.565164 0.017143 * 11   1   4   7   9   3 
11 3 0.473277 0.054972 * 11   1   5   6   3   0 
1 4 0.113794 0.033565 * 1  4 
2 4 0.356928 0.039546 * 2  5  1  4  0 
2 4 0.382321 0.095105 * 2  5  6  4  0 
2 4 0.473996 0.003748 * 2   8  11   1   4 
3 4 0.232418 0.013180 * 3  6  4  0 
3 4 0.325804 0.001197 * 3  9  7  4 
5 4 0.222439 0.011621 * 5  1  4 
5 4 0.247832 0.027948 * 5  6  4 
6 4 0.118893 0.020843 * 6  4 
7 4 0.120770 0.379485 * 7  4 
8 4 0.355774 0.037613 * 8  11   1   4 
9 4 0.224219 0.019176 * 9  7  4 
10 4 0.339181 0.021793 * 10   3   6   4   0 
10 4 0.432567 0.002900 * 10   3   9   7   4 
10 4 0.326163 0.006376 * 10   9   7   4   0 
11 4 0.233426 0.028385 * 11   1   4 
1 5 0.110886 0.069109 * 1  5 
2 5 0.134489 0.578266 * 2  5 
3 5 0.225384 0.044393 * 3  6  5 
4 5 0.238451 0.022591 * 4  1  5 
4 5 0.213806 0.015529 * 4  6  5 
6 5 0.111858 0.065452 * 6  5 
7 5 0.359221 0.054272 * 7  4  1  5  0 
7 5 0.334576 0.037308 * 7  4  6  5  0 
7 5 0.432349 0.013856 * 7  9  3  6  5 
8 5 0.239317 0.083943 * 8  2  5  0 
8 5 0.352865 0.031705 * 8  11   1   5 
9 5 0.328730 0.030771 * 9  3  6  5 
10 5 0.332147 0.038686 * 10   3   6   5   0 
10 5 0.430675 0.012447 * 10   9   3   6   5 
11 5 0.230517 0.180490 * 11   1   5 
1 6 0.215742 0.006745 * 1  4  6 
1 6 0.239825 0.016731 * 1  5  6 
2 6 0.263429 0.210605 * 2  5  6 
3 6 0.113526 0.052361 * 3  6 
4 6 0.101948 0.020948 * 4  6 
5 6 0.128940 0.059123 * 5  6 
7 6 0.222718 0.043203 * 7  4  6  0 
7 6 0.320491 0.023110 * 7  9  3  6 
8 6 0.368257 0.033384 * 8  2  5  6  0 
8 6 0.457722 0.017692 * 8  11   1   4   6 
8 6 0.481805 0.017692 * 8  11   1   5   6 
9 6 0.216873 0.005888 * 9  3  6 
10 6 0.220289 0.018646 * 10   3   6   0 
10 6 0.318817 0.005999 * 10   9   3   6 
11 6 0.335374 0.017448 * 11   1   4   6 
11 6 0.359457 0.043280 * 11   1   5   6 
1 7 0.238567 0.078231 * 1  4  7 
2 7 0.481701 0.172189 * 2  5  1  4  7  0 
2 7 0.582283 0.042253 * 2  5  6  3  9  7 
2 7 0.507094 0.430130 * 2  5  6  4  7  0 
2 7 0.598769 0.014583 * 2   8  11   1   4   7 
3 7 0.205034 0.040470 * 3  9  7 
4 7 0.124773 0.179526 * 4  7 
5 7 0.347212 0.074238 * 5  1  4  7  0 
5 7 0.447794 0.018217 * 5  6  3  9  7 
5 7 0.372605 0.194752 * 5  6  4  7  0 
6 7 0.318854 0.006890 * 6  3  9  7 
6 7 0.243665 0.075867 * 6  4  7  0 
8 7 0.480547 0.321325 * 8  11   1   4   7 
9 7 0.103449 0.036204 * 9  7 
10 7 0.311797 0.039589 * 10   3   9   7 
10 7 0.205393 0.139123 * 10   9   7   0 
11 7 0.358199 0.348995 * 11   1   4   7 
1 8 0.345652 0.032301 * 1  5  2  8 
1 8 0.254183 0.140071 * 1  11   8   0 
2 8 0.118222 0.358914 * 2  8 
3 8 0.460150 0.108304 * 3  6  5  2  8 
4 8 0.473217 0.035453 * 4  1  5  2  8 
4 8 0.381749 0.150976 * 4   1  11   8   0 
4 8 0.448572 0.019448 * 4  6  5  2  8 
5 8 0.234766 0.297002 * 5  2  8 
6 8 0.346624 0.161832 * 6  5  2  8 
7 8 0.593987 0.084145 * 7  4  1  5  2  8 
7 8 0.502519 0.296151 * 7   4   1  11   8   0 
7 8 0.569342 0.046158 * 7  4  6  5  2  8 
9 8 0.563497 0.003332 * 9  3  6  5  2  8  0 
9 8 0.697436 0.019910 * 9  7  4  1  5  2  8 
9 8 0.605968 0.019910 * 9   7   4   1  11   8   0 
9 8 0.672791 0.012809 * 9  7  4  6  5  2  8 
10 8 0.566913 0.018907 * 10   3   6   5   2   8   0   0 
10 8 0.665441 0.009381 * 10   9   3   6   5   2   8   0 
10 8 0.799381 0.042428 * 10   9   7   4   1   5   2   8 
10 8 0.707912 0.042428 * 10   9   7   4   1  11   8   0 
10 8 0.774735 0.036059 * 10   9   7   4   6   5   2   8 
11 8 0.114540 0.364437 * 11   8 
1 9 0.431147 0.000599 * 1  4  6  3  9 
1 9 0.342185 0.003497 * 1  4  7  9  0 
2 9 0.674281 0.004395 * 2  5  1  4  6  3  9 
2 9 0.585319 0.015877 * 2  5  1  4  7  9  0 
2 9 0.478834 0.008118 * 2  5  6  3  9  0  0 
3 9 0.101585 0.055803 * 3  9 
4 9 0.317353 0.001109 * 4  6  3  9 
4 9 0.228391 0.006478 * 4  7  9  0 
5 9 0.539792 0.002024 * 5  1  4  6  3  9 
5 9 0.450830 0.007313 * 5  1  4  7  9  0 
5 9 0.344345 0.003739 * 5  6  3  9  0  0 
6 9 0.215405 0.005345 * 6  3  9 
7 9 0.103618 0.056895 * 7  9 
8 9 0.779109 0.003450 * 8  2  5  1  4  6  3  9 
8 9 0.690147 0.003565 * 8  2  5  1  4  7  9  0 
8 9 0.583661 0.003565 * 8  2  5  6  3  9  0  0 
8 9 0.673127 0.001257 * 8  11   1   4   6   3   9   0 
8 9 0.584165 0.001257 * 8  11   1   4   7   9   0   0 
10 9 0.208348 0.002177 * 10   3   9 
10 9 0.101945 0.007652 * 10   9   0 
11 9 0.550779 0.005084 * 11   1   4   6   3   9 
11 9 0.461817 0.010082 * 11   1   4   7   9   0 
1 10 0.532843 0.012647 * 1   4   6   3   9  10 
1 10 0.436561 0.012647 * 1   4   6   3  10   0 
1 10 0.443881 0.014730 * 1   4   7   9  10   0 
1 10 0.556926 0.026662 * 1   5   6   3   9  10 
1 10 0.460644 0.026662 * 1   5   6   3  10   0 
2 10 0.580530 0.078533 * 2   5   6   3   9  10 
2 10 0.484248 0.241091 * 2   5   6   3  10   0 
3 10 0.203281 0.006228 * 3   9  10 
3 10 0.106999 0.025015 * 3  10   0 
4 10 0.419049 0.004532 * 4   6   3   9  10 
4 10 0.322767 0.004532 * 4   6   3  10   0 
4 10 0.330087 0.005279 * 4   7   9  10   0 
5 10 0.446041 0.007812 * 5   6   3   9  10 
5 10 0.349759 0.031375 * 5   6   3  10   0 
6 10 0.317101 0.005225 * 6   3   9  10 
6 10 0.220819 0.020986 * 6   3  10   0 
7 10 0.205314 0.135523 * 7   9  10 
8 10 0.685357 0.015181 * 8   2   5   6   3   9  10   0 
8 10 0.589075 0.015181 * 8   2   5   6   3  10   0   0 
8 10 0.774823 0.010737 * 8  11   1   4   6   3   9  10 
8 10 0.678541 0.010737 * 8  11   1   4   6   3  10   0 
8 10 0.685861 0.010737 * 8  11   1   4   7   9  10   0 
8 10 0.798906 0.010737 * 8  11   1   5   6   3   9  10 
8 10 0.702624 0.010737 * 8  11   1   5   6   3  10   0 
9 10 0.101696 0.031159 * 9  10 
11 10 0.652475 0.006754 * 11   1   4   6   3   9  10 
11 10 0.556193 0.006754 * 11   1   4   6   3  10   0 
11 10 0.563513 0.007866 * 11   1   4   7   9  10   0 
11 10 0.676558 0.012385 * 11   1   5   6   3   9  10 
11 10 0.580276 0.012385 * 11   1   5   6   3  10   0 
1 11 0.139643 0.664051 * 1  11 
2 11 0.240570 0.410099 * 2   8  11 
3 11 0.499627 0.104393 * 3   6   4   1  11   0 
3 11 0.473671 0.083109 * 3   6   5   1  11   0 
3 11 0.582498 0.019567 * 3   6   5   2   8  11 
4 11 0.267208 0.198745 * 4   1  11 
5 11 0.248288 0.224426 * 5   1  11   0 
5 11 0.357114 0.027569 * 5   2   8  11 
6 11 0.386101 0.042397 * 6   4   1  11   0 
6 11 0.360145 0.033754 * 6   5   1  11   0 
6 11 0.468972 0.007947 * 6   5   2   8  11 
7 11 0.387978 0.389162 * 7   4   1  11 
8 11 0.122348 0.961948 * 8  11 
9 11 0.602973 0.010626 * 9   3   6   4   1  11   0 
9 11 0.577018 0.010626 * 9   3   6   5   1  11   0 
9 11 0.685845 0.008231 * 9   3   6   5   2   8  11 
9 11 0.491427 0.005868 * 9   7   4   1  11   0   0 
10 11 0.606390 0.050832 * 10   3   6   4   1  11   0   0 
10 11 0.580434 0.050832 * 10   3   6   5   1  11   0   0 
10 11 0.689261 0.019270 * 10   3   6   5   2   8  11   0 
10 11 0.704918 0.024876 * 10   9   3   6   4   1  11   0 
10 11 0.678963 0.024876 * 10   9   3   6   5   1  11   0 
10 11 0.787789 0.019270 * 10   9   3   6   5   2   8  11 
10 11 0.593372 0.013737 * 10   9   7   4   1  11   0   0 
