2 1 2 0.099439 * 2  5  1 
3 1 3 0.005455 * 3  6  4  1 
3 1 3 0.005455 * 3  6  5  1 
4 1 1 0.008530 * 4  1 
5 1 1 0.086044 * 5  1 
6 1 2 0.007708 * 6  4  1 
6 1 2 0.007708 * 6  5  1 
7 1 2 0.092178 * 7  4  1 
8 1 2 0.074604 * 8  11   1 
9 1 3 0.017770 * 9  7  4  1 
10 1 4 0.014409 * 10   3   6   4   1 
10 1 4 0.014409 * 10   3   6   5   1 
10 1 4 0.014409 * 10   9   7   4   1 
11 1 1 0.486720 * 11   1 
1 2 2 0.096278 * 1  5  2 
3 2 3 0.049133 * 3  6  5  2 
4 2 3 0.033071 * 4  1  5  2 
4 2 3 0.033071 * 4  6  5  2 
5 2 1 0.131414 * 5  2 
6 2 2 0.045839 * 6  5  2 
7 2 4 0.047983 * 7  4  1  5  2 
7 2 4 0.047983 * 7  4  6  5  2 
8 2 1 0.030068 * 8  2 
9 2 4 0.007812 * 9  3  6  5  2 
10 2 4 0.044652 * 10   3   6   5   2 
11 2 2 0.052503 * 11   8   2 
1 3 3 0.022178 * 1  4  6  3 
1 3 3 0.022178 * 1  5  6  3 
2 3 3 0.245635 * 2  5  6  3 
4 3 2 0.032159 * 4  6  3 
5 3 2 0.036412 * 5  6  3 
6 3 1 0.086313 * 6  3 
7 3 2 0.019205 * 7  9  3 
8 3 4 0.069205 * 8  2  5  6  3 
9 3 1 0.056203 * 9  3 
10 3 1 0.083395 * 10   3 
11 3 4 0.038260 * 11   1   4   6   3 
11 3 4 0.038260 * 11   1   5   6   3 
1 4 1 0.026291 * 1  4 
2 4 3 0.081869 * 2  5  1  4 
2 4 3 0.081869 * 2  5  6  4 
3 4 2 0.009694 * 3  6  4 
5 4 2 0.022979 * 5  1  4 
5 4 2 0.022979 * 5  6  4 
6 4 1 0.018411 * 6  4 
7 4 1 0.235610 * 7  4 
8 4 3 0.027624 * 8  11   1   4 
9 4 2 0.007140 * 9  7  4 
10 4 3 0.006263 * 10   3   6   4 
10 4 3 0.006263 * 10   9   7   4 
11 4 2 0.023728 * 11   1   4 
1 5 1 0.061523 * 1  5 
2 5 1 0.698412 * 2  5 
3 5 2 0.075326 * 3  6  5 
4 5 2 0.021050 * 4  1  5 
4 5 2 0.021050 * 4  6  5 
6 5 1 0.044498 * 6  5 
7 5 3 0.053423 * 7  4  1  5 
7 5 3 0.053423 * 7  4  6  5 
8 5 2 0.160166 * 8  2  5 
9 5 3 0.012324 * 9  3  6  5 
10 5 3 0.045783 * 10   3   6   5 
11 5 2 0.160818 * 11   1   5 
1 6 2 0.020078 * 1  4  6 
1 6 2 0.020078 * 1  5  6 
2 6 2 0.225280 * 2  5  6 
3 6 1 0.018105 * 3  6 
4 6 1 0.017023 * 4  6 
5 6 1 0.050488 * 5  6 
7 6 2 0.019790 * 7  4  6 
8 6 3 0.043188 * 8  2  5  6 
9 6 2 0.003334 * 9  3  6 
10 6 2 0.026248 * 10   3   6 
11 6 3 0.046082 * 11   1   4   6 
11 6 3 0.046082 * 11   1   5   6 
1 7 2 0.115210 * 1  4  7 
2 7 4 0.372152 * 2  5  1  4  7 
2 7 4 0.372152 * 2  5  6  4  7 
3 7 2 0.018366 * 3  9  7 
4 7 1 0.040198 * 4  7 
5 7 3 0.099103 * 5  1  4  7 
5 7 3 0.099103 * 5  6  4  7 
6 7 2 0.031373 * 6  4  7 
8 7 4 0.262148 * 8  11   1   4   7 
9 7 1 0.020951 * 9  7 
10 7 2 0.124585 * 10   9   7 
11 7 3 0.270679 * 11   1   4   7 
1 8 2 0.246164 * 1  11   8 
2 8 1 0.330174 * 2  8 
3 8 4 0.086838 * 3  6  5  2  8 
4 8 3 0.189427 * 4   1  11   8 
5 8 2 0.387637 * 5  2  8 
6 8 3 0.090977 * 6  5  2  8 
7 8 4 0.256355 * 7   4   1  11   8 
9 8 5 0.015962 * 9  3  6  5  2  8 
9 8 5 0.015962 * 9   7   4   1  11   8 
10 8 5 0.115451 * 10   3   6   5   2   8 
11 8 1 0.363041 * 11   8 
1 9 3 0.004480 * 1  4  7  9 
2 9 4 0.035800 * 2  5  6  3  9 
3 9 1 0.024476 * 3  9 
4 9 2 0.003134 * 4  7  9 
5 9 3 0.014171 * 5  6  3  9 
6 9 2 0.002320 * 6  3  9 
7 9 1 0.033868 * 7  9 
8 9 5 0.006279 * 8  2  5  6  3  9 
8 9 5 0.006279 * 8  11   1   4   7   9 
10 9 1 0.011313 * 10   9 
11 9 4 0.008295 * 11   1   4   7   9 
1 10 4 0.025461 * 1   4   6   3  10 
1 10 4 0.025461 * 1   4   7   9  10 
1 10 4 0.045161 * 1   5   6   3  10 
2 10 4 0.470054 * 2   5   6   3  10 
3 10 1 0.015281 * 3  10 
4 10 3 0.005677 * 4   6   3  10 
4 10 3 0.005677 * 4   7   9  10 
5 10 3 0.051555 * 5   6   3  10 
6 10 2 0.016158 * 6   3  10 
7 10 2 0.099684 * 7   9  10 
8 10 5 0.118070 * 8   2   5   6   3  10 
9 10 1 0.013801 * 9  10 
11 10 5 0.022544 * 11   1   4   6   3  10 
11 10 5 0.022544 * 11   1   4   7   9  10 
11 10 5 0.036795 * 11   1   5   6   3  10 
1 11 1 0.494093 * 1  11 
2 11 2 0.312197 * 2   8  11 
3 11 4 0.104150 * 3   6   4   1  11 
3 11 4 0.104150 * 3   6   5   1  11 
4 11 2 0.083779 * 4   1  11 
5 11 2 0.285438 * 5   1  11 
6 11 3 0.043092 * 6   4   1  11 
6 11 3 0.043092 * 6   5   1  11 
7 11 3 0.317898 * 7   4   1  11 
8 11 1 0.638210 * 8  11 
9 11 4 0.013795 * 9   7   4   1  11 
10 11 5 0.055847 * 10   3   6   4   1  11 
10 11 5 0.055847 * 10   3   6   5   1  11 
10 11 5 0.055847 * 10   9   7   4   1  11 
