2  5  1  0 
0.059680
2   8  11   1 
0.007580
3  6  4  1 
0.009534
3  6  5  1 
0.007933
4  1 
0.013679
5  1 
0.087648
6  4  1 
0.006627
6  5  1 
0.005514
7  4  1 
0.109002
8  11   1 
0.082229
9  3  6  4  1 
0.008158
9  3  6  5  1 
0.008158
9  7  4  1  0 
0.006762
10   3   6   4   1   0 
0.012965
10   3   6   5   1   0 
0.012965
10   9   3   6   4   1 
0.007746
10   9   3   6   5   1 
0.007746
10   9   7   4   1   0 
0.007746
11   1 
0.728828
1  5  2  0 
0.033458
1  11   8   2 
0.033458
3  6  5  2 
0.083480
4  1  5  2  0 
0.062147
4   1  11   8   2 
0.062147
4  6  5  2  0 
0.031085
5  2 
0.084139
6  5  2 
0.039971
7  4  1  5  2  0 
0.219044
7   4   1  11   8   2 
0.219044
7  4  6  5  2  0 
0.109561
7  9  3  6  5  2 
0.049163
8  2 
0.023036
9  3  6  5  2 
0.017279
10   3   6   5   2   0 
0.031454
10   9   3   6   5   2 
0.010276
11   8   2 
0.042498
1  4  6  3  0 
0.009035
1  4  7  9  3 
0.006014
1  5  6  3  0 
0.020769
2  5  6  3 
0.267245
4  6  3  0 
0.014786
4  7  9  3 
0.008583
5  6  3 
0.036896
6  3 
0.018309
7  9  3 
0.020926
8  2  5  6  3  0  0 
0.018806
8  11   1   4   6   3   0 
0.010121
8  11   1   4   7   9   3 
0.010121
8  11   1   5   6   3   0 
0.010121
9  3 
0.044056
10   9   3 
0.009667
10   3   0 
0.029592
11   1   4   6   3   0 
0.011256
11   1   4   7   9   3 
0.007492
11   1   5   6   3   0 
0.023114
1  4 
0.024854
2  5  1  4  0 
0.044008
2  5  6  4  0 
0.108142
2   8  11   1   4 
0.004232
3  6  4  0 
0.010804
3  9  7  4 
0.001250
5  1  4 
0.013989
5  6  4 
0.034376
6  4 
0.006052
7  4 
0.232847
8  11   1   4 
0.032420
9  7  4 
0.004789
10   3   6   4   0 
0.008714
10   3   9   7   4 
0.001984
10   9   7   4   0 
0.003874
11   1   4 
0.015426
1  5 
0.068935
2  5 
0.592097
3  6  5 
0.032517
4  1  5 
0.017903
4  6  5 
0.010076
6  5 
0.068248
7  4  1  5  0 
0.039651
7  4  6  5  0 
0.022316
7  9  3  6  5 
0.008763
8  2  5  0 
0.093092
8  11   1   5 
0.034914
9  3  6  5 
0.041691
10   3   6   5   0 
0.028925
10   9   3   6   5 
0.009449
11   1   5 
0.138538
1  4  6 
0.008450
1  5  6 
0.030699
2  5  6 
0.194824
3  6 
0.017289
4  6 
0.033314
5  6 
0.069366
7  4  6  0 
0.017287
7  9  3  6 
0.010034
8  2  5  6  0 
0.020386
8  11   1   4   6 
0.009750
8  11   1   5   6 
0.009750
9  3  6 
0.002514
10   3   6   0 
0.018776
10   9   3   6 
0.006134
11   1   4   6 
0.017421
11   1   5   6 
0.055409
1  4  7 
0.092704
2  5  1  4  7  0 
0.196939
2  5  6  3  9  7 
0.058848
2  5  6  4  7  0 
0.508509
2   8  11   1   4   7 
0.019413
3  9  7 
0.022102
4  7 
0.035257
5  1  4  7  0 
0.056349
5  6  3  9  7 
0.016838
5  6  4  7  0 
0.145498
6  3  9  7 
0.003767
6  4  7  0 
0.032554
8  11   1   4   7 
0.291445
9  7 
0.028955
10   3   9   7 
0.028068
10   9   7   0 
0.120318
11   1   4   7 
0.261749
1  5  2  8 
0.042329
1  11   8   0 
0.150210
2  8 
0.310728
3  6  5  2  8 
0.074109
4  1  5  2  8 
0.039490
4   1  11   8   0 
0.129785
4  6  5  2  8 
0.016059
5  2  8 
0.280656
6  5  2  8 
0.099516
7  4  1  5  2  8 
0.070066
7   4   1  11   8   0 
0.173643
7  4  6  5  2  8 
0.028492
9  3  6  5  2  8  0 
0.001410
9  7  4  1  5  2  8 
0.010942
9   7   4   1  11   8   0 
0.010942
9  7  4  6  5  2  8 
0.006412
10   3   6   5   2   8   0   0 
0.013261
10   9   3   6   5   2   8   0 
0.005765
10   9   7   4   1   5   2   8 
0.037958
10   9   7   4   1  11   8   0 
0.037958
10   9   7   4   6   5   2   8 
0.026223
11   8 
0.262697
1  4  6  3  9 
0.000599
1  4  7  9  0 
0.004566
2  5  1  4  6  3  9 
0.005732
2  5  1  4  7  9  0 
0.036408
2  5  6  3  9  0  0 
0.018449
3  9 
0.040666
4  6  3  9 
0.000762
4  7  9  0 
0.005804
5  1  4  6  3  9 
0.001621
5  1  4  7  9  0 
0.010296
5  6  3  9  0  0 
0.005217
6  3  9 
0.001810
7  9 
0.043308
8  2  5  1  4  6  3  9 
0.003516
8  2  5  1  4  7  9  0 
0.004219
8  2  5  6  3  9  0  0 
0.004219
8  11   1   4   6   3   9   0 
0.001262
8  11   1   4   7   9   0   0 
0.001262
10   3   9 
0.002284
10   9   0 
0.009791
11   1   4   6   3   9 
0.002981
11   1   4   7   9   0 
0.002986
1   4   6   3   9  10 
0.008895
1   4   6   3  10   0 
0.008895
1   4   7   9  10   0 
0.012815
1   5   6   3   9  10 
0.027180
1   5   6   3  10   0 
0.027180
2   5   6   3   9  10 
0.096730
2   5   6   3  10   0 
0.354192
3   9  10 
0.003033
3  10   0 
0.013000
4   6   3   9  10 
0.003624
4   6   3  10   0 
0.003624
4   7   9  10   0 
0.005221
5   6   3   9  10 
0.013012
5   6   3  10   0 
0.055779
6   3   9  10 
0.002962
6   3  10   0 
0.012696
7   9  10 
0.100482
8   2   5   6   3   9  10   0 
0.023442
8   2   5   6   3  10   0   0 
0.023442
8  11   1   4   6   3   9  10 
0.010876
8  11   1   4   6   3  10   0 
0.010876
8  11   1   4   7   9  10   0 
0.014698
8  11   1   5   6   3   9  10 
0.014698
8  11   1   5   6   3  10   0 
0.014698
9  10 
0.011893
11   1   4   6   3   9  10 
0.004279
11   1   4   6   3  10   0 
0.004279
11   1   4   7   9  10   0 
0.006164
11   1   5   6   3   9  10 
0.010549
11   1   5   6   3  10   0 
0.010549
1  11 
0.650471
2   8  11 
0.296041
3   6   4   1  11   0 
0.057784
3   6   5   1  11   0 
0.054188
3   6   5   2   8  11 
0.017427
4   1  11 
0.158854
5   1  11   0 
0.268144
5   2   8  11 
0.034058
6   4   1  11   0 
0.022127
6   5   1  11   0 
0.020750
6   5   2   8  11 
0.006673
7   4   1  11 
0.396832
8  11 
0.725556
9   3   6   4   1  11   0 
0.006339
9   3   6   5   1  11   0 
0.006339
9   3   6   5   2   8  11 
0.006339
9   7   4   1  11   0   0 
0.004967
10   3   6   4   1  11   0   0 
0.041195
10   3   6   5   1  11   0   0 
0.041195
10   3   6   5   2   8  11   0 
0.019831
10   9   3   6   4   1  11   0 
0.018543
10   9   3   6   5   1  11   0 
0.018543
10   9   3   6   5   2   8  11 
0.018543
10   9   7   4   1  11   0   0 
0.014531
