2 1 0.254069 0.090333 * 2  5  1  0 
2 1 0.355239 0.010250 * 2   8  11   1 
3 1 0.351959 0.013162 * 3  6  4  1 
3 1 0.329176 0.010116 * 3  6  5  1 
4 1 0.123819 0.014692 * 4  1 
5 1 0.109592 0.116219 * 5  1 
6 1 0.242119 0.018548 * 6  4  1 
6 1 0.219336 0.014255 * 6  5  1 
7 1 0.243064 0.084485 * 7  4  1 
8 1 0.239100 0.086836 * 8  11   1 
9 1 0.453264 0.002281 * 9  3  6  4  1 
9 1 0.430481 0.002281 * 9  3  6  5  1 
9 1 0.344813 0.001917 * 9  7  4  1  0 
10 1 0.457098 0.010990 * 10   3   6   4   1   0 
10 1 0.434315 0.010990 * 10   3   6   5   1   0 
10 1 0.554452 0.005187 * 10   9   3   6   4   1 
10 1 0.531669 0.005187 * 10   9   3   6   5   1 
10 1 0.446001 0.004360 * 10   9   7   4   1   0 
11 1 0.121543 0.495730 * 11   1 
1 2 0.238023 0.036667 * 1  5  2  0 
1 2 0.350038 0.036667 * 1  11   8   2 
3 2 0.340319 0.043995 * 3  6  5  2 
4 2 0.361842 0.018563 * 4  1  5  2  0 
4 2 0.473857 0.018563 * 4   1  11   8   2 
4 2 0.332491 0.008423 * 4  6  5  2  0 
5 2 0.120735 0.117772 * 5  2 
6 2 0.230479 0.072998 * 6  5  2 
7 2 0.481086 0.227066 * 7  4  1  5  2  0 
7 2 0.593101 0.227066 * 7   4   1  11   8   2 
7 2 0.451736 0.103024 * 7  4  6  5  2  0 
7 2 0.543396 0.052585 * 7  9  3  6  5  2 
8 2 0.105514 0.043032 * 8  2 
9 2 0.441624 0.006364 * 9  3  6  5  2 
10 2 0.445458 0.025695 * 10   3   6   5   2   0 
10 2 0.542813 0.008215 * 10   9   3   6   5   2 
11 2 0.218549 0.075889 * 11   8   2 
1 3 0.332791 0.011571 * 1  4  6  3  0 
1 3 0.439247 0.006616 * 1  4  7  9  3 
1 3 0.369069 0.024692 * 1  5  6  3  0 
2 3 0.396260 0.283761 * 2  5  6  3 
4 3 0.219171 0.022691 * 4  6  3  0 
4 3 0.325627 0.012546 * 4  7  9  3 
5 3 0.251782 0.038876 * 5  6  3 
6 3 0.117159 0.065794 * 6  3 
7 3 0.203076 0.026460 * 7  9  3 
8 3 0.501774 0.017573 * 8  2  5  6  3  0  0 
8 3 0.571892 0.008226 * 8  11   1   4   6   3   0 
8 3 0.678348 0.008226 * 8  11   1   4   7   9   3 
8 3 0.608170 0.008226 * 8  11   1   5   6   3   0 
9 3 0.101305 0.054137 * 9  3 
10 3 0.202494 0.018594 * 10   9   3 
10 3 0.105139 0.058161 * 10   3   0 
11 3 0.454334 0.033986 * 11   1   4   6   3   0 
11 3 0.560791 0.019431 * 11   1   4   7   9   3 
11 3 0.490613 0.072525 * 11   1   5   6   3   0 
1 4 0.113620 0.037279 * 1  4 
2 4 0.367689 0.046596 * 2  5  1  4  0 
2 4 0.397400 0.105404 * 2  5  6  4  0 
2 4 0.468859 0.004251 * 2   8  11   1   4 
3 4 0.228139 0.031480 * 3  6  4  0 
3 4 0.322156 0.003526 * 3  9  7  4 
5 4 0.223212 0.011285 * 5  1  4 
5 4 0.252923 0.025527 * 5  6  4 
6 4 0.118300 0.025123 * 6  4 
7 4 0.119245 0.224069 * 7  4 
8 4 0.352721 0.034746 * 8  11   1   4 
9 4 0.220994 0.006287 * 9  7  4 
10 4 0.333278 0.005304 * 10   3   6   4   0 
10 4 0.427295 0.003048 * 10   3   9   7   4 
10 4 0.322182 0.002267 * 10   9   7   4   0 
11 4 0.235163 0.066149 * 11   1   4 
1 5 0.117287 0.085177 * 1  5 
2 5 0.144477 0.679269 * 2  5 
3 5 0.219584 0.040631 * 3  6  5 
4 5 0.241106 0.025779 * 4  1  5 
4 5 0.211756 0.013524 * 4  6  5 
6 5 0.109744 0.056269 * 6  5 
7 5 0.360351 0.059651 * 7  4  1  5  0 
7 5 0.331001 0.031294 * 7  4  6  5  0 
7 5 0.422660 0.011893 * 7  9  3  6  5 
8 5 0.249992 0.131711 * 8  2  5  0 
8 5 0.356388 0.041985 * 8  11   1   5 
9 5 0.320889 0.012444 * 9  3  6  5 
10 5 0.324723 0.024167 * 10   3   6   5   0 
10 5 0.422078 0.007726 * 10   9   3   6   5 
11 5 0.238830 0.245818 * 11   1   5 
1 6 0.215632 0.016314 * 1  4  6 
1 6 0.251910 0.054064 * 1  5  6 
2 6 0.279101 0.224188 * 2  5  6 
3 6 0.109840 0.019944 * 3  6 
4 6 0.102012 0.016768 * 4  6 
5 6 0.134623 0.055763 * 5  6 
7 6 0.221257 0.012700 * 7  4  6  0 
7 6 0.312916 0.007022 * 7  9  3  6 
8 6 0.384615 0.025471 * 8  2  5  6  0 
8 6 0.454733 0.010569 * 8  11   1   4   6 
8 6 0.491011 0.010569 * 8  11   1   5   6 
9 6 0.211145 0.004874 * 9  3  6 
10 6 0.214979 0.017915 * 10   3   6   0 
10 6 0.312334 0.005727 * 10   9   3   6 
11 6 0.337175 0.025074 * 11   1   4   6 
11 6 0.373454 0.064262 * 11   1   5   6 
1 7 0.236171 0.094843 * 1  4  7 
2 7 0.490240 0.205202 * 2  5  1  4  7  0 
2 7 0.599171 0.054290 * 2  5  6  3  9  7 
2 7 0.519951 0.484715 * 2  5  6  4  7  0 
2 7 0.591410 0.017769 * 2   8  11   1   4   7 
3 7 0.202912 0.017151 * 3  9  7 
4 7 0.122551 0.094806 * 4  7 
5 7 0.345763 0.063175 * 5  1  4  7  0 
5 7 0.454694 0.016714 * 5  6  3  9  7 
5 7 0.375474 0.149229 * 5  6  4  7  0 
6 7 0.320071 0.003083 * 6  3  9  7 
6 7 0.240851 0.027528 * 6  4  7  0 
8 7 0.475271 0.285788 * 8  11   1   4   7 
9 7 0.101749 0.020883 * 9  7 
10 7 0.308051 0.019699 * 10   3   9   7 
10 7 0.202938 0.083575 * 10   9   7   0 
11 7 0.357714 0.264957 * 11   1   4   7 
1 8 0.354161 0.057830 * 1  5  2  8 
1 8 0.244524 0.211382 * 1  11   8   0 
2 8 0.116138 0.347391 * 2  8 
3 8 0.456457 0.084550 * 3  6  5  2  8 
4 8 0.477980 0.040254 * 4  1  5  2  8 
4 8 0.368343 0.119257 * 4   1  11   8   0 
4 8 0.448630 0.013439 * 4  6  5  2  8 
5 8 0.236874 0.384399 * 5  2  8 
6 8 0.346618 0.096263 * 6  5  2  8 
7 8 0.597224 0.070263 * 7  4  1  5  2  8 
7 8 0.487587 0.155221 * 7   4   1  11   8   0 
7 8 0.567874 0.023459 * 7  4  6  5  2  8 
9 8 0.557762 0.001202 * 9  3  6  5  2  8  0 
9 8 0.698973 0.009258 * 9  7  4  1  5  2  8 
9 8 0.589336 0.009258 * 9   7   4   1  11   8   0 
9 8 0.669623 0.004800 * 9  7  4  6  5  2  8 
10 8 0.561596 0.014442 * 10   3   6   5   2   8   0   0 
10 8 0.658951 0.005858 * 10   9   3   6   5   2   8   0 
10 8 0.800162 0.040165 * 10   9   7   4   1   5   2   8 
10 8 0.690525 0.040165 * 10   9   7   4   1  11   8   0 
10 8 0.770812 0.023383 * 10   9   7   4   6   5   2   8 
11 8 0.113035 0.386125 * 11   8 
1 9 0.433954 0.001019 * 1  4  6  3  9 
1 9 0.337942 0.007474 * 1  4  7  9  0 
2 9 0.688023 0.003587 * 2  5  1  4  6  3  9 
2 9 0.592012 0.019182 * 2  5  1  4  7  9  0 
2 9 0.497422 0.009920 * 2  5  6  3  9  0  0 
3 9 0.101163 0.017316 * 3  9 
4 9 0.320334 0.000314 * 4  6  3  9 
4 9 0.224322 0.002303 * 4  7  9  0 
5 9 0.543546 0.001829 * 5  1  4  6  3  9 
5 9 0.447534 0.009781 * 5  1  4  7  9  0 
5 9 0.352945 0.005058 * 5  6  3  9  0  0 
6 9 0.218322 0.002646 * 6  3  9 
7 9 0.101771 0.032638 * 7  9 
8 9 0.793537 0.003854 * 8  2  5  1  4  6  3  9 
8 9 0.697526 0.009868 * 8  2  5  1  4  7  9  0 
8 9 0.602937 0.009868 * 8  2  5  6  3  9  0  0 
8 9 0.673054 0.002698 * 8  11   1   4   6   3   9   0 
8 9 0.577043 0.002698 * 8  11   1   4   7   9   0   0 
10 9 0.206302 0.002642 * 10   3   9 
10 9 0.101189 0.011208 * 10   9   0 
11 9 0.555497 0.003376 * 11   1   4   6   3   9 
11 9 0.459485 0.005878 * 11   1   4   7   9   0 
1 10 0.535100 0.010433 * 1   4   6   3   9  10 
1 10 0.441312 0.010433 * 1   4   6   3  10   0 
1 10 0.439089 0.014602 * 1   4   7   9  10   0 
1 10 0.571378 0.030728 * 1   5   6   3   9  10 
1 10 0.477590 0.030728 * 1   5   6   3  10   0 
2 10 0.598569 0.097022 * 2   5   6   3   9  10 
2 10 0.504780 0.346390 * 2   5   6   3  10   0 
3 10 0.202309 0.003217 * 3   9  10 
3 10 0.108521 0.013651 * 3  10   0 
4 10 0.421480 0.003066 * 4   6   3   9  10 
4 10 0.327692 0.003066 * 4   6   3  10   0 
4 10 0.325468 0.004292 * 4   7   9  10   0 
5 10 0.454091 0.010144 * 5   6   3   9  10 
5 10 0.360303 0.043036 * 5   6   3  10   0 
6 10 0.319468 0.003474 * 6   3   9  10 
6 10 0.225680 0.014740 * 6   3  10   0 
7 10 0.202918 0.075493 * 7   9  10 
8 10 0.704083 0.024391 * 8   2   5   6   3   9  10   0 
8 10 0.610295 0.024391 * 8   2   5   6   3  10   0   0 
8 10 0.774201 0.012869 * 8  11   1   4   6   3   9  10 
8 10 0.680413 0.012869 * 8  11   1   4   6   3  10   0 
8 10 0.678189 0.013405 * 8  11   1   4   7   9  10   0 
8 10 0.810479 0.013405 * 8  11   1   5   6   3   9  10 
8 10 0.716691 0.013405 * 8  11   1   5   6   3  10   0 
9 10 0.101146 0.022138 * 9  10 
11 10 0.656643 0.007071 * 11   1   4   6   3   9  10 
11 10 0.562855 0.007071 * 11   1   4   6   3  10   0 
11 10 0.560632 0.009897 * 11   1   4   7   9  10   0 
11 10 0.692921 0.018365 * 11   1   5   6   3   9  10 
11 10 0.599133 0.018365 * 11   1   5   6   3  10   0 
1 11 0.131489 0.595191 * 1  11 
2 11 0.233695 0.328393 * 2   8  11 
3 11 0.483447 0.090818 * 3   6   4   1  11   0 
3 11 0.460664 0.077718 * 3   6   5   1  11   0 
3 11 0.574015 0.020305 * 3   6   5   2   8  11 
4 11 0.255308 0.056346 * 4   1  11 
5 11 0.241081 0.274031 * 5   1  11   0 
5 11 0.354431 0.031095 * 5   2   8  11 
6 11 0.373608 0.046751 * 6   4   1  11   0 
6 11 0.350825 0.040007 * 6   5   1  11   0 
6 11 0.464175 0.010453 * 6   5   2   8  11 
7 11 0.374552 0.291410 * 7   4   1  11 
8 11 0.117557 0.751402 * 8  11 
9 11 0.584752 0.004570 * 9   3   6   4   1  11   0 
9 11 0.561969 0.004570 * 9   3   6   5   1  11   0 
9 11 0.675320 0.004570 * 9   3   6   5   2   8  11 
9 11 0.476301 0.003660 * 9   7   4   1  11   0   0 
10 11 0.588586 0.036908 * 10   3   6   4   1  11   0   0 
10 11 0.565803 0.036908 * 10   3   6   5   1  11   0   0 
10 11 0.679154 0.019485 * 10   3   6   5   2   8  11   0 
10 11 0.685941 0.015486 * 10   9   3   6   4   1  11   0 
10 11 0.663158 0.015486 * 10   9   3   6   5   1  11   0 
10 11 0.776508 0.015486 * 10   9   3   6   5   2   8  11 
10 11 0.577490 0.012404 * 10   9   7   4   1  11   0   0 
