2  5  1 
0.157787
3  6  4  1 
0.023140
3  6  5  1 
0.023140
4  1 
0.046046
5  1 
0.172880
6  4  1 
0.028939
6  5  1 
0.028939
7  4  1 
0.113172
8  11   1 
0.090044
9  7  4  1 
0.021407
10   3   6   4   1 
0.019758
10   3   6   5   1 
0.019758
10   9   7   4   1 
0.019758
11   1 
0.359294
1  5  2 
0.116341
3  6  5  2 
0.087231
4  1  5  2 
0.033138
4  6  5  2 
0.033138
5  2 
0.163470
6  5  2 
0.062479
7  4  1  5  2 
0.079237
7  4  6  5  2 
0.079237
8  2 
0.039951
9  3  6  5  2 
0.023329
10   3   6   5   2 
0.038430
11   8   2 
0.098386
1  4  6  3 
0.017189
1  5  6  3 
0.017189
2  5  6  3 
0.181521
4  6  3 
0.034246
5  6  3 
0.056191
6  3 
0.061944
7  9  3 
0.135641
8  2  5  6  3 
0.088503
9  3 
0.062467
10   3 
0.087756
11   1   4   6   3 
0.054780
11   1   5   6   3 
0.054780
1  4 
0.032713
2  5  1  4 
0.078656
2  5  6  4 
0.078656
3  6  4 
0.029652
5  1  4 
0.029237
5  6  4 
0.029237
6  4 
0.025455
7  4 
0.070048
8  11   1   4 
0.035934
9  7  4 
0.022336
10   3   6   4 
0.013565
10   9   7   4 
0.013565
11   1   4 
0.041467
1  5 
0.109380
2  5 
0.563657
3  6  5 
0.039691
4  1  5 
0.021329
4  6  5 
0.021329
6  5 
0.094409
7  4  1  5 
0.058632
7  4  6  5 
0.058632
8  2  5 
0.207022
9  3  6  5 
0.030302
10   3   6   5 
0.057920
11   1   5 
0.178677
1  4  6 
0.024886
1  5  6 
0.024886
2  5  6 
0.214073
3  6 
0.056203
4  6 
0.030344
5  6 
0.085064
7  4  6 
0.048335
8  2  5  6 
0.060817
9  3  6 
0.008094
10   3   6 
0.014882
11   1   4   6 
0.036830
11   1   5   6 
0.036830
1  4  7 
0.125472
2  5  1  4  7 
0.290199
2  5  6  4  7 
0.290199
3  9  7 
0.055822
4  7 
0.126178
5  1  4  7 
0.135174
5  6  4  7 
0.135174
6  4  7 
0.075412
8  11   1   4   7 
0.319789
9  7 
0.019721
10   9   7 
0.155870
11   1   4   7 
0.342449
1  11   8 
0.218538
2  8 
0.476645
3  6  5  2  8 
0.098172
4   1  11   8 
0.235443
5  2  8 
0.332556
6  5  2  8 
0.149833
7   4   1  11   8 
0.408562
9  3  6  5  2  8 
0.021532
9   7   4   1  11   8 
0.021532
10   3   6   5   2   8 
0.132993
11   8 
0.429044
1  4  7  9 
0.005618
2  5  6  3  9 
0.031262
3  9 
0.072789
4  7  9 
0.007712
5  6  3  9 
0.018136
6  3  9 
0.009573
7  9 
0.019859
8  2  5  6  3  9 
0.008798
8  11   1   4   7   9 
0.008798
10   9 
0.026806
11   1   4   7   9 
0.015303
1   4   6   3  10 
0.024790
1   4   7   9  10 
0.024790
1   5   6   3  10 
0.038404
2   5   6   3  10 
0.226296
3  10 
0.029559
4   6   3  10 
0.011168
4   7   9  10 
0.011168
5   6   3  10 
0.071299
6   3  10 
0.029539
7   9  10 
0.135772
8   2   5   6   3  10 
0.095877
9  10 
0.031559
11   1   4   6   3  10 
0.019722
11   1   4   7   9  10 
0.019722
11   1   5   6   3  10 
0.026084
1  11 
0.675257
2   8  11 
0.490328
3   6   4   1  11 
0.088392
3   6   5   1  11 
0.088392
4   1  11 
0.100853
5   1  11 
0.295188
6   4   1  11 
0.087670
6   5   1  11 
0.087670
7   4   1  11 
0.464377
8  11 
0.892696
9   7   4   1  11 
0.028036
10   3   6   4   1  11 
0.059027
10   3   6   5   1  11 
0.059027
10   9   7   4   1  11 
0.059027
