2  5  1  0 
0.132238
2   8  11   1 
0.025549
3  6  4  1 
0.013538
3  6  5  1 
0.032741
4  1 
0.046046
5  1 
0.172880
6  4  1 
0.015446
6  5  1 
0.042432
7  4  1 
0.113172
8  11   1 
0.090044
9  3  6  4  1 
0.007265
9  3  6  5  1 
0.007265
9  7  4  1  0 
0.006876
10   3   6   4   1   0 
0.015356
10   3   6   5   1   0 
0.015356
10   9   3   6   4   1 
0.009693
10   9   3   6   5   1 
0.009693
10   9   7   4   1   0 
0.009174
11   1 
0.359294
1  5  2  0 
0.038323
1  11   8   2 
0.078017
3  6  5  2 
0.087231
4  1  5  2  0 
0.018351
4   1  11   8   2 
0.028687
4  6  5  2  0 
0.019238
5  2 
0.163470
6  5  2 
0.062479
7  4  1  5  2  0 
0.041220
7   4   1  11   8   2 
0.064438
7  4  6  5  2  0 
0.043212
7  9  3  6  5  2 
0.009604
8  2 
0.039951
9  3  6  5  2 
0.023329
10   3   6   5   2   0 
0.028951
10   9   3   6   5   2 
0.009479
11   8   2 
0.098386
1  4  6  3  0 
0.019921
1  4  7  9  3 
0.006523
1  5  6  3  0 
0.007934
2  5  6  3 
0.181521
4  6  3  0 
0.025799
4  7  9  3 
0.008447
5  6  3 
0.056191
6  3 
0.061944
7  9  3 
0.135641
8  2  5  6  3  0  0 
0.014825
8  11   1   4   6   3   0 
0.026961
8  11   1   4   7   9   3 
0.021078
8  11   1   5   6   3   0 
0.025638
9  3 
0.062467
10   9   3 
0.021646
10   3   0 
0.066110
11   1   4   6   3   0 
0.063488
11   1   4   7   9   3 
0.020788
11   1   5   6   3   0 
0.025285
1  4 
0.032713
2  5  1  4 
0.115331
2  5  6  4 
0.041981
3  6  4 
0.029652
5  1  4 
0.042870
5  6  4 
0.015605
6  4 
0.025455
7  4 
0.070048
8  2  5  1  4 
0.013148
8  2  5  6  4 
0.013148
8  11   1   4   0 
0.009639
9  3  6  4 
0.004913
9  7  4  0 
0.017424
10   3   6   4   0 
0.008305
10   9   3   6   4 
0.006462
10   9   7   4   0 
0.012363
11   1   4 
0.041467
1  5 
0.109380
2  5 
0.563657
3  6  5 
0.039691
4  1  5 
0.014052
4  6  5 
0.028607
6  5 
0.094409
7  4  1  5  0 
0.033528
7  4  6  5  0 
0.068256
7  9  3  6  5 
0.015481
8  2  5  0 
0.138828
8  11   1   5 
0.068194
9  3  6  5 
0.030302
10   3   6   5   0 
0.043633
10   9   3   6   5 
0.014287
11   1   5 
0.178677
1  4  6 
0.033377
1  5  6 
0.016395
2  5  6 
0.214073
3  6 
0.056203
4  6 
0.030344
5  6 
0.085064
7  4  6  0 
0.036412
7  9  3  6 
0.011922
8  2  5  6  0 
0.015271
8  11   1   4   6 
0.022773
8  11   1   5   6 
0.022773
9  3  6 
0.008094
10   3   6   0 
0.011211
10   9   3   6 
0.003671
11   1   4   6 
0.049396
11   1   5   6 
0.024264
1  4  7 
0.125472
2  5  1  4  7  0 
0.374280
2  5  6  3  9  7 
0.038607
2  5  6  4  7  0 
0.167511
3  9  7 
0.055822
4  7 
0.126178
5  1  4  7  0 
0.174338
5  6  3  9  7 
0.017983
5  6  4  7  0 
0.078026
6  3  9  7 
0.014078
6  4  7  0 
0.061333
8  2  5  1  4  7  0 
0.103740
8  2  5  6  3  9  7 
0.040644
8  2  5  6  4  7  0 
0.103740
8  11   1   4   7   0   0 
0.071665
9  7 
0.019721
10   3   9   7 
0.025725
10   9   7   0 
0.130145
11   1   4   7 
0.342449
1  5  2  8 
0.018942
1  11   8   0 
0.199596
2  8 
0.476645
3  6  5  2  8 
0.098172
4  1  5  2  8 
0.021050
4   1  11   8   0 
0.182236
4  6  5  2  8 
0.032157
5  2  8 
0.332556
6  5  2  8 
0.149833
7  4  1  5  2  8 
0.042512
7   4   1  11   8   0 
0.301107
7  4  6  5  2  8 
0.064944
9  3  6  5  2  8  0 
0.001922
9  7  4  1  5  2  8 
0.009733
9   7   4   1  11   8   0 
0.016542
9  7  4  6  5  2  8 
0.014868
10   3   6   5   2   8   0   0 
0.013136
10   9   3   6   5   2   8   0 
0.006137
10   9   7   4   1   5   2   8 
0.031077
10   9   7   4   1  11   8   0 
0.041321
10   9   7   4   6   5   2   8 
0.041321
11   8 
0.429044
1  4  6  3  9 
0.000888
1  4  7  9  0 
0.004375
1  5  6  3  9 
0.000355
2  5  6  3  9 
0.031262
3  9 
0.072789
4  6  3  9 
0.001273
4  7  9  0 
0.006439
5  6  3  9 
0.018136
6  3  9 
0.009573
7  9 
0.019859
8  2  5  6  3  9  0 
0.001513
8  11   1   4   6   3   9 
0.004412
8  11   1   4   7   9   0 
0.009909
8  11   1   5   6   3   9 
0.001761
10   3   9 
0.004424
10   9   0 
0.022382
11   1   4   6   3   9 
0.002595
11   1   4   7   9   0 
0.011671
11   1   5   6   3   9 
0.001036
1   4   6   3   9  10 
0.020685
1   4   6   3  10   0 
0.024874
1   4   7   9  10   0 
0.020768
1   5   6   3   9  10 
0.010828
1   5   6   3  10   0 
0.010828
2   5   6   3   9  10 
0.058514
2   5   6   3  10   0 
0.167783
3   9  10 
0.004879
3  10   0 
0.024681
4   6   3   9  10 
0.006966
4   6   3  10   0 
0.008377
4   7   9  10   0 
0.006994
5   6   3   9  10 
0.013732
5   6   3  10   0 
0.057567
6   3   9  10 
0.004875
6   3  10   0 
0.024664
7   9  10 
0.135772
8   2   5   6   3   9  10   0 
0.007852
8   2   5   6   3  10   0   0 
0.007852
8  11   1   4   6   3   9  10 
0.018266
8  11   1   4   6   3  10   0 
0.018266
8  11   1   4   7   9  10   0 
0.018266
8  11   1   5   6   3   9  10 
0.012688
8  11   1   5   6   3  10   0 
0.012688
9  10 
0.031559
11   1   4   6   3   9  10 
0.015406
11   1   4   6   3  10   0 
0.018525
11   1   4   7   9  10   0 
0.015468
11   1   5   6   3   9  10 
0.008065
11   1   5   6   3  10   0 
0.008065
1  11 
0.675257
2   8  11 
0.490328
3   6   4   1  11   0 
0.037232
3   6   5   1  11   0 
0.104994
3   6   5   2   8  11 
0.034559
4   1  11 
0.100853
5   1  11   0 
0.247391
5   2   8  11 
0.047797
6   4   1  11   0 
0.033679
6   5   1  11   0 
0.110400
6   5   2   8  11 
0.031261
7   4   1  11 
0.464377
8  11 
0.892696
9   3   6   4   1  11   0 
0.007322
9   3   6   5   1  11   0 
0.007322
9   3   6   5   2   8  11 
0.007322
9   7   4   1  11   0   0 
0.006070
10   3   6   4   1  11   0   0 
0.037018
10   3   6   5   1  11   0   0 
0.037018
10   3   6   5   2   8  11   0 
0.037018
10   9   3   6   4   1  11   0 
0.017244
10   9   3   6   5   1  11   0 
0.017244
10   9   3   6   5   2   8  11 
0.017244
10   9   7   4   1  11   0   0 
0.014296
