2 1 2 0.067237 * 2  5  1 
3 1 3 0.006489 * 3  6  4  1 
3 1 3 0.006489 * 3  6  5  1 
4 1 1 0.011979 * 4  1 
5 1 1 0.095772 * 5  1 
6 1 2 0.013375 * 6  4  1 
6 1 2 0.013375 * 6  5  1 
7 1 2 0.089673 * 7  4  1 
8 1 2 0.064118 * 8  11   1 
9 1 3 0.037374 * 9  7  4  1 
10 1 4 0.015289 * 10   3   6   4   1 
10 1 4 0.015289 * 10   3   6   5   1 
10 1 4 0.015289 * 10   9   7   4   1 
11 1 1 0.499276 * 11   1 
1 2 2 0.065220 * 1  5  2 
3 2 3 0.043926 * 3  6  5  2 
4 2 3 0.017932 * 4  1  5  2 
4 2 3 0.017932 * 4  6  5  2 
5 2 1 0.126615 * 5  2 
6 2 2 0.045885 * 6  5  2 
7 2 4 0.408107 * 7  4  1  5  2 
7 2 4 0.408107 * 7  4  6  5  2 
8 2 1 0.033548 * 8  2 
9 2 4 0.005663 * 9  3  6  5  2 
10 2 4 0.040361 * 10   3   6   5   2 
11 2 2 0.046340 * 11   8   2 
1 3 3 0.018144 * 1  4  6  3 
1 3 3 0.018144 * 1  5  6  3 
2 3 3 0.286072 * 2  5  6  3 
4 3 2 0.031761 * 4  6  3 
5 3 2 0.024222 * 5  6  3 
6 3 1 0.052749 * 6  3 
7 3 2 0.028388 * 7  9  3 
8 3 4 0.071917 * 8  2  5  6  3 
9 3 1 0.051859 * 9  3 
10 3 1 0.065111 * 10   3 
11 3 4 0.038429 * 11   1   4   6   3 
11 3 4 0.038429 * 11   1   5   6   3 
1 4 1 0.032395 * 1  4 
2 4 3 0.072507 * 2  5  1  4 
2 4 3 0.072507 * 2  5  6  4 
3 4 2 0.007628 * 3  6  4 
5 4 2 0.022809 * 5  1  4 
5 4 2 0.022809 * 5  6  4 
6 4 1 0.017421 * 6  4 
7 4 1 0.376798 * 7  4 
8 4 3 0.026655 * 8  11   1   4 
9 4 2 0.010823 * 9  7  4 
10 4 3 0.005248 * 10   3   6   4 
10 4 3 0.005248 * 10   9   7   4 
11 4 2 0.024998 * 11   1   4 
1 5 1 0.060367 * 1  5 
2 5 1 0.654411 * 2  5 
3 5 2 0.033962 * 3  6  5 
4 5 2 0.017828 * 4  1  5 
4 5 2 0.017828 * 4  6  5 
6 5 1 0.047869 * 6  5 
7 5 3 0.042225 * 7  4  1  5 
7 5 3 0.042225 * 7  4  6  5 
8 5 2 0.167492 * 8  2  5 
9 5 3 0.033428 * 9  3  6  5 
10 5 3 0.044775 * 10   3   6   5 
11 5 2 0.116392 * 11   1   5 
1 6 2 0.014872 * 1  4  6 
1 6 2 0.014872 * 1  5  6 
2 6 2 0.222134 * 2  5  6 
3 6 1 0.015678 * 3  6 
4 6 1 0.016442 * 4  6 
5 6 1 0.051352 * 5  6 
7 6 2 0.020500 * 7  4  6 
8 6 3 0.036573 * 8  2  5  6 
9 6 2 0.002950 * 9  3  6 
10 6 2 0.025691 * 10   3   6 
11 6 3 0.041963 * 11   1   4   6 
11 6 3 0.041963 * 11   1   5   6 
1 7 2 0.071322 * 1  4  7 
2 7 4 0.363822 * 2  5  1  4  7 
2 7 4 0.363822 * 2  5  6  4  7 
3 7 2 0.016503 * 3  9  7 
4 7 1 0.144252 * 4  7 
5 7 3 0.088610 * 5  1  4  7 
5 7 3 0.088610 * 5  6  4  7 
6 7 2 0.030282 * 6  4  7 
8 7 4 0.255892 * 8  11   1   4   7 
9 7 1 0.021079 * 9  7 
10 7 2 0.118391 * 10   9   7 
11 7 3 0.307169 * 11   1   4   7 
1 8 2 0.220024 * 1  11   8 
2 8 1 0.320709 * 2  8 
3 8 4 0.087382 * 3  6  5  2  8 
4 8 3 0.186283 * 4   1  11   8 
5 8 2 0.314120 * 5  2  8 
6 8 3 0.103950 * 6  5  2  8 
7 8 4 0.244916 * 7   4   1  11   8 
9 8 5 0.010586 * 9  3  6  5  2  8 
9 8 5 0.010586 * 9   7   4   1  11   8 
10 8 5 0.118783 * 10   3   6   5   2   8 
11 8 1 0.344881 * 11   8 
1 9 3 0.004933 * 1  4  7  9 
2 9 4 0.040499 * 2  5  6  3  9 
3 9 1 0.076223 * 3  9 
4 9 2 0.003157 * 4  7  9 
5 9 3 0.016046 * 5  6  3  9 
6 9 2 0.002086 * 6  3  9 
7 9 1 0.030953 * 7  9 
8 9 5 0.010791 * 8  2  5  6  3  9 
8 9 5 0.010791 * 8  11   1   4   7   9 
10 9 1 0.014073 * 10   9 
11 9 4 0.008723 * 11   1   4   7   9 
1 10 4 0.023128 * 1   4   6   3  10 
1 10 4 0.023128 * 1   4   7   9  10 
1 10 4 0.041514 * 1   5   6   3  10 
2 10 4 0.488139 * 2   5   6   3  10 
3 10 1 0.018402 * 3  10 
4 10 3 0.004884 * 4   6   3  10 
4 10 3 0.004884 * 4   7   9  10 
5 10 3 0.049580 * 5   6   3  10 
6 10 2 0.018940 * 6   3  10 
7 10 2 0.095540 * 7   9  10 
8 10 5 0.115320 * 8   2   5   6   3  10 
9 10 1 0.014560 * 9  10 
11 10 5 0.022218 * 11   1   4   6   3  10 
11 10 5 0.022218 * 11   1   4   7   9  10 
11 10 5 0.038832 * 11   1   5   6   3  10 
1 11 1 0.466122 * 1  11 
2 11 2 0.328341 * 2   8  11 
3 11 4 0.067346 * 3   6   4   1  11 
3 11 4 0.067346 * 3   6   5   1  11 
4 11 2 0.092412 * 4   1  11 
5 11 2 0.279476 * 5   1  11 
6 11 3 0.041954 * 6   4   1  11 
6 11 3 0.041954 * 6   5   1  11 
7 11 3 0.319634 * 7   4   1  11 
8 11 1 0.601444 * 8  11 
9 11 4 0.014670 * 9   7   4   1  11 
10 11 5 0.053330 * 10   3   6   4   1  11 
10 11 5 0.053330 * 10   3   6   5   1  11 
10 11 5 0.053330 * 10   9   7   4   1  11 
