2 1 2 0.064790 * 2  5  1 
3 1 3 0.015706 * 3  6  4  1 
3 1 3 0.015706 * 3  6  5  1 
4 1 1 0.011398 * 4  1 
5 1 1 0.108842 * 5  1 
6 1 2 0.007287 * 6  4  1 
6 1 2 0.007287 * 6  5  1 
7 1 2 0.089349 * 7  4  1 
8 1 2 0.075902 * 8  11   1 
9 1 3 0.021880 * 9  7  4  1 
10 1 4 0.014254 * 10   3   6   4   1 
10 1 4 0.014254 * 10   3   6   5   1 
10 1 4 0.014254 * 10   9   7   4   1 
11 1 1 0.428559 * 11   1 
1 2 2 0.055422 * 1  5  2 
3 2 3 0.070276 * 3  6  5  2 
4 2 3 0.077334 * 4  1  5  2 
4 2 3 0.077334 * 4  6  5  2 
5 2 1 0.108095 * 5  2 
6 2 2 0.054400 * 6  5  2 
7 2 4 0.055068 * 7  4  1  5  2 
7 2 4 0.055068 * 7  4  6  5  2 
8 2 1 0.033962 * 8  2 
9 2 4 0.016827 * 9  3  6  5  2 
10 2 4 0.048348 * 10   3   6   5   2 
11 2 2 0.058315 * 11   8   2 
1 3 3 0.014556 * 1  4  6  3 
1 3 3 0.014556 * 1  5  6  3 
2 3 3 0.294908 * 2  5  6  3 
4 3 2 0.026753 * 4  6  3 
5 3 2 0.043018 * 5  6  3 
6 3 1 0.072941 * 6  3 
7 3 2 0.026988 * 7  9  3 
8 3 4 0.069734 * 8  2  5  6  3 
9 3 1 0.066718 * 9  3 
10 3 1 0.074669 * 10   3 
11 3 4 0.027308 * 11   1   4   6   3 
11 3 4 0.027308 * 11   1   5   6   3 
1 4 1 0.025901 * 1  4 
2 4 3 0.089366 * 2  5  1  4 
2 4 3 0.089366 * 2  5  6  4 
3 4 2 0.012423 * 3  6  4 
5 4 2 0.019852 * 5  1  4 
5 4 2 0.019852 * 5  6  4 
6 4 1 0.007323 * 6  4 
7 4 1 0.705184 * 7  4 
8 4 3 0.035059 * 8  11   1   4 
9 4 2 0.005241 * 9  7  4 
10 4 3 0.011173 * 10   3   6   4 
10 4 3 0.011173 * 10   9   7   4 
11 4 2 0.026058 * 11   1   4 
1 5 1 0.071527 * 1  5 
2 5 1 0.647462 * 2  5 
3 5 2 0.041907 * 3  6  5 
4 5 2 0.013768 * 4  1  5 
4 5 2 0.013768 * 4  6  5 
6 5 1 0.089723 * 6  5 
7 5 3 0.046364 * 7  4  1  5 
7 5 3 0.046364 * 7  4  6  5 
8 5 2 0.132116 * 8  2  5 
9 5 3 0.032900 * 9  3  6  5 
10 5 3 0.045950 * 10   3   6   5 
11 5 2 0.161064 * 11   1   5 
1 6 2 0.025789 * 1  4  6 
1 6 2 0.025789 * 1  5  6 
2 6 2 0.179409 * 2  5  6 
3 6 1 0.018399 * 3  6 
4 6 1 0.018388 * 4  6 
5 6 1 0.081069 * 5  6 
7 6 2 0.030394 * 7  4  6 
8 6 3 0.063060 * 8  2  5  6 
9 6 2 0.003764 * 9  3  6 
10 6 2 0.021926 * 10   3   6 
11 6 3 0.027440 * 11   1   4   6 
11 6 3 0.027440 * 11   1   5   6 
1 7 2 0.086527 * 1  4  7 
2 7 4 0.390802 * 2  5  1  4  7 
2 7 4 0.390802 * 2  5  6  4  7 
3 7 2 0.030783 * 3  9  7 
4 7 1 0.059873 * 4  7 
5 7 3 0.093492 * 5  1  4  7 
5 7 3 0.093492 * 5  6  4  7 
6 7 2 0.040920 * 6  4  7 
8 7 4 0.270514 * 8  11   1   4   7 
9 7 1 0.050336 * 9  7 
10 7 2 0.129106 * 10   9   7 
11 7 3 0.376147 * 11   1   4   7 
1 8 2 0.195352 * 1  11   8 
2 8 1 0.355095 * 2  8 
3 8 4 0.074487 * 3  6  5  2  8 
4 8 3 0.184854 * 4   1  11   8 
5 8 2 0.288611 * 5  2  8 
6 8 3 0.099736 * 6  5  2  8 
7 8 4 0.368124 * 7   4   1  11   8 
9 8 5 0.017661 * 9  3  6  5  2  8 
9 8 5 0.017661 * 9   7   4   1  11   8 
10 8 5 0.159618 * 10   3   6   5   2   8 
11 8 1 0.331247 * 11   8 
1 9 3 0.004585 * 1  4  7  9 
2 9 4 0.054962 * 2  5  6  3  9 
3 9 1 0.078888 * 3  9 
4 9 2 0.005409 * 4  7  9 
5 9 3 0.031842 * 5  6  3  9 
6 9 2 0.002986 * 6  3  9 
7 9 1 0.043349 * 7  9 
8 9 5 0.006599 * 8  2  5  6  3  9 
8 9 5 0.006599 * 8  11   1   4   7   9 
10 9 1 0.015927 * 10   9 
11 9 4 0.006658 * 11   1   4   7   9 
1 10 4 0.022348 * 1   4   6   3  10 
1 10 4 0.022348 * 1   4   7   9  10 
1 10 4 0.038125 * 1   5   6   3  10 
2 10 4 0.395628 * 2   5   6   3  10 
3 10 1 0.023311 * 3  10 
4 10 3 0.005215 * 4   6   3  10 
4 10 3 0.005215 * 4   7   9  10 
5 10 3 0.024161 * 5   6   3  10 
6 10 2 0.016766 * 6   3  10 
7 10 2 0.113923 * 7   9  10 
8 10 5 0.106375 * 8   2   5   6   3  10 
9 10 1 0.014214 * 9  10 
11 10 5 0.012416 * 11   1   4   6   3  10 
11 10 5 0.012416 * 11   1   4   7   9  10 
11 10 5 0.013372 * 11   1   5   6   3  10 
1 11 1 0.664144 * 1  11 
2 11 2 0.351634 * 2   8  11 
3 11 4 0.138748 * 3   6   4   1  11 
3 11 4 0.138748 * 3   6   5   1  11 
4 11 2 0.222948 * 4   1  11 
5 11 2 0.320134 * 5   1  11 
6 11 3 0.027162 * 6   4   1  11 
6 11 3 0.027162 * 6   5   1  11 
7 11 3 0.342532 * 7   4   1  11 
8 11 1 0.668283 * 8  11 
9 11 4 0.027073 * 9   7   4   1  11 
10 11 5 0.059837 * 10   3   6   4   1  11 
10 11 5 0.059837 * 10   3   6   5   1  11 
10 11 5 0.059837 * 10   9   7   4   1  11 
