2 1 2 0.100584 * 2  5  1 
3 1 3 0.011639 * 3  6  4  1 
3 1 3 0.011639 * 3  6  5  1 
4 1 1 0.014692 * 4  1 
5 1 1 0.116219 * 5  1 
6 1 2 0.016401 * 6  4  1 
6 1 2 0.016401 * 6  5  1 
7 1 2 0.084485 * 7  4  1 
8 1 2 0.086836 * 8  11   1 
9 1 3 0.006479 * 9  7  4  1 
10 1 4 0.012238 * 10   3   6   4   1 
10 1 4 0.012238 * 10   3   6   5   1 
10 1 4 0.012238 * 10   9   7   4   1 
11 1 1 0.495730 * 11   1 
1 2 2 0.073334 * 1  5  2 
3 2 3 0.043995 * 3  6  5  2 
4 2 3 0.022775 * 4  1  5  2 
4 2 3 0.022775 * 4  6  5  2 
5 2 1 0.117772 * 5  2 
6 2 2 0.072998 * 6  5  2 
7 2 4 0.304870 * 7  4  1  5  2 
7 2 4 0.304870 * 7  4  6  5  2 
8 2 1 0.043032 * 8  2 
9 2 4 0.006364 * 9  3  6  5  2 
10 2 4 0.033910 * 10   3   6   5   2 
11 2 2 0.075889 * 11   8   2 
1 3 3 0.021440 * 1  4  6  3 
1 3 3 0.021440 * 1  5  6  3 
2 3 3 0.283761 * 2  5  6  3 
4 3 2 0.035237 * 4  6  3 
5 3 2 0.038876 * 5  6  3 
6 3 1 0.065794 * 6  3 
7 3 2 0.026460 * 7  9  3 
8 3 4 0.042252 * 8  2  5  6  3 
9 3 1 0.054137 * 9  3 
10 3 1 0.076755 * 10   3 
11 3 4 0.062971 * 11   1   4   6   3 
11 3 4 0.062971 * 11   1   5   6   3 
1 4 1 0.037279 * 1  4 
2 4 3 0.078126 * 2  5  1  4 
2 4 3 0.078126 * 2  5  6  4 
3 4 2 0.035006 * 3  6  4 
5 4 2 0.018406 * 5  1  4 
5 4 2 0.018406 * 5  6  4 
6 4 1 0.025123 * 6  4 
7 4 1 0.224069 * 7  4 
8 4 3 0.034746 * 8  11   1   4 
9 4 2 0.006287 * 9  7  4 
10 4 3 0.005310 * 10   3   6   4 
10 4 3 0.005310 * 10   9   7   4 
11 4 2 0.066149 * 11   1   4 
1 5 1 0.085177 * 1  5 
2 5 1 0.679269 * 2  5 
3 5 2 0.040631 * 3  6  5 
4 5 2 0.019651 * 4  1  5 
4 5 2 0.019651 * 4  6  5 
6 5 1 0.056269 * 6  5 
7 5 3 0.051419 * 7  4  1  5 
7 5 3 0.051419 * 7  4  6  5 
8 5 2 0.173696 * 8  2  5 
9 5 3 0.012444 * 9  3  6  5 
10 5 3 0.031893 * 10   3   6   5 
11 5 2 0.245818 * 11   1   5 
1 6 2 0.035189 * 1  4  6 
1 6 2 0.035189 * 1  5  6 
2 6 2 0.224188 * 2  5  6 
3 6 1 0.019944 * 3  6 
4 6 1 0.016768 * 4  6 
5 6 1 0.055763 * 5  6 
7 6 2 0.019722 * 7  4  6 
8 6 3 0.046609 * 8  2  5  6 
9 6 2 0.004874 * 9  3  6 
10 6 2 0.023643 * 10   3   6 
11 6 3 0.044668 * 11   1   4   6 
11 6 3 0.044668 * 11   1   5   6 
1 7 2 0.094843 * 1  4  7 
2 7 4 0.380988 * 2  5  1  4  7 
2 7 4 0.380988 * 2  5  6  4  7 
3 7 2 0.017151 * 3  9  7 
4 7 1 0.094806 * 4  7 
5 7 3 0.114559 * 5  1  4  7 
5 7 3 0.114559 * 5  6  4  7 
6 7 2 0.030611 * 6  4  7 
8 7 4 0.285788 * 8  11   1   4   7 
9 7 1 0.020883 * 9  7 
10 7 2 0.103274 * 10   9   7 
11 7 3 0.264957 * 11   1   4   7 
1 8 2 0.269212 * 1  11   8 
2 8 1 0.347391 * 2  8 
3 8 4 0.084550 * 3  6  5  2  8 
4 8 3 0.172950 * 4   1  11   8 
5 8 2 0.384399 * 5  2  8 
6 8 3 0.096263 * 6  5  2  8 
7 8 4 0.248943 * 7   4   1  11   8 
9 8 5 0.012259 * 9  3  6  5  2  8 
9 8 5 0.012259 * 9   7   4   1  11   8 
10 8 5 0.124013 * 10   3   6   5   2   8 
11 8 1 0.386125 * 11   8 
1 9 3 0.008493 * 1  4  7  9 
2 9 4 0.032689 * 2  5  6  3  9 
3 9 1 0.017316 * 3  9 
4 9 2 0.002617 * 4  7  9 
5 9 3 0.016669 * 5  6  3  9 
6 9 2 0.002646 * 6  3  9 
7 9 1 0.032638 * 7  9 
8 9 5 0.014493 * 8  2  5  6  3  9 
8 9 5 0.014493 * 8  11   1   4   7   9 
10 9 1 0.013850 * 10   9 
11 9 4 0.009254 * 11   1   4   7   9 
1 10 4 0.025733 * 1   4   6   3  10 
1 10 4 0.025733 * 1   4   7   9  10 
1 10 4 0.045456 * 1   5   6   3  10 
2 10 4 0.443413 * 2   5   6   3  10 
3 10 1 0.016868 * 3  10 
4 10 3 0.005212 * 4   6   3  10 
4 10 3 0.005212 * 4   7   9  10 
5 10 3 0.053179 * 5   6   3  10 
6 10 2 0.018215 * 6   3  10 
7 10 2 0.075493 * 7   9  10 
8 10 5 0.114736 * 8   2   5   6   3  10 
9 10 1 0.022138 * 9  10 
11 10 5 0.018078 * 11   1   4   6   3  10 
11 10 5 0.018078 * 11   1   4   7   9  10 
11 10 5 0.024613 * 11   1   5   6   3  10 
1 11 1 0.595191 * 1  11 
2 11 2 0.328393 * 2   8  11 
3 11 4 0.094420 * 3   6   4   1  11 
3 11 4 0.094420 * 3   6   5   1  11 
4 11 2 0.056346 * 4   1  11 
5 11 2 0.305126 * 5   1  11 
6 11 3 0.048605 * 6   4   1  11 
6 11 3 0.048605 * 6   5   1  11 
7 11 3 0.291410 * 7   4   1  11 
8 11 1 0.751402 * 8  11 
9 11 4 0.017370 * 9   7   4   1  11 
10 11 5 0.050721 * 10   3   6   4   1  11 
10 11 5 0.050721 * 10   3   6   5   1  11 
10 11 5 0.050721 * 10   9   7   4   1  11 
