2 1 0.249154 0.060121 * 2  5  1  0 
2 1 0.348280 0.008470 * 2   8  11   1 
3 1 0.344595 0.005985 * 3  6  4  1 
3 1 0.324811 0.004777 * 3  6  5  1 
4 1 0.119105 0.007092 * 4  1 
5 1 0.107428 0.086004 * 5  1 
6 1 0.235124 0.008824 * 6  4  1 
6 1 0.215340 0.007043 * 6  5  1 
7 1 0.232847 0.103058 * 7  4  1 
8 1 0.234302 0.077714 * 8  11   1 
9 1 0.445971 0.011852 * 9  3  6  4  1 
9 1 0.426187 0.011852 * 9  3  6  5  1 
9 1 0.335180 0.009270 * 9  7  4  1  0 
10 1 0.449719 0.009860 * 10   3   6   4   1   0 
10 1 0.429934 0.009860 * 10   3   6   5   1   0 
10 1 0.547375 0.007615 * 10   9   3   6   4   1 
10 1 0.527591 0.007615 * 10   9   3   6   5   1 
10 1 0.436584 0.007615 * 10   9   7   4   1   0 
11 1 0.118699 0.587263 * 11   1 
1 2 0.221168 0.031411 * 1  5  2  0 
1 2 0.345737 0.031411 * 1  11   8   2 
3 2 0.329756 0.066468 * 3  6  5  2 
4 2 0.340272 0.033905 * 4  1  5  2  0 
4 2 0.464841 0.033905 * 4   1  11   8   2 
4 2 0.321288 0.016060 * 4  6  5  2  0 
5 2 0.112373 0.088066 * 5  2 
6 2 0.220285 0.033404 * 6  5  2 
7 2 0.454015 0.036251 * 7  4  1  5  2  0 
7 2 0.578584 0.036251 * 7   4   1  11   8   2 
7 2 0.435030 0.019404 * 7  4  6  5  2  0 
7 2 0.533322 0.008128 * 7  9  3  6  5  2 
8 2 0.104593 0.029198 * 8  2 
9 2 0.431132 0.007563 * 9  3  6  5  2 
10 2 0.434880 0.027018 * 10   3   6   5   2   0 
10 2 0.532537 0.011708 * 10   9   3   6   5   2 
11 2 0.215387 0.048111 * 11   8   2 
1 3 0.327786 0.010279 * 1  4  6  3  0 
1 3 0.435572 0.008726 * 1  4  7  9  3 
1 3 0.355785 0.018628 * 1  5  6  3  0 
2 3 0.388717 0.263182 * 2  5  6  3 
4 3 0.215978 0.011748 * 4  6  3  0 
4 3 0.323763 0.009973 * 4  7  9  3 
5 3 0.246990 0.024724 * 5  6  3 
6 3 0.114975 0.018093 * 6  3 
7 3 0.203566 0.030237 * 7  9  3 
8 3 0.493310 0.018853 * 8  2  5  6  3  0  0 
8 3 0.562088 0.013135 * 8  11   1   4   6   3   0 
8 3 0.669873 0.013135 * 8  11   1   4   7   9   3 
8 3 0.590087 0.013135 * 8  11   1   5   6   3   0 
9 3 0.101376 0.036187 * 9  3 
10 3 0.202781 0.017948 * 10   9   3 
10 3 0.105124 0.041417 * 10   3   0 
11 3 0.446485 0.010171 * 11   1   4   6   3   0 
11 3 0.554270 0.008634 * 11   1   4   7   9   3 
11 3 0.474484 0.018432 * 11   1   5   6   3   0 
1 4 0.111808 0.027392 * 1  4 
2 4 0.360962 0.044112 * 2  5  1  4  0 
2 4 0.389761 0.111812 * 2  5  6  4  0 
2 4 0.460088 0.004691 * 2   8  11   1   4 
3 4 0.225490 0.006430 * 3  6  4  0 
3 4 0.317218 0.000979 * 3  9  7  4 
5 4 0.219236 0.014188 * 5  1  4 
5 4 0.248034 0.035961 * 5  6  4 
6 4 0.116019 0.010026 * 6  4 
7 4 0.113742 0.255227 * 7  4 
8 4 0.346110 0.028876 * 8  11   1   4 
9 4 0.216076 0.008262 * 9  7  4 
10 4 0.330614 0.005056 * 10   3   6   4   0 
10 4 0.422341 0.001489 * 10   3   9   7   4 
10 4 0.317480 0.002674 * 10   9   7   4   0 
11 4 0.230507 0.021311 * 11   1   4 
1 5 0.108795 0.055072 * 1  5 
2 5 0.141727 0.617697 * 2  5 
3 5 0.217383 0.036478 * 3  6  5 
4 5 0.227899 0.015085 * 4  1  5 
4 5 0.208915 0.010830 * 4  6  5 
6 5 0.107912 0.040991 * 6  5 
7 5 0.341642 0.040463 * 7  4  1  5  0 
7 5 0.322657 0.029049 * 7  4  6  5  0 
7 5 0.420949 0.017574 * 7  9  3  6  5 
8 5 0.246320 0.092453 * 8  2  5  0 
8 5 0.343096 0.038895 * 8  11   1   5 
9 5 0.318759 0.033687 * 9  3  6  5 
10 5 0.322507 0.028113 * 10   3   6   5   0 
10 5 0.420164 0.012183 * 10   9   3   6   5 
11 5 0.227494 0.129875 * 11   1   5 
1 6 0.212811 0.011116 * 1  4  6 
1 6 0.240810 0.031325 * 1  5  6 
2 6 0.273742 0.235687 * 2  5  6 
3 6 0.109471 0.018458 * 3  6 
4 6 0.101003 0.015982 * 4  6 
5 6 0.132015 0.045700 * 5  6 
7 6 0.214745 0.013873 * 7  4  6  0 
7 6 0.313037 0.011776 * 7  9  3  6 
8 6 0.378335 0.019085 * 8  2  5  6  0 
8 6 0.447112 0.010878 * 8  11   1   4   6 
8 6 0.475111 0.010878 * 8  11   1   5   6 
9 6 0.210847 0.003989 * 9  3  6 
10 6 0.214595 0.018356 * 10   3   6   0 
10 6 0.312251 0.007955 * 10   9   3   6 
11 6 0.331510 0.021502 * 11   1   4   6 
11 6 0.359509 0.056300 * 11   1   5   6 
1 7 0.232006 0.094658 * 1  4  7 
2 7 0.481160 0.174546 * 2  5  1  4  7  0 
2 7 0.592192 0.070601 * 2  5  6  3  9  7 
2 7 0.509958 0.463838 * 2  5  6  4  7  0 
2 7 0.580285 0.019714 * 2   8  11   1   4   7 
3 7 0.203475 0.015491 * 3  9  7 
4 7 0.120197 0.039198 * 4  7 
5 7 0.339433 0.042832 * 5  1  4  7  0 
5 7 0.450466 0.017325 * 5  6  3  9  7 
5 7 0.368232 0.113821 * 5  6  4  7  0 
6 7 0.318451 0.004179 * 6  3  9  7 
6 7 0.236217 0.027456 * 6  4  7  0 
8 7 0.466307 0.261341 * 8  11   1   4   7 
9 7 0.102333 0.024266 * 9  7 
10 7 0.308599 0.024597 * 10   3   9   7 
10 7 0.203737 0.098486 * 10   9   7   0 
11 7 0.350704 0.269260 * 11   1   4   7 
1 8 0.335146 0.044199 * 1  5  2  8 
1 8 0.241144 0.165366 * 1  11   8   0 
2 8 0.113978 0.304469 * 2  8 
3 8 0.443734 0.089459 * 3  6  5  2  8 
4 8 0.454250 0.039390 * 4  1  5  2  8 
4 8 0.360248 0.128011 * 4   1  11   8   0 
4 8 0.435266 0.019383 * 4  6  5  2  8 
5 8 0.226351 0.298707 * 5  2  8 
6 8 0.334263 0.093885 * 6  5  2  8 
7 8 0.567993 0.060958 * 7  4  1  5  2  8 
7 8 0.473991 0.147062 * 7   4   1  11   8   0 
7 8 0.549008 0.029996 * 7  4  6  5  2  8 
9 8 0.545110 0.001114 * 9  3  6  5  2  8  0 
9 8 0.670326 0.008554 * 9  7  4  1  5  2  8 
9 8 0.576324 0.008554 * 9   7   4   1  11   8   0 
9 8 0.651341 0.005859 * 9  7  4  6  5  2  8 
10 8 0.548858 0.009529 * 10   3   6   5   2   8   0   0 
10 8 0.646514 0.005234 * 10   9   3   6   5   2   8   0 
10 8 0.771730 0.035833 * 10   9   7   4   1   5   2   8 
10 8 0.677728 0.035833 * 10   9   7   4   1  11   8   0 
10 8 0.752745 0.027522 * 10   9   7   4   6   5   2   8 
11 8 0.110794 0.291683 * 11   8 
1 9 0.428928 0.000535 * 1  4  6  3  9 
1 9 0.334195 0.004196 * 1  4  7  9  0 
2 9 0.678082 0.004352 * 2  5  1  4  6  3  9 
2 9 0.583349 0.027148 * 2  5  1  4  7  9  0 
2 9 0.489859 0.010839 * 2  5  6  3  9  0  0 
3 9 0.101142 0.024739 * 3  9 
4 9 0.317120 0.000328 * 4  6  3  9 
4 9 0.222387 0.002574 * 4  7  9  0 
5 9 0.536356 0.001640 * 5  1  4  6  3  9 
5 9 0.441623 0.010234 * 5  1  4  7  9  0 
5 9 0.348132 0.004086 * 5  6  3  9  0  0 
6 9 0.216117 0.002281 * 6  3  9 
7 9 0.102189 0.031449 * 7  9 
8 9 0.782675 0.004822 * 8  2  5  1  4  6  3  9 
8 9 0.687942 0.014315 * 8  2  5  1  4  7  9  0 
8 9 0.594452 0.012010 * 8  2  5  6  3  9  0  0 
8 9 0.663230 0.004822 * 8  11   1   4   6   3   9   0 
8 9 0.568497 0.005392 * 8  11   1   4   7   9   0   0 
10 9 0.206266 0.002294 * 10   3   9 
10 9 0.101404 0.009186 * 10   9   0 
11 9 0.547627 0.002599 * 11   1   4   6   3   9 
11 9 0.452894 0.004809 * 11   1   4   7   9   0 
1 10 0.530141 0.010260 * 1   4   6   3   9  10 
1 10 0.436453 0.010260 * 1   4   6   3  10   0 
1 10 0.435407 0.012136 * 1   4   7   9  10   0 
1 10 0.558140 0.025914 * 1   5   6   3   9  10 
1 10 0.464452 0.025914 * 1   5   6   3  10   0 
2 10 0.591071 0.083159 * 2   5   6   3   9  10 
2 10 0.497384 0.385530 * 2   5   6   3  10   0 
3 10 0.202354 0.002643 * 3   9  10 
3 10 0.108667 0.014882 * 3  10   0 
4 10 0.418332 0.002874 * 4   6   3   9  10 
4 10 0.324645 0.002874 * 4   6   3  10   0 
4 10 0.323599 0.003399 * 4   7   9  10   0 
5 10 0.449345 0.008410 * 5   6   3   9  10 
5 10 0.355657 0.047355 * 5   6   3  10   0 
6 10 0.317330 0.002332 * 6   3   9  10 
6 10 0.223642 0.013131 * 6   3  10   0 
7 10 0.203402 0.098878 * 7   9  10 
8 10 0.695664 0.022373 * 8   2   5   6   3   9  10   0 
8 10 0.601977 0.022373 * 8   2   5   6   3  10   0   0 
8 10 0.764442 0.013156 * 8  11   1   4   6   3   9  10 
8 10 0.670755 0.013156 * 8  11   1   4   6   3  10   0 
8 10 0.669709 0.015562 * 8  11   1   4   7   9  10   0 
8 10 0.792441 0.016703 * 8  11   1   5   6   3   9  10 
8 10 0.698754 0.016703 * 8  11   1   5   6   3  10   0 
9 10 0.101212 0.014325 * 9  10 
11 10 0.648839 0.005692 * 11   1   4   6   3   9  10 
11 10 0.555152 0.005692 * 11   1   4   6   3  10   0 
11 10 0.554106 0.006733 * 11   1   4   7   9  10   0 
11 10 0.676838 0.013613 * 11   1   5   6   3   9  10 
11 10 0.583151 0.013613 * 11   1   5   6   3  10   0 
1 11 0.130350 0.620475 * 1  11 
2 11 0.229581 0.301792 * 2   8  11 
3 11 0.474945 0.063579 * 3   6   4   1  11   0 
3 11 0.455161 0.057896 * 3   6   5   1  11   0 
3 11 0.559337 0.018366 * 3   6   5   2   8  11 
4 11 0.249455 0.109805 * 4   1  11 
5 11 0.237778 0.223006 * 5   1  11   0 
5 11 0.341954 0.031417 * 5   2   8  11 
6 11 0.365474 0.025865 * 6   4   1  11   0 
6 11 0.345690 0.023553 * 6   5   1  11   0 
6 11 0.449866 0.007472 * 6   5   2   8  11 
7 11 0.363197 0.331240 * 7   4   1  11 
8 11 0.115603 0.648355 * 8  11 
9 11 0.576322 0.005318 * 9   3   6   4   1  11   0 
9 11 0.556537 0.005318 * 9   3   6   5   1  11   0 
9 11 0.660713 0.005318 * 9   3   6   5   2   8  11 
9 11 0.465530 0.003914 * 9   7   4   1  11   0   0 
10 11 0.580069 0.034781 * 10   3   6   4   1  11   0   0 
10 11 0.560285 0.034781 * 10   3   6   5   1  11   0   0 
10 11 0.664461 0.019421 * 10   3   6   5   2   8  11   0 
10 11 0.677726 0.019393 * 10   9   3   6   4   1  11   0 
10 11 0.657941 0.019393 * 10   9   3   6   5   1  11   0 
10 11 0.762117 0.019393 * 10   9   3   6   5   2   8  11 
10 11 0.566935 0.014274 * 10   9   7   4   1  11   0   0 
