2  5  1 
0.113472
3  6  4  1 
0.016229
3  6  5  1 
0.016229
4  1 
0.035917
5  1 
0.097797
6  4  1 
0.012845
6  5  1 
0.012845
7  4  1 
0.106886
8  11   1 
0.066542
9  7  4  1 
0.021065
10   3   6   4   1 
0.015494
10   3   6   5   1 
0.015494
10   9   7   4   1 
0.015494
11   1 
0.417505
1  5  2 
0.124129
3  6  5  2 
0.082837
4  1  5  2 
0.025259
4  6  5  2 
0.025259
5  2 
0.178529
6  5  2 
0.058951
7  4  1  5  2 
0.067754
7  4  6  5  2 
0.067754
8  2 
0.039777
9  3  6  5  2 
0.010281
10   3   6   5   2 
0.035252
11   8   2 
0.086472
1  4  6  3 
0.016752
1  5  6  3 
0.016752
2  5  6  3 
0.257409
4  6  3 
0.031744
5  6  3 
0.049852
6  3 
0.053336
7  9  3 
0.114938
8  2  5  6  3 
0.031556
9  3 
0.086782
10   3 
0.105220
11   1   4   6   3 
0.032427
11   1   5   6   3 
0.032427
1  4 
0.024712
2  5  1  4 
0.076071
2  5  6  4 
0.076071
3  6  4 
0.015509
5  1  4 
0.020670
5  6  4 
0.020670
6  4 
0.024708
7  4 
0.158721
8  11   1   4 
0.030349
9  7  4 
0.016393
10   3   6   4 
0.016049
10   9   7   4 
0.016049
11   1   4 
0.030799
1  5 
0.076850
2  5 
0.541343
3  6  5 
0.056468
4  1  5 
0.019113
4  6  5 
0.019113
6  5 
0.058809
7  4  1  5 
0.045287
7  4  6  5 
0.045287
8  2  5 
0.113626
9  3  6  5 
0.036361
10   3   6   5 
0.054739
11   1   5 
0.193016
1  4  6 
0.011335
1  5  6 
0.011335
2  5  6 
0.195962
3  6 
0.048266
4  6 
0.021393
5  6 
0.062031
7  4  6 
0.061676
8  2  5  6 
0.066671
9  3  6 
0.005311
10   3   6 
0.024717
11   1   4   6 
0.032374
11   1   5   6 
0.032374
1  4  7 
0.078916
2  5  1  4  7 
0.344795
2  5  6  4  7 
0.344795
3  9  7 
0.049198
4  7 
0.048576
5  1  4  7 
0.139558
5  6  4  7 
0.139558
6  4  7 
0.078196
8  11   1   4   7 
0.306314
9  7 
0.027669
10   9   7 
0.176485
11   1   4   7 
0.331024
1  11   8 
0.165726
2  8 
0.384360
3  6  5  2  8 
0.128197
4   1  11   8 
0.192564
5  2  8 
0.279299
6  5  2  8 
0.140880
7   4   1  11   8 
0.435978
9  3  6  5  2  8 
0.023987
9   7   4   1  11   8 
0.023987
10   3   6   5   2   8 
0.150263
11   8 
0.376332
1  4  7  9 
0.004647
2  5  6  3  9 
0.041433
3  9 
0.044018
4  7  9 
0.007576
5  6  3  9 
0.014476
6  3  9 
0.002784
7  9 
0.065191
8  2  5  6  3  9 
0.006697
8  11   1   4   7   9 
0.006697
10   9 
0.019302
11   1   4   7   9 
0.017434
1   4   6   3  10 
0.020688
1   4   7   9  10 
0.020688
1   5   6   3  10 
0.034993
2   5   6   3  10 
0.344946
3  10 
0.035019
4   6   3  10 
0.005973
4   7   9  10 
0.005973
5   6   3  10 
0.041010
6   3  10 
0.022340
7   9  10 
0.118598
8   2   5   6   3  10 
0.085414
9  10 
0.023064
11   1   4   6   3  10 
0.016008
11   1   4   7   9  10 
0.016008
11   1   5   6   3  10 
0.022574
1  11 
0.429950
2   8  11 
0.395692
3   6   4   1  11 
0.113276
3   6   5   1  11 
0.113276
4   1  11 
0.165771
5   1  11 
0.212980
6   4   1  11 
0.041604
6   5   1  11 
0.041604
7   4   1  11 
0.397229
8  11 
0.723315
9   7   4   1  11 
0.028829
10   3   6   4   1  11 
0.065270
10   3   6   5   1  11 
0.065270
10   9   7   4   1  11 
0.065270
