2 1 2 0.141733 * 2  5  1 
3 1 3 0.017997 * 3  6  4  1 
3 1 3 0.017997 * 3  6  5  1 
4 1 1 0.060048 * 4  1 
5 1 1 0.156649 * 5  1 
6 1 2 0.025269 * 6  4  1 
6 1 2 0.025269 * 6  5  1 
7 1 2 0.113153 * 7  4  1 
8 1 2 0.093053 * 8  11   1 
9 1 3 0.019204 * 9  7  4  1 
10 1 4 0.017975 * 10   3   6   4   1 
10 1 4 0.017975 * 10   3   6   5   1 
10 1 4 0.017975 * 10   9   7   4   1 
11 1 1 0.337016 * 11   1 
1 2 2 0.108121 * 1  5  2 
3 2 3 0.088218 * 3  6  5  2 
4 2 3 0.026000 * 4  1  5  2 
4 2 3 0.026000 * 4  6  5  2 
5 2 1 0.179441 * 5  2 
6 2 2 0.057390 * 6  5  2 
7 2 4 0.071957 * 7  4  1  5  2 
7 2 4 0.071957 * 7  4  6  5  2 
8 2 1 0.041742 * 8  2 
9 2 4 0.016568 * 9  3  6  5  2 
10 2 4 0.037589 * 10   3   6   5   2 
11 2 2 0.077672 * 11   8   2 
1 3 3 0.013508 * 1  4  6  3 
1 3 3 0.013508 * 1  5  6  3 
2 3 3 0.204564 * 2  5  6  3 
4 3 2 0.038234 * 4  6  3 
5 3 2 0.052412 * 5  6  3 
6 3 1 0.076744 * 6  3 
7 3 2 0.131255 * 7  9  3 
8 3 4 0.074826 * 8  2  5  6  3 
9 3 1 0.068447 * 9  3 
10 3 1 0.093684 * 10   3 
11 3 4 0.049430 * 11   1   4   6   3 
11 3 4 0.049430 * 11   1   5   6   3 
1 4 1 0.028440 * 1  4 
2 4 3 0.068782 * 2  5  1  4 
2 4 3 0.068782 * 2  5  6  4 
3 4 2 0.022503 * 3  6  4 
5 4 2 0.027997 * 5  1  4 
5 4 2 0.027997 * 5  6  4 
6 4 1 0.023567 * 6  4 
7 4 1 0.226534 * 7  4 
8 4 3 0.027232 * 8  11   1   4 
9 4 2 0.016844 * 9  7  4 
10 4 3 0.014319 * 10   3   6   4 
10 4 3 0.014319 * 10   9   7   4 
11 4 2 0.039605 * 11   1   4 
1 5 1 0.113380 * 1  5 
2 5 1 0.535761 * 2  5 
3 5 2 0.047323 * 3  6  5 
4 5 2 0.022679 * 4  1  5 
4 5 2 0.022679 * 4  6  5 
6 5 1 0.082802 * 6  5 
7 5 3 0.063821 * 7  4  1  5 
7 5 3 0.063821 * 7  4  6  5 
8 5 2 0.164021 * 8  2  5 
9 5 3 0.035354 * 9  3  6  5 
10 5 3 0.063254 * 10   3   6   5 
11 5 2 0.206577 * 11   1   5 
1 6 2 0.026668 * 1  4  6 
1 6 2 0.026668 * 1  5  6 
2 6 2 0.210460 * 2  5  6 
3 6 1 0.062391 * 3  6 
4 6 1 0.029162 * 4  6 
5 6 1 0.075305 * 5  6 
7 6 2 0.054185 * 7  4  6 
8 6 3 0.054280 * 8  2  5  6 
9 6 2 0.008296 * 9  3  6 
10 6 2 0.023005 * 10   3   6 
11 6 3 0.036436 * 11   1   4   6 
11 6 3 0.036436 * 11   1   5   6 
1 7 2 0.103487 * 1  4  7 
2 7 4 0.291206 * 2  5  1  4  7 
2 7 4 0.291206 * 2  5  6  4  7 
3 7 2 0.060761 * 3  9  7 
4 7 1 0.084226 * 4  7 
5 7 3 0.135578 * 5  1  4  7 
5 7 3 0.135578 * 5  6  4  7 
6 7 2 0.068744 * 6  4  7 
8 7 4 0.304833 * 8  11   1   4   7 
9 7 1 0.022105 * 9  7 
10 7 2 0.165013 * 10   9   7 
11 7 3 0.356003 * 11   1   4   7 
1 8 2 0.217497 * 1  11   8 
2 8 1 0.421094 * 2  8 
3 8 4 0.112374 * 3  6  5  2  8 
4 8 3 0.234000 * 4   1  11   8 
5 8 2 0.357390 * 5  2  8 
6 8 3 0.150418 * 6  5  2  8 
7 8 4 0.403624 * 7   4   1  11   8 
9 8 5 0.022961 * 9  3  6  5  2  8 
9 8 5 0.022961 * 9   7   4   1  11   8 
10 8 5 0.139885 * 10   3   6   5   2   8 
11 8 1 0.434230 * 11   8 
1 9 3 0.005398 * 1  4  7  9 
2 9 4 0.032496 * 2  5  6  3  9 
3 9 1 0.063432 * 3  9 
4 9 2 0.008089 * 4  7  9 
5 9 3 0.026133 * 5  6  3  9 
6 9 2 0.007656 * 6  3  9 
7 9 1 0.014470 * 7  9 
8 9 5 0.012864 * 8  2  5  6  3  9 
8 9 5 0.012864 * 8  11   1   4   7   9 
10 9 1 0.021193 * 10   9 
11 9 4 0.014297 * 11   1   4   7   9 
1 10 4 0.024857 * 1   4   6   3  10 
1 10 4 0.024857 * 1   4   7   9  10 
1 10 4 0.038951 * 1   5   6   3  10 
2 10 4 0.237571 * 2   5   6   3  10 
3 10 1 0.032487 * 3  10 
4 10 3 0.010092 * 4   6   3  10 
4 10 3 0.010092 * 4   7   9  10 
5 10 3 0.066772 * 5   6   3  10 
6 10 2 0.028091 * 6   3  10 
7 10 2 0.130451 * 7   9  10 
8 10 5 0.090653 * 8   2   5   6   3  10 
9 10 1 0.030570 * 9  10 
11 10 5 0.017770 * 11   1   4   6   3  10 
11 10 5 0.017770 * 11   1   4   7   9  10 
11 10 5 0.021892 * 11   1   5   6   3  10 
1 11 1 0.612112 * 1  11 
2 11 2 0.466254 * 2   8  11 
3 11 4 0.111995 * 3   6   4   1  11 
3 11 4 0.111995 * 3   6   5   1  11 
4 11 2 0.087918 * 4   1  11 
5 11 2 0.275734 * 5   1  11 
6 11 3 0.061471 * 6   4   1  11 
6 11 3 0.061471 * 6   5   1  11 
7 11 3 0.430892 * 7   4   1  11 
8 11 1 0.933171 * 8  11 
9 11 4 0.023939 * 9   7   4   1  11 
10 11 5 0.063836 * 10   3   6   4   1  11 
10 11 5 0.063836 * 10   3   6   5   1  11 
10 11 5 0.063836 * 10   9   7   4   1  11 
