2  5  1  0 
0.066874
2   8  11   1 
0.008276
3  6  4  1 
0.007723
3  6  5  1 
0.006185
4  1 
0.010456
5  1 
0.087789
6  4  1 
0.009132
6  5  1 
0.007313
7  4  1 
0.099838
8  11   1 
0.080196
9  3  6  4  1 
0.009248
9  3  6  5  1 
0.009248
9  7  4  1  0 
0.008245
10   3   6   4   1   0 
0.011533
10   3   6   5   1   0 
0.011533
10   9   3   6   4   1 
0.007238
10   9   3   6   5   1 
0.007238
10   9   7   4   1   0 
0.007238
11   1 
0.597879
1  5  2  0 
0.035106
1  11   8   2 
0.035106
3  6  5  2 
0.062322
4  1  5  2  0 
0.044265
4   1  11   8   2 
0.044265
4  6  5  2  0 
0.021132
5  2 
0.103888
6  5  2 
0.040461
7  4  1  5  2  0 
0.184330
7   4   1  11   8   2 
0.184330
7  4  6  5  2  0 
0.088000
7  9  3  6  5  2 
0.042133
8  2 
0.026465
9  3  6  5  2 
0.009995
10   3   6   5   2   0 
0.031216
10   9   3   6   5   2 
0.010357
11   8   2 
0.049848
1  4  6  3  0 
0.009681
1  4  7  9  3 
0.006476
1  5  6  3  0 
0.021247
2  5  6  3 
0.259560
4  6  3  0 
0.017436
4  7  9  3 
0.010422
5  6  3 
0.034418
6  3 
0.037658
7  9  3 
0.024577
8  2  5  6  3  0  0 
0.024071
8  11   1   4   6   3   0 
0.012150
8  11   1   4   7   9   3 
0.012150
8  11   1   5   6   3   0 
0.012150
9  3 
0.049929
10   9   3 
0.015321
10   3   0 
0.046176
11   1   4   6   3   0 
0.014515
11   1   4   7   9   3 
0.009709
11   1   5   6   3   0 
0.031015
1  4 
0.027771
2  5  1  4  0 
0.044675
2  5  6  4  0 
0.108589
2   8  11   1   4 
0.004162
3  6  4  0 
0.008338
3  9  7  4 
0.001016
5  1  4 
0.014545
5  6  4 
0.035355
6  4 
0.011415
7  4 
0.363137
8  11   1   4 
0.030331
9  7  4 
0.006912
10   3   6   4   0 
0.007068
10   3   9   7   4 
0.001645
10   9   7   4   0 
0.003356
11   1   4 
0.020461
1  5 
0.063874
2  5 
0.629669
3  6  5 
0.041259
4  1  5 
0.020253
4  6  5 
0.011243
6  5 
0.055930
7  4  1  5  0 
0.047025
7  4  6  5  0 
0.026104
7  9  3  6  5 
0.010718
8  2  5  0 
0.103167
8  11   1   5 
0.035776
9  3  6  5 
0.031993
10   3   6   5   0 
0.031336
10   9   3   6   5 
0.010397
11   1   5 
0.134458
1  4  6 
0.008765
1  5  6 
0.030734
2  5  6 
0.212167
3  6 
0.017722
4  6 
0.022700
5  6 
0.056622
7  4  6  0 
0.015407
7  9  3  6 
0.009209
8  2  5  6  0 
0.022016
8  11   1   4   6 
0.009812
8  11   1   5   6 
0.009812
9  3  6 
0.003018
10   3   6   0 
0.019312
10   9   3   6 
0.006408
11   1   4   6 
0.019183
11   1   5   6 
0.060604
1  4  7 
0.098157
2  5  1  4  7  0 
0.190783
2  5  6  3  9  7 
0.059398
2  5  6  4  7  0 
0.487523
2   8  11   1   4   7 
0.018926
3  9  7 
0.018923
4  7 
0.077579
5  1  4  7  0 
0.046889
5  6  3  9  7 
0.014598
5  6  4  7  0 
0.119820
6  3  9  7 
0.003725
6  4  7  0 
0.030577
8  11   1   4   7 
0.267775
9  7 
0.025431
10   3   9   7 
0.024854
10   9   7   0 
0.108660
11   1   4   7 
0.283374
1  5  2  8 
0.046955
1  11   8   0 
0.164291
2  8 
0.318008
3  6  5  2  8 
0.080631
4  1  5  2  8 
0.041271
4   1  11   8   0 
0.129992
4  6  5  2  8 
0.016039
5  2  8 
0.306035
6  5  2  8 
0.096316
7  4  1  5  2  8 
0.069966
7   4   1  11   8   0 
0.163862
7  4  6  5  2  8 
0.027191
9  3  6  5  2  8  0 
0.001282
9  7  4  1  5  2  8 
0.010404
9   7   4   1  11   8   0 
0.010404
9  7  4  6  5  2  8 
0.005991
10   3   6   5   2   8   0   0 
0.012677
10   9   3   6   5   2   8   0 
0.005509
10   9   7   4   1   5   2   8 
0.038331
10   9   7   4   1  11   8   0 
0.038331
10   9   7   4   6   5   2   8 
0.025739
11   8 
0.300996
1  4  6  3  9 
0.000495
1  4  7  9  0 
0.003900
2  5  1  4  6  3  9 
0.004167
2  5  1  4  7  9  0 
0.026855
2  5  6  3  9  0  0 
0.013249
3  9 
0.038378
4  6  3  9 
0.000439
4  7  9  0 
0.003461
5  1  4  6  3  9 
0.001771
5  1  4  7  9  0 
0.011412
5  6  3  9  0  0 
0.005630
6  3  9 
0.002037
7  9 
0.036560
8  2  5  1  4  6  3  9 
0.003377
8  2  5  1  4  7  9  0 
0.006353
8  2  5  6  3  9  0  0 
0.006353
8  11   1   4   6   3   9   0 
0.001842
8  11   1   4   7   9   0   0 
0.001842
10   3   9 
0.002295
10   9   0 
0.010034
11   1   4   6   3   9 
0.002928
11   1   4   7   9   0 
0.004136
1   4   6   3   9  10 
0.009153
1   4   6   3  10   0 
0.009153
1   4   7   9  10   0 
0.013419
1   5   6   3   9  10 
0.028023
1   5   6   3  10   0 
0.028023
2   5   6   3   9  10 
0.097757
2   5   6   3  10   0 
0.366930
3   9  10 
0.003161
3  10   0 
0.013819
4   6   3   9  10 
0.003185
4   6   3  10   0 
0.003185
4   7   9  10   0 
0.004670
5   6   3   9  10 
0.010178
5   6   3  10   0 
0.044496
6   3   9  10 
0.003050
6   3  10   0 
0.013332
7   9  10 
0.101665
8   2   5   6   3   9  10   0 
0.024038
8   2   5   6   3  10   0   0 
0.024038
8  11   1   4   6   3   9  10 
0.011805
8  11   1   4   6   3  10   0 
0.011805
8  11   1   4   7   9  10   0 
0.014198
8  11   1   5   6   3   9  10 
0.014198
8  11   1   5   6   3  10   0 
0.014198
9  10 
0.013395
11   1   4   6   3   9  10 
0.006029
11   1   4   6   3  10   0 
0.006029
11   1   4   7   9  10   0 
0.008839
11   1   5   6   3   9  10 
0.016441
11   1   5   6   3  10   0 
0.016441
1  11 
0.594676
2   8  11 
0.317612
3   6   4   1  11   0 
0.070529
3   6   5   1  11   0 
0.063469
3   6   5   2   8  11 
0.018477
4   1  11 
0.120557
5   1  11   0 
0.251884
5   2   8  11 
0.031174
6   4   1  11   0 
0.029418
6   5   1  11   0 
0.026474
6   5   2   8  11 
0.007707
7   4   1  11 
0.343973
8  11 
0.651097
9   3   6   4   1  11   0 
0.004863
9   3   6   5   1  11   0 
0.004863
9   3   6   5   2   8  11 
0.004863
9   7   4   1  11   0   0 
0.004109
10   3   6   4   1  11   0   0 
0.040198
10   3   6   5   1  11   0   0 
0.040198
10   3   6   5   2   8  11   0 
0.019531
10   9   3   6   4   1  11   0 
0.017285
10   9   3   6   5   1  11   0 
0.017285
10   9   3   6   5   2   8  11 
0.017285
10   9   7   4   1  11   0   0 
0.014605
