2  5  1  0 
0.130722
2   8  11   1 
0.011011
3  6  4  1 
0.021993
3  6  5  1 
0.014000
4  1 
0.060048
5  1 
0.156649
6  4  1 
0.030881
6  5  1 
0.019658
7  4  1 
0.113153
8  11   1 
0.093053
9  3  6  4  1 
0.008356
9  3  6  5  1 
0.008356
9  7  4  1  0 
0.002491
10   3   6   4   1   0 
0.021872
10   3   6   5   1   0 
0.021872
10   9   3   6   4   1 
0.003632
10   9   3   6   5   1 
0.003632
10   9   7   4   1   0 
0.002920
11   1 
0.337016
1  5  2  0 
0.054060
1  11   8   2 
0.054060
3  6  5  2 
0.088218
4  1  5  2  0 
0.022361
4   1  11   8   2 
0.022361
4  6  5  2  0 
0.007279
5  2 
0.179441
6  5  2 
0.057390
7  4  1  5  2  0 
0.056241
7   4   1  11   8   2 
0.056241
7  4  6  5  2  0 
0.018627
7  9  3  6  5  2 
0.012805
8  2 
0.041742
9  3  6  5  2 
0.016568
10   3   6   5   2   0 
0.033327
10   9   3   6   5   2 
0.004263
11   8   2 
0.077672
1  4  6  3  0 
0.007594
1  4  7  9  3 
0.007536
1  5  6  3  0 
0.011886
2  5  6  3 
0.204564
4  6  3  0 
0.019190
4  7  9  3 
0.019044
5  6  3 
0.052412
6  3 
0.076744
7  9  3 
0.131255
8  2  5  6  3  0  0 
0.023555
8  11   1   4   6   3   0 
0.017090
8  11   1   4   7   9   3 
0.017090
8  11   1   5   6   3   0 
0.017090
9  3 
0.068447
10   9   3 
0.010624
10   3   0 
0.083061
11   1   4   6   3   0 
0.027789
11   1   4   7   9   3 
0.027577
11   1   5   6   3   0 
0.043494
1  4 
0.028440
2  5  1  4  0 
0.041578
2  5  6  4  0 
0.093517
2   8  11   1   4 
0.002471
3  6  4  0 
0.019068
3  9  7  4 
0.003435
5  1  4 
0.017233
5  6  4 
0.038761
6  4 
0.023567
7  4 
0.226534
8  11   1   4 
0.027232
9  7  4 
0.016844
10   3   6   4   0 
0.021503
10   3   9   7   4 
0.005998
10   9   7   4   0 
0.001137
11   1   4 
0.039605
1  5 
0.113380
2  5 
0.535761
3  6  5 
0.047323
4  1  5 
0.028429
4  6  5 
0.016929
6  5 
0.082802
7  4  1  5  0 
0.064049
7  4  6  5  0 
0.038140
7  9  3  6  5 
0.025454
8  2  5  0 
0.117429
8  11   1   5 
0.046592
9  3  6  5 
0.035354
10   3   6   5   0 
0.056081
10   9   3   6   5 
0.007173
11   1   5 
0.206577
1  4  6 
0.015666
1  5  6 
0.037669
2  5  6 
0.210460
3  6 
0.062391
4  6 
0.029162
5  6 
0.075305
7  4  6  0 
0.027196
7  9  3  6 
0.026989
8  2  5  6  0 
0.025561
8  11   1   4   6 
0.014360
8  11   1   5   6 
0.014360
9  3  6 
0.008296
10   3   6   0 
0.020396
10   9   3   6 
0.002609
11   1   4   6 
0.023072
11   1   5   6 
0.049800
1  4  7 
0.103487
2  5  1  4  7  0  0 
0.132713
2  5  6  3  9  7  0 
0.080434
2   5   6   3  10   9   7 
0.030060
2  5  6  4  7  0  0 
0.331631
2   8  11   1   4   7   0 
0.007574
3  9  7  0 
0.045126
3  10   9   7 
0.015635
4  7 
0.084226
5  1  4  7  0  0 
0.062602
5  6  3  9  7  0 
0.037942
5   6   3  10   9   7 
0.014180
5  6  4  7  0  0 
0.156434
6  3  9  7  0 
0.012506
6   3  10   9   7 
0.004674
6  4  7  0  0 
0.051564
8  11   1   4   7 
0.304833
9  7 
0.022105
10   9   7 
0.165013
11   1   4   7 
0.356003
1  5  2  8 
0.038088
1  11   8   0 
0.179409
2  8 
0.421094
3  6  5  2  8 
0.112374
4  1  5  2  8 
0.040788
4   1  11   8   0 
0.174967
4  6  5  2  8 
0.018245
5  2  8 
0.357390
6  5  2  8 
0.150418
7  4  1  5  2  8 
0.086692
7   4   1  11   8   0 
0.278152
7  4  6  5  2  8 
0.038780
9  3  6  5  2  8  0 
0.003179
9  7  4  1  5  2  8 
0.015364
9   7   4   1  11   8   0 
0.015364
9  7  4  6  5  2  8 
0.012014
10   3   6   5   2   8   0   0 
0.040376
10   9   3   6   5   2   8   0 
0.009132
10   9   7   4   1   5   2   8 
0.030126
10   9   7   4   1  11   8   0 
0.030126
10   9   7   4   6   5   2   8 
0.030126
11   8 
0.434230
1   4   6   3  10   9 
0.001351
1  4  6  3  9  0 
0.001351
1  4  7  9  0  0 
0.002697
2   5   1   4   6   3  10   9 
0.005042
2  5  1  4  6  3  9  0 
0.005042
2  5  1  4  7  9  0  0 
0.008716
2   5   6   3  10   9   0   0 
0.006702
2  5  6  3  9  0  0  0 
0.006994
3  10   9 
0.016322
3  9  0 
0.047110
4   6   3  10   9 
0.002024
4  6  3  9  0 
0.002024
4  7  9  0  0 
0.004041
5   1   4   6   3  10   9 
0.004055
5  1  4  6  3  9  0 
0.004055
5  1  4  7  9  0  0 
0.007010
5   6   3  10   9   0   0 
0.005390
5  6  3  9  0  0  0 
0.005625
6   3  10   9 
0.002534
6  3  9  0 
0.005122
7  9 
0.014470
8   2   5   1   4   6   3  10   9 
0.004545
8  2  5  1  4  6  3  9  0 
0.004545
8  2  5  1  4  7  9  0  0 
0.004545
8   2   5   6   3  10   9   0   0 
0.004545
8  2  5  6  3  9  0  0  0 
0.004545
8  11   1   4   6   3  10   9   0 
0.001001
8  11   1   4   6   3   9   0   0 
0.001001
8  11   1   4   7   9   0   0   0 
0.001001
10   9 
0.021193
11   1   4   6   3  10   9 
0.004766
11   1   4   6   3   9   0 
0.004766
11   1   4   7   9   0   0 
0.004766
1   4   6   3   9  10 
0.013475
1   4   6   3  10   0 
0.013475
1   4   7   9  10   0 
0.010306
1   5   6   3   9  10 
0.025704
1   5   6   3  10   0 
0.025704
2   5   6   3   9  10 
0.085876
2   5   6   3  10   0 
0.151695
3   9  10 
0.009244
3  10   0 
0.023243
4   6   3   9  10 
0.007300
4   6   3  10   0 
0.007300
4   7   9  10   0 
0.005583
5   6   3   9  10 
0.018999
5   6   3  10   0 
0.047773
6   3   9  10 
0.007993
6   3  10   0 
0.020099
7   9  10 
0.130451
8   2   5   6   3   9  10   0 
0.016664
8   2   5   6   3  10   0   0 
0.016664
8  11   1   4   6   3   9  10 
0.011465
8  11   1   4   6   3  10   0 
0.011465
8  11   1   4   7   9  10   0 
0.011465
8  11   1   5   6   3   9  10 
0.011465
8  11   1   5   6   3  10   0 
0.011465
9  10 
0.030570
11   1   4   6   3   9  10 
0.009299
11   1   4   6   3  10   0 
0.009299
11   1   4   7   9  10   0 
0.007113
11   1   5   6   3   9  10 
0.015860
11   1   5   6   3  10   0 
0.015860
1  11 
0.612112
2   8  11 
0.466254
3   6   4   1  11   0 
0.123784
3   6   5   1  11   0 
0.085435
3   6   5   2   8  11 
0.014772
4   1  11 
0.087918
5   1  11   0 
0.254313
5   2   8  11 
0.021421
6   4   1  11   0 
0.067941
6   5   1  11   0 
0.046893
6   5   2   8  11 
0.008108
7   4   1  11 
0.430892
8  11 
0.933171
9   3   6   4   1  11   0 
0.007319
9   3   6   5   1  11   0 
0.007319
9   3   6   5   2   8  11 
0.007188
9   7   4   1  11   0   0 
0.002113
10   3   6   4   1  11   0   0 
0.068381
10   3   6   5   1  11   0   0 
0.068381
10   3   6   5   2   8  11   0 
0.016179
10   9   3   6   4   1  11   0 
0.011271
10   9   3   6   5   1  11   0 
0.011271
10   9   3   6   5   2   8  11 
0.011271
10   9   7   4   1  11   0   0 
0.004755
