2  5  1 
0.075150
3  6  4  1 
0.006954
3  6  5  1 
0.006954
4  1 
0.010456
5  1 
0.087789
6  4  1 
0.008223
6  5  1 
0.008223
7  4  1 
0.099838
8  11   1 
0.080196
9  7  4  1 
0.026741
10   3   6   4   1 
0.014927
10   3   6   5   1 
0.014927
10   9   7   4   1 
0.014927
11   1 
0.597879
1  5  2 
0.070212
3  6  5  2 
0.062322
4  1  5  2 
0.054831
4  6  5  2 
0.054831
5  2 
0.103888
6  5  2 
0.040461
7  4  1  5  2 
0.249397
7  4  6  5  2 
0.249397
8  2 
0.026465
9  3  6  5  2 
0.009995
10   3   6   5   2 
0.041573
11   8   2 
0.049848
1  4  6  3 
0.018702
1  5  6  3 
0.018702
2  5  6  3 
0.259560
4  6  3 
0.027858
5  6  3 
0.034418
6  3 
0.037658
7  9  3 
0.024577
8  2  5  6  3 
0.060522
9  3 
0.049929
10   3 
0.061498
11   1   4   6   3 
0.027619
11   1   5   6   3 
0.027619
1  4 
0.027771
2  5  1  4 
0.078713
2  5  6  4 
0.078713
3  6  4 
0.009354
5  1  4 
0.024950
5  6  4 
0.024950
6  4 
0.011415
7  4 
0.363137
8  11   1   4 
0.030331
9  7  4 
0.006912
10   3   6   4 
0.006035
10   9   7   4 
0.006035
11   1   4 
0.020461
1  5 
0.063874
2  5 
0.629669
3  6  5 
0.041259
4  1  5 
0.015748
4  6  5 
0.015748
6  5 
0.055930
7  4  1  5 
0.041923
7  4  6  5 
0.041923
8  2  5 
0.138943
9  3  6  5 
0.031993
10   3   6   5 
0.041734
11   1   5 
0.134458
1  4  6 
0.019750
1  5  6 
0.019750
2  5  6 
0.212167
3  6 
0.017722
4  6 
0.022700
5  6 
0.056622
7  4  6 
0.024615
8  2  5  6 
0.041640
9  3  6 
0.003018
10   3   6 
0.025720
11   1   4   6 
0.039893
11   1   5   6 
0.039893
1  4  7 
0.098157
2  5  1  4  7 
0.378315
2  5  6  4  7 
0.378315
3  9  7 
0.018923
4  7 
0.077579
5  1  4  7 
0.090654
5  6  4  7 
0.090654
6  4  7 
0.034303
8  11   1   4   7 
0.267775
9  7 
0.025431
10   9   7 
0.133514
11   1   4   7 
0.283374
1  11   8 
0.211247
2  8 
0.318008
3  6  5  2  8 
0.080631
4   1  11   8 
0.187302
5  2  8 
0.306035
6  5  2  8 
0.096316
7   4   1  11   8 
0.261019
9  3  6  5  2  8 
0.014041
9   7   4   1  11   8 
0.014041
10   3   6   5   2   8 
0.120588
11   8 
0.300996
1  4  7  9 
0.004395
2  5  6  3  9 
0.044270
3  9 
0.038378
4  7  9 
0.003900
5  6  3  9 
0.018813
6  3  9 
0.002037
7  9 
0.036560
8  2  5  6  3  9 
0.009884
8  11   1   4   7   9 
0.009884
10   9 
0.012329
11   1   4   7   9 
0.007064
1   4   6   3  10 
0.023530
1   4   7   9  10 
0.023530
1   5   6   3  10 
0.040710
2   5   6   3  10 
0.464687
3  10 
0.016979
4   6   3  10 
0.005520
4   7   9  10 
0.005520
5   6   3  10 
0.054673
6   3  10 
0.016382
7   9  10 
0.101665
8   2   5   6   3  10 
0.114281
9  10 
0.013395
11   1   4   6   3  10 
0.016225
11   1   4   7   9  10 
0.016225
11   1   5   6   3  10 
0.021330
1  11 
0.594676
2   8  11 
0.317612
3   6   4   1  11 
0.076237
3   6   5   1  11 
0.076237
4   1  11 
0.120557
5   1  11 
0.283058
6   4   1  11 
0.031800
6   5   1  11 
0.031800
7   4   1  11 
0.343973
8  11 
0.651097
9   7   4   1  11 
0.018698
10   3   6   4   1  11 
0.055462
10   3   6   5   1  11 
0.055462
10   9   7   4   1  11 
0.055462
