2 1 0.250345 0.066874 * 2  5  1  0 
2 1 0.349391 0.008276 * 2   8  11   1 
3 1 0.351288 0.007723 * 3  6  4  1 
3 1 0.327637 0.006185 * 3  6  5  1 
4 1 0.124591 0.010456 * 4  1 
5 1 0.108136 0.087789 * 5  1 
6 1 0.241376 0.009132 * 6  4  1 
6 1 0.217725 0.007313 * 6  5  1 
7 1 0.245518 0.099838 * 7  4  1 
8 1 0.234880 0.080196 * 8  11   1 
9 1 0.452786 0.009248 * 9  3  6  4  1 
9 1 0.429135 0.009248 * 9  3  6  5  1 
9 1 0.347881 0.008245 * 9  7  4  1  0 
10 1 0.456699 0.011533 * 10   3   6   4   1   0 
10 1 0.433048 0.011533 * 10   3   6   5   1   0 
10 1 0.554270 0.007238 * 10   9   3   6   4   1 
10 1 0.530619 0.007238 * 10   9   3   6   5   1 
10 1 0.449365 0.007238 * 10   9   7   4   1   0 
11 1 0.119259 0.597879 * 11   1 
1 2 0.232240 0.035106 * 1  5  2  0 
1 2 0.347584 0.035106 * 1  11   8   2 
3 2 0.338104 0.062322 * 3  6  5  2 
4 2 0.356831 0.044265 * 4  1  5  2  0 
4 2 0.472175 0.044265 * 4   1  11   8   2 
4 2 0.329889 0.021132 * 4  6  5  2  0 
5 2 0.118603 0.103888 * 5  2 
6 2 0.228192 0.040461 * 6  5  2 
7 2 0.477758 0.184330 * 7  4  1  5  2  0 
7 2 0.593102 0.184330 * 7   4   1  11   8   2 
7 2 0.450816 0.088000 * 7  4  6  5  2  0 
7 2 0.541604 0.042133 * 7  9  3  6  5  2 
8 2 0.104711 0.026465 * 8  2 
9 2 0.439602 0.009995 * 9  3  6  5  2 
10 2 0.443515 0.031216 * 10   3   6   5   2   0 
10 2 0.541086 0.010357 * 10   9   3   6   5   2 
11 2 0.215952 0.049848 * 11   8   2 
1 3 0.329407 0.009681 * 1  4  6  3  0 
1 3 0.436917 0.006476 * 1  4  7  9  3 
1 3 0.362012 0.021247 * 1  5  6  3  0 
2 3 0.390584 0.259560 * 2  5  6  3 
4 3 0.217416 0.017436 * 4  6  3  0 
4 3 0.324926 0.010422 * 4  7  9  3 
5 3 0.248375 0.034418 * 5  6  3 
6 3 0.115719 0.037658 * 6  3 
7 3 0.203500 0.024577 * 7  9  3 
8 3 0.495295 0.024071 * 8  2  5  6  3  0  0 
8 3 0.564287 0.012150 * 8  11   1   4   6   3   0 
8 3 0.671797 0.012150 * 8  11   1   4   7   9   3 
8 3 0.596892 0.012150 * 8  11   1   5   6   3   0 
9 3 0.101498 0.049929 * 9  3 
10 3 0.202982 0.015321 * 10   9   3 
10 3 0.105411 0.046176 * 10   3   0 
11 3 0.448666 0.014515 * 11   1   4   6   3   0 
11 3 0.556176 0.009709 * 11   1   4   7   9   3 
11 3 0.481271 0.031015 * 11   1   5   6   3   0 
1 4 0.111991 0.027771 * 1  4 
2 4 0.362336 0.044675 * 2  5  1  4  0 
2 4 0.391650 0.108589 * 2  5  6  4  0 
2 4 0.461382 0.004162 * 2   8  11   1   4 
3 4 0.226697 0.008338 * 3  6  4  0 
3 4 0.324727 0.001016 * 3  9  7  4 
5 4 0.220127 0.014545 * 5  1  4 
5 4 0.249442 0.035355 * 5  6  4 
6 4 0.116785 0.011415 * 6  4 
7 4 0.120927 0.363137 * 7  4 
8 4 0.346871 0.030331 * 8  11   1   4 
9 4 0.223289 0.006912 * 9  7  4 
10 4 0.332108 0.007068 * 10   3   6   4   0 
10 4 0.430137 0.001645 * 10   3   9   7   4 
10 4 0.324773 0.003356 * 10   9   7   4   0 
11 4 0.231250 0.020461 * 11   1   4 
1 5 0.113637 0.063874 * 1  5 
2 5 0.142209 0.629669 * 2  5 
3 5 0.219501 0.041259 * 3  6  5 
4 5 0.238228 0.020253 * 4  1  5 
4 5 0.211286 0.011243 * 4  6  5 
6 5 0.109589 0.055930 * 6  5 
7 5 0.359155 0.047025 * 7  4  1  5  0 
7 5 0.332213 0.026104 * 7  4  6  5  0 
7 5 0.423001 0.010718 * 7  9  3  6  5 
8 5 0.246920 0.103167 * 8  2  5  0 
8 5 0.348517 0.035776 * 8  11   1   5 
9 5 0.320999 0.031993 * 9  3  6  5 
10 5 0.324912 0.031336 * 10   3   6   5   0 
10 5 0.422483 0.010397 * 10   9   3   6   5 
11 5 0.232896 0.134458 * 11   1   5 
1 6 0.213688 0.008765 * 1  4  6 
1 6 0.246293 0.030734 * 1  5  6 
2 6 0.274865 0.212167 * 2  5  6 
3 6 0.109912 0.017722 * 3  6 
4 6 0.101697 0.022700 * 4  6 
5 6 0.132656 0.056622 * 5  6 
7 6 0.222624 0.015407 * 7  4  6  0 
7 6 0.313412 0.009209 * 7  9  3  6 
8 6 0.379576 0.022016 * 8  2  5  6  0 
8 6 0.448568 0.009812 * 8  11   1   4   6 
8 6 0.481173 0.009812 * 8  11   1   5   6 
9 6 0.211410 0.003018 * 9  3  6 
10 6 0.215323 0.019312 * 10   3   6   0 
10 6 0.312894 0.006408 * 10   9   3   6 
11 6 0.332948 0.019183 * 11   1   4   6 
11 6 0.365552 0.060604 * 11   1   5   6 
1 7 0.233417 0.098157 * 1  4  7 
2 7 0.483762 0.190783 * 2  5  1  4  7  0 
2 7 0.594384 0.059398 * 2  5  6  3  9  7 
2 7 0.513077 0.487523 * 2  5  6  4  7  0 
2 7 0.582808 0.018926 * 2   8  11   1   4   7 
3 7 0.203800 0.018923 * 3  9  7 
4 7 0.121426 0.077579 * 4  7 
5 7 0.341553 0.046889 * 5  1  4  7  0 
5 7 0.452175 0.014598 * 5  6  3  9  7 
5 7 0.370868 0.119820 * 5  6  4  7  0 
6 7 0.319519 0.003725 * 6  3  9  7 
6 7 0.238212 0.030577 * 6  4  7  0 
8 7 0.468297 0.267775 * 8  11   1   4   7 
9 7 0.102363 0.025431 * 9  7 
10 7 0.309211 0.024854 * 10   3   9   7 
10 7 0.203847 0.108660 * 10   9   7   0 
11 7 0.352676 0.283374 * 11   1   4   7 
1 8 0.346751 0.046955 * 1  5  2  8 
1 8 0.242873 0.164291 * 1  11   8   0 
2 8 0.114511 0.318008 * 2  8 
3 8 0.452615 0.080631 * 3  6  5  2  8 
4 8 0.471342 0.041271 * 4  1  5  2  8 
4 8 0.367464 0.129992 * 4   1  11   8   0 
4 8 0.444401 0.016039 * 4  6  5  2  8 
5 8 0.233114 0.306035 * 5  2  8 
6 8 0.342703 0.096316 * 6  5  2  8 
7 8 0.592269 0.069966 * 7  4  1  5  2  8 
7 8 0.488391 0.163862 * 7   4   1  11   8   0 
7 8 0.565327 0.027191 * 7  4  6  5  2  8 
9 8 0.554113 0.001282 * 9  3  6  5  2  8  0 
9 8 0.694631 0.010404 * 9  7  4  1  5  2  8 
9 8 0.590754 0.010404 * 9   7   4   1  11   8   0 
9 8 0.667690 0.005991 * 9  7  4  6  5  2  8 
10 8 0.558026 0.012677 * 10   3   6   5   2   8   0   0 
10 8 0.655597 0.005509 * 10   9   3   6   5   2   8   0 
10 8 0.796115 0.038331 * 10   9   7   4   1   5   2   8 
10 8 0.692238 0.038331 * 10   9   7   4   1  11   8   0 
10 8 0.769174 0.025739 * 10   9   7   4   6   5   2   8 
11 8 0.111241 0.300996 * 11   8 
1 9 0.430845 0.000495 * 1  4  6  3  9 
1 9 0.335419 0.003900 * 1  4  7  9  0 
2 9 0.681190 0.004167 * 2  5  1  4  6  3  9 
2 9 0.585764 0.026855 * 2  5  1  4  7  9  0 
2 9 0.492022 0.013249 * 2  5  6  3  9  0  0 
3 9 0.101437 0.038378 * 3  9 
4 9 0.318854 0.000439 * 4  6  3  9 
4 9 0.223428 0.003461 * 4  7  9  0 
5 9 0.538981 0.001771 * 5  1  4  6  3  9 
5 9 0.443555 0.011412 * 5  1  4  7  9  0 
5 9 0.349813 0.005630 * 5  6  3  9  0  0 
6 9 0.217156 0.002037 * 6  3  9 
7 9 0.102002 0.036560 * 7  9 
8 9 0.785901 0.003377 * 8  2  5  1  4  6  3  9 
8 9 0.690475 0.006353 * 8  2  5  1  4  7  9  0 
8 9 0.596733 0.006353 * 8  2  5  6  3  9  0  0 
8 9 0.665724 0.001842 * 8  11   1   4   6   3   9   0 
8 9 0.570299 0.001842 * 8  11   1   4   7   9   0   0 
10 9 0.206848 0.002295 * 10   3   9 
10 9 0.101484 0.010034 * 10   9   0 
11 9 0.550104 0.002928 * 11   1   4   6   3   9 
11 9 0.454678 0.004136 * 11   1   4   7   9   0 
1 10 0.532165 0.009153 * 1   4   6   3   9  10 
1 10 0.438008 0.009153 * 1   4   6   3  10   0 
1 10 0.436739 0.013419 * 1   4   7   9  10   0 
1 10 0.564770 0.028023 * 1   5   6   3   9  10 
1 10 0.470613 0.028023 * 1   5   6   3  10   0 
2 10 0.593342 0.097757 * 2   5   6   3   9  10 
2 10 0.499185 0.366930 * 2   5   6   3  10   0 
3 10 0.202758 0.003161 * 3   9  10 
3 10 0.108601 0.013819 * 3  10   0 
4 10 0.420174 0.003185 * 4   6   3   9  10 
4 10 0.326017 0.003185 * 4   6   3  10   0 
4 10 0.324748 0.004670 * 4   7   9  10   0 
5 10 0.451133 0.010178 * 5   6   3   9  10 
5 10 0.356976 0.044496 * 5   6   3  10   0 
6 10 0.318476 0.003050 * 6   3   9  10 
6 10 0.224320 0.013332 * 6   3  10   0 
7 10 0.203322 0.101665 * 7   9  10 
8 10 0.698053 0.024038 * 8   2   5   6   3   9  10   0 
8 10 0.603896 0.024038 * 8   2   5   6   3  10   0   0 
8 10 0.767045 0.011805 * 8  11   1   4   6   3   9  10 
8 10 0.672888 0.011805 * 8  11   1   4   6   3  10   0 
8 10 0.671619 0.014198 * 8  11   1   4   7   9  10   0 
8 10 0.799649 0.014198 * 8  11   1   5   6   3   9  10 
8 10 0.705493 0.014198 * 8  11   1   5   6   3  10   0 
9 10 0.101320 0.013395 * 9  10 
11 10 0.651424 0.006029 * 11   1   4   6   3   9  10 
11 10 0.557267 0.006029 * 11   1   4   6   3  10   0 
11 10 0.555998 0.008839 * 11   1   4   7   9  10   0 
11 10 0.684029 0.016441 * 11   1   5   6   3   9  10 
11 10 0.589872 0.016441 * 11   1   5   6   3  10   0 
1 11 0.131633 0.594676 * 1  11 
2 11 0.230132 0.317612 * 2   8  11 
3 11 0.482921 0.070529 * 3   6   4   1  11   0 
3 11 0.459270 0.063469 * 3   6   5   1  11   0 
3 11 0.568236 0.018477 * 3   6   5   2   8  11 
4 11 0.256224 0.120557 * 4   1  11 
5 11 0.239769 0.251884 * 5   1  11   0 
5 11 0.348735 0.031174 * 5   2   8  11 
6 11 0.373009 0.029418 * 6   4   1  11   0 
6 11 0.349358 0.026474 * 6   5   1  11   0 
6 11 0.458324 0.007707 * 6   5   2   8  11 
7 11 0.377151 0.343973 * 7   4   1  11 
8 11 0.115621 0.651097 * 8  11 
9 11 0.584419 0.004863 * 9   3   6   4   1  11   0 
9 11 0.560768 0.004863 * 9   3   6   5   1  11   0 
9 11 0.669734 0.004863 * 9   3   6   5   2   8  11 
9 11 0.479513 0.004109 * 9   7   4   1  11   0   0 
10 11 0.588332 0.040198 * 10   3   6   4   1  11   0   0 
10 11 0.564680 0.040198 * 10   3   6   5   1  11   0   0 
10 11 0.673647 0.019531 * 10   3   6   5   2   8  11   0 
10 11 0.685903 0.017285 * 10   9   3   6   4   1  11   0 
10 11 0.662252 0.017285 * 10   9   3   6   5   1  11   0 
10 11 0.771218 0.017285 * 10   9   3   6   5   2   8  11 
10 11 0.580997 0.014605 * 10   9   7   4   1  11   0   0 
