2 1 2 0.071823 * 2  5  1 
3 1 3 0.011393 * 3  6  4  1 
3 1 3 0.011393 * 3  6  5  1 
4 1 1 0.037936 * 4  1 
5 1 1 0.093118 * 5  1 
6 1 2 0.008205 * 6  4  1 
6 1 2 0.008205 * 6  5  1 
7 1 2 0.094239 * 7  4  1 
8 1 2 0.078446 * 8  11   1 
9 1 3 0.016445 * 9  7  4  1 
10 1 4 0.017915 * 10   3   6   4   1 
10 1 4 0.017915 * 10   3   6   5   1 
10 1 4 0.017915 * 10   9   7   4   1 
11 1 1 0.441409 * 11   1 
1 2 2 0.063639 * 1  5  2 
3 2 3 0.069807 * 3  6  5  2 
4 2 3 0.041447 * 4  1  5  2 
4 2 3 0.041447 * 4  6  5  2 
5 2 1 0.124433 * 5  2 
6 2 2 0.046559 * 6  5  2 
7 2 4 0.052919 * 7  4  1  5  2 
7 2 4 0.052919 * 7  4  6  5  2 
8 2 1 0.037332 * 8  2 
9 2 4 0.014691 * 9  3  6  5  2 
10 2 4 0.047581 * 10   3   6   5   2 
11 2 2 0.051152 * 11   8   2 
1 3 3 0.015431 * 1  4  6  3 
1 3 3 0.015431 * 1  5  6  3 
2 3 3 0.261119 * 2  5  6  3 
4 3 2 0.026075 * 4  6  3 
5 3 2 0.040423 * 5  6  3 
6 3 1 0.057496 * 6  3 
7 3 2 0.035421 * 7  9  3 
8 3 4 0.061582 * 8  2  5  6  3 
9 3 1 0.059516 * 9  3 
10 3 1 0.070304 * 10   3 
11 3 4 0.029760 * 11   1   4   6   3 
11 3 4 0.029760 * 11   1   5   6   3 
1 4 1 0.026463 * 1  4 
2 4 3 0.082951 * 2  5  1  4 
2 4 3 0.082951 * 2  5  6  4 
3 4 2 0.011885 * 3  6  4 
5 4 2 0.019721 * 5  1  4 
5 4 2 0.019721 * 5  6  4 
6 4 1 0.022723 * 6  4 
7 4 1 0.411423 * 7  4 
8 4 3 0.040508 * 8  11   1   4 
9 4 2 0.006004 * 9  7  4 
10 4 3 0.014105 * 10   3   6   4 
10 4 3 0.014105 * 10   9   7   4 
11 4 2 0.024275 * 11   1   4 
1 5 1 0.077018 * 1  5 
2 5 1 0.621563 * 2  5 
3 5 2 0.049598 * 3  6  5 
4 5 2 0.015525 * 4  1  5 
4 5 2 0.015525 * 4  6  5 
6 5 1 0.070923 * 6  5 
7 5 3 0.054898 * 7  4  1  5 
7 5 3 0.054898 * 7  4  6  5 
8 5 2 0.127492 * 8  2  5 
9 5 3 0.035357 * 9  3  6  5 
10 5 3 0.050861 * 10   3   6   5 
11 5 2 0.182534 * 11   1   5 
1 6 2 0.018292 * 1  4  6 
1 6 2 0.018292 * 1  5  6 
2 6 2 0.191511 * 2  5  6 
3 6 1 0.022528 * 3  6 
4 6 1 0.020082 * 4  6 
5 6 1 0.085254 * 5  6 
7 6 2 0.032084 * 7  4  6 
8 6 3 0.061348 * 8  2  5  6 
9 6 2 0.004968 * 9  3  6 
10 6 2 0.025509 * 10   3   6 
11 6 3 0.026920 * 11   1   4   6 
11 6 3 0.026920 * 11   1   5   6 
1 7 2 0.092382 * 1  4  7 
2 7 4 0.401484 * 2  5  1  4  7 
2 7 4 0.401484 * 2  5  6  4  7 
3 7 2 0.039689 * 3  9  7 
4 7 1 0.069498 * 4  7 
5 7 3 0.094267 * 5  1  4  7 
5 7 3 0.094267 * 5  6  4  7 
6 7 2 0.052350 * 6  4  7 
8 7 4 0.302515 * 8  11   1   4   7 
9 7 1 0.052776 * 9  7 
10 7 2 0.142708 * 10   9   7 
11 7 3 0.312474 * 11   1   4   7 
1 8 2 0.197523 * 1  11   8 
2 8 1 0.378173 * 2  8 
3 8 4 0.088353 * 3  6  5  2  8 
4 8 3 0.184291 * 4   1  11   8 
5 8 2 0.265278 * 5  2  8 
6 8 3 0.105109 * 6  5  2  8 
7 8 4 0.368865 * 7   4   1  11   8 
9 8 5 0.020407 * 9  3  6  5  2  8 
9 8 5 0.020407 * 9   7   4   1  11   8 
10 8 5 0.152157 * 10   3   6   5   2   8 
11 8 1 0.310655 * 11   8 
1 9 3 0.003800 * 1  4  7  9 
2 9 4 0.044306 * 2  5  6  3  9 
3 9 1 0.042454 * 3  9 
4 9 2 0.005140 * 4  7  9 
5 9 3 0.017301 * 5  6  3  9 
6 9 2 0.003394 * 6  3  9 
7 9 1 0.036290 * 7  9 
8 9 5 0.008657 * 8  2  5  6  3  9 
8 9 5 0.008657 * 8  11   1   4   7   9 
10 9 1 0.015156 * 10   9 
11 9 4 0.009163 * 11   1   4   7   9 
1 10 4 0.021726 * 1   4   6   3  10 
1 10 4 0.021726 * 1   4   7   9  10 
1 10 4 0.037280 * 1   5   6   3  10 
2 10 4 0.404389 * 2   5   6   3  10 
3 10 1 0.026033 * 3  10 
4 10 3 0.004987 * 4   6   3  10 
4 10 3 0.004987 * 4   7   9  10 
5 10 3 0.026568 * 5   6   3  10 
6 10 2 0.018089 * 6   3  10 
7 10 2 0.127559 * 7   9  10 
8 10 5 0.109778 * 8   2   5   6   3  10 
9 10 1 0.014175 * 9  10 
11 10 5 0.012697 * 11   1   4   6   3  10 
11 10 5 0.012697 * 11   1   4   7   9  10 
11 10 5 0.014384 * 11   1   5   6   3  10 
1 11 1 0.620435 * 1  11 
2 11 2 0.345492 * 2   8  11 
3 11 4 0.111333 * 3   6   4   1  11 
3 11 4 0.111333 * 3   6   5   1  11 
4 11 2 0.137330 * 4   1  11 
5 11 2 0.289231 * 5   1  11 
6 11 3 0.033957 * 6   4   1  11 
6 11 3 0.033957 * 6   5   1  11 
7 11 3 0.336697 * 7   4   1  11 
8 11 1 0.697017 * 8  11 
9 11 4 0.027234 * 9   7   4   1  11 
10 11 5 0.062882 * 10   3   6   4   1  11 
10 11 5 0.062882 * 10   3   6   5   1  11 
10 11 5 0.062882 * 10   9   7   4   1  11 
