2 1 0.250374 0.064489 * 2  5  1  0 
2 1 0.351464 0.007334 * 2   8  11   1 
3 1 0.354433 0.013161 * 3  6  4  1 
3 1 0.331568 0.009624 * 3  6  5  1 
4 1 0.123381 0.037936 * 4  1 
5 1 0.108825 0.093118 * 5  1 
6 1 0.242068 0.009478 * 6  4  1 
6 1 0.219202 0.006931 * 6  5  1 
7 1 0.241560 0.094239 * 7  4  1 
8 1 0.235522 0.078446 * 8  11   1 
9 1 0.456373 0.006245 * 9  3  6  4  1 
9 1 0.433508 0.006245 * 9  3  6  5  1 
9 1 0.344811 0.003956 * 9  7  4  1  0 
10 1 0.460677 0.014632 * 10   3   6   4   1   0 
10 1 0.437811 0.014632 * 10   3   6   5   1   0 
10 1 0.558283 0.009075 * 10   9   3   6   4   1 
10 1 0.535417 0.009075 * 10   9   3   6   5   1 
10 1 0.446720 0.006332 * 10   9   7   4   1   0 
11 1 0.118320 0.441409 * 11   1 
1 2 0.223425 0.031819 * 1  5  2  0 
1 2 0.353288 0.031819 * 1  11   8   2 
3 2 0.336466 0.069807 * 3  6  5  2 
4 2 0.346806 0.033906 * 4  1  5  2  0 
4 2 0.476669 0.033906 * 4   1  11   8   2 
4 2 0.325376 0.015083 * 4  6  5  2  0 
5 2 0.113724 0.124433 * 5  2 
6 2 0.224101 0.046559 * 6  5  2 
7 2 0.464985 0.039896 * 7  4  1  5  2  0 
7 2 0.594848 0.039896 * 7   4   1  11   8   2 
7 2 0.443555 0.019068 * 7  4  6  5  2  0 
7 2 0.540730 0.006978 * 7  9  3  6  5  2 
8 2 0.104872 0.037332 * 8  2 
9 2 0.438406 0.014691 * 9  3  6  5  2 
10 2 0.442710 0.034486 * 10   3   6   5   2   0 
10 2 0.540316 0.013094 * 10   9   3   6   5   2 
11 2 0.217396 0.051152 * 11   8   2 
1 3 0.329225 0.009068 * 1  4  6  3  0 
1 3 0.440002 0.006372 * 1  4  7  9  3 
1 3 0.356350 0.015422 * 1  5  6  3  0 
2 3 0.388198 0.261119 * 2  5  6  3 
4 3 0.216189 0.015314 * 4  6  3  0 
4 3 0.326966 0.010761 * 4  7  9  3 
5 3 0.246648 0.040423 * 5  6  3 
6 3 0.114914 0.057496 * 6  3 
7 3 0.204264 0.035421 * 7  9  3 
8 3 0.493070 0.023750 * 8  2  5  6  3  0  0 
8 3 0.564747 0.012611 * 8  11   1   4   6   3   0 
8 3 0.675524 0.012611 * 8  11   1   4   7   9   3 
8 3 0.591872 0.012611 * 8  11   1   5   6   3   0 
9 3 0.101940 0.059516 * 9  3 
10 3 0.203849 0.019348 * 10   9   3 
10 3 0.106244 0.050956 * 10   3   0 
11 3 0.447545 0.017488 * 11   1   4   6   3   0 
11 3 0.558322 0.012289 * 11   1   4   7   9   3 
11 3 0.474670 0.029743 * 11   1   5   6   3   0 
1 4 0.113036 0.026463 * 1  4 
2 4 0.363410 0.046469 * 2  5  1  4  0 
2 4 0.391971 0.115190 * 2  5  6  4  0 
2 4 0.464500 0.004243 * 2   8  11   1   4 
3 4 0.231053 0.010634 * 3  6  4  0 
3 4 0.323098 0.001251 * 3  9  7  4 
5 4 0.221861 0.011338 * 5  1  4 
5 4 0.250421 0.028105 * 5  6  4 
6 4 0.118687 0.022723 * 6  4 
7 4 0.118179 0.411423 * 7  4 
8 4 0.348558 0.040508 * 8  11   1   4 
9 4 0.221430 0.006004 * 9  7  4 
10 4 0.337296 0.018333 * 10   3   6   4   0 
10 4 0.429341 0.003047 * 10   3   9   7   4 
10 4 0.323339 0.006830 * 10   9   7   4   0 
11 4 0.231356 0.024275 * 11   1   4 
1 5 0.109702 0.077018 * 1  5 
2 5 0.141550 0.621563 * 2  5 
3 5 0.222743 0.049598 * 3  6  5 
4 5 0.233082 0.018674 * 4  1  5 
4 5 0.211652 0.012376 * 4  6  5 
6 5 0.110377 0.070923 * 6  5 
7 5 0.351262 0.054769 * 7  4  1  5  0 
7 5 0.329831 0.036299 * 7  4  6  5  0 
7 5 0.427006 0.018728 * 7  9  3  6  5 
8 5 0.246422 0.096058 * 8  2  5  0 
8 5 0.345224 0.031434 * 8  11   1   5 
9 5 0.324683 0.035357 * 9  3  6  5 
10 5 0.328987 0.036864 * 10   3   6   5   0 
10 5 0.426592 0.013997 * 10   9   3   6   5 
11 5 0.228022 0.182534 * 11   1   5 
1 6 0.214310 0.009795 * 1  4  6 
1 6 0.241436 0.026789 * 1  5  6 
2 6 0.273283 0.191511 * 2  5  6 
3 6 0.112365 0.022528 * 3  6 
4 6 0.101275 0.020082 * 4  6 
5 6 0.131734 0.085254 * 5  6 
7 6 0.219454 0.018843 * 7  4  6  0 
7 6 0.316629 0.013241 * 7  9  3  6 
8 6 0.378156 0.032395 * 8  2  5  6  0 
8 6 0.449833 0.014477 * 8  11   1   4   6 
8 6 0.476958 0.014477 * 8  11   1   5   6 
9 6 0.214305 0.004968 * 9  3  6 
10 6 0.218609 0.018489 * 10   3   6   0 
10 6 0.316215 0.007020 * 10   9   3   6 
11 6 0.332631 0.015446 * 11   1   4   6 
11 6 0.359756 0.038395 * 11   1   5   6 
1 7 0.235738 0.092382 * 1  4  7 
2 7 0.486112 0.197479 * 2  5  1  4  7  0 
2 7 0.593116 0.061851 * 2  5  6  3  9  7 
2 7 0.514673 0.525555 * 2  5  6  4  7  0 
2 7 0.587202 0.018084 * 2   8  11   1   4   7 
3 7 0.204918 0.039689 * 3  9  7 
4 7 0.122702 0.069498 * 4  7 
5 7 0.344563 0.047436 * 5  1  4  7  0 
5 7 0.451566 0.014857 * 5  6  3  9  7 
5 7 0.373123 0.126242 * 5  6  4  7  0 
6 7 0.319832 0.005512 * 6  3  9  7 
6 7 0.241389 0.046838 * 6  4  7  0 
8 7 0.471260 0.302515 * 8  11   1   4   7 
9 7 0.103251 0.052776 * 9  7 
10 7 0.311162 0.031446 * 10   3   9   7 
10 7 0.205160 0.111262 * 10   9   7   0 
11 7 0.354058 0.312474 * 11   1   4   7 
1 8 0.339367 0.040026 * 1  5  2  8 
1 8 0.248415 0.157497 * 1  11   8   0 
2 8 0.115942 0.378173 * 2  8 
3 8 0.452408 0.088353 * 3  6  5  2  8 
4 8 0.462748 0.035330 * 4  1  5  2  8 
4 8 0.371796 0.131324 * 4   1  11   8   0 
4 8 0.441318 0.017637 * 4  6  5  2  8 
5 8 0.229666 0.265278 * 5  2  8 
6 8 0.340043 0.105109 * 6  5  2  8 
7 8 0.580927 0.080553 * 7  4  1  5  2  8 
7 8 0.489976 0.248100 * 7   4   1  11   8   0 
7 8 0.559497 0.040212 * 7  4  6  5  2  8 
9 8 0.554348 0.002389 * 9  3  6  5  2  8  0 
9 8 0.684178 0.014668 * 9  7  4  1  5  2  8 
9 8 0.593226 0.014668 * 9   7   4   1  11   8   0 
9 8 0.662748 0.009088 * 9  7  4  6  5  2  8 
10 8 0.558652 0.017068 * 10   3   6   5   2   8   0   0 
10 8 0.656258 0.008860 * 10   9   3   6   5   2   8   0 
10 8 0.786087 0.046264 * 10   9   7   4   1   5   2   8 
10 8 0.695136 0.046264 * 10   9   7   4   1  11   8   0 
10 8 0.764657 0.033700 * 10   9   7   4   6   5   2   8 
11 8 0.112523 0.310655 * 11   8 
1 9 0.430892 0.000503 * 1  4  6  3  9 
1 9 0.338062 0.003296 * 1  4  7  9  0 
2 9 0.681267 0.005015 * 2  5  1  4  6  3  9 
2 9 0.588436 0.026272 * 2  5  1  4  7  9  0 
2 9 0.489865 0.013018 * 2  5  6  3  9  0  0 
3 9 0.101667 0.042454 * 3  9 
4 9 0.317856 0.000681 * 4  6  3  9 
4 9 0.225026 0.004459 * 4  7  9  0 
5 9 0.539717 0.001958 * 5  1  4  6  3  9 
5 9 0.446887 0.010259 * 5  1  4  7  9  0 
5 9 0.348316 0.005084 * 5  6  3  9  0  0 
6 9 0.216582 0.003394 * 6  3  9 
7 9 0.102324 0.036290 * 7  9 
8 9 0.786139 0.003747 * 8  2  5  1  4  6  3  9 
8 9 0.693308 0.005221 * 8  2  5  1  4  7  9  0 
8 9 0.594738 0.005221 * 8  2  5  6  3  9  0  0 
8 9 0.666415 0.001562 * 8  11   1   4   6   3   9   0 
8 9 0.573584 0.001562 * 8  11   1   4   7   9   0   0 
10 9 0.207911 0.003340 * 10   3   9 
10 9 0.101909 0.011816 * 10   9   0 
11 9 0.549212 0.003858 * 11   1   4   6   3   9 
11 9 0.456382 0.005305 * 11   1   4   7   9   0 
1 10 0.532424 0.010048 * 1   4   6   3   9  10 
1 10 0.436835 0.010048 * 1   4   6   3  10   0 
1 10 0.439593 0.012322 * 1   4   7   9  10   0 
1 10 0.559549 0.024157 * 1   5   6   3   9  10 
1 10 0.463960 0.024157 * 1   5   6   3  10   0 
2 10 0.591397 0.084738 * 2   5   6   3   9  10 
2 10 0.495808 0.319651 * 2   5   6   3  10   0 
3 10 0.203199 0.004875 * 3   9  10 
3 10 0.107610 0.021157 * 3  10   0 
4 10 0.419388 0.003092 * 4   6   3   9  10 
4 10 0.323799 0.003092 * 4   6   3  10   0 
4 10 0.326557 0.003791 * 4   7   9  10   0 
5 10 0.449847 0.004975 * 5   6   3   9  10 
5 10 0.354258 0.021593 * 5   6   3  10   0 
6 10 0.318113 0.003387 * 6   3   9  10 
6 10 0.222524 0.014701 * 6   3  10   0 
7 10 0.203855 0.127559 * 7   9  10 
8 10 0.696269 0.022610 * 8   2   5   6   3   9  10   0 
8 10 0.600680 0.022610 * 8   2   5   6   3  10   0   0 
8 10 0.767946 0.012148 * 8  11   1   4   6   3   9  10 
8 10 0.672357 0.012148 * 8  11   1   4   6   3  10   0 
8 10 0.675116 0.013421 * 8  11   1   4   7   9  10   0 
8 10 0.795071 0.013421 * 8  11   1   5   6   3   9  10 
8 10 0.699482 0.013421 * 8  11   1   5   6   3  10   0 
9 10 0.101532 0.014175 * 9  10 
11 10 0.650744 0.005244 * 11   1   4   6   3   9  10 
11 10 0.555155 0.005244 * 11   1   4   6   3  10   0 
11 10 0.557913 0.006431 * 11   1   4   7   9  10   0 
11 10 0.677869 0.011430 * 11   1   5   6   3   9  10 
11 10 0.582280 0.011430 * 11   1   5   6   3  10   0 
1 11 0.135892 0.620435 * 1  11 
2 11 0.233144 0.345492 * 2   8  11 
3 11 0.490326 0.110681 * 3   6   4   1  11   0 
3 11 0.467460 0.090143 * 3   6   5   1  11   0 
3 11 0.569611 0.021843 * 3   6   5   2   8  11 
4 11 0.259273 0.137330 * 4   1  11 
5 11 0.244717 0.259697 * 5   1  11   0 
5 11 0.346868 0.029534 * 5   2   8  11 
6 11 0.377960 0.033758 * 6   4   1  11   0 
6 11 0.355094 0.027494 * 6   5   1  11   0 
6 11 0.457245 0.006662 * 6   5   2   8  11 
7 11 0.377452 0.336697 * 7   4   1  11 
8 11 0.117202 0.697017 * 8  11 
9 11 0.592266 0.007929 * 9   3   6   4   1  11   0 
9 11 0.569400 0.007929 * 9   3   6   5   1  11   0 
9 11 0.671551 0.006583 * 9   3   6   5   2   8  11 
9 11 0.480703 0.004793 * 9   7   4   1  11   0   0 
10 11 0.596569 0.044525 * 10   3   6   4   1  11   0   0 
10 11 0.573704 0.044525 * 10   3   6   5   1  11   0   0 
10 11 0.675854 0.019387 * 10   3   6   5   2   8  11   0 
10 11 0.694175 0.023353 * 10   9   3   6   4   1  11   0 
10 11 0.671309 0.023353 * 10   9   3   6   5   1  11   0 
10 11 0.773460 0.019387 * 10   9   3   6   5   2   8  11 
10 11 0.582612 0.014115 * 10   9   7   4   1  11   0   0 
