2  5  1 
0.141733
3  6  4  1 
0.017997
3  6  5  1 
0.017997
4  1 
0.060048
5  1 
0.156649
6  4  1 
0.025269
6  5  1 
0.025269
7  4  1 
0.113153
8  11   1 
0.093053
9  7  4  1 
0.019204
10   3   6   4   1 
0.017975
10   3   6   5   1 
0.017975
10   9   7   4   1 
0.017975
11   1 
0.337016
1  5  2 
0.108121
3  6  5  2 
0.088218
4  1  5  2 
0.026000
4  6  5  2 
0.026000
5  2 
0.179441
6  5  2 
0.057390
7  4  1  5  2 
0.071957
7  4  6  5  2 
0.071957
8  2 
0.041742
9  3  6  5  2 
0.016568
10   3   6   5   2 
0.037589
11   8   2 
0.077672
1  4  6  3 
0.013508
1  5  6  3 
0.013508
2  5  6  3 
0.204564
4  6  3 
0.038234
5  6  3 
0.052412
6  3 
0.076744
7  9  3 
0.131255
8  2  5  6  3 
0.074826
9  3 
0.068447
10   3 
0.093684
11   1   4   6   3 
0.049430
11   1   5   6   3 
0.049430
1  4 
0.028440
2  5  1  4 
0.068782
2  5  6  4 
0.068782
3  6  4 
0.022503
5  1  4 
0.027997
5  6  4 
0.027997
6  4 
0.023567
7  4 
0.226534
8  11   1   4 
0.027232
9  7  4 
0.016844
10   3   6   4 
0.014319
10   9   7   4 
0.014319
11   1   4 
0.039605
1  5 
0.113380
2  5 
0.535761
3  6  5 
0.047323
4  1  5 
0.022679
4  6  5 
0.022679
6  5 
0.082802
7  4  1  5 
0.063821
7  4  6  5 
0.063821
8  2  5 
0.164021
9  3  6  5 
0.035354
10   3   6   5 
0.063254
11   1   5 
0.206577
1  4  6 
0.026668
1  5  6 
0.026668
2  5  6 
0.210460
3  6 
0.062391
4  6 
0.029162
5  6 
0.075305
7  4  6 
0.054185
8  2  5  6 
0.054280
9  3  6 
0.008296
10   3   6 
0.023005
11   1   4   6 
0.036436
11   1   5   6 
0.036436
1  4  7 
0.103487
2  5  1  4  7 
0.291206
2  5  6  4  7 
0.291206
3  9  7 
0.060761
4  7 
0.084226
5  1  4  7 
0.135578
5  6  4  7 
0.135578
6  4  7 
0.068744
8  11   1   4   7 
0.304833
9  7 
0.022105
10   9   7 
0.165013
11   1   4   7 
0.356003
1  11   8 
0.217497
2  8 
0.421094
3  6  5  2  8 
0.112374
4   1  11   8 
0.234000
5  2  8 
0.357390
6  5  2  8 
0.150418
7   4   1  11   8 
0.403624
9  3  6  5  2  8 
0.022961
9   7   4   1  11   8 
0.022961
10   3   6   5   2   8 
0.139885
11   8 
0.434230
1  4  7  9 
0.005398
2  5  6  3  9 
0.032496
3  9 
0.063432
4  7  9 
0.008089
5  6  3  9 
0.026133
6  3  9 
0.007656
7  9 
0.014470
8  2  5  6  3  9 
0.012864
8  11   1   4   7   9 
0.012864
10   9 
0.021193
11   1   4   7   9 
0.014297
1   4   6   3  10 
0.024857
1   4   7   9  10 
0.024857
1   5   6   3  10 
0.038951
2   5   6   3  10 
0.237571
3  10 
0.032487
4   6   3  10 
0.010092
4   7   9  10 
0.010092
5   6   3  10 
0.066772
6   3  10 
0.028091
7   9  10 
0.130451
8   2   5   6   3  10 
0.090653
9  10 
0.030570
11   1   4   6   3  10 
0.017770
11   1   4   7   9  10 
0.017770
11   1   5   6   3  10 
0.021892
1  11 
0.612112
2   8  11 
0.466254
3   6   4   1  11 
0.111995
3   6   5   1  11 
0.111995
4   1  11 
0.087918
5   1  11 
0.275734
6   4   1  11 
0.061471
6   5   1  11 
0.061471
7   4   1  11 
0.430892
8  11 
0.933171
9   7   4   1  11 
0.023939
10   3   6   4   1  11 
0.063836
10   3   6   5   1  11 
0.063836
10   9   7   4   1  11 
0.063836
