2 1 0.245571 0.085586 * 2  5  1  0 
2 1 0.355573 0.010741 * 2   8  11   1 
3 1 0.356389 0.016655 * 3  6  4  1 
3 1 0.333946 0.011721 * 3  6  5  1 
4 1 0.124039 0.040461 * 4  1 
5 1 0.108359 0.099088 * 5  1 
6 1 0.242659 0.013928 * 6  4  1 
6 1 0.220216 0.009802 * 6  5  1 
7 1 0.242491 0.106856 * 7  4  1 
8 1 0.237933 0.071457 * 8  11   1 
9 1 0.459318 0.007498 * 9  3  6  4  1 
9 1 0.436875 0.007498 * 9  3  6  5  1 
9 1 0.346052 0.004727 * 9  7  4  1  0 
10 1 0.462985 0.014072 * 10   3   6   4   1   0 
10 1 0.440541 0.014072 * 10   3   6   5   1   0 
10 1 0.561560 0.008501 * 10   9   3   6   4   1 
10 1 0.539117 0.008501 * 10   9   3   6   5   1 
10 1 0.448294 0.006613 * 10   9   7   4   1   0 
11 1 0.118801 0.403890 * 11   1 
1 2 0.224674 0.044836 * 1  5  2  0 
1 2 0.353115 0.044836 * 1  11   8   2 
3 2 0.340657 0.090677 * 3  6  5  2 
4 2 0.348712 0.015946 * 4  1  5  2  0 
4 2 0.477154 0.015946 * 4   1  11   8   2 
4 2 0.328392 0.005734 * 4  6  5  2  0 
5 2 0.115070 0.153575 * 5  2 
6 2 0.226927 0.055673 * 6  5  2 
7 2 0.467164 0.043926 * 7  4  1  5  2  0 
7 2 0.595606 0.043926 * 7   4   1  11   8   2 
7 2 0.446844 0.015794 * 7  4  6  5  2  0 
7 2 0.546739 0.007032 * 7  9  3  6  5  2 
8 2 0.104713 0.031928 * 8  2 
9 2 0.443586 0.012523 * 9  3  6  5  2 
10 2 0.447252 0.030807 * 10   3   6   5   2   0 
10 2 0.545828 0.011414 * 10   9   3   6   5   2 
11 2 0.218257 0.070775 * 11   8   2 
1 3 0.329502 0.011628 * 1  4  6  3  0 
1 3 0.442899 0.007215 * 1  4  7  9  3 
1 3 0.354516 0.018593 * 1  5  6  3  0 
2 3 0.382124 0.246626 * 2  5  6  3 
4 3 0.216171 0.018993 * 4  6  3  0 
4 3 0.329567 0.011785 * 4  7  9  3 
5 3 0.244913 0.045271 * 5  6  3 
6 3 0.114705 0.081299 * 6  3 
7 3 0.206083 0.093872 * 7  9  3 
8 3 0.486838 0.016682 * 8  2  5  6  3  0  0 
8 3 0.567435 0.009789 * 8  11   1   4   6   3   0 
8 3 0.680832 0.009789 * 8  11   1   4   7   9   3 
8 3 0.592449 0.009789 * 8  11   1   5   6   3   0 
9 3 0.102929 0.084523 * 9  3 
10 3 0.205171 0.024917 * 10   9   3 
10 3 0.106596 0.067250 * 10   3   0 
11 3 0.448303 0.025230 * 11   1   4   6   3   0 
11 3 0.561699 0.015656 * 11   1   4   7   9   3 
11 3 0.473317 0.040343 * 11   1   5   6   3   0 
1 4 0.113331 0.026811 * 1  4 
2 4 0.358902 0.038549 * 2  5  1  4  0 
2 4 0.386039 0.094766 * 2  5  6  4  0 
2 4 0.468904 0.003677 * 2   8  11   1   4 
3 4 0.232350 0.016805 * 3  6  4  0 
3 4 0.323892 0.001775 * 3  9  7  4 
5 4 0.221690 0.012073 * 5  1  4 
5 4 0.248828 0.029679 * 5  6  4 
6 4 0.118621 0.016492 * 6  4 
7 4 0.118452 0.336263 * 7  4 
8 4 0.351264 0.034780 * 8  11   1   4 
9 4 0.222013 0.015472 * 9  7  4 
10 4 0.338946 0.018290 * 10   3   6   4   0 
10 4 0.430488 0.003314 * 10   3   9   7   4 
10 4 0.324255 0.006583 * 10   9   7   4   0 
11 4 0.232132 0.028229 * 11   1   4 
1 5 0.109604 0.068660 * 1  5 
2 5 0.137211 0.553135 * 2  5 
3 5 0.225586 0.066787 * 3  6  5 
4 5 0.233642 0.024690 * 4  1  5 
4 5 0.213322 0.016901 * 4  6  5 
6 5 0.111857 0.063536 * 6  5 
7 5 0.352094 0.046970 * 7  4  1  5  0 
7 5 0.331774 0.032152 * 7  4  6  5  0 
7 5 0.431669 0.012732 * 7  9  3  6  5 
8 5 0.241925 0.091090 * 8  2  5  0 
8 5 0.347537 0.032568 * 8  11   1   5 
9 5 0.328516 0.038305 * 9  3  6  5 
10 5 0.332182 0.049302 * 10   3   6   5   0 
10 5 0.430758 0.018267 * 10   9   3   6   5 
11 5 0.228404 0.185758 * 11   1   5 
1 6 0.214797 0.006751 * 1  4  6 
1 6 0.239811 0.017061 * 1  5  6 
2 6 0.267419 0.200411 * 2  5  6 
3 6 0.113730 0.039856 * 3  6 
4 6 0.101466 0.019378 * 4  6 
5 6 0.130207 0.070239 * 5  6 
7 6 0.219918 0.028210 * 7  4  6  0 
7 6 0.319813 0.017505 * 7  9  3  6 
8 6 0.372132 0.030742 * 8  2  5  6  0 
8 6 0.452730 0.015341 * 8  11   1   4   6 
8 6 0.477744 0.015341 * 8  11   1   5   6 
9 6 0.216659 0.004963 * 9  3  6 
10 6 0.220325 0.020453 * 10   3   6   0 
10 6 0.318901 0.007578 * 10   9   3   6 
11 6 0.333598 0.016714 * 11   1   4   6 
11 6 0.358612 0.042242 * 11   1   5   6 
1 7 0.236816 0.083763 * 1  4  7 
2 7 0.482386 0.178751 * 2  5  1  4  7  0 
2 7 0.587564 0.051201 * 2  5  6  3  9  7 
2 7 0.509524 0.484670 * 2  5  6  4  7  0 
2 7 0.592389 0.016734 * 2   8  11   1   4   7 
3 7 0.205440 0.046672 * 3  9  7 
4 7 0.123485 0.091203 * 4  7 
5 7 0.345175 0.060266 * 5  1  4  7  0 
5 7 0.450353 0.017262 * 5  6  3  9  7 
5 7 0.372313 0.163406 * 5  6  4  7  0 
6 7 0.320146 0.006821 * 6  3  9  7 
6 7 0.242105 0.064570 * 6  4  7  0 
8 7 0.474749 0.316029 * 8  11   1   4   7 
9 7 0.103561 0.041009 * 9  7 
10 7 0.312036 0.035620 * 10   3   9   7 
10 7 0.205803 0.134191 * 10   9   7   0 
11 7 0.355617 0.331620 * 11   1   4   7 
1 8 0.342313 0.033764 * 1  5  2  8 
1 8 0.248402 0.136685 * 1  11   8   0 
2 8 0.117640 0.372648 * 2  8 
3 8 0.458296 0.122183 * 3  6  5  2  8 
4 8 0.466352 0.033982 * 4  1  5  2  8 
4 8 0.372441 0.135488 * 4   1  11   8   0 
4 8 0.446032 0.018372 * 4  6  5  2  8 
5 8 0.232710 0.267270 * 5  2  8 
6 8 0.344566 0.128525 * 6  5  2  8 
7 8 0.584804 0.082302 * 7  4  1  5  2  8 
7 8 0.490893 0.276382 * 7   4   1  11   8   0 
7 8 0.564484 0.044495 * 7  4  6  5  2  8 
9 8 0.561225 0.002923 * 9  3  6  5  2  8  0 
9 8 0.688365 0.017998 * 9  7  4  1  5  2  8 
9 8 0.594454 0.017998 * 9   7   4   1  11   8   0 
9 8 0.668045 0.011474 * 9  7  4  6  5  2  8 
10 8 0.564892 0.016549 * 10   3   6   5   2   8   0   0 
10 8 0.663468 0.008994 * 10   9   3   6   5   2   8   0 
10 8 0.790607 0.043888 * 10   9   7   4   1   5   2   8 
10 8 0.696696 0.043888 * 10   9   7   4   1  11   8   0 
10 8 0.770287 0.035310 * 10   9   7   4   6   5   2   8 
11 8 0.113544 0.360537 * 11   8 
1 9 0.431381 0.000569 * 1  4  6  3  9 
1 9 0.339969 0.003589 * 1  4  7  9  0 
2 9 0.676952 0.004723 * 2  5  1  4  6  3  9 
2 9 0.585540 0.020453 * 2  5  1  4  7  9  0 
2 9 0.484003 0.010049 * 2  5  6  3  9  0  0 
3 9 0.101879 0.066103 * 3  9 
4 9 0.318050 0.000967 * 4  6  3  9 
4 9 0.226638 0.006101 * 4  7  9  0 
5 9 0.539741 0.002425 * 5  1  4  6  3  9 
5 9 0.448329 0.010500 * 5  1  4  7  9  0 
5 9 0.346792 0.005159 * 5  6  3  9  0  0 
6 9 0.216585 0.003472 * 6  3  9 
7 9 0.103154 0.054453 * 7  9 
8 9 0.781665 0.003779 * 8  2  5  1  4  6  3  9 
8 9 0.690253 0.004316 * 8  2  5  1  4  7  9  0 
8 9 0.588717 0.004316 * 8  2  5  6  3  9  0  0 
8 9 0.669314 0.001470 * 8  11   1   4   6   3   9   0 
8 9 0.577902 0.001470 * 8  11   1   4   7   9   0   0 
10 9 0.208475 0.004815 * 10   3   9 
10 9 0.102242 0.018138 * 10   9   0 
11 9 0.550182 0.005157 * 11   1   4   6   3   9 
11 9 0.458770 0.009589 * 11   1   4   7   9   0 
1 10 0.532937 0.008353 * 1   4   6   3   9  10 
1 10 0.436739 0.008353 * 1   4   6   3  10   0 
1 10 0.441525 0.009908 * 1   4   7   9  10   0 
1 10 0.557951 0.018245 * 1   5   6   3   9  10 
1 10 0.461753 0.018245 * 1   5   6   3  10   0 
2 10 0.585559 0.080180 * 2   5   6   3   9  10 
2 10 0.489361 0.288004 * 2   5   6   3  10   0 
3 10 0.203435 0.005872 * 3   9  10 
3 10 0.107236 0.025362 * 3  10   0 
4 10 0.419606 0.003573 * 4   6   3   9  10 
4 10 0.323407 0.003573 * 4   6   3  10   0 
4 10 0.328194 0.004238 * 4   7   9  10   0 
5 10 0.448348 0.006115 * 5   6   3   9  10 
5 10 0.352149 0.026409 * 5   6   3  10   0 
6 10 0.318140 0.003860 * 6   3   9  10 
6 10 0.221942 0.016672 * 6   3  10   0 
7 10 0.204709 0.123377 * 7   9  10 
8 10 0.690272 0.019438 * 8   2   5   6   3   9  10   0 
8 10 0.594074 0.019438 * 8   2   5   6   3  10   0   0 
8 10 0.770870 0.012174 * 8  11   1   4   6   3   9  10 
8 10 0.674672 0.012174 * 8  11   1   4   6   3  10   0 
8 10 0.679458 0.012962 * 8  11   1   4   7   9  10   0 
8 10 0.795884 0.012962 * 8  11   1   5   6   3   9  10 
8 10 0.699686 0.012962 * 8  11   1   5   6   3  10   0 
9 10 0.101556 0.022432 * 9  10 
11 10 0.651738 0.006929 * 11   1   4   6   3   9  10 
11 10 0.555539 0.006929 * 11   1   4   6   3  10   0 
11 10 0.560326 0.008220 * 11   1   4   7   9  10   0 
11 10 0.676752 0.015136 * 11   1   5   6   3   9  10 
11 10 0.580554 0.015136 * 11   1   5   6   3  10   0 
1 11 0.134858 0.588440 * 1  11 
2 11 0.236772 0.409808 * 2   8  11 
3 11 0.491247 0.106790 * 3   6   4   1  11   0 
3 11 0.468804 0.084586 * 3   6   5   1  11   0 
3 11 0.577428 0.019894 * 3   6   5   2   8  11 
4 11 0.258897 0.122019 * 4   1  11 
5 11 0.243217 0.206769 * 5   1  11   0 
5 11 0.351842 0.025949 * 5   2   8  11 
6 11 0.377517 0.043766 * 6   4   1  11   0 
6 11 0.355074 0.034666 * 6   5   1  11   0 
6 11 0.463699 0.008153 * 6   5   2   8  11 
7 11 0.377349 0.370161 * 7   4   1  11 
8 11 0.119132 0.770335 * 8  11 
9 11 0.594176 0.007057 * 9   3   6   4   1  11   0 
9 11 0.571733 0.007057 * 9   3   6   5   1  11   0 
9 11 0.680358 0.005915 * 9   3   6   5   2   8  11 
9 11 0.480910 0.004230 * 9   7   4   1  11   0   0 
10 11 0.597843 0.045429 * 10   3   6   4   1  11   0   0 
10 11 0.575399 0.045429 * 10   3   6   5   1  11   0   0 
10 11 0.684024 0.019007 * 10   3   6   5   2   8  11   0 
10 11 0.696418 0.022674 * 10   9   3   6   4   1  11   0 
10 11 0.673975 0.022674 * 10   9   3   6   5   1  11   0 
10 11 0.782600 0.019007 * 10   9   3   6   5   2   8  11 
10 11 0.583152 0.013591 * 10   9   7   4   1  11   0   0 
