2  5  1 
0.006976
3  6  4  1 
0.000802
3  6  5  1 
0.000802
4  1 
0.001123
5  1 
0.007787
6  4  1 
0.000813
6  5  1 
0.000813
7  4  1 
0.005600
8  11   1 
0.005226
9  7  4  1 
0.000468
10   3   6   4   1 
0.000858
10   3   6   5   1 
0.000858
10   9   7   4   1 
0.000858
11   1 
0.034559
1  5  2 
0.004921
3  6  5  2 
0.002428
4  1  5  2 
0.000889
4  6  5  2 
0.000889
5  2 
0.006624
6  5  2 
0.005510
7  4  1  5  2 
0.016939
7  4  6  5  2 
0.016939
8  2 
0.002525
9  3  6  5  2 
0.000366
10   3   6   5   2 
0.002423
11   8   2 
0.004911
1  4  6  3 
0.001518
1  5  6  3 
0.001518
2  5  6  3 
0.016391
4  6  3 
0.002420
5  6  3 
0.002909
6  3 
0.003313
7  9  3 
0.002100
8  2  5  6  3 
0.002839
9  3 
0.003812
10   3 
0.003585
11   1   4   6   3 
0.003189
11   1   5   6   3 
0.003189
1  4 
0.002222
2  5  1  4 
0.005509
2  5  6  4 
0.005509
3  6  4 
0.004612
5  1  4 
0.001046
5  6  4 
0.001046
6  4 
0.001960
7  4 
0.003043
8  11   1   4 
0.002475
9  7  4 
0.000365
10   3   6   4 
0.000311
10   9   7   4 
0.000311
11   1   4 
0.003916
1  5 
0.005864
2  5 
0.046284
3  6  5 
0.003239
4  1  5 
0.001070
4  6  5 
0.001070
6  5 
0.004315
7  4  1  5 
0.003716
7  4  6  5 
0.003716
8  2  5 
0.012876
9  3  6  5 
0.000891
10   3   6   5 
0.002081
11   1   5 
0.015286
1  4  6 
0.001654
1  5  6 
0.001654
2  5  6 
0.016290
3  6 
0.001268
4  6 
0.001283
5  6 
0.003884
7  4  6 
0.001524
8  2  5  6 
0.003367
9  3  6 
0.000250
10   3   6 
0.001696
11   1   4   6 
0.002211
11   1   5   6 
0.002211
1  4  7 
0.006378
2  5  1  4  7 
0.025146
2  5  6  4  7 
0.025146
3  9  7 
0.001159
4  7 
0.010694
5  1  4  7 
0.005915
5  6  4  7 
0.005915
6  4  7 
0.002013
8  11   1   4   7 
0.018211
9  7 
0.001227
10   9   7 
0.006424
11   1   4   7 
0.017356
1  11   8 
0.018742
2  8 
0.024404
3  6  5  2  8 
0.005793
4   1  11   8 
0.011959
5  2  8 
0.024227
6  5  2  8 
0.006709
7   4   1  11   8 
0.016502
9  3  6  5  2  8 
0.000758
9   7   4   1  11   8 
0.000758
10   3   6   5   2   8 
0.008198
11   8 
0.024265
1  4  7  9 
0.000478
2  5  6  3  9 
0.002097
3  9 
0.001188
4  7  9 
0.000163
5  6  3  9 
0.001181
6  3  9 
0.000205
7  9 
0.002050
8  2  5  6  3  9 
0.000455
8  11   1   4   7   9 
0.000455
10   9 
0.000669
11   1   4   7   9 
0.000769
1   4   6   3  10 
0.001758
1   4   7   9  10 
0.001758
1   5   6   3  10 
0.003182
2   5   6   3  10 
0.027580
3  10 
0.001027
4   6   3  10 
0.000287
4   7   9  10 
0.000287
5   6   3  10 
0.003312
6   3  10 
0.001411
7   9  10 
0.004889
8   2   5   6   3  10 
0.008554
9  10 
0.001397
11   1   4   6   3  10 
0.001252
11   1   4   7   9  10 
0.001252
11   1   5   6   3  10 
0.001766
1  11 
0.035459
2   8  11 
0.019377
3   6   4   1  11 
0.006077
3   6   5   1  11 
0.006077
4   1  11 
0.004196
5   1  11 
0.020766
6   4   1  11 
0.004057
6   5   1  11 
0.004057
7   4   1  11 
0.017386
8  11 
0.048704
9   7   4   1  11 
0.001183
10   3   6   4   1  11 
0.003662
10   3   6   5   1  11 
0.003662
10   9   7   4   1  11 
0.003662
