2 1 0.202445 0.002536 * 2  5  1  0 
2 1 0.302768 0.002536 * 2   8  11   1 
3 1 0.303421 0.001796 * 3  6  4  1 
3 1 0.301778 0.001796 * 3  6  5  1 
4 1 0.101493 0.000795 * 4  1 
5 1 0.100425 0.006355 * 5  1 
6 1 0.202700 0.000412 * 6  4  1 
6 1 0.201056 0.000412 * 6  5  1 
7 1 0.202708 0.006662 * 7  4  1 
8 1 0.201897 0.005356 * 8  11   1 
9 1 0.403520 0.000791 * 9  3  6  4  1 
9 1 0.401876 0.000791 * 9  3  6  5  1 
9 1 0.302992 0.000396 * 9  7  4  1  0 
10 1 0.403748 0.000516 * 10   3   6   4   1   0 
10 1 0.402105 0.000516 * 10   3   6   5   1   0 
10 1 0.503703 0.000774 * 10   9   3   6   4   1 
10 1 0.502059 0.000774 * 10   9   3   6   5   1 
10 1 0.403175 0.000531 * 10   9   7   4   1   0 
11 1 0.100954 0.026602 * 11   1 
1 2 0.201359 0.001522 * 1  5  2  0 
1 2 0.303073 0.001522 * 1  11   8   2 
3 2 0.302238 0.004829 * 3  6  5  2 
4 2 0.302852 0.005143 * 4  1  5  2  0 
4 2 0.404566 0.005143 * 4   1  11   8   2 
4 2 0.301731 0.004211 * 4  6  5  2  0 
5 2 0.100885 0.009252 * 5  2 
6 2 0.201516 0.003035 * 6  5  2 
7 2 0.404067 0.002455 * 7  4  1  5  2  0 
7 2 0.505781 0.002455 * 7   4   1  11   8   2 
7 2 0.402946 0.002455 * 7  4  6  5  2  0 
7 2 0.502513 0.000818 * 7  9  3  6  5  2 
8 2 0.100291 0.002338 * 8  2 
9 2 0.402336 0.001043 * 9  3  6  5  2 
10 2 0.402565 0.001575 * 10   3   6   5   2   0 
10 2 0.502519 0.001575 * 10   9   3   6   5   2 
11 2 0.201068 0.003107 * 11   8   2 
1 3 0.301705 0.000614 * 1  4  6  3  0 
1 3 0.402185 0.000614 * 1  4  7  9  3 
1 3 0.303110 0.000525 * 1  5  6  3  0 
2 3 0.304656 0.020208 * 2  5  6  3 
4 3 0.201052 0.000460 * 4  6  3  0 
4 3 0.301532 0.000460 * 4  7  9  3 
5 3 0.202636 0.003576 * 5  6  3 
6 3 0.100838 0.003644 * 6  3 
7 3 0.200275 0.001149 * 7  9  3 
8 3 0.404948 0.000486 * 8  2  5  6  3  0  0 
8 3 0.503603 0.001388 * 8  11   1   4   6   3   0 
8 3 0.604083 0.001388 * 8  11   1   4   7   9   3 
8 3 0.505007 0.001187 * 8  11   1   5   6   3   0 
9 3 0.100099 0.003430 * 9  3 
10 3 0.200281 0.002032 * 10   9   3 
10 3 0.100327 0.002032 * 10   3   0 
11 3 0.402660 0.001071 * 11   1   4   6   3   0 
11 3 0.503140 0.001071 * 11   1   4   7   9   3 
11 3 0.404064 0.000916 * 11   1   5   6   3   0 
1 4 0.100653 0.001170 * 1  4 
2 4 0.303098 0.004164 * 2  5  1  4  0 
2 4 0.305025 0.004164 * 2  5  6  4  0 
2 4 0.403421 0.002883 * 2   8  11   1   4 
3 4 0.201928 0.000423 * 3  6  4  0 
3 4 0.301585 0.000423 * 3  9  7  4 
5 4 0.201078 0.001660 * 5  1  4 
5 4 0.203006 0.001660 * 5  6  4 
6 4 0.101207 0.000564 * 6  4 
7 4 0.101215 0.035458 * 7  4 
8 4 0.302550 0.002170 * 8  11   1   4 
9 4 0.201499 0.000269 * 9  7  4 
10 4 0.302256 0.000992 * 10   3   6   4   0 
10 4 0.401912 0.000992 * 10   3   9   7   4 
10 4 0.301682 0.000671 * 10   9   7   4   0 
11 4 0.201607 0.001425 * 11   1   4 
1 5 0.100474 0.004715 * 1  5 
2 5 0.102020 0.039937 * 2  5 
3 5 0.201352 0.002595 * 3  6  5 
4 5 0.201966 0.000973 * 4  1  5 
4 5 0.200845 0.000973 * 4  6  5 
6 5 0.100631 0.005805 * 6  5 
7 5 0.303182 0.002081 * 7  4  1  5  0 
7 5 0.302061 0.002081 * 7  4  6  5  0 
7 5 0.401628 0.001361 * 7  9  3  6  5 
8 5 0.202311 0.004263 * 8  2  5  0 
8 5 0.302371 0.004263 * 8  11   1   5 
9 5 0.301451 0.002118 * 9  3  6  5 
10 5 0.301680 0.001493 * 10   3   6   5   0 
10 5 0.401634 0.001493 * 10   9   3   6   5 
11 5 0.201428 0.010600 * 11   1   5 
1 6 0.200868 0.002151 * 1  4  6 
1 6 0.202272 0.002151 * 1  5  6 
2 6 0.203819 0.011995 * 2  5  6 
3 6 0.100721 0.001183 * 3  6 
4 6 0.100215 0.001052 * 4  6 
5 6 0.101799 0.004804 * 5  6 
7 6 0.201430 0.001030 * 7  4  6  0 
7 6 0.300997 0.001030 * 7  9  3  6 
8 6 0.304110 0.000695 * 8  2  5  6  0 
8 6 0.402765 0.001389 * 8  11   1   4   6 
8 6 0.404169 0.001389 * 8  11   1   5   6 
9 6 0.200820 0.000342 * 9  3  6 
10 6 0.201049 0.000768 * 10   3   6   0 
10 6 0.301003 0.000768 * 10   9   3   6 
11 6 0.301822 0.001611 * 11   1   4   6 
11 6 0.303226 0.001611 * 11   1   5   6 
1 7 0.201910 0.005728 * 1  4  7 
2 7 0.404355 0.013888 * 2  5  1  4  7  0 
2 7 0.505026 0.015050 * 2  5  6  3  9  7 
2 7 0.406282 0.015050 * 2  5  6  4  7  0 
2 7 0.504678 0.010584 * 2   8  11   1   4   7 
3 7 0.200370 0.001499 * 3  9  7 
4 7 0.101257 0.002553 * 4  7 
5 7 0.302335 0.004034 * 5  1  4  7  0 
5 7 0.403006 0.004372 * 5  6  3  9  7 
5 7 0.304262 0.004372 * 5  6  4  7  0 
6 7 0.301208 0.001499 * 6  3  9  7 
6 7 0.202464 0.001499 * 6  4  7  0 
8 7 0.403807 0.018403 * 8  11   1   4   7 
9 7 0.100284 0.004638 * 9  7 
10 7 0.300697 0.004763 * 10   3   9   7 
10 7 0.200467 0.004763 * 10   9   7   0 
11 7 0.302864 0.020082 * 11   1   4   7 
1 8 0.302230 0.005900 * 1  5  2  8 
1 8 0.202781 0.005900 * 1  11   8   0 
2 8 0.100871 0.025400 * 2  8 
3 8 0.403108 0.005117 * 3  6  5  2  8 
4 8 0.403722 0.004626 * 4  1  5  2  8 
4 8 0.304274 0.004626 * 4   1  11   8   0 
4 8 0.402602 0.003335 * 4  6  5  2  8 
5 8 0.201756 0.016164 * 5  2  8 
6 8 0.302387 0.006880 * 6  5  2  8 
7 8 0.504938 0.009021 * 7  4  1  5  2  8 
7 8 0.405489 0.009021 * 7   4   1  11   8   0 
7 8 0.503817 0.006504 * 7  4  6  5  2  8 
9 8 0.503207 0.000290 * 9  3  6  5  2  8  0 
9 8 0.605222 0.000871 * 9  7  4  1  5  2  8 
9 8 0.505773 0.000871 * 9   7   4   1  11   8   0 
9 8 0.604101 0.000871 * 9  7  4  6  5  2  8 
10 8 0.503436 0.000746 * 10   3   6   5   2   8   0   0 
10 8 0.603390 0.000999 * 10   9   3   6   5   2   8   0 
10 8 0.705404 0.002982 * 10   9   7   4   1   5   2   8 
10 8 0.605956 0.002982 * 10   9   7   4   1  11   8   0 
10 8 0.704283 0.002982 * 10   9   7   4   6   5   2   8 
11 8 0.100777 0.023897 * 11   8 
1 9 0.401791 0.000163 * 1  4  6  3  9 
1 9 0.302087 0.000163 * 1  4  7  9  0 
2 9 0.604236 0.001707 * 2  5  1  4  6  3  9 
2 9 0.504532 0.001707 * 2  5  1  4  7  9  0 
2 9 0.404742 0.001292 * 2  5  6  3  9  0  0 
3 9 0.100086 0.001164 * 3  9 
4 9 0.301138 0.000123 * 4  6  3  9 
4 9 0.201434 0.000123 * 4  7  9  0 
5 9 0.502216 0.000316 * 5  1  4  6  3  9 
5 9 0.402512 0.000316 * 5  1  4  7  9  0 
5 9 0.302722 0.000239 * 5  6  3  9  0  0 
6 9 0.200924 0.000155 * 6  3  9 
7 9 0.100177 0.002218 * 7  9 
8 9 0.704528 0.000216 * 8  2  5  1  4  6  3  9 
8 9 0.604823 0.000216 * 8  2  5  1  4  7  9  0 
8 9 0.505033 0.000216 * 8  2  5  6  3  9  0  0 
8 9 0.603688 0.000144 * 8  11   1   4   6   3   9   0 
8 9 0.503984 0.000144 * 8  11   1   4   7   9   0   0 
10 9 0.200413 0.000500 * 10   3   9 
10 9 0.100183 0.000500 * 10   9   0 
11 9 0.502745 0.000184 * 11   1   4   6   3   9 
11 9 0.403041 0.000184 * 11   1   4   7   9   0 
1 10 0.501927 0.001292 * 1   4   6   3   9  10 
1 10 0.402117 0.001292 * 1   4   6   3  10   0 
1 10 0.402223 0.000646 * 1   4   7   9  10   0 
1 10 0.503332 0.001186 * 1   5   6   3   9  10 
1 10 0.403521 0.001186 * 1   5   6   3  10   0 
2 10 0.504878 0.013359 * 2   5   6   3   9  10 
2 10 0.405068 0.013359 * 2   5   6   3  10   0 
3 10 0.200222 0.000648 * 3   9  10 
3 10 0.100411 0.000648 * 3  10   0 
4 10 0.401274 0.000279 * 4   6   3   9  10 
4 10 0.301464 0.000279 * 4   6   3  10   0 
4 10 0.301570 0.000140 * 4   7   9  10   0 
5 10 0.402858 0.000696 * 5   6   3   9  10 
5 10 0.303048 0.000696 * 5   6   3  10   0 
6 10 0.301060 0.000500 * 6   3   9  10 
6 10 0.201249 0.000500 * 6   3  10   0 
7 10 0.200313 0.007336 * 7   9  10 
8 10 0.605170 0.000516 * 8   2   5   6   3   9  10   0 
8 10 0.505359 0.000516 * 8   2   5   6   3  10   0   0 
8 10 0.703825 0.001291 * 8  11   1   4   6   3   9  10 
8 10 0.604014 0.001291 * 8  11   1   4   6   3  10   0 
8 10 0.604120 0.000735 * 8  11   1   4   7   9  10   0 
8 10 0.705229 0.001291 * 8  11   1   5   6   3   9  10 
8 10 0.605418 0.001291 * 8  11   1   5   6   3  10   0 
9 10 0.100136 0.001010 * 9  10 
11 10 0.602882 0.000550 * 11   1   4   6   3   9  10 
11 10 0.503071 0.000550 * 11   1   4   6   3  10   0 
11 10 0.503177 0.000275 * 11   1   4   7   9  10   0 
11 10 0.604286 0.000504 * 11   1   5   6   3   9  10 
11 10 0.504475 0.000504 * 11   1   5   6   3  10   0 
1 11 0.102004 0.045793 * 1  11 
2 11 0.201814 0.020170 * 2   8  11 
3 11 0.405426 0.003941 * 3   6   4   1  11   0 
3 11 0.403782 0.007881 * 3   6   5   1  11   0 
3 11 0.504051 0.007881 * 3   6   5   2   8  11 
4 11 0.203497 0.013597 * 4   1  11 
5 11 0.202429 0.012987 * 5   1  11   0 
5 11 0.302699 0.012987 * 5   2   8  11 
6 11 0.304704 0.000574 * 6   4   1  11   0 
6 11 0.303060 0.001148 * 6   5   1  11   0 
6 11 0.403330 0.001148 * 6   5   2   8  11 
7 11 0.304712 0.024936 * 7   4   1  11 
8 11 0.100943 0.046445 * 8  11 
9 11 0.505524 0.000482 * 9   3   6   4   1  11   0 
9 11 0.503881 0.000482 * 9   3   6   5   1  11   0 
9 11 0.604150 0.000482 * 9   3   6   5   2   8  11 
9 11 0.404996 0.000161 * 9   7   4   1  11   0   0 
10 11 0.505753 0.001676 * 10   3   6   4   1  11   0   0 
10 11 0.504109 0.001676 * 10   3   6   5   1  11   0   0 
10 11 0.604379 0.001676 * 10   3   6   5   2   8  11   0 
10 11 0.605707 0.002071 * 10   9   3   6   4   1  11   0 
10 11 0.604063 0.002071 * 10   9   3   6   5   1  11   0 
10 11 0.704333 0.002071 * 10   9   3   6   5   2   8  11 
10 11 0.505179 0.000690 * 10   9   7   4   1  11   0   0 
