2  5  1  0 
0.002545
2   8  11   1 
0.002545
3  6  4  1 
0.000627
3  6  5  1 
0.000627
4  1 
0.000699
5  1 
0.005734
6  4  1 
0.000477
6  5  1 
0.000477
7  4  1 
0.007204
8  11   1 
0.006156
9  3  6  4  1 
0.001056
9  3  6  5  1 
0.001056
9  7  4  1  0 
0.000528
10   3   6   4   1   0 
0.000442
10   3   6   5   1   0 
0.000442
10   9   3   6   4   1 
0.000663
10   9   3   6   5   1 
0.000663
10   9   7   4   1   0 
0.000571
11   1 
0.049984
1  5  2  0 
0.002224
1  11   8   2 
0.002224
3  6  5  2 
0.004497
4  1  5  2  0 
0.002517
4   1  11   8   2 
0.002517
4  6  5  2  0 
0.002009
5  2 
0.005961
6  5  2 
0.002313
7  4  1  5  2  0 
0.007641
7   4   1  11   8   2 
0.007641
7  4  6  5  2  0 
0.006102
7  9  3  6  5  2 
0.004476
8  2 
0.001226
9  3  6  5  2 
0.000441
10   3   6   5   2   0 
0.001427
10   9   3   6   5   2 
0.001427
11   8   2 
0.002683
1  4  6  3  0 
0.000702
1  4  7  9  3 
0.000702
1  5  6  3  0 
0.000533
2  5  6  3 
0.015325
4  6  3  0 
0.000936
4  7  9  3 
0.000936
5  6  3 
0.001529
6  3 
0.002348
7  9  3 
0.001231
8  2  5  6  3  0  0 
0.000586
8  11   1   4   6   3   0 
0.001715
8  11   1   4   7   9   3 
0.001715
8  11   1   5   6   3   0 
0.001303
9  3 
0.003502
10   9   3 
0.001825
10   3   0 
0.001825
11   1   4   6   3   0 
0.001065
11   1   4   7   9   3 
0.001065
11   1   5   6   3   0 
0.000809
1  4 
0.002523
2  5  1  4  0 
0.003970
2  5  6  4  0 
0.003970
2   8  11   1   4 
0.002614
3  6  4  0 
0.000224
3  9  7  4 
0.000224
5  1  4 
0.001826
5  6  4 
0.001826
6  4 
0.000384
7  4 
0.039659
8  11   1   4 
0.001898
9  7  4 
0.000422
10   3   6   4   0 
0.000303
10   3   9   7   4 
0.000303
10   9   7   4   0 
0.000162
11   1   4 
0.001115
1  5 
0.003935
2  5 
0.039313
3  6  5 
0.001929
4  1  5 
0.000868
4  6  5 
0.000868
6  5 
0.003915
7  4  1  5  0 
0.002023
7  4  6  5  0 
0.002023
7  9  3  6  5 
0.001366
8  2  5  0 
0.003512
8  11   1   5 
0.003512
9  3  6  5 
0.002566
10   3   6   5   0 
0.001431
10   9   3   6   5 
0.001431
11   1   5 
0.007642
1  4  6 
0.001375
1  5  6 
0.001375
2  5  6 
0.012479
3  6 
0.001208
4  6 
0.001093
5  6 
0.003123
7  4  6  0 
0.000824
7  9  3  6 
0.000824
8  2  5  6  0 
0.000558
8  11   1   4   6 
0.001115
8  11   1   5   6 
0.001115
9  3  6 
0.000216
10   3   6   0 
0.000858
10   9   3   6 
0.000858
11   1   4   6 
0.002651
11   1   5   6 
0.002651
1  4  7 
0.006153
2  5  1  4  7  0 
0.012401
2  5  6  3  9  7 
0.013375
2  5  6  4  7  0 
0.013375
2   8  11   1   4   7 
0.009593
3  9  7 
0.001296
4  7 
0.003198
5  1  4  7  0 
0.003390
5  6  3  9  7 
0.003656
5  6  4  7  0 
0.003656
6  3  9  7 
0.001238
6  4  7  0 
0.001238
8  11   1   4   7 
0.017895
9  7 
0.001539
10   3   9   7 
0.004696
10   9   7   0 
0.004696
11   1   4   7 
0.019563
1  5  2  8 
0.006427
1  11   8   0 
0.006427
2  8 
0.019946
3  6  5  2  8 
0.005208
4  1  5  2  8 
0.004776
4   1  11   8   0 
0.004776
4  6  5  2  8 
0.003110
5  2  8 
0.017673
6  5  2  8 
0.006518
7  4  1  5  2  8 
0.006505
7   4   1  11   8   0 
0.006505
7  4  6  5  2  8 
0.004237
9  3  6  5  2  8  0 
0.000173
9  7  4  1  5  2  8 
0.000519
9   7   4   1  11   8   0 
0.000519
9  7  4  6  5  2  8 
0.000519
10   3   6   5   2   8   0   0 
0.000583
10   9   3   6   5   2   8   0 
0.000741
10   9   7   4   1   5   2   8 
0.002223
10   9   7   4   1  11   8   0 
0.002223
10   9   7   4   6   5   2   8 
0.002223
11   8 
0.020275
1  4  6  3  9 
0.000159
1  4  7  9  0 
0.000159
2  5  1  4  6  3  9 
0.001213
2  5  1  4  7  9  0 
0.001213
2  5  6  3  9  0  0 
0.000854
3  9 
0.002435
4  6  3  9 
0.000112
4  7  9  0 
0.000112
5  1  4  6  3  9 
0.000378
5  1  4  7  9  0 
0.000378
5  6  3  9  0  0 
0.000266
6  3  9 
0.000091
7  9 
0.002278
8  2  5  1  4  6  3  9 
0.000204
8  2  5  1  4  7  9  0 
0.000204
8  2  5  6  3  9  0  0 
0.000204
8  11   1   4   6   3   9   0 
0.000136
8  11   1   4   7   9   0   0 
0.000136
10   3   9 
0.000368
10   9   0 
0.000368
11   1   4   6   3   9 
0.000228
11   1   4   7   9   0 
0.000228
1   4   6   3   9  10 
0.001312
1   4   6   3  10   0 
0.001312
1   4   7   9  10   0 
0.000656
1   5   6   3   9  10 
0.001233
1   5   6   3  10   0 
0.001233
2   5   6   3   9  10 
0.014679
2   5   6   3  10   0 
0.014679
3   9  10 
0.000615
3  10   0 
0.000615
4   6   3   9  10 
0.000216
4   6   3  10   0 
0.000216
4   7   9  10   0 
0.000108
5   6   3   9  10 
0.002583
5   6   3  10   0 
0.002583
6   3   9  10 
0.000396
6   3  10   0 
0.000396
7   9  10 
0.006751
8   2   5   6   3   9  10   0 
0.000577
8   2   5   6   3  10   0   0 
0.000577
8  11   1   4   6   3   9  10 
0.001443
8  11   1   4   6   3  10   0 
0.001443
8  11   1   4   7   9  10   0 
0.000777
8  11   1   5   6   3   9  10 
0.001443
8  11   1   5   6   3  10   0 
0.001443
9  10 
0.000947
11   1   4   6   3   9  10 
0.000611
11   1   4   6   3  10   0 
0.000611
11   1   4   7   9  10   0 
0.000305
11   1   5   6   3   9  10 
0.000574
11   1   5   6   3  10   0 
0.000574
1  11 
0.034666
2   8  11 
0.027564
3   6   4   1  11   0 
0.002569
3   6   5   1  11   0 
0.005138
3   6   5   2   8  11 
0.005138
4   1  11 
0.007396
5   1  11   0 
0.008838
5   2   8  11 
0.008838
6   4   1  11   0 
0.000637
6   5   1  11   0 
0.001273
6   5   2   8  11 
0.001273
7   4   1  11 
0.021957
8  11 
0.041161
9   3   6   4   1  11   0 
0.000230
9   3   6   5   1  11   0 
0.000230
9   3   6   5   2   8  11 
0.000230
9   7   4   1  11   0   0 
0.000077
10   3   6   4   1  11   0   0 
0.001396
10   3   6   5   1  11   0   0 
0.001396
10   3   6   5   2   8  11   0 
0.001396
10   9   3   6   4   1  11   0 
0.001593
10   9   3   6   5   1  11   0 
0.001593
10   9   3   6   5   2   8  11 
0.001593
10   9   7   4   1  11   0   0 
0.000531
