2  5  1  0 
0.003480
2   8  11   1 
0.003480
3  6  4  1 
0.000977
3  6  5  1 
0.000977
4  1 
0.011856
5  1 
0.009175
6  4  1 
0.001253
6  5  1 
0.001253
7  4  1 
0.007193
8  11   1 
0.005055
9  3  6  4  1 
0.000702
9  3  6  5  1 
0.000702
9  7  4  1  0 
0.000351
10   3   6   4   1   0 
0.000721
10   3   6   5   1   0 
0.000721
10   9   3   6   4   1 
0.001082
10   9   3   6   5   1 
0.001082
10   9   7   4   1   0 
0.000611
11   1 
0.024651
1  5  2  0 
0.003417
1  11   8   2 
0.003417
3  6  5  2 
0.006016
4  1  5  2  0 
0.001069
4   1  11   8   2 
0.001069
4  6  5  2  0 
0.000534
5  2 
0.011021
6  5  2 
0.003369
7  4  1  5  2  0 
0.002973
7   4   1  11   8   2 
0.002973
7  4  6  5  2  0 
0.001486
7  9  3  6  5  2 
0.001047
8  2 
0.003843
9  3  6  5  2 
0.001902
10   3   6   5   2   0 
0.001060
10   9   3   6   5   2 
0.001060
11   8   2 
0.006256
1  4  6  3  0 
0.000727
1  4  7  9  3 
0.000727
1  5  6  3  0 
0.000522
2  5  6  3 
0.014459
4  6  3  0 
0.001322
4  7  9  3 
0.001322
5  6  3 
0.002674
6  3 
0.004948
7  9  3 
0.007903
8  2  5  6  3  0  0 
0.000361
8  11   1   4   6   3   0 
0.001084
8  11   1   4   7   9   3 
0.001084
8  11   1   5   6   3   0 
0.001084
9  3 
0.004294
10   9   3 
0.004648
10   3   0 
0.004648
11   1   4   6   3   0 
0.002000
11   1   4   7   9   3 
0.002000
11   1   5   6   3   0 
0.001437
1  4 
0.001714
2  5  1  4  0 
0.003186
2  5  6  4  0 
0.003186
2   8  11   1   4 
0.001897
3  6  4  0 
0.000740
3  9  7  4 
0.000740
5  1  4 
0.001873
5  6  4 
0.001873
6  4 
0.001769
7  4 
0.002839
8  11   1   4 
0.001581
9  7  4 
0.000968
10   3   6   4   0 
0.000663
10   3   9   7   4 
0.000663
10   9   7   4   0 
0.000332
11   1   4 
0.002656
1  5 
0.008718
2  5 
0.036059
3  6  5 
0.003351
4  1  5 
0.001457
4  6  5 
0.001457
6  5 
0.006399
7  4  1  5  0 
0.003435
7  4  6  5  0 
0.003435
7  9  3  6  5 
0.002328
8  2  5  0 
0.006390
8  11   1   5 
0.006390
9  3  6  5 
0.003458
10   3   6   5   0 
0.002202
10   9   3   6   5 
0.002202
11   1   5 
0.013730
1  4  6 
0.002046
1  5  6 
0.002046
2  5  6 
0.013990
3  6 
0.003789
4  6 
0.002162
5  6 
0.004265
7  4  6  0 
0.001436
7  9  3  6 
0.001436
8  2  5  6  0 
0.000636
8  11   1   4   6 
0.001271
8  11   1   5   6 
0.001271
9  3  6 
0.001141
10   3   6   0 
0.000571
10   9   3   6 
0.000571
11   1   4   6 
0.002267
11   1   5   6 
0.002267
1  4  7 
0.008510
2  5  1  4  7  0 
0.010047
2  5  6  3  9  7 
0.011637
2  5  6  4  7  0 
0.011637
2   8  11   1   4   7 
0.006920
3  9  7 
0.005533
4  7 
0.004022
5  1  4  7  0 
0.004112
5  6  3  9  7 
0.004763
5  6  4  7  0 
0.004763
6  3  9  7 
0.002311
6  4  7  0 
0.002311
8  11   1   4   7 
0.020072
9  7 
0.001000
10   3   9   7 
0.005937
10   9   7   0 
0.005937
11   1   4   7 
0.021522
1  5  2  8 
0.008035
1  11   8   0 
0.008035
2  8 
0.028198
3  6  5  2  8 
0.006606
4  1  5  2  8 
0.005517
4   1  11   8   0 
0.005517
4  6  5  2  8 
0.003682
5  2  8 
0.025055
6  5  2  8 
0.009511
7  4  1  5  2  8 
0.009881
7   4   1  11   8   0 
0.009881
7  4  6  5  2  8 
0.006594
9  3  6  5  2  8  0 
0.000301
9  7  4  1  5  2  8 
0.000902
9   7   4   1  11   8   0 
0.000902
9  7  4  6  5  2  8 
0.000902
10   3   6   5   2   8   0   0 
0.000580
10   9   3   6   5   2   8   0 
0.000840
10   9   7   4   1   5   2   8 
0.002321
10   9   7   4   1  11   8   0 
0.002321
10   9   7   4   6   5   2   8 
0.002321
11   8 
0.026586
1  4  6  3  9 
0.000166
1  4  7  9  0 
0.000166
2  5  1  4  6  3  9 
0.000715
2  5  1  4  7  9  0 
0.000715
2  5  6  3  9  0  0 
0.000389
3  9 
0.003056
4  6  3  9 
0.000265
4  7  9  0 
0.000265
5  1  4  6  3  9 
0.000600
5  1  4  7  9  0 
0.000600
5  6  3  9  0  0 
0.000327
6  3  9 
0.000332
7  9 
0.000857
8  2  5  1  4  6  3  9 
0.000317
8  2  5  1  4  7  9  0 
0.000317
8  2  5  6  3  9  0  0 
0.000317
8  11   1   4   6   3   9   0 
0.000211
8  11   1   4   7   9   0   0 
0.000211
10   3   9 
0.000767
10   9   0 
0.000767
11   1   4   6   3   9 
0.000459
11   1   4   7   9   0 
0.000459
1   4   6   3   9  10 
0.001380
1   4   6   3  10   0 
0.001380
1   4   7   9  10   0 
0.000690
1   5   6   3   9  10 
0.001195
1   5   6   3  10   0 
0.001195
2   5   6   3   9  10 
0.007775
2   5   6   3  10   0 
0.007775
3   9  10 
0.000935
3  10   0 
0.000935
4   6   3   9  10 
0.000527
4   6   3  10   0 
0.000527
4   7   9  10   0 
0.000264
5   6   3   9  10 
0.002115
5   6   3  10   0 
0.002115
6   3   9  10 
0.001033
6   3  10   0 
0.001033
7   9  10 
0.009247
8   2   5   6   3   9  10   0 
0.000473
8   2   5   6   3  10   0   0 
0.000473
8  11   1   4   6   3   9  10 
0.001182
8  11   1   4   6   3  10   0 
0.001182
8  11   1   4   7   9  10   0 
0.000834
8  11   1   5   6   3   9  10 
0.001182
8  11   1   5   6   3  10   0 
0.001182
9  10 
0.002744
11   1   4   6   3   9  10 
0.000879
11   1   4   6   3  10   0 
0.000879
11   1   4   7   9  10   0 
0.000439
11   1   5   6   3   9  10 
0.000761
11   1   5   6   3  10   0 
0.000761
1  11 
0.038854
2   8  11 
0.031972
3   6   4   1  11   0 
0.003161
3   6   5   1  11   0 
0.005717
3   6   5   2   8  11 
0.005717
4   1  11 
0.006337
5   1  11   0 
0.009298
5   2   8  11 
0.009298
6   4   1  11   0 
0.001250
6   5   1  11   0 
0.002262
6   5   2   8  11 
0.002262
7   4   1  11 
0.033570
8  11 
0.058232
9   3   6   4   1  11   0 
0.000504
9   3   6   5   1  11   0 
0.000504
9   3   6   5   2   8  11 
0.000504
9   7   4   1  11   0   0 
0.000168
10   3   6   4   1  11   0   0 
0.002148
10   3   6   5   1  11   0   0 
0.002148
10   3   6   5   2   8  11   0 
0.002148
10   9   3   6   4   1  11   0 
0.002569
10   9   3   6   5   1  11   0 
0.002569
10   9   3   6   5   2   8  11 
0.002569
10   9   7   4   1  11   0   0 
0.000856
