2 1 0.202228 0.002092 * 2  5  1  0 
2 1 0.303248 0.002092 * 2   8  11   1 
3 1 0.303361 0.000428 * 3  6  4  1 
3 1 0.301659 0.000428 * 3  6  5  1 
4 1 0.101399 0.004210 * 4  1 
5 1 0.100284 0.004851 * 5  1 
6 1 0.202629 0.000718 * 6  4  1 
6 1 0.200926 0.000718 * 6  5  1 
7 1 0.202957 0.006099 * 7  4  1 
8 1 0.202228 0.005438 * 8  11   1 
9 1 0.403518 0.000447 * 9  3  6  4  1 
9 1 0.401815 0.000447 * 9  3  6  5  1 
9 1 0.303257 0.000223 * 9  7  4  1  0 
10 1 0.403726 0.000702 * 10   3   6   4   1   0 
10 1 0.402024 0.000702 * 10   3   6   5   1   0 
10 1 0.503717 0.001030 * 10   9   3   6   4   1 
10 1 0.502015 0.001030 * 10   9   3   6   5   1 
10 1 0.403457 0.000515 * 10   9   7   4   1   0 
11 1 0.101074 0.027679 * 11   1 
1 2 0.201196 0.001903 * 1  5  2  0 
1 2 0.302879 0.001903 * 1  11   8   2 
3 2 0.302173 0.005740 * 3  6  5  2 
4 2 0.302595 0.000542 * 4  1  5  2  0 
4 2 0.404278 0.000542 * 4   1  11   8   2 
4 2 0.301671 0.000289 * 4  6  5  2  0 
5 2 0.100798 0.010044 * 5  2 
6 2 0.201441 0.003317 * 6  5  2 
7 2 0.404153 0.002328 * 7  4  1  5  2  0 
7 2 0.505836 0.002328 * 7   4   1  11   8   2 
7 2 0.403229 0.001242 * 7  4  6  5  2  0 
7 2 0.502549 0.000981 * 7  9  3  6  5  2 
8 2 0.100278 0.002152 * 8  2 
9 2 0.402329 0.000939 * 9  3  6  5  2 
10 2 0.402538 0.001446 * 10   3   6   5   2   0 
10 2 0.502529 0.001446 * 10   9   3   6   5   2 
11 2 0.201093 0.001804 * 11   8   2 
1 3 0.301763 0.000891 * 1  4  6  3  0 
1 3 0.402426 0.000891 * 1  4  7  9  3 
1 3 0.302956 0.000711 * 1  5  6  3  0 
2 3 0.304502 0.015599 * 2  5  6  3 
4 3 0.201048 0.000896 * 4  6  3  0 
4 3 0.301710 0.000896 * 4  7  9  3 
5 3 0.202558 0.002128 * 5  6  3 
6 3 0.100817 0.005586 * 6  3 
7 3 0.200376 0.004232 * 7  9  3 
8 3 0.404780 0.000426 * 8  2  5  6  3  0  0 
8 3 0.503991 0.001278 * 8  11   1   4   6   3   0 
8 3 0.604654 0.001278 * 8  11   1   4   7   9   3 
8 3 0.505184 0.001278 * 8  11   1   5   6   3   0 
9 3 0.100156 0.004737 * 9  3 
10 3 0.200356 0.003276 * 10   9   3 
10 3 0.100365 0.003276 * 10   3   0 
11 3 0.402837 0.001758 * 11   1   4   6   3   0 
11 3 0.503500 0.001758 * 11   1   4   7   9   3 
11 3 0.404030 0.001402 * 11   1   5   6   3   0 
1 4 0.100716 0.001491 * 1  4 
2 4 0.302944 0.003143 * 2  5  1  4  0 
2 4 0.304915 0.003143 * 2  5  6  4  0 
2 4 0.403964 0.001979 * 2   8  11   1   4 
3 4 0.201963 0.000512 * 3  6  4  0 
3 4 0.301976 0.000512 * 3  9  7  4 
5 4 0.201000 0.001621 * 5  1  4 
5 4 0.202971 0.001621 * 5  6  4 
6 4 0.101230 0.000696 * 6  4 
7 4 0.101558 0.065271 * 7  4 
8 4 0.302944 0.003130 * 8  11   1   4 
9 4 0.201859 0.000722 * 9  7  4 
10 4 0.302328 0.000523 * 10   3   6   4   0 
10 4 0.402341 0.000523 * 10   3   9   7   4 
10 4 0.302058 0.000261 * 10   9   7   4   0 
11 4 0.201790 0.001765 * 11   1   4 
1 5 0.100398 0.005792 * 1  5 
2 5 0.101944 0.040692 * 2  5 
3 5 0.201375 0.004219 * 3  6  5 
4 5 0.201797 0.001077 * 4  1  5 
4 5 0.200873 0.001077 * 4  6  5 
6 5 0.100643 0.003605 * 6  5 
7 5 0.303355 0.003247 * 7  4  1  5  0 
7 5 0.302431 0.003247 * 7  4  6  5  0 
7 5 0.401751 0.002381 * 7  9  3  6  5 
8 5 0.202223 0.003784 * 8  2  5  0 
8 5 0.302626 0.003784 * 8  11   1   5 
9 5 0.301531 0.003206 * 9  3  6  5 
10 5 0.301740 0.001732 * 10   3   6   5   0 
10 5 0.401731 0.001732 * 10   9   3   6   5 
11 5 0.201472 0.013064 * 11   1   5 
1 6 0.200946 0.000588 * 1  4  6 
1 6 0.202139 0.000588 * 1  5  6 
2 6 0.203685 0.012511 * 2  5  6 
3 6 0.100733 0.001417 * 3  6 
4 6 0.100230 0.001349 * 4  6 
5 6 0.101740 0.008855 * 5  6 
7 6 0.201788 0.001014 * 7  4  6  0 
7 6 0.301109 0.001014 * 7  9  3  6 
8 6 0.303963 0.000811 * 8  2  5  6  0 
8 6 0.403174 0.001622 * 8  11   1   4   6 
8 6 0.404367 0.001622 * 8  11   1   5   6 
9 6 0.200889 0.000245 * 9  3  6 
10 6 0.201097 0.000860 * 10   3   6   0 
10 6 0.301088 0.000860 * 10   9   3   6 
11 6 0.302020 0.001640 * 11   1   4   6 
11 6 0.303213 0.001640 * 11   1   5   6 
1 7 0.202050 0.004982 * 1  4  7 
2 7 0.404278 0.014255 * 2  5  1  4  7  0 
2 7 0.504920 0.015896 * 2  5  6  3  9  7 
2 7 0.406249 0.015896 * 2  5  6  4  7  0 
2 7 0.505298 0.011147 * 2   8  11   1   4   7 
3 7 0.200418 0.003267 * 3  9  7 
4 7 0.101334 0.003938 * 4  7 
5 7 0.302334 0.003703 * 5  1  4  7  0 
5 7 0.402976 0.004129 * 5  6  3  9  7 
5 7 0.304305 0.004129 * 5  6  4  7  0 
6 7 0.301236 0.002106 * 6  3  9  7 
6 7 0.202564 0.002106 * 6  4  7  0 
8 7 0.404278 0.021523 * 8  11   1   4   7 
9 7 0.100301 0.002603 * 9  7 
10 7 0.300783 0.006128 * 10   3   9   7 
10 7 0.200500 0.006128 * 10   9   7   0 
11 7 0.303124 0.021047 * 11   1   4   7 
1 8 0.302217 0.006452 * 1  5  2  8 
1 8 0.202601 0.006452 * 1  11   8   0 
2 8 0.101020 0.026984 * 2  8 
3 8 0.403193 0.007025 * 3  6  5  2  8 
4 8 0.403615 0.004721 * 4  1  5  2  8 
4 8 0.303999 0.004721 * 4   1  11   8   0 
4 8 0.402691 0.003421 * 4  6  5  2  8 
5 8 0.201818 0.017152 * 5  2  8 
6 8 0.302461 0.007500 * 6  5  2  8 
7 8 0.505173 0.010756 * 7  4  1  5  2  8 
7 8 0.405557 0.010756 * 7   4   1  11   8   0 
7 8 0.504249 0.007794 * 7  4  6  5  2  8 
9 8 0.503350 0.000354 * 9  3  6  5  2  8  0 
9 8 0.605474 0.001061 * 9  7  4  1  5  2  8 
9 8 0.505858 0.001061 * 9   7   4   1  11   8   0 
9 8 0.604550 0.001061 * 9  7  4  6  5  2  8 
10 8 0.503558 0.000706 * 10   3   6   5   2   8   0   0 
10 8 0.603549 0.001012 * 10   9   3   6   5   2   8   0 
10 8 0.705674 0.002823 * 10   9   7   4   1   5   2   8 
10 8 0.606058 0.002823 * 10   9   7   4   1  11   8   0 
10 8 0.704750 0.002823 * 10   9   7   4   6   5   2   8 
11 8 0.100815 0.022688 * 11   8 
1 9 0.401881 0.000101 * 1  4  6  3  9 
1 9 0.302270 0.000101 * 1  4  7  9  0 
2 9 0.604109 0.001060 * 2  5  1  4  6  3  9 
2 9 0.504498 0.001060 * 2  5  1  4  7  9  0 
2 9 0.404620 0.000619 * 2  5  6  3  9  0  0 
3 9 0.100118 0.004561 * 3  9 
4 9 0.301165 0.000228 * 4  6  3  9 
4 9 0.201554 0.000228 * 4  7  9  0 
5 9 0.502165 0.000277 * 5  1  4  6  3  9 
5 9 0.402554 0.000277 * 5  1  4  7  9  0 
5 9 0.302675 0.000161 * 5  6  3  9  0  0 
6 9 0.200935 0.000318 * 6  3  9 
7 9 0.100220 0.001800 * 7  9 
8 9 0.704388 0.000166 * 8  2  5  1  4  6  3  9 
8 9 0.604776 0.000166 * 8  2  5  1  4  7  9  0 
8 9 0.504898 0.000166 * 8  2  5  6  3  9  0  0 
8 9 0.604109 0.000110 * 8  11   1   4   6   3   9   0 
8 9 0.504498 0.000110 * 8  11   1   4   7   9   0   0 
10 9 0.200482 0.000378 * 10   3   9 
10 9 0.100200 0.000378 * 10   9   0 
11 9 0.502955 0.000453 * 11   1   4   6   3   9 
11 9 0.403344 0.000453 * 11   1   4   7   9   0 
1 10 0.502031 0.001112 * 1   4   6   3   9  10 
1 10 0.402189 0.001112 * 1   4   6   3  10   0 
1 10 0.402420 0.000556 * 1   4   7   9  10   0 
1 10 0.503224 0.001051 * 1   5   6   3   9  10 
1 10 0.403382 0.001051 * 1   5   6   3  10   0 
2 10 0.504770 0.012881 * 2   5   6   3   9  10 
2 10 0.404928 0.012881 * 2   5   6   3  10   0 
3 10 0.200268 0.001016 * 3   9  10 
3 10 0.100426 0.001016 * 3  10   0 
4 10 0.401316 0.000186 * 4   6   3   9  10 
4 10 0.301473 0.000186 * 4   6   3  10   0 
4 10 0.301705 0.000093 * 4   7   9  10   0 
5 10 0.402826 0.000990 * 5   6   3   9  10 
5 10 0.302983 0.000990 * 5   6   3  10   0 
6 10 0.301085 0.000629 * 6   3   9  10 
6 10 0.201243 0.000629 * 6   3  10   0 
7 10 0.200370 0.009133 * 7   9  10 
8 10 0.605048 0.000588 * 8   2   5   6   3   9  10   0 
8 10 0.505206 0.000588 * 8   2   5   6   3  10   0   0 
8 10 0.704259 0.001471 * 8  11   1   4   6   3   9  10 
8 10 0.604417 0.001471 * 8  11   1   4   6   3  10   0 
8 10 0.604648 0.000752 * 8  11   1   4   7   9  10   0 
8 10 0.705452 0.001421 * 8  11   1   5   6   3   9  10 
8 10 0.605610 0.001421 * 8  11   1   5   6   3  10   0 
9 10 0.100150 0.001206 * 9  10 
11 10 0.603105 0.000662 * 11   1   4   6   3   9  10 
11 10 0.503263 0.000662 * 11   1   4   6   3  10   0 
11 10 0.503494 0.000331 * 11   1   4   7   9  10   0 
11 10 0.604298 0.000626 * 11   1   5   6   3   9  10 
11 10 0.504456 0.000626 * 11   1   5   6   3  10   0 
1 11 0.101786 0.035058 * 1  11 
2 11 0.304014 0.014910 * 2   5   1  11 
2 11 0.202174 0.014910 * 2   8  11   0 
3 11 0.405147 0.007999 * 3   6   4   1  11 
3 11 0.403445 0.007999 * 3   6   5   1  11 
4 11 0.203184 0.006085 * 4   1  11 
5 11 0.202069 0.016799 * 5   1  11 
6 11 0.304414 0.003541 * 6   4   1  11 
6 11 0.302712 0.003541 * 6   5   1  11 
7 11 0.304742 0.023109 * 7   4   1  11 
8 11 0.101154 0.053589 * 8  11 
9 11 0.505303 0.000755 * 9   3   6   4   1  11 
9 11 0.503601 0.000755 * 9   3   6   5   1  11 
9 11 0.405043 0.000377 * 9   7   4   1  11   0 
10 11 0.505512 0.002559 * 10   3   6   4   1  11   0 
10 11 0.503809 0.002559 * 10   3   6   5   1  11   0 
10 11 0.605503 0.003176 * 10   9   3   6   4   1  11 
10 11 0.603800 0.003176 * 10   9   3   6   5   1  11 
10 11 0.505242 0.001588 * 10   9   7   4   1  11   0 
