2 1 0.202415 0.002305 * 2  5  1  0 
2 1 0.302805 0.002305 * 2   8  11   1 
3 1 0.303121 0.000945 * 3  6  4  1 
3 1 0.301585 0.000945 * 3  6  5  1 
4 1 0.101332 0.000724 * 4  1 
5 1 0.100336 0.007359 * 5  1 
6 1 0.202481 0.000421 * 6  4  1 
6 1 0.200945 0.000421 * 6  5  1 
7 1 0.202267 0.006269 * 7  4  1 
8 1 0.201910 0.005899 * 8  11   1 
9 1 0.403213 0.000456 * 9  3  6  4  1 
9 1 0.401678 0.000456 * 9  3  6  5  1 
9 1 0.302535 0.000228 * 9  7  4  1  0 
10 1 0.403449 0.000680 * 10   3   6   4   1   0 
10 1 0.401914 0.000680 * 10   3   6   5   1   0 
10 1 0.503393 0.001012 * 10   9   3   6   4   1 
10 1 0.501858 0.001012 * 10   9   3   6   5   1 
10 1 0.402715 0.000506 * 10   9   7   4   1   0 
11 1 0.100966 0.029310 * 11   1 
1 2 0.201250 0.002631 * 1  5  2  0 
1 2 0.302924 0.002631 * 1  11   8   2 
3 2 0.302080 0.003527 * 3  6  5  2 
4 2 0.302583 0.002568 * 4  1  5  2  0 
4 2 0.404256 0.002568 * 4   1  11   8   2 
4 2 0.301675 0.001597 * 4  6  5  2  0 
5 2 0.100831 0.008116 * 5  2 
6 2 0.201440 0.002334 * 6  5  2 
7 2 0.403517 0.002759 * 7  4  1  5  2  0 
7 2 0.505190 0.002759 * 7   4   1  11   8   2 
7 2 0.402609 0.001909 * 7  4  6  5  2  0 
7 2 0.502363 0.000920 * 7  9  3  6  5  2 
8 2 0.100304 0.002819 * 8  2 
9 2 0.402173 0.001070 * 9  3  6  5  2 
10 2 0.402408 0.001479 * 10   3   6   5   2   0 
10 2 0.502353 0.001479 * 10   9   3   6   5   2 
11 2 0.201049 0.003233 * 11   8   2 
1 3 0.301726 0.000590 * 1  4  6  3  0 
1 3 0.402232 0.000590 * 1  4  7  9  3 
1 3 0.302963 0.000405 * 1  5  6  3  0 
2 3 0.304622 0.018610 * 2  5  6  3 
4 3 0.201035 0.001037 * 4  6  3  0 
4 3 0.301541 0.001037 * 4  7  9  3 
5 3 0.202544 0.002707 * 5  6  3 
6 3 0.100800 0.001243 * 6  3 
7 3 0.200283 0.001816 * 7  9  3 
8 3 0.404926 0.000373 * 8  2  5  6  3  0  0 
8 3 0.503636 0.001119 * 8  11   1   4   6   3   0 
8 3 0.604141 0.001119 * 8  11   1   4   7   9   3 
8 3 0.504873 0.000952 * 8  11   1   5   6   3   0 
9 3 0.100093 0.002332 * 9  3 
10 3 0.200273 0.001499 * 10   9   3 
10 3 0.100328 0.001499 * 10   3   0 
11 3 0.402692 0.000954 * 11   1   4   6   3   0 
11 3 0.503198 0.000954 * 11   1   4   7   9   3 
11 3 0.403929 0.000655 * 11   1   5   6   3   0 
1 4 0.100691 0.002102 * 1  4 
2 4 0.303106 0.004919 * 2  5  1  4  0 
2 4 0.304971 0.004919 * 2  5  6  4  0 
2 4 0.403496 0.003979 * 2   8  11   1   4 
3 4 0.201788 0.000328 * 3  6  4  0 
3 4 0.301282 0.000328 * 3  9  7  4 
5 4 0.201028 0.001088 * 5  1  4 
5 4 0.202892 0.001088 * 5  6  4 
6 4 0.101148 0.002413 * 6  4 
7 4 0.100935 0.004317 * 7  4 
8 4 0.302601 0.002369 * 8  11   1   4 
9 4 0.201203 0.000682 * 9  7  4 
10 4 0.302117 0.000597 * 10   3   6   4   0 
10 4 0.401611 0.000597 * 10   3   9   7   4 
10 4 0.301383 0.000366 * 10   9   7   4   0 
11 4 0.201657 0.001525 * 11   1   4 
1 5 0.100419 0.006090 * 1  5 
2 5 0.102079 0.043602 * 2  5 
3 5 0.201249 0.002718 * 3  6  5 
4 5 0.201752 0.000906 * 4  1  5 
4 5 0.200844 0.000906 * 4  6  5 
6 5 0.100609 0.004710 * 6  5 
7 5 0.302686 0.003024 * 7  4  1  5  0 
7 5 0.301778 0.003024 * 7  4  6  5  0 
7 5 0.401532 0.002279 * 7  9  3  6  5 
8 5 0.202382 0.004761 * 8  2  5  0 
8 5 0.302329 0.004761 * 8  11   1   5 
9 5 0.301342 0.002248 * 9  3  6  5 
10 5 0.301577 0.001552 * 10   3   6   5   0 
10 5 0.401522 0.001552 * 10   9   3   6   5 
11 5 0.201386 0.010304 * 11   1   5 
1 6 0.200926 0.000638 * 1  4  6 
1 6 0.202163 0.000638 * 1  5  6 
2 6 0.203822 0.012386 * 2  5  6 
3 6 0.100640 0.001246 * 3  6 
4 6 0.100235 0.001308 * 4  6 
5 6 0.101744 0.004701 * 5  6 
7 6 0.201169 0.001180 * 7  4  6  0 
7 6 0.300923 0.001180 * 7  9  3  6 
8 6 0.304126 0.000832 * 8  2  5  6  0 
8 6 0.402836 0.001663 * 8  11   1   4   6 
8 6 0.404073 0.001663 * 8  11   1   5   6 
9 6 0.200733 0.000212 * 9  3  6 
10 6 0.200969 0.000875 * 10   3   6   0 
10 6 0.300913 0.000875 * 10   9   3   6 
11 6 0.301892 0.001784 * 11   1   4   6 
11 6 0.303129 0.001784 * 11   1   5   6 
1 7 0.201949 0.009081 * 1  4  7 
2 7 0.404364 0.013656 * 2  5  1  4  7  0 
2 7 0.504970 0.014808 * 2  5  6  3  9  7 
2 7 0.406228 0.014808 * 2  5  6  4  7  0 
2 7 0.504754 0.010555 * 2   8  11   1   4   7 
3 7 0.200348 0.001668 * 3  9  7 
4 7 0.101257 0.002596 * 4  7 
5 7 0.302285 0.003743 * 5  1  4  7  0 
5 7 0.402891 0.004059 * 5  6  3  9  7 
5 7 0.304149 0.004059 * 5  6  4  7  0 
6 7 0.301148 0.001469 * 6  3  9  7 
6 7 0.202406 0.001469 * 6  4  7  0 
8 7 0.403858 0.017601 * 8  11   1   4   7 
9 7 0.100268 0.003150 * 9  7 
10 7 0.300676 0.004559 * 10   3   9   7 
10 7 0.200448 0.004559 * 10   9   7   0 
11 7 0.302915 0.019187 * 11   1   4   7 
1 8 0.302146 0.007239 * 1  5  2  8 
1 8 0.202620 0.007239 * 1  11   8   0 
2 8 0.100895 0.024317 * 2  8 
3 8 0.402975 0.005552 * 3  6  5  2  8 
4 8 0.403478 0.004385 * 4  1  5  2  8 
4 8 0.303952 0.004385 * 4   1  11   8   0 
4 8 0.402570 0.002921 * 4  6  5  2  8 
5 8 0.201726 0.018603 * 5  2  8 
6 8 0.302335 0.006821 * 6  5  2  8 
7 8 0.504413 0.008550 * 7  4  1  5  2  8 
7 8 0.404887 0.008550 * 7   4   1  11   8   0 
7 8 0.503505 0.005696 * 7  4  6  5  2  8 
9 8 0.503068 0.000263 * 9  3  6  5  2  8  0 
9 8 0.604681 0.000788 * 9  7  4  1  5  2  8 
9 8 0.505155 0.000788 * 9   7   4   1  11   8   0 
9 8 0.603773 0.000788 * 9  7  4  6  5  2  8 
10 8 0.503304 0.000828 * 10   3   6   5   2   8   0   0 
10 8 0.603248 0.001064 * 10   9   3   6   5   2   8   0 
10 8 0.704861 0.003193 * 10   9   7   4   1   5   2   8 
10 8 0.605335 0.003193 * 10   9   7   4   1  11   8   0 
10 8 0.703953 0.003193 * 10   9   7   4   6   5   2   8 
11 8 0.100745 0.020657 * 11   8 
1 9 0.401806 0.000153 * 1  4  6  3  9 
1 9 0.302139 0.000153 * 1  4  7  9  0 
2 9 0.604221 0.001046 * 2  5  1  4  6  3  9 
2 9 0.504554 0.001046 * 2  5  1  4  7  9  0 
2 9 0.404702 0.000696 * 2  5  6  3  9  0  0 
3 9 0.100079 0.002131 * 3  9 
4 9 0.301114 0.000155 * 4  6  3  9 
4 9 0.201448 0.000155 * 4  7  9  0 
5 9 0.502142 0.000351 * 5  1  4  6  3  9 
5 9 0.402475 0.000351 * 5  1  4  7  9  0 
5 9 0.302623 0.000233 * 5  6  3  9  0  0 
6 9 0.200879 0.000212 * 6  3  9 
7 9 0.100191 0.002923 * 7  9 
8 9 0.704524 0.000157 * 8  2  5  1  4  6  3  9 
8 9 0.604858 0.000157 * 8  2  5  1  4  7  9  0 
8 9 0.505005 0.000157 * 8  2  5  6  3  9  0  0 
8 9 0.603715 0.000105 * 8  11   1   4   6   3   9   0 
8 9 0.504049 0.000105 * 8  11   1   4   7   9   0   0 
10 9 0.200408 0.000487 * 10   3   9 
10 9 0.100180 0.000487 * 10   9   0 
11 9 0.502772 0.000247 * 11   1   4   6   3   9 
11 9 0.403105 0.000247 * 11   1   4   7   9   0 
1 10 0.501941 0.001365 * 1   4   6   3   9  10 
1 10 0.402174 0.001365 * 1   4   6   3  10   0 
1 10 0.402275 0.000683 * 1   4   7   9  10   0 
1 10 0.503178 0.001260 * 1   5   6   3   9  10 
1 10 0.403411 0.001260 * 1   5   6   3  10   0 
2 10 0.504837 0.014950 * 2   5   6   3   9  10 
2 10 0.405071 0.014950 * 2   5   6   3  10   0 
3 10 0.200215 0.000797 * 3   9  10 
3 10 0.100448 0.000797 * 3  10   0 
4 10 0.401250 0.000260 * 4   6   3   9  10 
4 10 0.301483 0.000260 * 4   6   3  10   0 
4 10 0.301584 0.000130 * 4   7   9  10   0 
5 10 0.402759 0.000835 * 5   6   3   9  10 
5 10 0.302992 0.000835 * 5   6   3  10   0 
6 10 0.301015 0.000590 * 6   3   9  10 
6 10 0.201248 0.000590 * 6   3  10   0 
7 10 0.200326 0.007264 * 7   9  10 
8 10 0.605141 0.000497 * 8   2   5   6   3   9  10   0 
8 10 0.505374 0.000497 * 8   2   5   6   3  10   0   0 
8 10 0.703851 0.001242 * 8  11   1   4   6   3   9  10 
8 10 0.604084 0.001242 * 8  11   1   4   6   3  10   0 
8 10 0.604185 0.000730 * 8  11   1   4   7   9  10   0 
8 10 0.705088 0.001242 * 8  11   1   5   6   3   9  10 
8 10 0.605321 0.001242 * 8  11   1   5   6   3  10   0 
9 10 0.100136 0.000907 * 9  10 
11 10 0.602907 0.000515 * 11   1   4   6   3   9  10 
11 10 0.503141 0.000515 * 11   1   4   6   3  10   0 
11 10 0.503241 0.000257 * 11   1   4   7   9  10   0 
11 10 0.604144 0.000475 * 11   1   5   6   3   9  10 
11 10 0.504378 0.000475 * 11   1   5   6   3  10   0 
1 11 0.101875 0.048895 * 1  11 
2 11 0.201839 0.020272 * 2   8  11 
3 11 0.404995 0.002844 * 3   6   4   1  11   0 
3 11 0.403460 0.005212 * 3   6   5   1  11   0 
3 11 0.503919 0.005212 * 3   6   5   2   8  11 
4 11 0.203207 0.009213 * 4   1  11 
5 11 0.202211 0.008235 * 5   1  11   0 
5 11 0.302670 0.008235 * 5   2   8  11 
6 11 0.304355 0.000852 * 6   4   1  11   0 
6 11 0.302820 0.001561 * 6   5   1  11   0 
6 11 0.403279 0.001561 * 6   5   2   8  11 
7 11 0.304141 0.027332 * 7   4   1  11 
8 11 0.100943 0.046692 * 8  11 
9 11 0.505088 0.000609 * 9   3   6   4   1  11   0 
9 11 0.503552 0.000609 * 9   3   6   5   1  11   0 
9 11 0.604012 0.000609 * 9   3   6   5   2   8  11 
9 11 0.404410 0.000203 * 9   7   4   1  11   0   0 
10 11 0.505324 0.001753 * 10   3   6   4   1  11   0   0 
10 11 0.503788 0.001753 * 10   3   6   5   1  11   0   0 
10 11 0.604247 0.001753 * 10   3   6   5   2   8  11   0 
10 11 0.605268 0.002242 * 10   9   3   6   4   1  11   0 
10 11 0.603733 0.002242 * 10   9   3   6   5   1  11   0 
10 11 0.704192 0.002242 * 10   9   3   6   5   2   8  11 
10 11 0.504590 0.000747 * 10   9   7   4   1  11   0   0 
