2 1 2 0.004618 * 2  5  1 
3 1 3 0.000741 * 3  6  4  1 
3 1 3 0.000741 * 3  6  5  1 
4 1 1 0.001367 * 4  1 
5 1 1 0.006371 * 5  1 
6 1 2 0.000683 * 6  4  1 
6 1 2 0.000683 * 6  5  1 
7 1 2 0.006616 * 7  4  1 
8 1 2 0.005015 * 8  11   1 
9 1 3 0.001224 * 9  7  4  1 
10 1 4 0.001261 * 10   3   6   4   1 
10 1 4 0.001261 * 10   3   6   5   1 
10 1 4 0.001261 * 10   9   7   4   1 
11 1 1 0.027847 * 11   1 
1 2 2 0.004521 * 1  5  2 
3 2 3 0.006403 * 3  6  5  2 
4 2 3 0.001681 * 4  1  5  2 
4 2 3 0.001681 * 4  6  5  2 
5 2 1 0.011599 * 5  2 
6 2 2 0.003458 * 6  5  2 
7 2 4 0.002716 * 7  4  1  5  2 
7 2 4 0.002716 * 7  4  6  5  2 
8 2 1 0.001693 * 8  2 
9 2 4 0.000572 * 9  3  6  5  2 
10 2 4 0.002615 * 10   3   6   5   2 
11 2 2 0.005293 * 11   8   2 
1 3 3 0.001238 * 1  4  6  3 
1 3 3 0.001238 * 1  5  6  3 
2 3 3 0.016647 * 2  5  6  3 
4 3 2 0.001774 * 4  6  3 
5 3 2 0.002127 * 5  6  3 
6 3 1 0.006429 * 6  3 
7 3 2 0.002682 * 7  9  3 
8 3 4 0.004751 * 8  2  5  6  3 
9 3 1 0.004856 * 9  3 
10 3 1 0.009670 * 10   3 
11 3 4 0.002260 * 11   1   4   6   3 
11 3 4 0.002260 * 11   1   5   6   3 
1 4 1 0.001745 * 1  4 
2 4 3 0.003814 * 2  5  1  4 
2 4 3 0.003814 * 2  5  6  4 
3 4 2 0.001180 * 3  6  4 
5 4 2 0.001407 * 5  1  4 
5 4 2 0.001407 * 5  6  4 
6 4 1 0.000651 * 6  4 
7 4 1 0.005928 * 7  4 
8 4 3 0.001986 * 8  11   1   4 
9 4 2 0.000731 * 9  7  4 
10 4 3 0.000743 * 10   3   6   4 
10 4 3 0.000743 * 10   9   7   4 
11 4 2 0.001736 * 11   1   4 
1 5 1 0.005584 * 1  5 
2 5 1 0.034714 * 2  5 
3 5 2 0.003749 * 3  6  5 
4 5 2 0.001682 * 4  1  5 
4 5 2 0.001682 * 4  6  5 
6 5 1 0.003177 * 6  5 
7 5 3 0.003103 * 7  4  1  5 
7 5 3 0.003103 * 7  4  6  5 
8 5 2 0.008212 * 8  2  5 
9 5 3 0.002387 * 9  3  6  5 
10 5 3 0.005408 * 10   3   6   5 
11 5 2 0.014373 * 11   1   5 
1 6 2 0.001084 * 1  4  6 
1 6 2 0.001084 * 1  5  6 
2 6 2 0.013082 * 2  5  6 
3 6 1 0.001889 * 3  6 
4 6 1 0.001136 * 4  6 
5 6 1 0.004833 * 5  6 
7 6 2 0.002442 * 7  4  6 
8 6 3 0.003738 * 8  2  5  6 
9 6 2 0.000290 * 9  3  6 
10 6 2 0.001562 * 10   3   6 
11 6 3 0.001532 * 11   1   4   6 
11 6 3 0.001532 * 11   1   5   6 
1 7 2 0.005956 * 1  4  7 
2 7 4 0.026955 * 2  5  1  4  7 
2 7 4 0.026955 * 2  5  6  4  7 
3 7 2 0.002895 * 3  9  7 
4 7 1 0.003948 * 4  7 
5 7 3 0.007728 * 5  1  4  7 
5 7 3 0.007728 * 5  6  4  7 
6 7 2 0.005020 * 6  4  7 
8 7 4 0.020133 * 8  11   1   4   7 
9 7 1 0.004112 * 9  7 
10 7 2 0.011861 * 10   9   7 
11 7 3 0.021778 * 11   1   4   7 
1 8 2 0.010452 * 1  11   8 
2 8 1 0.024435 * 2  8 
3 8 4 0.007200 * 3  6  5  2  8 
4 8 3 0.010995 * 4   1  11   8 
5 8 2 0.016400 * 5  2  8 
6 8 3 0.006668 * 6  5  2  8 
7 8 4 0.024588 * 7   4   1  11   8 
9 8 5 0.001818 * 9  3  6  5  2  8 
9 8 5 0.001818 * 9   7   4   1  11   8 
10 8 5 0.008951 * 10   3   6   5   2   8 
11 8 1 0.022358 * 11   8 
1 9 3 0.000218 * 1  4  7  9 
2 9 4 0.002429 * 2  5  6  3  9 
3 9 1 0.006651 * 3  9 
4 9 2 0.000359 * 4  7  9 
5 9 3 0.000847 * 5  6  3  9 
6 9 2 0.000245 * 6  3  9 
7 9 1 0.002917 * 7  9 
8 9 5 0.000379 * 8  2  5  6  3  9 
8 9 5 0.000379 * 8  11   1   4   7   9 
10 9 1 0.001015 * 10   9 
11 9 4 0.000918 * 11   1   4   7   9 
1 10 4 0.000810 * 1   4   6   3  10 
1 10 4 0.000810 * 1   4   7   9  10 
1 10 4 0.001372 * 1   5   6   3  10 
2 10 4 0.027299 * 2   5   6   3  10 
3 10 1 0.001699 * 3  10 
4 10 3 0.000297 * 4   6   3  10 
4 10 3 0.000297 * 4   7   9  10 
5 10 3 0.001738 * 5   6   3  10 
6 10 2 0.001153 * 6   3  10 
7 10 2 0.008627 * 7   9  10 
8 10 5 0.007156 * 8   2   5   6   3  10 
9 10 1 0.000823 * 9  10 
11 10 5 0.000961 * 11   1   4   6   3  10 
11 10 5 0.000961 * 11   1   4   7   9  10 
11 10 5 0.001627 * 11   1   5   6   3  10 
1 11 1 0.037739 * 1  11 
2 11 2 0.028846 * 2   8  11 
3 11 4 0.006235 * 3   6   4   1  11 
3 11 4 0.006235 * 3   6   5   1  11 
4 11 2 0.006568 * 4   1  11 
5 11 2 0.014706 * 5   1  11 
6 11 3 0.002587 * 6   4   1  11 
6 11 3 0.002587 * 6   5   1  11 
7 11 3 0.024545 * 7   4   1  11 
8 11 1 0.050339 * 8  11 
9 11 4 0.001279 * 9   7   4   1  11 
10 11 5 0.004222 * 10   3   6   4   1  11 
10 11 5 0.004222 * 10   3   6   5   1  11 
10 11 5 0.004222 * 10   9   7   4   1  11 
