2 1 2 0.004242 * 2  5  1 
3 1 3 0.000360 * 3  6  4  1 
3 1 3 0.000360 * 3  6  5  1 
4 1 1 0.000511 * 4  1 
5 1 1 0.005646 * 5  1 
6 1 2 0.000438 * 6  4  1 
6 1 2 0.000438 * 6  5  1 
7 1 2 0.006562 * 7  4  1 
8 1 2 0.005536 * 8  11   1 
9 1 3 0.002095 * 9  7  4  1 
10 1 4 0.000989 * 10   3   6   4   1 
10 1 4 0.000989 * 10   3   6   5   1 
10 1 4 0.000989 * 10   9   7   4   1 
11 1 1 0.031726 * 11   1 
1 2 2 0.003819 * 1  5  2 
3 2 3 0.004755 * 3  6  5  2 
4 2 3 0.001976 * 4  1  5  2 
4 2 3 0.001976 * 4  6  5  2 
5 2 1 0.006239 * 5  2 
6 2 2 0.002864 * 6  5  2 
7 2 4 0.003236 * 7  4  1  5  2 
7 2 4 0.003236 * 7  4  6  5  2 
8 2 1 0.001980 * 8  2 
9 2 4 0.000462 * 9  3  6  5  2 
10 2 4 0.002318 * 10   3   6   5   2 
11 2 2 0.002473 * 11   8   2 
1 3 3 0.001370 * 1  4  6  3 
1 3 3 0.001370 * 1  5  6  3 
2 3 3 0.017781 * 2  5  6  3 
4 3 2 0.001727 * 4  6  3 
5 3 2 0.001290 * 5  6  3 
6 3 1 0.001356 * 6  3 
7 3 2 0.002296 * 7  9  3 
8 3 4 0.003336 * 8  2  5  6  3 
9 3 1 0.002314 * 9  3 
10 3 1 0.002735 * 10   3 
11 3 4 0.001336 * 11   1   4   6   3 
11 3 4 0.001336 * 11   1   5   6   3 
1 4 1 0.002078 * 1  4 
2 4 3 0.005599 * 2  5  1  4 
2 4 3 0.005599 * 2  5  6  4 
3 4 2 0.000329 * 3  6  4 
5 4 2 0.001659 * 5  1  4 
5 4 2 0.001659 * 5  6  4 
6 4 1 0.000659 * 6  4 
7 4 1 0.006678 * 7  4 
8 4 3 0.001711 * 8  11   1   4 
9 4 2 0.000580 * 9  7  4 
10 4 3 0.000259 * 10   3   6   4 
10 4 3 0.000259 * 10   9   7   4 
11 4 2 0.001299 * 11   1   4 
1 5 1 0.003222 * 1  5 
2 5 1 0.041680 * 2  5 
3 5 2 0.002306 * 3  6  5 
4 5 2 0.000825 * 4  1  5 
4 5 2 0.000825 * 4  6  5 
6 5 1 0.002004 * 6  5 
7 5 3 0.002751 * 7  4  1  5 
7 5 3 0.002751 * 7  4  6  5 
8 5 2 0.008779 * 8  2  5 
9 5 3 0.002024 * 9  3  6  5 
10 5 3 0.002899 * 10   3   6   5 
11 5 2 0.008774 * 11   1   5 
1 6 2 0.001416 * 1  4  6 
1 6 2 0.001416 * 1  5  6 
2 6 2 0.016534 * 2  5  6 
3 6 1 0.001027 * 3  6 
4 6 1 0.001035 * 4  6 
5 6 1 0.002968 * 5  6 
7 6 2 0.001598 * 7  4  6 
8 6 3 0.002277 * 8  2  5  6 
9 6 2 0.000284 * 9  3  6 
10 6 2 0.001884 * 10   3   6 
11 6 3 0.002512 * 11   1   4   6 
11 6 3 0.002512 * 11   1   5   6 
1 7 2 0.004760 * 1  4  7 
2 7 4 0.024406 * 2  5  1  4  7 
2 7 4 0.024406 * 2  5  6  4  7 
3 7 2 0.001018 * 3  9  7 
4 7 1 0.002247 * 4  7 
5 7 3 0.005403 * 5  1  4  7 
5 7 3 0.005403 * 5  6  4  7 
6 7 2 0.001878 * 6  4  7 
8 7 4 0.017448 * 8  11   1   4   7 
9 7 1 0.001087 * 9  7 
10 7 2 0.007536 * 10   9   7 
11 7 3 0.017247 * 11   1   4   7 
1 8 2 0.014001 * 1  11   8 
2 8 1 0.019928 * 2  8 
3 8 4 0.005699 * 3  6  5  2  8 
4 8 3 0.012501 * 4   1  11   8 
5 8 2 0.019928 * 5  2  8 
6 8 3 0.006154 * 6  5  2  8 
7 8 4 0.014931 * 7   4   1  11   8 
9 8 5 0.000758 * 9  3  6  5  2  8 
9 8 5 0.000758 * 9   7   4   1  11   8 
10 8 5 0.007408 * 10   3   6   5   2   8 
11 8 1 0.020782 * 11   8 
1 9 3 0.000246 * 1  4  7  9 
2 9 4 0.003127 * 2  5  6  3  9 
3 9 1 0.002883 * 3  9 
4 9 2 0.000202 * 4  7  9 
5 9 3 0.001026 * 5  6  3  9 
6 9 2 0.000175 * 6  3  9 
7 9 1 0.001953 * 7  9 
8 9 5 0.000807 * 8  2  5  6  3  9 
8 9 5 0.000807 * 8  11   1   4   7   9 
10 9 1 0.000790 * 10   9 
11 9 4 0.000446 * 11   1   4   7   9 
1 10 4 0.001468 * 1   4   6   3  10 
1 10 4 0.001468 * 1   4   7   9  10 
1 10 4 0.002619 * 1   5   6   3  10 
2 10 4 0.032256 * 2   5   6   3  10 
3 10 1 0.001206 * 3  10 
4 10 3 0.000260 * 4   6   3  10 
4 10 3 0.000260 * 4   7   9  10 
5 10 3 0.003301 * 5   6   3  10 
6 10 2 0.001275 * 6   3  10 
7 10 2 0.006592 * 7   9  10 
8 10 5 0.007888 * 8   2   5   6   3  10 
9 10 1 0.001155 * 9  10 
11 10 5 0.000927 * 11   1   4   6   3  10 
11 10 5 0.000927 * 11   1   4   7   9  10 
11 10 5 0.001164 * 11   1   5   6   3  10 
1 11 1 0.036445 * 1  11 
2 11 2 0.019456 * 2   8  11 
3 11 4 0.005201 * 3   6   4   1  11 
3 11 4 0.005201 * 3   6   5   1  11 
4 11 2 0.006905 * 4   1  11 
5 11 2 0.017368 * 5   1  11 
6 11 3 0.001799 * 6   4   1  11 
6 11 3 0.001799 * 6   5   1  11 
7 11 3 0.022148 * 7   4   1  11 
8 11 1 0.041407 * 8  11 
9 11 4 0.001184 * 9   7   4   1  11 
10 11 5 0.003568 * 10   3   6   4   1  11 
10 11 5 0.003568 * 10   3   6   5   1  11 
10 11 5 0.003568 * 10   9   7   4   1  11 
