2  5  1 
0.008542
3  6  4  1 
0.001037
3  6  5  1 
0.001037
4  1 
0.005178
5  1 
0.009236
6  4  1 
0.001340
6  5  1 
0.001340
7  4  1 
0.007421
8  2  5  1 
0.002346
8  11   1   0 
0.002346
9  3  6  4  1 
0.000669
9  3  6  5  1 
0.000669
9  7  4  1  0 
0.000335
10   3   6   4   1   0 
0.000630
10   3   6   5   1   0 
0.000630
10   9   3   6   4   1 
0.000945
10   9   3   6   5   1 
0.000945
10   9   7   4   1   0 
0.000552
11   1 
0.023785
1  5  2  0 
0.003374
1  11   8   2 
0.003374
3  6  5  2 
0.005099
4  1  5  2  0 
0.001461
4   1  11   8   2 
0.001461
4  6  5  2  0 
0.000740
5  2 
0.010224
6  5  2 
0.003730
7  4  1  5  2  0 
0.003149
7   4   1  11   8   2 
0.003149
7  4  6  5  2  0 
0.001621
7  9  3  6  5  2 
0.001050
8  2 
0.003126
9  3  6  5  2 
0.001510
10   3   6   5   2   0 
0.001230
10   9   3   6   5   2 
0.001230
11   8   2 
0.005725
1  4  6  3  0 
0.000733
1  4  7  9  3 
0.000733
1  5  6  3  0 
0.000615
2  5  6  3 
0.011610
4  6  3  0 
0.000845
4  7  9  3 
0.000845
5  6  3 
0.002784
6  3 
0.004553
7  9  3 
0.008652
8  2  5  6  3  0  0 
0.000489
8  11   1   4   6   3   0 
0.001467
8  11   1   4   7   9   3 
0.001467
8  11   1   5   6   3   0 
0.001467
9  3 
0.003900
10   9   3 
0.002275
10   3   0 
0.002275
11   1   4   6   3   0 
0.002652
11   1   4   7   9   3 
0.002652
11   1   5   6   3   0 
0.002227
1  4 
0.002064
2  5  1  4 
0.005082
2  5  6  4 
0.005082
3  6  4  0 
0.000602
3  9  7  4 
0.000602
5  1  4 
0.001590
5  6  4 
0.001590
6  4 
0.000946
7  4 
0.002226
8  2  5  1  4 
0.000836
8  2  5  6  4 
0.000836
8  11   1   4   0 
0.000418
9  7  4 
0.001153
10   3   6   4   0 
0.000732
10   3   9   7   4 
0.000732
10   9   7   4   0 
0.000369
11   1   4 
0.002823
1  5 
0.007711
2  5 
0.035836
3  6  5 
0.003573
4  1  5 
0.001397
4  6  5 
0.001397
6  5 
0.006933
7  4  1  5  0 
0.002948
7  4  6  5  0 
0.002948
7  9  3  6  5 
0.001919
8  2  5  0 
0.006587
8  11   1   5 
0.006587
9  3  6  5 
0.003461
10   3   6   5   0 
0.001976
10   9   3   6   5 
0.001976
11   1   5 
0.012615
1  4  6 
0.001621
1  5  6 
0.001621
2  5  6 
0.014194
3  6 
0.003102
4  6 
0.002161
5  6 
0.004720
7  4  6  0 
0.001922
7  9  3  6 
0.001922
8  2  5  6  0 
0.000751
8  11   1   4   6 
0.001501
8  11   1   5   6 
0.001501
9  3  6 
0.000683
10   3   6   0 
0.000530
10   9   3   6 
0.000530
11   1   4   6 
0.002314
11   1   5   6 
0.002314
1  4  7 
0.006823
2  5  1  4  7  0 
0.011304
2  5  6  3  9  7 
0.012642
2  5  6  4  7  0 
0.012642
3  9  7 
0.003191
4  7 
0.003215
5  1  4  7  0 
0.004290
5  6  3  9  7 
0.004798
5  6  4  7  0 
0.004798
6  3  9  7 
0.002575
6  4  7  0 
0.002575
8  2  5  1  4  7  0 
0.005918
8  2  5  6  3  9  7 
0.005918
8  2  5  6  4  7  0 
0.005918
8  11   1   4   7   0   0 
0.001973
9  7 
0.001167
10   3   9   7 
0.006022
10   9   7   0 
0.006022
11   1   4   7 
0.022796
1  5  2  8 
0.008256
1  11   8   0 
0.008256
2  8 
0.029089
3  6  5  2  8 
0.006226
4  1  5  2  8 
0.005688
4   1  11   8   0 
0.005688
4  6  5  2  8 
0.003829
5  2  8 
0.025903
6  5  2  8 
0.010352
7  4  1  5  2  8 
0.010733
7   4   1  11   8   0 
0.010733
7  4  6  5  2  8 
0.007224
9  3  6  5  2  8  0 
0.000272
9  7  4  1  5  2  8 
0.000815
9   7   4   1  11   8   0 
0.000815
9  7  4  6  5  2  8 
0.000815
10   3   6   5   2   8   0   0 
0.000585
10   9   3   6   5   2   8   0 
0.000821
10   9   7   4   1   5   2   8 
0.002340
10   9   7   4   1  11   8   0 
0.002340
10   9   7   4   6   5   2   8 
0.002340
11   8 
0.026703
1  4  6  3  9 
0.000133
1  4  7  9  0 
0.000133
2  5  1  4  6  3  9 
0.000755
2  5  1  4  7  9  0 
0.000755
2  5  6  3  9  0  0 
0.000437
3  9 
0.003731
4  6  3  9 
0.000243
4  7  9  0 
0.000243
5  1  4  6  3  9 
0.000625
5  1  4  7  9  0 
0.000625
5  6  3  9  0  0 
0.000362
6  3  9 
0.000400
7  9 
0.000944
8  2  5  1  4  6  3  9 
0.000290
8  2  5  1  4  7  9  0 
0.000290
8  2  5  6  3  9  0  0 
0.000290
8  11   1   4   6   3   9   0 
0.000193
8  11   1   4   7   9   0   0 
0.000193
10   3   9 
0.000779
10   9   0 
0.000779
11   1   4   6   3   9 
0.000417
11   1   4   7   9   0 
0.000417
1   4   6   3   9  10 
0.001452
1   4   6   3  10   0 
0.001452
1   4   7   9  10   0 
0.000726
1   5   6   3   9  10 
0.001249
1   5   6   3  10   0 
0.001249
2   5   6   3   9  10 
0.007924
2   5   6   3  10   0 
0.007924
3   9  10 
0.000886
3  10   0 
0.000886
4   6   3   9  10 
0.000581
4   6   3  10   0 
0.000581
4   7   9  10   0 
0.000291
5   6   3   9  10 
0.002819
5   6   3  10   0 
0.002819
6   3   9  10 
0.000991
6   3  10   0 
0.000991
7   9  10 
0.008387
8   2   5   6   3   9  10   0 
0.000456
8   2   5   6   3  10   0   0 
0.000456
8  11   1   4   6   3   9  10 
0.001141
8  11   1   4   6   3  10   0 
0.001141
8  11   1   4   7   9  10   0 
0.000870
8  11   1   5   6   3   9  10 
0.001141
8  11   1   5   6   3  10   0 
0.001141
9  10 
0.002088
11   1   4   6   3   9  10 
0.000995
11   1   4   6   3  10   0 
0.000995
11   1   4   7   9  10   0 
0.000497
11   1   5   6   3   9  10 
0.000855
11   1   5   6   3  10   0 
0.000855
1  11 
0.043807
2   8  11 
0.033696
3   6   4   1  11   0 
0.003321
3   6   5   1  11   0 
0.005741
3   6   5   2   8  11 
0.005741
4   1  11 
0.006274
5   1  11   0 
0.008713
5   2   8  11 
0.008713
6   4   1  11   0 
0.001712
6   5   1  11   0 
0.002959
6   5   2   8  11 
0.002959
7   4   1  11 
0.028309
8  11 
0.057099
9   3   6   4   1  11   0 
0.000493
9   3   6   5   1  11   0 
0.000493
9   3   6   5   2   8  11 
0.000493
9   7   4   1  11   0   0 
0.000164
10   3   6   4   1  11   0   0 
0.002034
10   3   6   5   1  11   0   0 
0.002034
10   3   6   5   2   8  11   0 
0.002034
10   9   3   6   4   1  11   0 
0.002445
10   9   3   6   5   1  11   0 
0.002445
10   9   3   6   5   2   8  11 
0.002445
10   9   7   4   1  11   0   0 
0.000815
