2  5  1 
0.008542
3  6  4  1 
0.001037
3  6  5  1 
0.001037
4  1 
0.005178
5  1 
0.009236
6  4  1 
0.001340
6  5  1 
0.001340
7  4  1 
0.007421
8  11   1 
0.004692
9  7  4  1 
0.001673
10   3   6   4   1 
0.001235
10   3   6   5   1 
0.001235
10   9   7   4   1 
0.001235
11   1 
0.023785
1  5  2 
0.006749
3  6  5  2 
0.005099
4  1  5  2 
0.001831
4  6  5  2 
0.001831
5  2 
0.010224
6  5  2 
0.003730
7  4  1  5  2 
0.004485
7  4  6  5  2 
0.004485
8  2 
0.003126
9  3  6  5  2 
0.001510
10   3   6   5   2 
0.002460
11   8   2 
0.005725
1  4  6  3 
0.001041
1  5  6  3 
0.001041
2  5  6  3 
0.011610
4  6  3 
0.001690
5  6  3 
0.002784
6  3 
0.004553
7  9  3 
0.008652
8  2  5  6  3 
0.004890
9  3 
0.003900
10   3 
0.004550
11   1   4   6   3 
0.003766
11   1   5   6   3 
0.003766
1  4 
0.002064
2  5  1  4 
0.005082
2  5  6  4 
0.005082
3  6  4 
0.001203
5  1  4 
0.001590
5  6  4 
0.001590
6  4 
0.000946
7  4 
0.002226
8  11   1   4 
0.002089
9  7  4 
0.001153
10   3   6   4 
0.000917
10   9   7   4 
0.000917
11   1   4 
0.002823
1  5 
0.007711
2  5 
0.035836
3  6  5 
0.003573
4  1  5 
0.001397
4  6  5 
0.001397
6  5 
0.006933
7  4  1  5 
0.003908
7  4  6  5 
0.003908
8  2  5 
0.013173
9  3  6  5 
0.003461
10   3   6   5 
0.003951
11   1   5 
0.012615
1  4  6 
0.001621
1  5  6 
0.001621
2  5  6 
0.014194
3  6 
0.003102
4  6 
0.002161
5  6 
0.004720
7  4  6 
0.003845
8  2  5  6 
0.003753
9  3  6 
0.000683
10   3   6 
0.001061
11   1   4   6 
0.002314
11   1   5   6 
0.002314
1  4  7 
0.006823
2  5  1  4  7 
0.018293
2  5  6  4  7 
0.018293
3  9  7 
0.003191
4  7 
0.003215
5  1  4  7 
0.006943
5  6  4  7 
0.006943
6  4  7 
0.005151
8  11   1   4   7 
0.019728
9  7 
0.001167
10   9   7 
0.012044
11   1   4   7 
0.022796
1  11   8 
0.016512
2  8 
0.029089
3  6  5  2  8 
0.006226
4   1  11   8 
0.015205
5  2  8 
0.025903
6  5  2  8 
0.010352
7   4   1  11   8 
0.028690
9  3  6  5  2  8 
0.001359
9   7   4   1  11   8 
0.001359
10   3   6   5   2   8 
0.008427
11   8 
0.026703
1  4  7  9 
0.000266
2  5  6  3  9 
0.001947
3  9 
0.003731
4  7  9 
0.000486
5  6  3  9 
0.001613
6  3  9 
0.000400
7  9 
0.000944
8  2  5  6  3  9 
0.000627
8  11   1   4   7   9 
0.000627
10   9 
0.001558
11   1   4   7   9 
0.000835
1   4   6   3  10 
0.001721
1   4   7   9  10 
0.001721
1   5   6   3  10 
0.002686
2   5   6   3  10 
0.015848
3  10 
0.001773
4   6   3  10 
0.000727
4   7   9  10 
0.000727
5   6   3  10 
0.005638
6   3  10 
0.001981
7   9  10 
0.008387
8   2   5   6   3  10 
0.006347
9  10 
0.002088
11   1   4   6   3  10 
0.001284
11   1   4   7   9  10 
0.001284
11   1   5   6   3  10 
0.001629
1  11 
0.043807
2   8  11 
0.033696
3   6   4   1  11 
0.007401
3   6   5   1  11 
0.007401
4   1  11 
0.006274
5   1  11 
0.017426
6   4   1  11 
0.003815
6   5   1  11 
0.003815
7   4   1  11 
0.028309
8  11 
0.057099
9   7   4   1  11 
0.001644
10   3   6   4   1  11 
0.004750
10   3   6   5   1  11 
0.004750
10   9   7   4   1  11 
0.004750
