2  5  1 
0.004624
3  6  4  1 
0.000442
3  6  5  1 
0.000442
4  1 
0.003102
5  1 
0.005755
6  4  1 
0.000530
6  5  1 
0.000530
7  4  1 
0.006343
8  11   1 
0.005437
9  7  4  1 
0.000651
10   3   6   4   1 
0.001241
10   3   6   5   1 
0.001241
10   9   7   4   1 
0.001241
11   1 
0.029234
1  5  2 
0.004402
3  6  5  2 
0.004829
4  1  5  2 
0.001393
4  6  5  2 
0.001393
5  2 
0.008564
6  5  2 
0.003064
7  4  1  5  2 
0.002983
7  4  6  5  2 
0.002983
8  2 
0.002724
9  3  6  5  2 
0.000829
10   3   6   5   2 
0.003540
11   8   2 
0.005158
1  4  6  3 
0.000845
1  5  6  3 
0.000845
2  5  6  3 
0.013644
4  6  3 
0.001961
5  6  3 
0.002215
6  3 
0.006454
7  9  3 
0.001872
8  2  5  6  3 
0.004507
9  3 
0.004341
10   3 
0.004881
11   1   4   6   3 
0.002306
11   1   5   6   3 
0.002306
1  4 
0.001036
2  5  1  4 
0.005831
2  5  6  4 
0.005831
3  6  4 
0.000905
5  1  4 
0.001011
5  6  4 
0.001011
6  4 
0.002421
7  4 
0.031220
8  11   1   4 
0.003137
9  7  4 
0.000277
10   3   6   4 
0.000812
10   9   7   4 
0.000812
11   1   4 
0.001421
1  5 
0.004602
2  5 
0.041573
3  6  5 
0.004437
4  1  5 
0.001061
4  6  5 
0.001061
6  5 
0.004187
7  4  1  5 
0.004577
7  4  6  5 
0.004577
8  2  5 
0.008158
9  3  6  5 
0.002343
10   3   6   5 
0.003471
11   1   5 
0.012940
1  4  6 
0.001017
1  5  6 
0.001017
2  5  6 
0.013791
3  6 
0.001251
4  6 
0.001609
5  6 
0.005573
7  4  6 
0.001955
8  2  5  6 
0.003907
9  3  6 
0.000508
10   3   6 
0.001883
11   1   4   6 
0.001675
11   1   5   6 
0.001675
1  4  7 
0.004608
2  5  1  4  7 
0.024723
2  5  6  4  7 
0.024723
3  9  7 
0.002560
4  7 
0.003035
5  1  4  7 
0.006325
5  6  4  7 
0.006325
6  4  7 
0.004250
8  11   1   4   7 
0.024197
9  7 
0.010855
10   9   7 
0.010271
11   1   4   7 
0.021106
1  11   8 
0.011776
2  8 
0.025908
3  6  5  2  8 
0.006317
4   1  11   8 
0.012399
5  2  8 
0.015315
6  5  2  8 
0.007110
7   4   1  11   8 
0.025155
9  3  6  5  2  8 
0.001103
9   7   4   1  11   8 
0.001103
10   3   6   5   2   8 
0.009872
11   8 
0.019528
1  4  7  9 
0.000227
2  5  6  3  9 
0.002522
3  9 
0.001436
4  7  9 
0.000384
5  6  3  9 
0.000640
6  3  9 
0.000184
7  9 
0.002633
8  2  5  6  3  9 
0.000320
8  11   1   4   7   9 
0.000320
10   9 
0.001098
11   1   4   7   9 
0.000698
1   4   6   3  10 
0.001447
1   4   7   9  10 
0.001447
1   5   6   3  10 
0.002426
2   5   6   3  10 
0.027287
3  10 
0.001904
4   6   3  10 
0.000385
4   7   9  10 
0.000385
5   6   3  10 
0.001888
6   3  10 
0.001353
7   9  10 
0.009244
8   2   5   6   3  10 
0.007416
9  10 
0.001040
11   1   4   6   3  10 
0.000848
11   1   4   7   9  10 
0.000848
11   1   5   6   3  10 
0.000943
1  11 
0.039303
2   8  11 
0.024213
3   6   4   1  11 
0.006354
3   6   5   1  11 
0.006354
4   1  11 
0.007171
5   1  11 
0.022980
6   4   1  11 
0.002542
6   5   1  11 
0.002542
7   4   1  11 
0.019717
8  11 
0.045630
9   7   4   1  11 
0.002340
10   3   6   4   1  11 
0.004085
10   3   6   5   1  11 
0.004085
10   9   7   4   1  11 
0.004085
