2  5  1 
0.004343
3  6  4  1 
0.000511
3  6  5  1 
0.000511
4  1 
0.000517
5  1 
0.007331
6  4  1 
0.000422
6  5  1 
0.000422
7  4  1 
0.007213
8  11   1 
0.004262
9  7  4  1 
0.002064
10   3   6   4   1 
0.001111
10   3   6   5   1 
0.001111
10   9   7   4   1 
0.001111
11   1 
0.051361
1  5  2 
0.004123
3  6  5  2 
0.005238
4  1  5  2 
0.004725
4  6  5  2 
0.004725
5  2 
0.006700
6  5  2 
0.002599
7  4  1  5  2 
0.063164
7  4  6  5  2 
0.063164
8  2 
0.001663
9  3  6  5  2 
0.000599
10   3   6   5   2 
0.002862
11   8   2 
0.003662
1  4  6  3 
0.001146
1  5  6  3 
0.001146
2  5  6  3 
0.014755
4  6  3 
0.001652
5  6  3 
0.001688
6  3 
0.002683
7  9  3 
0.001930
8  2  5  6  3 
0.004338
9  3 
0.004943
10   3 
0.003529
11   1   4   6   3 
0.001502
11   1   5   6   3 
0.001502
1  4 
0.000933
2  5  1  4 
0.005113
2  5  6  4 
0.005113
3  6  4 
0.000906
5  1  4 
0.001623
5  6  4 
0.001623
6  4 
0.000374
7  4 
0.038742
8  11   1   4 
0.002367
9  7  4 
0.000234
10   3   6   4 
0.000325
10   9   7   4 
0.000325
11   1   4 
0.001020
1  5 
0.003238
2  5 
0.038382
3  6  5 
0.002136
4  1  5 
0.000852
4  6  5 
0.000852
6  5 
0.004311
7  4  1  5 
0.002427
7  4  6  5 
0.002427
8  2  5 
0.007960
9  3  6  5 
0.001847
10   3   6   5 
0.002772
11   1   5 
0.009039
1  4  6 
0.001156
1  5  6 
0.001156
2  5  6 
0.012718
3  6 
0.001066
4  6 
0.001325
5  6 
0.004980
7  4  6 
0.001932
8  2  5  6 
0.002396
9  3  6 
0.000156
10   3   6 
0.001749
11   1   4   6 
0.002534
11   1   5   6 
0.002534
1  4  7 
0.006037
2  5  1  4  7 
0.025840
2  5  6  4  7 
0.025840
3  9  7 
0.001491
4  7 
0.002930
5  1  4  7 
0.005799
5  6  4  7 
0.005799
6  4  7 
0.002180
8  11   1   4   7 
0.018319
9  7 
0.001594
10   9   7 
0.012647
11   1   4   7 
0.020468
1  11   8 
0.012608
2  8 
0.019713
3  6  5  2  8 
0.005098
4   1  11   8 
0.013003
5  2  8 
0.019279
6  5  2  8 
0.005633
7   4   1  11   8 
0.016848
9  3  6  5  2  8 
0.000939
9   7   4   1  11   8 
0.000939
10   3   6   5   2   8 
0.008456
11   8 
0.017711
1  4  7  9 
0.000284
2  5  6  3  9 
0.003177
3  9 
0.002258
4  7  9 
0.000259
5  6  3  9 
0.004707
6  3  9 
0.000126
7  9 
0.002733
8  2  5  6  3  9 
0.000502
8  11   1   4   7   9 
0.000502
10   9 
0.000823
11   1   4   7   9 
0.000407
1   4   6   3  10 
0.001546
1   4   7   9  10 
0.001546
1   5   6   3  10 
0.002657
2   5   6   3  10 
0.030982
3  10 
0.001270
4   6   3  10 
0.000358
4   7   9  10 
0.000358
5   6   3  10 
0.005920
6   3  10 
0.000988
7   9  10 
0.007049
8   2   5   6   3  10 
0.006961
9  10 
0.000905
11   1   4   6   3  10 
0.000940
11   1   4   7   9  10 
0.000940
11   1   5   6   3  10 
0.001103
1  11 
0.032245
2   8  11 
0.026780
3   6   4   1  11 
0.006160
3   6   5   1  11 
0.006160
4   1  11 
0.009695
5   1  11 
0.018183
6   4   1  11 
0.001489
6   5   1  11 
0.001489
7   4   1  11 
0.025879
8  11 
0.044294
9   7   4   1  11 
0.000794
10   3   6   4   1  11 
0.003223
10   3   6   5   1  11 
0.003223
10   9   7   4   1  11 
0.003223
