2  5  1 
0.004609
3  6  4  1 
0.000945
3  6  5  1 
0.000945
4  1 
0.000724
5  1 
0.007359
6  4  1 
0.000421
6  5  1 
0.000421
7  4  1 
0.006269
8  11   1 
0.005899
9  7  4  1 
0.001140
10   3   6   4   1 
0.001297
10   3   6   5   1 
0.001297
10   9   7   4   1 
0.001297
11   1 
0.029310
1  5  2 
0.005261
3  6  5  2 
0.003527
4  1  5  2 
0.003366
4  6  5  2 
0.003366
5  2 
0.008116
6  5  2 
0.002334
7  4  1  5  2 
0.004173
7  4  6  5  2 
0.004173
8  2 
0.002819
9  3  6  5  2 
0.001070
10   3   6   5   2 
0.002958
11   8   2 
0.003233
1  4  6  3 
0.000792
1  5  6  3 
0.000792
2  5  6  3 
0.018610
4  6  3 
0.002073
5  6  3 
0.002707
6  3 
0.001243
7  9  3 
0.001816
8  2  5  6  3 
0.003563
9  3 
0.002332
10   3 
0.002998
11   1   4   6   3 
0.001282
11   1   5   6   3 
0.001282
1  4 
0.002102
2  5  1  4 
0.006908
2  5  6  4 
0.006908
3  6  4 
0.000657
5  1  4 
0.001088
5  6  4 
0.001088
6  4 
0.002413
7  4 
0.004317
8  11   1   4 
0.002369
9  7  4 
0.000682
10   3   6   4 
0.000780
10   9   7   4 
0.000780
11   1   4 
0.001525
1  5 
0.006090
2  5 
0.043602
3  6  5 
0.002718
4  1  5 
0.000906
4  6  5 
0.000906
6  5 
0.004710
7  4  1  5 
0.004163
7  4  6  5 
0.004163
8  2  5 
0.009522
9  3  6  5 
0.002248
10   3   6   5 
0.003104
11   1   5 
0.010304
1  4  6 
0.000638
1  5  6 
0.000638
2  5  6 
0.012386
3  6 
0.001246
4  6 
0.001308
5  6 
0.004701
7  4  6 
0.002360
8  2  5  6 
0.004158
9  3  6 
0.000212
10   3   6 
0.001750
11   1   4   6 
0.001784
11   1   5   6 
0.001784
1  4  7 
0.009081
2  5  1  4  7 
0.026913
2  5  6  4  7 
0.026913
3  9  7 
0.001668
4  7 
0.002596
5  1  4  7 
0.005931
5  6  4  7 
0.005931
6  4  7 
0.002937
8  11   1   4   7 
0.017601
9  7 
0.003150
10   9   7 
0.009118
11   1   4   7 
0.019187
1  11   8 
0.014479
2  8 
0.024317
3  6  5  2  8 
0.005552
4   1  11   8 
0.011691
5  2  8 
0.018603
6  5  2  8 
0.006821
7   4   1  11   8 
0.022796
9  3  6  5  2  8 
0.001313
9   7   4   1  11   8 
0.001313
10   3   6   5   2   8 
0.011472
11   8 
0.020657
1  4  7  9 
0.000305
2  5  6  3  9 
0.002788
3  9 
0.002131
4  7  9 
0.000309
5  6  3  9 
0.000934
6  3  9 
0.000212
7  9 
0.002923
8  2  5  6  3  9 
0.000340
8  11   1   4   7   9 
0.000340
10   9 
0.000974
11   1   4   7   9 
0.000494
1   4   6   3  10 
0.001593
1   4   7   9  10 
0.001593
1   5   6   3  10 
0.002748
2   5   6   3  10 
0.029899
3  10 
0.001594
4   6   3  10 
0.000326
4   7   9  10 
0.000326
5   6   3  10 
0.001671
6   3  10 
0.001180
7   9  10 
0.007264
8   2   5   6   3  10 
0.006693
9  10 
0.000907
11   1   4   6   3  10 
0.000746
11   1   4   7   9  10 
0.000746
11   1   5   6   3  10 
0.000746
1  11 
0.048895
2   8  11 
0.020272
3   6   4   1  11 
0.006634
3   6   5   1  11 
0.006634
4   1  11 
0.009213
5   1  11 
0.016470
6   4   1  11 
0.001986
6   5   1  11 
0.001986
7   4   1  11 
0.027332
8  11 
0.046692
9   7   4   1  11 
0.002030
10   3   6   4   1  11 
0.004244
10   3   6   5   1  11 
0.004244
10   9   7   4   1  11 
0.004244
