1  5  2  0  0  0  0  0  0  0 
3.695549e-003
1  11   8   2   0   0   0   0   0   0 
2.688871e-014
1  4  6  5  2  0  0  0  0  0 
1.346732e-014
1  4  6  3  0  0  0  0  0  0 
8.195127e-004
1  5  6  3  0  0  0  0  0  0 
8.483403e-004
1  4  7  9  3  0  0  0  0  0 
2.716447e-014
1  4  0  0  0  0  0  0  0  0 
2.559536e-003
1  5  6  4  0  0  0  0  0  0 
1.350307e-014
1  5  0  0  0  0  0  0  0  0 
4.527666e-003
1  4  6  5  0  0  0  0  0  0 
1.351693e-014
1  11   8   2   5   0   0   0   0   0 
9.025545e-015
1  4  6  0  0  0  0  0  0  0 
1.750848e-003
1  5  6  0  0  0  0  0  0  0 
1.774614e-003
1  4  7  0  0  0  0  0  0  0 
5.479943e-003
1  5  6  4  7  0  0  0  0  0 
1.353445e-014
1  11   8   0   0   0   0   0   0   0 
1.345227e-002
1  5  2  8  0  0  0  0  0  0 
2.706728e-014
1  4  6  5  2  8  0  0  0  0 
9.033301e-015
1  4  7  9  0  0  0  0  0  0 
3.430250e-004
1  4  6  3  9  0  0  0  0  0 
6.064466e-014
1  5  6  3  9  0  0  0  0  0 
5.849153e-014
1   4   6   3  10   0   0   0   0   0 
1.683118e-003
1   5   6   3  10   0   0   0   0   0 
1.666055e-003
1   4   7   9  10   0   0   0   0   0 
2.334928e-003
1  11   0   0   0   0   0   0   0   0 
4.371855e-002
1   5   2   8  11   0   0   0   0   0 
9.041597e-015
2  5  1  0  0  0  0  0  0  0 
4.133328e-003
2   8  11   1   0   0   0   0   0   0 
2.691573e-014
2  5  6  4  1  0  0  0  0  0 
1.349234e-014
2  5  6  3  0  0  0  0  0  0 
2.108536e-002
2  5  1  4  6  3  0  0  0  0 
1.354686e-014
2  5  1  4  0  0  0  0  0  0 
5.998609e-003
2  5  6  4  0  0  0  0  0  0 
6.429826e-003
2   8  11   1   4   0   0   0   0   0 
2.709041e-014
2  5  0  0  0  0  0  0  0  0 
4.275951e-002
2   8  11   1   5   0   0   0   0   0 
9.041294e-015
2   8  11   1   4   6   5   0   0   0 
5.424363e-015
2  5  6  0  0  0  0  0  0  0 
1.127725e-002
2  5  1  4  6  0  0  0  0  0 
1.354041e-014
2  5  1  4  7  0  0  0  0  0 
2.430317e-002
2  5  6  4  7  0  0  0  0  0 
2.574184e-002
2   8  11   1   4   7   0   0   0   0 
2.712139e-014
2  8  0  0  0  0  0  0  0  0 
2.357578e-002
2   5   1  11   8   0   0   0   0   0 
9.041284e-015
2  5  6  3  9  0  0  0  0  0 
3.947160e-003
2   5   6   3  10   9   0   0   0   0 
2.690987e-014
2  5  1  4  7  9  0  0  0  0 
2.697407e-014
2   5   6   3  10   0   0   0   0   0 
2.580167e-002
2   5   6   3   9  10   0   0   0   0 
2.663246e-014
2   8  11   0   0   0   0   0   0   0 
2.111006e-002
2   5   1  11   0   0   0   0   0   0 
2.710941e-014
3  6  4  1  0  0  0  0  0  0 
1.501662e-003
3  6  5  1  0  0  0  0  0  0 
1.506510e-003
3  9  7  4  1  0  0  0  0  0 
2.680819e-014
3  6  5  2  0  0  0  0  0  0 
4.557863e-003
3  6  4  1  5  2  0  0  0  0 
1.352912e-014
3  6  4  0  0  0  0  0  0  0 
8.226970e-004
3  9  7  4  0  0  0  0  0  0 
2.605770e-014
3  6  5  0  0  0  0  0  0  0 
2.518399e-003
3  6  4  1  5  0  0  0  0  0 
1.350270e-014
3  6  0  0  0  0  0  0  0  0 
1.231160e-003
3  9  7  4  6  0  0  0  0  0 
8.886194e-015
3  10   9   7   4   6   0   0   0   0 
6.694417e-015
3  9  7  0  0  0  0  0  0  0 
2.002296e-003
3  10   9   7   0   0   0   0   0   0 
2.636251e-014
3  6  4  7  0  0  0  0  0  0 
2.692019e-014
3  6  5  2  8  0  0  0  0  0 
4.888817e-003
3   6   4   1  11   8   0   0   0   0 
2.689750e-014
3   6   5   1  11   8   0   0   0   0 
2.690120e-014
3  9  0  0  0  0  0  0  0  0 
7.761708e-003
3  10   9   0   0   0   0   0   0   0 
2.717165e-014
3  6  4  7  9  0  0  0  0  0 
9.049174e-015
3  10   0   0   0   0   0   0   0   0 
1.426424e-003
3   9  10   0   0   0   0   0   0   0 
2.572970e-014
3   6   4   1  11   0   0   0   0   0 
8.103131e-003
3   6   5   1  11   0   0   0   0   0 
7.905676e-003
3   9   7   4   1  11   0   0   0   0 
2.684510e-014
4  1  0  0  0  0  0  0  0  0 
7.152420e-004
4  6  5  1  0  0  0  0  0  0 
1.337348e-014
4  1  5  2  0  0  0  0  0  0 
7.285214e-003
4  6  5  2  0  0  0  0  0  0 
9.426543e-003
4   1  11   8   2   0   0   0   0   0 
2.712981e-014
4  6  3  0  0  0  0  0  0  0 
1.657908e-003
4  7  9  3  0  0  0  0  0  0 
2.545933e-014
4  1  5  6  3  0  0  0  0  0 
1.323421e-014
4  1  5  0  0  0  0  0  0  0 
9.429065e-004
4  6  5  0  0  0  0  0  0  0 
8.309425e-004
4  6  0  0  0  0  0  0  0  0 
1.180773e-003
4  1  5  6  0  0  0  0  0  0 
1.330981e-014
4  7  9  3  6  0  0  0  0  0 
8.802417e-015
4  7  0  0  0  0  0  0  0  0 
4.964701e-003
4  6  3  9  7  0  0  0  0  0 
8.996838e-015
4   6   3  10   9   7   0   0   0   0 
6.765052e-015
4   1  11   8   0   0   0   0   0   0 
1.206006e-002
4  1  5  2  8  0  0  0  0  0 
2.704704e-014
4  6  5  2  8  0  0  0  0  0 
2.701354e-014
4  7  9  0  0  0  0  0  0  0 
3.669250e-004
4  6  3  9  0  0  0  0  0  0 
3.645732e-014
4   6   3  10   9   0   0   0   0   0 
1.055614e-014
4   7   9  10   0   0   0   0   0   0 
3.351603e-004
4   6   3  10   0   0   0   0   0   0 
3.413847e-004
4   6   3   9  10   0   0   0   0   0 
3.806673e-014
4   1  11   0   0   0   0   0   0   0 
1.748103e-002
4   6   5   1  11   0   0   0   0   0 
1.354567e-014
5  1  0  0  0  0  0  0  0  0 
7.146370e-003
5  6  4  1  0  0  0  0  0  0 
1.354453e-014
5   2   8  11   1   0   0   0   0   0 
9.034187e-015
5  2  0  0  0  0  0  0  0  0 
6.270170e-003
5   1  11   8   2   0   0   0   0   0 
9.033634e-015
5  6  3  0  0  0  0  0  0  0 
2.486920e-003
5  1  4  6  3  0  0  0  0  0 
1.349005e-014
5  1  4  0  0  0  0  0  0  0 
1.395568e-003
5  6  4  0  0  0  0  0  0  0 
1.326114e-003
5  6  0  0  0  0  0  0  0  0 
4.836378e-003
5  1  4  6  0  0  0  0  0  0 
1.352180e-014
5  1  4  7  0  0  0  0  0  0 
5.874379e-003
5  6  4  7  0  0  0  0  0  0 
6.122342e-003
5  6  3  9  7  0  0  0  0  0 
2.681056e-014
5  2  8  0  0  0  0  0  0  0 
1.987298e-002
5   1  11   8   0   0   0   0   0   0 
2.710106e-014
5  6  3  9  0  0  0  0  0  0 
9.077800e-004
5  1  4  7  9  0  0  0  0  0 
2.418740e-014
5  6  4  7  9  0  0  0  0  0 
2.417340e-014
5   6   3  10   0   0   0   0   0   0 
1.532135e-003
5   6   3   9  10   0   0   0   0   0 
2.578013e-014
5   1  11   0   0   0   0   0   0   0 
2.095180e-002
5   2   8  11   0   0   0   0   0   0 
2.711505e-014
6  4  1  0  0  0  0  0  0  0 
4.742765e-004
6  5  1  0  0  0  0  0  0  0 
4.910015e-004
6  5  2  0  0  0  0  0  0  0 
3.667276e-003
6  4  1  5  2  0  0  0  0  0 
1.352129e-014
6  3  0  0  0  0  0  0  0  0 
4.322464e-003
6  4  7  9  3  0  0  0  0  0 
8.974008e-015
6   4   7   9  10   3   0   0   0   0 
6.747394e-015
6  4  0  0  0  0  0  0  0  0 
4.436730e-004
6  5  1  4  0  0  0  0  0  0 
1.254504e-014
6  3  9  7  4  0  0  0  0  0 
8.167326e-015
6  5  0  0  0  0  0  0  0  0 
5.811299e-003
6  4  1  5  0  0  0  0  0  0 
1.353601e-014
6  4  7  0  0  0  0  0  0  0 
2.709839e-003
6  3  9  7  0  0  0  0  0  0 
2.649218e-014
6  5  2  8  0  0  0  0  0  0 
6.612615e-003
6   4   1  11   8   0   0   0   0   0 
2.698166e-014
6   5   1  11   8   0   0   0   0   0 
2.698523e-014
6  3  9  0  0  0  0  0  0  0 
1.966770e-004
6   3  10   9   0   0   0   0   0   0 
4.258835e-014
6  4  7  9  0  0  0  0  0  0 
2.480443e-014
6   3  10   0   0   0   0   0   0   0 
1.179514e-003
6   3   9  10   0   0   0   0   0   0 
2.495986e-014
6   4   7   9  10   0   0   0   0   0 
1.283549e-014
6   4   1  11   0   0   0   0   0   0 
1.583950e-003
6   5   1  11   0   0   0   0   0   0 
1.536869e-003
6   5   2   8  11   0   0   0   0   0 
2.736717e-014
7  4  1  0  0  0  0  0  0  0 
5.654959e-003
7  4  6  5  1  0  0  0  0  0 
1.352655e-014
7  4  6  5  2  0  0  0  0  0 
3.636175e-003
7  4  1  5  2  0  0  0  0  0 
3.403029e-003
7  9  3  6  5  2  0  0  0  0 
2.650785e-014
7  9  3  0  0  0  0  0  0  0 
1.442599e-003
7  4  6  3  0  0  0  0  0  0 
2.696966e-014
7   9  10   3   0   0   0   0   0   0 
2.576170e-014
7  4  0  0  0  0  0  0  0  0 
3.832884e-002
7  9  3  6  4  0  0  0  0  0 
8.999412e-015
7   9  10   3   6   4   0   0   0   0 
6.761942e-015
7  4  6  5  0  0  0  0  0  0 
3.221524e-003
7  4  1  5  0  0  0  0  0  0 
3.073537e-003
7  9  3  6  5  0  0  0  0  0 
2.647939e-014
7  4  6  0  0  0  0  0  0  0 
2.019930e-003
7  9  3  6  0  0  0  0  0  0 
2.610791e-014
7   4   1  11   8   0   0   0   0   0 
2.467385e-002
7  4  6  5  2  8  0  0  0  0 
2.706250e-014
7  4  1  5  2  8  0  0  0  0 
2.709120e-014
7  9  0  0  0  0  0  0  0  0 
2.716962e-003
7  4  6  3  9  0  0  0  0  0 
8.986835e-015
7   4   6   3  10   9   0   0   0   0 
6.756922e-015
7   9  10   0   0   0   0   0   0   0 
8.009637e-003
7   9   3  10   0   0   0   0   0   0 
2.697169e-014
7   4   6   3  10   0   0   0   0   0 
1.364120e-014
7   4   1  11   0   0   0   0   0   0 
2.533330e-002
8  11   1   0   0   0   0   0   0   0 
4.741757e-003
8  2  5  1  0  0  0  0  0  0 
2.698659e-014
8  2  0  0  0  0  0  0  0  0 
1.863221e-003
8  11   1   5   2   0   0   0   0   0 
8.995965e-015
8  11   1   4   6   5   2   0   0   0 
5.403063e-015
8  2  5  6  3  0  0  0  0  0 
5.191220e-003
8  11   1   5   6   3   0   0   0   0 
2.691223e-014
8  11   1   4   6   3   0   0   0   0 
2.686055e-014
8  11   1   4   0   0   0   0   0   0 
2.516928e-003
8  2  5  1  4  0  0  0  0  0 
2.641528e-014
8  2  5  6  4  0  0  0  0  0 
2.640489e-014
8  2  5  0  0  0  0  0  0  0 
8.833318e-003
8  11   1   5   0   0   0   0   0   0 
2.706344e-014
8  2  5  6  0  0  0  0  0  0 
4.206942e-003
8  11   1   5   6   0   0   0   0   0 
2.683150e-014
8  11   1   4   6   0   0   0   0   0 
2.677459e-014
8  11   1   4   7   0   0   0   0   0 
1.807759e-002
8  2  5  1  4  7  0  0  0  0 
2.708366e-014
8  2  5  6  4  7  0  0  0  0 
2.708168e-014
8  11   1   4   7   9   0   0   0   0 
4.843446e-004
8  2  5  6  3  9  0  0  0  0 
4.649354e-004
8  11   1   5   6   3   9   0   0   0 
3.298118e-014
8   2   5   6   3  10   0   0   0   0 
7.049333e-003
8   2   5   6   3   9  10   0   0   0 
2.643278e-014
8  11   1   4   7   9  10   0   0   0 
2.658319e-014
8  11   0   0   0   0   0   0   0   0 
4.576723e-002
8   2   5   1  11   0   0   0   0   0 
9.042377e-015
9  7  4  1  0  0  0  0  0  0 
1.418689e-003
9  3  6  4  1  0  0  0  0  0 
2.526689e-014
9  3  6  5  1  0  0  0  0  0 
2.529108e-014
9  3  6  5  2  0  0  0  0  0 
1.217305e-003
9  10   3   6   5   2   0   0   0   0 
2.517129e-014
9  7  4  6  5  2  0  0  0  0 
2.580519e-014
9  3  0  0  0  0  0  0  0  0 
4.850054e-003
9  10   3   0   0   0   0   0   0   0 
2.702021e-014
9  7  4  6  3  0  0  0  0  0 
9.057256e-015
9  7  4  0  0  0  0  0  0  0 
3.265450e-004
9  3  6  4  0  0  0  0  0  0 
2.964061e-014
9  10   3   6   4   0   0   0   0   0 
7.485325e-015
9  3  6  5  0  0  0  0  0  0 
2.042216e-003
9  10   3   6   5   0   0   0   0   0 
2.627641e-014
9  7  4  6  5  0  0  0  0  0 
2.675416e-014
9  3  6  0  0  0  0  0  0  0 
2.009750e-004
9  10   3   6   0   0   0   0   0   0 
5.645467e-014
9  7  4  6  0  0  0  0  0  0 
8.714809e-014
9  7  0  0  0  0  0  0  0  0 
3.436672e-003
9  3  6  4  7  0  0  0  0  0 
8.974606e-015
9  10   3   6   4   7   0   0   0   0 
6.746645e-015
9   7   4   1  11   8   0   0   0   0 
1.017031e-003
9  3  6  5  2  8  0  0  0  0 
1.394641e-003
9  10   3   6   5   2   8   0   0   0 
2.729493e-014
9  10   0   0   0   0   0   0   0   0 
9.293230e-004
9   3  10   0   0   0   0   0   0   0 
2.670314e-014
9   7   4   1  11   0   0   0   0   0 
1.650165e-003
9   3   6   4   1  11   0   0   0   0 
2.553976e-014
9   3   6   5   1  11   0   0   0   0 
2.555981e-014
10   3   6   4   1   0   0   0   0   0 
8.454692e-004
10   9   7   4   1   0   0   0   0   0 
9.514490e-004
10   3   6   5   1   0   0   0   0   0 
8.628067e-004
10   3   6   5   2   0   0   0   0   0 
3.031321e-003
10   9   3   6   5   2   0   0   0   0 
2.625594e-014
10   3   0   0   0   0   0   0   0   0 
4.263201e-003
10   9   3   0   0   0   0   0   0   0 
2.640497e-014
10   3   6   4   0   0   0   0   0   0 
6.172782e-004
10   9   7   4   0   0   0   0   0   0 
6.554248e-004
10   3   9   7   4   0   0   0   0   0 
2.929813e-014
10   3   6   5   0   0   0   0   0   0 
2.831867e-003
10   9   3   6   5   0   0   0   0   0 
2.622268e-014
10   3   6   0   0   0   0   0   0   0 
1.422865e-003
10   9   3   6   0   0   0   0   0   0 
2.583893e-014
10   9   7   0   0   0   0   0   0   0 
8.410223e-003
10   3   9   7   0   0   0   0   0   0 
2.692363e-014
10   3   6   5   2   8   0   0   0   0 
1.080081e-002
10   9   3   6   5   2   8   0   0   0 
2.661379e-014
10   3   6   5   1  11   8   0   0   0 
2.705598e-014
10   9   0   0   0   0   0   0   0   0 
1.021141e-003
10   3   9   0   0   0   0   0   0   0 
2.659703e-014
10   3   6   4   1  11   0   0   0   0 
3.493900e-003
10   3   6   5   1  11   0   0   0   0 
3.407329e-003
10   9   7   4   1  11   0   0   0   0 
5.435173e-003
11   1   0   0   0   0   0   0   0   0 
2.634738e-002
11   8   2   5   1   0   0   0   0   0 
9.041413e-015
11   8   2   0   0   0   0   0   0   0 
4.515176e-003
11   1   5   2   0   0   0   0   0   0 
2.703079e-014
11   1   4   6   3   0   0   0   0   0 
1.670273e-003
11   1   5   6   3   0   0   0   0   0 
1.610586e-003
11   8   2   5   6   3   0   0   0   0 
2.738889e-014
11   1   4   0   0   0   0   0   0   0 
1.813265e-003
11   1   5   6   4   0   0   0   0   0 
1.347882e-014
11   1   5   0   0   0   0   0   0   0 
1.076115e-002
11   8   2   5   0   0   0   0   0   0 
2.708370e-014
11   1   4   6   5   0   0   0   0   0 
1.354024e-014
11   1   4   6   0   0   0   0   0   0 
1.984330e-003
11   1   5   6   0   0   0   0   0   0 
1.890243e-003
11   8   2   5   6   0   0   0   0   0 
2.728424e-014
11   1   4   7   0   0   0   0   0   0 
2.233989e-002
11   8   0   0   0   0   0   0   0   0 
2.279941e-002
11   1   5   2   8   0   0   0   0   0 
9.040343e-015
11   1   4   7   9   0   0   0   0   0 
3.822640e-004
11   1   4   6   3   9   0   0   0   0 
3.540566e-014
11   1   5   6   3   9   0   0   0   0 
3.554461e-014
11   1   4   7   9  10   0   0   0   0 
9.333223e-004
11   1   5   6   3  10   0   0   0   0 
8.203007e-004
11   1   4   6   3  10   0   0   0   0 
7.793889e-004
