2 1 0.202426 0.003281 * 2  5  1  0 
2 1 0.303181 0.003281 * 2   8  11   1 
3 1 0.302799 0.000704 * 3  6  4  1 
3 1 0.301460 0.000704 * 3  6  5  1 
4 1 0.101096 0.000581 * 4  1 
5 1 0.100377 0.007393 * 5  1 
6 1 0.202221 0.001814 * 6  4  1 
6 1 0.200881 0.001814 * 6  5  1 
7 1 0.202388 0.006017 * 7  4  1 
8 1 0.202220 0.005157 * 8  11   1 
9 1 0.402910 0.000166 * 9  3  6  4  1 
9 1 0.401570 0.000166 * 9  3  6  5  1 
9 1 0.302582 0.000083 * 9  7  4  1  0 
10 1 0.403081 0.000510 * 10   3   6   4   1   0 
10 1 0.401742 0.000510 * 10   3   6   5   1   0 
10 1 0.503050 0.000644 * 10   9   3   6   4   1 
10 1 0.501711 0.000644 * 10   9   3   6   5   1 
10 1 0.402723 0.000322 * 10   9   7   4   1   0 
11 1 0.101174 0.030886 * 11   1 
1 2 0.201321 0.003109 * 1  5  2  0 
1 2 0.302781 0.003109 * 1  11   8   2 
3 2 0.301892 0.002513 * 3  6  5  2 
4 2 0.302418 0.001256 * 4  1  5  2  0 
4 2 0.403877 0.001256 * 4   1  11   8   2 
4 2 0.301532 0.000628 * 4  6  5  2  0 
5 2 0.100809 0.006172 * 5  2 
6 2 0.201313 0.004962 * 6  5  2 
7 2 0.403710 0.001908 * 7  4  1  5  2  0 
7 2 0.505169 0.001908 * 7   4   1  11   8   2 
7 2 0.402824 0.001114 * 7  4  6  5  2  0 
7 2 0.502208 0.000636 * 7  9  3  6  5  2 
8 2 0.100312 0.002000 * 8  2 
9 2 0.402003 0.000443 * 9  3  6  5  2 
10 2 0.402174 0.001076 * 10   3   6   5   2   0 
10 2 0.502143 0.001076 * 10   9   3   6   5   2 
11 2 0.201125 0.005287 * 11   8   2 
1 3 0.301886 0.000922 * 1  4  6  3  0 
1 3 0.402306 0.000922 * 1  4  7  9  3 
1 3 0.303200 0.000732 * 1  5  6  3  0 
2 3 0.304738 0.017283 * 2  5  6  3 
4 3 0.201134 0.000963 * 4  6  3  0 
4 3 0.301555 0.000963 * 4  7  9  3 
5 3 0.202688 0.001925 * 5  6  3 
6 3 0.100915 0.005594 * 6  3 
7 3 0.200315 0.004108 * 7  9  3 
8 3 0.405050 0.000352 * 8  2  5  6  3  0  0 
8 3 0.504106 0.001056 * 8  11   1   4   6   3   0 
8 3 0.604527 0.001056 * 8  11   1   4   7   9   3 
8 3 0.505421 0.001056 * 8  11   1   5   6   3   0 
9 3 0.100111 0.004100 * 9  3 
10 3 0.200251 0.002760 * 10   9   3 
10 3 0.100282 0.002760 * 10   3   0 
11 3 0.403059 0.002121 * 11   1   4   6   3   0 
11 3 0.503480 0.002121 * 11   1   4   7   9   3 
11 3 0.404374 0.001684 * 11   1   5   6   3   0 
1 4 0.100751 0.002990 * 1  4 
2 4 0.303178 0.003039 * 2  5  1  4  0 
2 4 0.304946 0.003039 * 2  5  6  4  0 
2 4 0.403932 0.001969 * 2   8  11   1   4 
3 4 0.201703 0.000255 * 3  6  4  0 
3 4 0.301549 0.000255 * 3  9  7  4 
5 4 0.201128 0.001458 * 5  1  4 
5 4 0.202897 0.001458 * 5  6  4 
6 4 0.101124 0.001204 * 6  4 
7 4 0.101292 0.064093 * 7  4 
8 4 0.302972 0.002039 * 8  11   1   4 
9 4 0.201486 0.000506 * 9  7  4 
10 4 0.301985 0.000256 * 10   3   6   4   0 
10 4 0.401831 0.000256 * 10   3   9   7   4 
10 4 0.301626 0.000128 * 10   9   7   4   0 
11 4 0.201925 0.004473 * 11   1   4 
1 5 0.100512 0.005977 * 1  5 
2 5 0.102049 0.045249 * 2  5 
3 5 0.201083 0.002710 * 3  6  5 
4 5 0.201608 0.001492 * 4  1  5 
4 5 0.200723 0.001492 * 4  6  5 
6 5 0.100504 0.003184 * 6  5 
7 5 0.302900 0.002216 * 7  4  1  5  0 
7 5 0.302015 0.002216 * 7  4  6  5  0 
7 5 0.401398 0.001239 * 7  9  3  6  5 
8 5 0.202362 0.005026 * 8  2  5  0 
8 5 0.302732 0.005026 * 8  11   1   5 
9 5 0.301193 0.000861 * 9  3  6  5 
10 5 0.301365 0.000855 * 10   3   6   5   0 
10 5 0.401334 0.000855 * 10   9   3   6   5 
11 5 0.201686 0.018422 * 11   1   5 
1 6 0.200970 0.001151 * 1  4  6 
1 6 0.202285 0.001151 * 1  5  6 
2 6 0.203822 0.014518 * 2  5  6 
3 6 0.100579 0.001383 * 3  6 
4 6 0.100219 0.000957 * 4  6 
5 6 0.101773 0.004533 * 5  6 
7 6 0.201511 0.000541 * 7  4  6  0 
7 6 0.300894 0.000541 * 7  9  3  6 
8 6 0.304135 0.000570 * 8  2  5  6  0 
8 6 0.403191 0.001140 * 8  11   1   4   6 
8 6 0.404505 0.001140 * 8  11   1   5   6 
9 6 0.200689 0.000241 * 9  3  6 
10 6 0.200861 0.000830 * 10   3   6   0 
10 6 0.300830 0.000830 * 10   9   3   6 
11 6 0.302144 0.002931 * 11   1   4   6 
11 6 0.303459 0.002931 * 11   1   5   6 
1 7 0.201991 0.005561 * 1  4  7 
2 7 0.404417 0.013231 * 2  5  1  4  7  0 
2 7 0.504994 0.013968 * 2  5  6  3  9  7 
2 7 0.406186 0.013968 * 2  5  6  4  7  0 
2 7 0.505172 0.009581 * 2   8  11   1   4   7 
3 7 0.200257 0.001535 * 3  9  7 
4 7 0.101240 0.002924 * 4  7 
5 7 0.302368 0.004660 * 5  1  4  7  0 
5 7 0.402945 0.004920 * 5  6  3  9  7 
5 7 0.304137 0.004920 * 5  6  4  7  0 
6 7 0.301172 0.000975 * 6  3  9  7 
6 7 0.202364 0.000975 * 6  4  7  0 
8 7 0.404211 0.019461 * 8  11   1   4   7 
9 7 0.100194 0.001212 * 9  7 
10 7 0.300539 0.003636 * 10   3   9   7 
10 7 0.200334 0.003636 * 10   9   7   0 
11 7 0.303165 0.018425 * 11   1   4   7 
1 8 0.302282 0.008434 * 1  5  2  8 
1 8 0.202468 0.008434 * 1  11   8   0 
2 8 0.100960 0.022051 * 2  8 
3 8 0.402853 0.006104 * 3  6  5  2  8 
4 8 0.403378 0.004313 * 4  1  5  2  8 
4 8 0.303565 0.004313 * 4   1  11   8   0 
4 8 0.402493 0.002524 * 4  6  5  2  8 
5 8 0.201770 0.026705 * 5  2  8 
6 8 0.302274 0.005685 * 6  5  2  8 
7 8 0.504670 0.006663 * 7  4  1  5  2  8 
7 8 0.404857 0.006663 * 7   4   1  11   8   0 
7 8 0.503785 0.003898 * 7  4  6  5  2  8 
9 8 0.502963 0.000227 * 9  3  6  5  2  8  0 
9 8 0.604864 0.000680 * 9  7  4  1  5  2  8 
9 8 0.505051 0.000680 * 9   7   4   1  11   8   0 
9 8 0.603979 0.000680 * 9  7  4  6  5  2  8 
10 8 0.503135 0.000665 * 10   3   6   5   2   8   0   0 
10 8 0.603104 0.000867 * 10   9   3   6   5   2   8   0 
10 8 0.705005 0.002600 * 10   9   7   4   1   5   2   8 
10 8 0.605191 0.002600 * 10   9   7   4   1  11   8   0 
10 8 0.704119 0.002600 * 10   9   7   4   6   5   2   8 
11 8 0.100812 0.029002 * 11   8 
1 9 0.401949 0.000322 * 1  4  6  3  9 
1 9 0.302196 0.000322 * 1  4  7  9  0 
2 9 0.604375 0.000761 * 2  5  1  4  6  3  9 
2 9 0.504622 0.000761 * 2  5  1  4  7  9  0 
2 9 0.404801 0.000452 * 2  5  6  3  9  0  0 
3 9 0.100063 0.001347 * 3  9 
4 9 0.301197 0.000087 * 4  6  3  9 
4 9 0.201445 0.000087 * 4  7  9  0 
5 9 0.502326 0.000434 * 5  1  4  6  3  9 
5 9 0.402573 0.000434 * 5  1  4  7  9  0 
5 9 0.302751 0.000257 * 5  6  3  9  0  0 
6 9 0.200978 0.000127 * 6  3  9 
7 9 0.100205 0.001742 * 7  9 
8 9 0.704688 0.000153 * 8  2  5  1  4  6  3  9 
8 9 0.604935 0.000153 * 8  2  5  1  4  7  9  0 
8 9 0.505113 0.000153 * 8  2  5  6  3  9  0  0 
8 9 0.604169 0.000102 * 8  11   1   4   6   3   9   0 
8 9 0.504416 0.000102 * 8  11   1   4   7   9   0   0 
10 9 0.200345 0.000398 * 10   3   9 
10 9 0.100140 0.000398 * 10   9   0 
11 9 0.503122 0.000256 * 11   1   4   6   3   9 
11 9 0.403370 0.000256 * 11   1   4   7   9   0 
1 10 0.502095 0.001429 * 1   4   6   3   9  10 
1 10 0.402386 0.001429 * 1   4   6   3  10   0 
1 10 0.402342 0.000715 * 1   4   7   9  10   0 
1 10 0.503409 0.001353 * 1   5   6   3   9  10 
1 10 0.403701 0.001353 * 1   5   6   3  10   0 
2 10 0.504947 0.016293 * 2   5   6   3   9  10 
2 10 0.405238 0.016293 * 2   5   6   3  10   0 
3 10 0.200209 0.000601 * 3   9  10 
3 10 0.100501 0.000601 * 3  10   0 
4 10 0.401343 0.000212 * 4   6   3   9  10 
4 10 0.301635 0.000212 * 4   6   3  10   0 
4 10 0.301591 0.000106 * 4   7   9  10   0 
5 10 0.402897 0.001642 * 5   6   3   9  10 
5 10 0.303189 0.001642 * 5   6   3  10   0 
6 10 0.301124 0.000656 * 6   3   9  10 
6 10 0.201416 0.000656 * 6   3  10   0 
7 10 0.200351 0.005762 * 7   9  10 
8 10 0.605259 0.000531 * 8   2   5   6   3   9  10   0 
8 10 0.505551 0.000531 * 8   2   5   6   3  10   0   0 
8 10 0.704315 0.001327 * 8  11   1   4   6   3   9  10 
8 10 0.604607 0.001327 * 8  11   1   4   6   3  10   0 
8 10 0.604562 0.000855 * 8  11   1   4   7   9  10   0 
8 10 0.705630 0.001327 * 8  11   1   5   6   3   9  10 
8 10 0.605921 0.001327 * 8  11   1   5   6   3  10   0 
9 10 0.100146 0.001798 * 9  10 
11 10 0.603268 0.000978 * 11   1   4   6   3   9  10 
11 10 0.503560 0.000978 * 11   1   4   6   3  10   0 
11 10 0.503516 0.000489 * 11   1   4   7   9  10   0 
11 10 0.604583 0.000926 * 11   1   5   6   3   9  10 
11 10 0.504875 0.000926 * 11   1   5   6   3  10   0 
1 11 0.101656 0.041069 * 1  11 
2 11 0.202007 0.023920 * 2   8  11 
3 11 0.404455 0.003667 * 3   6   4   1  11   0 
3 11 0.403116 0.006946 * 3   6   5   1  11   0 
3 11 0.503899 0.006946 * 3   6   5   2   8  11 
4 11 0.202752 0.003697 * 4   1  11 
5 11 0.202033 0.009611 * 5   1  11   0 
5 11 0.302817 0.009611 * 5   2   8  11 
6 11 0.303876 0.000991 * 6   4   1  11   0 
6 11 0.302537 0.001877 * 6   5   1  11   0 
6 11 0.403320 0.001877 * 6   5   2   8  11 
7 11 0.304044 0.018546 * 7   4   1  11 
8 11 0.101047 0.052439 * 8  11 
9 11 0.504566 0.000441 * 9   3   6   4   1  11   0 
9 11 0.503226 0.000441 * 9   3   6   5   1  11   0 
9 11 0.604010 0.000441 * 9   3   6   5   2   8  11 
9 11 0.404238 0.000147 * 9   7   4   1  11   0   0 
10 11 0.504737 0.001439 * 10   3   6   4   1  11   0   0 
10 11 0.503398 0.001439 * 10   3   6   5   1  11   0   0 
10 11 0.604181 0.001439 * 10   3   6   5   2   8  11   0 
10 11 0.604706 0.001798 * 10   9   3   6   4   1  11   0 
10 11 0.603367 0.001798 * 10   9   3   6   5   1  11   0 
10 11 0.704150 0.001798 * 10   9   3   6   5   2   8  11 
10 11 0.504379 0.000599 * 10   9   7   4   1  11   0   0 
