2  5  1 
0.008087
3  6  4  1 
0.000609
3  6  5  1 
0.000609
4  1 
0.005187
5  1 
0.007018
6  4  1 
0.001283
6  5  1 
0.001283
7  4  1 
0.008988
8  11   1 
0.007344
9  7  4  1 
0.001258
10   3   6   4   1 
0.001145
10   3   6   5   1 
0.001145
10   9   7   4   1 
0.001145
11   1 
0.020965
1  5  2 
0.007699
3  6  5  2 
0.006346
4  1  5  2 
0.001968
4  6  5  2 
0.001968
5  2 
0.014305
6  5  2 
0.003697
7  4  1  5  2 
0.004413
7  4  6  5  2 
0.004413
8  2 
0.002872
9  3  6  5  2 
0.000703
10   3   6   5   2 
0.002417
11   8   2 
0.004939
1  4  6  3 
0.000803
1  5  6  3 
0.000803
2  5  6  3 
0.014136
4  6  3 
0.002271
5  6  3 
0.002619
6  3 
0.006319
7  9  3 
0.007977
8  2  5  6  3 
0.004431
9  3 
0.004762
10   3 
0.006985
11   1   4   6   3 
0.002974
11   1   5   6   3 
0.002974
1  4 
0.001563
2  5  1  4 
0.003403
2  5  6  4 
0.003403
3  6  4 
0.001101
5  1  4 
0.002088
5  6  4 
0.002088
6  4 
0.001617
7  4 
0.037164
8  11   1   4 
0.001344
9  7  4 
0.001187
10   3   6   4 
0.000978
10   9   7   4 
0.000978
11   1   4 
0.002966
1  5 
0.006055
2  5 
0.037003
3  6  5 
0.003684
4  1  5 
0.001638
4  6  5 
0.001638
6  5 
0.005259
7  4  1  5 
0.003358
7  4  6  5 
0.003358
8  2  5 
0.011030
9  3  6  5 
0.003101
10   3   6   5 
0.004657
11   1   5 
0.014632
1  4  6 
0.001204
1  5  6 
0.001204
2  5  6 
0.014132
3  6 
0.004145
4  6 
0.001616
5  6 
0.005407
7  4  6 
0.003333
8  2  5  6 
0.002819
9  3  6 
0.000306
10   3   6 
0.001170
11   1   4   6 
0.002317
11   1   5   6 
0.002317
1  4  7 
0.005523
2  5  1  4  7 
0.019780
2  5  6  4  7 
0.019780
3  9  7 
0.003987
4  7 
0.004191
5  1  4  7 
0.008431
5  6  4  7 
0.008431
6  4  7 
0.004188
8  11   1   4   7 
0.019557
9  7 
0.001236
10   9   7 
0.010615
11   1   4   7 
0.032067
1  11   8 
0.011848
2  8 
0.024376
3  6  5  2  8 
0.006625
4   1  11   8 
0.014637
5  2  8 
0.021375
6  5  2  8 
0.010512
7   4   1  11   8 
0.026216
9  3  6  5  2  8 
0.001325
9   7   4   1  11   8 
0.001325
10   3   6   5   2   8 
0.010010
11   8 
0.028844
1  4  7  9 
0.000398
2  5  6  3  9 
0.002577
3  9 
0.003741
4  7  9 
0.000570
5  6  3  9 
0.001635
6  3  9 
0.000632
7  9 
0.000650
8  2  5  6  3  9 
0.000744
8  11   1   4   7   9 
0.000744
10   9 
0.001397
11   1   4   7   9 
0.001182
1   4   6   3  10 
0.001684
1   4   7   9  10 
0.001684
1   5   6   3  10 
0.002686
2   5   6   3  10 
0.018810
3  10 
0.001990
4   6   3  10 
0.000579
4   7   9  10 
0.000579
5   6   3  10 
0.003348
6   3  10 
0.001203
7   9  10 
0.008801
8   2   5   6   3  10 
0.005732
9  10 
0.002214
11   1   4   6   3  10 
0.000998
11   1   4   7   9  10 
0.000998
11   1   5   6   3  10 
0.001070
1  11 
0.032030
2   8  11 
0.031664
3   6   4   1  11 
0.007169
3   6   5   1  11 
0.007169
4   1  11 
0.004840
5   1  11 
0.019780
6   4   1  11 
0.003049
6   5   1  11 
0.003049
7   4   1  11 
0.025418
8  11 
0.057600
9   7   4   1  11 
0.001330
10   3   6   4   1  11 
0.004252
10   3   6   5   1  11 
0.004252
10   9   7   4   1  11 
0.004252
