2  5  1  0 
0.002655
2   8  11   1 
0.002655
3  6  4  1 
0.000320
3  6  5  1 
0.000320
4  1 
0.000696
5  1 
0.008487
6  4  1 
0.001774
6  5  1 
0.001774
7  4  1 
0.005097
8  11   1 
0.005247
9  3  6  4  1 
0.000158
9  3  6  5  1 
0.000158
9  7  4  1  0 
0.000079
10   3   6   4   1   0 
0.000553
10   3   6   5   1   0 
0.000553
10   9   3   6   4   1 
0.000682
10   9   3   6   5   1 
0.000682
10   9   7   4   1   0 
0.000341
11   1 
0.034611
1  5  2  0 
0.002306
1  11   8   2 
0.002306
3  6  5  2 
0.003044
4  1  5  2  0 
0.000935
4   1  11   8   2 
0.000935
4  6  5  2  0 
0.000475
5  2 
0.006881
6  5  2 
0.005016
7  4  1  5  2  0 
0.002251
7   4   1  11   8   2 
0.002251
7  4  6  5  2  0 
0.001145
7  9  3  6  5  2 
0.000770
8  2 
0.001830
9  3  6  5  2 
0.000448
10   3   6   5   2   0 
0.001162
10   9   3   6   5   2 
0.001162
11   8   2 
0.005630
1  4  6  3  0 
0.000866
1  4  7  9  3 
0.000866
1  5  6  3  0 
0.000717
2  5  6  3 
0.017561
4  6  3  0 
0.000865
4  7  9  3 
0.000865
5  6  3 
0.002436
6  3 
0.006396
7  9  3 
0.003286
8  2  5  6  3  0  0 
0.000505
8  11   1   4   6   3   0 
0.001515
8  11   1   4   7   9   3 
0.001515
8  11   1   5   6   3   0 
0.001515
9  3 
0.003886
10   9   3 
0.002342
10   3   0 
0.002342
11   1   4   6   3   0 
0.002192
11   1   4   7   9   3 
0.002192
11   1   5   6   3   0 
0.001813
1  4 
0.002692
2  5  1  4  0 
0.003110
2  5  6  4  0 
0.003110
2   8  11   1   4 
0.002022
3  6  4  0 
0.000212
3  9  7  4 
0.000212
5  1  4 
0.001478
5  6  4 
0.001478
6  4 
0.001250
7  4 
0.032377
8  11   1   4 
0.002522
9  7  4 
0.000531
10   3   6   4   0 
0.000323
10   3   9   7   4 
0.000323
10   9   7   4   0 
0.000182
11   1   4 
0.004578
1  5 
0.005675
2  5 
0.044292
3  6  5 
0.002985
4  1  5 
0.002390
4  6  5 
0.002390
6  5 
0.003137
7  4  1  5  0 
0.002404
7  4  6  5  0 
0.002404
7  9  3  6  5 
0.001202
8  2  5  0 
0.004680
8  11   1   5 
0.004680
9  3  6  5 
0.000708
10   3   6   5   0 
0.001186
10   9   3   6   5 
0.001186
11   1   5 
0.017769
1  4  6 
0.001132
1  5  6 
0.001132
2  5  6 
0.014274
3  6 
0.001298
4  6 
0.001041
5  6 
0.003961
7  4  6  0 
0.000598
7  9  3  6 
0.000598
8  2  5  6  0 
0.000527
8  11   1   4   6 
0.001053
8  11   1   5   6 
0.001053
9  3  6 
0.000209
10   3   6   0 
0.000784
10   9   3   6 
0.000784
11   1   4   6 
0.003134
11   1   5   6 
0.003134
1  4  7 
0.006043
2  5  1  4  7  0 
0.013317
2  5  6  3  9  7 
0.013961
2  5  6  4  7  0 
0.013961
2   8  11   1   4   7 
0.009736
3  9  7 
0.001103
4  7 
0.006299
5  1  4  7  0 
0.004542
5  6  3  9  7 
0.004761
5  6  4  7  0 
0.004761
6  3  9  7 
0.000843
6  4  7  0 
0.000843
8  11   1   4   7 
0.020004
9  7 
0.001725
10   3   9   7 
0.003567
10   9   7   0 
0.003567
11   1   4   7 
0.018758
1  5  2  8 
0.008674
1  11   8   0 
0.008674
2  8 
0.022174
3  6  5  2  8 
0.006133
4  1  5  2  8 
0.004717
4   1  11   8   0 
0.004717
4  6  5  2  8 
0.002767
5  2  8 
0.024017
6  5  2  8 
0.006195
7  4  1  5  2  8 
0.007059
7   4   1  11   8   0 
0.007059
7  4  6  5  2  8 
0.004141
9  3  6  5  2  8  0 
0.000235
9  7  4  1  5  2  8 
0.000706
9   7   4   1  11   8   0 
0.000706
9  7  4  6  5  2  8 
0.000706
10   3   6   5   2   8   0   0 
0.000546
10   9   3   6   5   2   8   0 
0.000751
10   9   7   4   1   5   2   8 
0.002183
10   9   7   4   1  11   8   0 
0.002183
10   9   7   4   6   5   2   8 
0.002183
11   8 
0.025079
1  4  6  3  9 
0.000268
1  4  7  9  0 
0.000268
2  5  1  4  6  3  9 
0.000768
2  5  1  4  7  9  0 
0.000768
2  5  6  3  9  0  0 
0.000431
3  9 
0.002971
4  6  3  9 
0.000086
4  7  9  0 
0.000086
5  1  4  6  3  9 
0.000310
5  1  4  7  9  0 
0.000310
5  6  3  9  0  0 
0.000174
6  3  9 
0.000159
7  9 
0.002062
8  2  5  1  4  6  3  9 
0.000155
8  2  5  1  4  7  9  0 
0.000155
8  2  5  6  3  9  0  0 
0.000155
8  11   1   4   6   3   9   0 
0.000103
8  11   1   4   7   9   0   0 
0.000103
10   3   9 
0.000385
10   9   0 
0.000385
11   1   4   6   3   9 
0.000337
11   1   4   7   9   0 
0.000337
1   4   6   3   9  10 
0.001536
1   4   6   3  10   0 
0.001536
1   4   7   9  10   0 
0.000768
1   5   6   3   9  10 
0.001477
1   5   6   3  10   0 
0.001477
2   5   6   3   9  10 
0.015801
2   5   6   3  10   0 
0.015801
3   9  10 
0.000554
3  10   0 
0.000554
4   6   3   9  10 
0.000168
4   6   3  10   0 
0.000168
4   7   9  10   0 
0.000084
5   6   3   9  10 
0.001691
5   6   3  10   0 
0.001691
6   3   9  10 
0.000764
6   3  10   0 
0.000764
7   9  10 
0.006183
8   2   5   6   3   9  10   0 
0.000710
8   2   5   6   3  10   0   0 
0.000710
8  11   1   4   6   3   9  10 
0.001776
8  11   1   4   6   3  10   0 
0.001776
8  11   1   4   7   9  10   0 
0.000960
8  11   1   5   6   3   9  10 
0.001776
8  11   1   5   6   3  10   0 
0.001776
9  10 
0.001591
11   1   4   6   3   9  10 
0.000915
11   1   4   6   3  10   0 
0.000915
11   1   4   7   9  10   0 
0.000458
11   1   5   6   3   9  10 
0.000880
11   1   5   6   3  10   0 
0.000880
1  11 
0.044600
2   8  11 
0.022310
3   6   4   1  11   0 
0.002819
3   6   5   1  11   0 
0.005589
3   6   5   2   8  11 
0.005589
4   1  11 
0.003463
5   1  11   0 
0.008984
5   2   8  11 
0.008984
6   4   1  11   0 
0.000939
6   5   1  11   0 
0.001862
6   5   2   8  11 
0.001862
7   4   1  11 
0.020780
8  11 
0.049018
9   3   6   4   1  11   0 
0.000238
9   3   6   5   1  11   0 
0.000238
9   3   6   5   2   8  11 
0.000238
9   7   4   1  11   0   0 
0.000079
10   3   6   4   1  11   0   0 
0.001399
10   3   6   5   1  11   0   0 
0.001399
10   3   6   5   2   8  11   0 
0.001399
10   9   3   6   4   1  11   0 
0.001603
10   9   3   6   5   1  11   0 
0.001603
10   9   3   6   5   2   8  11 
0.001603
10   9   7   4   1  11   0   0 
0.000534
