2 5 1 
0.005666
3 6 4 1 
0.000586
3 6 5 1 
0.000586
4 1 
0.001610
5 1 
0.007631
6 4 1 
0.001059
6 5 1 
0.001059
7 4 1 
0.008027
8 11 1 
0.003886
9 7 4 1 
0.001324
10 3 6 4 1 
0.001299
10 3 6 5 1 
0.001299
10 9 7 4 1 
0.001299
11 1 
0.027079
1 5 2 
0.004535
3 6 5 2 
0.005756
4 1 5 2 
0.000990
4 6 5 2 
0.000990
5 2 
0.009087
6 5 2 
0.003318
7 4 1 5 2 
0.002679
7 4 6 5 2 
0.002679
8 2 
0.002385
9 3 6 5 2 
0.000768
10 3 6 5 2 
0.002690
11 8 2 
0.003647
1 4 6 3 
0.001038
1 5 6 3 
0.001038
2 5 6 3 
0.016896
4 6 3 
0.002063
5 6 3 
0.004185
6 3 
0.005258
7 9 3 
0.002780
8 2 5 6 3 
0.003515
9 3 
0.004991
10 3 
0.004274
11 1 4 6 3 
0.002286
11 1 5 6 3 
0.002286
1 4 
0.000788
2 5 1 4 
0.004416
2 5 6 4 
0.004416
3 6 4 
0.001589
5 1 4 
0.001021
5 6 4 
0.001021
6 4 
0.000932
7 4 
0.035075
8 11 1 4 
0.002046
9 7 4 
0.001116
10 3 6 4 
0.000726
10 9 7 4 
0.000726
11 1 4 
0.001708
1 5 
0.005052
2 5 
0.037664
3 6 5 
0.004295
4 1 5 
0.001579
4 6 5 
0.001579
6 5 
0.004264
7 4 1 5 
0.002882
7 4 6 5 
0.002882
8 2 5 
0.012087
9 3 6 5 
0.003225
10 3 6 5 
0.005112
11 1 5 
0.009415
1 4 6 
0.000903
1 5 6 
0.000903
2 5 6 
0.011790
3 6 
0.001282
4 6 
0.001060
5 6 
0.004685
7 4 6 
0.002095
8 2 5 6 
0.003638
9 3 6 
0.000286
10 3 6 
0.002095
11 1 4 6 
0.001854
11 1 5 6 
0.001854
1 4 7 
0.005053
2 5 1 4 7 
0.027444
2 5 6 4 7 
0.027444
3 9 7 
0.002471
4 7 
0.004691
5 1 4 7 
0.007443
5 6 4 7 
0.007443
6 4 7 
0.004498
8 11 1 4 7 
0.022270
9 7 
0.005119
10 9 7 
0.010659
11 1 4 7 
0.023330
1 11 8 
0.011838
2 8 
0.024118
3 6 5 2 8 
0.007682
4 1 11 8 
0.012177
5 2 8 
0.014735
6 5 2 8 
0.008131
7 4 1 11 8 
0.025911
9 3 6 5 2 8 
0.002100
9 7 4 1 11 8 
0.002100
10 3 6 5 2 8 
0.011475
11 8 
0.025486
1 4 7 9 
0.000285
2 5 6 3 9 
0.002105
3 9 
0.007080
4 7 9 
0.000479
5 6 3 9 
0.000902
6 3 9 
0.000272
7 9 
0.002576
8 2 5 6 3 9 
0.000407
8 11 1 4 7 9 
0.000407
10 9 
0.002284
11 1 4 7 9 
0.000890
1 4 6 3 10 
0.000736
1 4 7 9 10 
0.000736
1 5 6 3 10 
0.001229
2 5 6 3 10 
0.028108
3 10 
0.001750
4 6 3 10 
0.000301
4 7 9 10 
0.000301
5 6 3 10 
0.002123
6 3 10 
0.001324
7 9 10 
0.007950
8 2 5 6 3 10 
0.008321
9 10 
0.001458
11 1 4 6 3 10 
0.000929
11 1 4 7 9 10 
0.000929
11 1 5 6 3 10 
0.001553
1 11 
0.037892
2 8 11 
0.028360
3 6 4 1 11 
0.006607
3 6 5 1 11 
0.006607
4 1 11 
0.005046
5 1 11 
0.016565
6 4 1 11 
0.002853
6 5 1 11 
0.002853
7 4 1 11 
0.022223
8 11 
0.046506
9 7 4 1 11 
0.001211
10 3 6 4 1 11 
0.003849
10 3 6 5 1 11 
0.003849
10 9 7 4 1 11 
0.003849
