2 1 2 0.004260 * 2  5  1 
3 1 3 0.000430 * 3  6  4  1 
3 1 3 0.000430 * 3  6  5  1 
4 1 1 0.005555 * 4  1 
5 1 1 0.005761 * 5  1 
6 1 2 0.000757 * 6  4  1 
6 1 2 0.000757 * 6  5  1 
7 1 2 0.006372 * 7  4  1 
8 1 2 0.005039 * 8  11   1 
9 1 3 0.000763 * 9  7  4  1 
10 1 4 0.001353 * 10   3   6   4   1 
10 1 4 0.001353 * 10   3   6   5   1 
10 1 4 0.001353 * 10   9   7   4   1 
11 1 1 0.028284 * 11   1 
1 2 2 0.003858 * 1  5  2 
3 2 3 0.005246 * 3  6  5  2 
4 2 3 0.000618 * 4  1  5  2 
4 2 3 0.000618 * 4  6  5  2 
5 2 1 0.008984 * 5  2 
6 2 2 0.003390 * 6  5  2 
7 2 4 0.003893 * 7  4  1  5  2 
7 2 4 0.003893 * 7  4  6  5  2 
8 2 1 0.001731 * 8  2 
9 2 4 0.000651 * 9  3  6  5  2 
10 2 4 0.002475 * 10   3   6   5   2 
11 2 2 0.001485 * 11   8   2 
1 3 3 0.001297 * 1  4  6  3 
1 3 3 0.001297 * 1  5  6  3 
2 3 3 0.018158 * 2  5  6  3 
4 3 2 0.001790 * 4  6  3 
5 3 2 0.002193 * 5  6  3 
6 3 1 0.005200 * 6  3 
7 3 2 0.004010 * 7  9  3 
8 3 4 0.004724 * 8  2  5  6  3 
9 3 1 0.004804 * 9  3 
10 3 1 0.005737 * 10   3 
11 3 4 0.002871 * 11   1   4   6   3 
11 3 4 0.002871 * 11   1   5   6   3 
1 4 1 0.002343 * 1  4 
2 4 3 0.003832 * 2  5  1  4 
2 4 3 0.003832 * 2  5  6  4 
3 4 2 0.000603 * 3  6  4 
5 4 2 0.001348 * 5  1  4 
5 4 2 0.001348 * 5  6  4 
6 4 1 0.000670 * 6  4 
7 4 1 0.036274 * 7  4 
8 4 3 0.004244 * 8  11   1   4 
9 4 2 0.000849 * 9  7  4 
10 4 3 0.000865 * 10   3   6   4 
10 4 3 0.000865 * 10   9   7   4 
11 4 2 0.001849 * 11   1   4 
1 5 1 0.005646 * 1  5 
2 5 1 0.038211 * 2  5 
3 5 2 0.004137 * 3  6  5 
4 5 2 0.000932 * 4  1  5 
4 5 2 0.000932 * 4  6  5 
6 5 1 0.003224 * 6  5 
7 5 3 0.003168 * 7  4  1  5 
7 5 3 0.003168 * 7  4  6  5 
8 5 2 0.007726 * 8  2  5 
9 5 3 0.002905 * 9  3  6  5 
10 5 3 0.004448 * 10   3   6   5 
11 5 2 0.015034 * 11   1   5 
1 6 2 0.000927 * 1  4  6 
1 6 2 0.000927 * 1  5  6 
2 6 2 0.012629 * 2  5  6 
3 6 1 0.002102 * 3  6 
4 6 1 0.001280 * 4  6 
5 6 1 0.006017 * 5  6 
7 6 2 0.002339 * 7  4  6 
8 6 3 0.004235 * 8  2  5  6 
9 6 2 0.000243 * 9  3  6 
10 6 2 0.001768 * 10   3   6 
11 6 3 0.001810 * 11   1   4   6 
11 6 3 0.001810 * 11   1   5   6 
1 7 2 0.004566 * 1  4  7 
2 7 4 0.027026 * 2  5  1  4  7 
2 7 4 0.027026 * 2  5  6  4  7 
3 7 2 0.002684 * 3  9  7 
4 7 1 0.007260 * 4  7 
5 7 3 0.005376 * 5  1  4  7 
5 7 3 0.005376 * 5  6  4  7 
6 7 2 0.004400 * 6  4  7 
8 7 4 0.021196 * 8  11   1   4   7 
9 7 1 0.003000 * 9  7 
10 7 2 0.010950 * 10   9   7 
11 7 3 0.020032 * 11   1   4   7 
1 8 2 0.013142 * 1  11   8 
2 8 1 0.026474 * 2  8 
3 8 4 0.006854 * 3  6  5  2  8 
4 8 3 0.012102 * 4   1  11   8 
5 8 2 0.017105 * 5  2  8 
6 8 3 0.007706 * 6  5  2  8 
7 8 4 0.026703 * 7   4   1  11   8 
9 8 5 0.001838 * 9  3  6  5  2  8 
9 8 5 0.001838 * 9   7   4   1  11   8 
10 8 5 0.009865 * 10   3   6   5   2   8 
11 8 1 0.022090 * 11   8 
1 9 3 0.000294 * 1  4  7  9 
2 9 4 0.002975 * 2  5  6  3  9 
3 9 1 0.004689 * 3  9 
4 9 2 0.000370 * 4  7  9 
5 9 3 0.001146 * 5  6  3  9 
6 9 2 0.000277 * 6  3  9 
7 9 1 0.001849 * 7  9 
8 9 5 0.000374 * 8  2  5  6  3  9 
8 9 5 0.000374 * 8  11   1   4   7   9 
10 9 1 0.001225 * 10   9 
11 9 4 0.000766 * 11   1   4   7   9 
1 10 4 0.000889 * 1   4   6   3  10 
1 10 4 0.000889 * 1   4   7   9  10 
1 10 4 0.001499 * 1   5   6   3  10 
2 10 4 0.024876 * 2   5   6   3  10 
3 10 1 0.002049 * 3  10 
4 10 3 0.000304 * 4   6   3  10 
4 10 3 0.000304 * 4   7   9  10 
5 10 3 0.001627 * 5   6   3  10 
6 10 2 0.001288 * 6   3  10 
7 10 2 0.008536 * 7   9  10 
8 10 5 0.007705 * 8   2   5   6   3  10 
9 10 1 0.001156 * 9  10 
11 10 5 0.000883 * 11   1   4   6   3  10 
11 10 5 0.000883 * 11   1   4   7   9  10 
11 10 5 0.001484 * 11   1   5   6   3  10 
1 11 1 0.040069 * 1  11 
2 11 2 0.026831 * 2   8  11 
3 11 4 0.006319 * 3   6   4   1  11 
3 11 4 0.006319 * 3   6   5   1  11 
4 11 2 0.006013 * 4   1  11 
5 11 2 0.017085 * 5   1  11 
6 11 3 0.003905 * 6   4   1  11 
6 11 3 0.003905 * 6   5   1  11 
7 11 3 0.021614 * 7   4   1  11 
8 11 1 0.057538 * 8  11 
9 11 4 0.001649 * 9   7   4   1  11 
10 11 5 0.004137 * 10   3   6   4   1  11 
10 11 5 0.004137 * 10   3   6   5   1  11 
10 11 5 0.004137 * 10   9   7   4   1  11 
