2 1 0.202273 0.006895 * 2  5  1 
3 1 0.302920 0.000842 * 3  6  4  1 
3 1 0.302078 0.000842 * 3  6  5  1 
4 1 0.101213 0.003503 * 4  1 
5 1 0.100507 0.007084 * 5  1 
6 1 0.202228 0.001030 * 6  4  1 
6 1 0.201387 0.001030 * 6  5  1 
7 1 0.202192 0.006226 * 7  4  1 
8 1 0.302590 0.003658 * 8  2  5  1 
8 1 0.202352 0.003658 * 8  11   1   0 
9 1 0.403123 0.000476 * 9  3  6  4  1 
9 1 0.402281 0.000476 * 9  3  6  5  1 
9 1 0.302506 0.000238 * 9  7  4  1  0 
10 1 0.403287 0.000555 * 10   3   6   4   1   0 
10 1 0.402446 0.000555 * 10   3   6   5   1   0 
10 1 0.503358 0.000833 * 10   9   3   6   4   1 
10 1 0.502517 0.000833 * 10   9   3   6   5   1 
10 1 0.402742 0.000448 * 10   9   7   4   1   0 
11 1 0.101106 0.023918 * 11   1 
1 2 0.201510 0.003911 * 1  5  2  0 
1 2 0.302935 0.003911 * 1  11   8   2 
3 2 0.302617 0.005261 * 3  6  5  2 
4 2 0.302723 0.000837 * 4  1  5  2  0 
4 2 0.404149 0.000837 * 4   1  11   8   2 
4 2 0.302249 0.000418 * 4  6  5  2  0 
5 2 0.101046 0.013444 * 5  2 
6 2 0.201925 0.003333 * 6  5  2 
7 2 0.403701 0.003795 * 7  4  1  5  2  0 
7 2 0.505127 0.003795 * 7   4   1  11   8   2 
7 2 0.403227 0.001898 * 7  4  6  5  2  0 
7 2 0.503107 0.001514 * 7  9  3  6  5  2 
8 2 0.100318 0.002249 * 8  2 
9 2 0.402820 0.000823 * 9  3  6  5  2 
10 2 0.402984 0.001169 * 10   3   6   5   2   0 
10 2 0.503055 0.001169 * 10   9   3   6   5   2 
11 2 0.201186 0.005446 * 11   8   2 
1 3 0.301947 0.000545 * 1  4  6  3  0 
1 3 0.402747 0.000545 * 1  4  7  9  3 
1 3 0.302880 0.000427 * 1  5  6  3  0 
2 3 0.304181 0.014707 * 2  5  6  3 
4 3 0.201103 0.000980 * 4  6  3  0 
4 3 0.301903 0.000980 * 4  7  9  3 
5 3 0.202416 0.003651 * 5  6  3 
6 3 0.100779 0.005156 * 6  3 
7 3 0.200491 0.009635 * 7  9  3 
8 3 0.404499 0.000346 * 8  2  5  6  3  0  0 
8 3 0.504300 0.001039 * 8  11   1   4   6   3   0 
8 3 0.605100 0.001039 * 8  11   1   4   7   9   3 
8 3 0.505232 0.001039 * 8  11   1   5   6   3   0 
9 3 0.100203 0.004875 * 9  3 
10 3 0.200439 0.005006 * 10   9   3 
10 3 0.100368 0.005006 * 10   3   0 
11 3 0.403054 0.002347 * 11   1   4   6   3   0 
11 3 0.503854 0.002347 * 11   1   4   7   9   3 
11 3 0.403986 0.001839 * 11   1   5   6   3   0 
1 4 0.100845 0.002374 * 1  4 
2 4 0.303117 0.004536 * 2  5  1  4 
2 4 0.304417 0.004536 * 2  5  6  4 
3 4 0.201706 0.000653 * 3  6  4  0 
3 4 0.301440 0.000653 * 3  9  7  4 
5 4 0.201352 0.001426 * 5  1  4 
5 4 0.202652 0.001426 * 5  6  4 
6 4 0.101015 0.001340 * 6  4 
7 4 0.100978 0.003652 * 7  4 
8 4 0.403435 0.000643 * 8  2  5  1  4 
8 4 0.404735 0.000643 * 8  2  5  6  4 
8 4 0.303197 0.000321 * 8  11   1   4   0 
9 4 0.201293 0.000694 * 9  7  4 
10 4 0.302074 0.000675 * 10   3   6   4   0 
10 4 0.401807 0.000675 * 10   3   9   7   4 
10 4 0.301528 0.000337 * 10   9   7   4   0 
11 4 0.201951 0.002363 * 11   1   4 
1 5 0.100464 0.006846 * 1  5 
2 5 0.101765 0.040348 * 2  5 
3 5 0.201571 0.002668 * 3  6  5 
4 5 0.201677 0.001658 * 4  1  5 
4 5 0.201203 0.001658 * 4  6  5 
6 5 0.100879 0.003767 * 6  5 
7 5 0.302655 0.002824 * 7  4  1  5  0 
7 5 0.302181 0.002824 * 7  4  6  5  0 
7 5 0.402061 0.001683 * 7  9  3  6  5 
8 5 0.202083 0.003494 * 8  2  5  0 
8 5 0.302816 0.003494 * 8  11   1   5 
9 5 0.301774 0.003192 * 9  3  6  5 
10 5 0.301938 0.001970 * 10   3   6   5   0 
10 5 0.402009 0.001970 * 10   9   3   6   5 
11 5 0.201570 0.013434 * 11   1   5 
1 6 0.201169 0.000968 * 1  4  6 
1 6 0.202101 0.000968 * 1  5  6 
2 6 0.203403 0.014200 * 2  5  6 
3 6 0.100692 0.003248 * 3  6 
4 6 0.100324 0.001819 * 4  6 
5 6 0.101637 0.004805 * 5  6 
7 6 0.201302 0.001894 * 7  4  6  0 
7 6 0.301182 0.001894 * 7  9  3  6 
8 6 0.303720 0.000759 * 8  2  5  6  0 
8 6 0.403521 0.001519 * 8  11   1   4   6 
8 6 0.404453 0.001519 * 8  11   1   5   6 
9 6 0.200895 0.000429 * 9  3  6 
10 6 0.201059 0.000653 * 10   3   6   0 
10 6 0.301130 0.000653 * 10   9   3   6 
11 6 0.302275 0.001852 * 11   1   4   6 
11 6 0.303207 0.001852 * 11   1   5   6 
1 7 0.202257 0.012815 * 1  4  7 
2 7 0.404529 0.014324 * 2  5  1  4  7  0 
2 7 0.504643 0.015534 * 2  5  6  3  9  7 
2 7 0.405830 0.015534 * 2  5  6  4  7  0 
3 7 0.200462 0.003598 * 3  9  7 
4 7 0.101412 0.003300 * 4  7 
5 7 0.302764 0.006386 * 5  1  4  7  0 
5 7 0.402878 0.006925 * 5  6  3  9  7 
5 7 0.304065 0.006925 * 5  6  4  7  0 
6 7 0.301240 0.002280 * 6  3  9  7 
6 7 0.202427 0.002280 * 6  4  7  0 
8 7 0.504847 0.006138 * 8  2  5  1  4  7  0 
8 7 0.604961 0.006138 * 8  2  5  6  3  9  7 
8 7 0.506147 0.006138 * 8  2  5  6  4  7  0 
8 7 0.404609 0.002046 * 8  11   1   4   7   0   0 
9 7 0.100315 0.001482 * 9  7 
10 7 0.300829 0.006576 * 10   3   9   7 
10 7 0.200550 0.006576 * 10   9   7   0 
11 7 0.303363 0.023185 * 11   1   4   7 
1 8 0.302603 0.005681 * 1  5  2  8 
1 8 0.202618 0.005681 * 1  11   8   0 
2 8 0.101094 0.023416 * 2  8 
3 8 0.403710 0.007725 * 3  6  5  2  8 
4 8 0.403817 0.005609 * 4  1  5  2  8 
4 8 0.303831 0.005609 * 4   1  11   8   0 
4 8 0.403343 0.004164 * 4  6  5  2  8 
5 8 0.202140 0.026249 * 5  2  8 
6 8 0.303019 0.011999 * 6  5  2  8 
7 8 0.504795 0.009476 * 7  4  1  5  2  8 
7 8 0.404809 0.009476 * 7   4   1  11   8   0 
7 8 0.504321 0.007035 * 7  4  6  5  2  8 
9 8 0.503914 0.000231 * 9  3  6  5  2  8  0 
9 8 0.605110 0.000692 * 9  7  4  1  5  2  8 
9 8 0.505124 0.000692 * 9   7   4   1  11   8   0 
9 8 0.604636 0.000692 * 9  7  4  6  5  2  8 
10 8 0.504078 0.000723 * 10   3   6   5   2   8   0   0 
10 8 0.604149 0.000931 * 10   9   3   6   5   2   8   0 
10 8 0.705345 0.002793 * 10   9   7   4   1   5   2   8 
10 8 0.605360 0.002793 * 10   9   7   4   1  11   8   0 
10 8 0.704872 0.002793 * 10   9   7   4   6   5   2   8 
11 8 0.100868 0.026817 * 11   8 
1 9 0.402094 0.000117 * 1  4  6  3  9 
1 9 0.302544 0.000117 * 1  4  7  9  0 
2 9 0.604367 0.000775 * 2  5  1  4  6  3  9 
2 9 0.504817 0.000775 * 2  5  1  4  7  9  0 
2 9 0.404328 0.000414 * 2  5  6  3  9  0  0 
3 9 0.100147 0.005150 * 3  9 
4 9 0.301250 0.000202 * 4  6  3  9 
4 9 0.201700 0.000202 * 4  7  9  0 
5 9 0.502602 0.000490 * 5  1  4  6  3  9 
5 9 0.403052 0.000490 * 5  1  4  7  9  0 
5 9 0.302563 0.000262 * 5  6  3  9  0  0 
6 9 0.200926 0.000431 * 6  3  9 
7 9 0.100287 0.001115 * 7  9 
8 9 0.704684 0.001175 * 8  2  5  1  4  6  3  9 
8 9 0.605135 0.001175 * 8  2  5  1  4  7  9  0 
8 9 0.504646 0.000832 * 8  2  5  6  3  9  0  0 
8 9 0.604447 0.000783 * 8  11   1   4   6   3   9   0 
8 9 0.504897 0.000783 * 8  11   1   4   7   9   0   0 
10 9 0.200514 0.000556 * 10   3   9 
10 9 0.100235 0.000556 * 10   9   0 
11 9 0.503200 0.000491 * 11   1   4   6   3   9 
11 9 0.403651 0.000491 * 11   1   4   7   9   0 
1 10 0.502251 0.001385 * 1   4   6   3   9  10 
1 10 0.402312 0.001385 * 1   4   6   3  10   0 
1 10 0.402701 0.000692 * 1   4   7   9  10   0 
1 10 0.503183 0.001240 * 1   5   6   3   9  10 
1 10 0.403244 0.001240 * 1   5   6   3  10   0 
2 10 0.504485 0.008469 * 2   5   6   3   9  10 
2 10 0.404546 0.008469 * 2   5   6   3  10   0 
3 10 0.200304 0.000909 * 3   9  10 
3 10 0.100364 0.000909 * 3  10   0 
4 10 0.401407 0.000406 * 4   6   3   9  10 
4 10 0.301467 0.000406 * 4   6   3  10   0 
4 10 0.301857 0.000203 * 4   7   9  10   0 
5 10 0.402720 0.001658 * 5   6   3   9  10 
5 10 0.302780 0.001658 * 5   6   3  10   0 
6 10 0.301082 0.000759 * 6   3   9  10 
6 10 0.201143 0.000759 * 6   3  10   0 
7 10 0.200444 0.008668 * 7   9  10 
8 10 0.604803 0.000546 * 8   2   5   6   3   9  10   0 
8 10 0.504863 0.000546 * 8   2   5   6   3  10   0   0 
8 10 0.704603 0.001364 * 8  11   1   4   6   3   9  10 
8 10 0.604664 0.001364 * 8  11   1   4   6   3  10   0 
8 10 0.605054 0.000839 * 8  11   1   4   7   9  10   0 
8 10 0.705536 0.001364 * 8  11   1   5   6   3   9  10 
8 10 0.605596 0.001364 * 8  11   1   5   6   3  10   0 
9 10 0.100157 0.001836 * 9  10 
11 10 0.603357 0.000773 * 11   1   4   6   3   9  10 
11 10 0.503418 0.000773 * 11   1   4   6   3  10   0 
11 10 0.503807 0.000387 * 11   1   4   7   9  10   0 
11 10 0.604290 0.000693 * 11   1   5   6   3   9  10 
11 10 0.504350 0.000693 * 11   1   5   6   3  10   0 
1 11 0.101749 0.033695 * 1  11 
2 11 0.304022 0.013671 * 2   5   1  11 
2 11 0.202340 0.013671 * 2   8  11   0 
3 11 0.404669 0.007238 * 3   6   4   1  11 
3 11 0.403827 0.007238 * 3   6   5   1  11 
4 11 0.202963 0.005541 * 4   1  11 
5 11 0.202257 0.017891 * 5   1  11 
6 11 0.303978 0.003330 * 6   4   1  11 
6 11 0.303136 0.003330 * 6   5   1  11 
7 11 0.303941 0.025670 * 7   4   1  11 
8 11 0.101246 0.063726 * 8  11 
9 11 0.504872 0.000429 * 9   3   6   4   1  11 
9 11 0.504031 0.000429 * 9   3   6   5   1  11 
9 11 0.404256 0.000214 * 9   7   4   1  11   0 
10 11 0.505037 0.002713 * 10   3   6   4   1  11   0 
10 11 0.504195 0.002713 * 10   3   6   5   1  11   0 
10 11 0.605108 0.003082 * 10   9   3   6   4   1  11 
10 11 0.604266 0.003082 * 10   9   3   6   5   1  11 
10 11 0.504491 0.001541 * 10   9   7   4   1  11   0 
