2  5  1 
0.004469
3  6  4  1 
0.000602
3  6  5  1 
0.000602
4  1 
0.000991
5  1 
0.005397
6  4  1 
0.000443
6  5  1 
0.000443
7  4  1 
0.007204
8  11   1 
0.006009
9  7  4  1 
0.001619
10   3   6   4   1 
0.001138
10   3   6   5   1 
0.001138
10   9   7   4   1 
0.001138
11   1 
0.048117
1  5  2 
0.004449
3  6  5  2 
0.006734
4  1  5  2 
0.004800
4  6  5  2 
0.004800
5  2 
0.005670
6  5  2 
0.002631
7  4  1  5  2 
0.003403
7  4  6  5  2 
0.003403
8  2 
0.001855
9  3  6  5  2 
0.001520
10   3   6   5   2 
0.002807
11   8   2 
0.002502
1  4  6  3 
0.001208
1  5  6  3 
0.001208
2  5  6  3 
0.017336
4  6  3 
0.001645
5  6  3 
0.002126
6  3 
0.000918
7  9  3 
0.001242
8  2  5  6  3 
0.002930
9  3 
0.002760
10   3 
0.002653
11   1   4   6   3 
0.001323
11   1   5   6   3 
0.001323
1  4 
0.001891
2  5  1  4 
0.004708
2  5  6  4 
0.004708
3  6  4 
0.001015
5  1  4 
0.001786
5  6  4 
0.001786
6  4 
0.000441
7  4 
0.003185
8  11   1   4 
0.002061
9  7  4 
0.000333
10   3   6   4 
0.000493
10   9   7   4 
0.000493
11   1   4 
0.000969
1  5 
0.004128
2  5 
0.039788
3  6  5 
0.002016
4  1  5 
0.000845
4  6  5 
0.000845
6  5 
0.004233
7  4  1  5 
0.002329
7  4  6  5 
0.002329
8  2  5 
0.008662
9  3  6  5 
0.002939
10   3   6   5 
0.002472
11   1   5 
0.009664
1  4  6 
0.001306
1  5  6 
0.001306
2  5  6 
0.012561
3  6 
0.001167
4  6 
0.002182
5  6 
0.004500
7  4  6 
0.001696
8  2  5  6 
0.002898
9  3  6 
0.000168
10   3   6 
0.001576
11   1   4   6 
0.002377
11   1   5   6 
0.002377
1  4  7 
0.006384
2  5  1  4  7 
0.025885
2  5  6  4  7 
0.025885
3  9  7 
0.001684
4  7 
0.001997
5  1  4  7 
0.006248
5  6  4  7 
0.006248
6  4  7 
0.002309
8  11   1   4   7 
0.019684
9  7 
0.001579
10   9   7 
0.010114
11   1   4   7 
0.017555
1  11   8 
0.012367
2  8 
0.019965
3  6  5  2  8 
0.004981
4   1  11   8 
0.012491
5  2  8 
0.017789
6  5  2  8 
0.006651
7   4   1  11   8 
0.017999
9  3  6  5  2  8 
0.000877
9   7   4   1  11   8 
0.000877
10   3   6   5   2   8 
0.007643
11   8 
0.017850
1  4  7  9 
0.000434
2  5  6  3  9 
0.004482
3  9 
0.002163
4  7  9 
0.000481
5  6  3  9 
0.001146
6  3  9 
0.000142
7  9 
0.003082
8  2  5  6  3  9 
0.000419
8  11   1   4   7   9 
0.000419
10   9 
0.000728
11   1   4   7   9 
0.000324
1   4   6   3  10 
0.001533
1   4   7   9  10 
0.001533
1   5   6   3  10 
0.002584
2   5   6   3  10 
0.030510
3  10 
0.001146
4   6   3  10 
0.000375
4   7   9  10 
0.000375
5   6   3  10 
0.003839
6   3  10 
0.001088
7   9  10 
0.006377
8   2   5   6   3  10 
0.007766
9  10 
0.000698
11   1   4   6   3  10 
0.000797
11   1   4   7   9  10 
0.000797
11   1   5   6   3  10 
0.000799
1  11 
0.046676
2   8  11 
0.021391
3   6   4   1  11 
0.004516
3   6   5   1  11 
0.004516
4   1  11 
0.010331
5   1  11 
0.020337
6   4   1  11 
0.001784
6   5   1  11 
0.001784
7   4   1  11 
0.028155
8  11 
0.051400
9   7   4   1  11 
0.001894
10   3   6   4   1  11 
0.004006
10   3   6   5   1  11 
0.004006
10   9   7   4   1  11 
0.004006
