2  5  1  0 
0.002361
2   8  11   1 
0.002361
3  6  4  1 
0.000398
3  6  5  1 
0.000398
4  1 
0.000826
5  1 
0.005766
6  4  1 
0.000744
6  5  1 
0.000744
7  4  1 
0.006002
8  11   1 
0.003560
9  3  6  4  1 
0.000946
9  3  6  5  1 
0.000946
9  7  4  1  0 
0.000473
10   3   6   4   1   0 
0.000485
10   3   6   5   1   0 
0.000485
10   9   3   6   4   1 
0.000728
10   9   3   6   5   1 
0.000728
10   9   7   4   1   0 
0.000562
11   1 
0.037168
1  5  2  0 
0.002224
1  11   8   2 
0.002224
3  6  5  2 
0.003903
4  1  5  2  0 
0.000713
4   1  11   8   2 
0.000713
4  6  5  2  0 
0.000638
5  2 
0.009856
6  5  2 
0.003263
7  4  1  5  2  0 
0.019403
7   4   1  11   8   2 
0.019403
7  4  6  5  2  0 
0.017362
7  9  3  6  5  2 
0.016730
8  2 
0.002249
9  3  6  5  2 
0.000373
10   3   6   5   2   0 
0.001608
10   9   3   6   5   2 
0.001608
11   8   2 
0.002915
1  4  6  3  0 
0.000749
1  4  7  9  3 
0.000749
1  5  6  3  0 
0.000607
2  5  6  3 
0.017513
4  6  3  0 
0.001199
4  7  9  3 
0.001199
5  6  3 
0.001738
6  3 
0.006136
7  9  3 
0.001598
8  2  5  6  3  0  0 
0.000616
8  11   1   4   6   3   0 
0.001849
8  11   1   4   7   9   3 
0.001849
8  11   1   5   6   3   0 
0.001849
9  3 
0.004633
10   9   3 
0.002240
10   3   0 
0.002240
11   1   4   6   3   0 
0.003061
11   1   4   7   9   3 
0.003061
11   1   5   6   3   0 
0.002479
1  4 
0.002038
2  5  1  4  0 
0.003172
2  5  6  4  0 
0.003172
2   8  11   1   4 
0.002084
3  6  4 
0.000442
5  1  4 
0.001467
5  6  4 
0.001467
6  4 
0.001225
7  4 
0.035186
8  11   1   4 
0.001920
9  3  6  4 
0.000340
9  7  4  0 
0.000340
10   3   6   4   0 
0.000163
10   9   3   6   4 
0.000325
10   9   7   4   0 
0.000325
11   1   4 
0.001517
1  5 
0.003816
2  5 
0.042900
3  6  5 
0.002411
4  1  5 
0.001447
4  6  5 
0.001447
6  5 
0.003335
7  4  1  5  0 
0.002418
7  4  6  5  0 
0.002418
7  9  3  6  5 
0.001428
8  2  5 
0.010233
9  3  6  5 
0.001984
10   3   6   5   0 
0.001468
10   9   3   6   5 
0.001468
11   1   5   0 
0.004230
11   8   2   5 
0.004230
1  4  6 
0.000923
1  5  6 
0.000923
2  5  6 
0.015086
3  6 
0.001125
4  6 
0.001106
5  6 
0.003160
7  4  6  0 
0.000661
7  9  3  6 
0.000661
8  2  5  6  0 
0.000498
8  11   1   4   6 
0.000996
8  11   1   5   6 
0.000996
9  3  6 
0.000169
10   3   6   0 
0.000882
10   9   3   6 
0.000882
11   1   4   6 
0.002852
11   1   5   6 
0.002852
1  4  7 
0.005238
2  5  1  4  7  0 
0.012119
2  5  6  3  9  7 
0.012911
2  5  6  4  7  0 
0.012911
2   8  11   1   4   7 
0.009200
3  9  7 
0.001126
4  7 
0.021453
5  1  4  7  0 
0.003583
5  6  3  9  7 
0.003817
5  6  4  7  0 
0.003817
6  3  9  7 
0.001014
6  4  7  0 
0.001014
8  11   1   4   7 
0.015933
9  7 
0.001617
10   3   9   7 
0.003674
10   9   7   0 
0.003674
11   1   4   7 
0.025984
1  11   8 
0.014039
2  8 
0.020896
3   6   5   1  11   8 
0.003014
3  6  5  2  8  0 
0.003014
4   1  11   8   0   0 
0.002454
4   6   5   1  11   8 
0.004909
4  6  5  2  8  0 
0.004909
5   1  11   8 
0.010036
5  2  8  0 
0.010036
6   5   1  11   8 
0.003393
6  5  2  8  0 
0.003393
7   4   1  11   8   0   0 
0.003301
7   4   6   5   1  11   8 
0.006140
7  4  6  5  2  8  0 
0.006140
9   3   6   5   1  11   8   0 
0.000241
9  3  6  5  2  8  0  0 
0.000241
9   7   4   1  11   8   0   0 
0.000361
9   7   4   6   5   1  11   8 
0.000361
9  7  4  6  5  2  8  0 
0.000361
10   3   6   5   1  11   8   0   0 
0.000796
10   3   6   5   2   8   0   0   0 
0.000796
10   9   3   6   5   1  11   8   0 
0.001009
10   9   3   6   5   2   8   0   0 
0.001009
10   9   7   4   1  11   8   0   0 
0.001514
10   9   7   4   6   5   1  11   8 
0.001514
10   9   7   4   6   5   2   8   0 
0.001514
11   8 
0.025590
1  4  6  3  9 
0.000199
1  4  7  9  0 
0.000199
2  5  1  4  6  3  9 
0.000938
2  5  1  4  7  9  0 
0.000938
2  5  6  3  9  0  0 
0.000587
3  9 
0.005154
4  6  3  9 
0.000122
4  7  9  0 
0.000122
5  1  4  6  3  9 
0.000445
5  1  4  7  9  0 
0.000445
5  6  3  9  0  0 
0.000278
6  3  9 
0.000143
7  9 
0.001941
8  2  5  1  4  6  3  9 
0.000268
8  2  5  1  4  7  9  0 
0.000268
8  2  5  6  3  9  0  0 
0.000268
8  11   1   4   6   3   9   0 
0.000178
8  11   1   4   7   9   0   0 
0.000178
10   3   9 
0.000373
10   9   0 
0.000373
11   1   4   6   3   9 
0.000309
11   1   4   7   9   0 
0.000309
1   4   6   3   9  10 
0.001371
1   4   6   3  10   0 
0.001371
1   4   7   9  10   0 
0.000685
1   5   6   3   9  10 
0.001273
1   5   6   3  10   0 
0.001273
2   5   6   3   9  10 
0.016424
2   5   6   3  10   0 
0.016424
3   9  10 
0.000603
3  10   0 
0.000603
4   6   3   9  10 
0.000327
4   6   3  10   0 
0.000327
4   7   9  10   0 
0.000164
5   6   3   9  10 
0.001890
5   6   3  10   0 
0.001890
6   3   9  10 
0.000764
6   3  10   0 
0.000764
7   9  10 
0.005970
8   2   5   6   3   9  10   0 
0.000578
8   2   5   6   3  10   0   0 
0.000578
8  11   1   4   6   3   9  10 
0.001445
8  11   1   4   6   3  10   0 
0.001445
8  11   1   4   7   9  10   0 
0.000974
8  11   1   5   6   3   9  10 
0.001445
8  11   1   5   6   3  10   0 
0.001445
9  10 
0.000900
11   1   4   6   3   9  10 
0.001387
11   1   4   6   3  10   0 
0.001387
11   1   4   7   9  10   0 
0.000694
11   1   5   6   3   9  10 
0.001288
11   1   5   6   3  10   0 
0.001288
1  11 
0.026899
2   8  11 
0.021047
3   6   4   1  11   0 
0.002214
3   6   5   1  11   0 
0.004427
3   6   5   2   8  11 
0.004427
4   1  11 
0.005642
5   1  11   0 
0.010117
5   2   8  11 
0.010117
6   4   1  11   0 
0.001035
6   5   1  11   0 
0.002070
6   5   2   8  11 
0.002070
7   4   1  11 
0.021513
8  11 
0.040028
9   3   6   4   1  11   0 
0.000283
9   3   6   5   1  11   0 
0.000283
9   3   6   5   2   8  11 
0.000283
9   7   4   1  11   0   0 
0.000094
10   3   6   4   1  11   0   0 
0.001900
10   3   6   5   1  11   0   0 
0.001900
10   3   6   5   2   8  11   0 
0.001900
10   9   3   6   4   1  11   0 
0.002144
10   9   3   6   5   1  11   0 
0.002144
10   9   3   6   5   2   8  11 
0.002144
10   9   7   4   1  11   0   0 
0.000715
