2 1 0.202317 0.003249 * 2  5  1  0 
2 1 0.303241 0.003249 * 2   8  11   1 
3 1 0.303005 0.001361 * 3  6  4  1 
3 1 0.302127 0.001361 * 3  6  5  1 
4 1 0.101246 0.002349 * 4  1 
5 1 0.100525 0.008322 * 5  1 
6 1 0.202246 0.000734 * 6  4  1 
6 1 0.201368 0.000734 * 6  5  1 
7 1 0.202582 0.006380 * 7  4  1 
8 1 0.202155 0.005213 * 8  11   1 
9 1 0.403202 0.000833 * 9  3  6  4  1 
9 1 0.402324 0.000833 * 9  3  6  5  1 
9 1 0.302896 0.000416 * 9  7  4  1  0 
10 1 0.403354 0.000635 * 10   3   6   4   1   0 
10 1 0.402476 0.000635 * 10   3   6   5   1   0 
10 1 0.503427 0.000953 * 10   9   3   6   4   1 
10 1 0.502549 0.000953 * 10   9   3   6   5   1 
10 1 0.403121 0.000609 * 10   9   7   4   1   0 
11 1 0.101052 0.026681 * 11   1 
1 2 0.201207 0.002342 * 1  5  2  0 
1 2 0.303070 0.002342 * 1  11   8   2 
3 2 0.302447 0.005798 * 3  6  5  2 
4 2 0.302453 0.000704 * 4  1  5  2  0 
4 2 0.404316 0.000704 * 4   1  11   8   2 
4 2 0.301937 0.000352 * 4  6  5  2  0 
5 2 0.100845 0.010661 * 5  2 
6 2 0.201688 0.003593 * 6  5  2 
7 2 0.403789 0.002080 * 7  4  1  5  2  0 
7 2 0.505652 0.002080 * 7   4   1  11   8   2 
7 2 0.403273 0.001040 * 7  4  6  5  2  0 
7 2 0.502930 0.000746 * 7  9  3  6  5  2 
8 2 0.100285 0.002254 * 8  2 
9 2 0.402644 0.001102 * 9  3  6  5  2 
10 2 0.402795 0.001268 * 10   3   6   5   2   0 
10 2 0.502869 0.001268 * 10   9   3   6   5   2 
11 2 0.201166 0.007152 * 11   8   2 
1 3 0.301804 0.000936 * 1  4  6  3  0 
1 3 0.402440 0.000936 * 1  4  7  9  3 
1 3 0.302912 0.000695 * 1  5  6  3  0 
2 3 0.304341 0.019987 * 2  5  6  3 
4 3 0.201098 0.001002 * 4  6  3  0 
4 3 0.301734 0.001002 * 4  7  9  3 
5 3 0.202549 0.002965 * 5  6  3 
6 3 0.100849 0.004575 * 6  3 
7 3 0.200483 0.008104 * 7  9  3 
8 3 0.404627 0.000166 * 8  2  5  6  3  0  0 
8 3 0.503958 0.000497 * 8  11   1   4   6   3   0 
8 3 0.604594 0.000497 * 8  11   1   4   7   9   3 
8 3 0.505066 0.000497 * 8  11   1   5   6   3   0 
9 3 0.100197 0.005812 * 9  3 
10 3 0.200422 0.002848 * 10   9   3 
10 3 0.100348 0.002848 * 10   3   0 
11 3 0.402856 0.001773 * 11   1   4   6   3   0 
11 3 0.503492 0.001773 * 11   1   4   7   9   3 
11 3 0.403964 0.001317 * 11   1   5   6   3   0 
1 4 0.100705 0.001729 * 1  4 
2 4 0.303022 0.003517 * 2  5  1  4  0 
2 4 0.304492 0.003517 * 2  5  6  4  0 
2 4 0.403946 0.002215 * 2   8  11   1   4 
3 4 0.201759 0.000657 * 3  6  4  0 
3 4 0.301783 0.000657 * 3  9  7  4 
5 4 0.201230 0.001814 * 5  1  4 
5 4 0.202700 0.001814 * 5  6  4 
6 4 0.101000 0.001276 * 6  4 
7 4 0.101336 0.038815 * 7  4 
8 4 0.302860 0.001989 * 8  11   1   4 
9 4 0.201650 0.001221 * 9  7  4 
10 4 0.302107 0.000984 * 10   3   6   4   0 
10 4 0.402131 0.000984 * 10   3   9   7   4 
10 4 0.301875 0.000552 * 10   9   7   4   0 
11 4 0.201758 0.001901 * 11   1   4 
1 5 0.100362 0.002925 * 1  5 
2 5 0.101792 0.034951 * 2  5 
3 5 0.201602 0.003722 * 3  6  5 
4 5 0.201609 0.001395 * 4  1  5 
4 5 0.201092 0.001395 * 4  6  5 
6 5 0.100843 0.004559 * 6  5 
7 5 0.302945 0.002419 * 7  4  1  5  0 
7 5 0.302429 0.002419 * 7  4  6  5  0 
7 5 0.402085 0.001453 * 7  9  3  6  5 
8 5 0.202077 0.003442 * 8  2  5  0 
8 5 0.302517 0.003442 * 8  11   1   5 
9 5 0.301799 0.002690 * 9  3  6  5 
10 5 0.301951 0.001774 * 10   3   6   5   0 
10 5 0.402024 0.001774 * 10   9   3   6   5 
11 5 0.201415 0.011760 * 11   1   5 
1 6 0.200955 0.000676 * 1  4  6 
1 6 0.202063 0.000676 * 1  5  6 
2 6 0.203492 0.014543 * 2  5  6 
3 6 0.100759 0.003398 * 3  6 
4 6 0.100249 0.001404 * 4  6 
5 6 0.101700 0.004067 * 5  6 
7 6 0.201586 0.001756 * 7  4  6  0 
7 6 0.301242 0.001756 * 7  9  3  6 
8 6 0.303778 0.000832 * 8  2  5  6  0 
8 6 0.403109 0.001664 * 8  11   1   4   6 
8 6 0.404217 0.001664 * 8  11   1   5   6 
9 6 0.200956 0.000318 * 9  3  6 
10 6 0.201108 0.001148 * 10   3   6   0 
10 6 0.301181 0.001148 * 10   9   3   6 
11 6 0.302007 0.002151 * 11   1   4   6 
11 6 0.303115 0.002151 * 11   1   5   6 
1 7 0.201957 0.003930 * 1  4  7 
2 7 0.404274 0.011547 * 2  5  1  4  7  0 
2 7 0.504788 0.013091 * 2  5  6  3  9  7 
2 7 0.405744 0.013091 * 2  5  6  4  7  0 
2 7 0.505198 0.007830 * 2   8  11   1   4   7 
3 7 0.200447 0.003165 * 3  9  7 
4 7 0.101252 0.003321 * 4  7 
5 7 0.302482 0.004965 * 5  1  4  7  0 
5 7 0.402996 0.005629 * 5  6  3  9  7 
5 7 0.303952 0.005629 * 5  6  4  7  0 
6 7 0.301296 0.002245 * 6  3  9  7 
6 7 0.202251 0.002245 * 6  4  7  0 
8 7 0.404112 0.019704 * 8  11   1   4   7 
9 7 0.100314 0.001913 * 9  7 
10 7 0.300795 0.005582 * 10   3   9   7 
10 7 0.200539 0.005582 * 10   9   7   0 
11 7 0.303010 0.021896 * 11   1   4   7 
1 8 0.302293 0.005829 * 1  5  2  8 
1 8 0.202784 0.005829 * 1  11   8   0 
2 8 0.101086 0.025550 * 2  8 
3 8 0.403533 0.008875 * 3  6  5  2  8 
4 8 0.403539 0.004966 * 4  1  5  2  8 
4 8 0.304030 0.004966 * 4   1  11   8   0 
4 8 0.403023 0.003675 * 4  6  5  2  8 
5 8 0.201930 0.018474 * 5  2  8 
6 8 0.302773 0.008814 * 6  5  2  8 
7 8 0.504875 0.010330 * 7  4  1  5  2  8 
7 8 0.405367 0.010330 * 7   4   1  11   8   0 
7 8 0.504359 0.007646 * 7  4  6  5  2  8 
9 8 0.503730 0.000270 * 9  3  6  5  2  8  0 
9 8 0.605189 0.000810 * 9  7  4  1  5  2  8 
9 8 0.505680 0.000810 * 9   7   4   1  11   8   0 
9 8 0.604673 0.000810 * 9  7  4  6  5  2  8 
10 8 0.503881 0.000682 * 10   3   6   5   2   8   0   0 
10 8 0.603955 0.000917 * 10   9   3   6   5   2   8   0 
10 8 0.705414 0.002727 * 10   9   7   4   1   5   2   8 
10 8 0.605905 0.002727 * 10   9   7   4   1  11   8   0 
10 8 0.704898 0.002727 * 10   9   7   4   6   5   2   8 
11 8 0.100880 0.025425 * 11   8 
1 9 0.401937 0.000128 * 1  4  6  3  9 
1 9 0.302243 0.000128 * 1  4  7  9  0 
2 9 0.604254 0.000787 * 2  5  1  4  6  3  9 
2 9 0.504560 0.000787 * 2  5  1  4  7  9  0 
2 9 0.404474 0.000701 * 2  5  6  3  9  0  0 
3 9 0.100133 0.002813 * 3  9 
4 9 0.301232 0.000312 * 4  6  3  9 
4 9 0.201538 0.000312 * 4  7  9  0 
5 9 0.502462 0.001737 * 5  1  4  6  3  9 
5 9 0.402768 0.001737 * 5  1  4  7  9  0 
5 9 0.302683 0.001174 * 5  6  3  9  0  0 
6 9 0.200982 0.000173 * 6  3  9 
7 9 0.100286 0.004380 * 7  9 
8 9 0.704539 0.000194 * 8  2  5  1  4  6  3  9 
8 9 0.604845 0.000194 * 8  2  5  1  4  7  9  0 
8 9 0.504760 0.000194 * 8  2  5  6  3  9  0  0 
8 9 0.604092 0.000130 * 8  11   1   4   6   3   9   0 
8 9 0.504398 0.000130 * 8  11   1   4   7   9   0   0 
10 9 0.200482 0.001035 * 10   3   9 
10 9 0.100225 0.001035 * 10   9   0 
11 9 0.502989 0.000579 * 11   1   4   6   3   9 
11 9 0.403295 0.000579 * 11   1   4   7   9   0 
1 10 0.502084 0.001325 * 1   4   6   3   9  10 
1 10 0.402211 0.001325 * 1   4   6   3  10   0 
1 10 0.402390 0.000663 * 1   4   7   9  10   0 
1 10 0.503192 0.001226 * 1   5   6   3   9  10 
1 10 0.403319 0.001226 * 1   5   6   3  10   0 
2 10 0.504622 0.011975 * 2   5   6   3   9  10 
2 10 0.404749 0.011975 * 2   5   6   3  10   0 
3 10 0.200281 0.001144 * 3   9  10 
3 10 0.100407 0.001144 * 3  10   0 
4 10 0.401379 0.000274 * 4   6   3   9  10 
4 10 0.301506 0.000274 * 4   6   3  10   0 
4 10 0.301685 0.000137 * 4   7   9  10   0 
5 10 0.402830 0.001143 * 5   6   3   9  10 
5 10 0.302957 0.001143 * 5   6   3  10   0 
6 10 0.301130 0.000639 * 6   3   9  10 
6 10 0.201256 0.000639 * 6   3  10   0 
7 10 0.200433 0.007560 * 7   9  10 
8 10 0.604907 0.000440 * 8   2   5   6   3   9  10   0 
8 10 0.505034 0.000440 * 8   2   5   6   3  10   0   0 
8 10 0.704239 0.001099 * 8  11   1   4   6   3   9  10 
8 10 0.604366 0.001099 * 8  11   1   4   6   3  10   0 
8 10 0.604545 0.000771 * 8  11   1   4   7   9  10   0 
8 10 0.705347 0.001099 * 8  11   1   5   6   3   9  10 
8 10 0.605474 0.001099 * 8  11   1   5   6   3  10   0 
9 10 0.100148 0.001309 * 9  10 
11 10 0.603137 0.000903 * 11   1   4   6   3   9  10 
11 10 0.503264 0.000903 * 11   1   4   6   3  10   0 
11 10 0.503443 0.000451 * 11   1   4   7   9  10   0 
11 10 0.604245 0.000835 * 11   1   5   6   3   9  10 
11 10 0.504372 0.000835 * 11   1   5   6   3  10   0 
1 11 0.101904 0.043781 * 1  11 
2 11 0.202188 0.034153 * 2   8  11 
3 11 0.404909 0.003330 * 3   6   4   1  11   0 
3 11 0.404031 0.005754 * 3   6   5   1  11   0 
3 11 0.504635 0.005754 * 3   6   5   2   8  11 
4 11 0.203150 0.006611 * 4   1  11 
5 11 0.202429 0.008476 * 5   1  11   0 
5 11 0.303033 0.008476 * 5   2   8  11 
6 11 0.304150 0.001649 * 6   4   1  11   0 
6 11 0.303272 0.002850 * 6   5   1  11   0 
6 11 0.403876 0.002850 * 6   5   2   8  11 
7 11 0.304486 0.027531 * 7   4   1  11 
8 11 0.101102 0.047245 * 8  11 
9 11 0.505106 0.000444 * 9   3   6   4   1  11   0 
9 11 0.504228 0.000444 * 9   3   6   5   1  11   0 
9 11 0.604832 0.000444 * 9   3   6   5   2   8  11 
9 11 0.404800 0.000148 * 9   7   4   1  11   0   0 
10 11 0.505257 0.001946 * 10   3   6   4   1  11   0   0 
10 11 0.504380 0.001946 * 10   3   6   5   1  11   0   0 
10 11 0.604983 0.001946 * 10   3   6   5   2   8  11   0 
10 11 0.605331 0.002318 * 10   9   3   6   4   1  11   0 
10 11 0.604453 0.002318 * 10   9   3   6   5   1  11   0 
10 11 0.705057 0.002318 * 10   9   3   6   5   2   8  11 
10 11 0.505025 0.000773 * 10   9   7   4   1  11   0   0 
