2 1 2 0.005072 * 2  5  1 
3 1 3 0.001796 * 3  6  4  1 
3 1 3 0.001796 * 3  6  5  1 
4 1 1 0.000795 * 4  1 
5 1 1 0.006355 * 5  1 
6 1 2 0.000412 * 6  4  1 
6 1 2 0.000412 * 6  5  1 
7 1 2 0.006662 * 7  4  1 
8 1 2 0.005356 * 8  11   1 
9 1 3 0.001978 * 9  7  4  1 
10 1 4 0.001037 * 10   3   6   4   1 
10 1 4 0.001037 * 10   3   6   5   1 
10 1 4 0.001037 * 10   9   7   4   1 
11 1 1 0.026602 * 11   1 
1 2 2 0.003044 * 1  5  2 
3 2 3 0.004829 * 3  6  5  2 
4 2 3 0.007249 * 4  1  5  2 
4 2 3 0.007249 * 4  6  5  2 
5 2 1 0.009252 * 5  2 
6 2 2 0.003035 * 6  5  2 
7 2 4 0.004091 * 7  4  1  5  2 
7 2 4 0.004091 * 7  4  6  5  2 
8 2 1 0.002338 * 8  2 
9 2 4 0.001043 * 9  3  6  5  2 
10 2 4 0.003151 * 10   3   6   5   2 
11 2 2 0.003107 * 11   8   2 
1 3 3 0.000876 * 1  4  6  3 
1 3 3 0.000876 * 1  5  6  3 
2 3 3 0.020208 * 2  5  6  3 
4 3 2 0.000919 * 4  6  3 
5 3 2 0.003576 * 5  6  3 
6 3 1 0.003644 * 6  3 
7 3 2 0.001149 * 7  9  3 
8 3 4 0.004449 * 8  2  5  6  3 
9 3 1 0.003430 * 9  3 
10 3 1 0.004065 * 10   3 
11 3 4 0.001530 * 11   1   4   6   3 
11 3 4 0.001530 * 11   1   5   6   3 
1 4 1 0.001170 * 1  4 
2 4 3 0.005605 * 2  5  1  4 
2 4 3 0.005605 * 2  5  6  4 
3 4 2 0.000846 * 3  6  4 
5 4 2 0.001660 * 5  1  4 
5 4 2 0.001660 * 5  6  4 
6 4 1 0.000564 * 6  4 
7 4 1 0.035458 * 7  4 
8 4 3 0.002170 * 8  11   1   4 
9 4 2 0.000269 * 9  7  4 
10 4 3 0.001327 * 10   3   6   4 
10 4 3 0.001327 * 10   9   7   4 
11 4 2 0.001425 * 11   1   4 
1 5 1 0.004715 * 1  5 
2 5 1 0.039937 * 2  5 
3 5 2 0.002595 * 3  6  5 
4 5 2 0.000973 * 4  1  5 
4 5 2 0.000973 * 4  6  5 
6 5 1 0.005805 * 6  5 
7 5 3 0.002761 * 7  4  1  5 
7 5 3 0.002761 * 7  4  6  5 
8 5 2 0.008526 * 8  2  5 
9 5 3 0.002118 * 9  3  6  5 
10 5 3 0.002985 * 10   3   6   5 
11 5 2 0.010600 * 11   1   5 
1 6 2 0.002151 * 1  4  6 
1 6 2 0.002151 * 1  5  6 
2 6 2 0.011995 * 2  5  6 
3 6 1 0.001183 * 3  6 
4 6 1 0.001052 * 4  6 
5 6 1 0.004804 * 5  6 
7 6 2 0.002061 * 7  4  6 
8 6 3 0.003473 * 8  2  5  6 
9 6 2 0.000342 * 9  3  6 
10 6 2 0.001536 * 10   3   6 
11 6 3 0.001611 * 11   1   4   6 
11 6 3 0.001611 * 11   1   5   6 
1 7 2 0.005728 * 1  4  7 
2 7 4 0.027286 * 2  5  1  4  7 
2 7 4 0.027286 * 2  5  6  4  7 
3 7 2 0.001499 * 3  9  7 
4 7 1 0.002553 * 4  7 
5 7 3 0.006389 * 5  1  4  7 
5 7 3 0.006389 * 5  6  4  7 
6 7 2 0.002998 * 6  4  7 
8 7 4 0.018403 * 8  11   1   4   7 
9 7 1 0.004638 * 9  7 
10 7 2 0.009525 * 10   9   7 
11 7 3 0.020082 * 11   1   4   7 
1 8 2 0.011800 * 1  11   8 
2 8 1 0.025400 * 2  8 
3 8 4 0.005117 * 3  6  5  2  8 
4 8 3 0.012587 * 4   1  11   8 
5 8 2 0.016164 * 5  2  8 
6 8 3 0.006880 * 6  5  2  8 
7 8 4 0.024546 * 7   4   1  11   8 
9 8 5 0.001452 * 9  3  6  5  2  8 
9 8 5 0.001452 * 9   7   4   1  11   8 
10 8 5 0.010691 * 10   3   6   5   2   8 
11 8 1 0.023897 * 11   8 
1 9 3 0.000326 * 1  4  7  9 
2 9 4 0.004707 * 2  5  6  3  9 
3 9 1 0.001164 * 3  9 
4 9 2 0.000245 * 4  7  9 
5 9 3 0.000870 * 5  6  3  9 
6 9 2 0.000155 * 6  3  9 
7 9 1 0.002218 * 7  9 
8 9 5 0.000467 * 8  2  5  6  3  9 
8 9 5 0.000467 * 8  11   1   4   7   9 
10 9 1 0.001000 * 10   9 
11 9 4 0.000368 * 11   1   4   7   9 
1 10 4 0.001513 * 1   4   6   3  10 
1 10 4 0.001513 * 1   4   7   9  10 
1 10 4 0.002576 * 1   5   6   3  10 
2 10 4 0.026718 * 2   5   6   3  10 
3 10 1 0.001296 * 3  10 
4 10 3 0.000349 * 4   6   3  10 
4 10 3 0.000349 * 4   7   9  10 
5 10 3 0.001391 * 5   6   3  10 
6 10 2 0.001000 * 6   3  10 
7 10 2 0.007336 * 7   9  10 
8 10 5 0.006932 * 8   2   5   6   3  10 
9 10 1 0.001010 * 9  10 
11 10 5 0.000790 * 11   1   4   6   3  10 
11 10 5 0.000790 * 11   1   4   7   9  10 
11 10 5 0.000803 * 11   1   5   6   3  10 
1 11 1 0.045793 * 1  11 
2 11 2 0.020170 * 2   8  11 
3 11 4 0.009852 * 3   6   4   1  11 
3 11 4 0.009852 * 3   6   5   1  11 
4 11 2 0.013597 * 4   1  11 
5 11 2 0.025975 * 5   1  11 
6 11 3 0.001435 * 6   4   1  11 
6 11 3 0.001435 * 6   5   1  11 
7 11 3 0.024936 * 7   4   1  11 
8 11 1 0.046445 * 8  11 
9 11 4 0.001606 * 9   7   4   1  11 
10 11 5 0.003977 * 10   3   6   4   1  11 
10 11 5 0.003977 * 10   3   6   5   1  11 
10 11 5 0.003977 * 10   9   7   4   1  11 
