2 1 0.202187 0.009635 * 2  5  1 
3 1 0.303357 0.001379 * 3  6  4  1 
3 1 0.301804 0.001379 * 3  6  5  1 
4 1 0.101568 0.001780 * 4  1 
5 1 0.100480 0.011763 * 5  1 
6 1 0.202699 0.001924 * 6  4  1 
6 1 0.201146 0.001924 * 6  5  1 
7 1 0.202632 0.008094 * 7  4  1 
8 1 0.302549 0.003111 * 8  2  5  1 
8 1 0.202335 0.003111 * 8  11   1   0 
9 1 0.403540 0.000408 * 9  3  6  4  1 
9 1 0.401987 0.000408 * 9  3  6  5  1 
9 1 0.302913 0.000204 * 9  7  4  1  0 
10 1 0.403679 0.000735 * 10   3   6   4   1   0 
10 1 0.402126 0.000735 * 10   3   6   5   1   0 
10 1 0.503731 0.001042 * 10   9   3   6   4   1 
10 1 0.502178 0.001042 * 10   9   3   6   5   1 
10 1 0.403104 0.000521 * 10   9   7   4   1   0 
11 1 0.101081 0.021704 * 11   1 
1 2 0.201583 0.003482 * 1  5  2  0 
1 2 0.303312 0.003482 * 1  11   8   2 
3 2 0.302276 0.006729 * 3  6  5  2 
4 2 0.303151 0.001294 * 4  1  5  2  0 
4 2 0.404880 0.001294 * 4   1  11   8   2 
4 2 0.301820 0.000679 * 4  6  5  2  0 
5 2 0.100951 0.010852 * 5  2 
6 2 0.201618 0.004138 * 6  5  2 
7 2 0.404215 0.003800 * 7  4  1  5  2  0 
7 2 0.505943 0.003800 * 7   4   1  11   8   2 
7 2 0.402884 0.001994 * 7  4  6  5  2  0 
7 2 0.502729 0.001429 * 7  9  3  6  5  2 
8 2 0.100362 0.001769 * 8  2 
9 2 0.402459 0.001416 * 9  3  6  5  2 
10 2 0.402598 0.001246 * 10   3   6   5   2   0 
10 2 0.502650 0.001246 * 10   9   3   6   5   2 
11 2 0.201299 0.004784 * 11   8   2 
1 3 0.301666 0.000711 * 1  4  6  3  0 
1 3 0.402442 0.000711 * 1  4  7  9  3 
1 3 0.302972 0.000591 * 1  5  6  3  0 
2 3 0.304048 0.012817 * 2  5  6  3 
4 3 0.200939 0.000766 * 4  6  3  0 
4 3 0.301715 0.000766 * 4  7  9  3 
5 3 0.202340 0.004078 * 5  6  3 
6 3 0.100737 0.003705 * 6  3 
7 3 0.200453 0.008716 * 7  9  3 
8 3 0.404410 0.000501 * 8  2  5  6  3  0  0 
8 3 0.504001 0.001502 * 8  11   1   4   6   3   0 
8 3 0.604777 0.001502 * 8  11   1   4   7   9   3 
8 3 0.505307 0.001502 * 8  11   1   5   6   3   0 
9 3 0.100183 0.004144 * 9  3 
10 3 0.200374 0.003523 * 10   9   3 
10 3 0.100321 0.003523 * 10   3   0 
11 3 0.402747 0.001969 * 11   1   4   6   3   0 
11 3 0.503523 0.001969 * 11   1   4   7   9   3 
11 3 0.404053 0.001637 * 11   1   5   6   3   0 
1 4 0.100727 0.001509 * 1  4 
2 4 0.302914 0.004564 * 2  5  1  4 
2 4 0.304442 0.004564 * 2  5  6  4 
3 4 0.201789 0.001014 * 3  6  4  0 
3 4 0.301463 0.001014 * 3  9  7  4 
5 4 0.201207 0.002183 * 5  1  4 
5 4 0.202735 0.002183 * 5  6  4 
6 4 0.101131 0.001835 * 6  4 
7 4 0.101064 0.002838 * 7  4 
8 4 0.403276 0.000890 * 8  2  5  1  4 
8 4 0.404805 0.000890 * 8  2  5  6  4 
8 4 0.303062 0.000445 * 8  11   1   4   0 
9 4 0.201345 0.001196 * 9  7  4 
10 4 0.302111 0.000557 * 10   3   6   4   0 
10 4 0.401785 0.000557 * 10   3   9   7   4 
10 4 0.301536 0.000278 * 10   9   7   4   0 
11 4 0.201808 0.002936 * 11   1   4 
1 5 0.100632 0.006910 * 1  5 
2 5 0.101708 0.038309 * 2  5 
3 5 0.201325 0.002354 * 3  6  5 
4 5 0.202200 0.001429 * 4  1  5 
4 5 0.200868 0.001429 * 4  6  5 
6 5 0.100667 0.004786 * 6  5 
7 5 0.303263 0.003234 * 7  4  1  5  0 
7 5 0.301932 0.003234 * 7  4  6  5  0 
7 5 0.401777 0.002161 * 7  9  3  6  5 
8 5 0.202070 0.006708 * 8  2  5  0 
8 5 0.302967 0.006708 * 8  11   1   5 
9 5 0.301507 0.001504 * 9  3  6  5 
10 5 0.301646 0.001932 * 10   3   6   5   0 
10 5 0.401699 0.001932 * 10   9   3   6   5 
11 5 0.201713 0.013021 * 11   1   5 
1 6 0.200929 0.001575 * 1  4  6 
1 6 0.202235 0.001575 * 1  5  6 
2 6 0.203311 0.012760 * 2  5  6 
3 6 0.100658 0.003445 * 3  6 
4 6 0.100202 0.002507 * 4  6 
5 6 0.101603 0.004776 * 5  6 
7 6 0.201265 0.001759 * 7  4  6  0 
7 6 0.301111 0.001759 * 7  9  3  6 
8 6 0.303673 0.000818 * 8  2  5  6  0 
8 6 0.403264 0.001635 * 8  11   1   4   6 
8 6 0.404570 0.001635 * 8  11   1   5   6 
9 6 0.200841 0.000547 * 9  3  6 
10 6 0.200979 0.000595 * 10   3   6   0 
10 6 0.301032 0.000595 * 10   9   3   6 
11 6 0.302010 0.002992 * 11   1   4   6 
11 6 0.303316 0.002992 * 11   1   5   6 
1 7 0.201989 0.006591 * 1  4  7 
2 7 0.404177 0.012027 * 2  5  1  4  7  0 
2 7 0.504448 0.013277 * 2  5  6  3  9  7 
2 7 0.405705 0.013277 * 2  5  6  4  7  0 
3 7 0.200400 0.003677 * 3  9  7 
4 7 0.101262 0.003709 * 4  7 
5 7 0.302469 0.005927 * 5  1  4  7  0 
5 7 0.402740 0.006543 * 5  6  3  9  7 
5 7 0.303997 0.006543 * 5  6  4  7  0 
6 7 0.301136 0.002541 * 6  3  9  7 
6 7 0.202394 0.002541 * 6  4  7  0 
8 7 0.504539 0.006302 * 8  2  5  1  4  7  0 
8 7 0.604810 0.006302 * 8  2  5  6  3  9  7 
8 7 0.506067 0.006302 * 8  2  5  6  4  7  0 
8 7 0.404325 0.002101 * 8  11   1   4   7   0   0 
9 7 0.100281 0.001303 * 9  7 
10 7 0.300721 0.004993 * 10   3   9   7 
10 7 0.200473 0.004993 * 10   9   7   0 
11 7 0.303071 0.022440 * 11   1   4   7 
1 8 0.302741 0.007251 * 1  5  2  8 
1 8 0.202950 0.007251 * 1  11   8   0 
2 8 0.101158 0.033148 * 2  8 
3 8 0.403434 0.006393 * 3  6  5  2  8 
4 8 0.404309 0.006117 * 4  1  5  2  8 
4 8 0.304517 0.006117 * 4   1  11   8   0 
4 8 0.402978 0.004307 * 4  6  5  2  8 
5 8 0.202110 0.020399 * 5  2  8 
6 8 0.302776 0.009744 * 6  5  2  8 
7 8 0.505373 0.010179 * 7  4  1  5  2  8 
7 8 0.405581 0.010179 * 7   4   1  11   8   0 
7 8 0.504042 0.007167 * 7  4  6  5  2  8 
9 8 0.503617 0.000311 * 9  3  6  5  2  8  0 
9 8 0.605654 0.000934 * 9  7  4  1  5  2  8 
9 8 0.505862 0.000934 * 9   7   4   1  11   8   0 
9 8 0.604323 0.000934 * 9  7  4  6  5  2  8 
10 8 0.503756 0.000619 * 10   3   6   5   2   8   0   0 
10 8 0.603808 0.000889 * 10   9   3   6   5   2   8   0 
10 8 0.705845 0.002476 * 10   9   7   4   1   5   2   8 
10 8 0.606054 0.002476 * 10   9   7   4   1  11   8   0 
10 8 0.704514 0.002476 * 10   9   7   4   6   5   2   8 
11 8 0.100937 0.028246 * 11   8 
1 9 0.401784 0.000162 * 1  4  6  3  9 
1 9 0.302260 0.000162 * 1  4  7  9  0 
2 9 0.603971 0.000786 * 2  5  1  4  6  3  9 
2 9 0.504447 0.000786 * 2  5  1  4  7  9  0 
2 9 0.404166 0.000418 * 2  5  6  3  9  0  0 
3 9 0.100118 0.003850 * 3  9 
4 9 0.301057 0.000229 * 4  6  3  9 
4 9 0.201532 0.000229 * 4  7  9  0 
5 9 0.502263 0.000477 * 5  1  4  6  3  9 
5 9 0.402739 0.000477 * 5  1  4  7  9  0 
5 9 0.302459 0.000254 * 5  6  3  9  0  0 
6 9 0.200855 0.000754 * 6  3  9 
7 9 0.100270 0.001095 * 7  9 
8 9 0.704333 0.000262 * 8  2  5  1  4  6  3  9 
8 9 0.604809 0.000262 * 8  2  5  1  4  7  9  0 
8 9 0.504529 0.000262 * 8  2  5  6  3  9  0  0 
8 9 0.604119 0.000175 * 8  11   1   4   6   3   9   0 
8 9 0.504595 0.000175 * 8  11   1   4   7   9   0   0 
10 9 0.200440 0.000772 * 10   3   9 
10 9 0.100192 0.000772 * 10   9   0 
11 9 0.502865 0.000521 * 11   1   4   6   3   9 
11 9 0.403341 0.000521 * 11   1   4   7   9   0 
1 10 0.501940 0.001419 * 1   4   6   3   9  10 
1 10 0.402030 0.001419 * 1   4   6   3  10   0 
1 10 0.402416 0.000710 * 1   4   7   9  10   0 
1 10 0.503247 0.001207 * 1   5   6   3   9  10 
1 10 0.403337 0.001207 * 1   5   6   3  10   0 
2 10 0.504323 0.007596 * 2   5   6   3   9  10 
2 10 0.404413 0.007596 * 2   5   6   3  10   0 
3 10 0.200275 0.001101 * 3   9  10 
3 10 0.100365 0.001101 * 3  10   0 
4 10 0.401213 0.000621 * 4   6   3   9  10 
4 10 0.301303 0.000621 * 4   6   3  10   0 
4 10 0.301689 0.000310 * 4   7   9  10   0 
5 10 0.402615 0.002282 * 5   6   3   9  10 
5 10 0.302705 0.002282 * 5   6   3  10   0 
6 10 0.301012 0.000894 * 6   3   9  10 
6 10 0.201102 0.000894 * 6   3  10   0 
7 10 0.200427 0.008904 * 7   9  10 
8 10 0.604685 0.000480 * 8   2   5   6   3   9  10   0 
8 10 0.504775 0.000480 * 8   2   5   6   3  10   0   0 
8 10 0.704276 0.001201 * 8  11   1   4   6   3   9  10 
8 10 0.604366 0.001201 * 8  11   1   4   6   3  10   0 
8 10 0.604751 0.000876 * 8  11   1   4   7   9  10   0 
8 10 0.705582 0.001201 * 8  11   1   5   6   3   9  10 
8 10 0.605672 0.001201 * 8  11   1   5   6   3  10   0 
9 10 0.100156 0.001089 * 9  10 
11 10 0.603022 0.000953 * 11   1   4   6   3   9  10 
11 10 0.503112 0.000953 * 11   1   4   6   3  10   0 
11 10 0.503497 0.000477 * 11   1   4   7   9  10   0 
11 10 0.604328 0.000811 * 11   1   5   6   3   9  10 
11 10 0.504418 0.000811 * 11   1   5   6   3  10   0 
1 11 0.102012 0.045197 * 1  11 
2 11 0.202412 0.033943 * 2   8  11 
3 11 0.405370 0.002483 * 3   6   4   1  11   0 
3 11 0.403817 0.004421 * 3   6   5   1  11   0 
3 11 0.504688 0.004421 * 3   6   5   2   8  11 
4 11 0.203580 0.006585 * 4   1  11 
5 11 0.202492 0.009080 * 5   1  11   0 
5 11 0.303364 0.009080 * 5   2   8  11 
6 11 0.304711 0.002843 * 6   4   1  11   0 
6 11 0.303159 0.005063 * 6   5   1  11   0 
6 11 0.404030 0.005063 * 6   5   2   8  11 
7 11 0.304644 0.030574 * 7   4   1  11 
8 11 0.101254 0.059629 * 8  11 
9 11 0.505552 0.000622 * 9   3   6   4   1  11   0 
9 11 0.503999 0.000622 * 9   3   6   5   1  11   0 
9 11 0.604871 0.000622 * 9   3   6   5   2   8  11 
9 11 0.404925 0.000207 * 9   7   4   1  11   0   0 
10 11 0.505691 0.001416 * 10   3   6   4   1  11   0   0 
10 11 0.504138 0.001416 * 10   3   6   5   1  11   0   0 
10 11 0.605010 0.001416 * 10   3   6   5   2   8  11   0 
10 11 0.605744 0.001889 * 10   9   3   6   4   1  11   0 
10 11 0.604191 0.001889 * 10   9   3   6   5   1  11   0 
10 11 0.705062 0.001889 * 10   9   3   6   5   2   8  11 
10 11 0.505117 0.000634 * 10   9   7   4   1  11   0   0 
