2  5  1  0 
0.003457
2   8  11   1 
0.003457
3  6  4  1 
0.000785
3  6  5  1 
0.000785
4  1 
0.001015
5  1 
0.007562
6  4  1 
0.000689
6  5  1 
0.000689
7  4  1 
0.005499
8  11   1 
0.005575
9  3  6  4  1 
0.000174
9  3  6  5  1 
0.000174
9  7  4  1  0 
0.000087
10   3   6   4   1   0 
0.000444
10   3   6   5   1   0 
0.000444
10   9   3   6   4   1 
0.000582
10   9   3   6   5   1 
0.000582
10   9   7   4   1   0 
0.000291
11   1 
0.032466
1  5  2  0 
0.002218
1  11   8   2 
0.002218
3  6  5  2 
0.002668
4  1  5  2  0 
0.001058
4   1  11   8   2 
0.001058
4  6  5  2  0 
0.000938
5  2 
0.009126
6  5  2 
0.004490
7  4  1  5  2  0 
0.017519
7   4   1  11   8   2 
0.017519
7  4  6  5  2  0 
0.015530
7  9  3  6  5  2 
0.014617
8  2 
0.003725
9  3  6  5  2 
0.000392
10   3   6   5   2   0 
0.001106
10   9   3   6   5   2 
0.001106
11   8   2 
0.005213
1  4  6  3  0 
0.001010
1  4  7  9  3 
0.001010
1  5  6  3  0 
0.000813
2  5  6  3 
0.020290
4  6  3  0 
0.001217
4  7  9  3 
0.001217
5  6  3 
0.002306
6  3 
0.003283
7  9  3 
0.001702
8  2  5  6  3  0  0 
0.000293
8  11   1   4   6   3   0 
0.000878
8  11   1   4   7   9   3 
0.000878
8  11   1   5   6   3   0 
0.000878
9  3 
0.003300
10   9   3 
0.001825
10   3   0 
0.001825
11   1   4   6   3   0 
0.003597
11   1   4   7   9   3 
0.003597
11   1   5   6   3   0 
0.002897
1  4 
0.003000
2  5  1  4  0 
0.003588
2  5  6  4  0 
0.003588
2   8  11   1   4 
0.002474
3  6  4  0 
0.000896
3  9  7  4 
0.000896
5  1  4 
0.001448
5  6  4 
0.001448
6  4 
0.001623
7  4 
0.003761
8  11   1   4 
0.002267
9  7  4 
0.000547
10   3   6   4   0 
0.000310
10   3   9   7   4 
0.000310
10   9   7   4   0 
0.000155
11   1   4 
0.004615
1  5 
0.005486
2  5 
0.046099
3  6  5 
0.002512
4  1  5 
0.001350
4  6  5 
0.001350
6  5 
0.003563
7  4  1  5  0 
0.002828
7  4  6  5  0 
0.002828
7  9  3  6  5 
0.001836
8  2  5 
0.011799
9  3  6  5 
0.000681
10   3   6   5   0 
0.001133
10   9   3   6   5 
0.001133
11   1   5   0 
0.007709
11   8   2   5 
0.007709
1  4  6 
0.003289
1  5  6 
0.003289
2  5  6 
0.015060
3  6 
0.001273
4  6 
0.001153
5  6 
0.003550
7  4  6  0 
0.000638
7  9  3  6 
0.000638
8  2  5  6  0 
0.000574
8  11   1   4   6 
0.001148
8  11   1   5   6 
0.001148
9  3  6 
0.000278
10   3   6   0 
0.000699
10   9   3   6 
0.000699
11   1   4   6 
0.003499
11   1   5   6 
0.003499
1  4  7 
0.006819
2  5  1  4  7  0 
0.013245
2  5  6  3  9  7 
0.014116
2  5  6  4  7  0 
0.014116
2   8  11   1   4   7 
0.009980
3  9  7 
0.001100
4  7 
0.005528
5  1  4  7  0 
0.004031
5  6  3  9  7 
0.004296
5  6  4  7  0 
0.004296
6  3  9  7 
0.001122
6  4  7  0 
0.001122
8  11   1   4   7 
0.018878
9  7 
0.000890
10   3   9   7 
0.003363
10   9   7   0 
0.003363
11   1   4   7 
0.018572
1  5  2  8 
0.008553
1  11   8   0 
0.008553
2  8 
0.022305
3  6  5  2  8 
0.005416
4  1  5  2  8 
0.004379
4   1  11   8   0 
0.004379
4  6  5  2  8 
0.002475
5  2  8 
0.026437
6  5  2  8 
0.006905
7  4  1  5  2  8 
0.006364
7   4   1  11   8   0 
0.006364
7  4  6  5  2  8 
0.003597
9  3  6  5  2  8  0 
0.000146
9  7  4  1  5  2  8 
0.000438
9   7   4   1  11   8   0 
0.000438
9  7  4  6  5  2  8 
0.000438
10   3   6   5   2   8   0   0 
0.000587
10   9   3   6   5   2   8   0 
0.000724
10   9   7   4   1   5   2   8 
0.002173
10   9   7   4   1  11   8   0 
0.002173
10   9   7   4   6   5   2   8 
0.002173
11   8 
0.024954
1  4  6  3  9 
0.000291
1  4  7  9  0 
0.000291
2  5  1  4  6  3  9 
0.000852
2  5  1  4  7  9  0 
0.000852
2  5  6  3  9  0  0 
0.000490
3  9 
0.001199
4  6  3  9 
0.000094
4  7  9  0 
0.000094
5  1  4  6  3  9 
0.000514
5  1  4  7  9  0 
0.000514
5  6  3  9  0  0 
0.000296
6  3  9 
0.000175
7  9 
0.002048
8  2  5  1  4  6  3  9 
0.001005
8  2  5  1  4  7  9  0 
0.001005
8  2  5  6  3  9  0  0 
0.000808
8  11   1   4   6   3   9   0 
0.000670
8  11   1   4   7   9   0   0 
0.000670
10   3   9 
0.000450
10   9   0 
0.000450
11   1   4   6   3   9 
0.000263
11   1   4   7   9   0 
0.000263
1   4   6   3   9  10 
0.001414
1   4   6   3  10   0 
0.001414
1   4   7   9  10   0 
0.000707
1   5   6   3   9  10 
0.001334
1   5   6   3  10   0 
0.001334
2   5   6   3   9  10 
0.014271
2   5   6   3  10   0 
0.014271
3   9  10 
0.000568
3  10   0 
0.000568
4   6   3   9  10 
0.000227
4   6   3  10   0 
0.000227
4   7   9  10   0 
0.000113
5   6   3   9  10 
0.001720
5   6   3  10   0 
0.001720
6   3   9  10 
0.000553
6   3  10   0 
0.000553
7   9  10 
0.005067
8   2   5   6   3   9  10   0 
0.000552
8   2   5   6   3  10   0   0 
0.000552
8  11   1   4   6   3   9  10 
0.001380
8  11   1   4   6   3  10   0 
0.001380
8  11   1   4   7   9  10   0 
0.000863
8  11   1   5   6   3   9  10 
0.001380
8  11   1   5   6   3  10   0 
0.001380
9  10 
0.001462
11   1   4   6   3   9  10 
0.000962
11   1   4   6   3  10   0 
0.000962
11   1   4   7   9  10   0 
0.000481
11   1   5   6   3   9  10 
0.000908
11   1   5   6   3  10   0 
0.000908
1  11 
0.038833
2   8  11 
0.022610
3   6   4   1  11   0 
0.002215
3   6   5   1  11   0 
0.004429
3   6   5   2   8  11 
0.004429
4   1  11 
0.003647
5   1  11   0 
0.010620
5   2   8  11 
0.010620
6   4   1  11   0 
0.001230
6   5   1  11   0 
0.002460
6   5   2   8  11 
0.002460
7   4   1  11 
0.021561
8  11 
0.047673
9   3   6   4   1  11   0 
0.000366
9   3   6   5   1  11   0 
0.000366
9   3   6   5   2   8  11 
0.000366
9   7   4   1  11   0   0 
0.000122
10   3   6   4   1  11   0   0 
0.001328
10   3   6   5   1  11   0   0 
0.001328
10   3   6   5   2   8  11   0 
0.001328
10   9   3   6   4   1  11   0 
0.001629
10   9   3   6   5   1  11   0 
0.001629
10   9   3   6   5   2   8  11 
0.001629
10   9   7   4   1  11   0   0 
0.000543
