2  5  1 
0.004833
3  6  4  1 
0.000745
3  6  5  1 
0.000745
4  1 
0.001139
5  1 
0.005888
6  4  1 
0.000507
6  5  1 
0.000507
7  4  1 
0.007908
8  11   1 
0.005221
9  7  4  1 
0.001141
10   3   6   4   1 
0.000971
10   3   6   5   1 
0.000971
10   9   7   4   1 
0.000971
11   1 
0.028613
1  5  2 
0.003088
3  6  5  2 
0.003690
4  1  5  2 
0.005426
4  6  5  2 
0.005426
5  2 
0.008036
6  5  2 
0.003333
7  4  1  5  2 
0.003988
7  4  6  5  2 
0.003988
8  2 
0.002736
9  3  6  5  2 
0.000662
10   3   6   5   2 
0.003255
11   8   2 
0.003227
1  4  6  3 
0.001147
1  5  6  3 
0.001147
2  5  6  3 
0.019567
4  6  3 
0.002077
5  6  3 
0.003606
6  3 
0.001039
7  9  3 
0.001297
8  2  5  6  3 
0.002834
9  3 
0.004261
10   3 
0.002951
11   1   4   6   3 
0.001272
11   1   5   6   3 
0.001272
1  4 
0.002385
2  5  1  4 
0.005766
2  5  6  4 
0.005766
3  6  4 
0.000943
5  1  4 
0.001653
5  6  4 
0.001653
6  4 
0.000681
7  4 
0.004029
8  11   1   4 
0.001971
9  7  4 
0.000339
10   3   6   4 
0.001216
10   9   7   4 
0.001216
11   1   4 
0.001838
1  5 
0.004033
2  5 
0.040455
3  6  5 
0.002537
4  1  5 
0.000973
4  6  5 
0.000973
6  5 
0.005759
7  4  1  5 
0.002763
7  4  6  5 
0.002763
8  2  5 
0.008240
9  3  6  5 
0.002399
10   3   6   5 
0.003295
11   1   5 
0.009858
1  4  6 
0.002591
1  5  6 
0.002591
2  5  6 
0.011267
3  6 
0.001164
4  6 
0.001052
5  6 
0.003622
7  4  6 
0.002087
8  2  5  6 
0.003653
9  3  6 
0.000286
10   3   6 
0.001430
11   1   4   6 
0.001731
11   1   5   6 
0.001731
1  4  7 
0.013565
2  5  1  4  7 
0.026402
2  5  6  4  7 
0.026402
3  9  7 
0.001710
4  7 
0.002092
5  1  4  7 
0.006198
5  6  4  7 
0.006198
6  4  7 
0.003335
8  11   1   4   7 
0.019095
9  7 
0.003502
10   9   7 
0.007777
11   1   4   7 
0.020884
1  11   8 
0.013388
2  8 
0.023122
3  6  5  2  8 
0.004548
4   1  11   8 
0.013517
5  2  8 
0.014938
6  5  2  8 
0.006734
7   4   1  11   8 
0.022047
9  3  6  5  2  8 
0.001353
9   7   4   1  11   8 
0.001353
10   3   6   5   2   8 
0.009419
11   8 
0.018722
1  4  7  9 
0.000298
2  5  6  3  9 
0.003210
3  9 
0.001152
4  7  9 
0.000339
5  6  3  9 
0.000947
6  3  9 
0.000133
7  9 
0.002425
8  2  5  6  3  9 
0.002206
8  11   1   4   7   9 
0.002206
10   9 
0.000990
11   1   4   7   9 
0.000446
1   4   6   3  10 
0.001522
1   4   7   9  10 
0.001522
1   5   6   3  10 
0.002674
2   5   6   3  10 
0.027288
3  10 
0.001022
4   6   3  10 
0.000296
4   7   9  10 
0.000296
5   6   3  10 
0.001341
6   3  10 
0.001089
7   9  10 
0.007703
8   2   5   6   3  10 
0.006799
9  10 
0.000762
11   1   4   6   3  10 
0.000895
11   1   4   7   9  10 
0.000895
11   1   5   6   3  10 
0.001041
1  11 
0.046088
2   8  11 
0.016933
3   6   4   1  11 
0.007007
3   6   5   1  11 
0.007007
4   1  11 
0.007974
5   1  11 
0.022037
6   4   1  11 
0.001724
6   5   1  11 
0.001724
7   4   1  11 
0.022191
8  11 
0.039648
9   7   4   1  11 
0.001859
10   3   6   4   1  11 
0.003971
10   3   6   5   1  11 
0.003971
10   9   7   4   1  11 
0.003971
