2 1 2 0.012396 * 2  5  1 
3 1 3 0.000671 * 3  6  4  1 
3 1 3 0.000671 * 3  6  5  1 
4 1 1 0.001810 * 4  1 
5 1 1 0.007154 * 5  1 
6 1 2 0.000893 * 6  4  1 
6 1 2 0.000893 * 6  5  1 
7 1 2 0.007363 * 7  4  1 
8 1 2 0.003913 * 8  11   1 
9 1 3 0.001345 * 9  7  4  1 
10 1 4 0.001272 * 10   3   6   4   1 
10 1 4 0.001272 * 10   3   6   5   1 
10 1 4 0.001272 * 10   9   7   4   1 
11 1 1 0.028053 * 11   1 
1 2 2 0.005909 * 1  5  2 
3 2 3 0.006398 * 3  6  5  2 
4 2 3 0.001045 * 4  1  5  2 
4 2 3 0.001045 * 4  6  5  2 
5 2 1 0.009365 * 5  2 
6 2 2 0.003261 * 6  5  2 
7 2 4 0.002929 * 7  4  1  5  2 
7 2 4 0.002929 * 7  4  6  5  2 
8 2 1 0.001904 * 8  2 
9 2 4 0.000761 * 9  3  6  5  2 
10 2 4 0.002350 * 10   3   6   5   2 
11 2 2 0.002506 * 11   8   2 
1 3 3 0.001309 * 1  4  6  3 
1 3 3 0.001309 * 1  5  6  3 
2 3 3 0.016095 * 2  5  6  3 
4 3 2 0.001305 * 4  6  3 
5 3 2 0.004400 * 5  6  3 
6 3 1 0.004636 * 6  3 
7 3 2 0.003148 * 7  9  3 
8 3 4 0.002965 * 8  2  5  6  3 
9 3 1 0.004298 * 9  3 
10 3 1 0.004352 * 10   3 
11 3 4 0.002602 * 11   1   4   6   3 
11 3 4 0.002602 * 11   1   5   6   3 
1 4 1 0.002129 * 1  4 
2 4 3 0.004363 * 2  5  1  4 
2 4 3 0.004363 * 2  5  6  4 
3 4 2 0.002029 * 3  6  4 
5 4 2 0.001764 * 5  1  4 
5 4 2 0.001764 * 5  6  4 
6 4 1 0.000790 * 6  4 
7 4 1 0.005552 * 7  4 
8 4 3 0.002528 * 8  11   1   4 
9 4 2 0.001250 * 9  7  4 
10 4 3 0.000798 * 10   3   6   4 
10 4 3 0.000798 * 10   9   7   4 
11 4 2 0.001769 * 11   1   4 
1 5 1 0.004839 * 1  5 
2 5 1 0.037443 * 2  5 
3 5 2 0.004012 * 3  6  5 
4 5 2 0.001493 * 4  1  5 
4 5 2 0.001493 * 4  6  5 
6 5 1 0.003962 * 6  5 
7 5 3 0.002787 * 7  4  1  5 
7 5 3 0.002787 * 7  4  6  5 
8 5 2 0.008847 * 8  2  5 
9 5 3 0.002572 * 9  3  6  5 
10 5 3 0.005255 * 10   3   6   5 
11 5 2 0.010075 * 11   1   5 
1 6 2 0.001031 * 1  4  6 
1 6 2 0.001031 * 1  5  6 
2 6 2 0.013217 * 2  5  6 
3 6 1 0.002031 * 3  6 
4 6 1 0.001152 * 4  6 
5 6 1 0.004379 * 5  6 
7 6 2 0.002059 * 7  4  6 
8 6 3 0.003840 * 8  2  5  6 
9 6 2 0.000330 * 9  3  6 
10 6 2 0.002254 * 10   3   6 
11 6 3 0.001815 * 11   1   4   6 
11 6 3 0.001815 * 11   1   5   6 
1 7 2 0.004266 * 1  4  7 
2 7 4 0.025231 * 2  5  1  4  7 
2 7 4 0.025231 * 2  5  6  4  7 
3 7 2 0.002317 * 3  9  7 
4 7 1 0.004714 * 4  7 
5 7 3 0.006028 * 5  1  4  7 
5 7 3 0.006028 * 5  6  4  7 
6 7 2 0.003731 * 6  4  7 
8 7 4 0.021817 * 8  11   1   4   7 
9 7 1 0.002031 * 9  7 
10 7 2 0.009048 * 10   9   7 
11 7 3 0.018953 * 11   1   4   7 
1 8 2 0.011514 * 1  11   8 
2 8 1 0.024493 * 2  8 
3 8 4 0.008524 * 3  6  5  2  8 
4 8 3 0.011041 * 4   1  11   8 
5 8 2 0.014864 * 5  2  8 
6 8 3 0.007958 * 6  5  2  8 
7 8 4 0.024596 * 7   4   1  11   8 
9 8 5 0.001895 * 9  3  6  5  2  8 
9 8 5 0.001895 * 9   7   4   1  11   8 
10 8 5 0.009282 * 10   3   6   5   2   8 
11 8 1 0.023324 * 11   8 
1 9 3 0.000265 * 1  4  7  9 
2 9 4 0.002249 * 2  5  6  3  9 
3 9 1 0.006845 * 3  9 
4 9 2 0.000372 * 4  7  9 
5 9 3 0.000787 * 5  6  3  9 
6 9 2 0.000246 * 6  3  9 
7 9 1 0.003431 * 7  9 
8 9 5 0.000355 * 8  2  5  6  3  9 
8 9 5 0.000355 * 8  11   1   4   7   9 
10 9 1 0.002561 * 10   9 
11 9 4 0.000800 * 11   1   4   7   9 
1 10 4 0.000766 * 1   4   6   3  10 
1 10 4 0.000766 * 1   4   7   9  10 
1 10 4 0.001282 * 1   5   6   3  10 
2 10 4 0.024565 * 2   5   6   3  10 
3 10 1 0.001889 * 3  10 
4 10 3 0.000298 * 4   6   3  10 
4 10 3 0.000298 * 4   7   9  10 
5 10 3 0.001847 * 5   6   3  10 
6 10 2 0.001235 * 6   3  10 
7 10 2 0.008406 * 7   9  10 
8 10 5 0.007464 * 8   2   5   6   3  10 
9 10 1 0.001305 * 9  10 
11 10 5 0.000897 * 11   1   4   6   3  10 
11 10 5 0.000897 * 11   1   4   7   9  10 
11 10 5 0.001501 * 11   1   5   6   3  10 
1 11 1 0.037860 * 1  11 
2 11 2 0.026575 * 2   8  11 
3 11 4 0.005987 * 3   6   4   1  11 
3 11 4 0.005987 * 3   6   5   1  11 
4 11 2 0.005673 * 4   1  11 
5 11 2 0.013269 * 5   1  11 
6 11 3 0.003162 * 6   4   1  11 
6 11 3 0.003162 * 6   5   1  11 
7 11 3 0.022433 * 7   4   1  11 
8 11 1 0.046176 * 8  11 
9 11 4 0.001179 * 9   7   4   1  11 
10 11 5 0.003792 * 10   3   6   4   1  11 
10 11 5 0.003792 * 10   3   6   5   1  11 
10 11 5 0.003792 * 10   9   7   4   1  11 
