2 1 0.202111 0.005999 * 2  5  1 
3 1 0.303251 0.001365 * 3  6  4  1 
3 1 0.301817 0.001365 * 3  6  5  1 
4 1 0.101362 0.001230 * 4  1 
5 1 0.100336 0.006462 * 5  1 
6 1 0.202494 0.000679 * 6  4  1 
6 1 0.201060 0.000679 * 6  5  1 
7 1 0.202553 0.006708 * 7  4  1 
8 1 0.302367 0.002645 * 8  2  5  1 
8 1 0.202124 0.002645 * 8  11   1   0 
9 1 0.403455 0.000736 * 9  3  6  4  1 
9 1 0.402020 0.000736 * 9  3  6  5  1 
9 1 0.302869 0.000368 * 9  7  4  1  0 
10 1 0.403634 0.000644 * 10   3   6   4   1   0 
10 1 0.402199 0.000644 * 10   3   6   5   1   0 
10 1 0.503678 0.000967 * 10   9   3   6   4   1 
10 1 0.502243 0.000967 * 10   9   3   6   5   1 
10 1 0.403092 0.000582 * 10   9   7   4   1   0 
11 1 0.101063 0.026059 * 11   1 
1 2 0.201246 0.002300 * 1  5  2  0 
1 2 0.302809 0.002300 * 1  11   8   2 
3 2 0.302316 0.006228 * 3  6  5  2 
4 2 0.302608 0.000718 * 4  1  5  2  0 
4 2 0.404171 0.000718 * 4   1  11   8   2 
4 2 0.301750 0.000359 * 4  6  5  2  0 
5 2 0.100835 0.009412 * 5  2 
6 2 0.201559 0.003709 * 6  5  2 
7 2 0.403799 0.001922 * 7  4  1  5  2  0 
7 2 0.505362 0.001922 * 7   4   1  11   8   2 
7 2 0.402941 0.000961 * 7  4  6  5  2  0 
7 2 0.502802 0.000669 * 7  9  3  6  5  2 
8 2 0.100257 0.002290 * 8  2 
9 2 0.402519 0.001339 * 9  3  6  5  2 
10 2 0.402698 0.001442 * 10   3   6   5   2   0 
10 2 0.502742 0.001442 * 10   9   3   6   5   2 
11 2 0.201055 0.002237 * 11   8   2 
1 3 0.301689 0.000931 * 1  4  6  3  0 
1 3 0.402421 0.000931 * 1  4  7  9  3 
1 3 0.302891 0.000704 * 1  5  6  3  0 
2 3 0.304254 0.018210 * 2  5  6  3 
4 3 0.201006 0.001117 * 4  6  3  0 
4 3 0.301738 0.001117 * 4  7  9  3 
5 3 0.202480 0.002677 * 5  6  3 
6 3 0.100815 0.005739 * 6  3 
7 3 0.200486 0.008309 * 7  9  3 
8 3 0.404511 0.000335 * 8  2  5  6  3  0  0 
8 3 0.503813 0.001006 * 8  11   1   4   6   3   0 
8 3 0.604545 0.001006 * 8  11   1   4   7   9   3 
8 3 0.505015 0.001006 * 8  11   1   5   6   3   0 
9 3 0.100203 0.005668 * 9  3 
10 3 0.200426 0.005054 * 10   9   3 
10 3 0.100382 0.005054 * 10   3   0 
11 3 0.402752 0.001939 * 11   1   4   6   3   0 
11 3 0.503484 0.001939 * 11   1   4   7   9   3 
11 3 0.403954 0.001468 * 11   1   5   6   3   0 
1 4 0.100683 0.002221 * 1  4 
2 4 0.302794 0.004349 * 2  5  1  4 
2 4 0.304571 0.004349 * 2  5  6  4 
3 4 0.201889 0.000460 * 3  6  4  0 
3 4 0.301637 0.000460 * 3  9  7  4 
5 4 0.201019 0.001365 * 5  1  4 
5 4 0.202796 0.001365 * 5  6  4 
6 4 0.101132 0.000842 * 6  4 
7 4 0.101190 0.032325 * 7  4 
8 4 0.403050 0.000728 * 8  2  5  1  4 
8 4 0.404828 0.000728 * 8  2  5  6  4 
8 4 0.302807 0.000364 * 8  11   1   4   0 
9 4 0.201507 0.000924 * 9  7  4 
10 4 0.302271 0.000839 * 10   3   6   4   0 
10 4 0.402019 0.000839 * 10   3   9   7   4 
10 4 0.301730 0.000515 * 10   9   7   4   0 
11 4 0.201746 0.002261 * 11   1   4 
1 5 0.100411 0.002835 * 1  5 
2 5 0.101775 0.034807 * 2  5 
3 5 0.201481 0.004054 * 3  6  5 
4 5 0.201774 0.001388 * 4  1  5 
4 5 0.200915 0.001388 * 4  6  5 
6 5 0.100724 0.008581 * 6  5 
7 5 0.302964 0.002286 * 7  4  1  5  0 
7 5 0.302106 0.002286 * 7  4  6  5  0 
7 5 0.401968 0.001342 * 7  9  3  6  5 
8 5 0.202031 0.003777 * 8  2  5  0 
8 5 0.302535 0.003777 * 8  11   1   5 
9 5 0.301684 0.002799 * 9  3  6  5 
10 5 0.301863 0.001576 * 10   3   6   5   0 
10 5 0.401907 0.001576 * 10   9   3   6   5 
11 5 0.201474 0.011629 * 11   1   5 
1 6 0.200874 0.000662 * 1  4  6 
1 6 0.202076 0.000662 * 1  5  6 
2 6 0.203439 0.013967 * 2  5  6 
3 6 0.100757 0.003255 * 3  6 
4 6 0.100191 0.001295 * 4  6 
5 6 0.101665 0.004123 * 5  6 
7 6 0.201382 0.001449 * 7  4  6  0 
7 6 0.301244 0.001449 * 7  9  3  6 
8 6 0.303696 0.000754 * 8  2  5  6  0 
8 6 0.402998 0.001507 * 8  11   1   4   6 
8 6 0.404200 0.001507 * 8  11   1   5   6 
9 6 0.200960 0.000381 * 9  3  6 
10 6 0.201139 0.000912 * 10   3   6   0 
10 6 0.301183 0.000912 * 10   9   3   6 
11 6 0.301937 0.002324 * 11   1   4   6 
11 6 0.303138 0.002324 * 11   1   5   6 
1 7 0.201935 0.003939 * 1  4  7 
2 7 0.404046 0.014581 * 2  5  1  4  7  0 
2 7 0.504701 0.015888 * 2  5  6  3  9  7 
2 7 0.405823 0.015888 * 2  5  6  4  7  0 
3 7 0.200447 0.004141 * 3  9  7 
4 7 0.101252 0.003197 * 4  7 
5 7 0.302271 0.004673 * 5  1  4  7  0 
5 7 0.402926 0.005092 * 5  6  3  9  7 
5 7 0.304048 0.005092 * 5  6  4  7  0 
6 7 0.301262 0.002306 * 6  3  9  7 
6 7 0.202384 0.002306 * 6  4  7  0 
8 7 0.504302 0.006385 * 8  2  5  1  4  7  0 
8 7 0.604958 0.006385 * 8  2  5  6  3  9  7 
8 7 0.506080 0.006385 * 8  2  5  6  4  7  0 
8 7 0.404059 0.002128 * 8  11   1   4   7   0   0 
9 7 0.100316 0.001894 * 9  7 
10 7 0.300829 0.006095 * 10   3   9   7 
10 7 0.200539 0.006095 * 10   9   7   0 
11 7 0.302998 0.021383 * 11   1   4   7 
1 8 0.302232 0.005459 * 1  5  2  8 
1 8 0.202552 0.005459 * 1  11   8   0 
2 8 0.100986 0.024238 * 2  8 
3 8 0.403302 0.008929 * 3  6  5  2  8 
4 8 0.403594 0.004713 * 4  1  5  2  8 
4 8 0.303915 0.004713 * 4   1  11   8   0 
4 8 0.402736 0.003508 * 4  6  5  2  8 
5 8 0.201821 0.017651 * 5  2  8 
6 8 0.302545 0.009497 * 6  5  2  8 
7 8 0.504785 0.009765 * 7  4  1  5  2  8 
7 8 0.405105 0.009765 * 7   4   1  11   8   0 
7 8 0.503926 0.007267 * 7  4  6  5  2  8 
9 8 0.503505 0.000300 * 9  3  6  5  2  8  0 
9 8 0.605101 0.000901 * 9  7  4  1  5  2  8 
9 8 0.505422 0.000901 * 9   7   4   1  11   8   0 
9 8 0.604243 0.000901 * 9  7  4  6  5  2  8 
10 8 0.503684 0.000656 * 10   3   6   5   2   8   0   0 
10 8 0.603728 0.000917 * 10   9   3   6   5   2   8   0 
10 8 0.705324 0.002624 * 10   9   7   4   1   5   2   8 
10 8 0.605644 0.002624 * 10   9   7   4   1  11   8   0 
10 8 0.704466 0.002624 * 10   9   7   4   6   5   2   8 
11 8 0.100798 0.025048 * 11   8 
1 9 0.401820 0.000180 * 1  4  6  3  9 
1 9 0.302218 0.000180 * 1  4  7  9  0 
2 9 0.603930 0.000969 * 2  5  1  4  6  3  9 
2 9 0.504329 0.000969 * 2  5  1  4  7  9  0 
2 9 0.404385 0.000520 * 2  5  6  3  9  0  0 
3 9 0.100130 0.004841 * 3  9 
4 9 0.301136 0.000243 * 4  6  3  9 
4 9 0.201535 0.000243 * 4  7  9  0 
5 9 0.502155 0.000421 * 5  1  4  6  3  9 
5 9 0.402554 0.000421 * 5  1  4  7  9  0 
5 9 0.302610 0.000226 * 5  6  3  9  0  0 
6 9 0.200945 0.000141 * 6  3  9 
7 9 0.100283 0.003879 * 7  9 
8 9 0.704187 0.000212 * 8  2  5  1  4  6  3  9 
8 9 0.604585 0.000212 * 8  2  5  1  4  7  9  0 
8 9 0.504641 0.000212 * 8  2  5  6  3  9  0  0 
8 9 0.603943 0.000141 * 8  11   1   4   6   3   9   0 
8 9 0.504342 0.000141 * 8  11   1   4   7   9   0   0 
10 9 0.200513 0.001041 * 10   3   9 
10 9 0.100223 0.001041 * 10   9   0 
11 9 0.502882 0.000568 * 11   1   4   6   3   9 
11 9 0.403281 0.000568 * 11   1   4   7   9   0 
1 10 0.501971 0.001286 * 1   4   6   3   9  10 
1 10 0.402082 0.001286 * 1   4   6   3  10   0 
1 10 0.402369 0.000643 * 1   4   7   9  10   0 
1 10 0.503172 0.001167 * 1   5   6   3   9  10 
1 10 0.403284 0.001167 * 1   5   6   3  10   0 
2 10 0.504536 0.011416 * 2   5   6   3   9  10 
2 10 0.404647 0.011416 * 2   5   6   3  10   0 
3 10 0.200281 0.001182 * 3   9  10 
3 10 0.100393 0.001182 * 3  10   0 
4 10 0.401288 0.000330 * 4   6   3   9  10 
4 10 0.301399 0.000330 * 4   6   3  10   0 
4 10 0.301686 0.000165 * 4   7   9  10   0 
5 10 0.402761 0.001112 * 5   6   3   9  10 
5 10 0.302872 0.001112 * 5   6   3  10   0 
6 10 0.301096 0.000486 * 6   3   9  10 
6 10 0.201208 0.000486 * 6   3  10   0 
7 10 0.200434 0.008044 * 7   9  10 
8 10 0.604792 0.000439 * 8   2   5   6   3   9  10   0 
8 10 0.504904 0.000439 * 8   2   5   6   3  10   0   0 
8 10 0.704095 0.001098 * 8  11   1   4   6   3   9  10 
8 10 0.604206 0.001098 * 8  11   1   4   6   3  10   0 
8 10 0.604493 0.000759 * 8  11   1   4   7   9  10   0 
8 10 0.705296 0.001098 * 8  11   1   5   6   3   9  10 
8 10 0.605407 0.001098 * 8  11   1   5   6   3  10   0 
9 10 0.100151 0.001602 * 9  10 
11 10 0.603033 0.000849 * 11   1   4   6   3   9  10 
11 10 0.503145 0.000849 * 11   1   4   6   3  10   0 
11 10 0.503432 0.000424 * 11   1   4   7   9  10   0 
11 10 0.604235 0.000771 * 11   1   5   6   3   9  10 
11 10 0.504346 0.000771 * 11   1   5   6   3  10   0 
1 11 0.101754 0.034585 * 1  11 
2 11 0.202047 0.026020 * 2   8  11 
3 11 0.405006 0.003310 * 3   6   4   1  11   0 
3 11 0.403571 0.005721 * 3   6   5   1  11   0 
3 11 0.504363 0.005721 * 3   6   5   2   8  11 
4 11 0.203117 0.009081 * 4   1  11 
5 11 0.202090 0.008251 * 5   1  11   0 
5 11 0.302882 0.008251 * 5   2   8  11 
6 11 0.304249 0.001673 * 6   4   1  11   0 
6 11 0.302814 0.002892 * 6   5   1  11   0 
6 11 0.403606 0.002892 * 6   5   2   8  11 
7 11 0.304307 0.024252 * 7   4   1  11 
8 11 0.101061 0.049963 * 8  11 
9 11 0.505209 0.000406 * 9   3   6   4   1  11   0 
9 11 0.503775 0.000406 * 9   3   6   5   1  11   0 
9 11 0.604567 0.000406 * 9   3   6   5   2   8  11 
9 11 0.404623 0.000135 * 9   7   4   1  11   0   0 
10 11 0.505388 0.001803 * 10   3   6   4   1  11   0   0 
10 11 0.503954 0.001803 * 10   3   6   5   1  11   0   0 
10 11 0.604745 0.001803 * 10   3   6   5   2   8  11   0 
10 11 0.605432 0.002143 * 10   9   3   6   4   1  11   0 
10 11 0.603998 0.002143 * 10   9   3   6   5   1  11   0 
10 11 0.704789 0.002143 * 10   9   3   6   5   2   8  11 
10 11 0.504846 0.000714 * 10   9   7   4   1  11   0   0 
