2 1 2 0.004016 * 2  5  1 
3 1 3 0.000496 * 3  6  4  1 
3 1 3 0.000496 * 3  6  5  1 
4 1 1 0.005964 * 4  1 
5 1 1 0.005125 * 5  1 
6 1 2 0.000678 * 6  4  1 
6 1 2 0.000678 * 6  5  1 
7 1 2 0.005644 * 7  4  1 
8 1 2 0.005053 * 8  11   1 
9 1 3 0.001302 * 9  7  4  1 
10 1 4 0.001426 * 10   3   6   4   1 
10 1 4 0.001426 * 10   3   6   5   1 
10 1 4 0.001426 * 10   9   7   4   1 
11 1 1 0.030446 * 11   1 
1 2 2 0.003621 * 1  5  2 
3 2 3 0.004622 * 3  6  5  2 
4 2 3 0.000850 * 4  1  5  2 
4 2 3 0.000850 * 4  6  5  2 
5 2 1 0.009286 * 5  2 
6 2 2 0.002959 * 6  5  2 
7 2 4 0.003049 * 7  4  1  5  2 
7 2 4 0.003049 * 7  4  6  5  2 
8 2 1 0.005387 * 8  2 
9 2 4 0.001133 * 9  3  6  5  2 
10 2 4 0.003135 * 10   3   6   5   2 
11 2 2 0.003470 * 11   8   2 
1 3 3 0.000757 * 1  4  6  3 
1 3 3 0.000757 * 1  5  6  3 
2 3 3 0.015365 * 2  5  6  3 
4 3 2 0.001184 * 4  6  3 
5 3 2 0.002204 * 5  6  3 
6 3 1 0.003483 * 6  3 
7 3 2 0.003394 * 7  9  3 
8 3 4 0.004787 * 8  2  5  6  3 
9 3 1 0.004909 * 9  3 
10 3 1 0.004190 * 10   3 
11 3 4 0.002003 * 11   1   4   6   3 
11 3 4 0.002003 * 11   1   5   6   3 
1 4 1 0.002360 * 1  4 
2 4 3 0.005472 * 2  5  1  4 
2 4 3 0.005472 * 2  5  6  4 
3 4 2 0.000548 * 3  6  4 
5 4 2 0.001173 * 5  1  4 
5 4 2 0.001173 * 5  6  4 
6 4 1 0.000869 * 6  4 
7 4 1 0.005127 * 7  4 
8 4 3 0.002739 * 8  11   1   4 
9 4 2 0.000238 * 9  7  4 
10 4 3 0.001449 * 10   3   6   4 
10 4 3 0.001449 * 10   9   7   4 
11 4 2 0.001458 * 11   1   4 
1 5 1 0.005548 * 1  5 
2 5 1 0.035861 * 2  5 
3 5 2 0.004435 * 3  6  5 
4 5 2 0.001139 * 4  1  5 
4 5 2 0.001139 * 4  6  5 
6 5 1 0.004153 * 6  5 
7 5 3 0.004486 * 7  4  1  5 
7 5 3 0.004486 * 7  4  6  5 
8 5 2 0.008086 * 8  2  5 
9 5 3 0.002324 * 9  3  6  5 
10 5 3 0.003198 * 10   3   6   5 
11 5 2 0.016033 * 11   1   5 
1 6 2 0.000519 * 1  4  6 
1 6 2 0.000519 * 1  5  6 
2 6 2 0.012269 * 2  5  6 
3 6 1 0.001775 * 3  6 
4 6 1 0.001467 * 4  6 
5 6 1 0.007999 * 5  6 
7 6 2 0.002234 * 7  4  6 
8 6 3 0.004357 * 8  2  5  6 
9 6 2 0.000386 * 9  3  6 
10 6 2 0.001832 * 10   3   6 
11 6 3 0.001652 * 11   1   4   6 
11 6 3 0.001652 * 11   1   5   6 
1 7 2 0.005698 * 1  4  7 
2 7 4 0.029812 * 2  5  1  4  7 
2 7 4 0.029812 * 2  5  6  4  7 
3 7 2 0.003074 * 3  9  7 
4 7 1 0.003344 * 4  7 
5 7 3 0.006457 * 5  1  4  7 
5 7 3 0.006457 * 5  6  4  7 
6 7 2 0.004349 * 6  4  7 
8 7 4 0.023100 * 8  11   1   4   7 
9 7 1 0.002223 * 9  7 
10 7 2 0.010291 * 10   9   7 
11 7 3 0.019649 * 11   1   4   7 
1 8 2 0.013379 * 1  11   8 
2 8 1 0.027706 * 2  8 
3 8 4 0.006914 * 3  6  5  2  8 
4 8 3 0.012627 * 4   1  11   8 
5 8 2 0.017146 * 5  2  8 
6 8 3 0.007807 * 6  5  2  8 
7 8 4 0.026403 * 7   4   1  11   8 
9 8 5 0.001768 * 9  3  6  5  2  8 
9 8 5 0.001768 * 9   7   4   1  11   8 
10 8 5 0.009811 * 10   3   6   5   2   8 
11 8 1 0.019782 * 11   8 
1 9 3 0.000169 * 1  4  7  9 
2 9 4 0.002381 * 2  5  6  3  9 
3 9 1 0.002362 * 3  9 
4 9 2 0.000267 * 4  7  9 
5 9 3 0.000518 * 5  6  3  9 
6 9 2 0.000292 * 6  3  9 
7 9 1 0.002344 * 7  9 
8 9 5 0.002058 * 8  2  5  6  3  9 
8 9 5 0.002058 * 8  11   1   4   7   9 
10 9 1 0.000936 * 10   9 
11 9 4 0.000891 * 11   1   4   7   9 
1 10 4 0.001613 * 1   4   6   3  10 
1 10 4 0.001613 * 1   4   7   9  10 
1 10 4 0.002799 * 1   5   6   3  10 
2 10 4 0.025430 * 2   5   6   3  10 
3 10 1 0.002206 * 3  10 
4 10 3 0.000321 * 4   6   3  10 
4 10 3 0.000321 * 4   7   9  10 
5 10 3 0.001593 * 5   6   3  10 
6 10 2 0.001144 * 6   3  10 
7 10 2 0.009329 * 7   9  10 
8 10 5 0.007966 * 8   2   5   6   3  10 
9 10 1 0.001163 * 9  10 
11 10 5 0.000799 * 11   1   4   6   3  10 
11 10 5 0.000799 * 11   1   4   7   9  10 
11 10 5 0.000799 * 11   1   5   6   3  10 
1 11 1 0.051179 * 1  11 
2 11 2 0.024291 * 2   8  11 
3 11 4 0.006181 * 3   6   4   1  11 
3 11 4 0.006181 * 3   6   5   1  11 
4 11 2 0.006494 * 4   1  11 
5 11 2 0.016224 * 5   1  11 
6 11 3 0.001973 * 6   4   1  11 
6 11 3 0.001973 * 6   5   1  11 
7 11 3 0.022768 * 7   4   1  11 
8 11 1 0.044112 * 8  11 
9 11 4 0.001957 * 9   7   4   1  11 
10 11 5 0.004100 * 10   3   6   4   1  11 
10 11 5 0.004100 * 10   3   6   5   1  11 
10 11 5 0.004100 * 10   9   7   4   1  11 
