2 1 0.202531 0.003488 * 2  5  1  0 
2 1 0.303009 0.003488 * 2   8  11   1 
3 1 0.302997 0.000802 * 3  6  4  1 
3 1 0.301482 0.000802 * 3  6  5  1 
4 1 0.101368 0.001123 * 4  1 
5 1 0.100439 0.007787 * 5  1 
6 1 0.202446 0.000813 * 6  4  1 
6 1 0.200932 0.000813 * 6  5  1 
7 1 0.202333 0.005600 * 7  4  1 
8 1 0.202105 0.005226 * 8  11   1 
9 1 0.403079 0.000187 * 9  3  6  4  1 
9 1 0.401564 0.000187 * 9  3  6  5  1 
9 1 0.302522 0.000094 * 9  7  4  1  0 
10 1 0.403247 0.000490 * 10   3   6   4   1   0 
10 1 0.401733 0.000490 * 10   3   6   5   1   0 
10 1 0.503223 0.000638 * 10   9   3   6   4   1 
10 1 0.501709 0.000638 * 10   9   3   6   5   1 
10 1 0.402667 0.000319 * 10   9   7   4   1   0 
11 1 0.101149 0.034559 * 11   1 
1 2 0.201847 0.002461 * 1  5  2  0 
1 2 0.302742 0.002461 * 1  11   8   2 
3 2 0.302091 0.002428 * 3  6  5  2 
4 2 0.303215 0.000638 * 4  1  5  2  0 
4 2 0.404110 0.000638 * 4   1  11   8   2 
4 2 0.301725 0.000502 * 4  6  5  2  0 
5 2 0.101048 0.006624 * 5  2 
6 2 0.201541 0.005510 * 6  5  2 
7 2 0.404180 0.009620 * 7  4  1  5  2  0 
7 2 0.505075 0.009620 * 7   4   1  11   8   2 
7 2 0.402690 0.007566 * 7  4  6  5  2  0 
7 2 0.502360 0.007071 * 7  9  3  6  5  2 
8 2 0.100356 0.002525 * 8  2 
9 2 0.402173 0.000366 * 9  3  6  5  2 
10 2 0.402342 0.001211 * 10   3   6   5   2   0 
10 2 0.502318 0.001211 * 10   9   3   6   5   2 
11 2 0.201134 0.004911 * 11   8   2 
1 3 0.301809 0.001099 * 1  4  6  3  0 
1 3 0.402306 0.001099 * 1  4  7  9  3 
1 3 0.303387 0.000836 * 1  5  6  3  0 
2 3 0.304680 0.016391 * 2  5  6  3 
4 3 0.201052 0.001210 * 4  6  3  0 
4 3 0.301550 0.001210 * 4  7  9  3 
5 3 0.202588 0.002909 * 5  6  3 
6 3 0.100867 0.003313 * 6  3 
7 3 0.200269 0.002100 * 7  9  3 
8 3 0.405036 0.000284 * 8  2  5  6  3  0  0 
8 3 0.503914 0.000852 * 8  11   1   4   6   3   0 
8 3 0.604411 0.000852 * 8  11   1   4   7   9   3 
8 3 0.505493 0.000852 * 8  11   1   5   6   3   0 
9 3 0.100082 0.003812 * 9  3 
10 3 0.200227 0.001792 * 10   9   3 
10 3 0.100251 0.001792 * 10   3   0 
11 3 0.402958 0.002310 * 11   1   4   6   3   0 
11 3 0.503455 0.002310 * 11   1   4   7   9   3 
11 3 0.404536 0.001758 * 11   1   5   6   3   0 
1 4 0.100756 0.002222 * 1  4 
2 4 0.303287 0.003965 * 2  5  1  4  0 
2 4 0.304891 0.003965 * 2  5  6  4  0 
2 4 0.403766 0.003087 * 2   8  11   1   4 
3 4 0.201628 0.002306 * 3  6  4  0 
3 4 0.301215 0.002306 * 3  9  7  4 
5 4 0.201195 0.001046 * 5  1  4 
5 4 0.202799 0.001046 * 5  6  4 
6 4 0.101078 0.001960 * 6  4 
7 4 0.100964 0.003043 * 7  4 
8 4 0.302862 0.002475 * 8  11   1   4 
9 4 0.201154 0.000365 * 9  7  4 
10 4 0.301879 0.000249 * 10   3   6   4   0 
10 4 0.401466 0.000249 * 10   3   9   7   4 
10 4 0.301299 0.000124 * 10   9   7   4   0 
11 4 0.201905 0.003916 * 11   1   4 
1 5 0.100799 0.005864 * 1  5 
2 5 0.102092 0.046284 * 2  5 
3 5 0.201043 0.003239 * 3  6  5 
4 5 0.202168 0.001070 * 4  1  5 
4 5 0.200678 0.001070 * 4  6  5 
6 5 0.100493 0.004315 * 6  5 
7 5 0.303132 0.002754 * 7  4  1  5  0 
7 5 0.301642 0.002754 * 7  4  6  5  0 
7 5 0.401312 0.001924 * 7  9  3  6  5 
8 5 0.202448 0.006438 * 8  2  5  0 
8 5 0.302904 0.006438 * 8  11   1   5 
9 5 0.301125 0.000891 * 9  3  6  5 
10 5 0.301294 0.001041 * 10   3   6   5   0 
10 5 0.401270 0.001041 * 10   9   3   6   5 
11 5 0.201948 0.015286 * 11   1   5 
1 6 0.200941 0.001654 * 1  4  6 
1 6 0.202520 0.001654 * 1  5  6 
2 6 0.203813 0.016290 * 2  5  6 
3 6 0.100550 0.001268 * 3  6 
4 6 0.100185 0.001283 * 4  6 
5 6 0.101721 0.003884 * 5  6 
7 6 0.201149 0.000762 * 7  4  6  0 
7 6 0.300819 0.000762 * 7  9  3  6 
8 6 0.304169 0.000673 * 8  2  5  6  0 
8 6 0.403046 0.001347 * 8  11   1   4   6 
8 6 0.404625 0.001347 * 8  11   1   5   6 
9 6 0.200632 0.000250 * 9  3  6 
10 6 0.200801 0.000848 * 10   3   6   0 
10 6 0.300777 0.000848 * 10   9   3   6 
11 6 0.302090 0.002211 * 11   1   4   6 
11 6 0.303669 0.002211 * 11   1   5   6 
1 7 0.202037 0.006378 * 1  4  7 
2 7 0.404568 0.012951 * 2  5  1  4  7  0 
2 7 0.504931 0.013741 * 2  5  6  3  9  7 
2 7 0.406171 0.013741 * 2  5  6  4  7  0 
2 7 0.505046 0.009859 * 2   8  11   1   4   7 
3 7 0.200251 0.001159 * 3  9  7 
4 7 0.101281 0.010694 * 4  7 
5 7 0.302476 0.003790 * 5  1  4  7  0 
5 7 0.402839 0.004021 * 5  6  3  9  7 
5 7 0.304080 0.004021 * 5  6  4  7  0 
6 7 0.301118 0.001007 * 6  3  9  7 
6 7 0.202359 0.001007 * 6  4  7  0 
8 7 0.404142 0.018211 * 8  11   1   4   7 
9 7 0.100190 0.001227 * 9  7 
10 7 0.300502 0.003212 * 10   3   9   7 
10 7 0.200334 0.003212 * 10   9   7   0 
11 7 0.303186 0.017356 * 11   1   4   7 
1 8 0.302751 0.009371 * 1  5  2  8 
1 8 0.202386 0.009371 * 1  11   8   0 
2 8 0.100904 0.024404 * 2  8 
3 8 0.402995 0.005793 * 3  6  5  2  8 
4 8 0.404120 0.004688 * 4  1  5  2  8 
4 8 0.303755 0.004688 * 4   1  11   8   0 
4 8 0.402630 0.002584 * 4  6  5  2  8 
5 8 0.201952 0.024227 * 5  2  8 
6 8 0.302445 0.006709 * 6  5  2  8 
7 8 0.505084 0.006469 * 7  4  1  5  2  8 
7 8 0.404719 0.006469 * 7   4   1  11   8   0 
7 8 0.503594 0.003565 * 7  4  6  5  2  8 
9 8 0.503077 0.000152 * 9  3  6  5  2  8  0 
9 8 0.605274 0.000455 * 9  7  4  1  5  2  8 
9 8 0.504909 0.000455 * 9   7   4   1  11   8   0 
9 8 0.603784 0.000455 * 9  7  4  6  5  2  8 
10 8 0.503246 0.000616 * 10   3   6   5   2   8   0   0 
10 8 0.603222 0.000758 * 10   9   3   6   5   2   8   0 
10 8 0.705418 0.002275 * 10   9   7   4   1   5   2   8 
10 8 0.605053 0.002275 * 10   9   7   4   1  11   8   0 
10 8 0.703928 0.002275 * 10   9   7   4   6   5   2   8 
11 8 0.100778 0.024265 * 11   8 
1 9 0.401870 0.000239 * 1  4  6  3  9 
1 9 0.302224 0.000239 * 1  4  7  9  0 
2 9 0.604401 0.000810 * 2  5  1  4  6  3  9 
2 9 0.504755 0.000810 * 2  5  1  4  7  9  0 
2 9 0.404741 0.000477 * 2  5  6  3  9  0  0 
3 9 0.100061 0.001188 * 3  9 
4 9 0.301114 0.000081 * 4  6  3  9 
4 9 0.201468 0.000081 * 4  7  9  0 
5 9 0.502309 0.000456 * 5  1  4  6  3  9 
5 9 0.402663 0.000456 * 5  1  4  7  9  0 
5 9 0.302650 0.000269 * 5  6  3  9  0  0 
6 9 0.200929 0.000205 * 6  3  9 
7 9 0.100187 0.002050 * 7  9 
8 9 0.704757 0.000210 * 8  2  5  1  4  6  3  9 
8 9 0.605111 0.000210 * 8  2  5  1  4  7  9  0 
8 9 0.505097 0.000210 * 8  2  5  6  3  9  0  0 
8 9 0.603975 0.000140 * 8  11   1   4   6   3   9   0 
8 9 0.504329 0.000140 * 8  11   1   4   7   9   0   0 
10 9 0.200312 0.000334 * 10   3   9 
10 9 0.100145 0.000334 * 10   9   0 
11 9 0.503019 0.000384 * 11   1   4   6   3   9 
11 9 0.403373 0.000384 * 11   1   4   7   9   0 
1 10 0.502009 0.001524 * 1   4   6   3   9  10 
1 10 0.402271 0.001524 * 1   4   6   3  10   0 
1 10 0.402363 0.000762 * 1   4   7   9  10   0 
1 10 0.503588 0.001443 * 1   5   6   3   9  10 
1 10 0.403850 0.001443 * 1   5   6   3  10   0 
2 10 0.504881 0.013790 * 2   5   6   3   9  10 
2 10 0.405142 0.013790 * 2   5   6   3  10   0 
3 10 0.200201 0.000514 * 3   9  10 
3 10 0.100462 0.000514 * 3  10   0 
4 10 0.401253 0.000230 * 4   6   3   9  10 
4 10 0.301514 0.000230 * 4   6   3  10   0 
4 10 0.301607 0.000115 * 4   7   9  10   0 
5 10 0.402789 0.001656 * 5   6   3   9  10 
5 10 0.303050 0.001656 * 5   6   3  10   0 
6 10 0.301068 0.000705 * 6   3   9  10 
6 10 0.201330 0.000705 * 6   3  10   0 
7 10 0.200326 0.004889 * 7   9  10 
8 10 0.605237 0.000635 * 8   2   5   6   3   9  10   0 
8 10 0.505498 0.000635 * 8   2   5   6   3  10   0   0 
8 10 0.704114 0.001587 * 8  11   1   4   6   3   9  10 
8 10 0.604376 0.001587 * 8  11   1   4   6   3  10   0 
8 10 0.604469 0.000937 * 8  11   1   4   7   9  10   0 
8 10 0.705693 0.001587 * 8  11   1   5   6   3   9  10 
8 10 0.605955 0.001587 * 8  11   1   5   6   3  10   0 
9 10 0.100139 0.001397 * 9  10 
11 10 0.603158 0.000972 * 11   1   4   6   3   9  10 
11 10 0.503420 0.000972 * 11   1   4   6   3  10   0 
11 10 0.503512 0.000486 * 11   1   4   7   9  10   0 
11 10 0.604737 0.000920 * 11   1   5   6   3   9  10 
11 10 0.504999 0.000920 * 11   1   5   6   3  10   0 
1 11 0.101608 0.035459 * 1  11 
2 11 0.201860 0.019377 * 2   8  11 
3 11 0.404605 0.002431 * 3   6   4   1  11   0 
3 11 0.403090 0.004861 * 3   6   5   1  11   0 
3 11 0.503951 0.004861 * 3   6   5   2   8  11 
4 11 0.202976 0.004196 * 4   1  11 
5 11 0.202047 0.010383 * 5   1  11   0 
5 11 0.302908 0.010383 * 5   2   8  11 
6 11 0.304054 0.001623 * 6   4   1  11   0 
6 11 0.302540 0.003246 * 6   5   1  11   0 
6 11 0.403401 0.003246 * 6   5   2   8  11 
7 11 0.303941 0.017386 * 7   4   1  11 
8 11 0.100956 0.048704 * 8  11 
9 11 0.504687 0.000355 * 9   3   6   4   1  11   0 
9 11 0.503172 0.000355 * 9   3   6   5   1  11   0 
9 11 0.604033 0.000355 * 9   3   6   5   2   8  11 
9 11 0.404131 0.000118 * 9   7   4   1  11   0   0 
10 11 0.504856 0.001578 * 10   3   6   4   1  11   0   0 
10 11 0.503341 0.001578 * 10   3   6   5   1  11   0   0 
10 11 0.604202 0.001578 * 10   3   6   5   2   8  11   0 
10 11 0.604831 0.001875 * 10   9   3   6   4   1  11   0 
10 11 0.603317 0.001875 * 10   9   3   6   5   1  11   0 
10 11 0.704178 0.001875 * 10   9   3   6   5   2   8  11 
10 11 0.504275 0.000625 * 10   9   7   4   1  11   0   0 
