1  5  2  0  0  0  0  0  0  0 
6.283092e-003
1  11   8   2   0   0   0   0   0   0 
2.206031e-011
1  4  6  5  2  0  0  0  0  0 
1.104333e-011
1  4  6  3  0  0  0  0  0  0 
1.348276e-003
1  5  6  3  0  0  0  0  0  0 
1.295230e-003
1  4  7  9  3  0  0  0  0  0 
2.188793e-011
1  4  0  0  0  0  0  0  0  0 
2.197994e-003
1  5  6  4  0  0  0  0  0  0 
1.101941e-011
1  5  0  0  0  0  0  0  0  0 
4.125487e-003
1  4  6  5  0  0  0  0  0  0 
1.103656e-011
1  11   8   2   5   0   0   0   0   0 
7.361644e-012
1  4  6  0  0  0  0  0  0  0 
1.727942e-003
1  5  6  0  0  0  0  0  0  0 
1.639521e-003
1  4  7  0  0  0  0  0  0  0 
5.200383e-003
1  5  6  4  7  0  0  0  0  0 
1.104239e-011
1  11   8   0   0   0   0   0   0   0 
1.595212e-002
1  5  2  8  0  0  0  0  0  0 
2.210065e-011
1  4  6  5  2  8  0  0  0  0 
7.370552e-012
1  4  7  9  0  0  0  0  0  0 
4.021540e-004
1  4  6  3  9  0  0  0  0  0 
2.155788e-011
1  5  6  3  9  0  0  0  0  0 
2.158751e-011
1   4   6   3  10   0   0   0   0   0 
1.837800e-003
1   5   6   3  10   0   0   0   0   0 
1.763419e-003
1   4   7   9  10   0   0   0   0   0 
2.638497e-003
1  11   0   0   0   0   0   0   0   0 
3.029062e-002
1   5   2   8  11   0   0   0   0   0 
7.371330e-012
2  5  1  0  0  0  0  0  0  0 
5.893716e-003
2   8  11   1   0   0   0   0   0   0 
2.205488e-011
2  5  6  4  1  0  0  0  0  0 
1.104107e-011
2  5  6  3  0  0  0  0  0  0 
1.579790e-002
2  5  1  4  6  3  0  0  0  0 
1.105481e-011
2  5  1  4  0  0  0  0  0  0 
4.611176e-003
2  5  6  4  0  0  0  0  0  0 
4.639702e-003
2   8  11   1   4   0   0   0   0   0 
2.204689e-011
2  5  0  0  0  0  0  0  0  0 
4.359065e-002
2   8  11   1   5   0   0   0   0   0 
7.371604e-012
2   8  11   1   4   6   5   0   0   0 
4.423166e-012
2  5  6  0  0  0  0  0  0  0 
1.539254e-002
2  5  1  4  6  0  0  0  0  0 
1.105466e-011
2  5  1  4  7  0  0  0  0  0 
2.349820e-002
2  5  6  4  7  0  0  0  0  0 
2.587531e-002
2   8  11   1   4   7   0   0   0   0 
2.210249e-011
2  8  0  0  0  0  0  0  0  0 
2.193664e-002
2   5   1  11   8   0   0   0   0   0 
7.369203e-012
2  5  6  3  9  0  0  0  0  0 
2.326676e-003
2   5   6   3  10   9   0   0   0   0 
2.195877e-011
2  5  1  4  7  9  0  0  0  0 
2.195995e-011
2   5   6   3  10   0   0   0   0   0 
3.033354e-002
2   5   6   3   9  10   0   0   0   0 
2.214592e-011
2   8  11   0   0   0   0   0   0   0 
2.274448e-002
2   5   1  11   0   0   0   0   0   0 
2.209345e-011
3  6  4  1  0  0  0  0  0  0 
2.898840e-004
3  6  5  1  0  0  0  0  0  0 
2.738199e-004
3  9  7  4  1  0  0  0  0  0 
2.223522e-011
3  6  5  2  0  0  0  0  0  0 
3.869973e-003
3  6  4  1  5  2  0  0  0  0 
1.103648e-011
3  6  4  0  0  0  0  0  0  0 
5.673680e-004
3  9  7  4  0  0  0  0  0  0 
2.152776e-011
3  6  5  0  0  0  0  0  0  0 
4.455234e-003
3  6  4  1  5  0  0  0  0  0 
1.103944e-011
3  6  0  0  0  0  0  0  0  0 
1.096249e-003
3  9  7  4  6  0  0  0  0  0 
7.332757e-012
3  10   9   7   4   6   0   0   0   0 
5.507420e-012
3  9  7  0  0  0  0  0  0  0 
1.395832e-003
3  10   9   7   0   0   0   0   0   0 
2.181967e-011
3  6  4  7  0  0  0  0  0  0 
2.183376e-011
3  6  5  2  8  0  0  0  0  0 
5.931115e-003
3   6   4   1  11   8   0   0   0   0 
2.204848e-011
3   6   5   1  11   8   0   0   0   0 
2.204809e-011
3  9  0  0  0  0  0  0  0  0 
2.784952e-003
3  10   9   0   0   0   0   0   0   0 
2.200782e-011
3  6  4  7  9  0  0  0  0  0 
7.356653e-012
3  10   0   0   0   0   0   0   0   0 
1.002089e-003
3   9  10   0   0   0   0   0   0   0 
2.173166e-011
3   6   4   1  11   0   0   0   0   0 
6.009649e-003
3   6   5   1  11   0   0   0   0   0 
6.656790e-003
3   9   7   4   1  11   0   0   0   0 
2.209098e-011
4  1  0  0  0  0  0  0  0  0 
5.732400e-004
4  6  5  1  0  0  0  0  0  0 
1.091685e-011
4  1  5  2  0  0  0  0  0  0 
1.415046e-003
4  6  5  2  0  0  0  0  0  0 
1.533307e-003
4   1  11   8   2   0   0   0   0   0 
2.193419e-011
4  6  3  0  0  0  0  0  0  0 
2.361729e-003
4  7  9  3  0  0  0  0  0  0 
2.194941e-011
4  1  5  6  3  0  0  0  0  0 
1.100980e-011
4  1  5  0  0  0  0  0  0  0 
1.265575e-003
4  6  5  0  0  0  0  0  0  0 
1.415657e-003
4  6  0  0  0  0  0  0  0  0 
1.272268e-003
4  1  5  6  0  0  0  0  0  0 
1.097596e-011
4  7  9  3  6  0  0  0  0  0 
7.332882e-012
4  7  0  0  0  0  0  0  0  0 
2.604981e-003
4  6  3  9  7  0  0  0  0  0 
7.360168e-012
4   6   3  10   9   7   0   0   0   0 
5.523159e-012
4   1  11   8   0   0   0   0   0   0 
1.245596e-002
4  1  5  2  8  0  0  0  0  0 
2.209334e-011
4  6  5  2  8  0  0  0  0  0 
2.209946e-011
4  7  9  0  0  0  0  0  0  0 
2.182790e-004
4  6  3  9  0  0  0  0  0  0 
2.276489e-011
4   6   3  10   9   0   0   0   0   0 
1.159353e-011
4   7   9  10   0   0   0   0   0   0 
3.652922e-004
4   6   3  10   0   0   0   0   0   0 
3.980098e-004
4   6   3   9  10   0   0   0   0   0 
2.190717e-011
4   1  11   0   0   0   0   0   0   0 
5.591468e-003
4   6   5   1  11   0   0   0   0   0 
1.104473e-011
5  1  0  0  0  0  0  0  0  0 
5.760203e-003
5  6  4  1  0  0  0  0  0  0 
1.104184e-011
5   2   8  11   1   0   0   0   0   0 
7.364422e-012
5  2  0  0  0  0  0  0  0  0 
9.716991e-003
5   1  11   8   2   0   0   0   0   0 
7.368687e-012
5  6  3  0  0  0  0  0  0  0 
1.404513e-003
5  1  4  6  3  0  0  0  0  0 
1.099752e-011
5  1  4  0  0  0  0  0  0  0 
1.508231e-003
5  6  4  0  0  0  0  0  0  0 
1.480765e-003
5  6  0  0  0  0  0  0  0  0 
3.423394e-003
5  1  4  6  0  0  0  0  0  0 
1.103459e-011
5  1  4  7  0  0  0  0  0  0 
6.519077e-003
5  6  4  7  0  0  0  0  0  0 
6.585192e-003
5  6  3  9  7  0  0  0  0  0 
2.209683e-011
5  2  8  0  0  0  0  0  0  0 
2.294713e-002
5   1  11   8   0   0   0   0   0   0 
2.209755e-011
5  6  3  9  0  0  0  0  0  0 
9.141330e-004
5  1  4  7  9  0  0  0  0  0 
2.159666e-011
5  6  4  7  9  0  0  0  0  0 
2.159454e-011
5   6   3  10   0   0   0   0   0   0 
2.944637e-003
5   6   3   9  10   0   0   0   0   0 
2.200164e-011
5   1  11   0   0   0   0   0   0   0 
1.935684e-002
5   2   8  11   0   0   0   0   0   0 
2.209998e-011
6  4  1  0  0  0  0  0  0  0 
5.050990e-004
6  5  1  0  0  0  0  0  0  0 
4.980490e-004
6  5  2  0  0  0  0  0  0  0 
3.246604e-003
6  4  1  5  2  0  0  0  0  0 
1.103215e-011
6  3  0  0  0  0  0  0  0  0 
7.062066e-003
6  4  7  9  3  0  0  0  0  0 
7.370066e-012
6   4   7   9  10   3   0   0   0   0 
5.529215e-012
6  4  0  0  0  0  0  0  0  0 
1.087671e-003
6  5  1  4  0  0  0  0  0  0 
1.096430e-011
6  3  9  7  4  0  0  0  0  0 
7.326272e-012
6  5  0  0  0  0  0  0  0  0 
2.949022e-003
6  4  1  5  0  0  0  0  0  0 
1.102943e-011
6  4  7  0  0  0  0  0  0  0 
2.170264e-003
6  3  9  7  0  0  0  0  0  0 
2.195780e-011
6  5  2  8  0  0  0  0  0  0 
6.550237e-003
6   4   1  11   8   0   0   0   0   0 
2.205520e-011
6   5   1  11   8   0   0   0   0   0 
2.205482e-011
6  3  9  0  0  0  0  0  0  0 
1.615340e-004
6   3  10   9   0   0   0   0   0   0 
8.320519e-012
6  4  7  9  0  0  0  0  0  0 
1.017281e-011
6   3  10   0   0   0   0   0   0   0 
1.016556e-003
6   3   9  10   0   0   0   0   0   0 
2.170327e-011
6   4   7   9  10   0   0   0   0   0 
1.093717e-011
6   4   1  11   0   0   0   0   0   0 
2.610914e-003
6   5   1  11   0   0   0   0   0   0 
2.863888e-003
6   5   2   8  11   0   0   0   0   0 
2.200576e-011
7  4  1  0  0  0  0  0  0  0 
5.855332e-003
7  4  6  5  1  0  0  0  0  0 
1.104545e-011
7  4  6  5  2  0  0  0  0  0 
3.368683e-003
7  4  1  5  2  0  0  0  0  0 
2.818338e-003
7  9  3  6  5  2  0  0  0  0 
2.202466e-011
7  9  3  0  0  0  0  0  0  0 
1.119000e-003
7  4  6  3  0  0  0  0  0  0 
2.174886e-011
7   9  10   3   0   0   0   0   0   0 
2.171027e-011
7  4  0  0  0  0  0  0  0  0 
5.932730e-003
7  9  3  6  4  0  0  0  0  0 
7.369203e-012
7   9  10   3   6   4   0   0   0   0 
5.528725e-012
7  4  6  5  0  0  0  0  0  0 
3.570355e-003
7  4  1  5  0  0  0  0  0  0 
2.966771e-003
7  9  3  6  5  0  0  0  0  0 
2.203115e-011
7  4  6  0  0  0  0  0  0  0 
1.625906e-003
7  9  3  6  0  0  0  0  0  0 
2.189354e-011
7   4   1  11   8   0   0   0   0   0 
1.632000e-002
7  4  6  5  2  8  0  0  0  0 
2.210682e-011
7  4  1  5  2  8  0  0  0  0 
2.210048e-011
7  9  0  0  0  0  0  0  0  0 
2.470215e-003
7  4  6  3  9  0  0  0  0  0 
7.354594e-012
7   4   6   3  10   9   0   0   0   0 
5.520034e-012
7   9  10   0   0   0   0   0   0   0 
6.230391e-003
7   9   3  10   0   0   0   0   0   0 
2.204994e-011
7   4   6   3  10   0   0   0   0   0 
1.103719e-011
7   4   1  11   0   0   0   0   0   0 
1.918300e-002
8  11   1   0   0   0   0   0   0   0 
4.578454e-003
8  2  5  1  0  0  0  0  0  0 
2.204687e-011
8  2  0  0  0  0  0  0  0  0 
2.010403e-003
8  11   1   5   2   0   0   0   0   0 
7.350595e-012
8  11   1   4   6   5   2   0   0   0 
4.415238e-012
8  2  5  6  3  0  0  0  0  0 
5.223963e-003
8  11   1   5   6   3   0   0   0   0 
2.203691e-011
8  11   1   4   6   3   0   0   0   0 
2.204064e-011
8  11   1   4   0   0   0   0   0   0 
1.765324e-003
8  2  5  1  4  0  0  0  0  0 
2.188113e-011
8  2  5  6  4  0  0  0  0  0 
2.188132e-011
8  2  5  0  0  0  0  0  0  0 
1.096560e-002
8  11   1   5   0   0   0   0   0   0 
2.207987e-011
8  2  5  6  0  0  0  0  0  0 
3.187982e-003
8  11   1   5   6   0   0   0   0   0 
2.198245e-011
8  11   1   4   6   0   0   0   0   0 
2.198470e-011
8  11   1   4   7   0   0   0   0   0 
1.697949e-002
8  2  5  1  4  7  0  0  0  0 
2.210297e-011
8  2  5  6  4  7  0  0  0  0 
2.210407e-011
8  11   1   4   7   9   0   0   0   0 
4.609122e-004
8  2  5  6  3  9  0  0  0  0 
5.080738e-004
8  11   1   5   6   3   9   0   0   0 
2.185754e-011
8   2   5   6   3  10   0   0   0   0 
7.519007e-003
8   2   5   6   3   9  10   0   0   0 
2.209535e-011
8  11   1   4   7   9  10   0   0   0 
2.209058e-011
8  11   0   0   0   0   0   0   0   0 
4.298430e-002
8   2   5   1  11   0   0   0   0   0 
7.371288e-012
9  7  4  1  0  0  0  0  0  0 
1.724190e-003
9  3  6  4  1  0  0  0  0  0 
2.185324e-011
9  3  6  5  1  0  0  0  0  0 
2.185327e-011
9  3  6  5  2  0  0  0  0  0 
6.441510e-004
9  10   3   6   5   2   0   0   0   0 
2.135822e-011
9  7  4  6  5  2  0  0  0  0 
2.140396e-011
9  3  0  0  0  0  0  0  0  0 
4.037912e-003
9  10   3   0   0   0   0   0   0   0 
2.204772e-011
9  7  4  6  3  0  0  0  0  0 
7.363239e-012
9  7  4  0  0  0  0  0  0  0 
5.401320e-004
9  3  6  4  0  0  0  0  0  0 
2.140882e-011
9  10   3   6   4   0   0   0   0   0 
1.072060e-011
9  3  6  5  0  0  0  0  0  0 
8.422340e-004
9  10   3   6   5   0   0   0   0   0 
2.150353e-011
9  7  4  6  5  0  0  0  0  0 
2.153279e-011
9  3  6  0  0  0  0  0  0  0 
2.550560e-004
9  10   3   6   0   0   0   0   0   0 
2.032020e-011
9  7  4  6  0  0  0  0  0  0 
2.078898e-011
9  7  0  0  0  0  0  0  0  0 
1.502816e-003
9  3  6  4  7  0  0  0  0  0 
7.341608e-012
9  10   3   6   4   7   0   0   0   0 
5.512851e-012
9   7   4   1  11   8   0   0   0   0 
7.266244e-004
9  3  6  5  2  8  0  0  0  0 
1.085882e-003
9  10   3   6   5   2   8   0   0   0 
2.187339e-011
9  10   0   0   0   0   0   0   0   0 
9.084600e-004
9   3  10   0   0   0   0   0   0   0 
2.173267e-011
9   7   4   1  11   0   0   0   0   0 
8.617950e-004
9   3   6   4   1  11   0   0   0   0 
2.140416e-011
9   3   6   5   1  11   0   0   0   0 
2.140615e-011
10   3   6   4   1   0   0   0   0   0 
9.090896e-004
10   9   7   4   1   0   0   0   0   0 
1.006246e-003
10   3   6   5   1   0   0   0   0   0 
9.796575e-004
10   3   6   5   2   0   0   0   0   0 
3.806822e-003
10   9   3   6   5   2   0   0   0   0 
2.203009e-011
10   3   0   0   0   0   0   0   0   0 
4.845765e-003
10   9   3   0   0   0   0   0   0   0 
2.205531e-011
10   3   6   4   0   0   0   0   0   0 
4.998173e-004
10   9   7   4   0   0   0   0   0   0 
4.416936e-004
10   3   9   7   4   0   0   0   0   0 
2.178921e-011
10   3   6   5   0   0   0   0   0   0 
3.030945e-003
10   9   3   6   5   0   0   0   0   0 
2.200106e-011
10   3   6   0   0   0   0   0   0   0 
1.658914e-003
10   9   3   6   0   0   0   0   0   0 
2.189328e-011
10   9   7   0   0   0   0   0   0   0 
8.040581e-003
10   3   9   7   0   0   0   0   0   0 
2.207339e-011
10   3   6   5   2   8   0   0   0   0 
7.653119e-003
10   9   3   6   5   2   8   0   0   0 
2.208546e-011
10   3   6   5   1  11   8   0   0   0 
2.206411e-011
10   9   0   0   0   0   0   0   0   0 
7.324080e-004
10   3   9   0   0   0   0   0   0   0 
2.163750e-011
10   3   6   4   1  11   0   0   0   0 
3.156445e-003
10   3   6   5   1  11   0   0   0   0 
3.440413e-003
10   9   7   4   1  11   0   0   0   0 
5.107095e-003
11   1   0   0   0   0   0   0   0   0 
3.372815e-002
11   8   2   5   1   0   0   0   0   0 
7.371642e-012
11   8   2   0   0   0   0   0   0   0 
2.216756e-003
11   1   5   2   0   0   0   0   0   0 
2.195768e-011
11   1   4   6   3   0   0   0   0   0 
3.112697e-003
11   1   5   6   3   0   0   0   0   0 
2.866013e-003
11   8   2   5   6   3   0   0   0   0 
2.201410e-011
11   1   4   0   0   0   0   0   0   0 
1.805292e-003
11   1   5   6   4   0   0   0   0   0 
1.101076e-011
11   1   5   0   0   0   0   0   0   0 
1.055201e-002
11   8   2   5   0   0   0   0   0   0 
2.208558e-011
11   1   4   6   5   0   0   0   0   0 
1.104989e-011
11   1   4   6   0   0   0   0   0   0 
3.231366e-003
11   1   5   6   0   0   0   0   0   0 
2.971477e-003
11   8   2   5   6   0   0   0   0   0 
2.201739e-011
11   1   4   7   0   0   0   0   0   0 
1.860516e-002
11   8   0   0   0   0   0   0   0   0 
2.512522e-002
11   1   5   2   8   0   0   0   0   0 
7.370472e-012
11   1   4   7   9   0   0   0   0   0 
5.877540e-004
11   1   4   6   3   9   0   0   0   0 
2.079265e-011
11   1   5   6   3   9   0   0   0   0 
2.081626e-011
11   1   4   7   9  10   0   0   0   0 
2.444854e-003
11   1   5   6   3  10   0   0   0   0 
1.665782e-003
11   1   4   6   3  10   0   0   0   0 
1.736807e-003
