1  5  2  0  0  0  0  0  0  0 
4.921112e-003
1  11   8   2   0   0   0   0   0   0 
1.004975e-015
1  4  6  5  2  0  0  0  0  0 
5.043238e-016
1  4  6  3  0  0  0  0  0  0 
1.533342e-003
1  5  6  3  0  0  0  0  0  0 
1.501968e-003
1  4  7  9  3  0  0  0  0  0 
9.940379e-016
1  4  0  0  0  0  0  0  0  0 
2.222449e-003
1  5  6  4  0  0  0  0  0  0 
5.021896e-016
1  5  0  0  0  0  0  0  0  0 
5.864035e-003
1  4  6  5  0  0  0  0  0  0 
5.048824e-016
1  11   8   2   5   0   0   0   0   0 
3.369430e-016
1  4  6  0  0  0  0  0  0  0 
1.613334e-003
1  5  6  0  0  0  0  0  0  0 
1.694186e-003
1  4  7  0  0  0  0  0  0  0 
6.378287e-003
1  5  6  4  7  0  0  0  0  0 
5.051474e-016
1  11   8   0   0   0   0   0   0   0 
1.874173e-002
1  5  2  8  0  0  0  0  0  0 
1.011541e-015
1  4  6  5  2  8  0  0  0  0 
3.375932e-016
1  4  7  9  0  0  0  0  0  0 
4.777890e-004
1  4  6  3  9  0  0  0  0  0 
9.086358e-016
1  5  6  3  9  0  0  0  0  0 
9.092321e-016
1   4   6   3  10   0   0   0   0   0 
1.771458e-003
1   5   6   3  10   0   0   0   0   0 
1.863588e-003
1   4   7   9  10   0   0   0   0   0 
3.062544e-003
1  11   0   0   0   0   0   0   0   0 
3.545865e-002
1   5   2   8  11   0   0   0   0   0 
3.376915e-016
2  5  1  0  0  0  0  0  0  0 
6.975565e-003
2   8  11   1   0   0   0   0   0   0 
1.007299e-015
2  5  6  4  1  0  0  0  0  0 
5.049914e-016
2  5  6  3  0  0  0  0  0  0 
1.639117e-002
2  5  1  4  6  3  0  0  0  0 
5.062362e-016
2  5  1  4  0  0  0  0  0  0 
5.483181e-003
2  5  6  4  0  0  0  0  0  0 
5.533937e-003
2   8  11   1   4   0   0   0   0   0 
1.006372e-015
2  5  0  0  0  0  0  0  0  0 
4.628412e-002
2   8  11   1   5   0   0   0   0   0 
3.377297e-016
2   8  11   1   4   6   5   0   0   0 
2.026571e-016
2  5  6  0  0  0  0  0  0  0 
1.628999e-002
2  5  1  4  6  0  0  0  0  0 
5.062323e-016
2  5  1  4  7  0  0  0  0  0 
2.368293e-002
2  5  6  4  7  0  0  0  0  0 
2.660822e-002
2   8  11   1   4   7   0   0   0   0 
1.011826e-015
2  8  0  0  0  0  0  0  0  0 
2.440444e-002
2   5   1  11   8   0   0   0   0   0 
3.374854e-016
2  5  6  3  9  0  0  0  0  0 
2.096572e-003
2   5   6   3  10   9   0   0   0   0 
9.920443e-016
2  5  1  4  7  9  0  0  0  0 
9.917363e-016
2   5   6   3  10   0   0   0   0   0 
2.757962e-002
2   5   6   3   9  10   0   0   0   0 
1.022346e-015
2   8  11   0   0   0   0   0   0   0 
1.937654e-002
2   5   1  11   0   0   0   0   0   0 
1.010379e-015
3  6  4  1  0  0  0  0  0  0 
7.917211e-004
3  6  5  1  0  0  0  0  0  0 
8.129669e-004
3  9  7  4  1  0  0  0  0  0 
9.763478e-016
3  6  5  2  0  0  0  0  0  0 
2.428353e-003
3  6  4  1  5  2  0  0  0  0 
5.025711e-016
3  6  4  0  0  0  0  0  0  0 
4.612412e-003
3  9  7  4  0  0  0  0  0  0 
1.010970e-015
3  6  5  0  0  0  0  0  0  0 
3.238524e-003
3  6  4  1  5  0  0  0  0  0 
5.036021e-016
3  6  0  0  0  0  0  0  0  0 
1.268459e-003
3  9  7  4  6  0  0  0  0  0 
3.344002e-016
3  10   9   7   4   6   0   0   0   0 
2.513859e-016
3  9  7  0  0  0  0  0  0  0 
1.159249e-003
3  10   9   7   0   0   0   0   0   0 
9.729955e-016
3  6  4  7  0  0  0  0  0  0 
9.739915e-016
3  6  5  2  8  0  0  0  0  0 
5.792936e-003
3   6   4   1  11   8   0   0   0   0 
1.005469e-015
3   6   5   1  11   8   0   0   0   0 
1.005339e-015
3  9  0  0  0  0  0  0  0  0 
1.187932e-003
3  10   9   0   0   0   0   0   0   0 
9.804524e-016
3  6  4  7  9  0  0  0  0  0 
3.325689e-016
3  10   0   0   0   0   0   0   0   0 
1.027078e-003
3   9  10   0   0   0   0   0   0   0 
9.762400e-016
3   6   4   1  11   0   0   0   0   0 
6.040231e-003
3   6   5   1  11   0   0   0   0   0 
6.113326e-003
3   9   7   4   1  11   0   0   0   0 
1.014269e-015
4  1  0  0  0  0  0  0  0  0 
1.123168e-003
4  6  5  1  0  0  0  0  0  0 
4.979940e-016
4  1  5  2  0  0  0  0  0  0 
8.954059e-004
4  6  5  2  0  0  0  0  0  0 
8.834511e-004
4   1  11   8   2   0   0   0   0   0 
9.810082e-016
4  6  3  0  0  0  0  0  0  0 
2.419918e-003
4  7  9  3  0  0  0  0  0  0 
9.990125e-016
4  1  5  6  3  0  0  0  0  0 
5.014144e-016
4  1  5  0  0  0  0  0  0  0 
1.083739e-003
4  6  5  0  0  0  0  0  0  0 
1.055817e-003
4  6  0  0  0  0  0  0  0  0 
1.283067e-003
4  1  5  6  0  0  0  0  0  0 
4.977826e-016
4  7  9  3  6  0  0  0  0  0 
3.340090e-016
4  7  0  0  0  0  0  0  0  0 
1.069356e-002
4  6  3  9  7  0  0  0  0  0 
3.384306e-016
4   6   3  10   9   7   0   0   0   0 
2.536324e-016
4   1  11   8   0   0   0   0   0   0 
1.195944e-002
4  1  5  2  8  0  0  0  0  0 
1.010123e-015
4  6  5  2  8  0  0  0  0  0 
1.010609e-015
4  7  9  0  0  0  0  0  0  0 
1.625610e-004
4  6  3  9  0  0  0  0  0  0 
7.968261e-016
4   6   3  10   9   0   0   0   0   0 
4.121271e-016
4   7   9  10   0   0   0   0   0   0 
2.932206e-004
4   6   3  10   0   0   0   0   0   0 
2.806804e-004
4   6   3   9  10   0   0   0   0   0 
9.572447e-016
4   1  11   0   0   0   0   0   0   0 
4.195839e-003
4   6   5   1  11   0   0   0   0   0 
5.043975e-016
5  1  0  0  0  0  0  0  0  0 
7.786957e-003
5  6  4  1  0  0  0  0  0  0 
5.052586e-016
5   2   8  11   1   0   0   0   0   0 
3.371048e-016
5  2  0  0  0  0  0  0  0  0 
6.624043e-003
5   1  11   8   2   0   0   0   0   0 
3.371838e-016
5  6  3  0  0  0  0  0  0  0 
2.908989e-003
5  1  4  6  3  0  0  0  0  0 
5.033277e-016
5  1  4  0  0  0  0  0  0  0 
1.059938e-003
5  6  4  0  0  0  0  0  0  0 
1.031178e-003
5  6  0  0  0  0  0  0  0  0 
3.883781e-003
5  1  4  6  0  0  0  0  0  0 
5.042056e-016
5  1  4  7  0  0  0  0  0  0 
5.902336e-003
5  6  4  7  0  0  0  0  0  0 
5.928636e-003
5  6  3  9  7  0  0  0  0  0 
1.014931e-015
5  2  8  0  0  0  0  0  0  0 
2.422679e-002
5   1  11   8   0   0   0   0   0   0 
1.011441e-015
5  6  3  9  0  0  0  0  0  0 
1.181376e-003
5  1  4  7  9  0  0  0  0  0 
9.737345e-016
5  6  4  7  9  0  0  0  0  0 
9.737146e-016
5   6   3  10   0   0   0   0   0   0 
3.312329e-003
5   6   3   9  10   0   0   0   0   0 
1.007341e-015
5   1  11   0   0   0   0   0   0   0 
2.076593e-002
5   2   8  11   0   0   0   0   0   0 
1.011480e-015
6  4  1  0  0  0  0  0  0  0 
7.963339e-004
6  5  1  0  0  0  0  0  0  0 
8.305321e-004
6  5  2  0  0  0  0  0  0  0 
5.509647e-003
6  4  1  5  2  0  0  0  0  0 
5.048989e-016
6  3  0  0  0  0  0  0  0  0 
3.313297e-003
6  4  7  9  3  0  0  0  0  0 
3.371476e-016
6   4   7   9  10   3   0   0   0   0 
2.530338e-016
6  4  0  0  0  0  0  0  0  0 
1.960038e-003
6  5  1  4  0  0  0  0  0  0 
5.008936e-016
6  3  9  7  4  0  0  0  0  0 
3.357619e-016
6  5  0  0  0  0  0  0  0  0 
4.315254e-003
6  4  1  5  0  0  0  0  0  0 
5.043850e-016
6  4  7  0  0  0  0  0  0  0 
2.013091e-003
6  3  9  7  0  0  0  0  0  0 
9.976477e-016
6  5  2  8  0  0  0  0  0  0 
6.708910e-003
6   4   1  11   8   0   0   0   0   0 
1.006597e-015
6   5   1  11   8   0   0   0   0   0 
1.006460e-015
6  3  9  0  0  0  0  0  0  0 
2.050120e-004
6   3  10   9   0   0   0   0   0   0 
8.293923e-016
6  4  7  9  0  0  0  0  0  0 
8.381237e-016
6   3  10   0   0   0   0   0   0   0 
1.410761e-003
6   3   9  10   0   0   0   0   0   0 
9.819174e-016
6   4   7   9  10   0   0   0   0   0 
4.978285e-016
6   4   1  11   0   0   0   0   0   0 
3.984692e-003
6   5   1  11   0   0   0   0   0   0 
4.129307e-003
6   5   2   8  11   0   0   0   0   0 
1.004000e-015
7  4  1  0  0  0  0  0  0  0 
5.600395e-003
7  4  6  5  1  0  0  0  0  0 
5.050123e-016
7  4  6  5  2  0  0  0  0  0 
2.212123e-002
7  4  1  5  2  0  0  0  0  0 
1.175704e-002
7  9  3  6  5  2  0  0  0  0 
1.019941e-015
7  9  3  0  0  0  0  0  0  0 
2.099883e-003
7  4  6  3  0  0  0  0  0  0 
9.876494e-016
7   9  10   3   0   0   0   0   0   0 
9.908916e-016
7  4  0  0  0  0  0  0  0  0 
3.042560e-003
7  9  3  6  4  0  0  0  0  0 
3.370849e-016
7   9  10   3   6   4   0   0   0   0 
2.529981e-016
7  4  6  5  0  0  0  0  0  0 
3.748578e-003
7  4  1  5  0  0  0  0  0  0 
3.683922e-003
7  9  3  6  5  0  0  0  0  0 
1.009714e-015
7  4  6  0  0  0  0  0  0  0 
1.523719e-003
7  9  3  6  0  0  0  0  0  0 
9.906573e-016
7   4   1  11   8   0   0   0   0   0 
1.650248e-002
7  4  6  5  2  8  0  0  0  0 
1.011674e-015
7  4  1  5  2  8  0  0  0  0 
1.011176e-015
7  9  0  0  0  0  0  0  0  0 
2.050092e-003
7  4  6  3  9  0  0  0  0  0 
3.355588e-016
7   4   6   3  10   9   0   0   0   0 
2.520486e-016
7   9  10   0   0   0   0   0   0   0 
4.888510e-003
7   9   3  10   0   0   0   0   0   0 
1.005754e-015
7   4   6   3  10   0   0   0   0   0 
5.031536e-016
7   4   1  11   0   0   0   0   0   0 
1.738631e-002
8  11   1   0   0   0   0   0   0   0 
5.226330e-003
8  2  5  1  0  0  0  0  0  0 
1.006290e-015
8  2  0  0  0  0  0  0  0  0 
2.525157e-003
8  11   1   5   2   0   0   0   0   0 
3.357340e-016
8  11   1   4   6   5   2   0   0   0 
2.019079e-016
8  2  5  6  3  0  0  0  0  0 
2.839339e-003
8  11   1   5   6   3   0   0   0   0 
9.963662e-016
8  11   1   4   6   3   0   0   0   0 
9.966804e-016
8  11   1   4   0   0   0   0   0   0 
2.475088e-003
8  2  5  1  4  0  0  0  0  0 
9.946451e-016
8  2  5  6  4  0  0  0  0  0 
9.947382e-016
8  2  5  0  0  0  0  0  0  0 
1.287592e-002
8  11   1   5   0   0   0   0   0   0 
1.009525e-015
8  2  5  6  0  0  0  0  0  0 
3.366871e-003
8  11   1   5   6   0   0   0   0   0 
9.990758e-016
8  11   1   4   6   0   0   0   0   0 
9.993985e-016
8  11   1   4   7   0   0   0   0   0 
1.821077e-002
8  2  5  1  4  7  0  0  0  0 
1.011878e-015
8  2  5  6  4  7  0  0  0  0 
1.012013e-015
8  11   1   4   7   9   0   0   0   0 
4.349130e-004
8  2  5  6  3  9  0  0  0  0 
4.744690e-004
8  11   1   5   6   3   9   0   0   0 
9.682542e-016
8   2   5   6   3  10   0   0   0   0 
8.553878e-003
8   2   5   6   3   9  10   0   0   0 
1.017049e-015
8  11   1   4   7   9  10   0   0   0 
1.013056e-015
8  11   0   0   0   0   0   0   0   0 
4.870397e-002
8   2   5   1  11   0   0   0   0   0 
3.377101e-016
9  7  4  1  0  0  0  0  0  0 
4.680980e-004
9  3  6  4  1  0  0  0  0  0 
9.051286e-016
9  3  6  5  1  0  0  0  0  0 
9.051585e-016
9  3  6  5  2  0  0  0  0  0 
3.658290e-004
9  10   3   6   5   2   0   0   0   0 
8.429251e-016
9  7  4  6  5  2  0  0  0  0 
8.462358e-016
9  3  0  0  0  0  0  0  0  0 
3.811546e-003
9  10   3   0   0   0   0   0   0   0 
1.002820e-015
9  7  4  6  3  0  0  0  0  0 
3.362993e-016
9  7  4  0  0  0  0  0  0  0 
3.648280e-004
9  3  6  4  0  0  0  0  0  0 
9.179547e-016
9  10   3   6   4   0   0   0   0   0 
4.650180e-016
9  3  6  5  0  0  0  0  0  0 
8.909340e-004
9  10   3   6   5   0   0   0   0   0 
9.553171e-016
9  7  4  6  5  0  0  0  0  0 
9.570920e-016
9  3  6  0  0  0  0  0  0  0 
2.496560e-004
9  10   3   6   0   0   0   0   0   0 
7.845832e-016
9  7  4  6  0  0  0  0  0  0 
7.926911e-016
9  7  0  0  0  0  0  0  0  0 
1.227211e-003
9  3  6  4  7  0  0  0  0  0 
3.338221e-016
9  10   3   6   4   7   0   0   0   0 
2.510853e-016
9   7   4   1  11   8   0   0   0   0 
7.605201e-004
9  3  6  5  2  8  0  0  0  0 
7.548279e-004
9  10   3   6   5   2   8   0   0   0 
9.769885e-016
9  10   0   0   0   0   0   0   0   0 
1.397174e-003
9   3  10   0   0   0   0   0   0   0 
9.864461e-016
9   7   4   1  11   0   0   0   0   0 
1.183064e-003
9   3   6   4   1  11   0   0   0   0 
9.697122e-016
9   3   6   5   1  11   0   0   0   0 
9.696256e-016
10   3   6   4   1   0   0   0   0   0 
8.162816e-004
10   9   7   4   1   0   0   0   0   0 
9.080872e-004
10   3   6   5   1   0   0   0   0   0 
8.506432e-004
10   3   6   5   2   0   0   0   0   0 
2.422568e-003
10   9   3   6   5   2   0   0   0   0 
1.000772e-015
10   3   0   0   0   0   0   0   0   0 
3.584949e-003
10   9   3   0   0   0   0   0   0   0 
1.006915e-015
10   3   6   4   0   0   0   0   0   0 
2.899685e-004
10   9   7   4   0   0   0   0   0   0 
3.316665e-004
10   3   9   7   4   0   0   0   0   0 
9.600317e-016
10   3   6   5   0   0   0   0   0   0 
2.081088e-003
10   9   3   6   5   0   0   0   0   0 
9.976479e-016
10   3   6   0   0   0   0   0   0   0 
1.696104e-003
10   9   3   6   0   0   0   0   0   0 
9.927015e-016
10   9   7   0   0   0   0   0   0   0 
6.423515e-003
10   3   9   7   0   0   0   0   0   0 
1.009826e-015
10   3   6   5   2   8   0   0   0   0 
8.198106e-003
10   9   3   6   5   2   8   0   0   0 
1.014192e-015
10   3   6   5   1  11   8   0   0   0 
1.007677e-015
10   9   0   0   0   0   0   0   0   0 
6.686850e-004
10   3   9   0   0   0   0   0   0   0 
9.620161e-016
10   3   6   4   1  11   0   0   0   0 
3.181318e-003
10   3   6   5   1  11   0   0   0   0 
3.295155e-003
10   9   7   4   1  11   0   0   0   0 
4.509489e-003
11   1   0   0   0   0   0   0   0   0 
3.455921e-002
11   8   2   5   1   0   0   0   0   0 
3.377414e-016
11   8   2   0   0   0   0   0   0   0 
4.911285e-003
11   1   5   2   0   0   0   0   0   0 
1.004003e-015
11   1   4   6   3   0   0   0   0   0 
3.122148e-003
11   1   5   6   3   0   0   0   0   0 
3.255735e-003
11   8   2   5   6   3   0   0   0   0 
1.001906e-015
11   1   4   0   0   0   0   0   0   0 
3.916022e-003
11   1   5   6   4   0   0   0   0   0 
5.041395e-016
11   1   5   0   0   0   0   0   0   0 
1.528639e-002
11   8   2   5   0   0   0   0   0   0 
1.011153e-015
11   1   4   6   5   0   0   0   0   0 
5.060019e-016
11   1   4   6   0   0   0   0   0   0 
2.158198e-003
11   1   5   6   0   0   0   0   0   0 
2.264231e-003
11   8   2   5   6   0   0   0   0   0 
9.974125e-016
11   1   4   7   0   0   0   0   0   0 
1.735570e-002
11   8   0   0   0   0   0   0   0   0 
2.426537e-002
11   1   5   2   8   0   0   0   0   0 
3.375619e-016
11   1   4   7   9   0   0   0   0   0 
7.687450e-004
11   1   4   6   3   9   0   0   0   0 
9.313656e-016
11   1   5   6   3   9   0   0   0   0 
9.321216e-016
11   1   4   7   9  10   0   0   0   0 
1.762603e-003
11   1   5   6   3  10   0   0   0   0 
1.287698e-003
11   1   4   6   3  10   0   0   0   0 
1.220303e-003
