1  5  2  0  0  0  0  0  0  0 
6.130313e-003
1  11   8   2   0   0   0   0   0   0 
2.585735e-014
1  4  6  5  2  0  0  0  0  0 
1.296392e-014
1  4  6  3  0  0  0  0  0  0 
1.133030e-003
1  5  6  3  0  0  0  0  0  0 
1.144309e-003
1  4  7  9  3  0  0  0  0  0 
2.568535e-014
1  4  0  0  0  0  0  0  0  0 
2.579040e-003
1  5  6  4  0  0  0  0  0  0 
1.292891e-014
1  5  0  0  0  0  0  0  0  0 
4.387487e-003
1  4  6  5  0  0  0  0  0  0 
1.295074e-014
1  11   8   2   5   0   0   0   0   0 
8.652699e-015
1  4  6  0  0  0  0  0  0  0 
5.269282e-004
1  5  6  0  0  0  0  0  0  0 
5.652508e-004
1  4  7  0  0  0  0  0  0  0 
8.829867e-003
1  5  6  4  7  0  0  0  0  0 
1.300050e-014
1  11   8   0   0   0   0   0   0   0 
1.333959e-002
1  5  2  8  0  0  0  0  0  0 
2.597879e-014
1  4  6  5  2  8  0  0  0  0 
8.674579e-015
1  4  7  9  0  0  0  0  0  0 
2.887930e-004
1  4  6  3  9  0  0  0  0  0 
2.667494e-014
1  5  6  3  9  0  0  0  0  0 
2.667758e-014
1   4   6   3  10   0   0   0   0   0 
8.016815e-004
1   5   6   3  10   0   0   0   0   0 
7.921343e-004
1   4   7   9  10   0   0   0   0   0 
9.527023e-004
1  11   0   0   0   0   0   0   0   0 
5.076389e-002
1   5   2   8  11   0   0   0   0   0 
8.690868e-015
2  5  1  0  0  0  0  0  0  0 
5.687122e-003
2   8  11   1   0   0   0   0   0   0 
2.582677e-014
2  5  6  4  1  0  0  0  0  0 
1.296057e-014
2  5  6  3  0  0  0  0  0  0 
1.631568e-002
2  5  1  4  6  3  0  0  0  0 
1.301224e-014
2  5  1  4  0  0  0  0  0  0 
3.598090e-003
2  5  6  4  0  0  0  0  0  0 
3.917321e-003
2   8  11   1   4   0   0   0   0   0 
2.585521e-014
2  5  0  0  0  0  0  0  0  0 
3.909341e-002
2   8  11   1   5   0   0   0   0   0 
8.684096e-015
2   8  11   1   4   6   5   0   0   0 
5.211937e-015
2  5  6  0  0  0  0  0  0  0 
1.319231e-002
2  5  1  4  6  0  0  0  0  0 
1.300738e-014
2  5  1  4  7  0  0  0  0  0 
2.526326e-002
2  5  6  4  7  0  0  0  0  0 
2.400591e-002
2   8  11   1   4   7   0   0   0   0 
2.601990e-014
2  8  0  0  0  0  0  0  0  0 
2.438302e-002
2   5   1  11   8   0   0   0   0   0 
8.681283e-015
2  5  6  3  9  0  0  0  0  0 
2.456444e-003
2   5   6   3  10   9   0   0   0   0 
2.553394e-014
2  5  1  4  7  9  0  0  0  0 
2.556828e-014
2   5   6   3  10   0   0   0   0   0 
2.481705e-002
2   5   6   3   9  10   0   0   0   0 
2.593498e-014
2   8  11   0   0   0   0   0   0   0 
2.527728e-002
2   5   1  11   0   0   0   0   0   0 
2.600396e-014
3  6  4  1  0  0  0  0  0  0 
6.961054e-004
3  6  5  1  0  0  0  0  0  0 
6.284716e-004
3  9  7  4  1  0  0  0  0  0 
2.594646e-014
3  6  5  2  0  0  0  0  0  0 
6.723927e-003
3  6  4  1  5  2  0  0  0  0 
1.299071e-014
3  6  4  0  0  0  0  0  0  0 
1.717179e-003
3  9  7  4  0  0  0  0  0  0 
2.533103e-014
3  6  5  0  0  0  0  0  0  0 
6.858627e-003
3  6  4  1  5  0  0  0  0  0 
1.299148e-014
3  6  0  0  0  0  0  0  0  0 
2.224832e-003
3  9  7  4  6  0  0  0  0  0 
8.609332e-015
3  10   9   7   4   6   0   0   0   0 
6.475751e-015
3  9  7  0  0  0  0  0  0  0 
3.482700e-003
3  10   9   7   0   0   0   0   0   0 
2.573963e-014
3  6  4  7  0  0  0  0  0  0 
2.581468e-014
3  6  5  2  8  0  0  0  0  0 
9.132313e-003
3   6   4   1  11   8   0   0   0   0 
2.590710e-014
3   6   5   1  11   8   0   0   0   0 
2.590622e-014
3  9  0  0  0  0  0  0  0  0 
4.956140e-003
3  10   9   0   0   0   0   0   0   0 
2.590702e-014
3  6  4  7  9  0  0  0  0  0 
8.661272e-015
3  10   0   0   0   0   0   0   0   0 
2.420780e-003
3   9  10   0   0   0   0   0   0   0 
2.537092e-014
3   6   4   1  11   0   0   0   0   0 
8.321441e-003
3   6   5   1  11   0   0   0   0   0 
7.878219e-003
3   9   7   4   1  11   0   0   0   0 
2.590910e-014
4  1  0  0  0  0  0  0  0  0 
1.619148e-003
4  6  5  1  0  0  0  0  0  0 
1.286923e-014
4  1  5  2  0  0  0  0  0  0 
9.547991e-004
4  6  5  2  0  0  0  0  0  0 
9.359459e-004
4   1  11   8   2   0   0   0   0   0 
2.598806e-014
4  6  3  0  0  0  0  0  0  0 
2.567871e-003
4  7  9  3  0  0  0  0  0  0 
2.548016e-014
4  1  5  6  3  0  0  0  0  0 
1.284812e-014
4  1  5  0  0  0  0  0  0  0 
1.391771e-003
4  6  5  0  0  0  0  0  0  0 
1.270583e-003
4  6  0  0  0  0  0  0  0  0 
1.144528e-003
4  1  5  6  0  0  0  0  0  0 
1.274519e-014
4  7  9  3  6  0  0  0  0  0 
8.527368e-015
4  7  0  0  0  0  0  0  0  0 
3.333182e-003
4  6  3  9  7  0  0  0  0  0 
8.637466e-015
4   6   3  10   9   7   0   0   0   0 
6.492926e-015
4   1  11   8   0   0   0   0   0   0 
1.275312e-002
4  1  5  2  8  0  0  0  0  0 
2.596764e-014
4  6  5  2  8  0  0  0  0  0 
2.595470e-014
4  7  9  0  0  0  0  0  0  0 
4.943030e-004
4  6  3  9  0  0  0  0  0  0 
2.326796e-014
4   6   3  10   9   0   0   0   0   0 
1.149553e-014
4   7   9  10   0   0   0   0   0   0 
4.085328e-004
4   6   3  10   0   0   0   0   0   0 
4.350612e-004
4   6   3   9  10   0   0   0   0   0 
2.736452e-014
4   1  11   0   0   0   0   0   0   0 
3.135456e-003
4   6   5   1  11   0   0   0   0   0 
1.294023e-014
5  1  0  0  0  0  0  0  0  0 
5.217879e-003
5  6  4  1  0  0  0  0  0  0 
1.296987e-014
5   2   8  11   1   0   0   0   0   0 
8.657923e-015
5  2  0  0  0  0  0  0  0  0 
9.501876e-003
5   1  11   8   2   0   0   0   0   0 
8.675942e-015
5  6  3  0  0  0  0  0  0  0 
2.537653e-003
5  1  4  6  3  0  0  0  0  0 
1.292090e-014
5  1  4  0  0  0  0  0  0  0 
1.242437e-003
5  6  4  0  0  0  0  0  0  0 
1.189968e-003
5  6  0  0  0  0  0  0  0  0 
5.513642e-003
5  1  4  6  0  0  0  0  0  0 
1.297767e-014
5  1  4  7  0  0  0  0  0  0 
7.162016e-003
5  6  4  7  0  0  0  0  0  0 
7.366603e-003
5  6  3  9  7  0  0  0  0  0 
2.589685e-014
5  2  8  0  0  0  0  0  0  0 
1.782090e-002
5   1  11   8   0   0   0   0   0   0 
2.599045e-014
5  6  3  9  0  0  0  0  0  0 
8.899410e-004
5  1  4  7  9  0  0  0  0  0 
2.414423e-014
5  6  4  7  9  0  0  0  0  0 
2.413571e-014
5   6   3  10   0   0   0   0   0   0 
1.521713e-003
5   6   3   9  10   0   0   0   0   0 
2.505243e-014
5   1  11   0   0   0   0   0   0   0 
1.525632e-002
5   2   8  11   0   0   0   0   0   0 
2.599437e-014
6  4  1  0  0  0  0  0  0  0 
6.304453e-004
6  5  1  0  0  0  0  0  0  0 
6.058557e-004
6  5  2  0  0  0  0  0  0  0 
3.666769e-003
6  4  1  5  2  0  0  0  0  0 
1.295745e-014
6  3  0  0  0  0  0  0  0  0 
7.333237e-003
6  4  7  9  3  0  0  0  0  0 
8.668057e-015
6   4   7   9  10   3   0   0   0   0 
6.502285e-015
6  4  0  0  0  0  0  0  0  0 
1.195692e-003
6  5  1  4  0  0  0  0  0  0 
1.274906e-014
6  3  9  7  4  0  0  0  0  0 
8.525476e-015
6  5  0  0  0  0  0  0  0  0 
3.936751e-003
6  4  1  5  0  0  0  0  0  0 
1.296242e-014
6  4  7  0  0  0  0  0  0  0 
4.567205e-003
6  3  9  7  0  0  0  0  0  0 
2.575160e-014
6  5  2  8  0  0  0  0  0  0 
7.270524e-003
6   4   1  11   8   0   0   0   0   0 
2.586382e-014
6   5   1  11   8   0   0   0   0   0 
2.586334e-014
6  3  9  0  0  0  0  0  0  0 
1.384970e-004
6   3  10   9   0   0   0   0   0   0 
7.734646e-014
6  4  7  9  0  0  0  0  0  0 
7.954393e-014
6   3  10   0   0   0   0   0   0   0 
1.143709e-003
6   3   9  10   0   0   0   0   0   0 
2.420146e-014
6   4   7   9  10   0   0   0   0   0 
1.247453e-014
6   4   1  11   0   0   0   0   0   0 
2.845706e-003
6   5   1  11   0   0   0   0   0   0 
2.355856e-003
6   5   2   8  11   0   0   0   0   0 
2.580525e-014
7  4  1  0  0  0  0  0  0  0 
8.080135e-003
7  4  6  5  1  0  0  0  0  0 
1.299394e-014
7  4  6  5  2  0  0  0  0  0 
4.319304e-003
7  4  1  5  2  0  0  0  0  0 
3.782355e-003
7  9  3  6  5  2  0  0  0  0 
2.583849e-014
7  9  3  0  0  0  0  0  0  0 
7.753057e-003
7  4  6  3  0  0  0  0  0  0 
2.588336e-014
7   9  10   3   0   0   0   0   0   0 
2.581767e-014
7  4  0  0  0  0  0  0  0  0 
3.131890e-003
7  9  3  6  4  0  0  0  0  0 
8.640322e-015
7   9  10   3   6   4   0   0   0   0 
6.485434e-015
7  4  6  5  0  0  0  0  0  0 
3.009861e-003
7  4  1  5  0  0  0  0  0  0 
2.815175e-003
7  9  3  6  5  0  0  0  0  0 
2.576969e-014
7  4  6  0  0  0  0  0  0  0 
2.452510e-003
7  9  3  6  0  0  0  0  0  0 
2.563046e-014
7   4   1  11   8   0   0   0   0   0 
2.656219e-002
7  4  6  5  2  8  0  0  0  0 
2.601472e-014
7  4  1  5  2  8  0  0  0  0 
2.602115e-014
7  9  0  0  0  0  0  0  0  0 
3.654295e-003
7  4  6  3  9  0  0  0  0  0 
8.637107e-015
7   4   6   3  10   9   0   0   0   0 
6.492402e-015
7   9  10   0   0   0   0   0   0   0 
8.147731e-003
7   9   3  10   0   0   0   0   0   0 
2.599701e-014
7   4   6   3  10   0   0   0   0   0 
1.300457e-014
7   4   1  11   0   0   0   0   0   0 
2.255472e-002
8  11   1   0   0   0   0   0   0   0 
5.154035e-003
8  2  5  1  0  0  0  0  0  0 
2.585770e-014
8  2  0  0  0  0  0  0  0  0 
1.924359e-003
8  11   1   5   2   0   0   0   0   0 
8.610826e-015
8  11   1   4   6   5   2   0   0   0 
5.180889e-015
8  2  5  6  3  0  0  0  0  0 
2.387073e-003
8  11   1   5   6   3   0   0   0   0 
2.540935e-014
8  11   1   4   6   3   0   0   0   0 
2.536434e-014
8  11   1   4   0   0   0   0   0   0 
2.596065e-003
8  2  5  1  4  0  0  0  0  0 
2.545922e-014
8  2  5  6  4  0  0  0  0  0 
2.545936e-014
8  2  5  0  0  0  0  0  0  0 
6.508669e-003
8  11   1   5   0   0   0   0   0   0 
2.589118e-014
8  2  5  6  0  0  0  0  0  0 
3.789102e-003
8  11   1   5   6   0   0   0   0   0 
2.568290e-014
8  11   1   4   6   0   0   0   0   0 
2.564889e-014
8  11   1   4   7   0   0   0   0   0 
2.200957e-002
8  2  5  1  4  7  0  0  0  0 
2.602180e-014
8  2  5  6  4  7  0  0  0  0 
2.602585e-014
8  11   1   4   7   9   0   0   0   0 
1.836440e-003
8  2  5  6  3  9  0  0  0  0 
2.369083e-003
8  11   1   5   6   3   9   0   0   0 
2.572358e-014
8   2   5   6   3  10   0   0   0   0 
7.542552e-003
8   2   5   6   3   9  10   0   0   0 
2.570337e-014
8  11   1   4   7   9  10   0   0   0 
2.575756e-014
8  11   0   0   0   0   0   0   0   0 
4.608320e-002
8   2   5   1  11   0   0   0   0   0 
8.688325e-015
9  7  4  1  0  0  0  0  0  0 
8.796500e-004
9  3  6  4  1  0  0  0  0  0 
2.367068e-014
9  3  6  5  1  0  0  0  0  0 
2.366549e-014
9  3  6  5  2  0  0  0  0  0 
7.247690e-004
9  10   3   6   5   2   0   0   0   0 
2.297972e-014
9  7  4  6  5  2  0  0  0  0 
2.327453e-014
9  3  0  0  0  0  0  0  0  0 
5.417950e-003
9  10   3   0   0   0   0   0   0   0 
2.576192e-014
9  7  4  6  3  0  0  0  0  0 
8.657685e-015
9  7  4  0  0  0  0  0  0  0 
1.065344e-003
9  3  6  4  0  0  0  0  0  0 
2.453792e-014
9  10   3   6   4   0   0   0   0   0 
1.242904e-014
9  3  6  5  0  0  0  0  0  0 
2.988963e-003
9  10   3   6   5   0   0   0   0   0 
2.546648e-014
9  7  4  6  5  0  0  0  0  0 
2.558352e-014
9  3  6  0  0  0  0  0  0  0 
2.325650e-004
9  10   3   6   0   0   0   0   0   0 
1.765768e-014
9  7  4  6  0  0  0  0  0  0 
2.694561e-014
9  7  0  0  0  0  0  0  0  0 
1.934818e-003
9  3  6  4  7  0  0  0  0  0 
8.599578e-015
9  10   3   6   4   7   0   0   0   0 
6.458890e-015
9   7   4   1  11   8   0   0   0   0 
1.497826e-003
9  3  6  5  2  8  0  0  0  0 
1.989635e-003
9  10   3   6   5   2   8   0   0   0 
2.559369e-014
9  10   0   0   0   0   0   0   0   0 
1.670236e-003
9   3  10   0   0   0   0   0   0   0 
2.566070e-014
9   7   4   1  11   0   0   0   0   0 
1.702112e-003
9   3   6   4   1  11   0   0   0   0 
2.492018e-014
9   3   6   5   1  11   0   0   0   0 
2.491375e-014
10   3   6   4   1   0   0   0   0   0 
1.125112e-003
10   9   7   4   1   0   0   0   0   0 
1.296241e-003
10   3   6   5   1   0   0   0   0   0 
1.048515e-003
10   3   6   5   2   0   0   0   0   0 
3.009815e-003
10   9   3   6   5   2   0   0   0   0 
2.565130e-014
10   3   0   0   0   0   0   0   0   0 
5.699882e-003
10   9   3   0   0   0   0   0   0   0 
2.583140e-014
10   3   6   4   0   0   0   0   0   0 
9.271413e-004
10   9   7   4   0   0   0   0   0   0 
9.956927e-004
10   3   9   7   4   0   0   0   0   0 
2.566079e-014
10   3   6   5   0   0   0   0   0   0 
6.029927e-003
10   9   3   6   5   0   0   0   0   0 
2.584472e-014
10   3   6   0   0   0   0   0   0   0 
1.977059e-003
10   9   3   6   0   0   0   0   0   0 
2.545825e-014
10   9   7   0   0   0   0   0   0   0 
1.049819e-002
10   3   9   7   0   0   0   0   0   0 
2.589599e-014
10   3   6   5   2   8   0   0   0   0 
1.104064e-002
10   9   3   6   5   2   8   0   0   0 
2.593116e-014
10   3   6   5   1  11   8   0   0   0 
2.593158e-014
10   9   0   0   0   0   0   0   0   0 
2.413587e-003
10   3   9   0   0   0   0   0   0   0 
2.556380e-014
10   3   6   4   1  11   0   0   0   0 
3.602499e-003
10   3   6   5   1  11   0   0   0   0 
3.335342e-003
10   9   7   4   1  11   0   0   0   0 
5.528886e-003
11   1   0   0   0   0   0   0   0   0 
2.429948e-002
11   8   2   5   1   0   0   0   0   0 
8.686174e-015
11   8   2   0   0   0   0   0   0   0 
3.192737e-003
11   1   5   2   0   0   0   0   0   0 
2.575659e-014
11   1   4   6   3   0   0   0   0   0 
3.071525e-003
11   1   5   6   3   0   0   0   0   0 
2.594415e-003
11   8   2   5   6   3   0   0   0   0 
2.583809e-014
11   1   4   0   0   0   0   0   0   0 
1.980312e-003
11   1   5   6   4   0   0   0   0   0 
1.290194e-014
11   1   5   0   0   0   0   0   0   0 
1.297878e-002
11   8   2   5   0   0   0   0   0   0 
2.598095e-014
11   1   4   6   5   0   0   0   0   0 
1.299915e-014
11   1   4   6   0   0   0   0   0   0 
2.066091e-003
11   1   5   6   0   0   0   0   0   0 
1.818870e-003
11   8   2   5   6   0   0   0   0   0 
2.580453e-014
11   1   4   7   0   0   0   0   0   0 
2.150051e-002
11   8   0   0   0   0   0   0   0   0 
2.411232e-002
11   1   5   2   8   0   0   0   0   0 
8.683718e-015
11   1   4   7   9   0   0   0   0   0 
9.898360e-004
11   1   4   6   3   9   0   0   0   0 
2.371814e-014
11   1   5   6   3   9   0   0   0   0 
2.379675e-014
11   1   4   7   9  10   0   0   0   0 
1.235462e-003
11   1   5   6   3  10   0   0   0   0 
9.867938e-004
11   1   4   6   3  10   0   0   0   0 
1.014349e-003
