1  5  2  0  0  0  0  0  0  0 
4.448686e-003
1  11   8   2   0   0   0   0   0   0 
1.293585e-015
1  4  6  5  2  0  0  0  0  0 
6.510263e-016
1  4  6  3  0  0  0  0  0  0 
1.229347e-003
1  5  6  3  0  0  0  0  0  0 
1.187461e-003
1  4  7  9  3  0  0  0  0  0 
1.272045e-015
1  4  0  0  0  0  0  0  0  0 
1.891136e-003
1  5  6  4  0  0  0  0  0  0 
6.469337e-016
1  5  0  0  0  0  0  0  0  0 
4.127932e-003
1  4  6  5  0  0  0  0  0  0 
6.513993e-016
1  11   8   2   5   0   0   0   0   0 
4.352129e-016
1  4  6  0  0  0  0  0  0  0 
1.332209e-003
1  5  6  0  0  0  0  0  0  0 
1.280332e-003
1  4  7  0  0  0  0  0  0  0 
6.383810e-003
1  5  6  4  7  0  0  0  0  0 
6.536903e-016
1  11   8   0   0   0   0   0   0   0 
1.236726e-002
1  5  2  8  0  0  0  0  0  0 
1.307461e-015
1  4  6  5  2  8  0  0  0  0 
4.371011e-016
1  4  7  9  0  0  0  0  0  0 
4.342380e-004
1  4  6  3  9  0  0  0  0  0 
1.041682e-015
1  5  6  3  9  0  0  0  0  0 
1.052849e-015
1   4   6   3  10   0   0   0   0   0 
1.620296e-003
1   5   6   3  10   0   0   0   0   0 
1.539273e-003
1   4   7   9  10   0   0   0   0   0 
2.490033e-003
1  11   0   0   0   0   0   0   0   0 
4.667636e-002
1   5   2   8  11   0   0   0   0   0 
4.380180e-016
2  5  1  0  0  0  0  0  0  0 
4.468884e-003
2   8  11   1   0   0   0   0   0   0 
1.293481e-015
2  5  6  4  1  0  0  0  0  0 
6.508754e-016
2  5  6  3  0  0  0  0  0  0 
1.733554e-002
2  5  1  4  6  3  0  0  0  0 
6.561237e-016
2  5  1  4  0  0  0  0  0  0 
4.621820e-003
2  5  6  4  0  0  0  0  0  0 
4.795018e-003
2   8  11   1   4   0   0   0   0   0 
1.298417e-015
2  5  0  0  0  0  0  0  0  0 
3.978765e-002
2   8  11   1   5   0   0   0   0   0 
4.376390e-016
2   8  11   1   4   6   5   0   0   0 
2.627197e-016
2  5  6  0  0  0  0  0  0  0 
1.256122e-002
2  5  1  4  6  0  0  0  0  0 
6.555330e-016
2  5  1  4  7  0  0  0  0  0 
2.491066e-002
2  5  6  4  7  0  0  0  0  0 
2.686032e-002
2   8  11   1   4   7   0   0   0   0 
1.310400e-015
2  8  0  0  0  0  0  0  0  0 
1.996529e-002
2   5   1  11   8   0   0   0   0   0 
4.372037e-016
2  5  6  3  9  0  0  0  0  0 
4.482034e-003
2   5   6   3  10   9   0   0   0   0 
1.292084e-015
2  5  1  4  7  9  0  0  0  0 
1.291746e-015
2   5   6   3  10   0   0   0   0   0 
3.051036e-002
2   5   6   3   9  10   0   0   0   0 
1.322027e-015
2   8  11   0   0   0   0   0   0   0 
2.139105e-002
2   5   1  11   0   0   0   0   0   0 
1.307673e-015
3  6  4  1  0  0  0  0  0  0 
6.021414e-004
3  6  5  1  0  0  0  0  0  0 
6.025106e-004
3  9  7  4  1  0  0  0  0  0 
1.242718e-015
3  6  5  2  0  0  0  0  0  0 
6.734370e-003
3  6  4  1  5  2  0  0  0  0 
6.537567e-016
3  6  4  0  0  0  0  0  0  0 
1.014861e-003
3  9  7  4  0  0  0  0  0  0 
1.251006e-015
3  6  5  0  0  0  0  0  0  0 
2.015896e-003
3  6  4  1  5  0  0  0  0  0 
6.474019e-016
3  6  0  0  0  0  0  0  0  0 
1.167119e-003
3  9  7  4  6  0  0  0  0  0 
4.293438e-016
3  10   9   7   4   6   0   0   0   0 
3.232296e-016
3  9  7  0  0  0  0  0  0  0 
1.684075e-003
3  10   9   7   0   0   0   0   0   0 
1.267539e-015
3  6  4  7  0  0  0  0  0  0 
1.266600e-015
3  6  5  2  8  0  0  0  0  0 
4.981151e-003
3   6   4   1  11   8   0   0   0   0 
1.292314e-015
3   6   5   1  11   8   0   0   0   0 
1.292571e-015
3  9  0  0  0  0  0  0  0  0 
2.162982e-003
3  10   9   0   0   0   0   0   0   0 
1.279920e-015
3  6  4  7  9  0  0  0  0  0 
4.323217e-016
3  10   0   0   0   0   0   0   0   0 
1.145667e-003
3   9  10   0   0   0   0   0   0   0 
1.257870e-015
3   6   4   1  11   0   0   0   0   0 
4.593636e-003
3   6   5   1  11   0   0   0   0   0 
4.438287e-003
3   9   7   4   1  11   0   0   0   0 
1.301776e-015
4  1  0  0  0  0  0  0  0  0 
9.908910e-004
4  6  5  1  0  0  0  0  0  0 
6.402449e-016
4  1  5  2  0  0  0  0  0  0 
4.543638e-003
4  6  5  2  0  0  0  0  0  0 
5.056988e-003
4   1  11   8   2   0   0   0   0   0 
1.298587e-015
4  6  3  0  0  0  0  0  0  0 
1.644528e-003
4  7  9  3  0  0  0  0  0  0 
1.271061e-015
4  1  5  6  3  0  0  0  0  0 
6.422233e-016
4  1  5  0  0  0  0  0  0  0 
8.420849e-004
4  6  5  0  0  0  0  0  0  0 
8.477451e-004
4  6  0  0  0  0  0  0  0  0 
2.181754e-003
4  1  5  6  0  0  0  0  0  0 
6.457629e-016
4  7  9  3  6  0  0  0  0  0 
4.334015e-016
4  7  0  0  0  0  0  0  0  0 
1.997015e-003
4  6  3  9  7  0  0  0  0  0 
4.333597e-016
4   6   3  10   9   7   0   0   0   0 
3.258650e-016
4   1  11   8   0   0   0   0   0   0 
1.249133e-002
4  1  5  2  8  0  0  0  0  0 
1.307458e-015
4  6  5  2  8  0  0  0  0  0 
1.308761e-015
4  7  9  0  0  0  0  0  0  0 
4.813440e-004
4  6  3  9  0  0  0  0  0  0 
1.079806e-015
4   6   3  10   9   0   0   0   0   0 
5.895182e-016
4   7   9  10   0   0   0   0   0   0 
3.531416e-004
4   6   3  10   0   0   0   0   0   0 
3.959304e-004
4   6   3   9  10   0   0   0   0   0 
1.234612e-015
4   1  11   0   0   0   0   0   0   0 
1.033090e-002
4   6   5   1  11   0   0   0   0   0 
6.551997e-016
5  1  0  0  0  0  0  0  0  0 
5.396835e-003
5  6  4  1  0  0  0  0  0  0 
6.523873e-016
5   2   8  11   1   0   0   0   0   0 
4.357074e-016
5  2  0  0  0  0  0  0  0  0 
5.670134e-003
5   1  11   8   2   0   0   0   0   0 
4.363089e-016
5  6  3  0  0  0  0  0  0  0 
2.126427e-003
5  1  4  6  3  0  0  0  0  0 
6.479985e-016
5  1  4  0  0  0  0  0  0  0 
1.763589e-003
5  6  4  0  0  0  0  0  0  0 
1.808480e-003
5  6  0  0  0  0  0  0  0  0 
4.500218e-003
5  1  4  6  0  0  0  0  0  0 
6.526314e-016
5  1  4  7  0  0  0  0  0  0 
6.100593e-003
5  6  4  7  0  0  0  0  0  0 
6.395310e-003
5  6  3  9  7  0  0  0  0  0 
1.308374e-015
5  2  8  0  0  0  0  0  0  0 
1.778864e-002
5   1  11   8   0   0   0   0   0   0 
1.307544e-015
5  6  3  9  0  0  0  0  0  0 
1.146485e-003
5  1  4  7  9  0  0  0  0  0 
1.237564e-015
5  6  4  7  9  0  0  0  0  0 
1.237564e-015
5   6   3  10   0   0   0   0   0   0 
3.838824e-003
5   6   3   9  10   0   0   0   0   0 
1.294846e-015
5   1  11   0   0   0   0   0   0   0 
2.033691e-002
5   2   8  11   0   0   0   0   0   0 
1.309787e-015
6  4  1  0  0  0  0  0  0  0 
4.460586e-004
6  5  1  0  0  0  0  0  0  0 
4.399184e-004
6  5  2  0  0  0  0  0  0  0 
2.630804e-003
6  4  1  5  2  0  0  0  0  0 
6.494549e-016
6  3  0  0  0  0  0  0  0  0 
9.181480e-004
6  4  7  9  3  0  0  0  0  0 
4.279474e-016
6   4   7   9  10   3   0   0   0   0 
3.221804e-016
6  4  0  0  0  0  0  0  0  0 
4.409030e-004
6  5  1  4  0  0  0  0  0  0 
6.126833e-016
6  3  9  7  4  0  0  0  0  0 
4.162659e-016
6  5  0  0  0  0  0  0  0  0 
4.233424e-003
6  4  1  5  0  0  0  0  0  0 
6.521529e-016
6  4  7  0  0  0  0  0  0  0 
2.309167e-003
6  3  9  7  0  0  0  0  0  0 
1.285196e-015
6  5  2  8  0  0  0  0  0  0 
6.651352e-003
6   4   1  11   8   0   0   0   0   0 
1.298314e-015
6   5   1  11   8   0   0   0   0   0 
1.298461e-015
6  3  9  0  0  0  0  0  0  0 
1.423760e-004
6   3  10   9   0   0   0   0   0   0 
3.852596e-016
6  4  7  9  0  0  0  0  0  0 
2.815532e-016
6   3  10   0   0   0   0   0   0   0 
1.088035e-003
6   3   9  10   0   0   0   0   0   0 
1.239457e-015
6   4   7   9  10   0   0   0   0   0 
6.367459e-016
6   4   1  11   0   0   0   0   0   0 
1.856957e-003
6   5   1  11   0   0   0   0   0   0 
1.711199e-003
6   5   2   8  11   0   0   0   0   0 
1.281673e-015
7  4  1  0  0  0  0  0  0  0 
7.204321e-003
7  4  6  5  1  0  0  0  0  0 
6.543013e-016
7  4  6  5  2  0  0  0  0  0 
3.557322e-003
7  4  1  5  2  0  0  0  0  0 
3.247788e-003
7  9  3  6  5  2  0  0  0  0 
1.299691e-015
7  9  3  0  0  0  0  0  0  0 
1.242211e-003
7  4  6  3  0  0  0  0  0  0 
1.246701e-015
7   9  10   3   0   0   0   0   0   0 
1.245240e-015
7  4  0  0  0  0  0  0  0  0 
3.185329e-003
7  9  3  6  4  0  0  0  0  0 
4.357951e-016
7   9  10   3   6   4   0   0   0   0 
3.273002e-016
7  4  6  5  0  0  0  0  0  0 
2.394973e-003
7  4  1  5  0  0  0  0  0  0 
2.262597e-003
7  9  3  6  5  0  0  0  0  0 
1.291557e-015
7  4  6  0  0  0  0  0  0  0 
1.695649e-003
7  9  3  6  0  0  0  0  0  0 
1.278694e-015
7   4   1  11   8   0   0   0   0   0 
1.799864e-002
7  4  6  5  2  8  0  0  0  0 
1.310205e-015
7  4  1  5  2  8  0  0  0  0 
1.308806e-015
7  9  0  0  0  0  0  0  0  0 
3.081707e-003
7  4  6  3  9  0  0  0  0  0 
4.346346e-016
7   4   6   3  10   9   0   0   0   0 
3.265626e-016
7   9  10   0   0   0   0   0   0   0 
6.376699e-003
7   9   3  10   0   0   0   0   0   0 
1.300902e-015
7   4   6   3  10   0   0   0   0   0 
6.513499e-016
7   4   1  11   0   0   0   0   0   0 
2.815539e-002
8  11   1   0   0   0   0   0   0   0 
6.008877e-003
8  2  5  1  0  0  0  0  0  0 
1.302060e-015
8  2  0  0  0  0  0  0  0  0 
1.854910e-003
8  11   1   5   2   0   0   0   0   0 
4.323797e-016
8  11   1   4   6   5   2   0   0   0 
2.605256e-016
8  2  5  6  3  0  0  0  0  0 
2.929960e-003
8  11   1   5   6   3   0   0   0   0 
1.280016e-015
8  11   1   4   6   3   0   0   0   0 
1.280082e-015
8  11   1   4   0   0   0   0   0   0 
2.061167e-003
8  2  5  1  4  0  0  0  0  0 
1.275447e-015
8  2  5  6  4  0  0  0  0  0 
1.275516e-015
8  2  5  0  0  0  0  0  0  0 
8.662466e-003
8  11   1   5   0   0   0   0   0   0 
1.302964e-015
8  2  5  6  0  0  0  0  0  0 
2.898192e-003
8  11   1   5   6   0   0   0   0   0 
1.279836e-015
8  11   1   4   6   0   0   0   0   0 
1.279904e-015
8  11   1   4   7   0   0   0   0   0 
1.968414e-002
8  2  5  1  4  7  0  0  0  0 
1.309596e-015
8  2  5  6  4  7  0  0  0  0 
1.309866e-015
8  11   1   4   7   9   0   0   0   0 
3.938242e-004
8  2  5  6  3  9  0  0  0  0 
4.437378e-004
8  11   1   5   6   3   9   0   0   0 
1.245488e-015
8   2   5   6   3  10   0   0   0   0 
7.766153e-003
8   2   5   6   3   9  10   0   0   0 
1.309416e-015
8  11   1   4   7   9  10   0   0   0 
1.306599e-015
8  11   0   0   0   0   0   0   0   0 
5.140002e-002
8   2   5   1  11   0   0   0   0   0 
4.378831e-016
9  7  4  1  0  0  0  0  0  0 
1.618827e-003
9  3  6  4  1  0  0  0  0  0 
1.264594e-015
9  3  6  5  1  0  0  0  0  0 
1.264505e-015
9  3  6  5  2  0  0  0  0  0 
1.519815e-003
9  10   3   6   5   2   0   0   0   0 
1.261170e-015
9  7  4  6  5  2  0  0  0  0 
1.261601e-015
9  3  0  0  0  0  0  0  0  0 
2.759612e-003
9  10   3   0   0   0   0   0   0   0 
1.282237e-015
9  7  4  6  3  0  0  0  0  0 
4.332369e-016
9  7  4  0  0  0  0  0  0  0 
3.333420e-004
9  3  6  4  0  0  0  0  0  0 
1.071346e-015
9  10   3   6   4   0   0   0   0   0 
5.459667e-016
9  3  6  5  0  0  0  0  0  0 
2.938781e-003
9  10   3   6   5   0   0   0   0   0 
1.280860e-015
9  7  4  6  5  0  0  0  0  0 
1.281015e-015
9  3  6  0  0  0  0  0  0  0 
1.676110e-004
9  10   3   6   0   0   0   0   0   0 
1.249241e-015
9  7  4  6  0  0  0  0  0  0 
1.335052e-015
9  7  0  0  0  0  0  0  0  0 
1.578743e-003
9  3  6  4  7  0  0  0  0  0 
4.314519e-016
9  10   3   6   4   7   0   0   0   0 
3.246862e-016
9   7   4   1  11   8   0   0   0   0 
7.663408e-004
9  3  6  5  2  8  0  0  0  0 
9.885432e-004
9  10   3   6   5   2   8   0   0   0 
1.260702e-015
9  10   0   0   0   0   0   0   0   0 
6.977990e-004
9   3  10   0   0   0   0   0   0   0 
1.227300e-015
9   7   4   1  11   0   0   0   0   0 
1.894160e-003
9   3   6   4   1  11   0   0   0   0 
1.272331e-015
9   3   6   5   1  11   0   0   0   0 
1.272247e-015
10   3   6   4   1   0   0   0   0   0 
1.121691e-003
10   9   7   4   1   0   0   0   0   0 
1.213408e-003
10   3   6   5   1   0   0   0   0   0 
1.079959e-003
10   3   6   5   2   0   0   0   0   0 
2.806958e-003
10   9   3   6   5   2   0   0   0   0 
1.288639e-015
10   3   0   0   0   0   0   0   0   0 
2.652876e-003
10   9   3   0   0   0   0   0   0   0 
1.287480e-015
10   3   6   4   0   0   0   0   0   0 
5.120575e-004
10   9   7   4   0   0   0   0   0   0 
4.748645e-004
10   3   9   7   4   0   0   0   0   0 
1.238447e-015
10   3   6   5   0   0   0   0   0   0 
2.472212e-003
10   9   3   6   5   0   0   0   0   0 
1.286075e-015
10   3   6   0   0   0   0   0   0   0 
1.575560e-003
10   9   3   6   0   0   0   0   0   0 
1.274888e-015
10   9   7   0   0   0   0   0   0   0 
1.011356e-002
10   3   9   7   0   0   0   0   0   0 
1.308205e-015
10   3   6   5   2   8   0   0   0   0 
7.643355e-003
10   9   3   6   5   2   8   0   0   0 
1.306989e-015
10   3   6   5   1  11   8   0   0   0 
1.300383e-015
10   9   0   0   0   0   0   0   0   0 
7.277250e-004
10   3   9   0   0   0   0   0   0   0 
1.225182e-015
10   3   6   4   1  11   0   0   0   0 
3.596437e-003
10   3   6   5   1  11   0   0   0   0 
3.428548e-003
10   9   7   4   1  11   0   0   0   0 
4.993426e-003
11   1   0   0   0   0   0   0   0   0 
4.811674e-002
11   8   2   5   1   0   0   0   0   0 
4.380158e-016
11   8   2   0   0   0   0   0   0   0 
2.501711e-003
11   1   5   2   0   0   0   0   0   0 
1.282390e-015
11   1   4   6   3   0   0   0   0   0 
1.364984e-003
11   1   5   6   3   0   0   0   0   0 
1.281739e-003
11   8   2   5   6   3   0   0   0   0 
1.273933e-015
11   1   4   0   0   0   0   0   0   0 
9.694690e-004
11   1   5   6   4   0   0   0   0   0 
6.398662e-016
11   1   5   0   0   0   0   0   0   0 
9.664413e-003
11   8   2   5   0   0   0   0   0   0 
1.305165e-015
11   1   4   6   5   0   0   0   0   0 
6.541878e-016
11   1   4   6   0   0   0   0   0   0 
2.478694e-003
11   1   5   6   0   0   0   0   0   0 
2.274740e-003
11   8   2   5   6   0   0   0   0   0 
1.287773e-015
11   1   4   7   0   0   0   0   0   0 
1.755502e-002
11   8   0   0   0   0   0   0   0   0 
1.784962e-002
11   1   5   2   8   0   0   0   0   0 
4.374776e-016
11   1   4   7   9   0   0   0   0   0 
3.237930e-004
11   1   4   6   3   9   0   0   0   0 
1.034005e-015
11   1   5   6   3   9   0   0   0   0 
1.037314e-015
11   1   4   7   9  10   0   0   0   0 
9.084757e-004
11   1   5   6   3  10   0   0   0   0 
7.324537e-004
11   1   4   6   3  10   0   0   0   0 
7.521356e-004
