2  5  1  0 
0.004107
2   8  11   1 
0.004107
3  6  4  1 
0.000904
3  6  5  1 
0.000904
4  1 
0.000817
5  1 
0.006799
6  4  1 
0.000377
6  5  1 
0.000377
7  4  1 
0.006335
8  11   1 
0.004788
9  3  6  4  1 
0.000434
9  3  6  5  1 
0.000434
9  7  4  1  0 
0.000217
10   3   6   4   1   0 
0.000550
10   3   6   5   1   0 
0.000550
10   9   3   6   4   1 
0.000825
10   9   3   6   5   1 
0.000825
10   9   7   4   1   0 
0.000432
11   1 
0.029142
1  5  2  0 
0.003356
1  11   8   2 
0.003356
3  6  5  2 
0.002944
4  1  5  2  0 
0.001116
4   1  11   8   2 
0.001116
4  6  5  2  0 
0.000558
5  2 
0.007743
6  5  2 
0.003149
7  4  1  5  2  0 
0.002230
7   4   1  11   8   2 
0.002230
7  4  6  5  2  0 
0.001177
7  9  3  6  5  2 
0.000743
8  2 
0.002053
9  3  6  5  2 
0.001098
10   3   6   5   2   0 
0.001581
10   9   3   6   5   2 
0.001581
11   8   2 
0.003076
1  4  6  3  0 
0.000789
1  4  7  9  3 
0.000789
1  5  6  3  0 
0.000597
2  5  6  3 
0.019039
4  6  3  0 
0.000835
4  7  9  3 
0.000835
5  6  3 
0.002474
6  3 
0.001478
7  9  3 
0.001961
8  2  5  6  3  0  0 
0.000428
8  11   1   4   6   3   0 
0.001285
8  11   1   4   7   9   3 
0.001285
8  11   1   5   6   3   0 
0.001087
9  3 
0.002660
10   9   3 
0.001396
10   3   0 
0.001396
11   1   4   6   3   0 
0.000919
11   1   4   7   9   3 
0.000919
11   1   5   6   3   0 
0.000695
1  4 
0.001220
2  5  1  4  0 
0.005024
2  5  6  4  0 
0.005024
2   8  11   1   4 
0.004012
3  6  4  0 
0.000384
3  9  7  4 
0.000384
5  1  4 
0.001182
5  6  4 
0.001182
6  4 
0.000626
7  4 
0.036849
8  11   1   4 
0.002501
9  7  4 
0.000439
10   3   6   4   0 
0.000278
10   3   9   7   4 
0.000278
10   9   7   4   0 
0.000139
11   1   4 
0.001354
1  5 
0.005249
2  5 
0.048828
3  6  5 
0.002836
4  1  5 
0.000964
4  6  5 
0.000964
6  5 
0.004720
7  4  1  5  0 
0.003051
7  4  6  5  0 
0.003051
7  9  3  6  5 
0.002268
8  2  5  0 
0.004751
8  11   1   5 
0.004751
9  3  6  5 
0.002538
10   3   6   5   0 
0.001655
10   9   3   6   5 
0.001655
11   1   5 
0.011324
1  4  6 
0.001117
1  5  6 
0.001117
2  5  6 
0.012402
3  6 
0.001522
4  6 
0.001070
5  6 
0.004270
7  4  6  0 
0.001179
7  9  3  6 
0.001179
8  2  5  6  0 
0.000878
8  11   1   4   6 
0.001755
8  11   1   5   6 
0.001755
9  3  6 
0.000289
10   3   6   0 
0.000900
10   9   3   6 
0.000900
11   1   4   6 
0.001879
11   1   5   6 
0.001879
1  4  7 
0.004973
2  5  1  4  7  0 
0.013336
2  5  6  3  9  7 
0.014465
2  5  6  4  7  0 
0.014465
2   8  11   1   4   7 
0.010020
3  9  7 
0.003642
4  7 
0.002983
5  1  4  7  0 
0.004095
5  6  3  9  7 
0.004442
5  6  4  7  0 
0.004442
6  3  9  7 
0.001473
6  4  7  0 
0.001473
8  11   1   4   7 
0.017623
9  7 
0.003582
10   3   9   7 
0.004481
10   9   7   0 
0.004481
11   1   4   7 
0.019567
1  5  2  8 
0.006455
1  11   8   0 
0.006455
2  8 
0.023692
3  6  5  2  8 
0.005619
4  1  5  2  8 
0.004589
4   1  11   8   0 
0.004589
4  6  5  2  8 
0.003187
5  2  8 
0.020307
6  5  2  8 
0.006530
7  4  1  5  2  8 
0.008654
7   4   1  11   8   0 
0.008654
7  4  6  5  2  8 
0.006011
9  3  6  5  2  8  0 
0.000220
9  7  4  1  5  2  8 
0.000661
9   7   4   1  11   8   0 
0.000661
9  7  4  6  5  2  8 
0.000661
10   3   6   5   2   8   0   0 
0.000829
10   9   3   6   5   2   8   0 
0.001033
10   9   7   4   1   5   2   8 
0.003100
10   9   7   4   1  11   8   0 
0.003100
10   9   7   4   6   5   2   8 
0.003100
11   8 
0.025138
1  4  6  3  9 
0.000123
1  4  7  9  0 
0.000123
2  5  1  4  6  3  9 
0.000963
2  5  1  4  7  9  0 
0.000963
2  5  6  3  9  0  0 
0.000604
3  9 
0.002287
4  6  3  9 
0.000216
4  7  9  0 
0.000216
5  1  4  6  3  9 
0.000334
5  1  4  7  9  0 
0.000334
5  6  3  9  0  0 
0.000209
6  3  9 
0.000201
7  9 
0.002668
8  2  5  1  4  6  3  9 
0.000132
8  2  5  1  4  7  9  0 
0.000132
8  2  5  6  3  9  0  0 
0.000132
8  11   1   4   6   3   9   0 
0.000088
8  11   1   4   7   9   0   0 
0.000088
10   3   9 
0.000529
10   9   0 
0.000529
11   1   4   6   3   9 
0.000287
11   1   4   7   9   0 
0.000287
1   4   6   3   9  10 
0.001318
1   4   6   3  10   0 
0.001318
1   4   7   9  10   0 
0.000659
1   5   6   3   9  10 
0.001201
1   5   6   3  10   0 
0.001201
2   5   6   3   9  10 
0.014413
2   5   6   3  10   0 
0.014413
3   9  10 
0.000913
3  10   0 
0.000913
4   6   3   9  10 
0.000301
4   6   3  10   0 
0.000301
4   7   9  10   0 
0.000151
5   6   3   9  10 
0.000850
5   6   3  10   0 
0.000850
6   3   9  10 
0.000536
6   3  10   0 
0.000536
7   9  10 
0.007057
8   2   5   6   3   9  10   0 
0.000509
8   2   5   6   3  10   0   0 
0.000509
8  11   1   4   6   3   9  10 
0.001273
8  11   1   4   6   3  10   0 
0.001273
8  11   1   4   7   9  10   0 
0.000737
8  11   1   5   6   3   9  10 
0.001273
8  11   1   5   6   3  10   0 
0.001273
9  10 
0.000711
11   1   4   6   3   9  10 
0.000536
11   1   4   6   3  10   0 
0.000536
11   1   4   7   9  10   0 
0.000268
11   1   5   6   3   9  10 
0.000489
11   1   5   6   3  10   0 
0.000489
1  11 
0.042817
2   8  11 
0.019275
3   6   4   1  11   0 
0.002966
3   6   5   1  11   0 
0.005286
3   6   5   2   8  11 
0.005286
4   1  11 
0.010903
5   1  11   0 
0.008009
5   2   8  11 
0.008009
6   4   1  11   0 
0.000886
6   5   1  11   0 
0.001579
6   5   2   8  11 
0.001579
7   4   1  11 
0.022774
8  11 
0.042704
9   3   6   4   1  11   0 
0.000528
9   3   6   5   1  11   0 
0.000528
9   3   6   5   2   8  11 
0.000528
9   7   4   1  11   0   0 
0.000176
10   3   6   4   1  11   0   0 
0.001947
10   3   6   5   1  11   0   0 
0.001947
10   3   6   5   2   8  11   0 
0.001947
10   9   3   6   4   1  11   0 
0.002382
10   9   3   6   5   1  11   0 
0.002382
10   9   3   6   5   2   8  11 
0.002382
10   9   7   4   1  11   0   0 
0.000794
