2  5  1 
0.009705
3  6  4  1 
0.001152
3  6  5  1 
0.001152
4  1 
0.002368
5  1 
0.006742
6  4  1 
0.000874
6  5  1 
0.000874
7  4  1 
0.007021
8  11   1 
0.004176
9  7  4  1 
0.001703
10   3   6   4   1 
0.001062
10   3   6   5   1 
0.001062
10   9   7   4   1 
0.001062
11   1 
0.028717
1  5  2 
0.009561
3  6  5  2 
0.006021
4  1  5  2 
0.001127
4  6  5  2 
0.001127
5  2 
0.011369
6  5  2 
0.004219
7  4  1  5  2 
0.003645
7  4  6  5  2 
0.003645
8  2 
0.002466
9  3  6  5  2 
0.000550
10   3   6   5   2 
0.002328
11   8   2 
0.007552
1  4  6  3 
0.001136
1  5  6  3 
0.001136
2  5  6  3 
0.020120
4  6  3 
0.002130
5  6  3 
0.003436
6  3 
0.003354
7  9  3 
0.006827
8  2  5  6  3 
0.002426
9  3 
0.006105
10   3 
0.009255
11   1   4   6   3 
0.002113
11   1   5   6   3 
0.002113
1  4 
0.001063
2  5  1  4 
0.004608
2  5  6  4 
0.004608
3  6  4 
0.001048
5  1  4 
0.001634
5  6  4 
0.001634
6  4 
0.001780
7  4 
0.026008
8  11   1   4 
0.001865
9  7  4 
0.001122
10   3   6   4 
0.001051
10   9   7   4 
0.001051
11   1   4 
0.002222
1  5 
0.003668
2  5 
0.036338
3  6  5 
0.003932
4  1  5 
0.001251
4  6  5 
0.001251
6  5 
0.003922
7  4  1  5 
0.002802
7  4  6  5 
0.002802
8  2  5 
0.007148
9  3  6  5 
0.002262
10   3   6   5 
0.004337
11   1   5 
0.012567
1  4  6 
0.000900
1  5  6 
0.000900
2  5  6 
0.013736
3  6 
0.003662
4  6 
0.001332
5  6 
0.004101
7  4  6 
0.003627
8  2  5  6 
0.004293
9  3  6 
0.000412
10   3   6 
0.001940
11   1   4   6 
0.001983
11   1   5   6 
0.001983
1  4  7 
0.005197
2  5  1  4  7 
0.022641
2  5  6  4  7 
0.022641
3  9  7 
0.003162
4  7 
0.003198
5  1  4  7 
0.007678
5  6  4  7 
0.007678
6  4  7 
0.004510
8  11   1   4   7 
0.019738
9  7 
0.001725
10   9   7 
0.011166
11   1   4   7 
0.021356
1  11   8 
0.012061
2  8 
0.024808
3  6  5  2  8 
0.008805
4   1  11   8 
0.013216
5  2  8 
0.017298
6  5  2  8 
0.009457
7   4   1  11   8 
0.027310
9  3  6  5  2  8 
0.001513
9   7   4   1  11   8 
0.001513
10   3   6   5   2   8 
0.009846
11   8 
0.025759
1  4  7  9 
0.000415
2  5  6  3  9 
0.002720
3  9 
0.002823
4  7  9 
0.000553
5  6  3  9 
0.000919
6  3  9 
0.000181
7  9 
0.003955
8  2  5  6  3  9 
0.000396
8  11   1   4   7   9 
0.000396
10   9 
0.001076
11   1   4   7   9 
0.001142
1   4   6   3  10 
0.001384
1   4   7   9  10 
0.001384
1   5   6   3  10 
0.002354
2   5   6   3  10 
0.022152
3  10 
0.002531
4   6   3  10 
0.000382
4   7   9  10 
0.000382
5   6   3  10 
0.002434
6   3  10 
0.001249
7   9  10 
0.007545
8   2   5   6   3  10 
0.005424
9  10 
0.001560
11   1   4   6   3  10 
0.001053
11   1   4   7   9  10 
0.001053
11   1   5   6   3  10 
0.001474
1  11 
0.036736
2   8  11 
0.026251
3   6   4   1  11 
0.005919
3   6   5   1  11 
0.005919
4   1  11 
0.008175
5   1  11 
0.013722
6   4   1  11 
0.002415
6   5   1  11 
0.002415
7   4   1  11 
0.026136
8  11 
0.045236
9   7   4   1  11 
0.001355
10   3   6   4   1  11 
0.004083
10   3   6   5   1  11 
0.004083
10   9   7   4   1  11 
0.004083
