2  5  1 
0.012396
3  6  4  1 
0.000671
3  6  5  1 
0.000671
4  1 
0.001810
5  1 
0.007154
6  4  1 
0.000893
6  5  1 
0.000893
7  4  1 
0.007363
8  11   1 
0.003913
9  7  4  1 
0.001345
10   3   6   4   1 
0.001272
10   3   6   5   1 
0.001272
10   9   7   4   1 
0.001272
11   1 
0.028053
1  5  2 
0.005909
3  6  5  2 
0.006398
4  1  5  2 
0.001045
4  6  5  2 
0.001045
5  2 
0.009365
6  5  2 
0.003261
7  4  1  5  2 
0.002929
7  4  6  5  2 
0.002929
8  2 
0.001904
9  3  6  5  2 
0.000761
10   3   6   5   2 
0.002350
11   8   2 
0.002506
1  4  6  3 
0.001309
1  5  6  3 
0.001309
2  5  6  3 
0.016095
4  6  3 
0.001305
5  6  3 
0.004400
6  3 
0.004636
7  9  3 
0.003148
8  2  5  6  3 
0.002965
9  3 
0.004298
10   3 
0.004352
11   1   4   6   3 
0.002602
11   1   5   6   3 
0.002602
1  4 
0.002129
2  5  1  4 
0.004363
2  5  6  4 
0.004363
3  6  4 
0.002029
5  1  4 
0.001764
5  6  4 
0.001764
6  4 
0.000790
7  4 
0.005552
8  11   1   4 
0.002528
9  7  4 
0.001250
10   3   6   4 
0.000798
10   9   7   4 
0.000798
11   1   4 
0.001769
1  5 
0.004839
2  5 
0.037443
3  6  5 
0.004012
4  1  5 
0.001493
4  6  5 
0.001493
6  5 
0.003962
7  4  1  5 
0.002787
7  4  6  5 
0.002787
8  2  5 
0.008847
9  3  6  5 
0.002572
10   3   6   5 
0.005255
11   1   5 
0.010075
1  4  6 
0.001031
1  5  6 
0.001031
2  5  6 
0.013217
3  6 
0.002031
4  6 
0.001152
5  6 
0.004379
7  4  6 
0.002059
8  2  5  6 
0.003840
9  3  6 
0.000330
10   3   6 
0.002254
11   1   4   6 
0.001815
11   1   5   6 
0.001815
1  4  7 
0.004266
2  5  1  4  7 
0.025231
2  5  6  4  7 
0.025231
3  9  7 
0.002317
4  7 
0.004714
5  1  4  7 
0.006028
5  6  4  7 
0.006028
6  4  7 
0.003731
8  11   1   4   7 
0.021817
9  7 
0.002031
10   9   7 
0.009048
11   1   4   7 
0.018953
1  11   8 
0.011514
2  8 
0.024493
3  6  5  2  8 
0.008524
4   1  11   8 
0.011041
5  2  8 
0.014864
6  5  2  8 
0.007958
7   4   1  11   8 
0.024596
9  3  6  5  2  8 
0.001895
9   7   4   1  11   8 
0.001895
10   3   6   5   2   8 
0.009282
11   8 
0.023324
1  4  7  9 
0.000265
2  5  6  3  9 
0.002249
3  9 
0.006845
4  7  9 
0.000372
5  6  3  9 
0.000787
6  3  9 
0.000246
7  9 
0.003431
8  2  5  6  3  9 
0.000355
8  11   1   4   7   9 
0.000355
10   9 
0.002561
11   1   4   7   9 
0.000800
1   4   6   3  10 
0.000766
1   4   7   9  10 
0.000766
1   5   6   3  10 
0.001282
2   5   6   3  10 
0.024565
3  10 
0.001889
4   6   3  10 
0.000298
4   7   9  10 
0.000298
5   6   3  10 
0.001847
6   3  10 
0.001235
7   9  10 
0.008406
8   2   5   6   3  10 
0.007464
9  10 
0.001305
11   1   4   6   3  10 
0.000897
11   1   4   7   9  10 
0.000897
11   1   5   6   3  10 
0.001501
1  11 
0.037860
2   8  11 
0.026575
3   6   4   1  11 
0.005987
3   6   5   1  11 
0.005987
4   1  11 
0.005673
5   1  11 
0.013269
6   4   1  11 
0.003162
6   5   1  11 
0.003162
7   4   1  11 
0.022433
8  11 
0.046176
9   7   4   1  11 
0.001179
10   3   6   4   1  11 
0.003792
10   3   6   5   1  11 
0.003792
10   9   7   4   1  11 
0.003792
