2 1 0.202129 0.006265 * 2  5  1 
3 1 0.303300 0.001472 * 3  6  4  1 
3 1 0.301904 0.001472 * 3  6  5  1 
4 1 0.101383 0.001483 * 4  1 
5 1 0.100352 0.006663 * 5  1 
6 1 0.202479 0.000687 * 6  4  1 
6 1 0.201083 0.000687 * 6  5  1 
7 1 0.202948 0.007681 * 7  4  1 
8 1 0.302407 0.002217 * 8  2  5  1 
8 1 0.202132 0.002217 * 8  11   1   0 
9 1 0.403494 0.000462 * 9  3  6  4  1 
9 1 0.402097 0.000462 * 9  3  6  5  1 
9 1 0.303238 0.000231 * 9  7  4  1  0 
10 1 0.403657 0.000573 * 10   3   6   4   1   0 
10 1 0.402261 0.000573 * 10   3   6   5   1   0 
10 1 0.503686 0.000859 * 10   9   3   6   4   1 
10 1 0.502290 0.000859 * 10   9   3   6   5   1 
10 1 0.403430 0.000453 * 10   9   7   4   1   0 
11 1 0.101021 0.025021 * 11   1 
1 2 0.201221 0.002274 * 1  5  2  0 
1 2 0.302856 0.002274 * 1  11   8   2 
3 2 0.302399 0.006360 * 3  6  5  2 
4 2 0.302603 0.000734 * 4  1  5  2  0 
4 2 0.404238 0.000734 * 4   1  11   8   2 
4 2 0.301781 0.000367 * 4  6  5  2  0 
5 2 0.100847 0.008050 * 5  2 
6 2 0.201577 0.004055 * 6  5  2 
7 2 0.404169 0.001928 * 7  4  1  5  2  0 
7 2 0.505804 0.001928 * 7   4   1  11   8   2 
7 2 0.403346 0.000964 * 7  4  6  5  2  0 
7 2 0.502866 0.000667 * 7  9  3  6  5  2 
8 2 0.100278 0.002415 * 8  2 
9 2 0.402592 0.000985 * 9  3  6  5  2 
10 2 0.402755 0.001494 * 10   3   6   5   2   0 
10 2 0.502784 0.001494 * 10   9   3   6   5   2 
11 2 0.201074 0.002455 * 11   8   2 
1 3 0.301768 0.000877 * 1  4  6  3  0 
1 3 0.402503 0.000877 * 1  4  7  9  3 
1 3 0.302785 0.000658 * 1  5  6  3  0 
2 3 0.304188 0.016908 * 2  5  6  3 
4 3 0.201017 0.001073 * 4  6  3  0 
4 3 0.301752 0.001073 * 4  7  9  3 
5 3 0.202411 0.002533 * 5  6  3 
6 3 0.100814 0.006970 * 6  3 
7 3 0.200467 0.007757 * 7  9  3 
8 3 0.404466 0.000314 * 8  2  5  6  3  0  0 
8 3 0.503900 0.000942 * 8  11   1   4   6   3   0 
8 3 0.604635 0.000942 * 8  11   1   4   7   9   3 
8 3 0.504917 0.000942 * 8  11   1   5   6   3   0 
9 3 0.100193 0.005544 * 9  3 
10 3 0.200386 0.003380 * 10   9   3 
10 3 0.100357 0.003380 * 10   3   0 
11 3 0.402789 0.001785 * 11   1   4   6   3   0 
11 3 0.503524 0.001785 * 11   1   4   7   9   3 
11 3 0.403806 0.001339 * 11   1   5   6   3   0 
1 4 0.100751 0.001784 * 1  4 
2 4 0.302881 0.004010 * 2  5  1  4 
2 4 0.304471 0.004010 * 2  5  6  4 
3 4 0.201918 0.000431 * 3  6  4  0 
3 4 0.301973 0.000431 * 3  9  7  4 
5 4 0.201103 0.001414 * 5  1  4 
5 4 0.202694 0.001414 * 5  6  4 
6 4 0.101097 0.001005 * 6  4 
7 4 0.101566 0.068554 * 7  4 
8 4 0.403158 0.000726 * 8  2  5  1  4 
8 4 0.404749 0.000726 * 8  2  5  6  4 
8 4 0.302883 0.000363 * 8  11   1   4   0 
9 4 0.201855 0.001066 * 9  7  4 
10 4 0.302275 0.000806 * 10   3   6   4   0 
10 4 0.402329 0.000806 * 10   3   9   7   4 
10 4 0.302048 0.000500 * 10   9   7   4   0 
11 4 0.201772 0.001930 * 11   1   4 
1 5 0.100374 0.003044 * 1  5 
2 5 0.101777 0.034615 * 2  5 
3 5 0.201552 0.006230 * 3  6  5 
4 5 0.201757 0.001342 * 4  1  5 
4 5 0.200934 0.001342 * 4  6  5 
6 5 0.100731 0.004243 * 6  5 
7 5 0.303322 0.002186 * 7  4  1  5  0 
7 5 0.302500 0.002186 * 7  4  6  5  0 
7 5 0.402019 0.001276 * 7  9  3  6  5 
8 5 0.202055 0.004053 * 8  2  5  0 
8 5 0.302506 0.004053 * 8  11   1   5 
9 5 0.301745 0.002758 * 9  3  6  5 
10 5 0.301909 0.001990 * 10   3   6   5   0 
10 5 0.401938 0.001990 * 10   9   3   6   5 
11 5 0.201395 0.011613 * 11   1   5 
1 6 0.200954 0.000639 * 1  4  6 
1 6 0.201971 0.000639 * 1  5  6 
2 6 0.203375 0.013538 * 2  5  6 
3 6 0.100821 0.002216 * 3  6 
4 6 0.100203 0.001231 * 4  6 
5 6 0.101597 0.004534 * 5  6 
7 6 0.201769 0.001293 * 7  4  6  0 
7 6 0.301288 0.001293 * 7  9  3  6 
8 6 0.303653 0.000819 * 8  2  5  6  0 
8 6 0.403086 0.001639 * 8  11   1   4   6 
8 6 0.404103 0.001639 * 8  11   1   5   6 
9 6 0.201014 0.000225 * 9  3  6 
10 6 0.201178 0.000965 * 10   3   6   0 
10 6 0.301207 0.000965 * 10   9   3   6 
11 6 0.301975 0.002145 * 11   1   4   6 
11 6 0.302992 0.002145 * 11   1   5   6 
1 7 0.202036 0.009728 * 1  4  7 
2 7 0.404165 0.014669 * 2  5  1  4  7  0 
2 7 0.504595 0.015803 * 2  5  6  3  9  7 
2 7 0.405756 0.015803 * 2  5  6  4  7  0 
3 7 0.200407 0.004007 * 3  9  7 
4 7 0.101284 0.003937 * 4  7 
5 7 0.302388 0.004307 * 5  1  4  7  0 
5 7 0.402818 0.004641 * 5  6  3  9  7 
5 7 0.303978 0.004641 * 5  6  4  7  0 
6 7 0.301220 0.001972 * 6  3  9  7 
6 7 0.202381 0.001972 * 6  4  7  0 
8 7 0.504443 0.006641 * 8  2  5  1  4  7  0 
8 7 0.604873 0.006641 * 8  2  5  6  3  9  7 
8 7 0.506034 0.006641 * 8  2  5  6  4  7  0 
8 7 0.404167 0.002214 * 8  11   1   4   7   0   0 
9 7 0.100290 0.002696 * 9  7 
10 7 0.300764 0.005195 * 10   3   9   7 
10 7 0.200482 0.005195 * 10   9   7   0 
11 7 0.303057 0.019814 * 11   1   4   7 
1 8 0.302282 0.005426 * 1  5  2  8 
1 8 0.202578 0.005426 * 1  11   8   0 
2 8 0.101061 0.025058 * 2  8 
3 8 0.403459 0.010896 * 3  6  5  2  8 
4 8 0.403664 0.004646 * 4  1  5  2  8 
4 8 0.303960 0.004646 * 4   1  11   8   0 
4 8 0.402841 0.003496 * 4  6  5  2  8 
5 8 0.201907 0.018021 * 5  2  8 
6 8 0.302638 0.008437 * 6  5  2  8 
7 8 0.505230 0.010195 * 7  4  1  5  2  8 
7 8 0.405526 0.010195 * 7   4   1  11   8   0 
7 8 0.504407 0.007672 * 7  4  6  5  2  8 
9 8 0.503653 0.000334 * 9  3  6  5  2  8  0 
9 8 0.605520 0.001002 * 9  7  4  1  5  2  8 
9 8 0.505816 0.001002 * 9   7   4   1  11   8   0 
9 8 0.604697 0.001002 * 9  7  4  6  5  2  8 
10 8 0.503816 0.000709 * 10   3   6   5   2   8   0   0 
10 8 0.603845 0.000999 * 10   9   3   6   5   2   8   0 
10 8 0.705712 0.002835 * 10   9   7   4   1   5   2   8 
10 8 0.606008 0.002835 * 10   9   7   4   1  11   8   0 
10 8 0.704889 0.002835 * 10   9   7   4   6   5   2   8 
11 8 0.100797 0.023513 * 11   8 
1 9 0.401885 0.000152 * 1  4  6  3  9 
1 9 0.302310 0.000152 * 1  4  7  9  0 
2 9 0.604014 0.000979 * 2  5  1  4  6  3  9 
2 9 0.504439 0.000979 * 2  5  1  4  7  9  0 
2 9 0.404305 0.000532 * 2  5  6  3  9  0  0 
3 9 0.100117 0.003651 * 3  9 
4 9 0.301134 0.000242 * 4  6  3  9 
4 9 0.201559 0.000242 * 4  7  9  0 
5 9 0.502237 0.000417 * 5  1  4  6  3  9 
5 9 0.402662 0.000417 * 5  1  4  7  9  0 
5 9 0.302528 0.000227 * 5  6  3  9  0  0 
6 9 0.200931 0.000166 * 6  3  9 
7 9 0.100274 0.004040 * 7  9 
8 9 0.704292 0.000203 * 8  2  5  1  4  6  3  9 
8 9 0.604717 0.000203 * 8  2  5  1  4  7  9  0 
8 9 0.504583 0.000203 * 8  2  5  6  3  9  0  0 
8 9 0.604017 0.000136 * 8  11   1   4   6   3   9   0 
8 9 0.504442 0.000136 * 8  11   1   4   7   9   0   0 
10 9 0.200474 0.000960 * 10   3   9 
10 9 0.100192 0.000960 * 10   9   0 
11 9 0.502906 0.000572 * 11   1   4   6   3   9 
11 9 0.403331 0.000572 * 11   1   4   7   9   0 
1 10 0.502030 0.001026 * 1   4   6   3   9  10 
1 10 0.402167 0.001026 * 1   4   6   3  10   0 
1 10 0.402454 0.000513 * 1   4   7   9  10   0 
1 10 0.503047 0.000922 * 1   5   6   3   9  10 
1 10 0.403184 0.000922 * 1   5   6   3  10   0 
2 10 0.504450 0.011846 * 2   5   6   3   9  10 
2 10 0.404587 0.011846 * 2   5   6   3  10   0 
3 10 0.200262 0.001017 * 3   9  10 
3 10 0.100399 0.001017 * 3  10   0 
4 10 0.401279 0.000347 * 4   6   3   9  10 
4 10 0.301416 0.000347 * 4   6   3  10   0 
4 10 0.301703 0.000174 * 4   7   9  10   0 
5 10 0.402673 0.000939 * 5   6   3   9  10 
5 10 0.302810 0.000939 * 5   6   3  10   0 
6 10 0.301075 0.000567 * 6   3   9  10 
6 10 0.201212 0.000567 * 6   3  10   0 
7 10 0.200419 0.008152 * 7   9  10 
8 10 0.604728 0.000533 * 8   2   5   6   3   9  10   0 
8 10 0.504865 0.000533 * 8   2   5   6   3  10   0   0 
8 10 0.704162 0.001334 * 8  11   1   4   6   3   9  10 
8 10 0.604299 0.001334 * 8  11   1   4   6   3  10   0 
8 10 0.604586 0.000747 * 8  11   1   4   7   9  10   0 
8 10 0.705179 0.001334 * 8  11   1   5   6   3   9  10 
8 10 0.605316 0.001334 * 8  11   1   5   6   3  10   0 
9 10 0.100145 0.001400 * 9  10 
11 10 0.603051 0.000777 * 11   1   4   6   3   9  10 
11 10 0.503188 0.000777 * 11   1   4   6   3  10   0 
11 10 0.503475 0.000389 * 11   1   4   7   9  10   0 
11 10 0.604068 0.000699 * 11   1   5   6   3   9  10 
11 10 0.504205 0.000699 * 11   1   5   6   3  10   0 
1 11 0.101781 0.035574 * 1  11 
2 11 0.303910 0.015136 * 2   5   1  11 
2 11 0.202172 0.015136 * 2   8  11   0 
3 11 0.405082 0.008592 * 3   6   4   1  11 
3 11 0.403685 0.008592 * 3   6   5   1  11 
4 11 0.203164 0.009925 * 4   1  11 
5 11 0.202133 0.016269 * 5   1  11 
6 11 0.304260 0.003110 * 6   4   1  11 
6 11 0.302864 0.003110 * 6   5   1  11 
7 11 0.304729 0.024411 * 7   4   1  11 
8 11 0.101111 0.050581 * 8  11 
9 11 0.505275 0.000543 * 9   3   6   4   1  11 
9 11 0.503878 0.000543 * 9   3   6   5   1  11 
9 11 0.405019 0.000272 * 9   7   4   1  11   0 
10 11 0.505438 0.002198 * 10   3   6   4   1  11   0 
10 11 0.504042 0.002198 * 10   3   6   5   1  11   0 
10 11 0.605467 0.002650 * 10   9   3   6   4   1  11 
10 11 0.604071 0.002650 * 10   9   3   6   5   1  11 
10 11 0.505212 0.001325 * 10   9   7   4   1  11   0 
