2  5  1  0 
0.002844
2   8  11   1 
0.002844
3  6  4  1 
0.000662
3  6  5  1 
0.000662
4  1 
0.001619
5  1 
0.005218
6  4  1 
0.000618
6  5  1 
0.000618
7  4  1 
0.008080
8  11   1 
0.005154
9  3  6  4  1 
0.000352
9  3  6  5  1 
0.000352
9  7  4  1  0 
0.000176
10   3   6   4   1   0 
0.000624
10   3   6   5   1   0 
0.000624
10   9   3   6   4   1 
0.000888
10   9   3   6   5   1 
0.000888
10   9   7   4   1   0 
0.000444
11   1 
0.024299
1  5  2  0 
0.003065
1  11   8   2 
0.003065
3  6  5  2 
0.006724
4  1  5  2  0 
0.000756
4   1  11   8   2 
0.000756
4  6  5  2  0 
0.000378
5  2 
0.009502
6  5  2 
0.003667
7  4  1  5  2  0 
0.002812
7   4   1  11   8   2 
0.002812
7  4  6  5  2  0 
0.001406
7  9  3  6  5  2 
0.001072
8  2 
0.001924
9  3  6  5  2 
0.000725
10   3   6   5   2   0 
0.001505
10   9   3   6   5   2 
0.001505
11   8   2 
0.003193
1  4  6  3  0 
0.000838
1  4  7  9  3 
0.000838
1  5  6  3  0 
0.000601
2  5  6  3 
0.016316
4  6  3  0 
0.001284
4  7  9  3 
0.001284
5  6  3 
0.002538
6  3 
0.007333
7  9  3 
0.007753
8  2  5  6  3  0  0 
0.000239
8  11   1   4   6   3   0 
0.000716
8  11   1   4   7   9   3 
0.000716
8  11   1   5   6   3   0 
0.000716
9  3 
0.005418
10   9   3 
0.002850
10   3   0 
0.002850
11   1   4   6   3   0 
0.002086
11   1   4   7   9   3 
0.002086
11   1   5   6   3   0 
0.001494
1  4 
0.002579
2  5  1  4  0 
0.002811
2  5  6  4  0 
0.002811
2   8  11   1   4 
0.001893
3  6  4  0 
0.000859
3  9  7  4 
0.000859
5  1  4 
0.001216
5  6  4 
0.001216
6  4 
0.001196
7  4 
0.003132
8  11   1   4 
0.002596
9  7  4 
0.001065
10   3   6   4   0 
0.000769
10   3   9   7   4 
0.000769
10   9   7   4   0 
0.000385
11   1   4 
0.001980
1  5 
0.004387
2  5 
0.039093
3  6  5 
0.006859
4  1  5 
0.001331
4  6  5 
0.001331
6  5 
0.003937
7  4  1  5  0 
0.002246
7  4  6  5  0 
0.002246
7  9  3  6  5 
0.001333
8  2  5  0 
0.003254
8  11   1   5 
0.003254
9  3  6  5 
0.002989
10   3   6   5   0 
0.003015
10   9   3   6   5 
0.003015
11   1   5 
0.012979
1  4  6 
0.000546
1  5  6 
0.000546
2  5  6 
0.013192
3  6 
0.002225
4  6 
0.001145
5  6 
0.005514
7  4  6  0 
0.001226
7  9  3  6 
0.001226
8  2  5  6  0 
0.000758
8  11   1   4   6 
0.001516
8  11   1   5   6 
0.001516
9  3  6 
0.000233
10   3   6   0 
0.000989
10   9   3   6 
0.000989
11   1   4   6 
0.001942
11   1   5   6 
0.001942
1  4  7 
0.008830
2  5  1  4  7  0 
0.012367
2  5  6  3  9  7 
0.014013
2  5  6  4  7  0 
0.014013
2   8  11   1   4   7 
0.008877
3  9  7 
0.003483
4  7 
0.003333
5  1  4  7  0 
0.004448
5  6  3  9  7 
0.005040
5  6  4  7  0 
0.005040
6  3  9  7 
0.002284
6  4  7  0 
0.002284
8  11   1   4   7 
0.022010
9  7 
0.001935
10   3   9   7 
0.005249
10   9   7   0 
0.005249
11   1   4   7 
0.021501
1  5  2  8 
0.006670
1  11   8   0 
0.006670
2  8 
0.024383
3  6  5  2  8 
0.009132
4  1  5  2  8 
0.004709
4   1  11   8   0 
0.004709
4  6  5  2  8 
0.003335
5  2  8 
0.017821
6  5  2  8 
0.007271
7  4  1  5  2  8 
0.009808
7   4   1  11   8   0 
0.009808
7  4  6  5  2  8 
0.006946
9  3  6  5  2  8  0 
0.000349
9  7  4  1  5  2  8 
0.001046
9   7   4   1  11   8   0 
0.001046
9  7  4  6  5  2  8 
0.001046
10   3   6   5   2   8   0   0 
0.000767
10   9   3   6   5   2   8   0 
0.001070
10   9   7   4   1   5   2   8 
0.003068
10   9   7   4   1  11   8   0 
0.003068
10   9   7   4   6   5   2   8 
0.003068
11   8 
0.024112
1  4  6  3  9 
0.000144
1  4  7  9  0 
0.000144
2  5  1  4  6  3  9 
0.000971
2  5  1  4  7  9  0 
0.000971
2  5  6  3  9  0  0 
0.000515
3  9 
0.004956
4  6  3  9 
0.000247
4  7  9  0 
0.000247
5  1  4  6  3  9 
0.000352
5  1  4  7  9  0 
0.000352
5  6  3  9  0  0 
0.000187
6  3  9 
0.000138
7  9 
0.003654
8  2  5  1  4  6  3  9 
0.001024
8  2  5  1  4  7  9  0 
0.001024
8  2  5  6  3  9  0  0 
0.000794
8  11   1   4   6   3   9   0 
0.000682
8  11   1   4   7   9   0   0 
0.000682
10   3   9 
0.001207
10   9   0 
0.001207
11   1   4   6   3   9 
0.000495
11   1   4   7   9   0 
0.000495
1   4   6   3   9  10 
0.000595
1   4   6   3  10   0 
0.000595
1   4   7   9  10   0 
0.000298
1   5   6   3   9  10 
0.000529
1   5   6   3  10   0 
0.000529
2   5   6   3   9  10 
0.012409
2   5   6   3  10   0 
0.012409
3   9  10 
0.001210
3  10   0 
0.001210
4   6   3   9  10 
0.000337
4   6   3  10   0 
0.000337
4   7   9  10   0 
0.000169
5   6   3   9  10 
0.000761
5   6   3  10   0 
0.000761
6   3   9  10 
0.000572
6   3  10   0 
0.000572
7   9  10 
0.008148
8   2   5   6   3   9  10   0 
0.000629
8   2   5   6   3  10   0   0 
0.000629
8  11   1   4   6   3   9  10 
0.001469
8  11   1   4   6   3  10   0 
0.001469
8  11   1   4   7   9  10   0 
0.000735
8  11   1   5   6   3   9  10 
0.001305
8  11   1   5   6   3  10   0 
0.001305
9  10 
0.001670
11   1   4   6   3   9  10 
0.000757
11   1   4   6   3  10   0 
0.000757
11   1   4   7   9  10   0 
0.000378
11   1   5   6   3   9  10 
0.000672
11   1   5   6   3  10   0 
0.000672
1  11 
0.050764
2   8  11 
0.025277
3   6   4   1  11   0 
0.003705
3   6   5   1  11   0 
0.006247
3   6   5   2   8  11 
0.006247
4   1  11 
0.003135
5   1  11   0 
0.007628
5   2   8  11 
0.007628
6   4   1  11   0 
0.001190
6   5   1  11   0 
0.002006
6   5   2   8  11 
0.002006
7   4   1  11 
0.022555
8  11 
0.046083
9   3   6   4   1  11   0 
0.000511
9   3   6   5   1  11   0 
0.000511
9   3   6   5   2   8  11 
0.000511
9   7   4   1  11   0   0 
0.000170
10   3   6   4   1  11   0   0 
0.001749
10   3   6   5   1  11   0   0 
0.001749
10   3   6   5   2   8  11   0 
0.001749
10   9   3   6   4   1  11   0 
0.002166
10   9   3   6   5   1  11   0 
0.002166
10   9   3   6   5   2   8  11 
0.002166
10   9   7   4   1  11   0   0 
0.000722
