2 1 0.202392 0.002472 * 2  5  1  0 
2 1 0.302750 0.002472 * 2   8  11   1 
3 1 0.303404 0.000550 * 3  6  4  1 
3 1 0.301247 0.000550 * 3  6  5  1 
4 1 0.101889 0.001058 * 4  1 
5 1 0.100303 0.007068 * 5  1 
6 1 0.202904 0.001050 * 6  4  1 
6 1 0.200747 0.001050 * 6  5  1 
7 1 0.203413 0.005791 * 7  4  1 
8 1 0.201887 0.004712 * 8  11   1 
9 1 0.403494 0.001154 * 9  3  6  4  1 
9 1 0.401337 0.001154 * 9  3  6  5  1 
9 1 0.303612 0.000577 * 9  7  4  1  0 
10 1 0.403697 0.000486 * 10   3   6   4   1   0 
10 1 0.401541 0.000486 * 10   3   6   5   1   0 
10 1 0.503628 0.000730 * 10   9   3   6   4   1 
10 1 0.501472 0.000730 * 10   9   3   6   5   1 
10 1 0.403747 0.000626 * 10   9   7   4   1   0 
11 1 0.101011 0.033150 * 11   1 
1 2 0.202715 0.002198 * 1  5  2  0 
1 2 0.302521 0.002198 * 1  11   8   2 
3 2 0.302472 0.002677 * 3  6  5  2 
4 2 0.304604 0.000709 * 4  1  5  2  0 
4 2 0.404410 0.000709 * 4   1  11   8   2 
4 2 0.302113 0.000644 * 4  6  5  2  0 
5 2 0.101528 0.009125 * 5  2 
6 2 0.201972 0.002922 * 6  5  2 
7 2 0.406128 0.022102 * 7  4  1  5  2  0 
7 2 0.505934 0.022102 * 7   4   1  11   8   2 
7 2 0.403637 0.020061 * 7  4  6  5  2  0 
7 2 0.502775 0.019423 * 7  9  3  6  5  2 
8 2 0.100331 0.002161 * 8  2 
9 2 0.402562 0.000315 * 9  3  6  5  2 
10 2 0.402765 0.001191 * 10   3   6   5   2   0 
10 2 0.502696 0.001191 * 10   9   3   6   5   2 
11 2 0.201038 0.003246 * 11   8   2 
1 3 0.301696 0.000892 * 1  4  6  3  0 
1 3 0.402138 0.000892 * 1  4  7  9  3 
1 3 0.303849 0.000653 * 1  5  6  3  0 
2 3 0.304751 0.018326 * 2  5  6  3 
4 3 0.201040 0.001117 * 4  6  3  0 
4 3 0.301482 0.001117 * 4  7  9  3 
5 3 0.202662 0.001655 * 5  6  3 
6 3 0.100899 0.003460 * 6  3 
7 3 0.200304 0.001697 * 7  9  3 
8 3 0.405082 0.000397 * 8  2  5  6  3  0  0 
8 3 0.503583 0.001190 * 8  11   1   4   6   3   0 
8 3 0.604025 0.001190 * 8  11   1   4   7   9   3 
8 3 0.505736 0.001190 * 8  11   1   5   6   3   0 
9 3 0.100090 0.003350 * 9  3 
10 3 0.200225 0.002674 * 10   9   3 
10 3 0.100294 0.002674 * 10   3   0 
11 3 0.402707 0.001376 * 11   1   4   6   3   0 
11 3 0.503149 0.001376 * 11   1   4   7   9   3 
11 3 0.404860 0.001008 * 11   1   5   6   3   0 
1 4 0.100656 0.002713 * 1  4 
2 4 0.303049 0.003729 * 2  5  1  4  0 
2 4 0.304867 0.003729 * 2  5  6  4  0 
2 4 0.403407 0.002612 * 2   8  11   1   4 
3 4 0.201515 0.000589 * 3  6  4 
5 4 0.200960 0.001435 * 5  1  4 
5 4 0.202778 0.001435 * 5  6  4 
6 4 0.101015 0.001551 * 6  4 
7 4 0.101524 0.007041 * 7  4 
8 4 0.302543 0.001680 * 8  11   1   4 
9 4 0.301605 0.000337 * 9  3  6  4 
9 4 0.201723 0.000337 * 9  7  4  0 
10 4 0.301808 0.000132 * 10   3   6   4   0 
10 4 0.401739 0.000264 * 10   9   3   6   4 
10 4 0.301858 0.000264 * 10   9   7   4   0 
11 4 0.201667 0.001946 * 11   1   4 
1 5 0.101187 0.004138 * 1  5 
2 5 0.102089 0.044677 * 2  5 
3 5 0.200944 0.002460 * 3  6  5 
4 5 0.203076 0.001264 * 4  1  5 
4 5 0.200585 0.001264 * 4  6  5 
6 5 0.100444 0.003347 * 6  5 
7 5 0.304600 0.002094 * 7  4  1  5  0 
7 5 0.302109 0.002094 * 7  4  6  5  0 
7 5 0.401247 0.001233 * 7  9  3  6  5 
8 5 0.202420 0.006639 * 8  2  5  0 
8 5 0.303075 0.006639 * 8  11   1   5 
9 5 0.301034 0.002810 * 9  3  6  5 
10 5 0.301237 0.001419 * 10   3   6   5   0 
10 5 0.401168 0.001419 * 10   9   3   6   5 
11 5 0.202198 0.006691 * 11   1   5 
1 6 0.200797 0.000999 * 1  4  6 
1 6 0.202950 0.000999 * 1  5  6 
2 6 0.203852 0.014947 * 2  5  6 
3 6 0.100500 0.001081 * 3  6 
4 6 0.100141 0.001024 * 4  6 
5 6 0.101763 0.003573 * 5  6 
7 6 0.201665 0.000621 * 7  4  6  0 
7 6 0.300803 0.000621 * 7  9  3  6 
8 6 0.304183 0.000494 * 8  2  5  6  0 
8 6 0.402684 0.000988 * 8  11   1   4   6 
8 6 0.404837 0.000988 * 8  11   1   5   6 
9 6 0.200590 0.000233 * 9  3  6 
10 6 0.200793 0.000829 * 10   3   6   0 
10 6 0.300724 0.000829 * 10   9   3   6 
11 6 0.301808 0.002828 * 11   1   4   6 
11 6 0.303961 0.002828 * 11   1   5   6 
1 7 0.201835 0.004301 * 1  4  7 
2 7 0.404227 0.012474 * 2  5  1  4  7  0 
2 7 0.505052 0.013245 * 2  5  6  3  9  7 
2 7 0.406045 0.013245 * 2  5  6  4  7  0 
2 7 0.504585 0.009477 * 2   8  11   1   4   7 
3 7 0.200301 0.001127 * 3  9  7 
4 7 0.101178 0.004763 * 4  7 
5 7 0.302138 0.003678 * 5  1  4  7  0 
5 7 0.402963 0.003905 * 5  6  3  9  7 
5 7 0.303956 0.003905 * 5  6  4  7  0 
6 7 0.301200 0.000985 * 6  3  9  7 
6 7 0.202194 0.000985 * 6  4  7  0 
8 7 0.403722 0.017201 * 8  11   1   4   7 
9 7 0.100200 0.001392 * 9  7 
10 7 0.300595 0.004157 * 10   3   9   7 
10 7 0.200334 0.004157 * 10   9   7   0 
11 7 0.302846 0.017820 * 11   1   4   7 
1 8 0.202190 0.014458 * 1  11   8 
2 8 0.100863 0.021713 * 2  8 
3 8 0.503437 0.002850 * 3   6   5   1  11   8 
3 8 0.403335 0.002850 * 3  6  5  2  8  0 
4 8 0.304079 0.002524 * 4   1  11   8   0   0 
4 8 0.503078 0.005049 * 4   6   5   1  11   8 
4 8 0.402976 0.005049 * 4  6  5  2  8  0 
5 8 0.302493 0.010731 * 5   1  11   8 
5 8 0.202391 0.010731 * 5  2  8  0 
6 8 0.402937 0.003522 * 6   5   1  11   8 
6 8 0.302835 0.003522 * 6  5  2  8  0 
7 8 0.405603 0.003510 * 7   4   1  11   8   0   0 
7 8 0.604602 0.006554 * 7   4   6   5   1  11   8 
7 8 0.504500 0.006554 * 7  4  6  5  2  8  0 
9 8 0.603527 0.000188 * 9   3   6   5   1  11   8   0 
9 8 0.503425 0.000188 * 9  3  6  5  2  8  0  0 
9 8 0.505802 0.000283 * 9   7   4   1  11   8   0   0 
9 8 0.704802 0.000283 * 9   7   4   6   5   1  11   8 
9 8 0.604700 0.000283 * 9  7  4  6  5  2  8  0 
10 8 0.603731 0.000818 * 10   3   6   5   1  11   8   0   0 
10 8 0.503629 0.000818 * 10   3   6   5   2   8   0   0   0 
10 8 0.703662 0.000991 * 10   9   3   6   5   1  11   8   0 
10 8 0.603560 0.000991 * 10   9   3   6   5   2   8   0   0 
10 8 0.605937 0.001487 * 10   9   7   4   1  11   8   0   0 
10 8 0.804936 0.001487 * 10   9   7   4   6   5   1  11   8 
10 8 0.704834 0.001487 * 10   9   7   4   6   5   2   8   0 
11 8 0.100707 0.022576 * 11   8 
1 9 0.401797 0.000136 * 1  4  6  3  9 
1 9 0.302048 0.000136 * 1  4  7  9  0 
2 9 0.604189 0.001087 * 2  5  1  4  6  3  9 
2 9 0.504440 0.001087 * 2  5  1  4  7  9  0 
2 9 0.404852 0.000724 * 2  5  6  3  9  0  0 
3 9 0.100101 0.004603 * 3  9 
4 9 0.301141 0.000096 * 4  6  3  9 
4 9 0.201392 0.000096 * 4  7  9  0 
5 9 0.502100 0.000361 * 5  1  4  6  3  9 
5 9 0.402351 0.000361 * 5  1  4  7  9  0 
5 9 0.302763 0.000241 * 5  6  3  9  0  0 
6 9 0.201000 0.000170 * 6  3  9 
7 9 0.100213 0.002486 * 7  9 
8 9 0.704521 0.000314 * 8  2  5  1  4  6  3  9 
8 9 0.604772 0.000314 * 8  2  5  1  4  7  9  0 
8 9 0.505183 0.000314 * 8  2  5  6  3  9  0  0 
8 9 0.603684 0.000209 * 8  11   1   4   6   3   9   0 
8 9 0.503935 0.000209 * 8  11   1   4   7   9   0   0 
10 9 0.200395 0.000393 * 10   3   9 
10 9 0.100134 0.000393 * 10   9   0 
11 9 0.502808 0.000279 * 11   1   4   6   3   9 
11 9 0.403059 0.000279 * 11   1   4   7   9   0 
1 10 0.501957 0.001386 * 1   4   6   3   9  10 
1 10 0.402200 0.001386 * 1   4   6   3  10   0 
1 10 0.402208 0.000693 * 1   4   7   9  10   0 
1 10 0.504111 0.001312 * 1   5   6   3   9  10 
1 10 0.404353 0.001312 * 1   5   6   3  10   0 
2 10 0.505012 0.016376 * 2   5   6   3   9  10 
2 10 0.405255 0.016376 * 2   5   6   3  10   0 
3 10 0.200261 0.000606 * 3   9  10 
3 10 0.100504 0.000606 * 3  10   0 
4 10 0.401301 0.000235 * 4   6   3   9  10 
4 10 0.301544 0.000235 * 4   6   3  10   0 
4 10 0.301552 0.000118 * 4   7   9  10   0 
5 10 0.402923 0.001635 * 5   6   3   9  10 
5 10 0.303166 0.001635 * 5   6   3  10   0 
6 10 0.301160 0.000597 * 6   3   9  10 
6 10 0.201403 0.000597 * 6   3  10   0 
7 10 0.200373 0.006636 * 7   9  10 
8 10 0.605344 0.000552 * 8   2   5   6   3   9  10   0 
8 10 0.505586 0.000552 * 8   2   5   6   3  10   0   0 
8 10 0.703845 0.001380 * 8  11   1   4   6   3   9  10 
8 10 0.604087 0.001380 * 8  11   1   4   6   3  10   0 
8 10 0.604095 0.000934 * 8  11   1   4   7   9  10   0 
8 10 0.705998 0.001380 * 8  11   1   5   6   3   9  10 
8 10 0.606241 0.001380 * 8  11   1   5   6   3  10   0 
9 10 0.100160 0.000964 * 9  10 
11 10 0.602968 0.001321 * 11   1   4   6   3   9  10 
11 10 0.503211 0.001321 * 11   1   4   6   3  10   0 
11 10 0.503219 0.000661 * 11   1   4   7   9  10   0 
11 10 0.605122 0.001250 * 11   1   5   6   3   9  10 
11 10 0.505365 0.001250 * 11   1   5   6   3  10   0 
1 11 0.101483 0.036314 * 1  11 
2 11 0.201739 0.020890 * 2   8  11 
3 11 0.404887 0.001638 * 3   6   4   1  11   0 
3 11 0.402730 0.003276 * 3   6   5   1  11   0 
3 11 0.504211 0.003276 * 3   6   5   2   8  11 
4 11 0.203372 0.005139 * 4   1  11 
5 11 0.201787 0.008060 * 5   1  11   0 
5 11 0.303267 0.008060 * 5   2   8  11 
6 11 0.304387 0.000948 * 6   4   1  11   0 
6 11 0.302231 0.001895 * 6   5   1  11   0 
6 11 0.403711 0.001895 * 6   5   2   8  11 
7 11 0.304896 0.021214 * 7   4   1  11 
8 11 0.100876 0.041236 * 8  11 
9 11 0.504977 0.000192 * 9   3   6   4   1  11   0 
9 11 0.502821 0.000192 * 9   3   6   5   1  11   0 
9 11 0.604301 0.000192 * 9   3   6   5   2   8  11 
9 11 0.405096 0.000064 * 9   7   4   1  11   0   0 
10 11 0.505181 0.001412 * 10   3   6   4   1  11   0   0 
10 11 0.503024 0.001412 * 10   3   6   5   1  11   0   0 
10 11 0.604505 0.001412 * 10   3   6   5   2   8  11   0 
10 11 0.605112 0.001578 * 10   9   3   6   4   1  11   0 
10 11 0.602955 0.001578 * 10   9   3   6   5   1  11   0 
10 11 0.704436 0.001578 * 10   9   3   6   5   2   8  11 
10 11 0.505230 0.000526 * 10   9   7   4   1  11   0   0 
