2 1 0.202231 0.008542 * 2  5  1 
3 1 0.302909 0.001037 * 3  6  4  1 
3 1 0.302180 0.001037 * 3  6  5  1 
4 1 0.101328 0.005178 * 4  1 
5 1 0.100571 0.009236 * 5  1 
6 1 0.202209 0.001340 * 6  4  1 
6 1 0.201481 0.001340 * 6  5  1 
7 1 0.202364 0.007421 * 7  4  1 
8 1 0.302606 0.002346 * 8  2  5  1 
8 1 0.202275 0.002346 * 8  11   1   0 
9 1 0.403108 0.000669 * 9  3  6  4  1 
9 1 0.402379 0.000669 * 9  3  6  5  1 
9 1 0.302681 0.000335 * 9  7  4  1  0 
10 1 0.403216 0.000630 * 10   3   6   4   1   0 
10 1 0.402488 0.000630 * 10   3   6   5   1   0 
10 1 0.503342 0.000945 * 10   9   3   6   4   1 
10 1 0.502613 0.000945 * 10   9   3   6   5   1 
10 1 0.402915 0.000552 * 10   9   7   4   1   0 
11 1 0.101078 0.023785 * 11   1 
1 2 0.201470 0.003374 * 1  5  2  0 
1 2 0.303320 0.003374 * 1  11   8   2 
3 2 0.302569 0.005099 * 3  6  5  2 
4 2 0.302798 0.001461 * 4  1  5  2  0 
4 2 0.404648 0.001461 * 4   1  11   8   2 
4 2 0.302177 0.000740 * 4  6  5  2  0 
5 2 0.100959 0.010224 * 5  2 
6 2 0.201870 0.003730 * 6  5  2 
7 2 0.403834 0.003149 * 7  4  1  5  2  0 
7 2 0.505684 0.003149 * 7   4   1  11   8   2 
7 2 0.403213 0.001621 * 7  4  6  5  2  0 
7 2 0.503034 0.001050 * 7  9  3  6  5  2 
8 2 0.100376 0.003126 * 8  2 
9 2 0.402768 0.001510 * 9  3  6  5  2 
10 2 0.402877 0.001230 * 10   3   6   5   2   0 
10 2 0.503002 0.001230 * 10   9   3   6   5   2 
11 2 0.201324 0.005725 * 11   8   2 
1 3 0.301817 0.000733 * 1  4  6  3  0 
1 3 0.402399 0.000733 * 1  4  7  9  3 
1 3 0.302779 0.000615 * 1  5  6  3  0 
2 3 0.303928 0.011610 * 2  5  6  3 
4 3 0.201064 0.000845 * 4  6  3  0 
4 3 0.301645 0.000845 * 4  7  9  3 
5 3 0.202268 0.002784 * 5  6  3 
6 3 0.100757 0.004553 * 6  3 
7 3 0.200464 0.008652 * 7  9  3 
8 3 0.404304 0.000489 * 8  2  5  6  3  0  0 
8 3 0.504092 0.001467 * 8  11   1   4   6   3   0 
8 3 0.604674 0.001467 * 8  11   1   4   7   9   3 
8 3 0.505054 0.001467 * 8  11   1   5   6   3   0 
9 3 0.100199 0.003900 * 9  3 
10 3 0.200433 0.002275 * 10   9   3 
10 3 0.100308 0.002275 * 10   3   0 
11 3 0.402895 0.002652 * 11   1   4   6   3   0 
11 3 0.503477 0.002652 * 11   1   4   7   9   3 
11 3 0.403857 0.002227 * 11   1   5   6   3   0 
1 4 0.100753 0.002064 * 1  4 
2 4 0.302984 0.005082 * 2  5  1  4 
2 4 0.304053 0.005082 * 2  5  6  4 
3 4 0.201581 0.000602 * 3  6  4  0 
3 4 0.301466 0.000602 * 3  9  7  4 
5 4 0.201324 0.001590 * 5  1  4 
5 4 0.202393 0.001590 * 5  6  4 
6 4 0.100882 0.000946 * 6  4 
7 4 0.101036 0.002226 * 7  4 
8 4 0.403360 0.000836 * 8  2  5  1  4 
8 4 0.404429 0.000836 * 8  2  5  6  4 
8 4 0.303029 0.000418 * 8  11   1   4   0 
9 4 0.201354 0.001153 * 9  7  4 
10 4 0.301888 0.000732 * 10   3   6   4   0 
10 4 0.401774 0.000732 * 10   3   9   7   4 
10 4 0.301588 0.000369 * 10   9   7   4   0 
11 4 0.201832 0.002823 * 11   1   4 
1 5 0.100511 0.007711 * 1  5 
2 5 0.101660 0.035836 * 2  5 
3 5 0.201610 0.003573 * 3  6  5 
4 5 0.201839 0.001397 * 4  1  5 
4 5 0.201217 0.001397 * 4  6  5 
6 5 0.100911 0.006933 * 6  5 
7 5 0.302875 0.002948 * 7  4  1  5  0 
7 5 0.302253 0.002948 * 7  4  6  5  0 
7 5 0.402074 0.001919 * 7  9  3  6  5 
8 5 0.202036 0.006587 * 8  2  5  0 
8 5 0.302786 0.006587 * 8  11   1   5 
9 5 0.301809 0.003461 * 9  3  6  5 
10 5 0.301917 0.001976 * 10   3   6   5   0 
10 5 0.402043 0.001976 * 10   9   3   6   5 
11 5 0.201589 0.012615 * 11   1   5 
1 6 0.201060 0.001621 * 1  4  6 
1 6 0.202022 0.001621 * 1  5  6 
2 6 0.203171 0.014194 * 2  5  6 
3 6 0.100699 0.003102 * 3  6 
4 6 0.100307 0.002161 * 4  6 
5 6 0.101511 0.004720 * 5  6 
7 6 0.201343 0.001922 * 7  4  6  0 
7 6 0.301164 0.001922 * 7  9  3  6 
8 6 0.303547 0.000751 * 8  2  5  6  0 
8 6 0.403335 0.001501 * 8  11   1   4   6 
8 6 0.404298 0.001501 * 8  11   1   5   6 
9 6 0.200898 0.000683 * 9  3  6 
10 6 0.201007 0.000530 * 10   3   6   0 
10 6 0.301132 0.000530 * 10   9   3   6 
11 6 0.302138 0.002314 * 11   1   4   6 
11 6 0.303100 0.002314 * 11   1   5   6 
1 7 0.201934 0.006823 * 1  4  7 
2 7 0.404165 0.011304 * 2  5  1  4  7  0 
2 7 0.504359 0.012642 * 2  5  6  3  9  7 
2 7 0.405234 0.012642 * 2  5  6  4  7  0 
3 7 0.200430 0.003191 * 3  9  7 
4 7 0.101181 0.003215 * 4  7 
5 7 0.302505 0.004290 * 5  1  4  7  0 
5 7 0.402699 0.004798 * 5  6  3  9  7 
5 7 0.303574 0.004798 * 5  6  4  7  0 
6 7 0.301187 0.002575 * 6  3  9  7 
6 7 0.202062 0.002575 * 6  4  7  0 
8 7 0.504541 0.005918 * 8  2  5  1  4  7  0 
8 7 0.604734 0.005918 * 8  2  5  6  3  9  7 
8 7 0.505610 0.005918 * 8  2  5  6  4  7  0 
8 7 0.404210 0.001973 * 8  11   1   4   7   0   0 
9 7 0.100318 0.001167 * 9  7 
10 7 0.300738 0.006022 * 10   3   9   7 
10 7 0.200552 0.006022 * 10   9   7   0 
11 7 0.303012 0.022796 * 11   1   4   7 
1 8 0.302638 0.008256 * 1  5  2  8 
1 8 0.202944 0.008256 * 1  11   8   0 
2 8 0.101168 0.029089 * 2  8 
3 8 0.403737 0.006226 * 3  6  5  2  8 
4 8 0.403966 0.005688 * 4  1  5  2  8 
4 8 0.304272 0.005688 * 4   1  11   8   0 
4 8 0.403344 0.003829 * 4  6  5  2  8 
5 8 0.202127 0.025903 * 5  2  8 
6 8 0.303037 0.010352 * 6  5  2  8 
7 8 0.505002 0.010733 * 7  4  1  5  2  8 
7 8 0.405308 0.010733 * 7   4   1  11   8   0 
7 8 0.504380 0.007224 * 7  4  6  5  2  8 
9 8 0.503936 0.000272 * 9  3  6  5  2  8  0 
9 8 0.605319 0.000815 * 9  7  4  1  5  2  8 
9 8 0.505626 0.000815 * 9   7   4   1  11   8   0 
9 8 0.604698 0.000815 * 9  7  4  6  5  2  8 
10 8 0.504044 0.000585 * 10   3   6   5   2   8   0   0 
10 8 0.604170 0.000821 * 10   9   3   6   5   2   8   0 
10 8 0.705553 0.002340 * 10   9   7   4   1   5   2   8 
10 8 0.605860 0.002340 * 10   9   7   4   1  11   8   0 
10 8 0.704932 0.002340 * 10   9   7   4   6   5   2   8 
11 8 0.100949 0.026703 * 11   8 
1 9 0.401930 0.000133 * 1  4  6  3  9 
1 9 0.302200 0.000133 * 1  4  7  9  0 
2 9 0.604160 0.000755 * 2  5  1  4  6  3  9 
2 9 0.504430 0.000755 * 2  5  1  4  7  9  0 
2 9 0.404041 0.000437 * 2  5  6  3  9  0  0 
3 9 0.100113 0.003731 * 3  9 
4 9 0.301176 0.000243 * 4  6  3  9 
4 9 0.201446 0.000243 * 4  7  9  0 
5 9 0.502500 0.000625 * 5  1  4  6  3  9 
5 9 0.402770 0.000625 * 5  1  4  7  9  0 
5 9 0.302381 0.000362 * 5  6  3  9  0  0 
6 9 0.200870 0.000400 * 6  3  9 
7 9 0.100265 0.000944 * 7  9 
8 9 0.704536 0.000290 * 8  2  5  1  4  6  3  9 
8 9 0.604806 0.000290 * 8  2  5  1  4  7  9  0 
8 9 0.504417 0.000290 * 8  2  5  6  3  9  0  0 
8 9 0.604205 0.000193 * 8  11   1   4   6   3   9   0 
8 9 0.504475 0.000193 * 8  11   1   4   7   9   0   0 
10 9 0.200420 0.000779 * 10   3   9 
10 9 0.100234 0.000779 * 10   9   0 
11 9 0.503008 0.000417 * 11   1   4   6   3   9 
11 9 0.403278 0.000417 * 11   1   4   7   9   0 
1 10 0.502095 0.001452 * 1   4   6   3   9  10 
1 10 0.402193 0.001452 * 1   4   6   3  10   0 
1 10 0.402365 0.000726 * 1   4   7   9  10   0 
1 10 0.503057 0.001249 * 1   5   6   3   9  10 
1 10 0.403155 0.001249 * 1   5   6   3  10   0 
2 10 0.504207 0.007924 * 2   5   6   3   9  10 
2 10 0.404305 0.007924 * 2   5   6   3  10   0 
3 10 0.200278 0.000886 * 3   9  10 
3 10 0.100376 0.000886 * 3  10   0 
4 10 0.401342 0.000581 * 4   6   3   9  10 
4 10 0.301440 0.000581 * 4   6   3  10   0 
4 10 0.301612 0.000291 * 4   7   9  10   0 
5 10 0.402547 0.002819 * 5   6   3   9  10 
5 10 0.302645 0.002819 * 5   6   3  10   0 
6 10 0.301035 0.000991 * 6   3   9  10 
6 10 0.201133 0.000991 * 6   3  10   0 
7 10 0.200431 0.008387 * 7   9  10 
8 10 0.604582 0.000456 * 8   2   5   6   3   9  10   0 
8 10 0.504680 0.000456 * 8   2   5   6   3  10   0   0 
8 10 0.704371 0.001141 * 8  11   1   4   6   3   9  10 
8 10 0.604469 0.001141 * 8  11   1   4   6   3  10   0 
8 10 0.604640 0.000870 * 8  11   1   4   7   9  10   0 
8 10 0.705333 0.001141 * 8  11   1   5   6   3   9  10 
8 10 0.605431 0.001141 * 8  11   1   5   6   3  10   0 
9 10 0.100166 0.002088 * 9  10 
11 10 0.603174 0.000995 * 11   1   4   6   3   9  10 
11 10 0.503271 0.000995 * 11   1   4   6   3  10   0 
11 10 0.503443 0.000497 * 11   1   4   7   9  10   0 
11 10 0.604136 0.000855 * 11   1   5   6   3   9  10 
11 10 0.504234 0.000855 * 11   1   5   6   3  10   0 
1 11 0.101996 0.043807 * 1  11 
2 11 0.202365 0.033696 * 2   8  11 
3 11 0.404904 0.003321 * 3   6   4   1  11   0 
3 11 0.404176 0.005741 * 3   6   5   1  11   0 
3 11 0.504934 0.005741 * 3   6   5   2   8  11 
4 11 0.203324 0.006274 * 4   1  11 
5 11 0.202566 0.008713 * 5   1  11   0 
5 11 0.303324 0.008713 * 5   2   8  11 
6 11 0.304205 0.001712 * 6   4   1  11   0 
6 11 0.303477 0.002959 * 6   5   1  11   0 
6 11 0.404234 0.002959 * 6   5   2   8  11 
7 11 0.304360 0.028309 * 7   4   1  11 
8 11 0.101197 0.057099 * 8  11 
9 11 0.505103 0.000493 * 9   3   6   4   1  11   0 
9 11 0.504375 0.000493 * 9   3   6   5   1  11   0 
9 11 0.605133 0.000493 * 9   3   6   5   2   8  11 
9 11 0.404677 0.000164 * 9   7   4   1  11   0   0 
10 11 0.505212 0.002034 * 10   3   6   4   1  11   0   0 
10 11 0.504484 0.002034 * 10   3   6   5   1  11   0   0 
10 11 0.605241 0.002034 * 10   3   6   5   2   8  11   0 
10 11 0.605337 0.002445 * 10   9   3   6   4   1  11   0 
10 11 0.604609 0.002445 * 10   9   3   6   5   1  11   0 
10 11 0.705367 0.002445 * 10   9   3   6   5   2   8  11 
10 11 0.504911 0.000815 * 10   9   7   4   1  11   0   0 
