2  5  1  0 
0.002008
2   8  11   1 
0.002008
3  6  4  1 
0.000496
3  6  5  1 
0.000496
4  1 
0.005964
5  1 
0.005125
6  4  1 
0.000678
6  5  1 
0.000678
7  4  1 
0.005644
8  11   1 
0.005053
9  3  6  4  1 
0.000521
9  3  6  5  1 
0.000521
9  7  4  1  0 
0.000260
10   3   6   4   1   0 
0.000744
10   3   6   5   1   0 
0.000744
10   9   3   6   4   1 
0.001115
10   9   3   6   5   1 
0.001115
10   9   7   4   1   0 
0.000560
11   1 
0.030446
1  5  2  0 
0.001810
1  11   8   2 
0.001810
3  6  5  2 
0.004622
4  1  5  2  0 
0.000670
4   1  11   8   2 
0.000670
4  6  5  2  0 
0.000359
5  2 
0.009286
6  5  2 
0.002959
7  4  1  5  2  0 
0.002084
7   4   1  11   8   2 
0.002084
7  4  6  5  2  0 
0.001117
7  9  3  6  5  2 
0.000814
8  2 
0.005387
9  3  6  5  2 
0.001133
10   3   6   5   2   0 
0.001568
10   9   3   6   5   2 
0.001568
11   8   2 
0.003470
1  4  6  3  0 
0.000533
1  4  7  9  3 
0.000533
1  5  6  3  0 
0.000446
2  5  6  3 
0.015365
4  6  3  0 
0.000592
4  7  9  3 
0.000592
5  6  3 
0.002204
6  3 
0.003483
7  9  3 
0.003394
8  2  5  6  3  0  0 
0.000502
8  11   1   4   6   3   0 
0.001506
8  11   1   4   7   9   3 
0.001506
8  11   1   5   6   3   0 
0.001274
9  3 
0.004909
10   9   3 
0.002095
10   3   0 
0.002095
11   1   4   6   3   0 
0.001412
11   1   4   7   9   3 
0.001412
11   1   5   6   3   0 
0.001182
1  4 
0.002360
2  5  1  4  0 
0.003970
2  5  6  4  0 
0.003970
2   8  11   1   4 
0.003004
3  6  4  0 
0.000274
3  9  7  4 
0.000274
5  1  4 
0.001173
5  6  4 
0.001173
6  4 
0.000869
7  4 
0.005127
8  11   1   4 
0.002739
9  7  4 
0.000238
10   3   6   4   0 
0.001043
10   3   9   7   4 
0.001043
10   9   7   4   0 
0.000813
11   1   4 
0.001458
1  5 
0.005548
2  5 
0.035861
3  6  5 
0.004435
4  1  5 
0.001139
4  6  5 
0.001139
6  5 
0.004153
7  4  1  5  0 
0.003293
7  4  6  5  0 
0.003293
7  9  3  6  5 
0.002385
8  2  5  0 
0.004043
8  11   1   5 
0.004043
9  3  6  5 
0.002324
10   3   6   5   0 
0.001599
10   9   3   6   5 
0.001599
11   1   5 
0.016033
1  4  6 
0.000519
1  5  6 
0.000519
2  5  6 
0.012269
3  6 
0.001775
4  6 
0.001467
5  6 
0.007999
7  4  6  0 
0.001117
7  9  3  6 
0.001117
8  2  5  6  0 
0.000871
8  11   1   4   6 
0.001743
8  11   1   5   6 
0.001743
9  3  6 
0.000386
10   3   6   0 
0.000916
10   9   3   6 
0.000916
11   1   4   6 
0.001652
11   1   5   6 
0.001652
1  4  7 
0.005698
2  5  1  4  7  0 
0.014898
2  5  6  3  9  7 
0.016584
2  5  6  4  7  0 
0.016584
2   8  11   1   4   7 
0.011559
3  9  7 
0.003074
4  7 
0.003344
5  1  4  7  0 
0.004003
5  6  3  9  7 
0.004456
5  6  4  7  0 
0.004456
6  3  9  7 
0.002174
6  4  7  0 
0.002174
8  11   1   4   7 
0.023100
9  7 
0.002223
10   3   9   7 
0.005145
10   9   7   0 
0.005145
11   1   4   7 
0.019649
1  5  2  8 
0.006689
1  11   8   0 
0.006689
2  8 
0.027706
3  6  5  2  8 
0.006914
4  1  5  2  8 
0.004671
4   1  11   8   0 
0.004671
4  6  5  2  8 
0.003285
5  2  8 
0.017146
6  5  2  8 
0.007807
7  4  1  5  2  8 
0.009767
7   4   1  11   8   0 
0.009767
7  4  6  5  2  8 
0.006869
9  3  6  5  2  8  0 
0.000354
9  7  4  1  5  2  8 
0.001061
9   7   4   1  11   8   0 
0.001061
9  7  4  6  5  2  8 
0.001061
10   3   6   5   2   8   0   0 
0.000679
10   9   3   6   5   2   8   0 
0.000985
10   9   7   4   1   5   2   8 
0.002716
10   9   7   4   1  11   8   0 
0.002716
10   9   7   4   6   5   2   8 
0.002716
11   8 
0.019782
1  4  6  3  9 
0.000085
1  4  7  9  0 
0.000085
2  5  1  4  6  3  9 
0.000935
2  5  1  4  7  9  0 
0.000935
2  5  6  3  9  0  0 
0.000511
3  9 
0.002362
4  6  3  9 
0.000133
4  7  9  0 
0.000133
5  1  4  6  3  9 
0.000203
5  1  4  7  9  0 
0.000203
5  6  3  9  0  0 
0.000111
6  3  9 
0.000292
7  9 
0.002344
8  2  5  1  4  6  3  9 
0.001014
8  2  5  1  4  7  9  0 
0.001014
8  2  5  6  3  9  0  0 
0.000735
8  11   1   4   6   3   9   0 
0.000676
8  11   1   4   7   9   0   0 
0.000676
10   3   9 
0.000468
10   9   0 
0.000468
11   1   4   6   3   9 
0.000445
11   1   4   7   9   0 
0.000445
1   4   6   3   9  10 
0.001382
1   4   6   3  10   0 
0.001382
1   4   7   9  10   0 
0.000691
1   5   6   3   9  10 
0.001285
1   5   6   3  10   0 
0.001285
2   5   6   3   9  10 
0.012715
2   5   6   3  10   0 
0.012715
3   9  10 
0.001103
3  10   0 
0.001103
4   6   3   9  10 
0.000257
4   6   3  10   0 
0.000257
4   7   9  10   0 
0.000128
5   6   3   9  10 
0.000796
5   6   3  10   0 
0.000796
6   3   9  10 
0.000572
6   3  10   0 
0.000572
7   9  10 
0.009329
8   2   5   6   3   9  10   0 
0.000599
8   2   5   6   3  10   0   0 
0.000599
8  11   1   4   6   3   9  10 
0.001498
8  11   1   4   6   3  10   0 
0.001498
8  11   1   4   7   9  10   0 
0.000799
8  11   1   5   6   3   9  10 
0.001486
8  11   1   5   6   3  10   0 
0.001486
9  10 
0.001163
11   1   4   6   3   9  10 
0.000550
11   1   4   6   3  10   0 
0.000550
11   1   4   7   9  10   0 
0.000275
11   1   5   6   3   9  10 
0.000511
11   1   5   6   3  10   0 
0.000511
1  11 
0.051179
2   8  11 
0.024291
3   6   4   1  11   0 
0.002620
3   6   5   1  11   0 
0.004871
3   6   5   2   8  11 
0.004871
4   1  11 
0.006494
5   1  11   0 
0.008112
5   2   8  11 
0.008112
6   4   1  11   0 
0.000836
6   5   1  11   0 
0.001555
6   5   2   8  11 
0.001555
7   4   1  11 
0.022768
8  11 
0.044112
9   3   6   4   1  11   0 
0.000587
9   3   6   5   1  11   0 
0.000587
9   3   6   5   2   8  11 
0.000587
9   7   4   1  11   0   0 
0.000196
10   3   6   4   1  11   0   0 
0.001694
10   3   6   5   1  11   0   0 
0.001694
10   3   6   5   2   8  11   0 
0.001694
10   9   3   6   4   1  11   0 
0.002166
10   9   3   6   5   1  11   0 
0.002166
10   9   3   6   5   2   8  11 
0.002166
10   9   7   4   1  11   0   0 
0.000722
