2  5  1 
0.006077
3  6  4  1 
0.001034
3  6  5  1 
0.001034
4  1 
0.005426
5  1 
0.007010
6  4  1 
0.001436
6  5  1 
0.001436
7  4  1 
0.006997
8  11   1 
0.006922
9  7  4  1 
0.001521
10   3   6   4   1 
0.001020
10   3   6   5   1 
0.001020
10   9   7   4   1 
0.001020
11   1 
0.023659
1  5  2 
0.007587
3  6  5  2 
0.005414
4  1  5  2 
0.000961
4  6  5  2 
0.000961
5  2 
0.009607
6  5  2 
0.003240
7  4  1  5  2 
0.005244
7  4  6  5  2 
0.005244
8  2 
0.001188
9  3  6  5  2 
0.000810
10   3   6   5   2 
0.002715
11   8   2 
0.006420
1  4  6  3 
0.001121
1  5  6  3 
0.001121
2  5  6  3 
0.012717
4  6  3 
0.001946
5  6  3 
0.002944
6  3 
0.004235
7  9  3 
0.009553
8  2  5  6  3 
0.003174
9  3 
0.006086
10   3 
0.005543
11   1   4   6   3 
0.003014
11   1   5   6   3 
0.003014
1  4 
0.001302
2  5  1  4 
0.004620
2  5  6  4 
0.004620
3  6  4 
0.001035
5  1  4 
0.001499
5  6  4 
0.001499
6  4 
0.001065
7  4 
0.035178
8  11   1   4 
0.003519
9  7  4 
0.001612
10   3   6   4 
0.001049
10   9   7   4 
0.001049
11   1   4 
0.001874
1  5 
0.005078
2  5 
0.039919
3  6  5 
0.002670
4  1  5 
0.001368
4  6  5 
0.001368
6  5 
0.004234
7  4  1  5 
0.004238
7  4  6  5 
0.004238
8  2  5 
0.007674
9  3  6  5 
0.002182
10   3   6   5 
0.004390
11   1   5 
0.011764
1  4  6 
0.000780
1  5  6 
0.000780
2  5  6 
0.013310
3  6 
0.003400
4  6 
0.001374
5  6 
0.004244
7  4  6 
0.004388
8  2  5  6 
0.004772
9  3  6 
0.000289
10   3   6 
0.001624
11   1   4   6 
0.001850
11   1   5   6 
0.001850
1  4  7 
0.005624
2  5  1  4  7 
0.020520
2  5  6  4  7 
0.020520
3  9  7 
0.002625
4  7 
0.007755
5  1  4  7 
0.010272
5  6  4  7 
0.010272
6  4  7 
0.004872
8  11   1   4   7 
0.021168
9  7 
0.003577
10   9   7 
0.012335
11   1   4   7 
0.024277
1  11   8 
0.011791
2  8 
0.024026
3  6  5  2  8 
0.007801
4   1  11   8 
0.014349
5  2  8 
0.020968
6  5  2  8 
0.011237
7   4   1  11   8 
0.027928
9  3  6  5  2  8 
0.001548
9   7   4   1  11   8 
0.001548
10   3   6   5   2   8 
0.009541
11   8 
0.025902
1  4  7  9 
0.000278
2  5  6  3  9 
0.001805
3  9 
0.002420
4  7  9 
0.000438
5  6  3  9 
0.000816
6  3  9 
0.000351
7  9 
0.002740
8  2  5  6  3  9 
0.000489
8  11   1   4   7   9 
0.000489
10   9 
0.000729
11   1   4   7   9 
0.001108
1   4   6   3  10 
0.001750
1   4   7   9  10 
0.001750
1   5   6   3  10 
0.002888
2   5   6   3  10 
0.020400
3  10 
0.001799
4   6   3  10 
0.000496
4   7   9  10 
0.000496
5   6   3  10 
0.002810
6   3  10 
0.001712
7   9  10 
0.008741
8   2   5   6   3  10 
0.006088
9  10 
0.002208
11   1   4   6   3  10 
0.000974
11   1   4   7   9  10 
0.000974
11   1   5   6   3  10 
0.001020
1  11 
0.037121
2   8  11 
0.025670
3   6   4   1  11 
0.007271
3   6   5   1  11 
0.007271
4   1  11 
0.008126
5   1  11 
0.018024
6   4   1  11 
0.002326
6   5   1  11 
0.002326
7   4   1  11 
0.026293
8  11 
0.069107
9   7   4   1  11 
0.002324
10   3   6   4   1  11 
0.003753
10   3   6   5   1  11 
0.003753
10   9   7   4   1  11 
0.003753
