2 1 2 0.004978 * 2  5  1 
3 1 3 0.000313 * 3  6  4  1 
3 1 3 0.000313 * 3  6  5  1 
4 1 1 0.000463 * 4  1 
5 1 1 0.005228 * 5  1 
6 1 2 0.000576 * 6  4  1 
6 1 2 0.000576 * 6  5  1 
7 1 2 0.006902 * 7  4  1 
8 1 2 0.005837 * 8  11   1 
9 1 3 0.002255 * 9  7  4  1 
10 1 4 0.000961 * 10   3   6   4   1 
10 1 4 0.000961 * 10   3   6   5   1 
10 1 4 0.000961 * 10   9   7   4   1 
11 1 1 0.053707 * 11   1 
1 2 2 0.004538 * 1  5  2 
3 2 3 0.004535 * 3  6  5  2 
4 2 3 0.003225 * 4  1  5  2 
4 2 3 0.003225 * 4  6  5  2 
5 2 1 0.005020 * 5  2 
6 2 2 0.001794 * 6  5  2 
7 2 4 0.003478 * 7  4  1  5  2 
7 2 4 0.003478 * 7  4  6  5  2 
8 2 1 0.001508 * 8  2 
9 2 4 0.000564 * 9  3  6  5  2 
10 2 4 0.002865 * 10   3   6   5   2 
11 2 2 0.003667 * 11   8   2 
1 3 3 0.000962 * 1  4  6  3 
1 3 3 0.000962 * 1  5  6  3 
2 3 3 0.018079 * 2  5  6  3 
4 3 2 0.001598 * 4  6  3 
5 3 2 0.002016 * 5  6  3 
6 3 1 0.001223 * 6  3 
7 3 2 0.002230 * 7  9  3 
8 3 4 0.004829 * 8  2  5  6  3 
9 3 1 0.002338 * 9  3 
10 3 1 0.004575 * 10   3 
11 3 4 0.001275 * 11   1   4   6   3 
11 3 4 0.001275 * 11   1   5   6   3 
1 4 1 0.001431 * 1  4 
2 4 3 0.004691 * 2  5  1  4 
2 4 3 0.004691 * 2  5  6  4 
3 4 2 0.000600 * 3  6  4 
5 4 2 0.002040 * 5  1  4 
5 4 2 0.002040 * 5  6  4 
6 4 1 0.000494 * 6  4 
7 4 1 0.070104 * 7  4 
8 4 3 0.001751 * 8  11   1   4 
9 4 2 0.000242 * 9  7  4 
10 4 3 0.000371 * 10   3   6   4 
10 4 3 0.000371 * 10   9   7   4 
11 4 2 0.001483 * 11   1   4 
1 5 1 0.003311 * 1  5 
2 5 1 0.041943 * 2  5 
3 5 2 0.002079 * 3  6  5 
4 5 2 0.000872 * 4  1  5 
4 5 2 0.000872 * 4  6  5 
6 5 1 0.003185 * 6  5 
7 5 3 0.002458 * 7  4  1  5 
7 5 3 0.002458 * 7  4  6  5 
8 5 2 0.008051 * 8  2  5 
9 5 3 0.002544 * 9  3  6  5 
10 5 3 0.002600 * 10   3   6   5 
11 5 2 0.007209 * 11   1   5 
1 6 2 0.001375 * 1  4  6 
1 6 2 0.001375 * 1  5  6 
2 6 2 0.015082 * 2  5  6 
3 6 1 0.001056 * 3  6 
4 6 1 0.001208 * 4  6 
5 6 1 0.003344 * 5  6 
7 6 2 0.001575 * 7  4  6 
8 6 3 0.002947 * 8  2  5  6 
9 6 2 0.000197 * 9  3  6 
10 6 2 0.001687 * 10   3   6 
11 6 3 0.002593 * 11   1   4   6 
11 6 3 0.002593 * 11   1   5   6 
1 7 2 0.012973 * 1  4  7 
2 7 4 0.024094 * 2  5  1  4  7 
2 7 4 0.024094 * 2  5  6  4  7 
3 7 2 0.001161 * 3  9  7 
4 7 1 0.003695 * 4  7 
5 7 3 0.005718 * 5  1  4  7 
5 7 3 0.005718 * 5  6  4  7 
6 7 2 0.002470 * 6  4  7 
8 7 4 0.017238 * 8  11   1   4   7 
9 7 1 0.001248 * 9  7 
10 7 2 0.008993 * 10   9   7 
11 7 3 0.020206 * 11   1   4   7 
1 8 2 0.013580 * 1  11   8 
2 8 1 0.020829 * 2  8 
3 8 4 0.005998 * 3  6  5  2  8 
4 8 3 0.013305 * 4   1  11   8 
5 8 2 0.019156 * 5  2  8 
6 8 3 0.005759 * 6  5  2  8 
7 8 4 0.017708 * 7   4   1  11   8 
9 8 5 0.000733 * 9  3  6  5  2  8 
9 8 5 0.000733 * 9   7   4   1  11   8 
10 8 5 0.007997 * 10   3   6   5   2   8 
11 8 1 0.019363 * 11   8 
1 9 3 0.000290 * 1  4  7  9 
2 9 4 0.002651 * 2  5  6  3  9 
3 9 1 0.000923 * 3  9 
4 9 2 0.000195 * 4  7  9 
5 9 3 0.001130 * 5  6  3  9 
6 9 2 0.000126 * 6  3  9 
7 9 1 0.002297 * 7  9 
8 9 5 0.000480 * 8  2  5  6  3  9 
8 9 5 0.000480 * 8  11   1   4   7   9 
10 9 1 0.000706 * 10   9 
11 9 4 0.000435 * 11   1   4   7   9 
1 10 4 0.001602 * 1   4   6   3  10 
1 10 4 0.001602 * 1   4   7   9  10 
1 10 4 0.002704 * 1   5   6   3  10 
2 10 4 0.030630 * 2   5   6   3  10 
3 10 1 0.001318 * 3  10 
4 10 3 0.000400 * 4   6   3  10 
4 10 3 0.000400 * 4   7   9  10 
5 10 3 0.003665 * 5   6   3  10 
6 10 2 0.001053 * 6   3  10 
7 10 2 0.006853 * 7   9  10 
8 10 5 0.007516 * 8   2   5   6   3  10 
9 10 1 0.000909 * 9  10 
11 10 5 0.000896 * 11   1   4   6   3  10 
11 10 5 0.000896 * 11   1   4   7   9  10 
11 10 5 0.000961 * 11   1   5   6   3  10 
1 11 1 0.030942 * 1  11 
2 11 2 0.029301 * 2   8  11 
3 11 4 0.005992 * 3   6   4   1  11 
3 11 4 0.005992 * 3   6   5   1  11 
4 11 2 0.009093 * 4   1  11 
5 11 2 0.018436 * 5   1  11 
6 11 3 0.001739 * 6   4   1  11 
6 11 3 0.001739 * 6   5   1  11 
7 11 3 0.023593 * 7   4   1  11 
8 11 1 0.044268 * 8  11 
9 11 4 0.001041 * 9   7   4   1  11 
10 11 5 0.003283 * 10   3   6   4   1  11 
10 11 5 0.003283 * 10   3   6   5   1  11 
10 11 5 0.003283 * 10   9   7   4   1  11 
