1  5  2  0  0  0  0  0  0  0 
4.687216e-003
1  11   8   2   0   0   0   0   0   0 
3.464054e-014
1  4  6  5  2  0  0  0  0  0 
1.754419e-014
1  4  6  3  0  0  0  0  0  0 
1.576421e-003
1  5  6  3  0  0  0  0  0  0 
1.604383e-003
1  4  7  9  3  0  0  0  0  0 
3.457751e-014
1  4  0  0  0  0  0  0  0  0 
2.709242e-003
1  5  6  4  0  0  0  0  0  0 
1.754621e-014
1  5  0  0  0  0  0  0  0  0 
5.480073e-003
1  4  6  5  0  0  0  0  0  0 
1.765802e-014
1  11   8   2   5   0   0   0   0   0 
1.181550e-014
1  4  6  0  0  0  0  0  0  0 
1.246664e-003
1  5  6  0  0  0  0  0  0  0 
1.308675e-003
1  4  7  0  0  0  0  0  0  0 
5.390042e-003
1  5  6  4  7  0  0  0  0  0 
1.770348e-014
1  11   8   0   0   0   0   0   0   0 
1.315618e-002
1  5  2  8  0  0  0  0  0  0 
3.541375e-014
1  4  6  5  2  8  0  0  0  0 
1.187396e-014
1  4  7  9  0  0  0  0  0  0 
1.631620e-004
1  4  6  3  9  0  0  0  0  0 
6.236075e-014
1  5  6  3  9  0  0  0  0  0 
5.890897e-014
1   4   6   3  10   0   0   0   0   0 
1.502672e-003
1   5   6   3  10   0   0   0   0   0 
1.551136e-003
1   4   7   9  10   0   0   0   0   0 
2.374596e-003
1  11   0   0   0   0   0   0   0   0 
5.535133e-002
1   5   2   8  11   0   0   0   0   0 
1.207632e-014
2  5  1  0  0  0  0  0  0  0 
5.034178e-003
2   8  11   1   0   0   0   0   0   0 
3.475295e-014
2  5  6  4  1  0  0  0  0  0 
1.759714e-014
2  5  6  3  0  0  0  0  0  0 
2.039085e-002
2  5  1  4  6  3  0  0  0  0 
1.786113e-014
2  5  1  4  0  0  0  0  0  0 
5.150960e-003
2  5  6  4  0  0  0  0  0  0 
5.480304e-003
2   8  11   1   4   0   0   0   0   0 
3.519235e-014
2  5  0  0  0  0  0  0  0  0 
4.165336e-002
2   8  11   1   5   0   0   0   0   0 
1.187278e-014
2   8  11   1   4   6   5   0   0   0 
7.169254e-015
2  5  6  0  0  0  0  0  0  0 
1.293924e-002
2  5  1  4  6  0  0  0  0  0 
1.781131e-014
2  5  1  4  7  0  0  0  0  0 
2.142284e-002
2  5  6  4  7  0  0  0  0  0 
2.991505e-002
2   8  11   1   4   7   0   0   0   0 
3.567506e-014
2  8  0  0  0  0  0  0  0  0 
2.075965e-002
2   5   1  11   8   0   0   0   0   0 
1.191948e-014
2  5  6  3  9  0  0  0  0  0 
2.936142e-003
2   5   6   3  10   9   0   0   0   0 
3.491963e-014
2  5  1  4  7  9  0  0  0  0 
3.493730e-014
2   5   6   3  10   0   0   0   0   0 
2.995754e-002
2   5   6   3   9  10   0   0   0   0 
3.575068e-014
2   8  11   0   0   0   0   0   0   0 
1.533880e-002
2   5   1  11   0   0   0   0   0   0 
3.548244e-014
3  6  4  1  0  0  0  0  0  0 
5.300736e-004
3  6  5  1  0  0  0  0  0  0 
5.984394e-004
3  9  7  4  1  0  0  0  0  0 
3.393607e-014
3  6  5  2  0  0  0  0  0  0 
4.536735e-003
3  6  4  1  5  2  0  0  0  0 
1.767041e-014
3  6  4  0  0  0  0  0  0  0 
3.513910e-004
3  9  7  4  0  0  0  0  0  0 
3.263938e-014
3  6  5  0  0  0  0  0  0  0 
2.428818e-003
3  6  4  1  5  0  0  0  0  0 
1.751094e-014
3  6  0  0  0  0  0  0  0  0 
1.696742e-003
3  9  7  4  6  0  0  0  0  0 
1.161581e-014
3  10   9   7   4   6   0   0   0   0 
8.770842e-015
3  9  7  0  0  0  0  0  0  0 
1.474961e-003
3  10   9   7   0   0   0   0   0   0 
3.413110e-014
3  6  4  7  0  0  0  0  0  0 
3.443142e-014
3  6  5  2  8  0  0  0  0  0 
4.304159e-003
3   6   4   1  11   8   0   0   0   0 
3.470426e-014
3   6   5   1  11   8   0   0   0   0 
3.467511e-014
3  9  0  0  0  0  0  0  0  0 
1.094197e-003
3  10   9   0   0   0   0   0   0   0 
3.436307e-014
3  6  4  7  9  0  0  0  0  0 
1.155515e-014
3  10   0   0   0   0   0   0   0   0 
1.178828e-003
3   9  10   0   0   0   0   0   0   0 
3.330605e-014
3   6   4   1  11   0   0   0   0   0 
3.763055e-003
3   6   5   1  11   0   0   0   0   0 
3.604705e-003
3   9   7   4   1  11   0   0   0   0 
3.473656e-014
4  1  0  0  0  0  0  0  0  0 
8.563400e-004
4  6  5  1  0  0  0  0  0  0 
1.728996e-014
4  1  5  2  0  0  0  0  0  0 
6.642023e-003
4  6  5  2  0  0  0  0  0  0 
7.685332e-003
4   1  11   8   2   0   0   0   0   0 
3.530848e-014
4  6  3  0  0  0  0  0  0  0 
2.037537e-003
4  7  9  3  0  0  0  0  0  0 
3.425066e-014
4  1  5  6  3  0  0  0  0  0 
1.729160e-014
4  1  5  0  0  0  0  0  0  0 
1.119151e-003
4  6  5  0  0  0  0  0  0  0 
9.840109e-004
4  6  0  0  0  0  0  0  0  0 
2.508164e-003
4  1  5  6  0  0  0  0  0  0 
1.735369e-014
4  7  9  3  6  0  0  0  0  0 
1.166428e-014
4  7  0  0  0  0  0  0  0  0 
2.116430e-002
4  6  3  9  7  0  0  0  0  0 
1.194894e-014
4   6   3  10   9   7   0   0   0   0 
9.008053e-015
4   1  11   8   0   0   0   0   0   0 
1.120254e-002
4  1  5  2  8  0  0  0  0  0 
3.542488e-014
4  6  5  2  8  0  0  0  0  0 
3.541877e-014
4  7  9  0  0  0  0  0  0  0 
2.810650e-004
4  6  3  9  0  0  0  0  0  0 
3.010761e-014
4   6   3  10   9   0   0   0   0   0 
1.426786e-014
4   7   9  10   0   0   0   0   0   0 
4.896907e-004
4   6   3  10   0   0   0   0   0   0 
4.285923e-004
4   6   3   9  10   0   0   0   0   0 
3.422025e-014
4   1  11   0   0   0   0   0   0   0 
9.660785e-003
4   6   5   1  11   0   0   0   0   0 
1.778056e-014
5  1  0  0  0  0  0  0  0  0 
5.418715e-003
5  6  4  1  0  0  0  0  0  0 
1.765830e-014
5   2   8  11   1   0   0   0   0   0 
1.181568e-014
5  2  0  0  0  0  0  0  0  0 
6.532894e-003
5   1  11   8   2   0   0   0   0   0 
1.185250e-014
5  6  3  0  0  0  0  0  0  0 
3.905124e-003
5  1  4  6  3  0  0  0  0  0 
1.763230e-014
5  1  4  0  0  0  0  0  0  0 
1.957620e-003
5  6  4  0  0  0  0  0  0  0 
1.820956e-003
5  6  0  0  0  0  0  0  0  0 
4.607661e-003
5  1  4  6  0  0  0  0  0  0 
1.766896e-014
5  1  4  7  0  0  0  0  0  0 
4.869703e-003
5  6  4  7  0  0  0  0  0  0 
5.295358e-003
5  6  3  9  7  0  0  0  0  0 
3.493671e-014
5  2  8  0  0  0  0  0  0  0 
1.917173e-002
5   1  11   8   0   0   0   0   0   0 
3.555197e-014
5  6  3  9  0  0  0  0  0  0 
1.042563e-003
5  1  4  7  9  0  0  0  0  0 
3.281582e-014
5  6  4  7  9  0  0  0  0  0 
3.291624e-014
5   6   3  10   0   0   0   0   0   0 
3.180913e-003
5   6   3   9  10   0   0   0   0   0 
3.428165e-014
5   1  11   0   0   0   0   0   0   0 
1.913999e-002
5   2   8  11   0   0   0   0   0   0 
3.556044e-014
6  4  1  0  0  0  0  0  0  0 
4.117020e-004
6  5  1  0  0  0  0  0  0  0 
5.048010e-004
6  5  2  0  0  0  0  0  0  0 
2.945913e-003
6  4  1  5  2  0  0  0  0  0 
1.756453e-014
6  3  0  0  0  0  0  0  0  0 
1.734381e-003
6  4  7  9  3  0  0  0  0  0 
1.164113e-014
6   4   7   9  10   3   0   0   0   0 
8.764118e-015
6  4  0  0  0  0  0  0  0  0 
7.087290e-004
6  5  1  4  0  0  0  0  0  0 
1.700737e-014
6  3  9  7  4  0  0  0  0  0 
1.143966e-014
6  5  0  0  0  0  0  0  0  0 
4.733682e-003
6  4  1  5  0  0  0  0  0  0 
1.767893e-014
6  4  7  0  0  0  0  0  0  0 
2.390374e-003
6  3  9  7  0  0  0  0  0  0 
3.447276e-014
6  5  2  8  0  0  0  0  0  0 
6.645771e-003
6   4   1  11   8   0   0   0   0   0 
3.499591e-014
6   5   1  11   8   0   0   0   0   0 
3.498606e-014
6  3  9  0  0  0  0  0  0  0 
1.351200e-004
6   3  10   9   0   0   0   0   0   0 
3.003233e-014
6  4  7  9  0  0  0  0  0  0 
2.079235e-014
6   3  10   0   0   0   0   0   0   0 
1.138501e-003
6   3   9  10   0   0   0   0   0   0 
3.248911e-014
6   4   7   9  10   0   0   0   0   0 
1.707713e-014
6   4   1  11   0   0   0   0   0   0 
1.441909e-003
6   5   1  11   0   0   0   0   0   0 
1.569000e-003
6   5   2   8  11   0   0   0   0   0 
3.480467e-014
7  4  1  0  0  0  0  0  0  0 
6.552949e-003
7  4  6  5  1  0  0  0  0  0 
1.773087e-014
7  4  6  5  2  0  0  0  0  0 
3.607317e-003
7  4  1  5  2  0  0  0  0  0 
3.461134e-003
7  9  3  6  5  2  0  0  0  0 
3.496867e-014
7  9  3  0  0  0  0  0  0  0 
1.760146e-003
7  4  6  3  0  0  0  0  0  0 
3.451745e-014
7   9  10   3   0   0   0   0   0   0 
3.413480e-014
7  4  0  0  0  0  0  0  0  0 
3.158440e-002
7  9  3  6  4  0  0  0  0  0 
1.200205e-014
7   9  10   3   6   4   0   0   0   0 
8.956390e-015
7  4  6  5  0  0  0  0  0  0 
2.340909e-003
7  4  1  5  0  0  0  0  0  0 
2.383027e-003
7  9  3  6  5  0  0  0  0  0 
3.479429e-014
7  4  6  0  0  0  0  0  0  0 
2.265067e-003
7  9  3  6  0  0  0  0  0  0 
3.460157e-014
7   4   1  11   8   0   0   0   0   0 
1.906046e-002
7  4  6  5  2  8  0  0  0  0 
3.548992e-014
7  4  1  5  2  8  0  0  0  0 
3.548860e-014
7  9  0  0  0  0  0  0  0  0 
3.123040e-003
7  4  6  3  9  0  0  0  0  0 
1.170176e-014
7   4   6   3  10   9   0   0   0   0 
8.836606e-015
7   9  10   0   0   0   0   0   0   0 
7.498221e-003
7   9   3  10   0   0   0   0   0   0 
3.524556e-014
7   4   6   3  10   0   0   0   0   0 
1.772624e-014
7   4   1  11   0   0   0   0   0   0 
2.314681e-002
8  11   1   0   0   0   0   0   0   0 
8.008116e-003
8  2  5  1  0  0  0  0  0  0 
3.522821e-014
8  2  0  0  0  0  0  0  0  0 
1.380142e-003
8  11   1   5   2   0   0   0   0   0 
1.153522e-014
8  11   1   4   6   5   2   0   0   0 
6.977192e-015
8  2  5  6  3  0  0  0  0  0 
2.228954e-003
8  11   1   5   6   3   0   0   0   0 
3.446901e-014
8  11   1   4   6   3   0   0   0   0 
3.442742e-014
8  11   1   4   0   0   0   0   0   0 
2.887022e-003
8  2  5  1  4  0  0  0  0  0 
3.458263e-014
8  2  5  6  4  0  0  0  0  0 
3.458799e-014
8  2  5  0  0  0  0  0  0  0 
8.665560e-003
8  11   1   5   0   0   0   0   0   0 
3.535276e-014
8  2  5  6  0  0  0  0  0  0 
2.999971e-003
8  11   1   5   6   0   0   0   0   0 
3.463248e-014
8  11   1   4   6   0   0   0   0   0 
3.461194e-014
8  11   1   4   7   0   0   0   0   0 
1.799283e-002
8  2  5  1  4  7  0  0  0  0 
3.547897e-014
8  2  5  6  4  7  0  0  0  0 
3.549210e-014
8  11   1   4   7   9   0   0   0   0 
4.429651e-004
8  2  5  6  3  9  0  0  0  0 
4.854519e-004
8  11   1   5   6   3   9   0   0   0 
3.503265e-014
8   2   5   6   3  10   0   0   0   0 
7.861168e-003
8   2   5   6   3   9  10   0   0   0 
3.509353e-014
8  11   1   4   7   9  10   0   0   0 
3.522183e-014
8  11   0   0   0   0   0   0   0   0 
4.591770e-002
8   2   5   1  11   0   0   0   0   0 
1.196786e-014
9  7  4  1  0  0  0  0  0  0 
8.174910e-004
9  3  6  4  1  0  0  0  0  0 
3.110819e-014
9  3  6  5  1  0  0  0  0  0 
3.067570e-014
9  3  6  5  2  0  0  0  0  0 
9.576320e-004
9  10   3   6   5   2   0   0   0   0 
3.226082e-014
9  7  4  6  5  2  0  0  0  0 
3.242008e-014
9  3  0  0  0  0  0  0  0  0 
3.906255e-003
9  10   3   0   0   0   0   0   0   0 
3.442190e-014
9  7  4  6  3  0  0  0  0  0 
1.173927e-014
9  7  4  0  0  0  0  0  0  0 
5.277610e-004
9  3  6  4  0  0  0  0  0  0 
3.142164e-014
9  10   3   6   4   0   0   0   0   0 
1.593044e-014
9  3  6  5  0  0  0  0  0  0 
2.378125e-003
9  10   3   6   5   0   0   0   0   0 
3.455507e-014
9  7  4  6  5  0  0  0  0  0 
3.474692e-014
9  3  6  0  0  0  0  0  0  0 
1.582490e-004
9  10   3   6   0   0   0   0   0   0 
6.006901e-014
9  7  4  6  0  0  0  0  0  0 
5.449655e-014
9  7  0  0  0  0  0  0  0  0 
2.054999e-003
9  3  6  4  7  0  0  0  0  0 
1.163256e-014
9  10   3   6   4   7   0   0   0   0 
8.769152e-015
9   7   4   1  11   8   0   0   0   0 
1.018117e-003
9  3  6  5  2  8  0  0  0  0 
1.326187e-003
9  10   3   6   5   2   8   0   0   0 
3.461506e-014
9  10   0   0   0   0   0   0   0   0 
1.051817e-003
9   3  10   0   0   0   0   0   0   0 
3.393668e-014
9   7   4   1  11   0   0   0   0   0 
1.839999e-003
9   3   6   4   1  11   0   0   0   0 
3.399334e-014
9   3   6   5   1  11   0   0   0   0 
3.400990e-014
10   3   6   4   1   0   0   0   0   0 
1.052698e-003
10   9   7   4   1   0   0   0   0   0 
1.153631e-003
10   3   6   5   1   0   0   0   0   0 
1.146806e-003
10   3   6   5   2   0   0   0   0   0 
2.755891e-003
10   9   3   6   5   2   0   0   0   0 
3.456971e-014
10   3   0   0   0   0   0   0   0   0 
7.049809e-003
10   9   3   0   0   0   0   0   0   0 
3.511457e-014
10   3   6   4   0   0   0   0   0   0 
4.861387e-004
10   9   7   4   0   0   0   0   0   0 
4.983783e-004
10   3   9   7   4   0   0   0   0   0 
3.424093e-014
10   3   6   5   0   0   0   0   0   0 
3.012395e-003
10   9   3   6   5   0   0   0   0   0 
3.455740e-014
10   3   6   0   0   0   0   0   0   0 
1.784525e-003
10   9   3   6   0   0   0   0   0   0 
3.440379e-014
10   9   7   0   0   0   0   0   0   0 
7.518629e-003
10   3   9   7   0   0   0   0   0   0 
3.496813e-014
10   3   6   5   2   8   0   0   0   0 
8.533714e-003
10   9   3   6   5   2   8   0   0   0 
3.533698e-014
10   3   6   5   1  11   8   0   0   0 
3.530373e-014
10   9   0   0   0   0   0   0   0   0 
9.595040e-004
10   3   9   0   0   0   0   0   0   0 
3.316996e-014
10   3   6   4   1  11   0   0   0   0 
3.992443e-003
10   3   6   5   1  11   0   0   0   0 
3.735254e-003
10   9   7   4   1  11   0   0   0   0 
6.338595e-003
11   1   0   0   0   0   0   0   0   0 
3.745066e-002
11   8   2   5   1   0   0   0   0   0 
1.194564e-014
11   8   2   0   0   0   0   0   0   0 
3.861435e-003
11   1   5   2   0   0   0   0   0   0 
3.484239e-014
11   1   4   6   3   0   0   0   0   0 
3.312329e-003
11   1   5   6   3   0   0   0   0   0 
3.202572e-003
11   8   2   5   6   3   0   0   0   0 
3.497194e-014
11   1   4   0   0   0   0   0   0   0 
1.020265e-003
11   1   5   6   4   0   0   0   0   0 
1.734588e-014
11   1   5   0   0   0   0   0   0   0 
9.679582e-003
11   8   2   5   0   0   0   0   0   0 
3.524654e-014
11   1   4   6   5   0   0   0   0   0 
1.774112e-014
11   1   4   6   0   0   0   0   0   0 
2.500854e-003
11   1   5   6   0   0   0   0   0   0 
2.483193e-003
11   8   2   5   6   0   0   0   0   0 
3.489374e-014
11   1   4   7   0   0   0   0   0   0 
1.897319e-002
11   8   0   0   0   0   0   0   0   0 
1.739826e-002
11   1   5   2   8   0   0   0   0   0 
1.192115e-014
11   1   4   7   9   0   0   0   0   0 
3.205790e-004
11   1   4   6   3   9   0   0   0   0 
2.342208e-014
11   1   5   6   3   9   0   0   0   0 
2.358166e-014
11   1   4   7   9  10   0   0   0   0 
8.654373e-004
11   1   5   6   3  10   0   0   0   0 
7.545860e-004
11   1   4   6   3  10   0   0   0   0 
7.014347e-004
