2 1 0.202256 0.003480 * 2  5  1  0 
2 1 0.303381 0.003480 * 2   8  11   1 
3 1 0.303012 0.000977 * 3  6  4  1 
3 1 0.302248 0.000977 * 3  6  5  1 
4 1 0.101403 0.011856 * 4  1 
5 1 0.100590 0.009175 * 5  1 
6 1 0.202273 0.001253 * 6  4  1 
6 1 0.201508 0.001253 * 6  5  1 
7 1 0.202472 0.007193 * 7  4  1 
8 1 0.202253 0.005055 * 8  11   1 
9 1 0.403218 0.000702 * 9  3  6  4  1 
9 1 0.402453 0.000702 * 9  3  6  5  1 
9 1 0.302811 0.000351 * 9  7  4  1  0 
10 1 0.403380 0.000721 * 10   3   6   4   1   0 
10 1 0.402615 0.000721 * 10   3   6   5   1   0 
10 1 0.503450 0.001082 * 10   9   3   6   4   1 
10 1 0.502685 0.001082 * 10   9   3   6   5   1 
10 1 0.403043 0.000611 * 10   9   7   4   1   0 
11 1 0.101060 0.024651 * 11   1 
1 2 0.201497 0.003417 * 1  5  2  0 
1 2 0.303254 0.003417 * 1  11   8   2 
3 2 0.302605 0.006016 * 3  6  5  2 
4 2 0.302899 0.001069 * 4  1  5  2  0 
4 2 0.404657 0.001069 * 4   1  11   8   2 
4 2 0.302140 0.000534 * 4  6  5  2  0 
5 2 0.100948 0.011021 * 5  2 
6 2 0.201866 0.003369 * 6  5  2 
7 2 0.403969 0.002973 * 7  4  1  5  2  0 
7 2 0.505726 0.002973 * 7   4   1  11   8   2 
7 2 0.403210 0.001486 * 7  4  6  5  2  0 
7 2 0.503072 0.001047 * 7  9  3  6  5  2 
8 2 0.100368 0.003843 * 8  2 
9 2 0.402811 0.001902 * 9  3  6  5  2 
10 2 0.402973 0.001060 * 10   3   6   5   2   0 
10 2 0.503043 0.001060 * 10   9   3   6   5   2 
11 2 0.201289 0.006256 * 11   8   2 
1 3 0.301747 0.000727 * 1  4  6  3  0 
1 3 0.402419 0.000727 * 1  4  7  9  3 
1 3 0.302810 0.000522 * 1  5  6  3  0 
2 3 0.303928 0.014459 * 2  5  6  3 
4 3 0.201017 0.001322 * 4  6  3  0 
4 3 0.301689 0.001322 * 4  7  9  3 
5 3 0.202261 0.002674 * 5  6  3 
6 3 0.100744 0.004948 * 6  3 
7 3 0.200467 0.007903 * 7  9  3 
8 3 0.404296 0.000361 * 8  2  5  6  3  0  0 
8 3 0.504000 0.001084 * 8  11   1   4   6   3   0 
8 3 0.604671 0.001084 * 8  11   1   4   7   9   3 
8 3 0.505063 0.001084 * 8  11   1   5   6   3   0 
9 3 0.100206 0.004294 * 9  3 
10 3 0.200438 0.004648 * 10   9   3 
10 3 0.100367 0.004648 * 10   3   0 
11 3 0.402807 0.002000 * 11   1   4   6   3   0 
11 3 0.503478 0.002000 * 11   1   4   7   9   3 
11 3 0.403870 0.001437 * 11   1   5   6   3   0 
1 4 0.100730 0.001714 * 1  4 
2 4 0.302986 0.003186 * 2  5  1  4  0 
2 4 0.304055 0.003186 * 2  5  6  4  0 
2 4 0.404111 0.001897 * 2   8  11   1   4 
3 4 0.201610 0.000740 * 3  6  4  0 
3 4 0.301536 0.000740 * 3  9  7  4 
5 4 0.201320 0.001873 * 5  1  4 
5 4 0.202388 0.001873 * 5  6  4 
6 4 0.100870 0.001769 * 6  4 
7 4 0.101070 0.002839 * 7  4 
8 4 0.302982 0.001581 * 8  11   1   4 
9 4 0.201409 0.000968 * 9  7  4 
10 4 0.301977 0.000663 * 10   3   6   4   0 
10 4 0.401904 0.000663 * 10   3   9   7   4 
10 4 0.301641 0.000332 * 10   9   7   4   0 
11 4 0.201789 0.002656 * 11   1   4 
1 5 0.100549 0.008718 * 1  5 
2 5 0.101667 0.036059 * 2  5 
3 5 0.201658 0.003351 * 3  6  5 
4 5 0.201952 0.001457 * 4  1  5 
4 5 0.201192 0.001457 * 4  6  5 
6 5 0.100919 0.006399 * 6  5 
7 5 0.303022 0.003435 * 7  4  1  5  0 
7 5 0.302262 0.003435 * 7  4  6  5  0 
7 5 0.402125 0.002328 * 7  9  3  6  5 
8 5 0.202035 0.006390 * 8  2  5  0 
8 5 0.302802 0.006390 * 8  11   1   5 
9 5 0.301863 0.003458 * 9  3  6  5 
10 5 0.302025 0.002202 * 10   3   6   5   0 
10 5 0.402096 0.002202 * 10   9   3   6   5 
11 5 0.201609 0.013730 * 11   1   5 
1 6 0.201003 0.002046 * 1  4  6 
1 6 0.202067 0.002046 * 1  5  6 
2 6 0.203184 0.013990 * 2  5  6 
3 6 0.100739 0.003789 * 3  6 
4 6 0.100274 0.002162 * 4  6 
5 6 0.101518 0.004265 * 5  6 
7 6 0.201343 0.001436 * 7  4  6  0 
7 6 0.301206 0.001436 * 7  9  3  6 
8 6 0.303552 0.000636 * 8  2  5  6  0 
8 6 0.403256 0.001271 * 8  11   1   4   6 
8 6 0.404319 0.001271 * 8  11   1   5   6 
9 6 0.200945 0.001141 * 9  3  6 
10 6 0.201107 0.000571 * 10   3   6   0 
10 6 0.301177 0.000571 * 10   9   3   6 
11 6 0.302063 0.002267 * 11   1   4   6 
11 6 0.303126 0.002267 * 11   1   5   6 
1 7 0.201951 0.008510 * 1  4  7 
2 7 0.404208 0.010047 * 2  5  1  4  7  0 
2 7 0.504394 0.011637 * 2  5  6  3  9  7 
2 7 0.405276 0.011637 * 2  5  6  4  7  0 
2 7 0.505333 0.006920 * 2   8  11   1   4   7 
3 7 0.200466 0.005533 * 3  9  7 
4 7 0.101222 0.004022 * 4  7 
5 7 0.302541 0.004112 * 5  1  4  7  0 
5 7 0.402728 0.004763 * 5  6  3  9  7 
5 7 0.303610 0.004763 * 5  6  4  7  0 
6 7 0.301210 0.002311 * 6  3  9  7 
6 7 0.202092 0.002311 * 6  4  7  0 
8 7 0.404204 0.020072 * 8  11   1   4   7 
9 7 0.100339 0.001000 * 9  7 
10 7 0.300834 0.005937 * 10   3   9   7 
10 7 0.200571 0.005937 * 10   9   7   0 
11 7 0.303011 0.021522 * 11   1   4   7 
1 8 0.302625 0.008035 * 1  5  2  8 
1 8 0.202886 0.008035 * 1  11   8   0 
2 8 0.101129 0.028198 * 2  8 
3 8 0.403734 0.006606 * 3  6  5  2  8 
4 8 0.404028 0.005517 * 4  1  5  2  8 
4 8 0.304288 0.005517 * 4   1  11   8   0 
4 8 0.403268 0.003682 * 4  6  5  2  8 
5 8 0.202076 0.025055 * 5  2  8 
6 8 0.302995 0.009511 * 6  5  2  8 
7 8 0.505098 0.009881 * 7  4  1  5  2  8 
7 8 0.405358 0.009881 * 7   4   1  11   8   0 
7 8 0.504338 0.006594 * 7  4  6  5  2  8 
9 8 0.503940 0.000301 * 9  3  6  5  2  8  0 
9 8 0.605437 0.000902 * 9  7  4  1  5  2  8 
9 8 0.505697 0.000902 * 9   7   4   1  11   8   0 
9 8 0.604677 0.000902 * 9  7  4  6  5  2  8 
10 8 0.504102 0.000580 * 10   3   6   5   2   8   0   0 
10 8 0.604172 0.000840 * 10   9   3   6   5   2   8   0 
10 8 0.705669 0.002321 * 10   9   7   4   1   5   2   8 
10 8 0.605929 0.002321 * 10   9   7   4   1  11   8   0 
10 8 0.704909 0.002321 * 10   9   7   4   6   5   2   8 
11 8 0.100920 0.026586 * 11   8 
1 9 0.401875 0.000166 * 1  4  6  3  9 
1 9 0.302213 0.000166 * 1  4  7  9  0 
2 9 0.604131 0.000715 * 2  5  1  4  6  3  9 
2 9 0.504469 0.000715 * 2  5  1  4  7  9  0 
2 9 0.404056 0.000389 * 2  5  6  3  9  0  0 
3 9 0.100128 0.003056 * 3  9 
4 9 0.301145 0.000265 * 4  6  3  9 
4 9 0.201483 0.000265 * 4  7  9  0 
5 9 0.502465 0.000600 * 5  1  4  6  3  9 
5 9 0.402803 0.000600 * 5  1  4  7  9  0 
5 9 0.302389 0.000327 * 5  6  3  9  0  0 
6 9 0.200872 0.000332 * 6  3  9 
7 9 0.100261 0.000857 * 7  9 
8 9 0.704499 0.000317 * 8  2  5  1  4  6  3  9 
8 9 0.604837 0.000317 * 8  2  5  1  4  7  9  0 
8 9 0.504424 0.000317 * 8  2  5  6  3  9  0  0 
8 9 0.604127 0.000211 * 8  11   1   4   6   3   9   0 
8 9 0.504465 0.000211 * 8  11   1   4   7   9   0   0 
10 9 0.200495 0.000767 * 10   3   9 
10 9 0.100232 0.000767 * 10   9   0 
11 9 0.502934 0.000459 * 11   1   4   6   3   9 
11 9 0.403272 0.000459 * 11   1   4   7   9   0 
1 10 0.502049 0.001380 * 1   4   6   3   9  10 
1 10 0.402107 0.001380 * 1   4   6   3  10   0 
1 10 0.402387 0.000690 * 1   4   7   9  10   0 
1 10 0.503113 0.001195 * 1   5   6   3   9  10 
1 10 0.403170 0.001195 * 1   5   6   3  10   0 
2 10 0.504230 0.007775 * 2   5   6   3   9  10 
2 10 0.404288 0.007775 * 2   5   6   3  10   0 
3 10 0.200302 0.000935 * 3   9  10 
3 10 0.100360 0.000935 * 3  10   0 
4 10 0.401319 0.000527 * 4   6   3   9  10 
4 10 0.301377 0.000527 * 4   6   3  10   0 
4 10 0.301657 0.000264 * 4   7   9  10   0 
5 10 0.402563 0.002115 * 5   6   3   9  10 
5 10 0.302621 0.002115 * 5   6   3  10   0 
6 10 0.301046 0.001033 * 6   3   9  10 
6 10 0.201103 0.001033 * 6   3  10   0 
7 10 0.200436 0.009247 * 7   9  10 
8 10 0.604598 0.000473 * 8   2   5   6   3   9  10   0 
8 10 0.504656 0.000473 * 8   2   5   6   3  10   0   0 
8 10 0.704302 0.001182 * 8  11   1   4   6   3   9  10 
8 10 0.604359 0.001182 * 8  11   1   4   6   3  10   0 
8 10 0.604640 0.000834 * 8  11   1   4   7   9  10   0 
8 10 0.705365 0.001182 * 8  11   1   5   6   3   9  10 
8 10 0.605423 0.001182 * 8  11   1   5   6   3  10   0 
9 10 0.100174 0.002744 * 9  10 
11 10 0.603109 0.000879 * 11   1   4   6   3   9  10 
11 10 0.503166 0.000879 * 11   1   4   6   3  10   0 
11 10 0.503447 0.000439 * 11   1   4   7   9  10   0 
11 10 0.604172 0.000761 * 11   1   5   6   3   9  10 
11 10 0.504230 0.000761 * 11   1   5   6   3  10   0 
1 11 0.101965 0.038854 * 1  11 
2 11 0.202322 0.031972 * 2   8  11 
3 11 0.404978 0.003161 * 3   6   4   1  11   0 
3 11 0.404213 0.005717 * 3   6   5   1  11   0 
3 11 0.504927 0.005717 * 3   6   5   2   8  11 
4 11 0.203368 0.006337 * 4   1  11 
5 11 0.202555 0.009298 * 5   1  11   0 
5 11 0.303269 0.009298 * 5   2   8  11 
6 11 0.304239 0.001250 * 6   4   1  11   0 
6 11 0.303474 0.002262 * 6   5   1  11   0 
6 11 0.404188 0.002262 * 6   5   2   8  11 
7 11 0.304438 0.033570 * 7   4   1  11 
8 11 0.101193 0.058232 * 8  11 
9 11 0.505183 0.000504 * 9   3   6   4   1  11   0 
9 11 0.504419 0.000504 * 9   3   6   5   1  11   0 
9 11 0.605133 0.000504 * 9   3   6   5   2   8  11 
9 11 0.404777 0.000168 * 9   7   4   1  11   0   0 
10 11 0.505345 0.002148 * 10   3   6   4   1  11   0   0 
10 11 0.504580 0.002148 * 10   3   6   5   1  11   0   0 
10 11 0.605295 0.002148 * 10   3   6   5   2   8  11   0 
10 11 0.605416 0.002569 * 10   9   3   6   4   1  11   0 
10 11 0.604651 0.002569 * 10   9   3   6   5   1  11   0 
10 11 0.705365 0.002569 * 10   9   3   6   5   2   8  11 
10 11 0.505009 0.000856 * 10   9   7   4   1  11   0   0 
