2 1 0.202492 0.002947 * 2  5  1  0 
2 1 0.302888 0.002947 * 2   8  11   1 
3 1 0.302432 0.000282 * 3  6  4  1 
3 1 0.301695 0.000282 * 3  6  5  1 
4 1 0.100942 0.000573 * 4  1 
5 1 0.100460 0.005760 * 5  1 
6 1 0.201869 0.000502 * 6  4  1 
6 1 0.201132 0.000502 * 6  5  1 
7 1 0.201680 0.005855 * 7  4  1 
8 1 0.201992 0.004578 * 8  11   1 
9 1 0.402512 0.000690 * 9  3  6  4  1 
9 1 0.401774 0.000690 * 9  3  6  5  1 
9 1 0.301906 0.000345 * 9  7  4  1  0 
10 1 0.402723 0.000483 * 10   3   6   4   1   0 
10 1 0.401985 0.000483 * 10   3   6   5   1   0 
10 1 0.502677 0.000724 * 10   9   3   6   4   1 
10 1 0.501939 0.000724 * 10   9   3   6   5   1 
10 1 0.402071 0.000481 * 10   9   7   4   1   0 
11 1 0.101086 0.033728 * 11   1 
1 2 0.201251 0.003142 * 1  5  2  0 
1 2 0.302580 0.003142 * 1  11   8   2 
3 2 0.302050 0.003870 * 3  6  5  2 
4 2 0.302193 0.001179 * 4  1  5  2  0 
4 2 0.403522 0.001179 * 4   1  11   8   2 
4 2 0.301730 0.000590 * 4  6  5  2  0 
5 2 0.100815 0.009717 * 5  2 
6 2 0.201487 0.003247 * 6  5  2 
7 2 0.402931 0.002149 * 7  4  1  5  2  0 
7 2 0.504260 0.002149 * 7   4   1  11   8   2 
7 2 0.402468 0.001172 * 7  4  6  5  2  0 
7 2 0.502327 0.000716 * 7  9  3  6  5  2 
8 2 0.100315 0.002010 * 8  2 
9 2 0.402129 0.000644 * 9  3  6  5  2 
10 2 0.402340 0.001903 * 10   3   6   5   2   0 
10 2 0.502294 0.001903 * 10   9   3   6   5   2 
11 2 0.201050 0.002217 * 11   8   2 
1 3 0.301834 0.000951 * 1  4  6  3  0 
1 3 0.402147 0.000951 * 1  4  7  9  3 
1 3 0.303129 0.000742 * 1  5  6  3  0 
2 3 0.304725 0.015798 * 2  5  6  3 
4 3 0.201159 0.001181 * 4  6  3  0 
4 3 0.301472 0.001181 * 4  7  9  3 
5 3 0.202693 0.001405 * 5  6  3 
6 3 0.100916 0.007062 * 6  3 
7 3 0.200278 0.001119 * 7  9  3 
8 3 0.405040 0.000522 * 8  2  5  6  3  0  0 
8 3 0.503826 0.001567 * 8  11   1   4   6   3   0 
8 3 0.604140 0.001567 * 8  11   1   4   7   9   3 
8 3 0.505121 0.001567 * 8  11   1   5   6   3   0 
9 3 0.100079 0.004038 * 9  3 
10 3 0.200244 0.002423 * 10   9   3 
10 3 0.100290 0.002423 * 10   3   0 
11 3 0.402920 0.002151 * 11   1   4   6   3   0 
11 3 0.503233 0.002151 * 11   1   4   7   9   3 
11 3 0.404215 0.001677 * 11   1   5   6   3   0 
1 4 0.100675 0.002198 * 1  4 
2 4 0.303167 0.003460 * 2  5  1  4  0 
2 4 0.304736 0.003460 * 2  5  6  4  0 
2 4 0.403563 0.002331 * 2   8  11   1   4 
3 4 0.201491 0.000284 * 3  6  4  0 
3 4 0.301042 0.000284 * 3  9  7  4 
5 4 0.201135 0.001494 * 5  1  4 
5 4 0.202704 0.001494 * 5  6  4 
6 4 0.100928 0.001088 * 6  4 
7 4 0.100738 0.005933 * 7  4 
8 4 0.302667 0.001765 * 8  11   1   4 
9 4 0.200964 0.000540 * 9  7  4 
10 4 0.301781 0.000373 * 10   3   6   4   0 
10 4 0.401333 0.000373 * 10   3   9   7   4 
10 4 0.301129 0.000196 * 10   9   7   4   0 
11 4 0.201761 0.001805 * 11   1   4 
1 5 0.100436 0.004125 * 1  5 
2 5 0.102032 0.043591 * 2  5 
3 5 0.201235 0.004455 * 3  6  5 
4 5 0.201378 0.001341 * 4  1  5 
4 5 0.200915 0.001341 * 4  6  5 
6 5 0.100672 0.002949 * 6  5 
7 5 0.302116 0.002496 * 7  4  1  5  0 
7 5 0.301653 0.002496 * 7  4  6  5  0 
7 5 0.401513 0.001545 * 7  9  3  6  5 
8 5 0.202347 0.005483 * 8  2  5  0 
8 5 0.302428 0.005483 * 8  11   1   5 
9 5 0.301314 0.000842 * 9  3  6  5 
10 5 0.301525 0.001515 * 10   3   6   5   0 
10 5 0.401479 0.001515 * 10   9   3   6   5 
11 5 0.201522 0.010552 * 11   1   5 
1 6 0.200918 0.001684 * 1  4  6 
1 6 0.202213 0.001684 * 1  5  6 
2 6 0.203809 0.015393 * 2  5  6 
3 6 0.100563 0.001096 * 3  6 
4 6 0.100243 0.001272 * 4  6 
5 6 0.101777 0.003423 * 5  6 
7 6 0.200981 0.000813 * 7  4  6  0 
7 6 0.300841 0.000813 * 7  9  3  6 
8 6 0.304124 0.000638 * 8  2  5  6  0 
8 6 0.402910 0.001275 * 8  11   1   4   6 
8 6 0.404205 0.001275 * 8  11   1   5   6 
9 6 0.200642 0.000255 * 9  3  6 
10 6 0.200853 0.000829 * 10   3   6   0 
10 6 0.300807 0.000829 * 10   9   3   6 
11 6 0.302004 0.003101 * 11   1   4   6 
11 6 0.303299 0.003101 * 11   1   5   6 
1 7 0.201870 0.005200 * 1  4  7 
2 7 0.404361 0.012763 * 2  5  1  4  7  0 
2 7 0.505029 0.013592 * 2  5  6  3  9  7 
2 7 0.405931 0.013592 * 2  5  6  4  7  0 
2 7 0.504758 0.009427 * 2   8  11   1   4   7 
3 7 0.200304 0.001396 * 3  9  7 
4 7 0.101195 0.002605 * 4  7 
5 7 0.302329 0.004187 * 5  1  4  7  0 
5 7 0.402997 0.004459 * 5  6  3  9  7 
5 7 0.303899 0.004459 * 5  6  4  7  0 
6 7 0.301220 0.001085 * 6  3  9  7 
6 7 0.202122 0.001085 * 6  4  7  0 
8 7 0.403862 0.016979 * 8  11   1   4   7 
9 7 0.100226 0.001503 * 9  7 
10 7 0.300595 0.004020 * 10   3   9   7 
10 7 0.200391 0.004020 * 10   9   7   0 
11 7 0.302955 0.018605 * 11   1   4   7 
1 8 0.302147 0.007976 * 1  5  2  8 
1 8 0.202265 0.007976 * 1  11   8   0 
2 8 0.100896 0.021937 * 2  8 
3 8 0.402946 0.005931 * 3  6  5  2  8 
4 8 0.403089 0.004805 * 4  1  5  2  8 
4 8 0.303207 0.004805 * 4   1  11   8   0 
4 8 0.402626 0.002845 * 4  6  5  2  8 
5 8 0.201711 0.022947 * 5  2  8 
6 8 0.302383 0.006550 * 6  5  2  8 
7 8 0.503827 0.006296 * 7  4  1  5  2  8 
7 8 0.403945 0.006296 * 7   4   1  11   8   0 
7 8 0.503364 0.003728 * 7  4  6  5  2  8 
9 8 0.503025 0.000181 * 9  3  6  5  2  8  0 
9 8 0.604053 0.000544 * 9  7  4  1  5  2  8 
9 8 0.504171 0.000544 * 9   7   4   1  11   8   0 
9 8 0.603590 0.000544 * 9  7  4  6  5  2  8 
10 8 0.503236 0.000548 * 10   3   6   5   2   8   0   0 
10 8 0.603190 0.000710 * 10   9   3   6   5   2   8   0 
10 8 0.704218 0.002131 * 10   9   7   4   1   5   2   8 
10 8 0.604336 0.002131 * 10   9   7   4   1  11   8   0 
10 8 0.703755 0.002131 * 10   9   7   4   6   5   2   8 
11 8 0.100735 0.025125 * 11   8 
1 9 0.401913 0.000201 * 1  4  6  3  9 
1 9 0.302068 0.000201 * 1  4  7  9  0 
2 9 0.604404 0.000890 * 2  5  1  4  6  3  9 
2 9 0.504560 0.000890 * 2  5  1  4  7  9  0 
2 9 0.404803 0.000547 * 2  5  6  3  9  0  0 
3 9 0.100078 0.002785 * 3  9 
4 9 0.301238 0.000109 * 4  6  3  9 
4 9 0.201393 0.000109 * 4  7  9  0 
5 9 0.502372 0.000350 * 5  1  4  6  3  9 
5 9 0.402528 0.000350 * 5  1  4  7  9  0 
5 9 0.302771 0.000215 * 5  6  3  9  0  0 
6 9 0.200995 0.000162 * 6  3  9 
7 9 0.100198 0.002470 * 7  9 
8 9 0.704720 0.000224 * 8  2  5  1  4  6  3  9 
8 9 0.604875 0.000224 * 8  2  5  1  4  7  9  0 
8 9 0.505119 0.000224 * 8  2  5  6  3  9  0  0 
8 9 0.603905 0.000149 * 8  11   1   4   6   3   9   0 
8 9 0.504060 0.000149 * 8  11   1   4   7   9   0   0 
10 9 0.200369 0.000366 * 10   3   9 
10 9 0.100165 0.000366 * 10   9   0 
11 9 0.502998 0.000294 * 11   1   4   6   3   9 
11 9 0.403154 0.000294 * 11   1   4   7   9   0 
1 10 0.502065 0.001430 * 1   4   6   3   9  10 
1 10 0.402313 0.001430 * 1   4   6   3  10   0 
1 10 0.402220 0.000715 * 1   4   7   9  10   0 
1 10 0.503360 0.001333 * 1   5   6   3   9  10 
1 10 0.403608 0.001333 * 1   5   6   3  10   0 
2 10 0.504956 0.015167 * 2   5   6   3   9  10 
2 10 0.405204 0.015167 * 2   5   6   3  10   0 
3 10 0.200231 0.000501 * 3   9  10 
3 10 0.100479 0.000501 * 3  10   0 
4 10 0.401390 0.000305 * 4   6   3   9  10 
4 10 0.301639 0.000305 * 4   6   3  10   0 
4 10 0.301545 0.000153 * 4   7   9  10   0 
5 10 0.402924 0.001472 * 5   6   3   9  10 
5 10 0.303172 0.001472 * 5   6   3  10   0 
6 10 0.301147 0.000508 * 6   3   9  10 
6 10 0.201395 0.000508 * 6   3  10   0 
7 10 0.200351 0.006230 * 7   9  10 
8 10 0.605271 0.000547 * 8   2   5   6   3   9  10   0 
8 10 0.505519 0.000547 * 8   2   5   6   3  10   0   0 
8 10 0.704057 0.001368 * 8  11   1   4   6   3   9  10 
8 10 0.604306 0.001368 * 8  11   1   4   6   3  10   0 
8 10 0.604212 0.000954 * 8  11   1   4   7   9  10   0 
8 10 0.705352 0.001368 * 8  11   1   5   6   3   9  10 
8 10 0.605601 0.001368 * 8  11   1   5   6   3  10   0 
9 10 0.100152 0.000908 * 9  10 
11 10 0.603151 0.001340 * 11   1   4   6   3   9  10 
11 10 0.503399 0.001340 * 11   1   4   6   3  10   0 
11 10 0.503306 0.000670 * 11   1   4   7   9  10   0 
11 10 0.604446 0.001249 * 11   1   5   6   3   9  10 
11 10 0.504694 0.001249 * 11   1   5   6   3  10   0 
1 11 0.101530 0.030291 * 1  11 
2 11 0.201803 0.022744 * 2   8  11 
3 11 0.403963 0.002533 * 3   6   4   1  11   0 
3 11 0.403225 0.005067 * 3   6   5   1  11   0 
3 11 0.503852 0.005067 * 3   6   5   2   8  11 
4 11 0.202472 0.005591 * 4   1  11 
5 11 0.201990 0.009678 * 5   1  11   0 
5 11 0.302618 0.009678 * 5   2   8  11 
6 11 0.303400 0.001095 * 6   4   1  11   0 
6 11 0.302662 0.002190 * 6   5   1  11   0 
6 11 0.403289 0.002190 * 6   5   2   8  11 
7 11 0.303210 0.019183 * 7   4   1  11 
8 11 0.100906 0.042984 * 8  11 
9 11 0.504042 0.000259 * 9   3   6   4   1  11   0 
9 11 0.503304 0.000259 * 9   3   6   5   1  11   0 
9 11 0.603932 0.000259 * 9   3   6   5   2   8  11 
9 11 0.403436 0.000086 * 9   7   4   1  11   0   0 
10 11 0.504253 0.001731 * 10   3   6   4   1  11   0   0 
10 11 0.503515 0.001731 * 10   3   6   5   1  11   0   0 
10 11 0.604143 0.001731 * 10   3   6   5   2   8  11   0 
10 11 0.604207 0.001954 * 10   9   3   6   4   1  11   0 
10 11 0.603469 0.001954 * 10   9   3   6   5   1  11   0 
10 11 0.704097 0.001954 * 10   9   3   6   5   2   8  11 
10 11 0.503601 0.000651 * 10   9   7   4   1  11   0   0 
