2 1 0.202129 0.007131 * 2  5  1 
3 1 0.303558 0.000951 * 3  6  4  1 
3 1 0.301759 0.000951 * 3  6  5  1 
4 1 0.101611 0.004937 * 4  1 
5 1 0.100332 0.006694 * 5  1 
6 1 0.202824 0.000742 * 6  4  1 
6 1 0.201026 0.000742 * 6  5  1 
7 1 0.202937 0.007386 * 7  4  1 
8 1 0.302447 0.002786 * 8  2  5  1 
8 1 0.202311 0.002786 * 8  11   1   0 
9 1 0.403756 0.000482 * 9  3  6  4  1 
9 1 0.401957 0.000482 * 9  3  6  5  1 
9 1 0.303249 0.000241 * 9  7  4  1  0 
10 1 0.403938 0.000456 * 10   3   6   4   1   0 
10 1 0.402140 0.000456 * 10   3   6   5   1   0 
10 1 0.503960 0.000684 * 10   9   3   6   4   1 
10 1 0.502162 0.000684 * 10   9   3   6   5   1 
10 1 0.403453 0.000399 * 10   9   7   4   1   0 
11 1 0.101143 0.028925 * 11   1 
1 2 0.201396 0.003501 * 1  5  2  0 
1 2 0.303234 0.003501 * 1  11   8   2 
3 2 0.302369 0.005724 * 3  6  5  2 
4 2 0.303007 0.000904 * 4  1  5  2  0 
4 2 0.404845 0.000904 * 4   1  11   8   2 
4 2 0.301955 0.000452 * 4  6  5  2  0 
5 2 0.100942 0.009996 * 5  2 
6 2 0.201636 0.004589 * 6  5  2 
7 2 0.404333 0.003702 * 7  4  1  5  2  0 
7 2 0.506171 0.003702 * 7   4   1  11   8   2 
7 2 0.403281 0.001851 * 7  4  6  5  2  0 
7 2 0.502861 0.001444 * 7  9  3  6  5  2 
8 2 0.100318 0.002629 * 8  2 
9 2 0.402567 0.000856 * 9  3  6  5  2 
10 2 0.402749 0.001411 * 10   3   6   5   2   0 
10 2 0.502771 0.001411 * 10   9   3   6   5   2 
11 2 0.201173 0.006898 * 11   8   2 
1 3 0.301902 0.001054 * 1  4  6  3  0 
1 3 0.402773 0.001054 * 1  4  7  9  3 
1 3 0.302923 0.000870 * 1  5  6  3  0 
2 3 0.304266 0.015257 * 2  5  6  3 
4 3 0.201129 0.001014 * 4  6  3  0 
4 3 0.302000 0.001014 * 4  7  9  3 
5 3 0.202469 0.003039 * 5  6  3 
6 3 0.100810 0.003899 * 6  3 
7 3 0.200492 0.008045 * 7  9  3 
8 3 0.404584 0.000385 * 8  2  5  6  3  0  0 
8 3 0.504213 0.001154 * 8  11   1   4   6   3   0 
8 3 0.605084 0.001154 * 8  11   1   4   7   9   3 
8 3 0.505234 0.001154 * 8  11   1   5   6   3   0 
9 3 0.100198 0.005783 * 9  3 
10 3 0.200402 0.002964 * 10   9   3 
10 3 0.100380 0.002964 * 10   3   0 
11 3 0.403045 0.002997 * 11   1   4   6   3   0 
11 3 0.503915 0.002997 * 11   1   4   7   9   3 
11 3 0.404066 0.002472 * 11   1   5   6   3   0 
1 4 0.100773 0.002827 * 1  4 
2 4 0.302902 0.004742 * 2  5  1  4 
2 4 0.304670 0.004742 * 2  5  6  4 
3 4 0.201947 0.000465 * 3  6  4  0 
3 4 0.301759 0.000465 * 3  9  7  4 
5 4 0.201105 0.001211 * 5  1  4 
5 4 0.202873 0.001211 * 5  6  4 
6 4 0.101214 0.001607 * 6  4 
7 4 0.101327 0.034434 * 7  4 
8 4 0.403220 0.000550 * 8  2  5  1  4 
8 4 0.404987 0.000550 * 8  2  5  6  4 
8 4 0.303084 0.000275 * 8  11   1   4   0 
9 4 0.201638 0.001086 * 9  7  4 
10 4 0.302327 0.000820 * 10   3   6   4   0 
10 4 0.402140 0.000820 * 10   3   9   7   4 
10 4 0.301843 0.000496 * 10   9   7   4   0 
11 4 0.201915 0.001668 * 11   1   4 
1 5 0.100454 0.004558 * 1  5 
2 5 0.101797 0.036330 * 2  5 
3 5 0.201427 0.003035 * 3  6  5 
4 5 0.202065 0.001346 * 4  1  5 
4 5 0.201013 0.001346 * 4  6  5 
6 5 0.100694 0.004423 * 6  5 
7 5 0.303391 0.002305 * 7  4  1  5  0 
7 5 0.302339 0.002305 * 7  4  6  5  0 
7 5 0.401919 0.001377 * 7  9  3  6  5 
8 5 0.202115 0.003976 * 8  2  5  0 
8 5 0.302765 0.003976 * 8  11   1   5 
9 5 0.301625 0.001839 * 9  3  6  5 
10 5 0.301807 0.001635 * 10   3   6   5   0 
10 5 0.401830 0.001635 * 10   9   3   6   5 
11 5 0.201597 0.012818 * 11   1   5 
1 6 0.201092 0.000774 * 1  4  6 
1 6 0.202113 0.000774 * 1  5  6 
2 6 0.203456 0.015452 * 2  5  6 
3 6 0.100733 0.003507 * 3  6 
4 6 0.100319 0.001437 * 4  6 
5 6 0.101659 0.003965 * 5  6 
7 6 0.201646 0.002327 * 7  4  6  0 
7 6 0.301225 0.002327 * 7  9  3  6 
8 6 0.303774 0.000913 * 8  2  5  6  0 
8 6 0.403403 0.001827 * 8  11   1   4   6 
8 6 0.404424 0.001827 * 8  11   1   5   6 
9 6 0.200931 0.000492 * 9  3  6 
10 6 0.201113 0.000736 * 10   3   6   0 
10 6 0.301136 0.000736 * 10   9   3   6 
11 6 0.302234 0.002167 * 11   1   4   6 
11 6 0.303256 0.002167 * 11   1   5   6 
1 7 0.202281 0.005059 * 1  4  7 
2 7 0.404410 0.014405 * 2  5  1  4  7  0 
2 7 0.504699 0.016050 * 2  5  6  3  9  7 
2 7 0.406178 0.016050 * 2  5  6  4  7  0 
3 7 0.200433 0.003202 * 3  9  7 
4 7 0.101508 0.020688 * 4  7 
5 7 0.302613 0.005592 * 5  1  4  7  0 
5 7 0.402902 0.006230 * 5  6  3  9  7 
5 7 0.304381 0.006230 * 5  6  4  7  0 
6 7 0.301243 0.003076 * 6  3  9  7 
6 7 0.202722 0.003076 * 6  4  7  0 
8 7 0.504728 0.006500 * 8  2  5  1  4  7  0 
8 7 0.605017 0.006500 * 8  2  5  6  3  9  7 
8 7 0.506495 0.006500 * 8  2  5  6  4  7  0 
8 7 0.404592 0.002167 * 8  11   1   4   7   0   0 
9 7 0.100312 0.002068 * 9  7 
10 7 0.300813 0.005955 * 10   3   9   7 
10 7 0.200516 0.005955 * 10   9   7   0 
11 7 0.303423 0.023359 * 11   1   4   7 
1 8 0.302400 0.005621 * 1  5  2  8 
1 8 0.202916 0.005621 * 1  11   8   0 
2 8 0.101004 0.023251 * 2  8 
3 8 0.403373 0.007261 * 3  6  5  2  8 
4 8 0.404011 0.004706 * 4  1  5  2  8 
4 8 0.304527 0.004706 * 4   1  11   8   0 
4 8 0.402959 0.003540 * 4  6  5  2  8 
5 8 0.201946 0.018780 * 5  2  8 
6 8 0.302640 0.010065 * 6  5  2  8 
7 8 0.505338 0.010506 * 7  4  1  5  2  8 
7 8 0.405854 0.010506 * 7   4   1  11   8   0 
7 8 0.504286 0.007904 * 7  4  6  5  2  8 
9 8 0.503571 0.000416 * 9  3  6  5  2  8  0 
9 8 0.605649 0.001247 * 9  7  4  1  5  2  8 
9 8 0.506165 0.001247 * 9   7   4   1  11   8   0 
9 8 0.604597 0.001247 * 9  7  4  6  5  2  8 
10 8 0.503753 0.000717 * 10   3   6   5   2   8   0   0 
10 8 0.603776 0.001075 * 10   9   3   6   5   2   8   0 
10 8 0.705854 0.002868 * 10   9   7   4   1   5   2   8 
10 8 0.606370 0.002868 * 10   9   7   4   1  11   8   0 
10 8 0.704802 0.002868 * 10   9   7   4   6   5   2   8 
11 8 0.100856 0.023371 * 11   8 
1 9 0.402023 0.000150 * 1  4  6  3  9 
1 9 0.302575 0.000150 * 1  4  7  9  0 
2 9 0.604152 0.000899 * 2  5  1  4  6  3  9 
2 9 0.504704 0.000899 * 2  5  1  4  7  9  0 
2 9 0.404387 0.000473 * 2  5  6  3  9  0  0 
3 9 0.100121 0.005044 * 3  9 
4 9 0.301250 0.000294 * 4  6  3  9 
4 9 0.201802 0.000294 * 4  7  9  0 
5 9 0.502355 0.000360 * 5  1  4  6  3  9 
5 9 0.402907 0.000360 * 5  1  4  7  9  0 
5 9 0.302590 0.000190 * 5  6  3  9  0  0 
6 9 0.200931 0.000429 * 6  3  9 
7 9 0.100294 0.004814 * 7  9 
8 9 0.704470 0.000155 * 8  2  5  1  4  6  3  9 
8 9 0.605022 0.000155 * 8  2  5  1  4  7  9  0 
8 9 0.504705 0.000155 * 8  2  5  6  3  9  0  0 
8 9 0.604334 0.000103 * 8  11   1   4   6   3   9   0 
8 9 0.504886 0.000103 * 8  11   1   4   7   9   0   0 
10 9 0.200501 0.000309 * 10   3   9 
10 9 0.100204 0.000309 * 10   9   0 
11 9 0.503166 0.000495 * 11   1   4   6   3   9 
11 9 0.403717 0.000495 * 11   1   4   7   9   0 
1 10 0.502183 0.001348 * 1   4   6   3   9  10 
1 10 0.402296 0.001348 * 1   4   6   3  10   0 
1 10 0.402735 0.000674 * 1   4   7   9  10   0 
1 10 0.503204 0.001202 * 1   5   6   3   9  10 
1 10 0.403318 0.001202 * 1   5   6   3  10   0 
2 10 0.504547 0.010975 * 2   5   6   3   9  10 
2 10 0.404661 0.010975 * 2   5   6   3  10   0 
3 10 0.200281 0.001120 * 3   9  10 
3 10 0.100395 0.001120 * 3  10   0 
4 10 0.401410 0.000381 * 4   6   3   9  10 
4 10 0.301524 0.000381 * 4   6   3  10   0 
4 10 0.301962 0.000191 * 4   7   9  10   0 
5 10 0.402750 0.001177 * 5   6   3   9  10 
5 10 0.302864 0.001177 * 5   6   3  10   0 
6 10 0.301091 0.000887 * 6   3   9  10 
6 10 0.201205 0.000887 * 6   3  10   0 
7 10 0.200454 0.009474 * 7   9  10 
8 10 0.604865 0.000397 * 8   2   5   6   3   9  10   0 
8 10 0.504978 0.000397 * 8   2   5   6   3  10   0   0 
8 10 0.704494 0.000994 * 8  11   1   4   6   3   9  10 
8 10 0.604607 0.000994 * 8  11   1   4   6   3  10   0 
8 10 0.605046 0.000738 * 8  11   1   4   7   9  10   0 
8 10 0.705515 0.000994 * 8  11   1   5   6   3   9  10 
8 10 0.605629 0.000994 * 8  11   1   5   6   3  10   0 
9 10 0.100160 0.001781 * 9  10 
11 10 0.603326 0.000772 * 11   1   4   6   3   9  10 
11 10 0.503439 0.000772 * 11   1   4   6   3  10   0 
11 10 0.503877 0.000386 * 11   1   4   7   9  10   0 
11 10 0.604347 0.000688 * 11   1   5   6   3   9  10 
11 10 0.504461 0.000688 * 11   1   5   6   3  10   0 
1 11 0.102061 0.044911 * 1  11 
2 11 0.202173 0.026837 * 2   8  11 
3 11 0.405618 0.002890 * 3   6   4   1  11   0 
3 11 0.403820 0.004852 * 3   6   5   1  11   0 
3 11 0.504542 0.004852 * 3   6   5   2   8  11 
4 11 0.203671 0.022132 * 4   1  11 
5 11 0.202393 0.008158 * 5   1  11   0 
5 11 0.303114 0.008158 * 5   2   8  11 
6 11 0.304885 0.001661 * 6   4   1  11   0 
6 11 0.303087 0.002789 * 6   5   1  11   0 
6 11 0.403808 0.002789 * 6   5   2   8  11 
7 11 0.304998 0.024978 * 7   4   1  11 
8 11 0.101168 0.059493 * 8  11 
9 11 0.505816 0.000705 * 9   3   6   4   1  11   0 
9 11 0.504018 0.000705 * 9   3   6   5   1  11   0 
9 11 0.604740 0.000705 * 9   3   6   5   2   8  11 
9 11 0.405310 0.000235 * 9   7   4   1  11   0   0 
10 11 0.505999 0.002360 * 10   3   6   4   1  11   0   0 
10 11 0.504200 0.002360 * 10   3   6   5   1  11   0   0 
10 11 0.604922 0.002360 * 10   3   6   5   2   8  11   0 
10 11 0.606021 0.002936 * 10   9   3   6   4   1  11   0 
10 11 0.604223 0.002936 * 10   9   3   6   5   1  11   0 
10 11 0.704944 0.002936 * 10   9   3   6   5   2   8  11 
10 11 0.505514 0.000979 * 10   9   7   4   1  11   0   0 
