2 1 0.202265 0.003217 * 2  5  1  0 
2 1 0.303242 0.003217 * 2   8  11   1 
3 1 0.303072 0.001081 * 3  6  4  1 
3 1 0.302052 0.001081 * 3  6  5  1 
4 1 0.101309 0.002470 * 4  1 
5 1 0.100485 0.006720 * 5  1 
6 1 0.202372 0.000874 * 6  4  1 
6 1 0.201351 0.000874 * 6  5  1 
7 1 0.202322 0.007095 * 7  4  1 
8 1 0.202192 0.004457 * 8  11   1 
9 1 0.403270 0.000511 * 9  3  6  4  1 
9 1 0.402249 0.000511 * 9  3  6  5  1 
9 1 0.302652 0.000255 * 9  7  4  1  0 
10 1 0.403397 0.000528 * 10   3   6   4   1   0 
10 1 0.402376 0.000528 * 10   3   6   5   1   0 
10 1 0.503494 0.000791 * 10   9   3   6   4   1 
10 1 0.502474 0.000791 * 10   9   3   6   5   1 
10 1 0.402876 0.000446 * 10   9   7   4   1   0 
11 1 0.101087 0.027169 * 11   1 
1 2 0.201372 0.003474 * 1  5  2  0 
1 2 0.302905 0.003474 * 1  11   8   2 
3 2 0.302500 0.005283 * 3  6  5  2 
4 2 0.302681 0.000815 * 4  1  5  2  0 
4 2 0.404214 0.000815 * 4   1  11   8   2 
4 2 0.302105 0.000408 * 4  6  5  2  0 
5 2 0.100934 0.011951 * 5  2 
6 2 0.201800 0.003621 * 6  5  2 
7 2 0.403695 0.003600 * 7  4  1  5  2  0 
7 2 0.505227 0.003600 * 7   4   1  11   8   2 
7 2 0.403119 0.001800 * 7  4  6  5  2  0 
7 2 0.502983 0.001428 * 7  9  3  6  5  2 
8 2 0.100289 0.002809 * 8  2 
9 2 0.402698 0.000784 * 9  3  6  5  2 
10 2 0.402825 0.001285 * 10   3   6   5   2   0 
10 2 0.502922 0.001285 * 10   9   3   6   5   2 
11 2 0.201141 0.004652 * 11   8   2 
1 3 0.301805 0.000891 * 1  4  6  3  0 
1 3 0.402608 0.000891 * 1  4  7  9  3 
1 3 0.302906 0.000643 * 1  5  6  3  0 
2 3 0.304247 0.014857 * 2  5  6  3 
4 3 0.201076 0.001115 * 4  6  3  0 
4 3 0.301879 0.001115 * 4  7  9  3 
5 3 0.202467 0.003135 * 5  6  3 
6 3 0.100771 0.004253 * 6  3 
7 3 0.200483 0.008216 * 7  9  3 
8 3 0.404536 0.000201 * 8  2  5  6  3  0  0 
8 3 0.503998 0.000602 * 8  11   1   4   6   3   0 
8 3 0.604800 0.000602 * 8  11   1   4   7   9   3 
8 3 0.505098 0.000602 * 8  11   1   5   6   3   0 
9 3 0.100198 0.005399 * 9  3 
10 3 0.200422 0.003110 * 10   9   3 
10 3 0.100325 0.003110 * 10   3   0 
11 3 0.402892 0.001739 * 11   1   4   6   3   0 
11 3 0.503695 0.001739 * 11   1   4   7   9   3 
11 3 0.403992 0.001255 * 11   1   5   6   3   0 
1 4 0.100729 0.001449 * 1  4 
2 4 0.302994 0.003169 * 2  5  1  4  0 
2 4 0.304539 0.003169 * 2  5  6  4  0 
2 4 0.403971 0.002235 * 2   8  11   1   4 
3 4 0.201763 0.000425 * 3  6  4  0 
3 4 0.301451 0.000425 * 3  9  7  4 
5 4 0.201214 0.001195 * 5  1  4 
5 4 0.202759 0.001195 * 5  6  4 
6 4 0.101063 0.001301 * 6  4 
7 4 0.101013 0.002721 * 7  4 
8 4 0.302921 0.002034 * 8  11   1   4 
9 4 0.201343 0.001177 * 9  7  4 
10 4 0.302088 0.000763 * 10   3   6   4   0 
10 4 0.401776 0.000763 * 10   3   9   7   4 
10 4 0.301567 0.000465 * 10   9   7   4   0 
11 4 0.201816 0.002070 * 11   1   4 
1 5 0.100438 0.006688 * 1  5 
2 5 0.101780 0.037397 * 2  5 
3 5 0.201566 0.003569 * 3  6  5 
4 5 0.201747 0.001458 * 4  1  5 
4 5 0.201171 0.001458 * 4  6  5 
6 5 0.100866 0.003816 * 6  5 
7 5 0.302760 0.002306 * 7  4  1  5  0 
7 5 0.302184 0.002306 * 7  4  6  5  0 
7 5 0.402049 0.001328 * 7  9  3  6  5 
8 5 0.202069 0.004080 * 8  2  5  0 
8 5 0.302631 0.004080 * 8  11   1   5 
9 5 0.301764 0.002850 * 9  3  6  5 
10 5 0.301891 0.001319 * 10   3   6   5   0 
10 5 0.401988 0.001319 * 10   9   3   6   5 
11 5 0.201525 0.012891 * 11   1   5 
1 6 0.201035 0.000682 * 1  4  6 
1 6 0.202135 0.000682 * 1  5  6 
2 6 0.203476 0.013035 * 2  5  6 
3 6 0.100701 0.002699 * 3  6 
4 6 0.100305 0.001541 * 4  6 
5 6 0.101697 0.004337 * 5  6 
7 6 0.201319 0.002252 * 7  4  6  0 
7 6 0.301184 0.002252 * 7  9  3  6 
8 6 0.303765 0.000954 * 8  2  5  6  0 
8 6 0.403227 0.001908 * 8  11   1   4   6 
8 6 0.404327 0.001908 * 8  11   1   5   6 
9 6 0.200898 0.000305 * 9  3  6 
10 6 0.201026 0.000670 * 10   3   6   0 
10 6 0.301123 0.000670 * 10   9   3   6 
11 6 0.302121 0.002440 * 11   1   4   6 
11 6 0.303222 0.002440 * 11   1   5   6 
1 7 0.202125 0.004892 * 1  4  7 
2 7 0.404390 0.012000 * 2  5  1  4  7  0 
2 7 0.504685 0.013895 * 2  5  6  3  9  7 
2 7 0.405935 0.013895 * 2  5  6  4  7  0 
2 7 0.505367 0.007060 * 2   8  11   1   4   7 
3 7 0.200437 0.003266 * 3  9  7 
4 7 0.101396 0.003557 * 4  7 
5 7 0.302610 0.007416 * 5  1  4  7  0 
5 7 0.402905 0.008587 * 5  6  3  9  7 
5 7 0.304155 0.008587 * 5  6  4  7  0 
6 7 0.301208 0.003143 * 6  3  9  7 
6 7 0.202458 0.003143 * 6  4  7  0 
8 7 0.404317 0.020870 * 8  11   1   4   7 
9 7 0.100329 0.001896 * 9  7 
10 7 0.300762 0.006425 * 10   3   9   7 
10 7 0.200554 0.006425 * 10   9   7   0 
11 7 0.303212 0.023134 * 11   1   4   7 
1 8 0.302422 0.005161 * 1  5  2  8 
1 8 0.202616 0.005161 * 1  11   8   0 
2 8 0.101049 0.026225 * 2  8 
3 8 0.403550 0.007957 * 3  6  5  2  8 
4 8 0.403731 0.004511 * 4  1  5  2  8 
4 8 0.303925 0.004511 * 4   1  11   8   0 
4 8 0.403155 0.003463 * 4  6  5  2  8 
5 8 0.201984 0.019320 * 5  2  8 
6 8 0.302849 0.009325 * 6  5  2  8 
7 8 0.504744 0.010864 * 7  4  1  5  2  8 
7 8 0.404938 0.010864 * 7   4   1  11   8   0 
7 8 0.504168 0.008340 * 7  4  6  5  2  8 
9 8 0.503748 0.000337 * 9  3  6  5  2  8  0 
9 8 0.605073 0.001011 * 9  7  4  1  5  2  8 
9 8 0.505268 0.001011 * 9   7   4   1  11   8   0 
9 8 0.604497 0.001011 * 9  7  4  6  5  2  8 
10 8 0.503875 0.000702 * 10   3   6   5   2   8   0   0 
10 8 0.603972 0.000994 * 10   9   3   6   5   2   8   0 
10 8 0.705298 0.002807 * 10   9   7   4   1   5   2   8 
10 8 0.605492 0.002807 * 10   9   7   4   1  11   8   0 
10 8 0.704722 0.002807 * 10   9   7   4   6   5   2   8 
11 8 0.100852 0.025530 * 11   8 
1 9 0.401914 0.000081 * 1  4  6  3  9 
1 9 0.302410 0.000081 * 1  4  7  9  0 
2 9 0.604178 0.001068 * 2  5  1  4  6  3  9 
2 9 0.504675 0.001068 * 2  5  1  4  7  9  0 
2 9 0.404355 0.000617 * 2  5  6  3  9  0  0 
3 9 0.100108 0.003109 * 3  9 
4 9 0.301185 0.000253 * 4  6  3  9 
4 9 0.201681 0.000253 * 4  7  9  0 
5 9 0.502399 0.000401 * 5  1  4  6  3  9 
5 9 0.402896 0.000401 * 5  1  4  7  9  0 
5 9 0.302576 0.000231 * 5  6  3  9  0  0 
6 9 0.200879 0.000211 * 6  3  9 
7 9 0.100285 0.004648 * 7  9 
8 9 0.704467 0.000234 * 8  2  5  1  4  6  3  9 
8 9 0.604964 0.000234 * 8  2  5  1  4  7  9  0 
8 9 0.504644 0.000234 * 8  2  5  6  3  9  0  0 
8 9 0.604106 0.000156 * 8  11   1   4   6   3   9   0 
8 9 0.504603 0.000156 * 8  11   1   4   7   9   0   0 
10 9 0.200433 0.000383 * 10   3   9 
10 9 0.100224 0.000383 * 10   9   0 
11 9 0.503000 0.000534 * 11   1   4   6   3   9 
11 9 0.403497 0.000534 * 11   1   4   7   9   0 
1 10 0.502064 0.001176 * 1   4   6   3   9  10 
1 10 0.402215 0.001176 * 1   4   6   3  10   0 
1 10 0.402561 0.000588 * 1   4   7   9  10   0 
1 10 0.503164 0.001062 * 1   5   6   3   9  10 
1 10 0.403315 0.001062 * 1   5   6   3  10   0 
2 10 0.504506 0.011804 * 2   5   6   3   9  10 
2 10 0.404657 0.011804 * 2   5   6   3  10   0 
3 10 0.200259 0.001133 * 3   9  10 
3 10 0.100410 0.001133 * 3  10   0 
4 10 0.401335 0.000329 * 4   6   3   9  10 
4 10 0.301486 0.000329 * 4   6   3  10   0 
4 10 0.301832 0.000164 * 4   7   9  10   0 
5 10 0.402726 0.001359 * 5   6   3   9  10 
5 10 0.302877 0.001359 * 5   6   3  10   0 
6 10 0.301030 0.000868 * 6   3   9  10 
6 10 0.201181 0.000868 * 6   3  10   0 
7 10 0.200436 0.008181 * 7   9  10 
8 10 0.604795 0.000434 * 8   2   5   6   3   9  10   0 
8 10 0.504946 0.000434 * 8   2   5   6   3  10   0   0 
8 10 0.704257 0.001085 * 8  11   1   4   6   3   9  10 
8 10 0.604408 0.001085 * 8  11   1   4   6   3  10   0 
8 10 0.604753 0.000726 * 8  11   1   4   7   9  10   0 
8 10 0.705357 0.001085 * 8  11   1   5   6   3   9  10 
8 10 0.605508 0.001085 * 8  11   1   5   6   3  10   0 
9 10 0.100151 0.001795 * 9  10 
11 10 0.603151 0.000814 * 11   1   4   6   3   9  10 
11 10 0.503302 0.000814 * 11   1   4   6   3  10   0 
11 10 0.503648 0.000407 * 11   1   4   7   9  10   0 
11 10 0.604251 0.000735 * 11   1   5   6   3   9  10 
11 10 0.504402 0.000735 * 11   1   5   6   3  10   0 
1 11 0.101764 0.027173 * 1  11 
2 11 0.202155 0.028696 * 2   8  11 
3 11 0.404837 0.003463 * 3   6   4   1  11   0 
3 11 0.403816 0.005726 * 3   6   5   1  11   0 
3 11 0.504656 0.005726 * 3   6   5   2   8  11 
4 11 0.203073 0.016435 * 4   1  11 
5 11 0.202250 0.007354 * 5   1  11   0 
5 11 0.303089 0.007354 * 5   2   8  11 
6 11 0.304136 0.001389 * 6   4   1  11   0 
6 11 0.303115 0.002297 * 6   5   1  11   0 
6 11 0.403955 0.002297 * 6   5   2   8  11 
7 11 0.304087 0.024672 * 7   4   1  11 
8 11 0.101106 0.052535 * 8  11 
9 11 0.505034 0.000702 * 9   3   6   4   1  11   0 
9 11 0.504014 0.000702 * 9   3   6   5   1  11   0 
9 11 0.604853 0.000702 * 9   3   6   5   2   8  11 
9 11 0.404416 0.000234 * 9   7   4   1  11   0   0 
10 11 0.505162 0.001755 * 10   3   6   4   1  11   0   0 
10 11 0.504141 0.001755 * 10   3   6   5   1  11   0   0 
10 11 0.604980 0.001755 * 10   3   6   5   2   8  11   0 
10 11 0.605259 0.002309 * 10   9   3   6   4   1  11   0 
10 11 0.604238 0.002309 * 10   9   3   6   5   1  11   0 
10 11 0.705077 0.002309 * 10   9   3   6   5   2   8  11 
10 11 0.504640 0.000770 * 10   9   7   4   1  11   0   0 
