1  5  2  0  0  0  0  0  0  0 
5.213170e-003
1  11   8   2   0   0   0   0   0   0 
1.247052e-015
1  4  6  5  2  0  0  0  0  0 
6.260103e-016
1  4  6  3  0  0  0  0  0  0 
1.419476e-003
1  5  6  3  0  0  0  0  0  0 
1.372554e-003
1  4  7  9  3  0  0  0  0  0 
1.226554e-015
1  4  0  0  0  0  0  0  0  0 
1.360818e-003
1  5  6  4  0  0  0  0  0  0 
6.187905e-016
1  5  0  0  0  0  0  0  0  0 
5.041251e-003
1  4  6  5  0  0  0  0  0  0 
6.261172e-016
1  11   8   2   5   0   0   0   0   0 
4.179710e-016
1  4  6  0  0  0  0  0  0  0 
1.053135e-003
1  5  6  0  0  0  0  0  0  0 
1.016185e-003
1  4  7  0  0  0  0  0  0  0 
4.028256e-003
1  5  6  4  7  0  0  0  0  0 
6.256378e-016
1  11   8   0   0   0   0   0   0   0 
1.039693e-002
1  5  2  8  0  0  0  0  0  0 
1.253391e-015
1  4  6  5  2  8  0  0  0  0 
4.188396e-016
1  4  7  9  0  0  0  0  0  0 
1.801150e-004
1  4  6  3  9  0  0  0  0  0 
7.506290e-016
1  5  6  3  9  0  0  0  0  0 
8.048683e-016
1   4   6   3  10   0   0   0   0   0 
8.958909e-004
1   5   6   3  10   0   0   0   0   0 
8.650768e-004
1   4   7   9  10   0   0   0   0   0 
1.052821e-003
1  11   0   0   0   0   0   0   0   0 
3.372082e-002
1   5   2   8  11   0   0   0   0   0 
4.192187e-016
2  5  1  0  0  0  0  0  0  0 
5.314540e-003
2   8  11   1   0   0   0   0   0   0 
1.246486e-015
2  5  6  4  1  0  0  0  0  0 
6.258532e-016
2  5  6  3  0  0  0  0  0  0 
1.681757e-002
2  5  1  4  6  3  0  0  0  0 
6.285774e-016
2  5  1  4  0  0  0  0  0  0 
3.619678e-003
2  5  6  4  0  0  0  0  0  0 
4.487538e-003
2   8  11   1   4   0   0   0   0   0 
1.244659e-015
2  5  0  0  0  0  0  0  0  0 
3.559918e-002
2   8  11   1   5   0   0   0   0   0 
4.191978e-016
2   8  11   1   4   6   5   0   0   0 
2.515638e-016
2  5  6  0  0  0  0  0  0  0 
1.349306e-002
2  5  1  4  6  0  0  0  0  0 
6.283630e-016
2  5  1  4  7  0  0  0  0  0 
2.436850e-002
2  5  6  4  7  0  0  0  0  0 
2.690460e-002
2   8  11   1   4   7   0   0   0   0 
1.255444e-015
2  8  0  0  0  0  0  0  0  0 
2.404259e-002
2   5   1  11   8   0   0   0   0   0 
4.189047e-016
2  5  6  3  9  0  0  0  0  0 
2.298022e-003
2   5   6   3  10   9   0   0   0   0 
1.228874e-015
2  5  1  4  7  9  0  0  0  0 
1.228202e-015
2   5   6   3  10   0   0   0   0   0 
2.544847e-002
2   5   6   3   9  10   0   0   0   0 
1.263789e-015
2   8  11   0   0   0   0   0   0   0 
2.714842e-002
2   5   1  11   0   0   0   0   0   0 
1.254885e-015
3  6  4  1  0  0  0  0  0  0 
7.175692e-004
3  6  5  1  0  0  0  0  0  0 
5.217878e-004
3  9  7  4  1  0  0  0  0  0 
1.202827e-015
3  6  5  2  0  0  0  0  0  0 
6.345873e-003
3  6  4  1  5  2  0  0  0  0 
6.269088e-016
3  6  4  0  0  0  0  0  0  0 
1.050742e-003
3  9  7  4  0  0  0  0  0  0 
1.207257e-015
3  6  5  0  0  0  0  0  0  0 
4.101455e-003
3  6  4  1  5  0  0  0  0  0 
6.256699e-016
3  6  0  0  0  0  0  0  0  0 
1.770579e-003
3  9  7  4  6  0  0  0  0  0 
4.161100e-016
3  10   9   7   4   6   0   0   0   0 
3.126762e-016
3  9  7  0  0  0  0  0  0  0 
2.560165e-003
3  10   9   7   0   0   0   0   0   0 
1.232356e-015
3  6  4  7  0  0  0  0  0  0 
1.229144e-015
3  6  5  2  8  0  0  0  0  0 
7.297033e-003
3   6   4   1  11   8   0   0   0   0 
1.249204e-015
3   6   5   1  11   8   0   0   0   0 
1.249148e-015
3  9  0  0  0  0  0  0  0  0 
6.226479e-003
3  10   9   0   0   0   0   0   0   0 
1.248967e-015
3  6  4  7  9  0  0  0  0  0 
4.180936e-016
3  10   0   0   0   0   0   0   0   0 
2.252384e-003
3   9  10   0   0   0   0   0   0   0 
1.235910e-015
3   6   4   1  11   0   0   0   0   0 
5.970109e-003
3   6   5   1  11   0   0   0   0   0 
5.834468e-003
3   9   7   4   1  11   0   0   0   0 
1.253771e-015
4  1  0  0  0  0  0  0  0  0 
1.409406e-003
4  6  5  1  0  0  0  0  0  0 
6.192700e-016
4  1  5  2  0  0  0  0  0  0 
3.655768e-003
4  6  5  2  0  0  0  0  0  0 
4.158413e-003
4   1  11   8   2   0   0   0   0   0 
1.244605e-015
4  6  3  0  0  0  0  0  0  0 
1.711963e-003
4  7  9  3  0  0  0  0  0  0 
1.222093e-015
4  1  5  6  3  0  0  0  0  0 
6.178946e-016
4  1  5  0  0  0  0  0  0  0 
1.468605e-003
4  6  5  0  0  0  0  0  0  0 
1.620180e-003
4  6  0  0  0  0  0  0  0  0 
1.286187e-003
4  1  5  6  0  0  0  0  0  0 
6.162623e-016
4  7  9  3  6  0  0  0  0  0 
4.136680e-016
4  7  0  0  0  0  0  0  0  0 
2.115581e-002
4  6  3  9  7  0  0  0  0  0 
4.200561e-016
4   6   3  10   9   7   0   0   0   0 
3.149091e-016
4   1  11   8   0   0   0   0   0   0 
1.090664e-002
4  1  5  2  8  0  0  0  0  0 
1.253465e-015
4  6  5  2  8  0  0  0  0  0 
1.254610e-015
4  7  9  0  0  0  0  0  0  0 
3.923000e-004
4  6  3  9  0  0  0  0  0  0 
1.120900e-015
4   6   3  10   9   0   0   0   0   0 
5.690641e-016
4   7   9  10   0   0   0   0   0   0 
3.150363e-004
4   6   3  10   0   0   0   0   0   0 
3.109287e-004
4   6   3   9  10   0   0   0   0   0 
1.210907e-015
4   1  11   0   0   0   0   0   0   0 
6.122074e-003
4   6   5   1  11   0   0   0   0   0 
6.270937e-016
5  1  0  0  0  0  0  0  0  0 
8.035169e-003
5  6  4  1  0  0  0  0  0  0 
6.270072e-016
5   2   8  11   1   0   0   0   0   0 
4.183749e-016
5  2  0  0  0  0  0  0  0  0 
1.000447e-002
5   1  11   8   2   0   0   0   0   0 
4.188500e-016
5  6  3  0  0  0  0  0  0  0 
2.483931e-003
5  1  4  6  3  0  0  0  0  0 
6.235944e-016
5  1  4  0  0  0  0  0  0  0 
1.211120e-003
5  6  4  0  0  0  0  0  0  0 
1.759313e-003
5  6  0  0  0  0  0  0  0  0 
8.507581e-003
5  1  4  6  0  0  0  0  0  0 
6.277283e-016
5  1  4  7  0  0  0  0  0  0 
6.221027e-003
5  6  4  7  0  0  0  0  0  0 
7.585467e-003
5  6  3  9  7  0  0  0  0  0 
1.256491e-015
5  2  8  0  0  0  0  0  0  0 
1.644978e-002
5   1  11   8   0   0   0   0   0   0 
1.254095e-015
5  6  3  9  0  0  0  0  0  0 
9.457000e-004
5  1  4  7  9  0  0  0  0  0 
1.181418e-015
5  6  4  7  9  0  0  0  0  0 
1.181023e-015
5   6   3  10   0   0   0   0   0   0 
1.659221e-003
5   6   3   9  10   0   0   0   0   0 
1.225725e-015
5   1  11   0   0   0   0   0   0   0 
1.509042e-002
5   2   8  11   0   0   0   0   0   0 
1.254226e-015
6  4  1  0  0  0  0  0  0  0 
8.114349e-004
6  5  1  0  0  0  0  0  0  0 
5.175021e-004
6  5  2  0  0  0  0  0  0  0 
3.455558e-003
6  4  1  5  2  0  0  0  0  0 
6.250172e-016
6  3  0  0  0  0  0  0  0  0 
5.851715e-003
6  4  7  9  3  0  0  0  0  0 
4.189729e-016
6   4   7   9  10   3   0   0   0   0 
3.143905e-016
6  4  0  0  0  0  0  0  0  0 
6.086660e-004
6  5  1  4  0  0  0  0  0  0 
6.015799e-016
6  3  9  7  4  0  0  0  0  0 
4.050637e-016
6  5  0  0  0  0  0  0  0  0 
3.620258e-003
6  4  1  5  0  0  0  0  0  0 
6.252056e-016
6  4  7  0  0  0  0  0  0  0 
4.583111e-003
6  3  9  7  0  0  0  0  0  0 
1.251110e-015
6  5  2  8  0  0  0  0  0  0 
7.586715e-003
6   4   1  11   8   0   0   0   0   0 
1.249547e-015
6   5   1  11   8   0   0   0   0   0 
1.249491e-015
6  3  9  0  0  0  0  0  0  0 
2.379050e-004
6   3  10   9   0   0   0   0   0   0 
1.104217e-015
6  4  7  9  0  0  0  0  0  0 
9.177549e-016
6   3  10   0   0   0   0   0   0   0 
1.260465e-003
6   3   9  10   0   0   0   0   0   0 
1.205305e-015
6   4   7   9  10   0   0   0   0   0 
6.137557e-016
6   4   1  11   0   0   0   0   0   0 
2.678278e-003
6   5   1  11   0   0   0   0   0   0 
1.995839e-003
6   5   2   8  11   0   0   0   0   0 
1.236596e-015
7  4  1  0  0  0  0  0  0  0 
7.145483e-003
7  4  6  5  1  0  0  0  0  0 
6.274354e-016
7  4  6  5  2  0  0  0  0  0 
3.139027e-003
7  4  1  5  2  0  0  0  0  0 
2.713485e-003
7  9  3  6  5  2  0  0  0  0 
1.244819e-015
7  9  3  0  0  0  0  0  0  0 
3.638966e-003
7  4  6  3  0  0  0  0  0  0 
1.236630e-015
7   9  10   3   0   0   0   0   0   0 
1.240855e-015
7  4  0  0  0  0  0  0  0  0 
3.464440e-002
7  9  3  6  4  0  0  0  0  0 
4.200961e-016
7   9  10   3   6   4   0   0   0   0 
3.150275e-016
7  4  6  5  0  0  0  0  0  0 
3.048998e-003
7  4  1  5  0  0  0  0  0  0 
2.645151e-003
7  9  3  6  5  0  0  0  0  0 
1.244302e-015
7  4  6  0  0  0  0  0  0  0 
2.268147e-003
7  9  3  6  0  0  0  0  0  0 
1.236438e-015
7   4   1  11   8   0   0   0   0   0 
2.371677e-002
7  4  6  5  2  8  0  0  0  0 
1.257831e-015
7  4  1  5  2  8  0  0  0  0 
1.256592e-015
7  9  0  0  0  0  0  0  0  0 
2.973053e-003
7  4  6  3  9  0  0  0  0  0 
4.172575e-016
7   4   6   3  10   9   0   0   0   0 
3.133348e-016
7   9  10   0   0   0   0   0   0   0 
8.448252e-003
7   9   3  10   0   0   0   0   0   0 
1.252147e-015
7   4   6   3  10   0   0   0   0   0 
6.260899e-016
7   4   1  11   0   0   0   0   0   0 
2.309819e-002
8  11   1   0   0   0   0   0   0   0 
3.879699e-003
8  2  5  1  0  0  0  0  0  0 
1.244924e-015
8  2  0  0  0  0  0  0  0  0 
1.851363e-003
8  11   1   5   2   0   0   0   0   0 
4.154710e-016
8  11   1   4   6   5   2   0   0   0 
2.501550e-016
8  2  5  6  3  0  0  0  0  0 
2.760102e-003
8  11   1   5   6   3   0   0   0   0 
1.232752e-015
8  11   1   4   6   3   0   0   0   0 
1.233254e-015
8  11   1   4   0   0   0   0   0   0 
2.033341e-003
8  2  5  1  4  0  0  0  0  0 
1.224361e-015
8  2  5  6  4  0  0  0  0  0 
1.224603e-015
8  2  5  0  0  0  0  0  0  0 
8.825277e-003
8  11   1   5   0   0   0   0   0   0 
1.250251e-015
8  2  5  6  0  0  0  0  0  0 
3.838928e-003
8  11   1   5   6   0   0   0   0   0 
1.240030e-015
8  11   1   4   6   0   0   0   0   0 
1.240686e-015
8  11   1   4   7   0   0   0   0   0 
2.049361e-002
8  2  5  1  4  7  0  0  0  0 
1.257187e-015
8  2  5  6  4  7  0  0  0  0 
1.257395e-015
8  11   1   4   7   9   0   0   0   0 
4.079962e-004
8  2  5  6  3  9  0  0  0  0 
3.695618e-004
8  11   1   5   6   3   9   0   0   0 
1.210681e-015
8   2   5   6   3  10   0   0   0   0 
7.380017e-003
8   2   5   6   3   9  10   0   0   0 
1.256165e-015
8  11   1   4   7   9  10   0   0   0 
1.252526e-015
8  11   0   0   0   0   0   0   0   0 
5.022571e-002
8   2   5   1  11   0   0   0   0   0 
4.192977e-016
9  7  4  1  0  0  0  0  0  0 
9.400900e-004
9  3  6  4  1  0  0  0  0  0 
1.178415e-015
9  3  6  5  1  0  0  0  0  0 
1.176215e-015
9  3  6  5  2  0  0  0  0  0 
6.370150e-004
9  10   3   6   5   2   0   0   0   0 
1.141013e-015
9  7  4  6  5  2  0  0  0  0 
1.142760e-015
9  3  0  0  0  0  0  0  0  0 
5.565149e-003
9  10   3   0   0   0   0   0   0   0 
1.248433e-015
9  7  4  6  3  0  0  0  0  0 
4.180137e-016
9  7  4  0  0  0  0  0  0  0 
6.515550e-004
9  3  6  4  0  0  0  0  0  0 
1.162514e-015
9  10   3   6   4   0   0   0   0   0 
5.939104e-016
9  3  6  5  0  0  0  0  0  0 
2.145608e-003
9  10   3   6   5   0   0   0   0   0 
1.225788e-015
9  7  4  6  5  0  0  0  0  0 
1.225795e-015
9  3  6  0  0  0  0  0  0  0 
2.574830e-004
9  10   3   6   0   0   0   0   0   0 
1.004444e-015
9  7  4  6  0  0  0  0  0  0 
9.484015e-016
9  7  0  0  0  0  0  0  0  0 
3.970709e-003
9  3  6  4  7  0  0  0  0  0 
4.177878e-016
9  10   3   6   4   7   0   0   0   0 
3.137080e-016
9   7   4   1  11   8   0   0   0   0 
1.520955e-003
9  3  6  5  2  8  0  0  0  0 
2.017944e-003
9  10   3   6   5   2   8   0   0   0 
1.231574e-015
9  10   0   0   0   0   0   0   0   0 
1.369390e-003
9   3  10   0   0   0   0   0   0   0 
1.219868e-015
9   7   4   1  11   0   0   0   0   0 
1.069353e-003
9   3   6   4   1  11   0   0   0   0 
1.189145e-015
9   3   6   5   1  11   0   0   0   0 
1.185101e-015
10   3   6   4   1   0   0   0   0   0 
1.352221e-003
10   9   7   4   1   0   0   0   0   0 
1.060694e-003
10   3   6   5   1   0   0   0   0   0 
9.899924e-004
10   3   6   5   2   0   0   0   0   0 
2.944140e-003
10   9   3   6   5   2   0   0   0   0 
1.242290e-015
10   3   0   0   0   0   0   0   0   0 
5.125686e-003
10   9   3   0   0   0   0   0   0   0 
1.251554e-015
10   3   6   4   0   0   0   0   0   0 
7.738521e-004
10   9   7   4   0   0   0   0   0   0 
5.758309e-004
10   3   9   7   4   0   0   0   0   0 
1.205281e-015
10   3   6   5   0   0   0   0   0   0 
5.343028e-003
10   9   3   6   5   0   0   0   0   0 
1.252071e-015
10   3   6   0   0   0   0   0   0   0 
1.968167e-003
10   9   3   6   0   0   0   0   0   0 
1.231862e-015
10   9   7   0   0   0   0   0   0   0 
1.007244e-002
10   3   9   7   0   0   0   0   0   0 
1.254546e-015
10   3   6   5   2   8   0   0   0   0 
9.182809e-003
10   9   3   6   5   2   8   0   0   0 
1.256770e-015
10   3   6   5   1  11   8   0   0   0 
1.250954e-015
10   9   0   0   0   0   0   0   0   0 
1.682622e-003
10   3   9   0   0   0   0   0   0   0 
1.225537e-015
10   3   6   4   1  11   0   0   0   0 
4.303319e-003
10   3   6   5   1  11   0   0   0   0 
3.962976e-003
10   9   7   4   1  11   0   0   0   0 
5.257612e-003
11   1   0   0   0   0   0   0   0   0 
3.034948e-002
11   8   2   5   1   0   0   0   0   0 
4.193113e-016
11   8   2   0   0   0   0   0   0   0 
3.490830e-003
11   1   5   2   0   0   0   0   0   0 
1.240412e-015
11   1   4   6   3   0   0   0   0   0 
4.482971e-003
11   1   5   6   3   0   0   0   0   0 
4.101013e-003
11   8   2   5   6   3   0   0   0   0 
1.245988e-015
11   1   4   0   0   0   0   0   0   0 
1.694175e-003
11   1   5   6   4   0   0   0   0   0 
6.207937e-016
11   1   5   0   0   0   0   0   0   0 
1.307083e-002
11   8   2   5   0   0   0   0   0   0 
1.254485e-015
11   1   4   6   5   0   0   0   0   0 
6.279281e-016
11   1   4   6   0   0   0   0   0   0 
1.510809e-003
11   1   5   6   0   0   0   0   0   0 
1.436916e-003
11   8   2   5   6   0   0   0   0   0 
1.227163e-015
11   1   4   7   0   0   0   0   0   0 
2.939451e-002
11   8   0   0   0   0   0   0   0   0 
2.284349e-002
11   1   5   2   8   0   0   0   0   0 
4.190320e-016
11   1   4   7   9   0   0   0   0   0 
6.698870e-004
11   1   4   6   3   9   0   0   0   0 
1.133575e-015
11   1   5   6   3   9   0   0   0   0 
1.135906e-015
11   1   4   7   9  10   0   0   0   0 
1.496438e-003
11   1   5   6   3  10   0   0   0   0 
1.143278e-003
11   1   4   6   3  10   0   0   0   0 
1.182701e-003
