2 1 2 0.005241 * 2  5  1 
3 1 3 0.000568 * 3  6  4  1 
3 1 3 0.000568 * 3  6  5  1 
4 1 1 0.005347 * 4  1 
5 1 1 0.006142 * 5  1 
6 1 2 0.000743 * 6  4  1 
6 1 2 0.000743 * 6  5  1 
7 1 2 0.005754 * 7  4  1 
8 1 2 0.004842 * 8  11   1 
9 1 3 0.000731 * 9  7  4  1 
10 1 4 0.001424 * 10   3   6   4   1 
10 1 4 0.001424 * 10   3   6   5   1 
10 1 4 0.001424 * 10   9   7   4   1 
11 1 1 0.027147 * 11   1 
1 2 2 0.005147 * 1  5  2 
3 2 3 0.005215 * 3  6  5  2 
4 2 3 0.000608 * 4  1  5  2 
4 2 3 0.000608 * 4  6  5  2 
5 2 1 0.009547 * 5  2 
6 2 2 0.003080 * 6  5  2 
7 2 4 0.002778 * 7  4  1  5  2 
7 2 4 0.002778 * 7  4  6  5  2 
8 2 1 0.001683 * 8  2 
9 2 4 0.000807 * 9  3  6  5  2 
10 2 4 0.003029 * 10   3   6   5   2 
11 2 2 0.003722 * 11   8   2 
1 3 3 0.001435 * 1  4  6  3 
1 3 3 0.001435 * 1  5  6  3 
2 3 3 0.016514 * 2  5  6  3 
4 3 2 0.001644 * 4  6  3 
5 3 2 0.002797 * 5  6  3 
6 3 1 0.005654 * 6  3 
7 3 2 0.003947 * 7  9  3 
8 3 4 0.004292 * 8  2  5  6  3 
9 3 1 0.005186 * 9  3 
10 3 1 0.004854 * 10   3 
11 3 4 0.002737 * 11   1   4   6   3 
11 3 4 0.002737 * 11   1   5   6   3 
1 4 1 0.001564 * 1  4 
2 4 3 0.003735 * 2  5  1  4 
2 4 3 0.003735 * 2  5  6  4 
3 4 2 0.001039 * 3  6  4 
5 4 2 0.001460 * 5  1  4 
5 4 2 0.001460 * 5  6  4 
6 4 1 0.000542 * 6  4 
7 4 1 0.040403 * 7  4 
8 4 3 0.003963 * 8  11   1   4 
9 4 2 0.000517 * 9  7  4 
10 4 3 0.000926 * 10   3   6   4 
10 4 3 0.000926 * 10   9   7   4 
11 4 2 0.001781 * 11   1   4 
1 5 1 0.005758 * 1  5 
2 5 1 0.038460 * 2  5 
3 5 2 0.004089 * 3  6  5 
4 5 2 0.001312 * 4  1  5 
4 5 2 0.001312 * 4  6  5 
6 5 1 0.003386 * 6  5 
7 5 3 0.003098 * 7  4  1  5 
7 5 3 0.003098 * 7  4  6  5 
8 5 2 0.008744 * 8  2  5 
9 5 3 0.003072 * 9  3  6  5 
10 5 3 0.005763 * 10   3   6   5 
11 5 2 0.016213 * 11   1   5 
1 6 2 0.000915 * 1  4  6 
1 6 2 0.000915 * 1  5  6 
2 6 2 0.013823 * 2  5  6 
3 6 1 0.003017 * 3  6 
4 6 1 0.001228 * 4  6 
5 6 1 0.004713 * 5  6 
7 6 2 0.002120 * 7  4  6 
8 6 3 0.004830 * 8  2  5  6 
9 6 2 0.000301 * 9  3  6 
10 6 2 0.001930 * 10   3   6 
11 6 3 0.001967 * 11   1   4   6 
11 6 3 0.001967 * 11   1   5   6 
1 7 2 0.004155 * 1  4  7 
2 7 4 0.027385 * 2  5  1  4  7 
2 7 4 0.027385 * 2  5  6  4  7 
3 7 2 0.002430 * 3  9  7 
4 7 1 0.005166 * 4  7 
5 7 3 0.006060 * 5  1  4  7 
5 7 3 0.006060 * 5  6  4  7 
6 7 2 0.004483 * 6  4  7 
8 7 4 0.020746 * 8  11   1   4   7 
9 7 1 0.003631 * 9  7 
10 7 2 0.010441 * 10   9   7 
11 7 3 0.021803 * 11   1   4   7 
1 8 2 0.010801 * 1  11   8 
2 8 1 0.025691 * 2  8 
3 8 4 0.006817 * 3  6  5  2  8 
4 8 3 0.011556 * 4   1  11   8 
5 8 2 0.018477 * 5  2  8 
6 8 3 0.007085 * 6  5  2  8 
7 8 4 0.026435 * 7   4   1  11   8 
9 8 5 0.001623 * 9  3  6  5  2  8 
9 8 5 0.001623 * 9   7   4   1  11   8 
10 8 5 0.009308 * 10   3   6   5   2   8 
11 8 1 0.021854 * 11   8 
1 9 3 0.000151 * 1  4  7  9 
2 9 4 0.002833 * 2  5  6  3  9 
3 9 1 0.002900 * 3  9 
4 9 2 0.000433 * 4  7  9 
5 9 3 0.003390 * 5  6  3  9 
6 9 2 0.000296 * 6  3  9 
7 9 1 0.002031 * 7  9 
8 9 5 0.000491 * 8  2  5  6  3  9 
8 9 5 0.000491 * 8  11   1   4   7   9 
10 9 1 0.000879 * 10   9 
11 9 4 0.000725 * 11   1   4   7   9 
1 10 4 0.000870 * 1   4   6   3  10 
1 10 4 0.000870 * 1   4   7   9  10 
1 10 4 0.001470 * 1   5   6   3  10 
2 10 4 0.026089 * 2   5   6   3  10 
3 10 1 0.002360 * 3  10 
4 10 3 0.000329 * 4   6   3  10 
4 10 3 0.000329 * 4   7   9  10 
5 10 3 0.002679 * 5   6   3  10 
6 10 2 0.001544 * 6   3  10 
7 10 2 0.008145 * 7   9  10 
8 10 5 0.008735 * 8   2   5   6   3  10 
9 10 1 0.000906 * 9  10 
11 10 5 0.001069 * 11   1   4   6   3  10 
11 10 5 0.001069 * 11   1   4   7   9  10 
11 10 5 0.001805 * 11   1   5   6   3  10 
1 11 1 0.040555 * 1  11 
2 11 2 0.029682 * 2   8  11 
3 11 4 0.005900 * 3   6   4   1  11 
3 11 4 0.005900 * 3   6   5   1  11 
4 11 2 0.005885 * 4   1  11 
5 11 2 0.017213 * 5   1  11 
6 11 3 0.003486 * 6   4   1  11 
6 11 3 0.003486 * 6   5   1  11 
7 11 3 0.021951 * 7   4   1  11 
8 11 1 0.047874 * 8  11 
9 11 4 0.001731 * 9   7   4   1  11 
10 11 5 0.003963 * 10   3   6   4   1  11 
10 11 5 0.003963 * 10   3   6   5   1  11 
10 11 5 0.003963 * 10   9   7   4   1  11 
