2 1 2 0.005034 * 2  5  1 
3 1 3 0.000564 * 3  6  4  1 
3 1 3 0.000564 * 3  6  5  1 
4 1 1 0.000856 * 4  1 
5 1 1 0.005419 * 5  1 
6 1 2 0.000458 * 6  4  1 
6 1 2 0.000458 * 6  5  1 
7 1 2 0.006553 * 7  4  1 
8 1 2 0.008008 * 8  11   1 
9 1 3 0.000817 * 9  7  4  1 
10 1 4 0.001118 * 10   3   6   4   1 
10 1 4 0.001118 * 10   3   6   5   1 
10 1 4 0.001118 * 10   9   7   4   1 
11 1 1 0.037451 * 11   1 
1 2 2 0.004687 * 1  5  2 
3 2 3 0.004537 * 3  6  5  2 
4 2 3 0.007164 * 4  1  5  2 
4 2 3 0.007164 * 4  6  5  2 
5 2 1 0.006533 * 5  2 
6 2 2 0.002946 * 6  5  2 
7 2 4 0.003534 * 7  4  1  5  2 
7 2 4 0.003534 * 7  4  6  5  2 
8 2 1 0.001380 * 8  2 
9 2 4 0.000958 * 9  3  6  5  2 
10 2 4 0.002756 * 10   3   6   5   2 
11 2 2 0.003861 * 11   8   2 
1 3 3 0.001590 * 1  4  6  3 
1 3 3 0.001590 * 1  5  6  3 
2 3 3 0.020391 * 2  5  6  3 
4 3 2 0.002038 * 4  6  3 
5 3 2 0.003905 * 5  6  3 
6 3 1 0.001734 * 6  3 
7 3 2 0.001760 * 7  9  3 
8 3 4 0.002229 * 8  2  5  6  3 
9 3 1 0.003906 * 9  3 
10 3 1 0.007050 * 10   3 
11 3 4 0.003257 * 11   1   4   6   3 
11 3 4 0.003257 * 11   1   5   6   3 
1 4 1 0.002709 * 1  4 
2 4 3 0.005316 * 2  5  1  4 
2 4 3 0.005316 * 2  5  6  4 
3 4 2 0.000351 * 3  6  4 
5 4 2 0.001889 * 5  1  4 
5 4 2 0.001889 * 5  6  4 
6 4 1 0.000709 * 6  4 
7 4 1 0.031584 * 7  4 
8 4 3 0.002887 * 8  11   1   4 
9 4 2 0.000528 * 9  7  4 
10 4 3 0.000492 * 10   3   6   4 
10 4 3 0.000492 * 10   9   7   4 
11 4 2 0.001020 * 11   1   4 
1 5 1 0.005480 * 1  5 
2 5 1 0.041653 * 2  5 
3 5 2 0.002429 * 3  6  5 
4 5 2 0.001052 * 4  1  5 
4 5 2 0.001052 * 4  6  5 
6 5 1 0.004734 * 6  5 
7 5 3 0.002362 * 7  4  1  5 
7 5 3 0.002362 * 7  4  6  5 
8 5 2 0.008666 * 8  2  5 
9 5 3 0.002378 * 9  3  6  5 
10 5 3 0.003012 * 10   3   6   5 
11 5 2 0.009680 * 11   1   5 
1 6 2 0.001278 * 1  4  6 
1 6 2 0.001278 * 1  5  6 
2 6 2 0.012939 * 2  5  6 
3 6 1 0.001697 * 3  6 
4 6 1 0.002508 * 4  6 
5 6 1 0.004608 * 5  6 
7 6 2 0.002265 * 7  4  6 
8 6 3 0.003000 * 8  2  5  6 
9 6 2 0.000158 * 9  3  6 
10 6 2 0.001785 * 10   3   6 
11 6 3 0.002492 * 11   1   4   6 
11 6 3 0.002492 * 11   1   5   6 
1 7 2 0.005390 * 1  4  7 
2 7 4 0.025669 * 2  5  1  4  7 
2 7 4 0.025669 * 2  5  6  4  7 
3 7 2 0.001475 * 3  9  7 
4 7 1 0.021164 * 4  7 
5 7 3 0.005083 * 5  1  4  7 
5 7 3 0.005083 * 5  6  4  7 
6 7 2 0.002390 * 6  4  7 
8 7 4 0.017993 * 8  11   1   4   7 
9 7 1 0.002055 * 9  7 
10 7 2 0.007519 * 10   9   7 
11 7 3 0.018973 * 11   1   4   7 
1 8 2 0.013156 * 1  11   8 
2 8 1 0.020760 * 2  8 
3 8 4 0.004304 * 3  6  5  2  8 
4 8 3 0.011203 * 4   1  11   8 
5 8 2 0.019172 * 5  2  8 
6 8 3 0.006646 * 6  5  2  8 
7 8 4 0.019060 * 7   4   1  11   8 
9 8 5 0.001172 * 9  3  6  5  2  8 
9 8 5 0.001172 * 9   7   4   1  11   8 
10 8 5 0.008534 * 10   3   6   5   2   8 
11 8 1 0.017398 * 11   8 
1 9 3 0.000163 * 1  4  7  9 
2 9 4 0.002936 * 2  5  6  3  9 
3 9 1 0.001094 * 3  9 
4 9 2 0.000281 * 4  7  9 
5 9 3 0.001043 * 5  6  3  9 
6 9 2 0.000135 * 6  3  9 
7 9 1 0.003123 * 7  9 
8 9 5 0.000464 * 8  2  5  6  3  9 
8 9 5 0.000464 * 8  11   1   4   7   9 
10 9 1 0.000960 * 10   9 
11 9 4 0.000321 * 11   1   4   7   9 
1 10 4 0.001501 * 1   4   6   3  10 
1 10 4 0.001501 * 1   4   7   9  10 
1 10 4 0.002427 * 1   5   6   3  10 
2 10 4 0.029958 * 2   5   6   3  10 
3 10 1 0.001179 * 3  10 
4 10 3 0.000459 * 4   6   3  10 
4 10 3 0.000459 * 4   7   9  10 
5 10 3 0.003181 * 5   6   3  10 
6 10 2 0.001139 * 6   3  10 
7 10 2 0.007498 * 7   9  10 
8 10 5 0.007861 * 8   2   5   6   3  10 
9 10 1 0.001052 * 9  10 
11 10 5 0.000774 * 11   1   4   6   3  10 
11 10 5 0.000774 * 11   1   4   7   9  10 
11 10 5 0.000774 * 11   1   5   6   3  10 
1 11 1 0.055351 * 1  11 
2 11 2 0.015339 * 2   8  11 
3 11 4 0.003684 * 3   6   4   1  11 
3 11 4 0.003684 * 3   6   5   1  11 
4 11 2 0.009661 * 4   1  11 
5 11 2 0.019140 * 5   1  11 
6 11 3 0.001505 * 6   4   1  11 
6 11 3 0.001505 * 6   5   1  11 
7 11 3 0.023147 * 7   4   1  11 
8 11 1 0.045918 * 8  11 
9 11 4 0.001840 * 9   7   4   1  11 
10 11 5 0.004689 * 10   3   6   4   1  11 
10 11 5 0.004689 * 10   3   6   5   1  11 
10 11 5 0.004689 * 10   9   7   4   1  11 
