2  5  1 
0.008796
3  6  4  1 
0.000366
3  6  5  1 
0.000366
4  1 
0.000652
5  1 
0.006234
6  4  1 
0.000416
6  5  1 
0.000416
7  4  1 
0.006572
8  11   1 
0.005952
9  7  4  1 
0.000523
10   3   6   4   1 
0.000946
10   3   6   5   1 
0.000946
10   9   7   4   1 
0.000946
11   1 
0.031083
1  5  2 
0.008637
3  6  5  2 
0.002999
4  1  5  2 
0.001299
4  6  5  2 
0.001299
5  2 
0.007775
6  5  2 
0.002901
7  4  1  5  2 
0.003228
7  4  6  5  2 
0.003228
8  2 
0.002078
9  3  6  5  2 
0.000459
10   3   6   5   2 
0.002645
11   8   2 
0.004410
1  4  6  3 
0.001243
1  5  6  3 
0.001243
2  5  6  3 
0.016711
4  6  3 
0.001863
5  6  3 
0.002924
6  3 
0.005123
7  9  3 
0.001619
8  2  5  6  3 
0.003857
9  3 
0.003523
10   3 
0.004097
11   1   4   6   3 
0.002591
11   1   5   6   3 
0.002591
1  4 
0.001530
2  5  1  4 
0.005588
2  5  6  4 
0.005588
3  6  4 
0.000663
5  1  4 
0.001495
5  6  4 
0.001495
6  4 
0.001538
7  4 
0.037225
8  11   1   4 
0.001668
9  7  4 
0.000538
10   3   6   4 
0.000389
10   9   7   4 
0.000389
11   1   4 
0.001436
1  5 
0.004395
2  5 
0.049893
3  6  5 
0.004928
4  1  5 
0.001296
4  6  5 
0.001296
6  5 
0.003009
7  4  1  5 
0.003993
7  4  6  5 
0.003993
8  2  5 
0.009978
9  3  6  5 
0.000813
10   3   6   5 
0.003154
11   1   5 
0.009873
1  4  6 
0.000731
1  5  6 
0.000731
2  5  6 
0.014985
3  6 
0.001329
4  6 
0.001018
5  6 
0.003360
7  4  6 
0.000936
8  2  5  6 
0.002559
9  3  6 
0.000198
10   3   6 
0.001985
11   1   4   6 
0.002927
11   1   5   6 
0.002927
1  4  7 
0.005250
2  5  1  4  7 
0.024594
2  5  6  4  7 
0.024594
3  9  7 
0.001028
4  7 
0.003021
5  1  4  7 
0.006521
5  6  4  7 
0.006521
6  4  7 
0.001994
8  11   1   4   7 
0.017964
9  7 
0.001525
10   9   7 
0.008696
11   1   4   7 
0.017156
1  11   8 
0.016422
2  8 
0.022229
3  6  5  2  8 
0.005850
4   1  11   8 
0.012629
5  2  8 
0.028048
6  5  2  8 
0.005638
7   4   1  11   8 
0.017845
9  3  6  5  2  8 
0.001376
9   7   4   1  11   8 
0.001376
10   3   6   5   2   8 
0.007835
11   8 
0.023382
1  4  7  9 
0.000207
2  5  6  3  9 
0.002342
3  9 
0.001174
4  7  9 
0.000199
5  6  3  9 
0.000888
6  3  9 
0.000161
7  9 
0.002112
8  2  5  6  3  9 
0.000343
8  11   1   4   7   9 
0.000343
10   9 
0.000726
11   1   4   7   9 
0.000538
1   4   6   3  10 
0.001724
1   4   7   9  10 
0.001724
1   5   6   3  10 
0.003055
2   5   6   3  10 
0.031799
3  10 
0.001022
4   6   3  10 
0.000367
4   7   9  10 
0.000367
5   6   3  10 
0.003964
6   3  10 
0.001065
7   9  10 
0.006619
8   2   5   6   3  10 
0.008741
9  10 
0.000977
11   1   4   6   3  10 
0.001389
11   1   4   7   9  10 
0.001389
11   1   5   6   3  10 
0.002114
1  11 
0.042942
2   8  11 
0.019323
3   6   4   1  11 
0.006746
3   6   5   1  11 
0.006746
4   1  11 
0.006722
5   1  11 
0.018896
6   4   1  11 
0.002744
6   5   1  11 
0.002744
7   4   1  11 
0.020625
8  11 
0.041151
9   7   4   1  11 
0.001028
10   3   6   4   1  11 
0.003294
10   3   6   5   1  11 
0.003294
10   9   7   4   1  11 
0.003294
