2 1 2 0.011217 * 2  5  1 
3 1 3 0.001378 * 3  6  4  1 
3 1 3 0.001378 * 3  6  5  1 
4 1 1 0.004965 * 4  1 
5 1 1 0.011079 * 5  1 
6 1 2 0.002179 * 6  4  1 
6 1 2 0.002179 * 6  5  1 
7 1 2 0.006963 * 7  4  1 
8 1 2 0.005290 * 8  11   1 
9 1 3 0.001856 * 9  7  4  1 
10 1 4 0.001277 * 10   3   6   4   1 
10 1 4 0.001277 * 10   3   6   5   1 
10 1 4 0.001277 * 10   9   7   4   1 
11 1 1 0.025715 * 11   1 
1 2 2 0.007818 * 1  5  2 
3 2 3 0.005051 * 3  6  5  2 
4 2 3 0.002555 * 4  1  5  2 
4 2 3 0.002555 * 4  6  5  2 
5 2 1 0.010608 * 5  2 
6 2 2 0.004388 * 6  5  2 
7 2 4 0.004929 * 7  4  1  5  2 
7 2 4 0.004929 * 7  4  6  5  2 
8 2 1 0.003536 * 8  2 
9 2 4 0.001954 * 9  3  6  5  2 
10 2 4 0.002584 * 10   3   6   5   2 
11 2 2 0.008025 * 11   8   2 
1 3 3 0.001195 * 1  4  6  3 
1 3 3 0.001195 * 1  5  6  3 
2 3 3 0.011528 * 2  5  6  3 
4 3 2 0.002566 * 4  6  3 
5 3 2 0.003304 * 5  6  3 
6 3 1 0.004079 * 6  3 
7 3 2 0.009122 * 7  9  3 
8 3 4 0.007723 * 8  2  5  6  3 
9 3 1 0.004188 * 9  3 
10 3 1 0.005042 * 10   3 
11 3 4 0.004862 * 11   1   4   6   3 
11 3 4 0.004862 * 11   1   5   6   3 
1 4 1 0.002149 * 1  4 
2 4 3 0.006208 * 2  5  1  4 
2 4 3 0.006208 * 2  5  6  4 
3 4 2 0.001865 * 3  6  4 
5 4 2 0.001842 * 5  1  4 
5 4 2 0.001842 * 5  6  4 
6 4 1 0.001697 * 6  4 
7 4 1 0.008493 * 7  4 
8 4 3 0.002574 * 8  11   1   4 
9 4 2 0.001775 * 9  7  4 
10 4 3 0.001133 * 10   3   6   4 
10 4 3 0.001133 * 10   9   7   4 
11 4 2 0.002662 * 11   1   4 
1 5 1 0.007406 * 1  5 
2 5 1 0.036258 * 2  5 
3 5 2 0.002821 * 3  6  5 
4 5 2 0.001524 * 4  1  5 
4 5 2 0.001524 * 4  6  5 
6 5 1 0.008050 * 6  5 
7 5 3 0.003711 * 7  4  1  5 
7 5 3 0.003711 * 7  4  6  5 
8 5 2 0.013706 * 8  2  5 
9 5 3 0.002915 * 9  3  6  5 
10 5 3 0.003983 * 10   3   6   5 
11 5 2 0.010445 * 11   1   5 
1 6 2 0.001739 * 1  4  6 
1 6 2 0.001739 * 1  5  6 
2 6 2 0.015186 * 2  5  6 
3 6 1 0.003922 * 3  6 
4 6 1 0.001595 * 4  6 
5 6 1 0.006220 * 5  6 
7 6 2 0.003388 * 7  4  6 
8 6 3 0.003983 * 8  2  5  6 
9 6 2 0.000492 * 9  3  6 
10 6 2 0.000903 * 10   3   6 
11 6 3 0.002144 * 11   1   4   6 
11 6 3 0.002144 * 11   1   5   6 
1 7 2 0.012210 * 1  4  7 
2 7 4 0.018592 * 2  5  1  4  7 
2 7 4 0.018592 * 2  5  6  4  7 
3 7 2 0.003989 * 3  9  7 
4 7 1 0.017207 * 4  7 
5 7 3 0.008331 * 5  1  4  7 
5 7 3 0.008331 * 5  6  4  7 
6 7 2 0.005029 * 6  4  7 
8 7 4 0.021263 * 8  11   1   4   7 
9 7 1 0.001298 * 9  7 
10 7 2 0.010702 * 10   9   7 
11 7 3 0.023415 * 11   1   4   7 
1 8 2 0.015377 * 1  11   8 
2 8 1 0.030519 * 2  8 
3 8 4 0.006660 * 3  6  5  2  8 
4 8 3 0.015094 * 4   1  11   8 
5 8 2 0.024072 * 5  2  8 
6 8 3 0.010207 * 6  5  2  8 
7 8 4 0.027294 * 7   4   1  11   8 
9 8 5 0.001351 * 9  3  6  5  2  8 
9 8 5 0.001351 * 9   7   4   1  11   8 
10 8 5 0.008670 * 10   3   6   5   2   8 
11 8 1 0.028120 * 11   8 
1 9 3 0.000351 * 1  4  7  9 
2 9 4 0.002127 * 2  5  6  3  9 
3 9 1 0.005220 * 3  9 
4 9 2 0.000446 * 4  7  9 
5 9 3 0.001177 * 5  6  3  9 
6 9 2 0.000531 * 6  3  9 
7 9 1 0.002154 * 7  9 
8 9 5 0.000660 * 8  2  5  6  3  9 
8 9 5 0.000660 * 8  11   1   4   7   9 
10 9 1 0.001873 * 10   9 
11 9 4 0.000893 * 11   1   4   7   9 
1 10 4 0.001573 * 1   4   6   3  10 
1 10 4 0.001573 * 1   4   7   9  10 
1 10 4 0.002476 * 1   5   6   3  10 
2 10 4 0.015513 * 2   5   6   3  10 
3 10 1 0.001805 * 3  10 
4 10 3 0.000705 * 4   6   3  10 
4 10 3 0.000705 * 4   7   9  10 
5 10 3 0.005358 * 5   6   3  10 
6 10 2 0.002346 * 6   3  10 
7 10 2 0.009403 * 7   9  10 
8 10 5 0.006135 * 8   2   5   6   3  10 
9 10 1 0.002367 * 9  10 
11 10 5 0.001389 * 11   1   4   6   3  10 
11 10 5 0.001389 * 11   1   4   7   9  10 
11 10 5 0.002012 * 11   1   5   6   3  10 
1 11 1 0.042916 * 1  11 
2 11 2 0.032013 * 2   8  11 
3 11 4 0.005895 * 3   6   4   1  11 
3 11 4 0.005895 * 3   6   5   1  11 
4 11 2 0.006856 * 4   1  11 
5 11 2 0.019597 * 5   1  11 
6 11 3 0.004233 * 6   4   1  11 
6 11 3 0.004233 * 6   5   1  11 
7 11 3 0.031318 * 7   4   1  11 
8 11 1 0.059860 * 8  11 
9 11 4 0.001817 * 9   7   4   1  11 
10 11 5 0.004600 * 10   3   6   4   1  11 
10 11 5 0.004600 * 10   3   6   5   1  11 
10 11 5 0.004600 * 10   9   7   4   1  11 
