2  5  1 
0.006265
3  6  4  1 
0.001472
3  6  5  1 
0.001472
4  1 
0.001483
5  1 
0.006663
6  4  1 
0.000687
6  5  1 
0.000687
7  4  1 
0.007681
8  2  5  1 
0.002217
8  11   1   0 
0.002217
9  3  6  4  1 
0.000462
9  3  6  5  1 
0.000462
9  7  4  1  0 
0.000231
10   3   6   4   1   0 
0.000573
10   3   6   5   1   0 
0.000573
10   9   3   6   4   1 
0.000859
10   9   3   6   5   1 
0.000859
10   9   7   4   1   0 
0.000453
11   1 
0.025021
1  5  2  0 
0.002274
1  11   8   2 
0.002274
3  6  5  2 
0.006360
4  1  5  2  0 
0.000734
4   1  11   8   2 
0.000734
4  6  5  2  0 
0.000367
5  2 
0.008050
6  5  2 
0.004055
7  4  1  5  2  0 
0.001928
7   4   1  11   8   2 
0.001928
7  4  6  5  2  0 
0.000964
7  9  3  6  5  2 
0.000667
8  2 
0.002415
9  3  6  5  2 
0.000985
10   3   6   5   2   0 
0.001494
10   9   3   6   5   2 
0.001494
11   8   2 
0.002455
1  4  6  3  0 
0.000877
1  4  7  9  3 
0.000877
1  5  6  3  0 
0.000658
2  5  6  3 
0.016908
4  6  3  0 
0.001073
4  7  9  3 
0.001073
5  6  3 
0.002533
6  3 
0.006970
7  9  3 
0.007757
8  2  5  6  3  0  0 
0.000314
8  11   1   4   6   3   0 
0.000942
8  11   1   4   7   9   3 
0.000942
8  11   1   5   6   3   0 
0.000942
9  3 
0.005544
10   9   3 
0.003380
10   3   0 
0.003380
11   1   4   6   3   0 
0.001785
11   1   4   7   9   3 
0.001785
11   1   5   6   3   0 
0.001339
1  4 
0.001784
2  5  1  4 
0.004010
2  5  6  4 
0.004010
3  6  4  0 
0.000431
3  9  7  4 
0.000431
5  1  4 
0.001414
5  6  4 
0.001414
6  4 
0.001005
7  4 
0.068554
8  2  5  1  4 
0.000726
8  2  5  6  4 
0.000726
8  11   1   4   0 
0.000363
9  7  4 
0.001066
10   3   6   4   0 
0.000806
10   3   9   7   4 
0.000806
10   9   7   4   0 
0.000500
11   1   4 
0.001930
1  5 
0.003044
2  5 
0.034615
3  6  5 
0.006230
4  1  5 
0.001342
4  6  5 
0.001342
6  5 
0.004243
7  4  1  5  0 
0.002186
7  4  6  5  0 
0.002186
7  9  3  6  5 
0.001276
8  2  5  0 
0.004053
8  11   1   5 
0.004053
9  3  6  5 
0.002758
10   3   6   5   0 
0.001990
10   9   3   6   5 
0.001990
11   1   5 
0.011613
1  4  6 
0.000639
1  5  6 
0.000639
2  5  6 
0.013538
3  6 
0.002216
4  6 
0.001231
5  6 
0.004534
7  4  6  0 
0.001293
7  9  3  6 
0.001293
8  2  5  6  0 
0.000819
8  11   1   4   6 
0.001639
8  11   1   5   6 
0.001639
9  3  6 
0.000225
10   3   6   0 
0.000965
10   9   3   6 
0.000965
11   1   4   6 
0.002145
11   1   5   6 
0.002145
1  4  7 
0.009728
2  5  1  4  7  0 
0.014669
2  5  6  3  9  7 
0.015803
2  5  6  4  7  0 
0.015803
3  9  7 
0.004007
4  7 
0.003937
5  1  4  7  0 
0.004307
5  6  3  9  7 
0.004641
5  6  4  7  0 
0.004641
6  3  9  7 
0.001972
6  4  7  0 
0.001972
8  2  5  1  4  7  0 
0.006641
8  2  5  6  3  9  7 
0.006641
8  2  5  6  4  7  0 
0.006641
8  11   1   4   7   0   0 
0.002214
9  7 
0.002696
10   3   9   7 
0.005195
10   9   7   0 
0.005195
11   1   4   7 
0.019814
1  5  2  8 
0.005426
1  11   8   0 
0.005426
2  8 
0.025058
3  6  5  2  8 
0.010896
4  1  5  2  8 
0.004646
4   1  11   8   0 
0.004646
4  6  5  2  8 
0.003496
5  2  8 
0.018021
6  5  2  8 
0.008437
7  4  1  5  2  8 
0.010195
7   4   1  11   8   0 
0.010195
7  4  6  5  2  8 
0.007672
9  3  6  5  2  8  0 
0.000334
9  7  4  1  5  2  8 
0.001002
9   7   4   1  11   8   0 
0.001002
9  7  4  6  5  2  8 
0.001002
10   3   6   5   2   8   0   0 
0.000709
10   9   3   6   5   2   8   0 
0.000999
10   9   7   4   1   5   2   8 
0.002835
10   9   7   4   1  11   8   0 
0.002835
10   9   7   4   6   5   2   8 
0.002835
11   8 
0.023513
1  4  6  3  9 
0.000152
1  4  7  9  0 
0.000152
2  5  1  4  6  3  9 
0.000979
2  5  1  4  7  9  0 
0.000979
2  5  6  3  9  0  0 
0.000532
3  9 
0.003651
4  6  3  9 
0.000242
4  7  9  0 
0.000242
5  1  4  6  3  9 
0.000417
5  1  4  7  9  0 
0.000417
5  6  3  9  0  0 
0.000227
6  3  9 
0.000166
7  9 
0.004040
8  2  5  1  4  6  3  9 
0.000203
8  2  5  1  4  7  9  0 
0.000203
8  2  5  6  3  9  0  0 
0.000203
8  11   1   4   6   3   9   0 
0.000136
8  11   1   4   7   9   0   0 
0.000136
10   3   9 
0.000960
10   9   0 
0.000960
11   1   4   6   3   9 
0.000572
11   1   4   7   9   0 
0.000572
1   4   6   3   9  10 
0.001026
1   4   6   3  10   0 
0.001026
1   4   7   9  10   0 
0.000513
1   5   6   3   9  10 
0.000922
1   5   6   3  10   0 
0.000922
2   5   6   3   9  10 
0.011846
2   5   6   3  10   0 
0.011846
3   9  10 
0.001017
3  10   0 
0.001017
4   6   3   9  10 
0.000347
4   6   3  10   0 
0.000347
4   7   9  10   0 
0.000174
5   6   3   9  10 
0.000939
5   6   3  10   0 
0.000939
6   3   9  10 
0.000567
6   3  10   0 
0.000567
7   9  10 
0.008152
8   2   5   6   3   9  10   0 
0.000533
8   2   5   6   3  10   0   0 
0.000533
8  11   1   4   6   3   9  10 
0.001334
8  11   1   4   6   3  10   0 
0.001334
8  11   1   4   7   9  10   0 
0.000747
8  11   1   5   6   3   9  10 
0.001334
8  11   1   5   6   3  10   0 
0.001334
9  10 
0.001400
11   1   4   6   3   9  10 
0.000777
11   1   4   6   3  10   0 
0.000777
11   1   4   7   9  10   0 
0.000389
11   1   5   6   3   9  10 
0.000699
11   1   5   6   3  10   0 
0.000699
1  11 
0.035574
2   5   1  11 
0.015136
2   8  11   0 
0.015136
3   6   4   1  11 
0.008592
3   6   5   1  11 
0.008592
4   1  11 
0.009925
5   1  11 
0.016269
6   4   1  11 
0.003110
6   5   1  11 
0.003110
7   4   1  11 
0.024411
8  11 
0.050581
9   3   6   4   1  11 
0.000543
9   3   6   5   1  11 
0.000543
9   7   4   1  11   0 
0.000272
10   3   6   4   1  11   0 
0.002198
10   3   6   5   1  11   0 
0.002198
10   9   3   6   4   1  11 
0.002650
10   9   3   6   5   1  11 
0.002650
10   9   7   4   1  11   0 
0.001325
