2 1 0.202144 0.002844 * 2  5  1  0 
2 1 0.303100 0.002844 * 2   8  11   1 
3 1 0.303231 0.000662 * 3  6  4  1 
3 1 0.301842 0.000662 * 3  6  5  1 
4 1 0.101305 0.001619 * 4  1 
5 1 0.100305 0.005218 * 5  1 
6 1 0.202416 0.000618 * 6  4  1 
6 1 0.201027 0.000618 * 6  5  1 
7 1 0.202224 0.008080 * 7  4  1 
8 1 0.202121 0.005154 * 8  11   1 
9 1 0.403423 0.000352 * 9  3  6  4  1 
9 1 0.402034 0.000352 * 9  3  6  5  1 
9 1 0.302528 0.000176 * 9  7  4  1  0 
10 1 0.403596 0.000624 * 10   3   6   4   1   0 
10 1 0.402207 0.000624 * 10   3   6   5   1   0 
10 1 0.503646 0.000888 * 10   9   3   6   4   1 
10 1 0.502257 0.000888 * 10   9   3   6   5   1 
10 1 0.402751 0.000444 * 10   9   7   4   1   0 
11 1 0.101076 0.024299 * 11   1 
1 2 0.201323 0.003065 * 1  5  2  0 
1 2 0.302943 0.003065 * 1  11   8   2 
3 2 0.302415 0.006724 * 3  6  5  2 
4 2 0.302628 0.000756 * 4  1  5  2  0 
4 2 0.404247 0.000756 * 4   1  11   8   2 
4 2 0.301798 0.000378 * 4  6  5  2  0 
5 2 0.100879 0.009502 * 5  2 
6 2 0.201600 0.003667 * 6  5  2 
7 2 0.403547 0.002812 * 7  4  1  5  2  0 
7 2 0.505167 0.002812 * 7   4   1  11   8   2 
7 2 0.402717 0.001406 * 7  4  6  5  2  0 
7 2 0.502881 0.001072 * 7  9  3  6  5  2 
8 2 0.100275 0.001924 * 8  2 
9 2 0.402607 0.000725 * 9  3  6  5  2 
10 2 0.402781 0.001505 * 10   3   6   5   2   0 
10 2 0.502830 0.001505 * 10   9   3   6   5   2 
11 2 0.201096 0.003193 * 11   8   2 
1 3 0.301797 0.000838 * 1  4  6  3  0 
1 3 0.402569 0.000838 * 1  4  7  9  3 
1 3 0.302923 0.000601 * 1  5  6  3  0 
2 3 0.304318 0.016316 * 2  5  6  3 
4 3 0.201029 0.001284 * 4  6  3  0 
4 3 0.301802 0.001284 * 4  7  9  3 
5 3 0.202479 0.002538 * 5  6  3 
6 3 0.100832 0.007333 * 6  3 
7 3 0.200466 0.007753 * 7  9  3 
8 3 0.404593 0.000239 * 8  2  5  6  3  0  0 
8 3 0.503917 0.000716 * 8  11   1   4   6   3   0 
8 3 0.604690 0.000716 * 8  11   1   4   7   9   3 
8 3 0.505044 0.000716 * 8  11   1   5   6   3   0 
9 3 0.100192 0.005418 * 9  3 
10 3 0.200415 0.002850 * 10   9   3 
10 3 0.100365 0.002850 * 10   3   0 
11 3 0.402873 0.002086 * 11   1   4   6   3   0 
11 3 0.503646 0.002086 * 11   1   4   7   9   3 
11 3 0.404000 0.001494 * 11   1   5   6   3   0 
1 4 0.100768 0.002579 * 1  4 
2 4 0.302912 0.002811 * 2  5  1  4  0 
2 4 0.304598 0.002811 * 2  5  6  4  0 
2 4 0.403868 0.001893 * 2   8  11   1   4 
3 4 0.201926 0.000859 * 3  6  4  0 
3 4 0.301363 0.000859 * 3  9  7  4 
5 4 0.201073 0.001216 * 5  1  4 
5 4 0.202759 0.001216 * 5  6  4 
6 4 0.101111 0.001196 * 6  4 
7 4 0.100919 0.003132 * 7  4 
8 4 0.302888 0.002596 * 8  11   1   4 
9 4 0.201223 0.001065 * 9  7  4 
10 4 0.302292 0.000769 * 10   3   6   4   0 
10 4 0.401728 0.000769 * 10   3   9   7   4 
10 4 0.301446 0.000385 * 10   9   7   4   0 
11 4 0.201844 0.001980 * 11   1   4 
1 5 0.100444 0.004387 * 1  5 
2 5 0.101839 0.039093 * 2  5 
3 5 0.201537 0.006859 * 3  6  5 
4 5 0.201749 0.001331 * 4  1  5 
4 5 0.200919 0.001331 * 4  6  5 
6 5 0.100722 0.003937 * 6  5 
7 5 0.302668 0.002246 * 7  4  1  5  0 
7 5 0.301838 0.002246 * 7  4  6  5  0 
7 5 0.402003 0.001333 * 7  9  3  6  5 
8 5 0.202114 0.003254 * 8  2  5  0 
8 5 0.302565 0.003254 * 8  11   1   5 
9 5 0.301729 0.002989 * 9  3  6  5 
10 5 0.301902 0.003015 * 10   3   6   5   0 
10 5 0.401952 0.003015 * 10   9   3   6   5 
11 5 0.201521 0.012979 * 11   1   5 
1 6 0.200965 0.000546 * 1  4  6 
1 6 0.202092 0.000546 * 1  5  6 
2 6 0.203487 0.013192 * 2  5  6 
3 6 0.100815 0.002225 * 3  6 
4 6 0.100197 0.001145 * 4  6 
5 6 0.101647 0.005514 * 5  6 
7 6 0.201117 0.001226 * 7  4  6  0 
7 6 0.301281 0.001226 * 7  9  3  6 
8 6 0.303761 0.000758 * 8  2  5  6  0 
8 6 0.403086 0.001516 * 8  11   1   4   6 
8 6 0.404212 0.001516 * 8  11   1   5   6 
9 6 0.201007 0.000233 * 9  3  6 
10 6 0.201180 0.000989 * 10   3   6   0 
10 6 0.301230 0.000989 * 10   9   3   6 
11 6 0.302042 0.001942 * 11   1   4   6 
11 6 0.303168 0.001942 * 11   1   5   6 
1 7 0.202103 0.008830 * 1  4  7 
2 7 0.404248 0.012367 * 2  5  1  4  7  0 
2 7 0.504762 0.014013 * 2  5  6  3  9  7 
2 7 0.405934 0.014013 * 2  5  6  4  7  0 
2 7 0.505204 0.008877 * 2   8  11   1   4   7 
3 7 0.200444 0.003483 * 3  9  7 
4 7 0.101336 0.003333 * 4  7 
5 7 0.302408 0.004448 * 5  1  4  7  0 
5 7 0.402923 0.005040 * 5  6  3  9  7 
5 7 0.304094 0.005040 * 5  6  4  7  0 
6 7 0.301276 0.002284 * 6  3  9  7 
6 7 0.202447 0.002284 * 6  4  7  0 
8 7 0.404224 0.022010 * 8  11   1   4   7 
9 7 0.100304 0.001935 * 9  7 
10 7 0.300809 0.005249 * 10   3   9   7 
10 7 0.200527 0.005249 * 10   9   7   0 
11 7 0.303180 0.021501 * 11   1   4   7 
1 8 0.302303 0.006670 * 1  5  2  8 
1 8 0.202668 0.006670 * 1  11   8   0 
2 8 0.100980 0.024383 * 2  8 
3 8 0.403395 0.009132 * 3  6  5  2  8 
4 8 0.403607 0.004709 * 4  1  5  2  8 
4 8 0.303973 0.004709 * 4   1  11   8   0 
4 8 0.402778 0.003335 * 4  6  5  2  8 
5 8 0.201858 0.017821 * 5  2  8 
6 8 0.302580 0.007271 * 6  5  2  8 
7 8 0.504527 0.009808 * 7  4  1  5  2  8 
7 8 0.404892 0.009808 * 7   4   1  11   8   0 
7 8 0.503697 0.006946 * 7  4  6  5  2  8 
9 8 0.503587 0.000349 * 9  3  6  5  2  8  0 
9 8 0.604831 0.001046 * 9  7  4  1  5  2  8 
9 8 0.505196 0.001046 * 9   7   4   1  11   8   0 
9 8 0.604001 0.001046 * 9  7  4  6  5  2  8 
10 8 0.503760 0.000767 * 10   3   6   5   2   8   0   0 
10 8 0.603810 0.001070 * 10   9   3   6   5   2   8   0 
10 8 0.705054 0.003068 * 10   9   7   4   1   5   2   8 
10 8 0.605419 0.003068 * 10   9   7   4   1  11   8   0 
10 8 0.704224 0.003068 * 10   9   7   4   6   5   2   8 
11 8 0.100821 0.024112 * 11   8 
1 9 0.401937 0.000144 * 1  4  6  3  9 
1 9 0.302377 0.000144 * 1  4  7  9  0 
2 9 0.604081 0.000971 * 2  5  1  4  6  3  9 
2 9 0.504522 0.000971 * 2  5  1  4  7  9  0 
2 9 0.404458 0.000515 * 2  5  6  3  9  0  0 
3 9 0.100140 0.004956 * 3  9 
4 9 0.301169 0.000247 * 4  6  3  9 
4 9 0.201610 0.000247 * 4  7  9  0 
5 9 0.502242 0.000352 * 5  1  4  6  3  9 
5 9 0.402682 0.000352 * 5  1  4  7  9  0 
5 9 0.302619 0.000187 * 5  6  3  9  0  0 
6 9 0.200971 0.000138 * 6  3  9 
7 9 0.100274 0.003654 * 7  9 
8 9 0.704356 0.001024 * 8  2  5  1  4  6  3  9 
8 9 0.604796 0.001024 * 8  2  5  1  4  7  9  0 
8 9 0.504733 0.000794 * 8  2  5  6  3  9  0  0 
8 9 0.604057 0.000682 * 8  11   1   4   6   3   9   0 
8 9 0.504498 0.000682 * 8  11   1   4   7   9   0   0 
10 9 0.200505 0.001207 * 10   3   9 
10 9 0.100223 0.001207 * 10   9   0 
11 9 0.503013 0.000495 * 11   1   4   6   3   9 
11 9 0.403454 0.000495 * 11   1   4   7   9   0 
1 10 0.502073 0.000595 * 1   4   6   3   9  10 
1 10 0.402202 0.000595 * 1   4   6   3  10   0 
1 10 0.402514 0.000298 * 1   4   7   9  10   0 
1 10 0.503200 0.000529 * 1   5   6   3   9  10 
1 10 0.403328 0.000529 * 1   5   6   3  10   0 
2 10 0.504595 0.012409 * 2   5   6   3   9  10 
2 10 0.404723 0.012409 * 2   5   6   3  10   0 
3 10 0.200276 0.001210 * 3   9  10 
3 10 0.100405 0.001210 * 3  10   0 
4 10 0.401306 0.000337 * 4   6   3   9  10 
4 10 0.301434 0.000337 * 4   6   3  10   0 
4 10 0.301746 0.000169 * 4   7   9  10   0 
5 10 0.402756 0.000761 * 5   6   3   9  10 
5 10 0.302884 0.000761 * 5   6   3  10   0 
6 10 0.301108 0.000572 * 6   3   9  10 
6 10 0.201237 0.000572 * 6   3  10   0 
7 10 0.200411 0.008148 * 7   9  10 
8 10 0.604870 0.000629 * 8   2   5   6   3   9  10   0 
8 10 0.504998 0.000629 * 8   2   5   6   3  10   0   0 
8 10 0.704194 0.001469 * 8  11   1   4   6   3   9  10 
8 10 0.604322 0.001469 * 8  11   1   4   6   3  10   0 
8 10 0.604635 0.000735 * 8  11   1   4   7   9  10   0 
8 10 0.705320 0.001305 * 8  11   1   5   6   3   9  10 
8 10 0.605449 0.001305 * 8  11   1   5   6   3  10   0 
9 10 0.100137 0.001670 * 9  10 
11 10 0.603150 0.000757 * 11   1   4   6   3   9  10 
11 10 0.503278 0.000757 * 11   1   4   6   3  10   0 
11 10 0.503590 0.000378 * 11   1   4   7   9  10   0 
11 10 0.604276 0.000672 * 11   1   5   6   3   9  10 
11 10 0.504405 0.000672 * 11   1   5   6   3  10   0 
1 11 0.101847 0.050764 * 1  11 
2 11 0.202024 0.025277 * 2   8  11 
3 11 0.405078 0.003705 * 3   6   4   1  11   0 
3 11 0.403689 0.006247 * 3   6   5   1  11   0 
3 11 0.504439 0.006247 * 3   6   5   2   8  11 
4 11 0.203152 0.003135 * 4   1  11 
5 11 0.202152 0.007628 * 5   1  11   0 
5 11 0.302903 0.007628 * 5   2   8  11 
6 11 0.304263 0.001190 * 6   4   1  11   0 
6 11 0.302874 0.002006 * 6   5   1  11   0 
6 11 0.403624 0.002006 * 6   5   2   8  11 
7 11 0.304071 0.022555 * 7   4   1  11 
8 11 0.101044 0.046083 * 8  11 
9 11 0.505270 0.000511 * 9   3   6   4   1  11   0 
9 11 0.503881 0.000511 * 9   3   6   5   1  11   0 
9 11 0.604631 0.000511 * 9   3   6   5   2   8  11 
9 11 0.404375 0.000170 * 9   7   4   1  11   0   0 
10 11 0.505444 0.001749 * 10   3   6   4   1  11   0   0 
10 11 0.504054 0.001749 * 10   3   6   5   1  11   0   0 
10 11 0.604805 0.001749 * 10   3   6   5   2   8  11   0 
10 11 0.605493 0.002166 * 10   9   3   6   4   1  11   0 
10 11 0.604104 0.002166 * 10   9   3   6   5   1  11   0 
10 11 0.704854 0.002166 * 10   9   3   6   5   2   8  11 
10 11 0.504598 0.000722 * 10   9   7   4   1  11   0   0 
