2 1 0.202324 0.002232 * 2  5  1  0 
2 1 0.302970 0.002232 * 2   8  11   1 
3 1 0.302941 0.000547 * 3  6  4  1 
3 1 0.301476 0.000547 * 3  6  5  1 
4 1 0.101272 0.001132 * 4  1 
5 1 0.100343 0.005257 * 5  1 
6 1 0.202386 0.000410 * 6  4  1 
6 1 0.200921 0.000410 * 6  5  1 
7 1 0.202105 0.006841 * 7  4  1 
8 1 0.202165 0.006812 * 8  11   1 
9 1 0.403041 0.000631 * 9  3  6  4  1 
9 1 0.401576 0.000631 * 9  3  6  5  1 
9 1 0.302341 0.000315 * 9  7  4  1  0 
10 1 0.403234 0.000568 * 10   3   6   4   1   0 
10 1 0.401769 0.000568 * 10   3   6   5   1   0 
10 1 0.503207 0.000852 * 10   9   3   6   4   1 
10 1 0.501741 0.000852 * 10   9   3   6   5   1 
10 1 0.402506 0.000507 * 10   9   7   4   1   0 
11 1 0.101200 0.048961 * 11   1 
1 2 0.201338 0.002410 * 1  5  2  0 
1 2 0.302708 0.002410 * 1  11   8   2 
3 2 0.301995 0.005264 * 3  6  5  2 
4 2 0.302610 0.005580 * 4  1  5  2  0 
4 2 0.403980 0.005580 * 4   1  11   8   2 
4 2 0.301675 0.004102 * 4  6  5  2  0 
5 2 0.100862 0.005145 * 5  2 
6 2 0.201440 0.002837 * 6  5  2 
7 2 0.403443 0.001926 * 7  4  1  5  2  0 
7 2 0.504813 0.001926 * 7   4   1  11   8   2 
7 2 0.402509 0.001926 * 7  4  6  5  2  0 
7 2 0.502280 0.000642 * 7  9  3  6  5  2 
8 2 0.100262 0.001464 * 8  2 
9 2 0.402095 0.001323 * 9  3  6  5  2 
10 2 0.402288 0.001344 * 10   3   6   5   2   0 
10 2 0.502261 0.001344 * 10   9   3   6   5   2 
11 2 0.200918 0.002469 * 11   8   2 
1 3 0.301749 0.000949 * 1  4  6  3  0 
1 3 0.402250 0.000949 * 1  4  7  9  3 
1 3 0.303192 0.000731 * 1  5  6  3  0 
2 3 0.304697 0.019699 * 2  5  6  3 
4 3 0.201082 0.000765 * 4  6  3  0 
4 3 0.301583 0.000765 * 4  7  9  3 
5 3 0.202716 0.003561 * 5  6  3 
6 3 0.100847 0.001516 * 6  3 
7 3 0.200285 0.001196 * 7  9  3 
8 3 0.404959 0.000239 * 8  2  5  6  3  0  0 
8 3 0.503913 0.000717 * 8  11   1   4   6   3   0 
8 3 0.604414 0.000717 * 8  11   1   4   7   9   3 
8 3 0.505357 0.000717 * 8  11   1   5   6   3   0 
9 3 0.100100 0.002762 * 9  3 
10 3 0.200265 0.001314 * 10   9   3 
10 3 0.100293 0.001314 * 10   3   0 
11 3 0.402949 0.001190 * 11   1   4   6   3   0 
11 3 0.503450 0.001190 * 11   1   4   7   9   3 
11 3 0.404392 0.000917 * 11   1   5   6   3   0 
1 4 0.100667 0.002239 * 1  4 
2 4 0.302991 0.004054 * 2  5  1  4  0 
2 4 0.304965 0.004054 * 2  5  6  4  0 
2 4 0.403637 0.002746 * 2   8  11   1   4 
3 4 0.201669 0.000248 * 3  6  4  0 
3 4 0.301149 0.000248 * 3  9  7  4 
5 4 0.201010 0.001724 * 5  1  4 
5 4 0.202984 0.001724 * 5  6  4 
6 4 0.101114 0.000352 * 6  4 
7 4 0.100833 0.006271 * 7  4 
8 4 0.302831 0.002412 * 8  11   1   4 
9 4 0.201069 0.000442 * 9  7  4 
10 4 0.301962 0.000457 * 10   3   6   4   0 
10 4 0.401442 0.000457 * 10   3   9   7   4 
10 4 0.301234 0.000282 * 10   9   7   4   0 
11 4 0.201867 0.001017 * 11   1   4 
1 5 0.100476 0.004754 * 1  5 
2 5 0.101981 0.040210 * 2  5 
3 5 0.201133 0.002277 * 3  6  5 
4 5 0.201748 0.001079 * 4  1  5 
4 5 0.200813 0.001079 * 4  6  5 
6 5 0.100578 0.004973 * 6  5 
7 5 0.302581 0.001809 * 7  4  1  5  0 
7 5 0.301646 0.001809 * 7  4  6  5  0 
7 5 0.401418 0.001070 * 7  9  3  6  5 
8 5 0.202243 0.004274 * 8  2  5  0 
8 5 0.302641 0.004274 * 8  11   1   5 
9 5 0.301233 0.003075 * 9  3  6  5 
10 5 0.301425 0.001398 * 10   3   6   5   0 
10 5 0.401398 0.001398 * 10   9   3   6   5 
11 5 0.201676 0.009803 * 11   1   5 
1 6 0.200902 0.001270 * 1  4  6 
1 6 0.202345 0.001270 * 1  5  6 
2 6 0.203850 0.013696 * 2  5  6 
3 6 0.100555 0.001079 * 3  6 
4 6 0.100235 0.002288 * 4  6 
5 6 0.101870 0.005011 * 5  6 
7 6 0.201068 0.001112 * 7  4  6  0 
7 6 0.300840 0.001112 * 7  9  3  6 
8 6 0.304112 0.000585 * 8  2  5  6  0 
8 6 0.403067 0.001170 * 8  11   1   4   6 
8 6 0.404510 0.001170 * 8  11   1   5   6 
9 6 0.200655 0.000167 * 9  3  6 
10 6 0.200848 0.000934 * 10   3   6   0 
10 6 0.300820 0.000934 * 10   9   3   6 
11 6 0.302102 0.002386 * 11   1   4   6 
11 6 0.303546 0.002386 * 11   1   5   6 
1 7 0.201964 0.006396 * 1  4  7 
2 7 0.404288 0.013604 * 2  5  1  4  7  0 
2 7 0.505014 0.014537 * 2  5  6  3  9  7 
2 7 0.406262 0.014537 * 2  5  6  4  7  0 
2 7 0.504935 0.009031 * 2   8  11   1   4   7 
3 7 0.200316 0.001395 * 3  9  7 
4 7 0.101298 0.002337 * 4  7 
5 7 0.302307 0.006259 * 5  1  4  7  0 
5 7 0.403033 0.006688 * 5  6  3  9  7 
5 7 0.304281 0.006688 * 5  6  4  7  0 
6 7 0.301163 0.001336 * 6  3  9  7 
6 7 0.202412 0.001336 * 6  4  7  0 
8 7 0.404129 0.019874 * 8  11   1   4   7 
9 7 0.100236 0.001991 * 9  7 
10 7 0.300609 0.004544 * 10   3   9   7 
10 7 0.200401 0.004544 * 10   9   7   0 
11 7 0.303165 0.017884 * 11   1   4   7 
1 8 0.302144 0.006810 * 1  5  2  8 
1 8 0.202446 0.006810 * 1  11   8   0 
2 8 0.100806 0.021473 * 2  8 
3 8 0.402801 0.004853 * 3  6  5  2  8 
4 8 0.403416 0.004672 * 4  1  5  2  8 
4 8 0.303718 0.004672 * 4   1  11   8   0 
4 8 0.402481 0.003022 * 4  6  5  2  8 
5 8 0.201668 0.020687 * 5  2  8 
6 8 0.302246 0.006693 * 6  5  2  8 
7 8 0.504249 0.006973 * 7  4  1  5  2  8 
7 8 0.404551 0.006973 * 7   4   1  11   8   0 
7 8 0.503314 0.004511 * 7  4  6  5  2  8 
9 8 0.502901 0.000238 * 9  3  6  5  2  8  0 
9 8 0.604485 0.000715 * 9  7  4  1  5  2  8 
9 8 0.504787 0.000715 * 9   7   4   1  11   8   0 
9 8 0.603550 0.000715 * 9  7  4  6  5  2  8 
10 8 0.503094 0.000560 * 10   3   6   5   2   8   0   0 
10 8 0.603066 0.000768 * 10   9   3   6   5   2   8   0 
10 8 0.704650 0.002242 * 10   9   7   4   1   5   2   8 
10 8 0.604953 0.002242 * 10   9   7   4   1  11   8   0 
10 8 0.703716 0.002242 * 10   9   7   4   6   5   2   8 
11 8 0.100656 0.017177 * 11   8 
1 9 0.401829 0.000100 * 1  4  6  3  9 
1 9 0.302150 0.000100 * 1  4  7  9  0 
2 9 0.604153 0.001259 * 2  5  1  4  6  3  9 
2 9 0.504474 0.001259 * 2  5  1  4  7  9  0 
2 9 0.404777 0.000881 * 2  5  6  3  9  0  0 
3 9 0.100080 0.001678 * 3  9 
4 9 0.301162 0.000248 * 4  6  3  9 
4 9 0.201483 0.000248 * 4  7  9  0 
5 9 0.502172 0.000430 * 5  1  4  6  3  9 
5 9 0.402493 0.000430 * 5  1  4  7  9  0 
5 9 0.302797 0.000301 * 5  6  3  9  0  0 
6 9 0.200927 0.000096 * 6  3  9 
7 9 0.100185 0.002481 * 7  9 
8 9 0.704414 0.000267 * 8  2  5  1  4  6  3  9 
8 9 0.604735 0.000267 * 8  2  5  1  4  7  9  0 
8 9 0.505039 0.000267 * 8  2  5  6  3  9  0  0 
8 9 0.603994 0.000178 * 8  11   1   4   6   3   9   0 
8 9 0.504314 0.000178 * 8  11   1   4   7   9   0   0 
10 9 0.200373 0.000420 * 10   3   9 
10 9 0.100165 0.000420 * 10   9   0 
11 9 0.503029 0.000172 * 11   1   4   6   3   9 
11 9 0.403350 0.000172 * 11   1   4   7   9   0 
1 10 0.501966 0.001338 * 1   4   6   3   9  10 
1 10 0.402205 0.001338 * 1   4   6   3  10   0 
1 10 0.402287 0.000669 * 1   4   7   9  10   0 
1 10 0.503410 0.001192 * 1   5   6   3   9  10 
1 10 0.403649 0.001192 * 1   5   6   3  10   0 
2 10 0.504915 0.014061 * 2   5   6   3   9  10 
2 10 0.405154 0.014061 * 2   5   6   3  10   0 
3 10 0.200217 0.000495 * 3   9  10 
3 10 0.100457 0.000495 * 3  10   0 
4 10 0.401300 0.000405 * 4   6   3   9  10 
4 10 0.301539 0.000405 * 4   6   3  10   0 
4 10 0.301620 0.000202 * 4   7   9  10   0 
5 10 0.402934 0.001832 * 5   6   3   9  10 
5 10 0.303173 0.001832 * 5   6   3  10   0 
6 10 0.301064 0.000530 * 6   3   9  10 
6 10 0.201304 0.000530 * 6   3  10   0 
7 10 0.200322 0.007219 * 7   9  10 
8 10 0.605176 0.000606 * 8   2   5   6   3   9  10   0 
8 10 0.505416 0.000606 * 8   2   5   6   3  10   0   0 
8 10 0.704131 0.001515 * 8  11   1   4   6   3   9  10 
8 10 0.604370 0.001515 * 8  11   1   4   6   3  10   0 
8 10 0.604451 0.000822 * 8  11   1   4   7   9  10   0 
8 10 0.705574 0.001466 * 8  11   1   5   6   3   9  10 
8 10 0.605814 0.001466 * 8  11   1   5   6   3  10   0 
9 10 0.100137 0.000870 * 9  10 
11 10 0.603166 0.000554 * 11   1   4   6   3   9  10 
11 10 0.503406 0.000554 * 11   1   4   6   3  10   0 
11 10 0.503487 0.000277 * 11   1   4   7   9  10   0 
11 10 0.604610 0.000494 * 11   1   5   6   3   9  10 
11 10 0.504849 0.000494 * 11   1   5   6   3  10   0 
1 11 0.101790 0.047626 * 1  11 
2 11 0.201770 0.016656 * 2   8  11 
3 11 0.404731 0.001521 * 3   6   4   1  11   0 
3 11 0.403266 0.003042 * 3   6   5   1  11   0 
3 11 0.503765 0.003042 * 3   6   5   2   8  11 
4 11 0.203062 0.009687 * 4   1  11 
5 11 0.202133 0.010473 * 5   1  11   0 
5 11 0.302632 0.010473 * 5   2   8  11 
6 11 0.304176 0.000657 * 6   4   1  11   0 
6 11 0.302711 0.001314 * 6   5   1  11   0 
6 11 0.403210 0.001314 * 6   5   2   8  11 
7 11 0.303895 0.026634 * 7   4   1  11 
8 11 0.100964 0.048681 * 8  11 
9 11 0.504831 0.000464 * 9   3   6   4   1  11   0 
9 11 0.503366 0.000464 * 9   3   6   5   1  11   0 
9 11 0.603865 0.000464 * 9   3   6   5   2   8  11 
9 11 0.404131 0.000155 * 9   7   4   1  11   0   0 
10 11 0.505024 0.001854 * 10   3   6   4   1  11   0   0 
10 11 0.503559 0.001854 * 10   3   6   5   1  11   0   0 
10 11 0.604058 0.001854 * 10   3   6   5   2   8  11   0 
10 11 0.604997 0.002239 * 10   9   3   6   4   1  11   0 
10 11 0.603531 0.002239 * 10   9   3   6   5   1  11   0 
10 11 0.704031 0.002239 * 10   9   3   6   5   2   8  11 
10 11 0.504296 0.000746 * 10   9   7   4   1  11   0   0 
