2  5  1  0 
0.002758
2   8  11   1 
0.002758
3  6  4  1 
0.000346
3  6  5  1 
0.000346
4  1 
0.000556
5  1 
0.008290
6  4  1 
0.000743
6  5  1 
0.000743
7  4  1 
0.006303
8  11   1 
0.004886
9  3  6  4  1 
0.000161
9  3  6  5  1 
0.000161
9  7  4  1  0 
0.000080
10   3   6   4   1   0 
0.000565
10   3   6   5   1   0 
0.000565
10   9   3   6   4   1 
0.000697
10   9   3   6   5   1 
0.000697
10   9   7   4   1   0 
0.000348
11   1 
0.033844
1  5  2  0 
0.001992
1  11   8   2 
0.001992
3  6  5  2 
0.002170
4  1  5  2  0 
0.001150
4   1  11   8   2 
0.001150
4  6  5  2  0 
0.000669
5  2 
0.006973
6  5  2 
0.004154
7  4  1  5  2  0 
0.002412
7   4   1  11   8   2 
0.002412
7  4  6  5  2  0 
0.001404
7  9  3  6  5  2 
0.000903
8  2 
0.002734
9  3  6  5  2 
0.000486
10   3   6   5   2   0 
0.001419
10   9   3   6   5   2 
0.001419
11   8   2 
0.003749
1  4  6  3  0 
0.000814
1  4  7  9  3 
0.000814
1  5  6  3  0 
0.000623
2  5  6  3 
0.017705
4  6  3  0 
0.000993
4  7  9  3 
0.000993
5  6  3 
0.001844
6  3 
0.004011
7  9  3 
0.001501
8  2  5  6  3  0  0 
0.000415
8  11   1   4   6   3   0 
0.001246
8  11   1   4   7   9   3 
0.001246
8  11   1   5   6   3   0 
0.001246
9  3 
0.003302
10   9   3 
0.001718
10   3   0 
0.001718
11   1   4   6   3   0 
0.001558
11   1   4   7   9   3 
0.001558
11   1   5   6   3   0 
0.001191
1  4 
0.002038
2  5  1  4  0 
0.003772
2  5  6  4  0 
0.003772
2   8  11   1   4 
0.002543
3  6  4  0 
0.000235
3  9  7  4 
0.000235
5  1  4 
0.001626
5  6  4 
0.001626
6  4 
0.001634
7  4 
0.035434
8  11   1   4 
0.002030
9  7  4 
0.000497
10   3   6   4   0 
0.000325
10   3   9   7   4 
0.000325
10   9   7   4   0 
0.000175
11   1   4 
0.003628
1  5 
0.004969
2  5 
0.044430
3  6  5 
0.002578
4  1  5 
0.001377
4  6  5 
0.001377
6  5 
0.002984
7  4  1  5  0 
0.002990
7  4  6  5  0 
0.002990
7  9  3  6  5 
0.001968
8  2  5  0 
0.005141
8  11   1   5 
0.005141
9  3  6  5 
0.000773
10   3   6   5   0 
0.001338
10   9   3   6   5 
0.001338
11   1   5 
0.012128
1  4  6 
0.001030
1  5  6 
0.001030
2  5  6 
0.014378
3  6 
0.001206
4  6 
0.001132
5  6 
0.004242
7  4  6  0 
0.000441
7  9  3  6 
0.000441
8  2  5  6  0 
0.000519
8  11   1   4   6 
0.001038
8  11   1   5   6 
0.001038
9  3  6 
0.000461
10   3   6   0 
0.000898
10   9   3   6 
0.000898
11   1   4   6 
0.003099
11   1   5   6 
0.003099
1  4  7 
0.006748
2  5  1  4  7  0 
0.012934
2  5  6  3  9  7 
0.013558
2  5  6  4  7  0 
0.013558
2   8  11   1   4   7 
0.009443
3  9  7 
0.001258
4  7 
0.002647
5  1  4  7  0 
0.004432
5  6  3  9  7 
0.004646
5  6  4  7  0 
0.004646
6  3  9  7 
0.000818
6  4  7  0 
0.000818
8  11   1   4   7 
0.020505
9  7 
0.001318
10   3   9   7 
0.003799
10   9   7   0 
0.003799
11   1   4   7 
0.018110
1  5  2  8 
0.009379
1  11   8   0 
0.009379
2  8 
0.022008
3  6  5  2  8 
0.005892
4  1  5  2  8 
0.005007
4   1  11   8   0 
0.005007
4  6  5  2  8 
0.002843
5  2  8 
0.026324
6  5  2  8 
0.005622
7  4  1  5  2  8 
0.006875
7   4   1  11   8   0 
0.006875
7  4  6  5  2  8 
0.003903
9  3  6  5  2  8  0 
0.000247
9  7  4  1  5  2  8 
0.000741
9   7   4   1  11   8   0 
0.000741
9  7  4  6  5  2  8 
0.000741
10   3   6   5   2   8   0   0 
0.000532
10   9   3   6   5   2   8   0 
0.000746
10   9   7   4   1   5   2   8 
0.002126
10   9   7   4   1  11   8   0 
0.002126
10   9   7   4   6   5   2   8 
0.002126
11   8 
0.024397
1  4  6  3  9 
0.000153
1  4  7  9  0 
0.000153
2  5  1  4  6  3  9 
0.000703
2  5  1  4  7  9  0 
0.000703
2  5  6  3  9  0  0 
0.000643
3  9 
0.000973
4  6  3  9 
0.000095
4  7  9  0 
0.000095
5  1  4  6  3  9 
0.001538
5  1  4  7  9  0 
0.001538
5  6  3  9  0  0 
0.001147
6  3  9 
0.000191
7  9 
0.001752
8  2  5  1  4  6  3  9 
0.000145
8  2  5  1  4  7  9  0 
0.000145
8  2  5  6  3  9  0  0 
0.000145
8  11   1   4   6   3   9   0 
0.000097
8  11   1   4   7   9   0   0 
0.000097
10   3   9 
0.000320
10   9   0 
0.000320
11   1   4   6   3   9 
0.000384
11   1   4   7   9   0 
0.000384
1   4   6   3   9  10 
0.001516
1   4   6   3  10   0 
0.001516
1   4   7   9  10   0 
0.000758
1   5   6   3   9  10 
0.001434
1   5   6   3  10   0 
0.001434
2   5   6   3   9  10 
0.015794
2   5   6   3  10   0 
0.015794
3   9  10 
0.000816
3  10   0 
0.000816
4   6   3   9  10 
0.000240
4   6   3  10   0 
0.000240
4   7   9  10   0 
0.000120
5   6   3   9  10 
0.001765
5   6   3  10   0 
0.001765
6   3   9  10 
0.000711
6   3  10   0 
0.000711
7   9  10 
0.006697
8   2   5   6   3   9  10   0 
0.000730
8   2   5   6   3  10   0   0 
0.000730
8  11   1   4   6   3   9  10 
0.001825
8  11   1   4   6   3  10   0 
0.001825
8  11   1   4   7   9  10   0 
0.000966
8  11   1   5   6   3   9  10 
0.001825
8  11   1   5   6   3  10   0 
0.001825
9  10 
0.001119
11   1   4   6   3   9  10 
0.000864
11   1   4   6   3  10   0 
0.000864
11   1   4   7   9  10   0 
0.000432
11   1   5   6   3   9  10 
0.000817
11   1   5   6   3  10   0 
0.000817
1  11 
0.033946
2   5   1  11 
0.012443
2   8  11   0 
0.012443
3   6   4   1  11 
0.005605
3   6   5   1  11 
0.005605
4   1  11 
0.003512
5   1  11 
0.018097
6   4   1  11 
0.002696
6   5   1  11 
0.002696
7   4   1  11 
0.019108
8  11 
0.047225
9   3   6   4   1  11 
0.000325
9   3   6   5   1  11 
0.000325
9   7   4   1  11   0 
0.000162
10   3   6   4   1  11   0 
0.002000
10   3   6   5   1  11   0 
0.002000
10   9   3   6   4   1  11 
0.002279
10   9   3   6   5   1  11 
0.002279
10   9   7   4   1  11   0 
0.001139
