2 1 0.202290 0.002309 * 2  5  1  0 
2 1 0.303107 0.002309 * 2   8  11   1 
3 1 0.302829 0.000741 * 3  6  4  1 
3 1 0.301868 0.000741 * 3  6  5  1 
4 1 0.101115 0.001367 * 4  1 
5 1 0.100411 0.006371 * 5  1 
6 1 0.202144 0.000683 * 6  4  1 
6 1 0.201183 0.000683 * 6  5  1 
7 1 0.202011 0.006616 * 7  4  1 
8 1 0.202148 0.005015 * 8  11   1 
9 1 0.402960 0.000489 * 9  3  6  4  1 
9 1 0.401999 0.000489 * 9  3  6  5  1 
9 1 0.302331 0.000245 * 9  7  4  1  0 
10 1 0.403209 0.000656 * 10   3   6   4   1   0 
10 1 0.402248 0.000656 * 10   3   6   5   1   0 
10 1 0.503174 0.000984 * 10   9   3   6   4   1 
10 1 0.502212 0.000984 * 10   9   3   6   5   1 
10 1 0.402544 0.000505 * 10   9   7   4   1   0 
11 1 0.101067 0.027847 * 11   1 
1 2 0.201196 0.002261 * 1  5  2  0 
1 2 0.302722 0.002261 * 1  11   8   2 
3 2 0.302259 0.006403 * 3  6  5  2 
4 2 0.302310 0.001332 * 4  1  5  2  0 
4 2 0.403836 0.001332 * 4   1  11   8   2 
4 2 0.301818 0.000697 * 4  6  5  2  0 
5 2 0.100802 0.011599 * 5  2 
6 2 0.201573 0.003458 * 6  5  2 
7 2 0.403206 0.001847 * 7  4  1  5  2  0 
7 2 0.504732 0.001847 * 7   4   1  11   8   2 
7 2 0.402714 0.001123 * 7  4  6  5  2  0 
7 2 0.502594 0.000616 * 7  9  3  6  5  2 
8 2 0.100312 0.001693 * 8  2 
9 2 0.402390 0.000572 * 9  3  6  5  2 
10 2 0.402638 0.001308 * 10   3   6   5   2   0 
10 2 0.502603 0.001308 * 10   9   3   6   5   2 
11 2 0.201069 0.005293 * 11   8   2 
1 3 0.301781 0.000884 * 1  4  6  3  0 
1 3 0.402379 0.000884 * 1  4  7  9  3 
1 3 0.302944 0.000706 * 1  5  6  3  0 
2 3 0.304430 0.016647 * 2  5  6  3 
4 3 0.201080 0.000887 * 4  6  3  0 
4 3 0.301678 0.000887 * 4  7  9  3 
5 3 0.202551 0.002127 * 5  6  3 
6 3 0.100836 0.006429 * 6  3 
7 3 0.200336 0.002682 * 7  9  3 
8 3 0.404742 0.000477 * 8  2  5  6  3  0  0 
8 3 0.503929 0.001430 * 8  11   1   4   6   3   0 
8 3 0.604527 0.001430 * 8  11   1   4   7   9   3 
8 3 0.505093 0.001413 * 8  11   1   5   6   3   0 
9 3 0.100131 0.004856 * 9  3 
10 3 0.200345 0.004835 * 10   9   3 
10 3 0.100380 0.004835 * 10   3   0 
11 3 0.402848 0.001615 * 11   1   4   6   3   0 
11 3 0.503446 0.001615 * 11   1   4   7   9   3 
11 3 0.404011 0.001290 * 11   1   5   6   3   0 
1 4 0.100701 0.001745 * 1  4 
2 4 0.302991 0.002885 * 2  5  1  4  0 
2 4 0.304623 0.002885 * 2  5  6  4  0 
2 4 0.403808 0.001857 * 2   8  11   1   4 
3 4 0.201715 0.000590 * 3  6  4  0 
3 4 0.301350 0.000590 * 3  9  7  4 
5 4 0.201112 0.001407 * 5  1  4 
5 4 0.202745 0.001407 * 5  6  4 
6 4 0.101029 0.000651 * 6  4 
7 4 0.100896 0.005928 * 7  4 
8 4 0.302849 0.001986 * 8  11   1   4 
9 4 0.201216 0.000731 * 9  7  4 
10 4 0.302095 0.000595 * 10   3   6   4   0 
10 4 0.401729 0.000595 * 10   3   9   7   4 
10 4 0.301430 0.000297 * 10   9   7   4   0 
11 4 0.201768 0.001736 * 11   1   4 
1 5 0.100394 0.005584 * 1  5 
2 5 0.101879 0.034714 * 2  5 
3 5 0.201457 0.003749 * 3  6  5 
4 5 0.201508 0.001682 * 4  1  5 
4 5 0.201016 0.001682 * 4  6  5 
6 5 0.100771 0.003177 * 6  5 
7 5 0.302404 0.002433 * 7  4  1  5  0 
7 5 0.301912 0.002433 * 7  4  6  5  0 
7 5 0.401792 0.001342 * 7  9  3  6  5 
8 5 0.202191 0.004106 * 8  2  5  0 
8 5 0.302542 0.004106 * 8  11   1   5 
9 5 0.301588 0.002387 * 9  3  6  5 
10 5 0.301837 0.002704 * 10   3   6   5   0 
10 5 0.401801 0.002704 * 10   9   3   6   5 
11 5 0.201460 0.014373 * 11   1   5 
1 6 0.200945 0.001084 * 1  4  6 
1 6 0.202109 0.001084 * 1  5  6 
2 6 0.203594 0.013082 * 2  5  6 
3 6 0.100685 0.001889 * 3  6 
4 6 0.100244 0.001136 * 4  6 
5 6 0.101715 0.004833 * 5  6 
7 6 0.201140 0.001221 * 7  4  6  0 
7 6 0.301021 0.001221 * 7  9  3  6 
8 6 0.303906 0.000748 * 8  2  5  6  0 
8 6 0.403094 0.001495 * 8  11   1   4   6 
8 6 0.404257 0.001495 * 8  11   1   5   6 
9 6 0.200816 0.000290 * 9  3  6 
10 6 0.201065 0.000781 * 10   3   6   0 
10 6 0.301030 0.000781 * 10   9   3   6 
11 6 0.302012 0.001532 * 11   1   4   6 
11 6 0.303176 0.001532 * 11   1   5   6 
1 7 0.202043 0.005956 * 1  4  7 
2 7 0.404333 0.013502 * 2  5  1  4  7  0 
2 7 0.504883 0.015321 * 2  5  6  3  9  7 
2 7 0.405966 0.015321 * 2  5  6  4  7  0 
2 7 0.505150 0.009768 * 2   8  11   1   4   7 
3 7 0.200453 0.002895 * 3  9  7 
4 7 0.101342 0.003948 * 4  7 
5 7 0.302454 0.004727 * 5  1  4  7  0 
5 7 0.403004 0.005364 * 5  6  3  9  7 
5 7 0.304087 0.005364 * 5  6  4  7  0 
6 7 0.301289 0.002510 * 6  3  9  7 
6 7 0.202372 0.002510 * 6  4  7  0 
8 7 0.404192 0.020133 * 8  11   1   4   7 
9 7 0.100320 0.004112 * 9  7 
10 7 0.300833 0.005931 * 10   3   9   7 
10 7 0.200534 0.005931 * 10   9   7   0 
11 7 0.303110 0.021778 * 11   1   4   7 
1 8 0.302154 0.005226 * 1  5  2  8 
1 8 0.202409 0.005226 * 1  11   8   0 
2 8 0.100958 0.024435 * 2  8 
3 8 0.403217 0.007200 * 3  6  5  2  8 
4 8 0.403269 0.004019 * 4  1  5  2  8 
4 8 0.303524 0.004019 * 4   1  11   8   0 
4 8 0.402776 0.002957 * 4  6  5  2  8 
5 8 0.201760 0.016400 * 5  2  8 
6 8 0.302532 0.006668 * 6  5  2  8 
7 8 0.504165 0.008987 * 7  4  1  5  2  8 
7 8 0.404420 0.008987 * 7   4   1  11   8   0 
7 8 0.503672 0.006614 * 7  4  6  5  2  8 
9 8 0.503348 0.000364 * 9  3  6  5  2  8  0 
9 8 0.604485 0.001091 * 9  7  4  1  5  2  8 
9 8 0.504740 0.001091 * 9   7   4   1  11   8   0 
9 8 0.603992 0.001091 * 9  7  4  6  5  2  8 
10 8 0.503597 0.000617 * 10   3   6   5   2   8   0   0 
10 8 0.603562 0.000930 * 10   9   3   6   5   2   8   0 
10 8 0.704698 0.002468 * 10   9   7   4   1   5   2   8 
10 8 0.604953 0.002468 * 10   9   7   4   1  11   8   0 
10 8 0.704206 0.002468 * 10   9   7   4   6   5   2   8 
11 8 0.100757 0.022358 * 11   8 
1 9 0.401915 0.000109 * 1  4  6  3  9 
1 9 0.302248 0.000109 * 1  4  7  9  0 
2 9 0.604205 0.000941 * 2  5  1  4  6  3  9 
2 9 0.504538 0.000941 * 2  5  1  4  7  9  0 
2 9 0.404563 0.000546 * 2  5  6  3  9  0  0 
3 9 0.100133 0.006651 * 3  9 
4 9 0.301213 0.000180 * 4  6  3  9 
4 9 0.201547 0.000180 * 4  7  9  0 
5 9 0.502326 0.000328 * 5  1  4  6  3  9 
5 9 0.402659 0.000328 * 5  1  4  7  9  0 
5 9 0.302684 0.000190 * 5  6  3  9  0  0 
6 9 0.200969 0.000245 * 6  3  9 
7 9 0.100205 0.002917 * 7  9 
8 9 0.704517 0.000175 * 8  2  5  1  4  6  3  9 
8 9 0.604851 0.000175 * 8  2  5  1  4  7  9  0 
8 9 0.504876 0.000175 * 8  2  5  6  3  9  0  0 
8 9 0.604063 0.000117 * 8  11   1   4   6   3   9   0 
8 9 0.504396 0.000117 * 8  11   1   4   7   9   0   0 
10 9 0.200513 0.000508 * 10   3   9 
10 9 0.100214 0.000508 * 10   9   0 
11 9 0.502981 0.000459 * 11   1   4   6   3   9 
11 9 0.403315 0.000459 * 11   1   4   7   9   0 
1 10 0.502051 0.000689 * 1   4   6   3   9  10 
1 10 0.402204 0.000689 * 1   4   6   3  10   0 
1 10 0.402385 0.000344 * 1   4   7   9  10   0 
1 10 0.503215 0.000635 * 1   5   6   3   9  10 
1 10 0.403367 0.000635 * 1   5   6   3  10   0 
2 10 0.504700 0.013650 * 2   5   6   3   9  10 
2 10 0.404853 0.013650 * 2   5   6   3  10   0 
3 10 0.200270 0.000850 * 3   9  10 
3 10 0.100423 0.000850 * 3  10   0 
4 10 0.401350 0.000238 * 4   6   3   9  10 
4 10 0.301503 0.000238 * 4   6   3  10   0 
4 10 0.301684 0.000119 * 4   7   9  10   0 
5 10 0.402821 0.000869 * 5   6   3   9  10 
5 10 0.302974 0.000869 * 5   6   3  10   0 
6 10 0.301106 0.000577 * 6   3   9  10 
6 10 0.201259 0.000577 * 6   3  10   0 
7 10 0.200342 0.008627 * 7   9  10 
8 10 0.605012 0.000562 * 8   2   5   6   3   9  10   0 
8 10 0.505165 0.000562 * 8   2   5   6   3  10   0   0 
8 10 0.704200 0.001389 * 8  11   1   4   6   3   9  10 
8 10 0.604352 0.001389 * 8  11   1   4   6   3  10   0 
8 10 0.604533 0.000695 * 8  11   1   4   7   9  10   0 
8 10 0.705363 0.001280 * 8  11   1   5   6   3   9  10 
8 10 0.605516 0.001280 * 8  11   1   5   6   3  10   0 
9 10 0.100137 0.000823 * 9  10 
11 10 0.603118 0.000817 * 11   1   4   6   3   9  10 
11 10 0.503271 0.000817 * 11   1   4   6   3  10   0 
11 10 0.503452 0.000409 * 11   1   4   7   9  10   0 
11 10 0.604281 0.000753 * 11   1   5   6   3   9  10 
11 10 0.504434 0.000753 * 11   1   5   6   3  10   0 
1 11 0.101653 0.037739 * 1  11 
2 11 0.202040 0.028846 * 2   8  11 
3 11 0.404482 0.002773 * 3   6   4   1  11   0 
3 11 0.403520 0.004849 * 3   6   5   1  11   0 
3 11 0.504298 0.004849 * 3   6   5   2   8  11 
4 11 0.202767 0.006568 * 4   1  11 
5 11 0.202064 0.007353 * 5   1  11   0 
5 11 0.302842 0.007353 * 5   2   8  11 
6 11 0.303797 0.001150 * 6   4   1  11   0 
6 11 0.302835 0.002011 * 6   5   1  11   0 
6 11 0.403613 0.002011 * 6   5   2   8  11 
7 11 0.303663 0.024545 * 7   4   1  11 
8 11 0.101081 0.050339 * 8  11 
9 11 0.504613 0.000384 * 9   3   6   4   1  11   0 
9 11 0.503651 0.000384 * 9   3   6   5   1  11   0 
9 11 0.604429 0.000384 * 9   3   6   5   2   8  11 
9 11 0.403983 0.000128 * 9   7   4   1  11   0   0 
10 11 0.504862 0.001830 * 10   3   6   4   1  11   0   0 
10 11 0.503900 0.001830 * 10   3   6   5   1  11   0   0 
10 11 0.604678 0.001830 * 10   3   6   5   2   8  11   0 
10 11 0.604826 0.002153 * 10   9   3   6   4   1  11   0 
10 11 0.603865 0.002153 * 10   9   3   6   5   1  11   0 
10 11 0.704643 0.002153 * 10   9   3   6   5   2   8  11 
10 11 0.504197 0.000718 * 10   9   7   4   1  11   0   0 
