2 1 0.202356 0.002447 * 2  5  1  0 
2 1 0.303119 0.002447 * 2   8  11   1 
3 1 0.303134 0.000763 * 3  6  4  1 
3 1 0.301716 0.000763 * 3  6  5  1 
4 1 0.101266 0.005391 * 4  1 
5 1 0.100350 0.006432 * 5  1 
6 1 0.202428 0.000587 * 6  4  1 
6 1 0.201010 0.000587 * 6  5  1 
7 1 0.202365 0.006107 * 7  4  1 
8 1 0.202161 0.004435 * 8  11   1 
9 1 0.403296 0.000453 * 9  3  6  4  1 
9 1 0.401878 0.000453 * 9  3  6  5  1 
9 1 0.302684 0.000226 * 9  7  4  1  0 
10 1 0.403498 0.000753 * 10   3   6   4   1   0 
10 1 0.402080 0.000753 * 10   3   6   5   1   0 
10 1 0.503509 0.001089 * 10   9   3   6   4   1 
10 1 0.502091 0.001089 * 10   9   3   6   5   1 
10 1 0.402896 0.000544 * 10   9   7   4   1   0 
11 1 0.101097 0.026421 * 11   1 
1 2 0.201224 0.002403 * 1  5  2  0 
1 2 0.302874 0.002403 * 1  11   8   2 
3 2 0.302166 0.005981 * 3  6  5  2 
4 2 0.302490 0.000486 * 4  1  5  2  0 
4 2 0.404140 0.000486 * 4   1  11   8   2 
4 2 0.301683 0.000243 * 4  6  5  2  0 
5 2 0.100800 0.012025 * 5  2 
6 2 0.201460 0.003798 * 6  5  2 
7 2 0.403589 0.002160 * 7  4  1  5  2  0 
7 2 0.505239 0.002160 * 7   4   1  11   8   2 
7 2 0.402783 0.001080 * 7  4  6  5  2  0 
7 2 0.502539 0.000858 * 7  9  3  6  5  2 
8 2 0.100339 0.001711 * 8  2 
9 2 0.402328 0.000873 * 9  3  6  5  2 
10 2 0.402530 0.001515 * 10   3   6   5   2   0 
10 2 0.502541 0.001515 * 10   9   3   6   5   2 
11 2 0.201096 0.005337 * 11   8   2 
1 3 0.301852 0.001021 * 1  4  6  3  0 
1 3 0.402458 0.001021 * 1  4  7  9  3 
1 3 0.303109 0.000792 * 1  5  6  3  0 
2 3 0.304691 0.015381 * 2  5  6  3 
4 3 0.201119 0.001116 * 4  6  3  0 
4 3 0.301725 0.001116 * 4  7  9  3 
5 3 0.202685 0.002214 * 5  6  3 
6 3 0.100896 0.006805 * 6  3 
7 3 0.200373 0.003994 * 7  9  3 
8 3 0.405030 0.000518 * 8  2  5  6  3  0  0 
8 3 0.504014 0.001555 * 8  11   1   4   6   3   0 
8 3 0.604619 0.001555 * 8  11   1   4   7   9   3 
8 3 0.505271 0.001552 * 8  11   1   5   6   3   0 
9 3 0.100162 0.006615 * 9  3 
10 3 0.200375 0.002717 * 10   9   3 
10 3 0.100364 0.002717 * 10   3   0 
11 3 0.402949 0.001769 * 11   1   4   6   3   0 
11 3 0.503554 0.001769 * 11   1   4   7   9   3 
11 3 0.404206 0.001374 * 11   1   5   6   3   0 
1 4 0.100733 0.001370 * 1  4 
2 4 0.303089 0.002918 * 2  5  1  4  0 
2 4 0.304957 0.002918 * 2  5  6  4  0 
2 4 0.403852 0.001731 * 2   8  11   1   4 
3 4 0.201868 0.000715 * 3  6  4  0 
3 4 0.301532 0.000715 * 3  9  7  4 
5 4 0.201083 0.001729 * 5  1  4 
5 4 0.202951 0.001729 * 5  6  4 
6 4 0.101162 0.000548 * 6  4 
7 4 0.101099 0.028333 * 7  4 
8 4 0.302895 0.004077 * 8  11   1   4 
9 4 0.201418 0.000726 * 9  7  4 
10 4 0.302232 0.000619 * 10   3   6   4   0 
10 4 0.401896 0.000619 * 10   3   9   7   4 
10 4 0.301631 0.000310 * 10   9   7   4   0 
11 4 0.201830 0.001848 * 11   1   4 
1 5 0.100424 0.005636 * 1  5 
2 5 0.102006 0.040111 * 2  5 
3 5 0.201366 0.004959 * 3  6  5 
4 5 0.201690 0.001401 * 4  1  5 
4 5 0.200883 0.001401 * 4  6  5 
6 5 0.100660 0.003502 * 6  5 
7 5 0.302789 0.002295 * 7  4  1  5  0 
7 5 0.301983 0.002295 * 7  4  6  5  0 
7 5 0.401739 0.001343 * 7  9  3  6  5 
8 5 0.202345 0.004281 * 8  2  5  0 
8 5 0.302586 0.004281 * 8  11   1   5 
9 5 0.301528 0.003045 * 9  3  6  5 
10 5 0.301730 0.002920 * 10   3   6   5   0 
10 5 0.401741 0.002920 * 10   9   3   6   5 
11 5 0.201521 0.015909 * 11   1   5 
1 6 0.200956 0.000923 * 1  4  6 
1 6 0.202213 0.000923 * 1  5  6 
2 6 0.203795 0.014158 * 2  5  6 
3 6 0.100706 0.002583 * 3  6 
4 6 0.100223 0.001289 * 4  6 
5 6 0.101789 0.005017 * 5  6 
7 6 0.201322 0.001020 * 7  4  6  0 
7 6 0.301079 0.001020 * 7  9  3  6 
8 6 0.304134 0.000843 * 8  2  5  6  0 
8 6 0.403118 0.001686 * 8  11   1   4   6 
8 6 0.404375 0.001686 * 8  11   1   5   6 
9 6 0.200868 0.000283 * 9  3  6 
10 6 0.201070 0.001014 * 10   3   6   0 
10 6 0.301081 0.001014 * 10   9   3   6 
11 6 0.302053 0.001803 * 11   1   4   6 
11 6 0.303310 0.001803 * 11   1   5   6 
1 7 0.202085 0.004483 * 1  4  7 
2 7 0.404440 0.014207 * 2  5  1  4  7  0 
2 7 0.505124 0.015995 * 2  5  6  3  9  7 
2 7 0.406309 0.015995 * 2  5  6  4  7  0 
2 7 0.505204 0.010512 * 2   8  11   1   4   7 
3 7 0.200433 0.002946 * 3  9  7 
4 7 0.101352 0.003512 * 4  7 
5 7 0.302435 0.004598 * 5  1  4  7  0 
5 7 0.403118 0.005176 * 5  6  3  9  7 
5 7 0.304303 0.005176 * 5  6  4  7  0 
6 7 0.301329 0.002411 * 6  3  9  7 
6 7 0.202514 0.002411 * 6  4  7  0 
8 7 0.404246 0.020731 * 8  11   1   4   7 
9 7 0.100319 0.003936 * 9  7 
10 7 0.300796 0.006738 * 10   3   9   7 
10 7 0.200531 0.006738 * 10   9   7   0 
11 7 0.303181 0.021575 * 11   1   4   7 
1 8 0.302182 0.004982 * 1  5  2  8 
1 8 0.202535 0.004982 * 1  11   8   0 
2 8 0.100958 0.026759 * 2  8 
3 8 0.403124 0.006887 * 3  6  5  2  8 
4 8 0.403447 0.003990 * 4  1  5  2  8 
4 8 0.303801 0.003990 * 4   1  11   8   0 
4 8 0.402641 0.002974 * 4  6  5  2  8 
5 8 0.201757 0.017253 * 5  2  8 
6 8 0.302418 0.006715 * 6  5  2  8 
7 8 0.504547 0.009325 * 7  4  1  5  2  8 
7 8 0.404900 0.009325 * 7   4   1  11   8   0 
7 8 0.503740 0.006951 * 7  4  6  5  2  8 
9 8 0.503286 0.000237 * 9  3  6  5  2  8  0 
9 8 0.604865 0.000712 * 9  7  4  1  5  2  8 
9 8 0.505219 0.000712 * 9   7   4   1  11   8   0 
9 8 0.604059 0.000712 * 9  7  4  6  5  2  8 
10 8 0.503487 0.000632 * 10   3   6   5   2   8   0   0 
10 8 0.603499 0.000840 * 10   9   3   6   5   2   8   0 
10 8 0.705078 0.002519 * 10   9   7   4   1   5   2   8 
10 8 0.605432 0.002519 * 10   9   7   4   1  11   8   0 
10 8 0.704272 0.002519 * 10   9   7   4   6   5   2   8 
11 8 0.100757 0.022231 * 11   8 
1 9 0.401966 0.000112 * 1  4  6  3  9 
1 9 0.302296 0.000112 * 1  4  7  9  0 
2 9 0.604322 0.000953 * 2  5  1  4  6  3  9 
2 9 0.504651 0.000953 * 2  5  1  4  7  9  0 
2 9 0.404805 0.000653 * 2  5  6  3  9  0  0 
3 9 0.100114 0.002989 * 3  9 
4 9 0.301233 0.000213 * 4  6  3  9 
4 9 0.201563 0.000213 * 4  7  9  0 
5 9 0.502316 0.000909 * 5  1  4  6  3  9 
5 9 0.402645 0.000909 * 5  1  4  7  9  0 
5 9 0.302799 0.000623 * 5  6  3  9  0  0 
6 9 0.201010 0.000274 * 6  3  9 
7 9 0.100211 0.002343 * 7  9 
8 9 0.704661 0.000171 * 8  2  5  1  4  6  3  9 
8 9 0.604990 0.000171 * 8  2  5  1  4  7  9  0 
8 9 0.505144 0.000171 * 8  2  5  6  3  9  0  0 
8 9 0.604128 0.000114 * 8  11   1   4   6   3   9   0 
8 9 0.504457 0.000114 * 8  11   1   4   7   9   0   0 
10 9 0.200478 0.000430 * 10   3   9 
10 9 0.100213 0.000430 * 10   9   0 
11 9 0.503063 0.000358 * 11   1   4   6   3   9 
11 9 0.403392 0.000358 * 11   1   4   7   9   0 
1 10 0.502105 0.000773 * 1   4   6   3   9  10 
1 10 0.402314 0.000773 * 1   4   6   3  10   0 
1 10 0.402434 0.000386 * 1   4   7   9  10   0 
1 10 0.503362 0.000711 * 1   5   6   3   9  10 
1 10 0.403572 0.000711 * 1   5   6   3  10   0 
2 10 0.504943 0.014299 * 2   5   6   3   9  10 
2 10 0.405153 0.014299 * 2   5   6   3  10   0 
3 10 0.200252 0.001053 * 3   9  10 
3 10 0.100462 0.001053 * 3  10   0 
4 10 0.401372 0.000271 * 4   6   3   9  10 
4 10 0.301581 0.000271 * 4   6   3  10   0 
4 10 0.301701 0.000136 * 4   7   9  10   0 
5 10 0.402937 0.000963 * 5   6   3   9  10 
5 10 0.303147 0.000963 * 5   6   3  10   0 
6 10 0.301149 0.000854 * 6   3   9  10 
6 10 0.201358 0.000854 * 6   3  10   0 
7 10 0.200349 0.008118 * 7   9  10 
8 10 0.605282 0.000706 * 8   2   5   6   3   9  10   0 
8 10 0.505492 0.000706 * 8   2   5   6   3  10   0   0 
8 10 0.704266 0.001637 * 8  11   1   4   6   3   9  10 
8 10 0.604476 0.001637 * 8  11   1   4   6   3  10   0 
8 10 0.604596 0.000818 * 8  11   1   4   7   9  10   0 
8 10 0.705523 0.001506 * 8  11   1   5   6   3   9  10 
8 10 0.605733 0.001506 * 8  11   1   5   6   3  10   0 
9 10 0.100138 0.001084 * 9  10 
11 10 0.603201 0.000817 * 11   1   4   6   3   9  10 
11 10 0.503411 0.000817 * 11   1   4   6   3  10   0 
11 10 0.503531 0.000408 * 11   1   4   7   9  10   0 
11 10 0.604458 0.000751 * 11   1   5   6   3   9  10 
11 10 0.504668 0.000751 * 11   1   5   6   3  10   0 
1 11 0.101778 0.048018 * 1  11 
2 11 0.202022 0.026679 * 2   8  11 
3 11 0.404912 0.002209 * 3   6   4   1  11   0 
3 11 0.403494 0.004114 * 3   6   5   1  11   0 
3 11 0.504189 0.004114 * 3   6   5   2   8  11 
4 11 0.203044 0.007761 * 4   1  11 
5 11 0.202128 0.008430 * 5   1  11   0 
5 11 0.302822 0.008430 * 5   2   8  11 
6 11 0.304206 0.001602 * 6   4   1  11   0 
6 11 0.302788 0.002983 * 6   5   1  11   0 
6 11 0.403483 0.002983 * 6   5   2   8  11 
7 11 0.304143 0.023107 * 7   4   1  11 
8 11 0.101065 0.048739 * 8  11 
9 11 0.505074 0.000485 * 9   3   6   4   1  11   0 
9 11 0.503656 0.000485 * 9   3   6   5   1  11   0 
9 11 0.604351 0.000485 * 9   3   6   5   2   8  11 
9 11 0.404462 0.000162 * 9   7   4   1  11   0   0 
10 11 0.505276 0.001653 * 10   3   6   4   1  11   0   0 
10 11 0.503858 0.001653 * 10   3   6   5   1  11   0   0 
10 11 0.604552 0.001653 * 10   3   6   5   2   8  11   0 
10 11 0.605287 0.002050 * 10   9   3   6   4   1  11   0 
10 11 0.603869 0.002050 * 10   9   3   6   5   1  11   0 
10 11 0.704563 0.002050 * 10   9   3   6   5   2   8  11 
10 11 0.504675 0.000683 * 10   9   7   4   1  11   0   0 
