2  5  1  0 
0.002646
2   8  11   1 
0.002646
3  6  4  1 
0.000642
3  6  5  1 
0.000642
4  1 
0.001023
5  1 
0.006764
6  4  1 
0.000459
6  5  1 
0.000459
7  4  1 
0.006236
8  11   1 
0.005249
9  3  6  4  1 
0.000272
9  3  6  5  1 
0.000272
9  7  4  1  0 
0.000136
10   3   6   4   1   0 
0.000704
10   3   6   5   1   0 
0.000704
10   9   3   6   4   1 
0.000920
10   9   3   6   5   1 
0.000920
10   9   7   4   1   0 
0.000460
11   1 
0.036309
1  5  2  0 
0.002789
1  11   8   2 
0.002789
3  6  5  2 
0.005016
4  1  5  2  0 
0.000877
4   1  11   8   2 
0.000877
4  6  5  2  0 
0.000439
5  2 
0.007869
6  5  2 
0.002857
7  4  1  5  2  0 
0.002754
7   4   1  11   8   2 
0.002754
7  4  6  5  2  0 
0.001377
7  9  3  6  5  2 
0.001005
8  2 
0.002208
9  3  6  5  2 
0.001476
10   3   6   5   2   0 
0.001722
10   9   3   6   5   2 
0.001722
11   8   2 
0.003627
1  4  6  3  0 
0.000747
1  4  7  9  3 
0.000747
1  5  6  3  0 
0.000582
2  5  6  3 
0.017317
4  6  3  0 
0.001093
4  7  9  3 
0.001093
5  6  3 
0.002419
6  3 
0.002075
7  9  3 
0.002046
8  2  5  6  3  0  0 
0.000366
8  11   1   4   6   3   0 
0.001097
8  11   1   4   7   9   3 
0.001097
8  11   1   5   6   3   0 
0.001097
9  3 
0.003238
10   9   3 
0.001644
10   3   0 
0.001644
11   1   4   6   3   0 
0.002427
11   1   4   7   9   3 
0.002427
11   1   5   6   3   0 
0.001890
1  4 
0.001898
2  5  1  4  0 
0.003966
2  5  6  4  0 
0.003966
2   8  11   1   4 
0.003023
3  6  4  0 
0.000245
3  9  7  4 
0.000245
5  1  4 
0.001139
5  6  4 
0.001139
6  4 
0.004159
7  4 
0.032991
8  11   1   4 
0.002395
9  7  4 
0.000265
10   3   6   4   0 
0.000810
10   3   9   7   4 
0.000810
10   9   7   4   0 
0.000609
11   1   4 
0.001750
1  5 
0.004665
2  5 
0.044421
3  6  5 
0.002878
4  1  5 
0.001164
4  6  5 
0.001164
6  5 
0.004513
7  4  1  5  0 
0.003024
7  4  6  5  0 
0.003024
7  9  3  6  5 
0.002118
8  2  5  0 
0.004376
8  11   1   5 
0.004376
9  3  6  5 
0.001709
10   3   6   5   0 
0.001313
10   9   3   6   5 
0.001313
11   1   5 
0.010746
1  4  6 
0.001063
1  5  6 
0.001063
2  5  6 
0.014152
3  6 
0.001665
4  6 
0.001630
5  6 
0.005232
7  4  6  0 
0.001168
7  9  3  6 
0.001168
8  2  5  6  0 
0.000837
8  11   1   4   6 
0.001674
8  11   1   5   6 
0.001674
9  3  6 
0.000415
10   3   6   0 
0.000940
10   9   3   6 
0.000940
11   1   4   6 
0.001796
11   1   5   6 
0.001796
1  4  7 
0.011744
2  5  1  4  7  0 
0.013400
2  5  6  3  9  7 
0.014590
2  5  6  4  7  0 
0.014590
2   8  11   1   4   7 
0.010331
3  9  7 
0.004337
4  7 
0.021860
5  1  4  7  0 
0.003710
5  6  3  9  7 
0.004039
5  6  4  7  0 
0.004039
6  3  9  7 
0.001524
6  4  7  0 
0.001524
8  11   1   4   7 
0.020957
9  7 
0.002185
10   3   9   7 
0.004403
10   9   7   0 
0.004403
11   1   4   7 
0.019327
1  5  2  8 
0.007322
1  11   8   0 
0.007322
2  8 
0.024832
3  6  5  2  8 
0.005875
4  1  5  2  8 
0.004451
4   1  11   8   0 
0.004451
4  6  5  2  8 
0.002940
5  2  8 
0.017567
6  5  2  8 
0.006501
7  4  1  5  2  8 
0.008795
7   4   1  11   8   0 
0.008795
7  4  6  5  2  8 
0.005810
9  3  6  5  2  8  0 
0.000215
9  7  4  1  5  2  8 
0.000645
9   7   4   1  11   8   0 
0.000645
9  7  4  6  5  2  8 
0.000645
10   3   6   5   2   8   0   0 
0.000715
10   9   3   6   5   2   8   0 
0.000910
10   9   7   4   1   5   2   8 
0.002731
10   9   7   4   1  11   8   0 
0.002731
10   9   7   4   6   5   2   8 
0.002731
11   8 
0.018853
1  4  6  3  9 
0.000143
1  4  7  9  0 
0.000143
2  5  1  4  6  3  9 
0.000960
2  5  1  4  7  9  0 
0.000960
2  5  6  3  9  0  0 
0.000611
3  9 
0.001539
4  6  3  9 
0.000154
4  7  9  0 
0.000154
5  1  4  6  3  9 
0.000312
5  1  4  7  9  0 
0.000312
5  6  3  9  0  0 
0.000198
6  3  9 
0.000201
7  9 
0.002475
8  2  5  1  4  6  3  9 
0.000150
8  2  5  1  4  7  9  0 
0.000150
8  2  5  6  3  9  0  0 
0.000150
8  11   1   4   6   3   9   0 
0.000100
8  11   1   4   7   9   0   0 
0.000100
10   3   9 
0.000529
10   9   0 
0.000529
11   1   4   6   3   9 
0.000285
11   1   4   7   9   0 
0.000285
1   4   6   3   9  10 
0.001395
1   4   6   3  10   0 
0.001395
1   4   7   9  10   0 
0.000697
1   5   6   3   9  10 
0.001278
1   5   6   3  10   0 
0.001278
2   5   6   3   9  10 
0.013512
2   5   6   3  10   0 
0.013512
3   9  10 
0.000886
3  10   0 
0.000886
4   6   3   9  10 
0.000298
4   6   3  10   0 
0.000298
4   7   9  10   0 
0.000149
5   6   3   9  10 
0.001026
5   6   3  10   0 
0.001026
6   3   9  10 
0.000537
6   3  10   0 
0.000537
7   9  10 
0.010797
8   2   5   6   3   9  10   0 
0.000511
8   2   5   6   3  10   0   0 
0.000511
8  11   1   4   6   3   9  10 
0.001277
8  11   1   4   6   3  10   0 
0.001277
8  11   1   4   7   9  10   0 
0.000772
8  11   1   5   6   3   9  10 
0.001277
8  11   1   5   6   3  10   0 
0.001277
9  10 
0.000941
11   1   4   6   3   9  10 
0.000620
11   1   4   6   3  10   0 
0.000620
11   1   4   7   9  10   0 
0.000310
11   1   5   6   3   9  10 
0.000568
11   1   5   6   3  10   0 
0.000568
1  11 
0.024940
2   8  11 
0.021842
3   6   4   1  11   0 
0.003137
3   6   5   1  11   0 
0.005917
3   6   5   2   8  11 
0.005917
4   1  11 
0.008935
5   1  11   0 
0.009890
5   2   8  11 
0.009890
6   4   1  11   0 
0.000787
6   5   1  11   0 
0.001485
6   5   2   8  11 
0.001485
7   4   1  11 
0.021835
8  11 
0.047047
9   3   6   4   1  11   0 
0.000519
9   3   6   5   1  11   0 
0.000519
9   3   6   5   2   8  11 
0.000519
9   7   4   1  11   0   0 
0.000173
10   3   6   4   1  11   0   0 
0.002251
10   3   6   5   1  11   0   0 
0.002251
10   3   6   5   2   8  11   0 
0.002251
10   9   3   6   4   1  11   0 
0.002685
10   9   3   6   5   1  11   0 
0.002685
10   9   3   6   5   2   8  11 
0.002685
10   9   7   4   1  11   0   0 
0.000895
