2  5  1 
0.004953
3  6  4  1 
0.000505
3  6  5  1 
0.000505
4  1 
0.000831
5  1 
0.005449
6  4  1 
0.000446
6  5  1 
0.000446
7  4  1 
0.006762
8  11   1 
0.005745
9  7  4  1 
0.001031
10   3   6   4   1 
0.000944
10   3   6   5   1 
0.000944
10   9   7   4   1 
0.000944
11   1 
0.030801
1  5  2 
0.003770
3  6  5  2 
0.003336
4  1  5  2 
0.005234
4  6  5  2 
0.005234
5  2 
0.007290
6  5  2 
0.002923
7  4  1  5  2 
0.051673
7  4  6  5  2 
0.051673
8  2 
0.001545
9  3  6  5  2 
0.000761
10   3   6   5   2 
0.002674
11   8   2 
0.004180
1  4  6  3 
0.001194
1  5  6  3 
0.001194
2  5  6  3 
0.014686
4  6  3 
0.002268
5  6  3 
0.003856
6  3 
0.001142
7  9  3 
0.001291
8  2  5  6  3 
0.003375
9  3 
0.003323
10   3 
0.002775
11   1   4   6   3 
0.001089
11   1   5   6   3 
0.001089
1  4 
0.001017
2  5  1  4 
0.005507
2  5  6  4 
0.005507
3  6  4 
0.000982
5  1  4 
0.001731
5  6  4 
0.001731
6  4 
0.000600
7  4 
0.030243
8  11   1   4 
0.002463
9  7  4 
0.000277
10   3   6   4 
0.000508
10   9   7   4 
0.000508
11   1   4 
0.001593
1  5 
0.006062
2  5 
0.041837
3  6  5 
0.002507
4  1  5 
0.000985
4  6  5 
0.000985
6  5 
0.005643
7  4  1  5 
0.002504
7  4  6  5 
0.002504
8  2  5 
0.008811
9  3  6  5 
0.002280
10   3   6   5 
0.002593
11   1   5 
0.009205
1  4  6 
0.001908
1  5  6 
0.001908
2  5  6 
0.012937
3  6 
0.000830
4  6 
0.002321
5  6 
0.004491
7  4  6 
0.001635
8  2  5  6 
0.003267
9  3  6 
0.000169
10   3   6 
0.001577
11   1   4   6 
0.002563
11   1   5   6 
0.002563
1  4  7 
0.006615
2  5  1  4  7 
0.027879
2  5  6  4  7 
0.027879
3  9  7 
0.001439
4  7 
0.004295
5  1  4  7 
0.005421
5  6  4  7 
0.005421
6  4  7 
0.002998
8  11   1   4   7 
0.018382
9  7 
0.002890
10   9   7 
0.008910
11   1   4   7 
0.019716
1  11   8 
0.014248
2  8 
0.023802
3  6  5  2  8 
0.004487
4   1  11   8 
0.012689
5  2  8 
0.017339
6  5  2  8 
0.006655
7   4   1  11   8 
0.020531
9  3  6  5  2  8 
0.001240
9   7   4   1  11   8 
0.001240
10   3   6   5   2   8 
0.009384
11   8 
0.015829
1  4  7  9 
0.000201
2  5  6  3  9 
0.002562
3  9 
0.003649
4  7  9 
0.000312
5  6  3  9 
0.000995
6  3  9 
0.000116
7  9 
0.002792
8  2  5  6  3  9 
0.000480
8  11   1   4   7   9 
0.000480
10   9 
0.000956
11   1   4   7   9 
0.000409
1   4   6   3  10 
0.001657
1   4   7   9  10 
0.001657
1   5   6   3  10 
0.002754
2   5   6   3  10 
0.031255
3  10 
0.000977
4   6   3  10 
0.000419
4   7   9  10 
0.000419
5   6   3  10 
0.001340
6   3  10 
0.001258
7   9  10 
0.007180
8   2   5   6   3  10 
0.006390
9  10 
0.000651
11   1   4   6   3  10 
0.000728
11   1   4   7   9  10 
0.000728
11   1   5   6   3  10 
0.000728
1  11 
0.051100
2   8  11 
0.016707
3   6   4   1  11 
0.004823
3   6   5   1  11 
0.004823
4   1  11 
0.010047
5   1  11 
0.022466
6   4   1  11 
0.002537
6   5   1  11 
0.002537
7   4   1  11 
0.022030
8  11 
0.041282
9   7   4   1  11 
0.001631
10   3   6   4   1  11 
0.003959
10   3   6   5   1  11 
0.003959
10   9   7   4   1  11 
0.003959
