2 1 2 0.006895 * 2  5  1 
3 1 3 0.000842 * 3  6  4  1 
3 1 3 0.000842 * 3  6  5  1 
4 1 1 0.003503 * 4  1 
5 1 1 0.007084 * 5  1 
6 1 2 0.001030 * 6  4  1 
6 1 2 0.001030 * 6  5  1 
7 1 2 0.006226 * 7  4  1 
8 1 2 0.007316 * 8  11   1 
9 1 3 0.001191 * 9  7  4  1 
10 1 4 0.001075 * 10   3   6   4   1 
10 1 4 0.001075 * 10   3   6   5   1 
10 1 4 0.001075 * 10   9   7   4   1 
11 1 1 0.023918 * 11   1 
1 2 2 0.007821 * 1  5  2 
3 2 3 0.005261 * 3  6  5  2 
4 2 3 0.001046 * 4  1  5  2 
4 2 3 0.001046 * 4  6  5  2 
5 2 1 0.013444 * 5  2 
6 2 2 0.003333 * 6  5  2 
7 2 4 0.005501 * 7  4  1  5  2 
7 2 4 0.005501 * 7  4  6  5  2 
8 2 1 0.002249 * 8  2 
9 2 4 0.000823 * 9  3  6  5  2 
10 2 4 0.002339 * 10   3   6   5   2 
11 2 2 0.005446 * 11   8   2 
1 3 3 0.000758 * 1  4  6  3 
1 3 3 0.000758 * 1  5  6  3 
2 3 3 0.014707 * 2  5  6  3 
4 3 2 0.001960 * 4  6  3 
5 3 2 0.003651 * 5  6  3 
6 3 1 0.005156 * 6  3 
7 3 2 0.009635 * 7  9  3 
8 3 4 0.003464 * 8  2  5  6  3 
9 3 1 0.004875 * 9  3 
10 3 1 0.010013 * 10   3 
11 3 4 0.003267 * 11   1   4   6   3 
11 3 4 0.003267 * 11   1   5   6   3 
1 4 1 0.002374 * 1  4 
2 4 3 0.004536 * 2  5  1  4 
2 4 3 0.004536 * 2  5  6  4 
3 4 2 0.001306 * 3  6  4 
5 4 2 0.001426 * 5  1  4 
5 4 2 0.001426 * 5  6  4 
6 4 1 0.001340 * 6  4 
7 4 1 0.003652 * 7  4 
8 4 3 0.001607 * 8  11   1   4 
9 4 2 0.000694 * 9  7  4 
10 4 3 0.000844 * 10   3   6   4 
10 4 3 0.000844 * 10   9   7   4 
11 4 2 0.002363 * 11   1   4 
1 5 1 0.006846 * 1  5 
2 5 1 0.040348 * 2  5 
3 5 2 0.002668 * 3  6  5 
4 5 2 0.001658 * 4  1  5 
4 5 2 0.001658 * 4  6  5 
6 5 1 0.003767 * 6  5 
7 5 3 0.003666 * 7  4  1  5 
7 5 3 0.003666 * 7  4  6  5 
8 5 2 0.006988 * 8  2  5 
9 5 3 0.003192 * 9  3  6  5 
10 5 3 0.003939 * 10   3   6   5 
11 5 2 0.013434 * 11   1   5 
1 6 2 0.000968 * 1  4  6 
1 6 2 0.000968 * 1  5  6 
2 6 2 0.014200 * 2  5  6 
3 6 1 0.003248 * 3  6 
4 6 1 0.001819 * 4  6 
5 6 1 0.004805 * 5  6 
7 6 2 0.003788 * 7  4  6 
8 6 3 0.003796 * 8  2  5  6 
9 6 2 0.000429 * 9  3  6 
10 6 2 0.001305 * 10   3   6 
11 6 3 0.001852 * 11   1   4   6 
11 6 3 0.001852 * 11   1   5   6 
1 7 2 0.012815 * 1  4  7 
2 7 4 0.022696 * 2  5  1  4  7 
2 7 4 0.022696 * 2  5  6  4  7 
3 7 2 0.003598 * 3  9  7 
4 7 1 0.003300 * 4  7 
5 7 3 0.010118 * 5  1  4  7 
5 7 3 0.010118 * 5  6  4  7 
6 7 2 0.004560 * 6  4  7 
8 7 4 0.020460 * 8  11   1   4   7 
9 7 1 0.001482 * 9  7 
10 7 2 0.013152 * 10   9   7 
11 7 3 0.023185 * 11   1   4   7 
1 8 2 0.011362 * 1  11   8 
2 8 1 0.023416 * 2  8 
3 8 4 0.007725 * 3  6  5  2  8 
4 8 3 0.015381 * 4   1  11   8 
5 8 2 0.026249 * 5  2  8 
6 8 3 0.011999 * 6  5  2  8 
7 8 4 0.025986 * 7   4   1  11   8 
9 8 5 0.001154 * 9  3  6  5  2  8 
9 8 5 0.001154 * 9   7   4   1  11   8 
10 8 5 0.010031 * 10   3   6   5   2   8 
11 8 1 0.026817 * 11   8 
1 9 3 0.000233 * 1  4  7  9 
2 9 4 0.001964 * 2  5  6  3  9 
3 9 1 0.005150 * 3  9 
4 9 2 0.000405 * 4  7  9 
5 9 3 0.001241 * 5  6  3  9 
6 9 2 0.000431 * 6  3  9 
7 9 1 0.001115 * 7  9 
8 9 5 0.002374 * 8  2  5  6  3  9 
8 9 5 0.002374 * 8  11   1   4   7   9 
10 9 1 0.001112 * 10   9 
11 9 4 0.000981 * 11   1   4   7   9 
1 10 4 0.001633 * 1   4   6   3  10 
1 10 4 0.001633 * 1   4   7   9  10 
1 10 4 0.002678 * 1   5   6   3  10 
2 10 4 0.016937 * 2   5   6   3  10 
3 10 1 0.001818 * 3  10 
4 10 3 0.000508 * 4   6   3  10 
4 10 3 0.000508 * 4   7   9  10 
5 10 3 0.003315 * 5   6   3  10 
6 10 2 0.001519 * 6   3  10 
7 10 2 0.008668 * 7   9  10 
8 10 5 0.007386 * 8   2   5   6   3  10 
9 10 1 0.001836 * 9  10 
11 10 5 0.001045 * 11   1   4   6   3  10 
11 10 5 0.001045 * 11   1   4   7   9  10 
11 10 5 0.001229 * 11   1   5   6   3  10 
1 11 1 0.033695 * 1  11 
2 11 2 0.027342 * 2   8  11 
3 11 4 0.007238 * 3   6   4   1  11 
3 11 4 0.007238 * 3   6   5   1  11 
4 11 2 0.005541 * 4   1  11 
5 11 2 0.017891 * 5   1  11 
6 11 3 0.003330 * 6   4   1  11 
6 11 3 0.003330 * 6   5   1  11 
7 11 3 0.025670 * 7   4   1  11 
8 11 1 0.063726 * 8  11 
9 11 4 0.001072 * 9   7   4   1  11 
10 11 5 0.004377 * 10   3   6   4   1  11 
10 11 5 0.004377 * 10   3   6   5   1  11 
10 11 5 0.004377 * 10   9   7   4   1  11 
