2  5  1  0 
0.003249
2   8  11   1 
0.003249
3  6  4  1 
0.001361
3  6  5  1 
0.001361
4  1 
0.002349
5  1 
0.008322
6  4  1 
0.000734
6  5  1 
0.000734
7  4  1 
0.006380
8  11   1 
0.005213
9  3  6  4  1 
0.000833
9  3  6  5  1 
0.000833
9  7  4  1  0 
0.000416
10   3   6   4   1   0 
0.000635
10   3   6   5   1   0 
0.000635
10   9   3   6   4   1 
0.000953
10   9   3   6   5   1 
0.000953
10   9   7   4   1   0 
0.000609
11   1 
0.026681
1  5  2  0 
0.002342
1  11   8   2 
0.002342
3  6  5  2 
0.005798
4  1  5  2  0 
0.000704
4   1  11   8   2 
0.000704
4  6  5  2  0 
0.000352
5  2 
0.010661
6  5  2 
0.003593
7  4  1  5  2  0 
0.002080
7   4   1  11   8   2 
0.002080
7  4  6  5  2  0 
0.001040
7  9  3  6  5  2 
0.000746
8  2 
0.002254
9  3  6  5  2 
0.001102
10   3   6   5   2   0 
0.001268
10   9   3   6   5   2 
0.001268
11   8   2 
0.007152
1  4  6  3  0 
0.000936
1  4  7  9  3 
0.000936
1  5  6  3  0 
0.000695
2  5  6  3 
0.019987
4  6  3  0 
0.001002
4  7  9  3 
0.001002
5  6  3 
0.002965
6  3 
0.004575
7  9  3 
0.008104
8  2  5  6  3  0  0 
0.000166
8  11   1   4   6   3   0 
0.000497
8  11   1   4   7   9   3 
0.000497
8  11   1   5   6   3   0 
0.000497
9  3 
0.005812
10   9   3 
0.002848
10   3   0 
0.002848
11   1   4   6   3   0 
0.001773
11   1   4   7   9   3 
0.001773
11   1   5   6   3   0 
0.001317
1  4 
0.001729
2  5  1  4  0 
0.003517
2  5  6  4  0 
0.003517
2   8  11   1   4 
0.002215
3  6  4  0 
0.000657
3  9  7  4 
0.000657
5  1  4 
0.001814
5  6  4 
0.001814
6  4 
0.001276
7  4 
0.038815
8  11   1   4 
0.001989
9  7  4 
0.001221
10   3   6   4   0 
0.000984
10   3   9   7   4 
0.000984
10   9   7   4   0 
0.000552
11   1   4 
0.001901
1  5 
0.002925
2  5 
0.034951
3  6  5 
0.003722
4  1  5 
0.001395
4  6  5 
0.001395
6  5 
0.004559
7  4  1  5  0 
0.002419
7  4  6  5  0 
0.002419
7  9  3  6  5 
0.001453
8  2  5  0 
0.003442
8  11   1   5 
0.003442
9  3  6  5 
0.002690
10   3   6   5   0 
0.001774
10   9   3   6   5 
0.001774
11   1   5 
0.011760
1  4  6 
0.000676
1  5  6 
0.000676
2  5  6 
0.014543
3  6 
0.003398
4  6 
0.001404
5  6 
0.004067
7  4  6  0 
0.001756
7  9  3  6 
0.001756
8  2  5  6  0 
0.000832
8  11   1   4   6 
0.001664
8  11   1   5   6 
0.001664
9  3  6 
0.000318
10   3   6   0 
0.001148
10   9   3   6 
0.001148
11   1   4   6 
0.002151
11   1   5   6 
0.002151
1  4  7 
0.003930
2  5  1  4  7  0 
0.011547
2  5  6  3  9  7 
0.013091
2  5  6  4  7  0 
0.013091
2   8  11   1   4   7 
0.007830
3  9  7 
0.003165
4  7 
0.003321
5  1  4  7  0 
0.004965
5  6  3  9  7 
0.005629
5  6  4  7  0 
0.005629
6  3  9  7 
0.002245
6  4  7  0 
0.002245
8  11   1   4   7 
0.019704
9  7 
0.001913
10   3   9   7 
0.005582
10   9   7   0 
0.005582
11   1   4   7 
0.021896
1  5  2  8 
0.005829
1  11   8   0 
0.005829
2  8 
0.025550
3  6  5  2  8 
0.008875
4  1  5  2  8 
0.004966
4   1  11   8   0 
0.004966
4  6  5  2  8 
0.003675
5  2  8 
0.018474
6  5  2  8 
0.008814
7  4  1  5  2  8 
0.010330
7   4   1  11   8   0 
0.010330
7  4  6  5  2  8 
0.007646
9  3  6  5  2  8  0 
0.000270
9  7  4  1  5  2  8 
0.000810
9   7   4   1  11   8   0 
0.000810
9  7  4  6  5  2  8 
0.000810
10   3   6   5   2   8   0   0 
0.000682
10   9   3   6   5   2   8   0 
0.000917
10   9   7   4   1   5   2   8 
0.002727
10   9   7   4   1  11   8   0 
0.002727
10   9   7   4   6   5   2   8 
0.002727
11   8 
0.025425
1  4  6  3  9 
0.000128
1  4  7  9  0 
0.000128
2  5  1  4  6  3  9 
0.000787
2  5  1  4  7  9  0 
0.000787
2  5  6  3  9  0  0 
0.000701
3  9 
0.002813
4  6  3  9 
0.000312
4  7  9  0 
0.000312
5  1  4  6  3  9 
0.001737
5  1  4  7  9  0 
0.001737
5  6  3  9  0  0 
0.001174
6  3  9 
0.000173
7  9 
0.004380
8  2  5  1  4  6  3  9 
0.000194
8  2  5  1  4  7  9  0 
0.000194
8  2  5  6  3  9  0  0 
0.000194
8  11   1   4   6   3   9   0 
0.000130
8  11   1   4   7   9   0   0 
0.000130
10   3   9 
0.001035
10   9   0 
0.001035
11   1   4   6   3   9 
0.000579
11   1   4   7   9   0 
0.000579
1   4   6   3   9  10 
0.001325
1   4   6   3  10   0 
0.001325
1   4   7   9  10   0 
0.000663
1   5   6   3   9  10 
0.001226
1   5   6   3  10   0 
0.001226
2   5   6   3   9  10 
0.011975
2   5   6   3  10   0 
0.011975
3   9  10 
0.001144
3  10   0 
0.001144
4   6   3   9  10 
0.000274
4   6   3  10   0 
0.000274
4   7   9  10   0 
0.000137
5   6   3   9  10 
0.001143
5   6   3  10   0 
0.001143
6   3   9  10 
0.000639
6   3  10   0 
0.000639
7   9  10 
0.007560
8   2   5   6   3   9  10   0 
0.000440
8   2   5   6   3  10   0   0 
0.000440
8  11   1   4   6   3   9  10 
0.001099
8  11   1   4   6   3  10   0 
0.001099
8  11   1   4   7   9  10   0 
0.000771
8  11   1   5   6   3   9  10 
0.001099
8  11   1   5   6   3  10   0 
0.001099
9  10 
0.001309
11   1   4   6   3   9  10 
0.000903
11   1   4   6   3  10   0 
0.000903
11   1   4   7   9  10   0 
0.000451
11   1   5   6   3   9  10 
0.000835
11   1   5   6   3  10   0 
0.000835
1  11 
0.043781
2   8  11 
0.034153
3   6   4   1  11   0 
0.003330
3   6   5   1  11   0 
0.005754
3   6   5   2   8  11 
0.005754
4   1  11 
0.006611
5   1  11   0 
0.008476
5   2   8  11 
0.008476
6   4   1  11   0 
0.001649
6   5   1  11   0 
0.002850
6   5   2   8  11 
0.002850
7   4   1  11 
0.027531
8  11 
0.047245
9   3   6   4   1  11   0 
0.000444
9   3   6   5   1  11   0 
0.000444
9   3   6   5   2   8  11 
0.000444
9   7   4   1  11   0   0 
0.000148
10   3   6   4   1  11   0   0 
0.001946
10   3   6   5   1  11   0   0 
0.001946
10   3   6   5   2   8  11   0 
0.001946
10   9   3   6   4   1  11   0 
0.002318
10   9   3   6   5   1  11   0 
0.002318
10   9   3   6   5   2   8  11 
0.002318
10   9   7   4   1  11   0   0 
0.000773
