2  5  1 
0.006981
3  6  4  1 
0.000875
3  6  5  1 
0.000875
4  1 
0.004380
5  1 
0.013834
6  4  1 
0.001224
6  5  1 
0.001224
7  4  1 
0.006467
8  11   1 
0.006848
9  7  4  1 
0.001565
10   3   6   4   1 
0.001190
10   3   6   5   1 
0.001190
10   9   7   4   1 
0.001190
11   1 
0.024001
1  5  2 
0.007852
3  6  5  2 
0.005881
4  1  5  2 
0.001336
4  6  5  2 
0.001336
5  2 
0.012649
6  5  2 
0.004291
7  4  1  5  2 
0.003801
7  4  6  5  2 
0.003801
8  2 
0.004636
9  3  6  5  2 
0.000947
10   3   6   5   2 
0.002146
11   8   2 
0.005908
1  4  6  3 
0.000923
1  5  6  3 
0.000923
2  5  6  3 
0.012161
4  6  3 
0.002640
5  6  3 
0.002680
6  3 
0.005277
7  9  3 
0.008548
8  2  5  6  3 
0.003717
9  3 
0.004458
10   3 
0.005080
11   1   4   6   3 
0.002738
11   1   5   6   3 
0.002738
1  4 
0.001744
2  5  1  4 
0.004120
2  5  6  4 
0.004120
3  6  4 
0.001324
5  1  4 
0.002106
5  6  4 
0.002106
6  4 
0.001714
7  4 
0.023144
8  11   1   4 
0.001530
9  7  4 
0.000942
10   3   6   4 
0.000981
10   9   7   4 
0.000981
11   1   4 
0.003204
1  5 
0.009646
2  5 
0.033355
3  6  5 
0.003890
4  1  5 
0.001484
4  6  5 
0.001484
6  5 
0.005500
7  4  1  5 
0.004247
7  4  6  5 
0.004247
8  2  5 
0.013123
9  3  6  5 
0.002742
10   3   6   5 
0.005517
11   1   5 
0.016446
1  4  6 
0.002325
1  5  6 
0.002325
2  5  6 
0.014965
3  6 
0.005177
4  6 
0.001539
5  6 
0.004796
7  4  6 
0.004159
8  2  5  6 
0.002512
9  3  6 
0.000686
10   3   6 
0.001449
11   1   4   6 
0.002297
11   1   5   6 
0.002297
1  4  7 
0.004681
2  5  1  4  7 
0.020748
2  5  6  4  7 
0.020748
3  9  7 
0.006521
4  7 
0.004410
5  1  4  7 
0.008456
5  6  4  7 
0.008456
6  4  7 
0.004481
8  11   1   4   7 
0.019027
9  7 
0.000901
10   9   7 
0.012270
11   1   4   7 
0.022608
1  11   8 
0.013188
2  8 
0.023956
3  6  5  2  8 
0.006943
4   1  11   8 
0.014030
5  2  8 
0.023976
6  5  2  8 
0.010804
7   4   1  11   8 
0.029187
9  3  6  5  2  8 
0.001426
9   7   4   1  11   8 
0.001426
10   3   6   5   2   8 
0.008221
11   8 
0.026477
1  4  7  9 
0.000374
2  5  6  3  9 
0.002401
3  9 
0.002823
4  7  9 
0.000630
5  6  3  9 
0.005062
6  3  9 
0.000421
7  9 
0.000639
8  2  5  6  3  9 
0.000856
8  11   1   4   7   9 
0.000856
10   9 
0.001486
11   1   4   7   9 
0.001001
1   4   6   3  10 
0.001566
1   4   7   9  10 
0.001566
1   5   6   3  10 
0.002447
2   5   6   3  10 
0.014703
3  10 
0.002174
4   6   3  10 
0.000598
4   7   9  10 
0.000598
5   6   3  10 
0.003327
6   3  10 
0.001700
7   9  10 
0.008923
8   2   5   6   3  10 
0.005612
9  10 
0.002430
11   1   4   6   3  10 
0.000963
11   1   4   7   9  10 
0.000963
11   1   5   6   3  10 
0.001045
1  11 
0.029867
2   8  11 
0.027337
3   6   4   1  11 
0.006643
3   6   5   1  11 
0.006643
4   1  11 
0.004738
5   1  11 
0.020226
6   4   1  11 
0.004349
6   5   1  11 
0.004349
7   4   1  11 
0.029060
8  11 
0.059407
9   7   4   1  11 
0.001714
10   3   6   4   1  11 
0.004265
10   3   6   5   1  11 
0.004265
10   9   7   4   1  11 
0.004265
