2  5  1 
0.004016
3  6  4  1 
0.000496
3  6  5  1 
0.000496
4  1 
0.005964
5  1 
0.005125
6  4  1 
0.000678
6  5  1 
0.000678
7  4  1 
0.005644
8  11   1 
0.005053
9  7  4  1 
0.001302
10   3   6   4   1 
0.001426
10   3   6   5   1 
0.001426
10   9   7   4   1 
0.001426
11   1 
0.030446
1  5  2 
0.003621
3  6  5  2 
0.004622
4  1  5  2 
0.000850
4  6  5  2 
0.000850
5  2 
0.009286
6  5  2 
0.002959
7  4  1  5  2 
0.003049
7  4  6  5  2 
0.003049
8  2 
0.005387
9  3  6  5  2 
0.001133
10   3   6   5   2 
0.003135
11   8   2 
0.003470
1  4  6  3 
0.000757
1  5  6  3 
0.000757
2  5  6  3 
0.015365
4  6  3 
0.001184
5  6  3 
0.002204
6  3 
0.003483
7  9  3 
0.003394
8  2  5  6  3 
0.004787
9  3 
0.004909
10   3 
0.004190
11   1   4   6   3 
0.002003
11   1   5   6   3 
0.002003
1  4 
0.002360
2  5  1  4 
0.005472
2  5  6  4 
0.005472
3  6  4 
0.000548
5  1  4 
0.001173
5  6  4 
0.001173
6  4 
0.000869
7  4 
0.005127
8  11   1   4 
0.002739
9  7  4 
0.000238
10   3   6   4 
0.001449
10   9   7   4 
0.001449
11   1   4 
0.001458
1  5 
0.005548
2  5 
0.035861
3  6  5 
0.004435
4  1  5 
0.001139
4  6  5 
0.001139
6  5 
0.004153
7  4  1  5 
0.004486
7  4  6  5 
0.004486
8  2  5 
0.008086
9  3  6  5 
0.002324
10   3   6   5 
0.003198
11   1   5 
0.016033
1  4  6 
0.000519
1  5  6 
0.000519
2  5  6 
0.012269
3  6 
0.001775
4  6 
0.001467
5  6 
0.007999
7  4  6 
0.002234
8  2  5  6 
0.004357
9  3  6 
0.000386
10   3   6 
0.001832
11   1   4   6 
0.001652
11   1   5   6 
0.001652
1  4  7 
0.005698
2  5  1  4  7 
0.029812
2  5  6  4  7 
0.029812
3  9  7 
0.003074
4  7 
0.003344
5  1  4  7 
0.006457
5  6  4  7 
0.006457
6  4  7 
0.004349
8  11   1   4   7 
0.023100
9  7 
0.002223
10   9   7 
0.010291
11   1   4   7 
0.019649
1  11   8 
0.013379
2  8 
0.027706
3  6  5  2  8 
0.006914
4   1  11   8 
0.012627
5  2  8 
0.017146
6  5  2  8 
0.007807
7   4   1  11   8 
0.026403
9  3  6  5  2  8 
0.001768
9   7   4   1  11   8 
0.001768
10   3   6   5   2   8 
0.009811
11   8 
0.019782
1  4  7  9 
0.000169
2  5  6  3  9 
0.002381
3  9 
0.002362
4  7  9 
0.000267
5  6  3  9 
0.000518
6  3  9 
0.000292
7  9 
0.002344
8  2  5  6  3  9 
0.002058
8  11   1   4   7   9 
0.002058
10   9 
0.000936
11   1   4   7   9 
0.000891
1   4   6   3  10 
0.001613
1   4   7   9  10 
0.001613
1   5   6   3  10 
0.002799
2   5   6   3  10 
0.025430
3  10 
0.002206
4   6   3  10 
0.000321
4   7   9  10 
0.000321
5   6   3  10 
0.001593
6   3  10 
0.001144
7   9  10 
0.009329
8   2   5   6   3  10 
0.007966
9  10 
0.001163
11   1   4   6   3  10 
0.000799
11   1   4   7   9  10 
0.000799
11   1   5   6   3  10 
0.000799
1  11 
0.051179
2   8  11 
0.024291
3   6   4   1  11 
0.006181
3   6   5   1  11 
0.006181
4   1  11 
0.006494
5   1  11 
0.016224
6   4   1  11 
0.001973
6   5   1  11 
0.001973
7   4   1  11 
0.022768
8  11 
0.044112
9   7   4   1  11 
0.001957
10   3   6   4   1  11 
0.004100
10   3   6   5   1  11 
0.004100
10   9   7   4   1  11 
0.004100
