2 1 0.202352 0.002130 * 2  5  1  0 
2 1 0.303260 0.002130 * 2   8  11   1 
3 1 0.302815 0.000430 * 3  6  4  1 
3 1 0.301902 0.000430 * 3  6  5  1 
4 1 0.101155 0.005555 * 4  1 
5 1 0.100442 0.005761 * 5  1 
6 1 0.202137 0.000757 * 6  4  1 
6 1 0.201225 0.000757 * 6  5  1 
7 1 0.202372 0.006372 * 7  4  1 
8 1 0.202278 0.005039 * 8  11   1 
9 1 0.402965 0.000305 * 9  3  6  4  1 
9 1 0.402052 0.000305 * 9  3  6  5  1 
9 1 0.302667 0.000153 * 9  7  4  1  0 
10 1 0.403160 0.000768 * 10   3   6   4   1   0 
10 1 0.402248 0.000768 * 10   3   6   5   1   0 
10 1 0.503169 0.001009 * 10   9   3   6   4   1 
10 1 0.502257 0.001009 * 10   9   3   6   5   1 
10 1 0.402871 0.000504 * 10   9   7   4   1   0 
11 1 0.101109 0.028284 * 11   1 
1 2 0.201181 0.001929 * 1  5  2  0 
1 2 0.302810 0.001929 * 1  11   8   2 
3 2 0.302243 0.005246 * 3  6  5  2 
4 2 0.302336 0.000485 * 4  1  5  2  0 
4 2 0.403965 0.000485 * 4   1  11   8   2 
4 2 0.301811 0.000267 * 4  6  5  2  0 
5 2 0.100782 0.008984 * 5  2 
6 2 0.201566 0.003390 * 6  5  2 
7 2 0.403553 0.002592 * 7  4  1  5  2  0 
7 2 0.505182 0.002592 * 7   4   1  11   8   2 
7 2 0.403028 0.001426 * 7  4  6  5  2  0 
7 2 0.502599 0.001177 * 7  9  3  6  5  2 
8 2 0.100279 0.001731 * 8  2 
9 2 0.402393 0.000651 * 9  3  6  5  2 
10 2 0.402588 0.001238 * 10   3   6   5   2   0 
10 2 0.502597 0.001238 * 10   9   3   6   5   2 
11 2 0.201054 0.001485 * 11   8   2 
1 3 0.301806 0.000921 * 1  4  6  3  0 
1 3 0.402375 0.000921 * 1  4  7  9  3 
1 3 0.302933 0.000751 * 1  5  6  3  0 
2 3 0.304444 0.018158 * 2  5  6  3 
4 3 0.201088 0.000895 * 4  6  3  0 
4 3 0.301657 0.000895 * 4  7  9  3 
5 3 0.202534 0.002193 * 5  6  3 
6 3 0.100843 0.005200 * 6  3 
7 3 0.200356 0.004010 * 7  9  3 
8 3 0.404723 0.000472 * 8  2  5  6  3  0  0 
8 3 0.504084 0.001417 * 8  11   1   4   6   3   0 
8 3 0.604653 0.001417 * 8  11   1   4   7   9   3 
8 3 0.505211 0.001417 * 8  11   1   5   6   3   0 
9 3 0.100150 0.004804 * 9  3 
10 3 0.200355 0.002868 * 10   9   3 
10 3 0.100345 0.002868 * 10   3   0 
11 3 0.402915 0.002039 * 11   1   4   6   3   0 
11 3 0.503484 0.002039 * 11   1   4   7   9   3 
11 3 0.404042 0.001663 * 11   1   5   6   3   0 
1 4 0.100718 0.002343 * 1  4 
2 4 0.303070 0.002887 * 2  5  1  4  0 
2 4 0.304584 0.002887 * 2  5  6  4  0 
2 4 0.403978 0.001890 * 2   8  11   1   4 
3 4 0.201659 0.000301 * 3  6  4  0 
3 4 0.301631 0.000301 * 3  9  7  4 
5 4 0.201160 0.001348 * 5  1  4 
5 4 0.202674 0.001348 * 5  6  4 
6 4 0.100982 0.000670 * 6  4 
7 4 0.101217 0.036274 * 7  4 
8 4 0.302996 0.004244 * 8  11   1   4 
9 4 0.201512 0.000849 * 9  7  4 
10 4 0.302005 0.000651 * 10   3   6   4   0 
10 4 0.401977 0.000651 * 10   3   9   7   4 
10 4 0.301716 0.000428 * 10   9   7   4   0 
11 4 0.201827 0.001849 * 11   1   4 
1 5 0.100399 0.005646 * 1  5 
2 5 0.101910 0.038211 * 2  5 
3 5 0.201460 0.004137 * 3  6  5 
4 5 0.201554 0.000932 * 4  1  5 
4 5 0.201029 0.000932 * 4  6  5 
6 5 0.100783 0.003224 * 6  5 
7 5 0.302770 0.002352 * 7  4  1  5  0 
7 5 0.302245 0.002352 * 7  4  6  5  0 
7 5 0.401816 0.001632 * 7  9  3  6  5 
8 5 0.202189 0.003863 * 8  2  5  0 
8 5 0.302676 0.003863 * 8  11   1   5 
9 5 0.301611 0.002905 * 9  3  6  5 
10 5 0.301806 0.002224 * 10   3   6   5   0 
10 5 0.401815 0.002224 * 10   9   3   6   5 
11 5 0.201508 0.015034 * 11   1   5 
1 6 0.200963 0.000927 * 1  4  6 
1 6 0.202090 0.000927 * 1  5  6 
2 6 0.203602 0.012629 * 2  5  6 
3 6 0.100677 0.002102 * 3  6 
4 6 0.100245 0.001280 * 4  6 
5 6 0.101692 0.006017 * 5  6 
7 6 0.201462 0.001170 * 7  4  6  0 
7 6 0.301033 0.001170 * 7  9  3  6 
8 6 0.303881 0.000847 * 8  2  5  6  0 
8 6 0.403241 0.001694 * 8  11   1   4   6 
8 6 0.404368 0.001694 * 8  11   1   5   6 
9 6 0.200827 0.000243 * 9  3  6 
10 6 0.201022 0.000884 * 10   3   6   0 
10 6 0.301032 0.000884 * 10   9   3   6 
11 6 0.302072 0.001810 * 11   1   4   6 
11 6 0.303199 0.001810 * 11   1   5   6 
1 7 0.202019 0.004566 * 1  4  7 
2 7 0.404371 0.013353 * 2  5  1  4  7  0 
2 7 0.504859 0.015072 * 2  5  6  3  9  7 
2 7 0.405885 0.015072 * 2  5  6  4  7  0 
2 7 0.505279 0.010554 * 2   8  11   1   4   7 
3 7 0.200415 0.002684 * 3  9  7 
4 7 0.101301 0.007260 * 4  7 
5 7 0.302461 0.003301 * 5  1  4  7  0 
5 7 0.402949 0.003725 * 5  6  3  9  7 
5 7 0.303975 0.003725 * 5  6  4  7  0 
6 7 0.301257 0.002200 * 6  3  9  7 
6 7 0.202283 0.002200 * 6  4  7  0 
8 7 0.404297 0.021196 * 8  11   1   4   7 
9 7 0.100295 0.003000 * 9  7 
10 7 0.300760 0.005475 * 10   3   9   7 
10 7 0.200500 0.005475 * 10   9   7   0 
11 7 0.303128 0.020032 * 11   1   4   7 
1 8 0.302163 0.006571 * 1  5  2  8 
1 8 0.202531 0.006571 * 1  11   8   0 
2 8 0.100983 0.026474 * 2  8 
3 8 0.403225 0.006854 * 3  6  5  2  8 
4 8 0.403318 0.004471 * 4  1  5  2  8 
4 8 0.303686 0.004471 * 4   1  11   8   0 
4 8 0.402793 0.003159 * 4  6  5  2  8 
5 8 0.201765 0.017105 * 5  2  8 
6 8 0.302548 0.007706 * 6  5  2  8 
7 8 0.504535 0.009866 * 7  4  1  5  2  8 
7 8 0.404903 0.009866 * 7   4   1  11   8   0 
7 8 0.504010 0.006971 * 7  4  6  5  2  8 
9 8 0.503375 0.000368 * 9  3  6  5  2  8  0 
9 8 0.604830 0.001103 * 9  7  4  1  5  2  8 
9 8 0.505198 0.001103 * 9   7   4   1  11   8   0 
9 8 0.604305 0.001103 * 9  7  4  6  5  2  8 
10 8 0.503571 0.000682 * 10   3   6   5   2   8   0   0 
10 8 0.603580 0.001000 * 10   9   3   6   5   2   8   0 
10 8 0.705035 0.002728 * 10   9   7   4   1   5   2   8 
10 8 0.605402 0.002728 * 10   9   7   4   1  11   8   0 
10 8 0.704510 0.002728 * 10   9   7   4   6   5   2   8 
11 8 0.100775 0.022090 * 11   8 
1 9 0.401926 0.000147 * 1  4  6  3  9 
1 9 0.302225 0.000147 * 1  4  7  9  0 
2 9 0.604278 0.001128 * 2  5  1  4  6  3  9 
2 9 0.504577 0.001128 * 2  5  1  4  7  9  0 
2 9 0.404564 0.000719 * 2  5  6  3  9  0  0 
3 9 0.100120 0.004689 * 3  9 
4 9 0.301208 0.000185 * 4  6  3  9 
4 9 0.201507 0.000185 * 4  7  9  0 
5 9 0.502367 0.000435 * 5  1  4  6  3  9 
5 9 0.402667 0.000435 * 5  1  4  7  9  0 
5 9 0.302654 0.000277 * 5  6  3  9  0  0 
6 9 0.200962 0.000277 * 6  3  9 
7 9 0.100206 0.001849 * 7  9 
8 9 0.704557 0.000173 * 8  2  5  1  4  6  3  9 
8 9 0.604856 0.000173 * 8  2  5  1  4  7  9  0 
8 9 0.504843 0.000173 * 8  2  5  6  3  9  0  0 
8 9 0.604203 0.000115 * 8  11   1   4   6   3   9   0 
8 9 0.504503 0.000115 * 8  11   1   4   7   9   0   0 
10 9 0.200465 0.000612 * 10   3   9 
10 9 0.100205 0.000612 * 10   9   0 
11 9 0.503035 0.000383 * 11   1   4   6   3   9 
11 9 0.403334 0.000383 * 11   1   4   7   9   0 
1 10 0.502064 0.000754 * 1   4   6   3   9  10 
1 10 0.402214 0.000754 * 1   4   6   3  10   0 
1 10 0.402363 0.000377 * 1   4   7   9  10   0 
1 10 0.503191 0.000696 * 1   5   6   3   9  10 
1 10 0.403341 0.000696 * 1   5   6   3  10   0 
2 10 0.504703 0.012438 * 2   5   6   3   9  10 
2 10 0.404853 0.012438 * 2   5   6   3  10   0 
3 10 0.200258 0.001025 * 3   9  10 
3 10 0.100408 0.001025 * 3  10   0 
4 10 0.401346 0.000243 * 4   6   3   9  10 
4 10 0.301496 0.000243 * 4   6   3  10   0 
4 10 0.301646 0.000121 * 4   7   9  10   0 
5 10 0.402793 0.000813 * 5   6   3   9  10 
5 10 0.302943 0.000813 * 5   6   3  10   0 
6 10 0.301101 0.000644 * 6   3   9  10 
6 10 0.201251 0.000644 * 6   3  10   0 
7 10 0.200345 0.008536 * 7   9  10 
8 10 0.604982 0.000627 * 8   2   5   6   3   9  10   0 
8 10 0.505132 0.000627 * 8   2   5   6   3  10   0   0 
8 10 0.704342 0.001485 * 8  11   1   4   6   3   9  10 
8 10 0.604492 0.001485 * 8  11   1   4   6   3  10   0 
8 10 0.604641 0.000742 * 8  11   1   4   7   9  10   0 
8 10 0.705469 0.001370 * 8  11   1   5   6   3   9  10 
8 10 0.605619 0.001370 * 8  11   1   5   6   3  10   0 
9 10 0.100139 0.001156 * 9  10 
11 10 0.603174 0.000748 * 11   1   4   6   3   9  10 
11 10 0.503323 0.000748 * 11   1   4   6   3  10   0 
11 10 0.503473 0.000374 * 11   1   4   7   9  10   0 
11 10 0.604301 0.000690 * 11   1   5   6   3   9  10 
11 10 0.504450 0.000690 * 11   1   5   6   3  10   0 
1 11 0.101756 0.040069 * 1  11 
2 11 0.202151 0.026831 * 2   8  11 
3 11 0.404571 0.002756 * 3   6   4   1  11   0 
3 11 0.403658 0.004941 * 3   6   5   1  11   0 
3 11 0.504394 0.004941 * 3   6   5   2   8  11 
4 11 0.202911 0.006013 * 4   1  11 
5 11 0.202198 0.008542 * 5   1  11   0 
5 11 0.302933 0.008542 * 5   2   8  11 
6 11 0.303894 0.001703 * 6   4   1  11   0 
6 11 0.302981 0.003054 * 6   5   1  11   0 
6 11 0.403717 0.003054 * 6   5   2   8  11 
7 11 0.304128 0.021614 * 7   4   1  11 
8 11 0.101169 0.057538 * 8  11 
9 11 0.504721 0.000495 * 9   3   6   4   1  11   0 
9 11 0.503808 0.000495 * 9   3   6   5   1  11   0 
9 11 0.604544 0.000495 * 9   3   6   5   2   8  11 
9 11 0.404423 0.000165 * 9   7   4   1  11   0   0 
10 11 0.504916 0.001746 * 10   3   6   4   1  11   0   0 
10 11 0.504004 0.001746 * 10   3   6   5   1  11   0   0 
10 11 0.604739 0.001746 * 10   3   6   5   2   8  11   0 
10 11 0.604925 0.002152 * 10   9   3   6   4   1  11   0 
10 11 0.604013 0.002152 * 10   9   3   6   5   1  11   0 
10 11 0.704749 0.002152 * 10   9   3   6   5   2   8  11 
10 11 0.504628 0.000717 * 10   9   7   4   1  11   0   0 
