2 1 0.202427 0.002184 * 2  5  1  0 
2 1 0.302967 0.002184 * 2   8  11   1 
3 1 0.303324 0.000793 * 3  6  4  1 
3 1 0.301687 0.000793 * 3  6  5  1 
4 1 0.101420 0.000823 * 4  1 
5 1 0.100396 0.007296 * 5  1 
6 1 0.202629 0.000518 * 6  4  1 
6 1 0.200992 0.000518 * 6  5  1 
7 1 0.202885 0.005685 * 7  4  1 
8 1 0.202062 0.005324 * 8  11   1 
9 1 0.403438 0.000699 * 9  3  6  4  1 
9 1 0.401801 0.000699 * 9  3  6  5  1 
9 1 0.303139 0.000350 * 9  7  4  1  0 
10 1 0.403663 0.000453 * 10   3   6   4   1   0 
10 1 0.402026 0.000453 * 10   3   6   5   1   0 
10 1 0.503606 0.000679 * 10   9   3   6   4   1 
10 1 0.501969 0.000679 * 10   9   3   6   5   1 
10 1 0.403307 0.000468 * 10   9   7   4   1   0 
11 1 0.101091 0.027852 * 11   1 
1 2 0.201297 0.002152 * 1  5  2  0 
1 2 0.302937 0.002152 * 1  11   8   2 
3 2 0.302149 0.005114 * 3  6  5  2 
4 2 0.302717 0.003721 * 4  1  5  2  0 
4 2 0.404357 0.003721 * 4   1  11   8   2 
4 2 0.301694 0.002650 * 4  6  5  2  0 
5 2 0.100857 0.007705 * 5  2 
6 2 0.201453 0.003264 * 6  5  2 
7 2 0.404182 0.002424 * 7  4  1  5  2  0 
7 2 0.505823 0.002424 * 7   4   1  11   8   2 
7 2 0.403160 0.002193 * 7  4  6  5  2  0 
7 2 0.502460 0.000808 * 7  9  3  6  5  2 
8 2 0.100314 0.001860 * 8  2 
9 2 0.402263 0.001062 * 9  3  6  5  2 
10 2 0.402488 0.001535 * 10   3   6   5   2   0 
10 2 0.502431 0.001535 * 10   9   3   6   5   2 
11 2 0.201024 0.003123 * 11   8   2 
1 3 0.301909 0.000655 * 1  4  6  3  0 
1 3 0.402471 0.000655 * 1  4  7  9  3 
1 3 0.303096 0.000514 * 1  5  6  3  0 
2 3 0.304688 0.018896 * 2  5  6  3 
4 3 0.201117 0.000899 * 4  6  3  0 
4 3 0.301679 0.000899 * 4  7  9  3 
5 3 0.202656 0.003663 * 5  6  3 
6 3 0.100876 0.006045 * 6  3 
7 3 0.200311 0.002053 * 7  9  3 
8 3 0.405002 0.000531 * 8  2  5  6  3  0  0 
8 3 0.503971 0.001594 * 8  11   1   4   6   3   0 
8 3 0.604532 0.001594 * 8  11   1   4   7   9   3 
8 3 0.505157 0.001375 * 8  11   1   5   6   3   0 
9 3 0.100114 0.004746 * 9  3 
10 3 0.200282 0.003270 * 10   9   3 
10 3 0.100339 0.003270 * 10   3   0 
11 3 0.402999 0.001524 * 11   1   4   6   3   0 
11 3 0.503561 0.001524 * 11   1   4   7   9   3 
11 3 0.404186 0.001197 * 11   1   5   6   3   0 
1 4 0.100792 0.001283 * 1  4 
2 4 0.303219 0.004013 * 2  5  1  4  0 
2 4 0.305020 0.004013 * 2  5  6  4  0 
2 4 0.403759 0.002836 * 2   8  11   1   4 
3 4 0.201904 0.000393 * 3  6  4  0 
3 4 0.301813 0.000393 * 3  9  7  4 
5 4 0.201188 0.001502 * 5  1  4 
5 4 0.202989 0.001502 * 5  6  4 
6 4 0.101209 0.000492 * 6  4 
7 4 0.101465 0.067005 * 7  4 
8 4 0.302854 0.001739 * 8  11   1   4 
9 4 0.201719 0.000446 * 9  7  4 
10 4 0.302243 0.000933 * 10   3   6   4   0 
10 4 0.402152 0.000933 * 10   3   9   7   4 
10 4 0.301887 0.000634 * 10   9   7   4   0 
11 4 0.201883 0.001688 * 11   1   4 
1 5 0.100440 0.004968 * 1  5 
2 5 0.102031 0.041926 * 2  5 
3 5 0.201291 0.002665 * 3  6  5 
4 5 0.201860 0.000984 * 4  1  5 
4 5 0.200837 0.000984 * 4  6  5 
6 5 0.100596 0.005780 * 6  5 
7 5 0.303325 0.002094 * 7  4  1  5  0 
7 5 0.302302 0.002094 * 7  4  6  5  0 
7 5 0.401603 0.001368 * 7  9  3  6  5 
8 5 0.202346 0.004815 * 8  2  5  0 
8 5 0.302501 0.004815 * 8  11   1   5 
9 5 0.301405 0.001848 * 9  3  6  5 
10 5 0.301631 0.001384 * 10   3   6   5   0 
10 5 0.401574 0.001384 * 10   9   3   6   5 
11 5 0.201530 0.010605 * 11   1   5 
1 6 0.201033 0.002044 * 1  4  6 
1 6 0.202220 0.002044 * 1  5  6 
2 6 0.203812 0.012015 * 2  5  6 
3 6 0.100695 0.001332 * 3  6 
4 6 0.100241 0.001174 * 4  6 
5 6 0.101780 0.005464 * 5  6 
7 6 0.201706 0.000849 * 7  4  6  0 
7 6 0.301007 0.000849 * 7  9  3  6 
8 6 0.304126 0.000855 * 8  2  5  6  0 
8 6 0.403095 0.001710 * 8  11   1   4   6 
8 6 0.404282 0.001710 * 8  11   1   5   6 
9 6 0.200809 0.000294 * 9  3  6 
10 6 0.201035 0.000688 * 10   3   6   0 
10 6 0.300978 0.000688 * 10   9   3   6 
11 6 0.302124 0.001820 * 11   1   4   6 
11 6 0.303311 0.001820 * 11   1   5   6 
1 7 0.202159 0.006315 * 1  4  7 
2 7 0.404586 0.013870 * 2  5  1  4  7  0 
2 7 0.505035 0.014877 * 2  5  6  3  9  7 
2 7 0.406387 0.014877 * 2  5  6  4  7  0 
2 7 0.505126 0.010588 * 2   8  11   1   4   7 
3 7 0.200347 0.001855 * 3  9  7 
4 7 0.101367 0.003315 * 4  7 
5 7 0.302555 0.004007 * 5  1  4  7  0 
5 7 0.403003 0.004298 * 5  6  3  9  7 
5 7 0.304356 0.004298 * 5  6  4  7  0 
6 7 0.301223 0.001289 * 6  3  9  7 
6 7 0.202576 0.001289 * 6  4  7  0 
8 7 0.404221 0.018323 * 8  11   1   4   7 
9 7 0.100253 0.003133 * 9  7 
10 7 0.300686 0.004505 * 10   3   9   7 
10 7 0.200422 0.004505 * 10   9   7   0 
11 7 0.303250 0.030325 * 11   1   4   7 
1 8 0.302202 0.006149 * 1  5  2  8 
1 8 0.202623 0.006149 * 1  11   8   0 
2 8 0.100905 0.023462 * 2  8 
3 8 0.403053 0.004835 * 3  6  5  2  8 
4 8 0.403622 0.004497 * 4  1  5  2  8 
4 8 0.304043 0.004497 * 4   1  11   8   0 
4 8 0.402599 0.003164 * 4  6  5  2  8 
5 8 0.201762 0.018661 * 5  2  8 
6 8 0.302358 0.007244 * 6  5  2  8 
7 8 0.505087 0.008759 * 7  4  1  5  2  8 
7 8 0.405508 0.008759 * 7   4   1  11   8   0 
7 8 0.504064 0.006162 * 7  4  6  5  2  8 
9 8 0.503167 0.000233 * 9  3  6  5  2  8  0 
9 8 0.605341 0.000698 * 9  7  4  1  5  2  8 
9 8 0.505762 0.000698 * 9   7   4   1  11   8   0 
9 8 0.604318 0.000698 * 9  7  4  6  5  2  8 
10 8 0.503393 0.000748 * 10   3   6   5   2   8   0   0 
10 8 0.603336 0.000958 * 10   9   3   6   5   2   8   0 
10 8 0.705509 0.002874 * 10   9   7   4   1   5   2   8 
10 8 0.605930 0.002874 * 10   9   7   4   1  11   8   0 
10 8 0.704486 0.002874 * 10   9   7   4   6   5   2   8 
11 8 0.100710 0.018272 * 11   8 
1 9 0.402003 0.000125 * 1  4  6  3  9 
1 9 0.302357 0.000125 * 1  4  7  9  0 
2 9 0.604430 0.001612 * 2  5  1  4  6  3  9 
2 9 0.504784 0.001612 * 2  5  1  4  7  9  0 
2 9 0.404781 0.001215 * 2  5  6  3  9  0  0 
3 9 0.100094 0.001857 * 3  9 
4 9 0.301210 0.000145 * 4  6  3  9 
4 9 0.201564 0.000145 * 4  7  9  0 
5 9 0.502398 0.000319 * 5  1  4  6  3  9 
5 9 0.402752 0.000319 * 5  1  4  7  9  0 
5 9 0.302750 0.000240 * 5  6  3  9  0  0 
6 9 0.200969 0.000171 * 6  3  9 
7 9 0.100197 0.003031 * 7  9 
8 9 0.704744 0.000229 * 8  2  5  1  4  6  3  9 
8 9 0.605098 0.000229 * 8  2  5  1  4  7  9  0 
8 9 0.505095 0.000229 * 8  2  5  6  3  9  0  0 
8 9 0.604064 0.000152 * 8  11   1   4   6   3   9   0 
8 9 0.504418 0.000152 * 8  11   1   4   7   9   0   0 
10 9 0.200433 0.000553 * 10   3   9 
10 9 0.100168 0.000553 * 10   9   0 
11 9 0.503093 0.000177 * 11   1   4   6   3   9 
11 9 0.403447 0.000177 * 11   1   4   7   9   0 
1 10 0.502142 0.001290 * 1   4   6   3   9  10 
1 10 0.402323 0.001290 * 1   4   6   3  10   0 
1 10 0.402497 0.000645 * 1   4   7   9  10   0 
1 10 0.503329 0.001181 * 1   5   6   3   9  10 
1 10 0.403510 0.001181 * 1   5   6   3  10   0 
2 10 0.504921 0.013025 * 2   5   6   3   9  10 
2 10 0.405102 0.013025 * 2   5   6   3  10   0 
3 10 0.200234 0.000790 * 3   9  10 
3 10 0.100414 0.000790 * 3  10   0 
4 10 0.401350 0.000299 * 4   6   3   9  10 
4 10 0.301531 0.000299 * 4   6   3  10   0 
4 10 0.301704 0.000150 * 4   7   9  10   0 
5 10 0.402890 0.000786 * 5   6   3   9  10 
5 10 0.303070 0.000786 * 5   6   3  10   0 
6 10 0.301109 0.000475 * 6   3   9  10 
6 10 0.201290 0.000475 * 6   3  10   0 
7 10 0.200337 0.007486 * 7   9  10 
8 10 0.605235 0.000530 * 8   2   5   6   3   9  10   0 
8 10 0.505416 0.000530 * 8   2   5   6   3  10   0   0 
8 10 0.704204 0.001326 * 8  11   1   4   6   3   9  10 
8 10 0.604385 0.001326 * 8  11   1   4   6   3  10   0 
8 10 0.604558 0.000771 * 8  11   1   4   7   9  10   0 
8 10 0.705391 0.001326 * 8  11   1   5   6   3   9  10 
8 10 0.605571 0.001326 * 8  11   1   5   6   3  10   0 
9 10 0.100140 0.001044 * 9  10 
11 10 0.603233 0.000668 * 11   1   4   6   3   9  10 
11 10 0.503413 0.000668 * 11   1   4   6   3  10   0 
11 10 0.503587 0.000334 * 11   1   4   7   9  10   0 
11 10 0.604420 0.000612 * 11   1   5   6   3   9  10 
11 10 0.504600 0.000612 * 11   1   5   6   3  10   0 
1 11 0.101913 0.039534 * 1  11 
2 11 0.201876 0.023663 * 2   8  11 
3 11 0.405237 0.004188 * 3   6   4   1  11   0 
3 11 0.403600 0.008376 * 3   6   5   1  11   0 
3 11 0.504025 0.008376 * 3   6   5   2   8  11 
4 11 0.203333 0.015349 * 4   1  11 
5 11 0.202309 0.012400 * 5   1  11   0 
5 11 0.302733 0.012400 * 5   2   8  11 
6 11 0.304541 0.000763 * 6   4   1  11   0 
6 11 0.302905 0.001526 * 6   5   1  11   0 
6 11 0.403329 0.001526 * 6   5   2   8  11 
7 11 0.304798 0.021654 * 7   4   1  11 
8 11 0.100971 0.046209 * 8  11 
9 11 0.505351 0.000452 * 9   3   6   4   1  11   0 
9 11 0.503714 0.000452 * 9   3   6   5   1  11   0 
9 11 0.604139 0.000452 * 9   3   6   5   2   8  11 
9 11 0.405052 0.000151 * 9   7   4   1  11   0   0 
10 11 0.505576 0.001543 * 10   3   6   4   1  11   0   0 
10 11 0.503939 0.001543 * 10   3   6   5   1  11   0   0 
10 11 0.604364 0.001543 * 10   3   6   5   2   8  11   0 
10 11 0.605519 0.001912 * 10   9   3   6   4   1  11   0 
10 11 0.603882 0.001912 * 10   9   3   6   5   1  11   0 
10 11 0.704307 0.001912 * 10   9   3   6   5   2   8  11 
10 11 0.505220 0.000637 * 10   9   7   4   1  11   0   0 
