2  5  1 
0.006580
3  6  4  1 
0.001025
3  6  5  1 
0.001025
4  1 
0.006379
5  1 
0.006624
6  4  1 
0.000965
6  5  1 
0.000965
7  4  1 
0.006871
8  2  5  1 
0.003185
8  11   1   0 
0.003185
9  3  6  4  1 
0.000552
9  3  6  5  1 
0.000552
9  7  4  1  0 
0.000276
10   3   6   4   1   0 
0.000510
10   3   6   5   1   0 
0.000510
10   9   3   6   4   1 
0.000764
10   9   3   6   5   1 
0.000764
10   9   7   4   1   0 
0.000450
11   1 
0.027915
1  5  2  0 
0.003798
1  11   8   2 
0.003798
3  6  5  2 
0.005910
4  1  5  2  0 
0.000804
4   1  11   8   2 
0.000804
4  6  5  2  0 
0.000402
5  2 
0.007822
6  5  2 
0.004092
7  4  1  5  2  0 
0.003955
7   4   1  11   8   2 
0.003955
7  4  6  5  2  0 
0.001977
7  9  3  6  5  2 
0.001604
8  2 
0.002095
9  3  6  5  2 
0.000904
10   3   6   5   2   0 
0.001943
10   9   3   6   5   2 
0.001943
11   8   2 
0.006743
1  4  6  3  0 
0.001079
1  4  7  9  3 
0.001079
1  5  6  3  0 
0.000891
2  5  6  3 
0.012340
4  6  3  0 
0.000814
4  7  9  3 
0.000814
5  6  3 
0.003093
6  3 
0.004330
7  9  3 
0.008309
8  2  5  6  3  0  0 
0.000288
8  11   1   4   6   3   0 
0.000864
8  11   1   4   7   9   3 
0.000864
8  11   1   5   6   3   0 
0.000864
9  3 
0.005894
10   9   3 
0.002975
10   3   0 
0.002975
11   1   4   6   3   0 
0.002243
11   1   4   7   9   3 
0.002243
11   1   5   6   3   0 
0.001851
1  4 
0.002583
2  5  1  4 
0.004478
2  5  6  4 
0.004478
3  6  4  0 
0.000455
3  9  7  4 
0.000455
5  1  4 
0.001247
5  6  4 
0.001247
6  4 
0.001497
7  4 
0.006285
8  2  5  1  4 
0.001051
8  2  5  6  4 
0.001051
8  11   1   4   0 
0.000526
9  7  4 
0.001137
10   3   6   4   0 
0.000764
10   3   9   7   4 
0.000764
10   9   7   4   0 
0.000452
11   1   4 
0.002134
1  5 
0.004186
2  5 
0.039404
3  6  5 
0.003174
4  1  5 
0.001099
4  6  5 
0.001099
6  5 
0.004433
7  4  1  5  0 
0.002483
7  4  6  5  0 
0.002483
7  9  3  6  5 
0.001658
8  2  5  0 
0.003752
8  11   1   5 
0.003752
9  3  6  5 
0.002132
10   3   6   5   0 
0.001283
10   9   3   6   5 
0.001283
11   1   5 
0.011516
1  4  6 
0.000794
1  5  6 
0.000794
2  5  6 
0.013359
3  6 
0.003565
4  6 
0.001379
5  6 
0.003615
7  4  6  0 
0.002110
7  9  3  6 
0.002110
8  2  5  6  0 
0.000883
8  11   1   4   6 
0.001766
8  11   1   5   6 
0.001766
9  3  6 
0.000396
10   3   6   0 
0.000917
10   9   3   6 
0.000917
11   1   4   6 
0.002056
11   1   5   6 
0.002056
1  4  7 
0.004963
2  5  1  4  7  0 
0.013799
2  5  6  3  9  7 
0.015244
2  5  6  4  7  0 
0.015244
3  9  7 
0.002267
4  7 
0.007462
5  1  4  7  0 
0.005872
5  6  3  9  7 
0.006487
5  6  4  7  0 
0.006487
6  3  9  7 
0.002764
6  4  7  0 
0.002764
8  2  5  1  4  7  0 
0.006429
8  2  5  6  3  9  7 
0.006429
8  2  5  6  4  7  0 
0.006429
8  11   1   4   7   0   0 
0.002143
9  7 
0.001596
10   3   9   7 
0.005749
10   9   7   0 
0.005749
11   1   4   7 
0.022163
1  5  2  8 
0.005720
1  11   8   0 
0.005720
2  8 
0.024505
3  6  5  2  8 
0.006598
4  1  5  2  8 
0.005047
4   1  11   8   0 
0.005047
4  6  5  2  8 
0.003780
5  2  8 
0.019652
6  5  2  8 
0.011064
7  4  1  5  2  8 
0.010348
7   4   1  11   8   0 
0.010348
7  4  6  5  2  8 
0.007751
9  3  6  5  2  8  0 
0.000394
9  7  4  1  5  2  8 
0.001181
9   7   4   1  11   8   0 
0.001181
9  7  4  6  5  2  8 
0.001181
10   3   6   5   2   8   0   0 
0.000683
10   9   3   6   5   2   8   0 
0.001023
10   9   7   4   1   5   2   8 
0.002733
10   9   7   4   1  11   8   0 
0.002733
10   9   7   4   6   5   2   8 
0.002733
11   8 
0.023614
1  4  6  3  9 
0.000120
1  4  7  9  0 
0.000120
2  5  1  4  6  3  9 
0.000641
2  5  1  4  7  9  0 
0.000641
2  5  6  3  9  0  0 
0.000320
3  9 
0.003697
4  6  3  9 
0.000246
4  7  9  0 
0.000246
5  1  4  6  3  9 
0.000355
5  1  4  7  9  0 
0.000355
5  6  3  9  0  0 
0.000178
6  3  9 
0.000289
7  9 
0.003825
8  2  5  1  4  6  3  9 
0.000224
8  2  5  1  4  7  9  0 
0.000224
8  2  5  6  3  9  0  0 
0.000224
8  11   1   4   6   3   9   0 
0.000149
8  11   1   4   7   9   0   0 
0.000149
10   3   9 
0.000309
10   9   0 
0.000309
11   1   4   6   3   9 
0.000468
11   1   4   7   9   0 
0.000468
1   4   6   3   9  10 
0.001517
1   4   6   3  10   0 
0.001517
1   4   7   9  10   0 
0.000758
1   5   6   3   9  10 
0.001358
1   5   6   3  10   0 
0.001358
2   5   6   3   9  10 
0.010788
2   5   6   3  10   0 
0.010788
3   9  10 
0.001105
3  10   0 
0.001105
4   6   3   9  10 
0.000370
4   6   3  10   0 
0.000370
4   7   9  10   0 
0.000185
5   6   3   9  10 
0.001337
5   6   3  10   0 
0.001337
6   3   9  10 
0.000878
6   3  10   0 
0.000878
7   9  10 
0.008889
8   2   5   6   3   9  10   0 
0.000373
8   2   5   6   3  10   0   0 
0.000373
8  11   1   4   6   3   9  10 
0.000933
8  11   1   4   6   3  10   0 
0.000933
8  11   1   4   7   9  10   0 
0.000737
8  11   1   5   6   3   9  10 
0.000933
8  11   1   5   6   3  10   0 
0.000933
9  10 
0.002243
11   1   4   6   3   9  10 
0.000688
11   1   4   6   3  10   0 
0.000688
11   1   4   7   9  10   0 
0.000344
11   1   5   6   3   9  10 
0.000616
11   1   5   6   3  10   0 
0.000616
1  11 
0.050779
2   5   1  11 
0.014757
2   8  11   0 
0.014757
3   6   4   1  11 
0.007138
3   6   5   1  11 
0.007138
4   1  11 
0.009491
5   1  11 
0.016059
6   4   1  11 
0.002464
6   5   1  11 
0.002464
7   4   1  11 
0.026561
8  11 
0.063790
9   3   6   4   1  11 
0.000958
9   3   6   5   1  11 
0.000958
9   7   4   1  11   0 
0.000479
10   3   6   4   1  11   0 
0.002384
10   3   6   5   1  11   0 
0.002384
10   9   3   6   4   1  11 
0.003139
10   9   3   6   5   1  11 
0.003139
10   9   7   4   1  11   0 
0.001569
