2 1 2 0.008796 * 2  5  1 
3 1 3 0.000366 * 3  6  4  1 
3 1 3 0.000366 * 3  6  5  1 
4 1 1 0.000652 * 4  1 
5 1 1 0.006234 * 5  1 
6 1 2 0.000416 * 6  4  1 
6 1 2 0.000416 * 6  5  1 
7 1 2 0.006572 * 7  4  1 
8 1 2 0.005952 * 8  11   1 
9 1 3 0.000523 * 9  7  4  1 
10 1 4 0.000946 * 10   3   6   4   1 
10 1 4 0.000946 * 10   3   6   5   1 
10 1 4 0.000946 * 10   9   7   4   1 
11 1 1 0.031083 * 11   1 
1 2 2 0.008637 * 1  5  2 
3 2 3 0.002999 * 3  6  5  2 
4 2 3 0.001299 * 4  1  5  2 
4 2 3 0.001299 * 4  6  5  2 
5 2 1 0.007775 * 5  2 
6 2 2 0.002901 * 6  5  2 
7 2 4 0.003228 * 7  4  1  5  2 
7 2 4 0.003228 * 7  4  6  5  2 
8 2 1 0.002078 * 8  2 
9 2 4 0.000459 * 9  3  6  5  2 
10 2 4 0.002645 * 10   3   6   5   2 
11 2 2 0.004410 * 11   8   2 
1 3 3 0.001243 * 1  4  6  3 
1 3 3 0.001243 * 1  5  6  3 
2 3 3 0.016711 * 2  5  6  3 
4 3 2 0.001863 * 4  6  3 
5 3 2 0.002924 * 5  6  3 
6 3 1 0.005123 * 6  3 
7 3 2 0.001619 * 7  9  3 
8 3 4 0.003857 * 8  2  5  6  3 
9 3 1 0.003523 * 9  3 
10 3 1 0.004097 * 10   3 
11 3 4 0.002591 * 11   1   4   6   3 
11 3 4 0.002591 * 11   1   5   6   3 
1 4 1 0.001530 * 1  4 
2 4 3 0.005588 * 2  5  1  4 
2 4 3 0.005588 * 2  5  6  4 
3 4 2 0.000663 * 3  6  4 
5 4 2 0.001495 * 5  1  4 
5 4 2 0.001495 * 5  6  4 
6 4 1 0.001538 * 6  4 
7 4 1 0.037225 * 7  4 
8 4 3 0.001668 * 8  11   1   4 
9 4 2 0.000538 * 9  7  4 
10 4 3 0.000389 * 10   3   6   4 
10 4 3 0.000389 * 10   9   7   4 
11 4 2 0.001436 * 11   1   4 
1 5 1 0.004395 * 1  5 
2 5 1 0.049893 * 2  5 
3 5 2 0.004928 * 3  6  5 
4 5 2 0.001296 * 4  1  5 
4 5 2 0.001296 * 4  6  5 
6 5 1 0.003009 * 6  5 
7 5 3 0.003993 * 7  4  1  5 
7 5 3 0.003993 * 7  4  6  5 
8 5 2 0.009978 * 8  2  5 
9 5 3 0.000813 * 9  3  6  5 
10 5 3 0.003154 * 10   3   6   5 
11 5 2 0.009873 * 11   1   5 
1 6 2 0.000731 * 1  4  6 
1 6 2 0.000731 * 1  5  6 
2 6 2 0.014985 * 2  5  6 
3 6 1 0.001329 * 3  6 
4 6 1 0.001018 * 4  6 
5 6 1 0.003360 * 5  6 
7 6 2 0.000936 * 7  4  6 
8 6 3 0.002559 * 8  2  5  6 
9 6 2 0.000198 * 9  3  6 
10 6 2 0.001985 * 10   3   6 
11 6 3 0.002927 * 11   1   4   6 
11 6 3 0.002927 * 11   1   5   6 
1 7 2 0.005250 * 1  4  7 
2 7 4 0.024594 * 2  5  1  4  7 
2 7 4 0.024594 * 2  5  6  4  7 
3 7 2 0.001028 * 3  9  7 
4 7 1 0.003021 * 4  7 
5 7 3 0.006521 * 5  1  4  7 
5 7 3 0.006521 * 5  6  4  7 
6 7 2 0.001994 * 6  4  7 
8 7 4 0.017964 * 8  11   1   4   7 
9 7 1 0.001525 * 9  7 
10 7 2 0.008696 * 10   9   7 
11 7 3 0.017156 * 11   1   4   7 
1 8 2 0.016422 * 1  11   8 
2 8 1 0.022229 * 2  8 
3 8 4 0.005850 * 3  6  5  2  8 
4 8 3 0.012629 * 4   1  11   8 
5 8 2 0.028048 * 5  2  8 
6 8 3 0.005638 * 6  5  2  8 
7 8 4 0.017845 * 7   4   1  11   8 
9 8 5 0.001376 * 9  3  6  5  2  8 
9 8 5 0.001376 * 9   7   4   1  11   8 
10 8 5 0.007835 * 10   3   6   5   2   8 
11 8 1 0.023382 * 11   8 
1 9 3 0.000207 * 1  4  7  9 
2 9 4 0.002342 * 2  5  6  3  9 
3 9 1 0.001174 * 3  9 
4 9 2 0.000199 * 4  7  9 
5 9 3 0.000888 * 5  6  3  9 
6 9 2 0.000161 * 6  3  9 
7 9 1 0.002112 * 7  9 
8 9 5 0.000343 * 8  2  5  6  3  9 
8 9 5 0.000343 * 8  11   1   4   7   9 
10 9 1 0.000726 * 10   9 
11 9 4 0.000538 * 11   1   4   7   9 
1 10 4 0.001724 * 1   4   6   3  10 
1 10 4 0.001724 * 1   4   7   9  10 
1 10 4 0.003055 * 1   5   6   3  10 
2 10 4 0.031799 * 2   5   6   3  10 
3 10 1 0.001022 * 3  10 
4 10 3 0.000367 * 4   6   3  10 
4 10 3 0.000367 * 4   7   9  10 
5 10 3 0.003964 * 5   6   3  10 
6 10 2 0.001065 * 6   3  10 
7 10 2 0.006619 * 7   9  10 
8 10 5 0.008741 * 8   2   5   6   3  10 
9 10 1 0.000977 * 9  10 
11 10 5 0.001389 * 11   1   4   6   3  10 
11 10 5 0.001389 * 11   1   4   7   9  10 
11 10 5 0.002114 * 11   1   5   6   3  10 
1 11 1 0.042942 * 1  11 
2 11 2 0.019323 * 2   8  11 
3 11 4 0.006746 * 3   6   4   1  11 
3 11 4 0.006746 * 3   6   5   1  11 
4 11 2 0.006722 * 4   1  11 
5 11 2 0.018896 * 5   1  11 
6 11 3 0.002744 * 6   4   1  11 
6 11 3 0.002744 * 6   5   1  11 
7 11 3 0.020625 * 7   4   1  11 
8 11 1 0.041151 * 8  11 
9 11 4 0.001028 * 9   7   4   1  11 
10 11 5 0.003294 * 10   3   6   4   1  11 
10 11 5 0.003294 * 10   3   6   5   1  11 
10 11 5 0.003294 * 10   9   7   4   1  11 
