1  5  2  0  0  0  0  0  0  0 
8.636870e-003
1  11   8   2   0   0   0   0   0   0 
2.319451e-017
1  4  6  5  2  0  0  0  0  0 
1.161456e-017
1  4  6  3  0  0  0  0  0  0 
1.235502e-003
1  5  6  3  0  0  0  0  0  0 
1.249609e-003
1  4  7  9  3  0  0  0  0  0 
2.296324e-017
1  4  0  0  0  0  0  0  0  0 
1.529517e-003
1  5  6  4  0  0  0  0  0  0 
1.154255e-017
1  5  0  0  0  0  0  0  0  0 
4.395022e-003
1  4  6  5  0  0  0  0  0  0 
1.159904e-017
1  11   8   2   5   0   0   0   0   0 
7.736722e-018
1  4  6  0  0  0  0  0  0  0 
7.018450e-004
1  5  6  0  0  0  0  0  0  0 
7.594370e-004
1  4  7  0  0  0  0  0  0  0 
5.249898e-003
1  5  6  4  7  0  0  0  0  0 
1.160516e-017
1  11   8   0   0   0   0   0   0   0 
1.642176e-002
1  5  2  8  0  0  0  0  0  0 
2.323647e-017
1  4  6  5  2  8  0  0  0  0 
7.751057e-018
1  4  7  9  0  0  0  0  0  0 
2.073220e-004
1  4  6  3  9  0  0  0  0  0 
1.842384e-017
1  5  6  3  9  0  0  0  0  0 
1.839256e-017
1   4   6   3  10   0   0   0   0   0 
1.810936e-003
1   5   6   3  10   0   0   0   0   0 
1.872144e-003
1   4   7   9  10   0   0   0   0   0 
2.821244e-003
1  11   0   0   0   0   0   0   0   0 
4.294179e-002
1   5   2   8  11   0   0   0   0   0 
7.751852e-018
2  5  1  0  0  0  0  0  0  0 
8.795570e-003
2   8  11   1   0   0   0   0   0   0 
2.319629e-017
2  5  6  4  1  0  0  0  0  0 
1.161111e-017
2  5  6  3  0  0  0  0  0  0 
1.671145e-002
2  5  1  4  6  3  0  0  0  0 
1.162604e-017
2  5  1  4  0  0  0  0  0  0 
5.768090e-003
2  5  6  4  0  0  0  0  0  0 
5.408267e-003
2   8  11   1   4   0   0   0   0   0 
2.316581e-017
2  5  0  0  0  0  0  0  0  0 
4.989347e-002
2   8  11   1   5   0   0   0   0   0 
7.751932e-018
2   8  11   1   4   6   5   0   0   0 
4.651636e-018
2  5  6  0  0  0  0  0  0  0 
1.498487e-002
2  5  1  4  6  0  0  0  0  0 
1.162513e-017
2  5  1  4  7  0  0  0  0  0 
2.411575e-002
2  5  6  4  7  0  0  0  0  0 
2.507288e-002
2   8  11   1   4   7   0   0   0   0 
2.323626e-017
2  8  0  0  0  0  0  0  0  0 
2.222858e-002
2   5   1  11   8   0   0   0   0   0 
7.747635e-018
2  5  6  3  9  0  0  0  0  0 
2.342022e-003
2   5   6   3  10   9   0   0   0   0 
2.292492e-017
2  5  1  4  7  9  0  0  0  0 
2.291734e-017
2   5   6   3  10   0   0   0   0   0 
3.179942e-002
2   5   6   3   9  10   0   0   0   0 
2.343539e-017
2   8  11   0   0   0   0   0   0   0 
1.932293e-002
2   5   1  11   0   0   0   0   0   0 
2.321581e-017
3  6  4  1  0  0  0  0  0  0 
3.567654e-004
3  6  5  1  0  0  0  0  0  0 
3.747236e-004
3  9  7  4  1  0  0  0  0  0 
2.238366e-017
3  6  5  2  0  0  0  0  0  0 
2.999410e-003
3  6  4  1  5  2  0  0  0  0 
1.158582e-017
3  6  4  0  0  0  0  0  0  0 
6.632720e-004
3  9  7  4  0  0  0  0  0  0 
2.265933e-017
3  6  5  0  0  0  0  0  0  0 
4.927927e-003
3  6  4  1  5  0  0  0  0  0 
1.160313e-017
3  6  0  0  0  0  0  0  0  0 
1.328644e-003
3  9  7  4  6  0  0  0  0  0 
7.719197e-018
3  10   9   7   4   6   0   0   0   0 
5.791152e-018
3  9  7  0  0  0  0  0  0  0 
1.027838e-003
3  10   9   7   0   0   0   0   0   0 
2.262900e-017
3  6  4  7  0  0  0  0  0  0 
2.259271e-017
3  6  5  2  8  0  0  0  0  0 
5.850254e-003
3   6   4   1  11   8   0   0   0   0 
2.315341e-017
3   6   5   1  11   8   0   0   0   0 
2.315282e-017
3  9  0  0  0  0  0  0  0  0 
1.173974e-003
3  10   9   0   0   0   0   0   0   0 
2.271358e-017
3  6  4  7  9  0  0  0  0  0 
7.673747e-018
3  10   0   0   0   0   0   0   0   0 
1.021668e-003
3   9  10   0   0   0   0   0   0   0 
2.286691e-017
3   6   4   1  11   0   0   0   0   0 
6.575982e-003
3   6   5   1  11   0   0   0   0   0 
6.916708e-003
3   9   7   4   1  11   0   0   0   0 
2.332906e-017
4  1  0  0  0  0  0  0  0  0 
6.517800e-004
4  6  5  1  0  0  0  0  0  0 
1.143182e-017
4  1  5  2  0  0  0  0  0  0 
1.354839e-003
4  6  5  2  0  0  0  0  0  0 
1.242773e-003
4   1  11   8   2   0   0   0   0   0 
2.288468e-017
4  6  3  0  0  0  0  0  0  0 
1.862803e-003
4  7  9  3  0  0  0  0  0  0 
2.298834e-017
4  1  5  6  3  0  0  0  0  0 
1.152784e-017
4  1  5  0  0  0  0  0  0  0 
1.325220e-003
4  6  5  0  0  0  0  0  0  0 
1.266503e-003
4  6  0  0  0  0  0  0  0  0 
1.018330e-003
4  1  5  6  0  0  0  0  0  0 
1.146149e-017
4  7  9  3  6  0  0  0  0  0 
7.684330e-018
4  7  0  0  0  0  0  0  0  0 
3.020760e-003
4  6  3  9  7  0  0  0  0  0 
7.751459e-018
4   6   3  10   9   7   0   0   0   0 
5.809229e-018
4   1  11   8   0   0   0   0   0   0 
1.262925e-002
4  1  5  2  8  0  0  0  0  0 
2.322485e-017
4  6  5  2  8  0  0  0  0  0 
2.324223e-017
4  7  9  0  0  0  0  0  0  0 
1.988440e-004
4  6  3  9  0  0  0  0  0  0 
2.211499e-017
4   6   3  10   9   0   0   0   0   0 
1.095647e-017
4   7   9  10   0   0   0   0   0   0 
4.079631e-004
4   6   3  10   0   0   0   0   0   0 
3.261029e-004
4   6   3   9  10   0   0   0   0   0 
2.238961e-017
4   1  11   0   0   0   0   0   0   0 
6.722210e-003
4   6   5   1  11   0   0   0   0   0 
1.161455e-017
5  1  0  0  0  0  0  0  0  0 
6.233935e-003
5  6  4  1  0  0  0  0  0  0 
1.160518e-017
5   2   8  11   1   0   0   0   0   0 
7.741349e-018
5  2  0  0  0  0  0  0  0  0 
7.774713e-003
5   1  11   8   2   0   0   0   0   0 
7.745564e-018
5  6  3  0  0  0  0  0  0  0 
2.923804e-003
5  1  4  6  3  0  0  0  0  0 
1.158823e-017
5  1  4  0  0  0  0  0  0  0 
1.536156e-003
5  6  4  0  0  0  0  0  0  0 
1.453380e-003
5  6  0  0  0  0  0  0  0  0 
3.360409e-003
5  1  4  6  0  0  0  0  0  0 
1.159419e-017
5  1  4  7  0  0  0  0  0  0 
6.645110e-003
5  6  4  7  0  0  0  0  0  0 
6.395944e-003
5  6  3  9  7  0  0  0  0  0 
2.333763e-017
5  2  8  0  0  0  0  0  0  0 
2.804848e-002
5   1  11   8   0   0   0   0   0   0 
2.323194e-017
5  6  3  9  0  0  0  0  0  0 
8.879030e-004
5  1  4  7  9  0  0  0  0  0 
2.259318e-017
5  6  4  7  9  0  0  0  0  0 
2.259402e-017
5   6   3  10   0   0   0   0   0   0 
3.964077e-003
5   6   3   9  10   0   0   0   0   0 
2.328656e-017
5   1  11   0   0   0   0   0   0   0 
1.889604e-002
5   2   8  11   0   0   0   0   0   0 
2.323166e-017
6  4  1  0  0  0  0  0  0  0 
4.052590e-004
6  5  1  0  0  0  0  0  0  0 
4.264050e-004
6  5  2  0  0  0  0  0  0  0 
2.901273e-003
6  4  1  5  2  0  0  0  0  0 
1.158432e-017
6  3  0  0  0  0  0  0  0  0 
5.122790e-003
6  4  7  9  3  0  0  0  0  0 
7.755270e-018
6   4   7   9  10   3   0   0   0   0 
5.815055e-018
6  4  0  0  0  0  0  0  0  0 
1.538181e-003
6  5  1  4  0  0  0  0  0  0 
1.152564e-017
6  3  9  7  4  0  0  0  0  0 
7.719884e-018
6  5  0  0  0  0  0  0  0  0 
3.009430e-003
6  4  1  5  0  0  0  0  0  0 
1.158597e-017
6  4  7  0  0  0  0  0  0  0 
1.993711e-003
6  3  9  7  0  0  0  0  0  0 
2.309471e-017
6  5  2  8  0  0  0  0  0  0 
5.638227e-003
6   4   1  11   8   0   0   0   0   0 
2.314920e-017
6   5   1  11   8   0   0   0   0   0 
2.314861e-017
6  3  9  0  0  0  0  0  0  0 
1.607510e-004
6   3  10   9   0   0   0   0   0   0 
1.964362e-017
6  4  7  9  0  0  0  0  0  0 
1.960493e-017
6   3  10   0   0   0   0   0   0   0 
1.064876e-003
6   3   9  10   0   0   0   0   0   0 
2.274242e-017
6   4   7   9  10   0   0   0   0   0 
1.146557e-017
6   4   1  11   0   0   0   0   0   0 
2.412189e-003
6   5   1  11   0   0   0   0   0   0 
3.075965e-003
6   5   2   8  11   0   0   0   0   0 
2.307620e-017
7  4  1  0  0  0  0  0  0  0 
6.572485e-003
7  4  6  5  1  0  0  0  0  0 
1.161409e-017
7  4  6  5  2  0  0  0  0  0 
3.292971e-003
7  4  1  5  2  0  0  0  0  0 
3.163763e-003
7  9  3  6  5  2  0  0  0  0 
2.321639e-017
7  9  3  0  0  0  0  0  0  0 
1.619367e-003
7  4  6  3  0  0  0  0  0  0 
2.272950e-017
7   9  10   3   0   0   0   0   0   0 
2.277572e-017
7  4  0  0  0  0  0  0  0  0 
3.722482e-002
7  9  3  6  4  0  0  0  0  0 
7.767160e-018
7   9  10   3   6   4   0   0   0   0 
5.821740e-018
7  4  6  5  0  0  0  0  0  0 
4.145788e-003
7  4  1  5  0  0  0  0  0  0 
3.840328e-003
7  9  3  6  5  0  0  0  0  0 
2.324957e-017
7  4  6  0  0  0  0  0  0  0 
9.357080e-004
7  9  3  6  0  0  0  0  0  0 
2.279984e-017
7   4   1  11   8   0   0   0   0   0 
1.784483e-002
7  4  6  5  2  8  0  0  0  0 
2.325603e-017
7  4  1  5  2  8  0  0  0  0 
2.323829e-017
7  9  0  0  0  0  0  0  0  0 
2.112094e-003
7  4  6  3  9  0  0  0  0  0 
7.732681e-018
7   4   6   3  10   9   0   0   0   0 
5.798755e-018
7   9  10   0   0   0   0   0   0   0 
6.618824e-003
7   9   3  10   0   0   0   0   0   0 
2.321161e-017
7   4   6   3  10   0   0   0   0   0 
1.158819e-017
7   4   1  11   0   0   0   0   0   0 
2.062510e-002
8  11   1   0   0   0   0   0   0   0 
5.952208e-003
8  2  5  1  0  0  0  0  0  0 
2.317896e-017
8  2  0  0  0  0  0  0  0  0 
2.077912e-003
8  11   1   5   2   0   0   0   0   0 
7.720630e-018
8  11   1   4   6   5   2   0   0   0 
4.639978e-018
8  2  5  6  3  0  0  0  0  0 
3.857317e-003
8  11   1   5   6   3   0   0   0   0 
2.309039e-017
8  11   1   4   6   3   0   0   0   0 
2.310406e-017
8  11   1   4   0   0   0   0   0   0 
1.668358e-003
8  2  5  1  4  0  0  0  0  0 
2.283895e-017
8  2  5  6  4  0  0  0  0  0 
2.283993e-017
8  2  5  0  0  0  0  0  0  0 
9.978382e-003
8  11   1   5   0   0   0   0   0   0 
2.319821e-017
8  2  5  6  0  0  0  0  0  0 
2.558508e-003
8  11   1   5   6   0   0   0   0   0 
2.298787e-017
8  11   1   4   6   0   0   0   0   0 
2.299964e-017
8  11   1   4   7   0   0   0   0   0 
1.796408e-002
8  2  5  1  4  7  0  0  0  0 
2.323805e-017
8  2  5  6  4  7  0  0  0  0 
2.324020e-017
8  11   1   4   7   9   0   0   0   0 
3.209843e-004
8  2  5  6  3  9  0  0  0  0 
3.645747e-004
8  11   1   5   6   3   9   0   0   0 
2.233166e-017
8   2   5   6   3  10   0   0   0   0 
8.740864e-003
8   2   5   6   3   9  10   0   0   0 
2.337354e-017
8  11   1   4   7   9  10   0   0   0 
2.327054e-017
8  11   0   0   0   0   0   0   0   0 
4.115087e-002
8   2   5   1  11   0   0   0   0   0 
7.750741e-018
9  7  4  1  0  0  0  0  0  0 
5.234860e-004
9  3  6  4  1  0  0  0  0  0 
2.228478e-017
9  3  6  5  1  0  0  0  0  0 
2.228042e-017
9  3  6  5  2  0  0  0  0  0 
4.588710e-004
9  10   3   6   5   2   0   0   0   0 
2.189391e-017
9  7  4  6  5  2  0  0  0  0 
2.193557e-017
9  3  0  0  0  0  0  0  0  0 
3.523172e-003
9  10   3   0   0   0   0   0   0   0 
2.309090e-017
9  7  4  6  3  0  0  0  0  0 
7.729216e-018
9  7  4  0  0  0  0  0  0  0 
5.381060e-004
9  3  6  4  0  0  0  0  0  0 
2.243725e-017
9  10   3   6   4   0   0   0   0   0 
1.136419e-017
9  3  6  5  0  0  0  0  0  0 
8.134530e-004
9  10   3   6   5   0   0   0   0   0 
2.259402e-017
9  7  4  6  5  0  0  0  0  0 
2.258037e-017
9  3  6  0  0  0  0  0  0  0 
1.975220e-004
9  10   3   6   0   0   0   0   0   0 
1.763847e-017
9  7  4  6  0  0  0  0  0  0 
1.768021e-017
9  7  0  0  0  0  0  0  0  0 
1.525021e-003
9  3  6  4  7  0  0  0  0  0 
7.716021e-018
9  10   3   6   4   7   0   0   0   0 
5.792686e-018
9   7   4   1  11   8   0   0   0   0 
1.127441e-003
9  3  6  5  2  8  0  0  0  0 
1.623786e-003
9  10   3   6   5   2   8   0   0   0 
2.292545e-017
9  10   0   0   0   0   0   0   0   0 
9.772680e-004
9   3  10   0   0   0   0   0   0   0 
2.278089e-017
9   7   4   1  11   0   0   0   0   0 
1.027573e-003
9   3   6   4   1  11   0   0   0   0 
2.273971e-017
9   3   6   5   1  11   0   0   0   0 
2.273945e-017
10   3   6   4   1   0   0   0   0   0 
8.961493e-004
10   9   7   4   1   0   0   0   0   0 
1.000108e-003
10   3   6   5   1   0   0   0   0   0 
9.416769e-004
10   3   6   5   2   0   0   0   0   0 
2.645205e-003
10   9   3   6   5   2   0   0   0   0 
2.314720e-017
10   3   0   0   0   0   0   0   0   0 
4.097095e-003
10   9   3   0   0   0   0   0   0   0 
2.323336e-017
10   3   6   4   0   0   0   0   0   0 
3.802485e-004
10   9   7   4   0   0   0   0   0   0 
3.975855e-004
10   3   9   7   4   0   0   0   0   0 
2.241590e-017
10   3   6   5   0   0   0   0   0   0 
3.153626e-003
10   9   3   6   5   0   0   0   0   0 
2.318625e-017
10   3   6   0   0   0   0   0   0   0 
1.985298e-003
10   9   3   6   0   0   0   0   0   0 
2.307021e-017
10   9   7   0   0   0   0   0   0   0 
8.695689e-003
10   3   9   7   0   0   0   0   0   0 
2.329508e-017
10   3   6   5   2   8   0   0   0   0 
7.834613e-003
10   9   3   6   5   2   8   0   0   0 
2.330052e-017
10   3   6   5   1  11   8   0   0   0 
2.317958e-017
10   9   0   0   0   0   0   0   0   0 
7.258940e-004
10   3   9   0   0   0   0   0   0   0 
2.267670e-017
10   3   6   4   1  11   0   0   0   0 
2.736321e-003
10   3   6   5   1  11   0   0   0   0 
2.900428e-003
10   9   7   4   1  11   0   0   0   0 
4.246723e-003
11   1   0   0   0   0   0   0   0   0 
3.108306e-002
11   8   2   5   1   0   0   0   0   0 
7.751274e-018
11   8   2   0   0   0   0   0   0   0 
4.410097e-003
11   1   5   2   0   0   0   0   0   0 
2.312496e-017
11   1   4   6   3   0   0   0   0   0 
2.530951e-003
11   1   5   6   3   0   0   0   0   0 
2.650273e-003
11   8   2   5   6   3   0   0   0   0 
2.305899e-017
11   1   4   0   0   0   0   0   0   0 
1.436170e-003
11   1   5   6   4   0   0   0   0   0 
1.153665e-017
11   1   5   0   0   0   0   0   0   0 
9.872795e-003
11   8   2   5   0   0   0   0   0   0 
2.320359e-017
11   1   4   6   5   0   0   0   0   0 
1.161674e-017
11   1   4   6   0   0   0   0   0   0 
2.885972e-003
11   1   5   6   0   0   0   0   0   0 
2.968367e-003
11   8   2   5   6   0   0   0   0   0 
2.308019e-017
11   1   4   7   0   0   0   0   0   0 
1.715570e-002
11   8   0   0   0   0   0   0   0   0 
2.338221e-002
11   1   5   2   8   0   0   0   0   0 
7.749723e-018
11   1   4   7   9   0   0   0   0   0 
5.376770e-004
11   1   4   6   3   9   0   0   0   0 
2.236566e-017
11   1   5   6   3   9   0   0   0   0 
2.235326e-017
11   1   4   7   9  10   0   0   0   0 
2.006108e-003
11   1   5   6   3  10   0   0   0   0 
1.482410e-003
11   1   4   6   3  10   0   0   0   0 
1.404049e-003
