2 1 0.202299 0.002190 * 2  5  1  0 
2 1 0.302642 0.002190 * 2   8  11   1 
3 1 0.302952 0.000576 * 3  6  4  1 
3 1 0.301488 0.000576 * 3  6  5  1 
4 1 0.101280 0.001128 * 4  1 
5 1 0.100333 0.005733 * 5  1 
6 1 0.202369 0.000516 * 6  4  1 
6 1 0.200905 0.000516 * 6  5  1 
7 1 0.202053 0.006567 * 7  4  1 
8 1 0.201862 0.004998 * 8  11   1 
9 1 0.403045 0.000408 * 9  3  6  4  1 
9 1 0.401581 0.000408 * 9  3  6  5  1 
9 1 0.302284 0.000204 * 9  7  4  1  0 
10 1 0.403235 0.000498 * 10   3   6   4   1   0 
10 1 0.401771 0.000498 * 10   3   6   5   1   0 
10 1 0.503209 0.000747 * 10   9   3   6   4   1 
10 1 0.501745 0.000747 * 10   9   3   6   5   1 
10 1 0.402448 0.000396 * 10   9   7   4   1   0 
11 1 0.100975 0.029063 * 11   1 
1 2 0.201291 0.002018 * 1  5  2  0 
1 2 0.302748 0.002018 * 1  11   8   2 
3 2 0.301990 0.003361 * 3  6  5  2 
4 2 0.302571 0.005562 * 4  1  5  2  0 
4 2 0.404028 0.005562 * 4   1  11   8   2 
4 2 0.301662 0.004299 * 4  6  5  2  0 
5 2 0.100835 0.008096 * 5  2 
6 2 0.201406 0.003174 * 6  5  2 
7 2 0.403344 0.002076 * 7  4  1  5  2  0 
7 2 0.504801 0.002076 * 7   4   1  11   8   2 
7 2 0.402434 0.002076 * 7  4  6  5  2  0 
7 2 0.502264 0.000692 * 7  9  3  6  5  2 
8 2 0.100275 0.002340 * 8  2 
9 2 0.402083 0.000752 * 9  3  6  5  2 
10 2 0.402273 0.001355 * 10   3   6   5   2   0 
10 2 0.502247 0.001355 * 10   9   3   6   5   2 
11 2 0.200957 0.002592 * 11   8   2 
1 3 0.301746 0.000873 * 1  4  6  3  0 
1 3 0.402188 0.000873 * 1  4  7  9  3 
1 3 0.302948 0.000603 * 1  5  6  3  0 
2 3 0.304458 0.017008 * 2  5  6  3 
4 3 0.201053 0.001060 * 4  6  3  0 
4 3 0.301495 0.001060 * 4  7  9  3 
5 3 0.202491 0.003892 * 5  6  3 
6 3 0.100798 0.001492 * 6  3 
7 3 0.200274 0.001616 * 7  9  3 
8 3 0.404733 0.000306 * 8  2  5  6  3  0  0 
8 3 0.503608 0.000919 * 8  11   1   4   6   3   0 
8 3 0.604050 0.000919 * 8  11   1   4   7   9   3 
8 3 0.504810 0.000919 * 8  11   1   5   6   3   0 
9 3 0.100093 0.003297 * 9  3 
10 3 0.200257 0.001470 * 10   9   3 
10 3 0.100283 0.001470 * 10   3   0 
11 3 0.402721 0.000915 * 11   1   4   6   3   0 
11 3 0.503162 0.000915 * 11   1   4   7   9   3 
11 3 0.403922 0.000632 * 11   1   5   6   3   0 
1 4 0.100693 0.001417 * 1  4 
2 4 0.302992 0.004338 * 2  5  1  4  0 
2 4 0.304748 0.004338 * 2  5  6  4  0 
2 4 0.403334 0.003063 * 2   8  11   1   4 
3 4 0.201672 0.000642 * 3  6  4  0 
3 4 0.301070 0.000642 * 3  9  7  4 
5 4 0.201026 0.001628 * 5  1  4 
5 4 0.202782 0.001628 * 5  6  4 
6 4 0.101089 0.000632 * 6  4 
7 4 0.100773 0.003835 * 7  4 
8 4 0.302555 0.001859 * 8  11   1   4 
9 4 0.201004 0.000273 * 9  7  4 
10 4 0.301955 0.000381 * 10   3   6   4   0 
10 4 0.401353 0.000381 * 10   3   9   7   4 
10 4 0.301169 0.000191 * 10   9   7   4   0 
11 4 0.201667 0.002135 * 11   1   4 
1 5 0.100456 0.005117 * 1  5 
2 5 0.101966 0.042207 * 2  5 
3 5 0.201155 0.002086 * 3  6  5 
4 5 0.201736 0.000946 * 4  1  5 
4 5 0.200827 0.000946 * 4  6  5 
6 5 0.100572 0.006009 * 6  5 
7 5 0.302509 0.001911 * 7  4  1  5  0 
7 5 0.301600 0.001911 * 7  4  6  5  0 
7 5 0.401430 0.001223 * 7  9  3  6  5 
8 5 0.202241 0.004404 * 8  2  5  0 
8 5 0.302318 0.004404 * 8  11   1   5 
9 5 0.301248 0.002017 * 9  3  6  5 
10 5 0.301438 0.001597 * 10   3   6   5   0 
10 5 0.401412 0.001597 * 10   9   3   6   5 
11 5 0.201431 0.009354 * 11   1   5 
1 6 0.200948 0.002453 * 1  4  6 
1 6 0.202150 0.002453 * 1  5  6 
2 6 0.203660 0.011684 * 2  5  6 
3 6 0.100584 0.001195 * 3  6 
4 6 0.100255 0.001094 * 4  6 
5 6 0.101693 0.004169 * 5  6 
7 6 0.201028 0.000935 * 7  4  6  0 
7 6 0.300858 0.000935 * 7  9  3  6 
8 6 0.303935 0.000687 * 8  2  5  6  0 
8 6 0.402810 0.001374 * 8  11   1   4   6 
8 6 0.404012 0.001374 * 8  11   1   5   6 
9 6 0.200676 0.000250 * 9  3  6 
10 6 0.200867 0.000679 * 10   3   6   0 
10 6 0.300841 0.000679 * 10   9   3   6 
11 6 0.301923 0.002389 * 11   1   4   6 
11 6 0.303124 0.002389 * 11   1   5   6 
1 7 0.201913 0.006493 * 1  4  7 
2 7 0.404212 0.012825 * 2  5  1  4  7  0 
2 7 0.504755 0.014159 * 2  5  6  3  9  7 
2 7 0.405969 0.014159 * 2  5  6  4  7  0 
2 7 0.504555 0.010066 * 2   8  11   1   4   7 
3 7 0.200297 0.001268 * 3  9  7 
4 7 0.101221 0.003701 * 4  7 
5 7 0.302246 0.003282 * 5  1  4  7  0 
5 7 0.402788 0.003623 * 5  6  3  9  7 
5 7 0.304003 0.003623 * 5  6  4  7  0 
6 7 0.301095 0.001696 * 6  3  9  7 
6 7 0.202309 0.001696 * 6  4  7  0 
8 7 0.403775 0.018361 * 8  11   1   4   7 
9 7 0.100231 0.002964 * 9  7 
10 7 0.300580 0.003808 * 10   3   9   7 
10 7 0.200396 0.003808 * 10   9   7   0 
11 7 0.302888 0.019851 * 11   1   4   7 
1 8 0.302071 0.007659 * 1  5  2  8 
1 8 0.202473 0.007659 * 1  11   8   0 
2 8 0.100780 0.022357 * 2  8 
3 8 0.402770 0.004444 * 3  6  5  2  8 
4 8 0.403351 0.004789 * 4  1  5  2  8 
4 8 0.303753 0.004789 * 4   1  11   8   0 
4 8 0.402441 0.003040 * 4  6  5  2  8 
5 8 0.201614 0.016363 * 5  2  8 
6 8 0.302186 0.006324 * 6  5  2  8 
7 8 0.504123 0.007494 * 7  4  1  5  2  8 
7 8 0.404526 0.007494 * 7   4   1  11   8   0 
7 8 0.503214 0.004757 * 7  4  6  5  2  8 
9 8 0.502862 0.000227 * 9  3  6  5  2  8  0 
9 8 0.604355 0.000680 * 9  7  4  1  5  2  8 
9 8 0.504757 0.000680 * 9   7   4   1  11   8   0 
9 8 0.603445 0.000680 * 9  7  4  6  5  2  8 
10 8 0.503053 0.000704 * 10   3   6   5   2   8   0   0 
10 8 0.603027 0.000908 * 10   9   3   6   5   2   8   0 
10 8 0.704519 0.002723 * 10   9   7   4   1   5   2   8 
10 8 0.604921 0.002723 * 10   9   7   4   1  11   8   0 
10 8 0.703610 0.002723 * 10   9   7   4   6   5   2   8 
11 8 0.100682 0.016416 * 11   8 
1 9 0.401812 0.000139 * 1  4  6  3  9 
1 9 0.302095 0.000139 * 1  4  7  9  0 
2 9 0.604111 0.000985 * 2  5  1  4  6  3  9 
2 9 0.504394 0.000985 * 2  5  1  4  7  9  0 
2 9 0.404523 0.000663 * 2  5  6  3  9  0  0 
3 9 0.100066 0.001388 * 3  9 
4 9 0.301119 0.000148 * 4  6  3  9 
4 9 0.201402 0.000148 * 4  7  9  0 
5 9 0.502144 0.000359 * 5  1  4  6  3  9 
5 9 0.402428 0.000359 * 5  1  4  7  9  0 
5 9 0.302557 0.000242 * 5  6  3  9  0  0 
6 9 0.200864 0.000120 * 6  3  9 
7 9 0.100182 0.002065 * 7  9 
8 9 0.704386 0.000221 * 8  2  5  1  4  6  3  9 
8 9 0.604669 0.000221 * 8  2  5  1  4  7  9  0 
8 9 0.504798 0.000221 * 8  2  5  6  3  9  0  0 
8 9 0.603674 0.000148 * 8  11   1   4   6   3   9   0 
8 9 0.503957 0.000148 * 8  11   1   4   7   9   0   0 
10 9 0.200349 0.000456 * 10   3   9 
10 9 0.100164 0.000456 * 10   9   0 
11 9 0.502786 0.000195 * 11   1   4   6   3   9 
11 9 0.403070 0.000195 * 11   1   4   7   9   0 
1 10 0.501947 0.001271 * 1   4   6   3   9  10 
1 10 0.402188 0.001271 * 1   4   6   3  10   0 
1 10 0.402231 0.000636 * 1   4   7   9  10   0 
1 10 0.503149 0.001152 * 1   5   6   3   9  10 
1 10 0.403390 0.001152 * 1   5   6   3  10   0 
2 10 0.504659 0.014775 * 2   5   6   3   9  10 
2 10 0.404900 0.014775 * 2   5   6   3  10   0 
3 10 0.200201 0.000562 * 3   9  10 
3 10 0.100442 0.000562 * 3  10   0 
4 10 0.401254 0.000317 * 4   6   3   9  10 
4 10 0.301495 0.000317 * 4   6   3  10   0 
4 10 0.301538 0.000158 * 4   7   9  10   0 
5 10 0.402692 0.000691 * 5   6   3   9  10 
5 10 0.302934 0.000691 * 5   6   3  10   0 
6 10 0.300999 0.000779 * 6   3   9  10 
6 10 0.201240 0.000779 * 6   3  10   0 
7 10 0.200317 0.007418 * 7   9  10 
8 10 0.604934 0.000515 * 8   2   5   6   3   9  10   0 
8 10 0.505175 0.000515 * 8   2   5   6   3  10   0   0 
8 10 0.703809 0.001289 * 8  11   1   4   6   3   9  10 
8 10 0.604050 0.001289 * 8  11   1   4   6   3  10   0 
8 10 0.604093 0.000737 * 8  11   1   4   7   9  10   0 
8 10 0.705011 0.001289 * 8  11   1   5   6   3   9  10 
8 10 0.605252 0.001289 * 8  11   1   5   6   3  10   0 
9 10 0.100135 0.000751 * 9  10 
11 10 0.602922 0.000553 * 11   1   4   6   3   9  10 
11 10 0.503163 0.000553 * 11   1   4   6   3  10   0 
11 10 0.503205 0.000276 * 11   1   4   7   9  10   0 
11 10 0.604123 0.000501 * 11   1   5   6   3   9  10 
11 10 0.504365 0.000501 * 11   1   5   6   3  10   0 
1 11 0.101791 0.046010 * 1  11 
2 11 0.201667 0.016633 * 2   8  11 
3 11 0.404743 0.002992 * 3   6   4   1  11   0 
3 11 0.403279 0.005958 * 3   6   5   1  11   0 
3 11 0.503657 0.005958 * 3   6   5   2   8  11 
4 11 0.203071 0.008782 * 4   1  11 
5 11 0.202124 0.009756 * 5   1  11   0 
5 11 0.302502 0.009756 * 5   2   8  11 
6 11 0.304160 0.000679 * 6   4   1  11   0 
6 11 0.302696 0.001351 * 6   5   1  11   0 
6 11 0.403073 0.001351 * 6   5   2   8  11 
7 11 0.303844 0.021464 * 7   4   1  11 
8 11 0.100887 0.045199 * 8  11 
9 11 0.504836 0.000345 * 9   3   6   4   1  11   0 
9 11 0.503372 0.000345 * 9   3   6   5   1  11   0 
9 11 0.603750 0.000345 * 9   3   6   5   2   8  11 
9 11 0.404075 0.000115 * 9   7   4   1  11   0   0 
10 11 0.505026 0.001757 * 10   3   6   4   1  11   0   0 
10 11 0.503562 0.001757 * 10   3   6   5   1  11   0   0 
10 11 0.603940 0.001757 * 10   3   6   5   2   8  11   0 
10 11 0.605001 0.002049 * 10   9   3   6   4   1  11   0 
10 11 0.603537 0.002049 * 10   9   3   6   5   1  11   0 
10 11 0.703914 0.002049 * 10   9   3   6   5   2   8  11 
10 11 0.504240 0.000683 * 10   9   7   4   1  11   0   0 
