1  5  2  0  0  0  0  0  0  0 
8.417258e-003
1  11   8   2   0   0   0   0   0   0 
2.049089e-017
1  4  6  5  2  0  0  0  0  0 
1.024492e-017
1  4  6  3  0  0  0  0  0  0 
7.627661e-004
1  5  6  3  0  0  0  0  0  0 
7.802759e-004
1  4  7  9  3  0  0  0  0  0 
2.079615e-017
1  4  0  0  0  0  0  0  0  0 
1.064226e-003
1  5  6  4  0  0  0  0  0  0 
1.022620e-017
1  5  0  0  0  0  0  0  0  0 
8.270170e-003
1  4  6  5  0  0  0  0  0  0 
1.024645e-017
1  11   8   2   5   0   0   0   0   0 
6.833915e-018
1  4  6  0  0  0  0  0  0  0 
1.788047e-003
1  5  6  0  0  0  0  0  0  0 
1.761211e-003
1  4  7  0  0  0  0  0  0  0 
4.918362e-003
1  5  6  4  7  0  0  0  0  0 
1.024608e-017
1  11   8   0   0   0   0   0   0   0 
1.530601e-002
1  5  2  8  0  0  0  0  0  0 
2.049534e-017
1  4  6  5  2  8  0  0  0  0 
6.833105e-018
1  4  7  9  0  0  0  0  0  0 
3.271970e-004
1  4  6  3  9  0  0  0  0  0 
1.860214e-017
1  5  6  3  9  0  0  0  0  0 
1.875622e-017
1   4   6   3  10   0   0   0   0   0 
1.795334e-003
1   5   6   3  10   0   0   0   0   0 
1.751202e-003
1   4   7   9  10   0   0   0   0   0 
2.108207e-003
1  11   0   0   0   0   0   0   0   0 
3.104566e-002
1   5   2   8  11   0   0   0   0   0 
6.834942e-018
2  5  1  0  0  0  0  0  0  0 
6.420828e-003
2   8  11   1   0   0   0   0   0   0 
2.048407e-017
2  5  6  4  1  0  0  0  0  0 
1.024504e-017
2  5  6  3  0  0  0  0  0  0 
1.312406e-002
2  5  1  4  6  3  0  0  0  0 
1.024741e-017
2  5  1  4  0  0  0  0  0  0 
3.684270e-003
2  5  6  4  0  0  0  0  0  0 
4.026370e-003
2   8  11   1   4   0   0   0   0   0 
2.050677e-017
2  5  0  0  0  0  0  0  0  0 
3.512174e-002
2   8  11   1   5   0   0   0   0   0 
6.834903e-018
2   8  11   1   4   6   5   0   0   0 
4.100712e-018
2  5  6  0  0  0  0  0  0  0 
1.353236e-002
2  5  1  4  6  0  0  0  0  0 
1.024749e-017
2  5  1  4  7  0  0  0  0  0 
1.888674e-002
2  5  6  4  7  0  0  0  0  0 
2.074439e-002
2   8  11   1   4   7   0   0   0   0 
2.050414e-017
2  8  0  0  0  0  0  0  0  0 
2.564462e-002
2   5   1  11   8   0   0   0   0   0 
6.834961e-018
2  5  6  3  9  0  0  0  0  0 
1.899364e-003
2   5   6   3  10   9   0   0   0   0 
2.038293e-017
2  5  1  4  7  9  0  0  0  0 
2.043238e-017
2   5   6   3  10   0   0   0   0   0 
1.553901e-002
2   5   6   3   9  10   0   0   0   0 
2.036627e-017
2   8  11   0   0   0   0   0   0   0 
3.036458e-002
2   5   1  11   0   0   0   0   0   0 
2.050240e-017
3  6  4  1  0  0  0  0  0  0 
8.244361e-004
3  6  5  1  0  0  0  0  0  0 
8.309039e-004
3  9  7  4  1  0  0  0  0  0 
2.057983e-017
3  6  5  2  0  0  0  0  0  0 
6.217399e-003
3  6  4  1  5  2  0  0  0  0 
1.024744e-017
3  6  4  0  0  0  0  0  0  0 
1.434776e-003
3  9  7  4  0  0  0  0  0  0 
2.022521e-017
3  6  5  0  0  0  0  0  0  0 
3.287592e-003
3  6  4  1  5  0  0  0  0  0 
1.024321e-017
3  6  0  0  0  0  0  0  0  0 
4.705050e-003
3  9  7  4  6  0  0  0  0  0 
6.819544e-018
3  10   9   7   4   6   0   0   0   0 
5.122845e-018
3  9  7  0  0  0  0  0  0  0 
4.198219e-003
3  10   9   7   0   0   0   0   0   0 
2.053868e-017
3  6  4  7  0  0  0  0  0  0 
2.060625e-017
3  6  5  2  8  0  0  0  0  0 
6.547861e-003
3   6   4   1  11   8   0   0   0   0 
2.047278e-017
3   6   5   1  11   8   0   0   0   0 
2.047387e-017
3  9  0  0  0  0  0  0  0  0 
3.087914e-003
3  10   9   0   0   0   0   0   0   0 
2.054960e-017
3  6  4  7  9  0  0  0  0  0 
6.834914e-018
3  10   0   0   0   0   0   0   0   0 
2.230190e-003
3   9  10   0   0   0   0   0   0   0 
2.022422e-017
3   6   4   1  11   0   0   0   0   0 
5.867491e-003
3   6   5   1  11   0   0   0   0   0 
5.676869e-003
3   9   7   4   1  11   0   0   0   0 
2.038881e-017
4  1  0  0  0  0  0  0  0  0 
3.723959e-003
4  6  5  1  0  0  0  0  0  0 
1.024076e-017
4  1  5  2  0  0  0  0  0  0 
1.245374e-003
4  6  5  2  0  0  0  0  0  0 
1.303879e-003
4   1  11   8   2   0   0   0   0   0 
2.066337e-017
4  6  3  0  0  0  0  0  0  0 
2.766785e-003
4  7  9  3  0  0  0  0  0  0 
2.037459e-017
4  1  5  6  3  0  0  0  0  0 
1.022649e-017
4  1  5  0  0  0  0  0  0  0 
1.463957e-003
4  6  5  0  0  0  0  0  0  0 
1.454227e-003
4  6  0  0  0  0  0  0  0  0 
1.848145e-003
4  1  5  6  0  0  0  0  0  0 
1.022897e-017
4  7  9  3  6  0  0  0  0  0 
6.814155e-018
4  7  0  0  0  0  0  0  0  0 
3.430331e-003
4  6  3  9  7  0  0  0  0  0 
6.816903e-018
4   6   3  10   9   7   0   0   0   0 
5.121387e-018
4   1  11   8   0   0   0   0   0   0 
1.480054e-002
4  1  5  2  8  0  0  0  0  0 
2.049285e-017
4  6  5  2  8  0  0  0  0  0 
2.048166e-017
4  7  9  0  0  0  0  0  0  0 
7.175550e-004
4  6  3  9  0  0  0  0  0  0 
1.953840e-017
4   6   3  10   9   0   0   0   0   0 
9.874873e-018
4   7   9  10   0   0   0   0   0   0 
6.531924e-004
4   6   3  10   0   0   0   0   0   0 
7.174096e-004
4   6   3   9  10   0   0   0   0   0 
2.071004e-017
4   1  11   0   0   0   0   0   0   0 
7.536162e-003
4   6   5   1  11   0   0   0   0   0 
1.024548e-017
5  1  0  0  0  0  0  0  0  0 
8.828158e-003
5  6  4  1  0  0  0  0  0  0 
1.024958e-017
5   2   8  11   1   0   0   0   0   0 
6.833985e-018
5  2  0  0  0  0  0  0  0  0 
9.776166e-003
5   1  11   8   2   0   0   0   0   0 
6.834094e-018
5  6  3  0  0  0  0  0  0  0 
2.887509e-003
5  1  4  6  3  0  0  0  0  0 
1.023832e-017
5  1  4  0  0  0  0  0  0  0 
1.762250e-003
5  6  4  0  0  0  0  0  0  0 
1.795416e-003
5  6  0  0  0  0  0  0  0  0 
4.038995e-003
5  1  4  6  0  0  0  0  0  0 
1.024160e-017
5  1  4  7  0  0  0  0  0  0 
7.226193e-003
5  6  4  7  0  0  0  0  0  0 
7.756227e-003
5  6  3  9  7  0  0  0  0  0 
2.039842e-017
5  2  8  0  0  0  0  0  0  0 
2.493736e-002
5   1  11   8   0   0   0   0   0   0 
2.050071e-017
5  6  3  9  0  0  0  0  0  0 
1.655597e-003
5  1  4  7  9  0  0  0  0  0 
2.038082e-017
5  6  4  7  9  0  0  0  0  0 
2.037375e-017
5   6   3  10   0   0   0   0   0   0 
3.378147e-003
5   6   3   9  10   0   0   0   0   0 
2.027922e-017
5   1  11   0   0   0   0   0   0   0 
1.868330e-002
5   2   8  11   0   0   0   0   0   0 
2.050273e-017
6  4  1  0  0  0  0  0  0  0 
1.266515e-003
6  5  1  0  0  0  0  0  0  0 
1.273932e-003
6  5  2  0  0  0  0  0  0  0 
3.220113e-003
6  4  1  5  2  0  0  0  0  0 
1.024303e-017
6  3  0  0  0  0  0  0  0  0 
4.667711e-003
6  4  7  9  3  0  0  0  0  0 
6.827965e-018
6   4   7   9  10   3   0   0   0   0 
5.120783e-018
6  4  0  0  0  0  0  0  0  0 
1.553339e-003
6  5  1  4  0  0  0  0  0  0 
1.021527e-017
6  3  9  7  4  0  0  0  0  0 
6.797708e-018
6  5  0  0  0  0  0  0  0  0 
5.999391e-003
6  4  1  5  0  0  0  0  0  0 
1.024726e-017
6  4  7  0  0  0  0  0  0  0 
4.005725e-003
6  3  9  7  0  0  0  0  0  0 
2.035200e-017
6  5  2  8  0  0  0  0  0  0 
9.792680e-003
6   4   1  11   8   0   0   0   0   0 
2.048650e-017
6   5   1  11   8   0   0   0   0   0 
2.048749e-017
6  3  9  0  0  0  0  0  0  0 
2.191730e-004
6   3  10   9   0   0   0   0   0   0 
2.013215e-017
6  4  7  9  0  0  0  0  0  0 
2.045619e-017
6   3  10   0   0   0   0   0   0   0 
2.308256e-003
6   3   9  10   0   0   0   0   0   0 
2.016542e-017
6   4   7   9  10   0   0   0   0   0 
1.018840e-017
6   4   1  11   0   0   0   0   0   0 
4.038307e-003
6   5   1  11   0   0   0   0   0   0 
3.860733e-003
6   5   2   8  11   0   0   0   0   0 
2.050450e-017
7  4  1  0  0  0  0  0  0  0 
6.438423e-003
7  4  6  5  1  0  0  0  0  0 
1.024469e-017
7  4  6  5  2  0  0  0  0  0 
3.958746e-003
7  4  1  5  2  0  0  0  0  0 
3.388065e-003
7  9  3  6  5  2  0  0  0  0 
2.044986e-017
7  9  3  0  0  0  0  0  0  0 
7.958388e-003
7  4  6  3  0  0  0  0  0  0 
2.052011e-017
7   9  10   3   0   0   0   0   0   0 
2.045098e-017
7  4  0  0  0  0  0  0  0  0 
9.367496e-003
7  9  3  6  4  0  0  0  0  0 
6.830669e-018
7   9  10   3   6   4   0   0   0   0 
5.122456e-018
7  4  6  5  0  0  0  0  0  0 
5.296701e-003
7  4  1  5  0  0  0  0  0  0 
4.287882e-003
7  9  3  6  5  0  0  0  0  0 
2.045680e-017
7  4  6  0  0  0  0  0  0  0 
3.345676e-003
7  9  3  6  0  0  0  0  0  0 
2.042559e-017
7   4   1  11   8   0   0   0   0   0 
2.787026e-002
7  4  6  5  2  8  0  0  0  0 
2.048970e-017
7  4  1  5  2  8  0  0  0  0 
2.049953e-017
7  9  0  0  0  0  0  0  0  0 
9.031270e-004
7  4  6  3  9  0  0  0  0  0 
6.782464e-018
7   4   6   3  10   9   0   0   0   0 
5.098973e-018
7   9  10   0   0   0   0   0   0   0 
9.772682e-003
7   9   3  10   0   0   0   0   0   0 
2.051572e-017
7   4   6   3  10   0   0   0   0   0 
1.026084e-017
7   4   1  11   0   0   0   0   0   0 
2.757257e-002
8  11   1   0   0   0   0   0   0   0 
5.643787e-003
8  2  5  1  0  0  0  0  0  0 
2.048041e-017
8  2  0  0  0  0  0  0  0  0 
4.645921e-003
8  11   1   5   2   0   0   0   0   0 
6.832277e-018
8  11   1   4   6   5   2   0   0   0 
4.099499e-018
8  2  5  6  3  0  0  0  0  0 
3.233156e-003
8  11   1   5   6   3   0   0   0   0 
2.041419e-017
8  11   1   4   6   3   0   0   0   0 
2.039282e-017
8  11   1   4   0   0   0   0   0   0 
1.379446e-003
8  2  5  1  4  0  0  0  0  0 
2.006452e-017
8  2  5  6  4  0  0  0  0  0 
2.005736e-017
8  2  5  0  0  0  0  0  0  0 
1.404754e-002
8  11   1   5   0   0   0   0   0   0 
2.049737e-017
8  2  5  6  0  0  0  0  0  0 
2.761662e-003
8  11   1   5   6   0   0   0   0   0 
2.038691e-017
8  11   1   4   6   0   0   0   0   0 
2.036361e-017
8  11   1   4   7   0   0   0   0   0 
1.996318e-002
8  2  5  1  4  7  0  0  0  0 
2.049772e-017
8  2  5  6  4  7  0  0  0  0 
2.049709e-017
8  11   1   4   7   9   0   0   0   0 
7.633069e-004
8  2  5  6  3  9  0  0  0  0 
8.932431e-004
8  11   1   5   6   3   9   0   0   0 
2.080132e-017
8   2   5   6   3  10   0   0   0   0 
5.542459e-003
8   2   5   6   3   9  10   0   0   0 
2.029959e-017
8  11   1   4   7   9  10   0   0   0 
2.039638e-017
8  11   0   0   0   0   0   0   0   0 
5.960093e-002
8   2   5   1  11   0   0   0   0   0 
6.835290e-018
9  7  4  1  0  0  0  0  0  0 
1.683180e-003
9  3  6  4  1  0  0  0  0  0 
2.013933e-017
9  3  6  5  1  0  0  0  0  0 
2.014117e-017
9  3  6  5  2  0  0  0  0  0 
1.119038e-003
9  10   3   6   5   2   0   0   0   0 
1.983822e-017
9  7  4  6  5  2  0  0  0  0 
1.995404e-017
9  3  0  0  0  0  0  0  0  0 
4.250646e-003
9  10   3   0   0   0   0   0   0   0 
2.043058e-017
9  7  4  6  3  0  0  0  0  0 
6.830090e-018
9  7  4  0  0  0  0  0  0  0 
1.084944e-003
9  3  6  4  0  0  0  0  0  0 
2.006239e-017
9  10   3   6   4   0   0   0   0   0 
1.005732e-017
9  3  6  5  0  0  0  0  0  0 
3.005504e-003
9  10   3   6   5   0   0   0   0   0 
2.035225e-017
9  7  4  6  5  0  0  0  0  0 
2.041712e-017
9  3  6  0  0  0  0  0  0  0 
6.927180e-004
9  10   3   6   0   0   0   0   0   0 
1.912796e-017
9  7  4  6  0  0  0  0  0  0 
1.928986e-017
9  7  0  0  0  0  0  0  0  0 
1.350518e-003
9  3  6  4  7  0  0  0  0  0 
6.811788e-018
9  10   3   6   4   7   0   0   0   0 
5.109251e-018
9   7   4   1  11   8   0   0   0   0 
1.353732e-003
9  3  6  5  2  8  0  0  0  0 
1.725805e-003
9  10   3   6   5   2   8   0   0   0 
2.048642e-017
9  10   0   0   0   0   0   0   0   0 
2.475120e-003
9   3  10   0   0   0   0   0   0   0 
2.048219e-017
9   7   4   1  11   0   0   0   0   0 
1.447902e-003
9   3   6   4   1  11   0   0   0   0 
2.004390e-017
9   3   6   5   1  11   0   0   0   0 
2.004594e-017
10   3   6   4   1   0   0   0   0   0 
1.380370e-003
10   9   7   4   1   0   0   0   0   0 
1.500840e-003
10   3   6   5   1   0   0   0   0   0 
1.378271e-003
10   3   6   5   2   0   0   0   0   0 
2.101419e-003
10   9   3   6   5   2   0   0   0   0 
2.036070e-017
10   3   0   0   0   0   0   0   0   0 
4.867784e-003
10   9   3   0   0   0   0   0   0   0 
2.042635e-017
10   3   6   4   0   0   0   0   0   0 
8.123811e-004
10   9   7   4   0   0   0   0   0   0 
8.388419e-004
10   3   9   7   4   0   0   0   0   0 
2.062471e-017
10   3   6   5   0   0   0   0   0   0 
4.313458e-003
10   9   3   6   5   0   0   0   0   0 
2.041963e-017
10   3   6   0   0   0   0   0   0   0 
1.613962e-003
10   9   3   6   0   0   0   0   0   0 
2.032955e-017
10   9   7   0   0   0   0   0   0   0 
1.284700e-002
10   3   9   7   0   0   0   0   0   0 
2.041361e-017
10   3   6   5   2   8   0   0   0   0 
8.758034e-003
10   9   3   6   5   2   8   0   0   0 
2.044088e-017
10   3   6   5   1  11   8   0   0   0 
2.048450e-017
10   9   0   0   0   0   0   0   0   0 
1.394743e-003
10   3   9   0   0   0   0   0   0   0 
2.027033e-017
10   3   6   4   1  11   0   0   0   0 
4.070422e-003
10   3   6   5   1  11   0   0   0   0 
3.946503e-003
10   9   7   4   1  11   0   0   0   0 
5.244398e-003
11   1   0   0   0   0   0   0   0   0 
2.606684e-002
11   8   2   5   1   0   0   0   0   0 
6.835000e-018
11   8   2   0   0   0   0   0   0   0 
5.823161e-003
11   1   5   2   0   0   0   0   0   0 
2.049076e-017
11   1   4   6   3   0   0   0   0   0 
2.965092e-003
11   1   5   6   3   0   0   0   0   0 
2.675083e-003
11   8   2   5   6   3   0   0   0   0 
2.052387e-017
11   1   4   0   0   0   0   0   0   0 
3.274224e-003
11   1   5   6   4   0   0   0   0   0 
1.024298e-017
11   1   5   0   0   0   0   0   0   0 
1.381594e-002
11   8   2   5   0   0   0   0   0   0 
2.049937e-017
11   1   4   6   5   0   0   0   0   0 
1.024786e-017
11   1   4   6   0   0   0   0   0   0 
2.720436e-003
11   1   5   6   0   0   0   0   0   0 
2.480798e-003
11   8   2   5   6   0   0   0   0   0 
2.052863e-017
11   1   4   7   0   0   0   0   0   0 
2.173117e-002
11   8   0   0   0   0   0   0   0   0 
2.869845e-002
11   1   5   2   8   0   0   0   0   0 
6.834925e-018
11   1   4   7   9   0   0   0   0   0 
9.285660e-004
11   1   4   6   3   9   0   0   0   0 
1.941320e-017
11   1   5   6   3   9   0   0   0   0 
1.945893e-017
11   1   4   7   9  10   0   0   0   0 
1.332662e-003
11   1   5   6   3  10   0   0   0   0 
1.197488e-003
11   1   4   6   3  10   0   0   0   0 
1.174106e-003
