2 1 0.202261 0.002462 * 2  5  1  0 
2 1 0.303143 0.002462 * 2   8  11   1 
3 1 0.303287 0.000682 * 3  6  4  1 
3 1 0.301648 0.000682 * 3  6  5  1 
4 1 0.101328 0.003310 * 4  1 
5 1 0.100282 0.006239 * 5  1 
6 1 0.202559 0.000572 * 6  4  1 
6 1 0.200920 0.000572 * 6  5  1 
7 1 0.202248 0.006447 * 7  4  1 
8 1 0.202176 0.004338 * 8  11   1 
9 1 0.403438 0.000496 * 9  3  6  4  1 
9 1 0.401800 0.000496 * 9  3  6  5  1 
9 1 0.302563 0.000248 * 9  7  4  1  0 
10 1 0.403625 0.000678 * 10   3   6   4   1   0 
10 1 0.401986 0.000678 * 10   3   6   5   1   0 
10 1 0.503644 0.001016 * 10   9   3   6   4   1 
10 1 0.502006 0.001016 * 10   9   3   6   5   1 
10 1 0.402769 0.000518 * 10   9   7   4   1   0 
11 1 0.101082 0.027564 * 11   1 
1 2 0.201286 0.002984 * 1  5  2  0 
1 2 0.302848 0.002984 * 1  11   8   2 
3 2 0.302210 0.006390 * 3  6  5  2 
4 2 0.302614 0.000634 * 4  1  5  2  0 
4 2 0.404176 0.000634 * 4   1  11   8   2 
4 2 0.301705 0.000317 * 4  6  5  2  0 
5 2 0.100844 0.012568 * 5  2 
6 2 0.201482 0.003609 * 6  5  2 
7 2 0.403534 0.002329 * 7  4  1  5  2  0 
7 2 0.505096 0.002329 * 7   4   1  11   8   2 
7 2 0.402625 0.001164 * 7  4  6  5  2  0 
7 2 0.502563 0.000886 * 7  9  3  6  5  2 
8 2 0.100326 0.001635 * 8  2 
9 2 0.402361 0.000956 * 9  3  6  5  2 
10 2 0.402548 0.001550 * 10   3   6   5   2   0 
10 2 0.502567 0.001550 * 10   9   3   6   5   2 
11 2 0.201109 0.006012 * 11   8   2 
1 3 0.301858 0.000912 * 1  4  6  3  0 
1 3 0.402530 0.000912 * 1  4  7  9  3 
1 3 0.303132 0.000714 * 1  5  6  3  0 
2 3 0.304668 0.016541 * 2  5  6  3 
4 3 0.201100 0.001029 * 4  6  3  0 
4 3 0.301773 0.001029 * 4  7  9  3 
5 3 0.202690 0.002654 * 5  6  3 
6 3 0.100877 0.007177 * 6  3 
7 3 0.200354 0.002677 * 7  9  3 
8 3 0.404994 0.000454 * 8  2  5  6  3  0  0 
8 3 0.504033 0.001361 * 8  11   1   4   6   3   0 
8 3 0.604706 0.001361 * 8  11   1   4   7   9   3 
8 3 0.505308 0.001361 * 8  11   1   5   6   3   0 
9 3 0.100152 0.006644 * 9  3 
10 3 0.200358 0.002516 * 10   9   3 
10 3 0.100338 0.002516 * 10   3   0 
11 3 0.402940 0.001857 * 11   1   4   6   3   0 
11 3 0.503613 0.001857 * 11   1   4   7   9   3 
11 3 0.404214 0.001453 * 11   1   5   6   3   0 
1 4 0.100757 0.001911 * 1  4 
2 4 0.303018 0.003330 * 2  5  1  4  0 
2 4 0.305022 0.003330 * 2  5  6  4  0 
2 4 0.403901 0.002269 * 2   8  11   1   4 
3 4 0.201959 0.000660 * 3  6  4  0 
3 4 0.301344 0.000660 * 3  9  7  4 
5 4 0.201040 0.001392 * 5  1  4 
5 4 0.203043 0.001392 * 5  6  4 
6 4 0.101231 0.000597 * 6  4 
7 4 0.100920 0.002565 * 7  4 
8 4 0.302933 0.003359 * 8  11   1   4 
9 4 0.201235 0.000659 * 9  7  4 
10 4 0.302297 0.000557 * 10   3   6   4   0 
10 4 0.401682 0.000557 * 10   3   9   7   4 
10 4 0.301441 0.000279 * 10   9   7   4   0 
11 4 0.201840 0.001749 * 11   1   4 
1 5 0.100442 0.005325 * 1  5 
2 5 0.101978 0.038061 * 2  5 
3 5 0.201366 0.004960 * 3  6  5 
4 5 0.201770 0.001456 * 4  1  5 
4 5 0.200861 0.001456 * 4  6  5 
6 5 0.100638 0.003213 * 6  5 
7 5 0.302690 0.002422 * 7  4  1  5  0 
7 5 0.301781 0.002422 * 7  4  6  5  0 
7 5 0.401719 0.001427 * 7  9  3  6  5 
8 5 0.202304 0.003976 * 8  2  5  0 
8 5 0.302618 0.003976 * 8  11   1   5 
9 5 0.301517 0.002930 * 9  3  6  5 
10 5 0.301704 0.002805 * 10   3   6   5   0 
10 5 0.401723 0.002805 * 10   9   3   6   5 
11 5 0.201525 0.015185 * 11   1   5 
1 6 0.200981 0.000973 * 1  4  6 
1 6 0.202255 0.000973 * 1  5  6 
2 6 0.203791 0.012766 * 2  5  6 
3 6 0.100728 0.002198 * 3  6 
4 6 0.100223 0.001435 * 4  6 
5 6 0.101813 0.005139 * 5  6 
7 6 0.201143 0.001184 * 7  4  6  0 
7 6 0.301082 0.001184 * 7  9  3  6 
8 6 0.304117 0.000792 * 8  2  5  6  0 
8 6 0.403156 0.001584 * 8  11   1   4   6 
8 6 0.404431 0.001584 * 8  11   1   5   6 
9 6 0.200880 0.000324 * 9  3  6 
10 6 0.201066 0.000939 * 10   3   6   0 
10 6 0.301086 0.000939 * 10   9   3   6 
11 6 0.302063 0.001764 * 11   1   4   6 
11 6 0.303337 0.001764 * 11   1   5   6 
1 7 0.202177 0.010880 * 1  4  7 
2 7 0.404437 0.014637 * 2  5  1  4  7  0 
2 7 0.505092 0.016310 * 2  5  6  3  9  7 
2 7 0.406441 0.016310 * 2  5  6  4  7  0 
2 7 0.505320 0.010737 * 2   8  11   1   4   7 
3 7 0.200424 0.003661 * 3  9  7 
4 7 0.101419 0.003115 * 4  7 
5 7 0.302459 0.004894 * 5  1  4  7  0 
5 7 0.403114 0.005453 * 5  6  3  9  7 
5 7 0.304462 0.005453 * 5  6  4  7  0 
6 7 0.301301 0.002258 * 6  3  9  7 
6 7 0.202650 0.002258 * 6  4  7  0 
8 7 0.404352 0.020341 * 8  11   1   4   7 
9 7 0.100315 0.003788 * 9  7 
10 7 0.300762 0.005766 * 10   3   9   7 
10 7 0.200521 0.005766 * 10   9   7   0 
11 7 0.303259 0.020567 * 11   1   4   7 
1 8 0.302254 0.005482 * 1  5  2  8 
1 8 0.202522 0.005482 * 1  11   8   0 
2 8 0.100968 0.026270 * 2  8 
3 8 0.403177 0.007100 * 3  6  5  2  8 
4 8 0.403582 0.004128 * 4  1  5  2  8 
4 8 0.303850 0.004128 * 4   1  11   8   0 
4 8 0.402672 0.003017 * 4  6  5  2  8 
5 8 0.201812 0.018623 * 5  2  8 
6 8 0.302449 0.006884 * 6  5  2  8 
7 8 0.504502 0.009588 * 7  4  1  5  2  8 
7 8 0.404770 0.009588 * 7   4   1  11   8   0 
7 8 0.503592 0.007006 * 7  4  6  5  2  8 
9 8 0.503329 0.000276 * 9  3  6  5  2  8  0 
9 8 0.604817 0.000829 * 9  7  4  1  5  2  8 
9 8 0.505085 0.000829 * 9   7   4   1  11   8   0 
9 8 0.603907 0.000829 * 9  7  4  6  5  2  8 
10 8 0.503515 0.000591 * 10   3   6   5   2   8   0   0 
10 8 0.603535 0.000830 * 10   9   3   6   5   2   8   0 
10 8 0.705023 0.002363 * 10   9   7   4   1   5   2   8 
10 8 0.605291 0.002363 * 10   9   7   4   1  11   8   0 
10 8 0.704113 0.002363 * 10   9   7   4   6   5   2   8 
11 8 0.100783 0.022118 * 11   8 
1 9 0.401967 0.000126 * 1  4  6  3  9 
1 9 0.302379 0.000126 * 1  4  7  9  0 
2 9 0.604228 0.000890 * 2  5  1  4  6  3  9 
2 9 0.504640 0.000890 * 2  5  1  4  7  9  0 
2 9 0.404777 0.000511 * 2  5  6  3  9  0  0 
3 9 0.100109 0.003547 * 3  9 
4 9 0.301209 0.000195 * 4  6  3  9 
4 9 0.201621 0.000195 * 4  7  9  0 
5 9 0.502249 0.000352 * 5  1  4  6  3  9 
5 9 0.402661 0.000352 * 5  1  4  7  9  0 
5 9 0.302799 0.000202 * 5  6  3  9  0  0 
6 9 0.200986 0.000277 * 6  3  9 
7 9 0.100202 0.002625 * 7  9 
8 9 0.704553 0.000176 * 8  2  5  1  4  6  3  9 
8 9 0.604966 0.000176 * 8  2  5  1  4  7  9  0 
8 9 0.505103 0.000176 * 8  2  5  6  3  9  0  0 
8 9 0.604142 0.000118 * 8  11   1   4   6   3   9   0 
8 9 0.504554 0.000118 * 8  11   1   4   7   9   0   0 
10 9 0.200447 0.000449 * 10   3   9 
10 9 0.100206 0.000449 * 10   9   0 
11 9 0.503049 0.000432 * 11   1   4   6   3   9 
11 9 0.403461 0.000432 * 11   1   4   7   9   0 
1 10 0.502107 0.000798 * 1   4   6   3   9  10 
1 10 0.402307 0.000798 * 1   4   6   3  10   0 
1 10 0.402519 0.000399 * 1   4   7   9  10   0 
1 10 0.503382 0.000746 * 1   5   6   3   9  10 
1 10 0.403581 0.000746 * 1   5   6   3  10   0 
2 10 0.504918 0.013842 * 2   5   6   3   9  10 
2 10 0.405117 0.013842 * 2   5   6   3  10   0 
3 10 0.200249 0.001034 * 3   9  10 
3 10 0.100449 0.001034 * 3  10   0 
4 10 0.401350 0.000218 * 4   6   3   9  10 
4 10 0.301549 0.000218 * 4   6   3  10   0 
4 10 0.301762 0.000109 * 4   7   9  10   0 
5 10 0.402939 0.001081 * 5   6   3   9  10 
5 10 0.303139 0.001081 * 5   6   3  10   0 
6 10 0.301127 0.000689 * 6   3   9  10 
6 10 0.201326 0.000689 * 6   3  10   0 
7 10 0.200343 0.008180 * 7   9  10 
8 10 0.605244 0.000646 * 8   2   5   6   3   9  10   0 
8 10 0.505443 0.000646 * 8   2   5   6   3  10   0   0 
8 10 0.704283 0.001561 * 8  11   1   4   6   3   9  10 
8 10 0.604482 0.001561 * 8  11   1   4   6   3  10   0 
8 10 0.604695 0.000781 * 8  11   1   4   7   9  10   0 
8 10 0.705557 0.001460 * 8  11   1   5   6   3   9  10 
8 10 0.605757 0.001460 * 8  11   1   5   6   3  10   0 
9 10 0.100140 0.001179 * 9  10 
11 10 0.603190 0.000872 * 11   1   4   6   3   9  10 
11 10 0.503389 0.000872 * 11   1   4   6   3  10   0 
11 10 0.503602 0.000436 * 11   1   4   7   9  10   0 
11 10 0.604464 0.000815 * 11   1   5   6   3   9  10 
11 10 0.504663 0.000815 * 11   1   5   6   3  10   0 
1 11 0.101738 0.040143 * 1  11 
2 11 0.303999 0.013370 * 2   5   1  11 
2 11 0.202061 0.013370 * 2   8  11   0 
3 11 0.405025 0.007220 * 3   6   4   1  11 
3 11 0.403386 0.007220 * 3   6   5   1  11 
4 11 0.203067 0.005351 * 4   1  11 
5 11 0.202021 0.014950 * 5   1  11 
6 11 0.304297 0.002323 * 6   4   1  11 
6 11 0.302659 0.002323 * 6   5   1  11 
7 11 0.303987 0.028243 * 7   4   1  11 
8 11 0.101093 0.052763 * 8  11 
9 11 0.505177 0.000499 * 9   3   6   4   1  11 
9 11 0.503538 0.000499 * 9   3   6   5   1  11 
9 11 0.404302 0.000250 * 9   7   4   1  11   0 
10 11 0.505363 0.002496 * 10   3   6   4   1  11   0 
10 11 0.503725 0.002496 * 10   3   6   5   1  11   0 
10 11 0.605383 0.002918 * 10   9   3   6   4   1  11 
10 11 0.603744 0.002918 * 10   9   3   6   5   1  11 
10 11 0.504508 0.001459 * 10   9   7   4   1  11   0 
