2  5  1  0 
0.002476
2   8  11   1 
0.002476
3  6  4  1 
0.000505
3  6  5  1 
0.000505
4  1 
0.000831
5  1 
0.005449
6  4  1 
0.000446
6  5  1 
0.000446
7  4  1 
0.006762
8  11   1 
0.005745
9  3  6  4  1 
0.000412
9  3  6  5  1 
0.000412
9  7  4  1  0 
0.000206
10   3   6   4   1   0 
0.000488
10   3   6   5   1   0 
0.000488
10   9   3   6   4   1 
0.000732
10   9   3   6   5   1 
0.000732
10   9   7   4   1   0 
0.000392
11   1 
0.030801
1  5  2  0 
0.001885
1  11   8   2 
0.001885
3  6  5  2 
0.003336
4  1  5  2  0 
0.003561
4   1  11   8   2 
0.003561
4  6  5  2  0 
0.003346
5  2 
0.007290
6  5  2 
0.002923
7  4  1  5  2  0 
0.027431
7   4   1  11   8   2 
0.027431
7  4  6  5  2  0 
0.025775
7  9  3  6  5  2 
0.022708
8  2 
0.001545
9  3  6  5  2 
0.000761
10   3   6   5   2   0 
0.001337
10   9   3   6   5   2 
0.001337
11   8   2 
0.004180
1  4  6  3  0 
0.000892
1  4  7  9  3 
0.000892
1  5  6  3  0 
0.000603
2  5  6  3 
0.014686
4  6  3  0 
0.001134
4  7  9  3 
0.001134
5  6  3 
0.003856
6  3 
0.001142
7  9  3 
0.001291
8  2  5  6  3  0  0 
0.000344
8  11   1   4   6   3   0 
0.001033
8  11   1   4   7   9   3 
0.001033
8  11   1   5   6   3   0 
0.000965
9  3 
0.003323
10   9   3 
0.001387
10   3   0 
0.001387
11   1   4   6   3   0 
0.000814
11   1   4   7   9   3 
0.000814
11   1   5   6   3   0 
0.000550
1  4 
0.001017
2  5  1  4  0 
0.004110
2  5  6  4  0 
0.004110
2   8  11   1   4 
0.002793
3  6  4 
0.000982
5  1  4 
0.001731
5  6  4 
0.001731
6  4 
0.000600
7  4 
0.030243
8  11   1   4 
0.002463
9  3  6  4 
0.000138
9  7  4  0 
0.000138
10   3   6   4   0 
0.000266
10   9   3   6   4 
0.000375
10   9   7   4   0 
0.000375
11   1   4 
0.001593
1  5 
0.006062
2  5 
0.041837
3  6  5 
0.002507
4  1  5 
0.000985
4  6  5 
0.000985
6  5 
0.005643
7  4  1  5  0 
0.001905
7  4  6  5  0 
0.001905
7  9  3  6  5 
0.001198
8  2  5 
0.008811
9  3  6  5 
0.002280
10   3   6   5   0 
0.001297
10   9   3   6   5 
0.001297
11   1   5   0 
0.004602
11   8   2   5 
0.004602
1  4  6 
0.001908
1  5  6 
0.001908
2  5  6 
0.012937
3  6 
0.000830
4  6 
0.002321
5  6 
0.004491
7  4  6  0 
0.000817
7  9  3  6 
0.000817
8  2  5  6  0 
0.000653
8  11   1   4   6 
0.001307
8  11   1   5   6 
0.001307
9  3  6 
0.000169
10   3   6   0 
0.000788
10   9   3   6 
0.000788
11   1   4   6 
0.002563
11   1   5   6 
0.002563
1  4  7 
0.006615
2  5  1  4  7  0 
0.014063
2  5  6  3  9  7 
0.015264
2  5  6  4  7  0 
0.015264
2   8  11   1   4   7 
0.011168
3  9  7 
0.001439
4  7 
0.004295
5  1  4  7  0 
0.003419
5  6  3  9  7 
0.003711
5  6  4  7  0 
0.003711
6  3  9  7 
0.001499
6  4  7  0 
0.001499
8  11   1   4   7 
0.018382
9  7 
0.002890
10   3   9   7 
0.004455
10   9   7   0 
0.004455
11   1   4   7 
0.019716
1  11   8 
0.014248
2  8 
0.023802
3   6   5   1  11   8 
0.002244
3  6  5  2  8  0 
0.002244
4   1  11   8   0   0 
0.002538
4   6   5   1  11   8 
0.005076
4  6  5  2  8  0 
0.005076
5   1  11   8 
0.008670
5  2  8  0 
0.008670
6   5   1  11   8 
0.003328
6  5  2  8  0 
0.003328
7   4   1  11   8   0   0 
0.004106
7   4   6   5   1  11   8 
0.008212
7  4  6  5  2  8  0 
0.008212
9   3   6   5   1  11   8   0 
0.000381
9  3  6  5  2  8  0  0 
0.000381
9   7   4   1  11   8   0   0 
0.000572
9   7   4   6   5   1  11   8 
0.000572
9  7  4  6  5  2  8  0 
0.000572
10   3   6   5   1  11   8   0   0 
0.000861
10   3   6   5   2   8   0   0   0 
0.000861
10   9   3   6   5   1  11   8   0 
0.001179
10   9   3   6   5   2   8   0   0 
0.001179
10   9   7   4   1  11   8   0   0 
0.001768
10   9   7   4   6   5   1  11   8 
0.001768
10   9   7   4   6   5   2   8   0 
0.001768
11   8 
0.015829
1  4  6  3  9 
0.000100
1  4  7  9  0 
0.000100
2  5  1  4  6  3  9 
0.000956
2  5  1  4  7  9  0 
0.000956
2  5  6  3  9  0  0 
0.000649
3  9 
0.003649
4  6  3  9 
0.000156
4  7  9  0 
0.000156
5  1  4  6  3  9 
0.000371
5  1  4  7  9  0 
0.000371
5  6  3  9  0  0 
0.000252
6  3  9 
0.000116
7  9 
0.002792
8  2  5  1  4  6  3  9 
0.000221
8  2  5  1  4  7  9  0 
0.000221
8  2  5  6  3  9  0  0 
0.000221
8  11   1   4   6   3   9   0 
0.000148
8  11   1   4   7   9   0   0 
0.000148
10   3   9 
0.000478
10   9   0 
0.000478
11   1   4   6   3   9 
0.000204
11   1   4   7   9   0 
0.000204
1   4   6   3   9  10 
0.001410
1   4   6   3  10   0 
0.001410
1   4   7   9  10   0 
0.000705
1   5   6   3   9  10 
0.001272
1   5   6   3  10   0 
0.001272
2   5   6   3   9  10 
0.015628
2   5   6   3  10   0 
0.015628
3   9  10 
0.000489
3  10   0 
0.000489
4   6   3   9  10 
0.000336
4   6   3  10   0 
0.000336
4   7   9  10   0 
0.000168
5   6   3   9  10 
0.000670
5   6   3  10   0 
0.000670
6   3   9  10 
0.000629
6   3  10   0 
0.000629
7   9  10 
0.007180
8   2   5   6   3   9  10   0 
0.000471
8   2   5   6   3  10   0   0 
0.000471
8  11   1   4   6   3   9  10 
0.001178
8  11   1   4   6   3  10   0 
0.001178
8  11   1   4   7   9  10   0 
0.000734
8  11   1   5   6   3   9  10 
0.001178
8  11   1   5   6   3  10   0 
0.001178
9  10 
0.000651
11   1   4   6   3   9  10 
0.000507
11   1   4   6   3  10   0 
0.000507
11   1   4   7   9  10   0 
0.000254
11   1   5   6   3   9  10 
0.000457
11   1   5   6   3  10   0 
0.000457
1  11 
0.051100
2   8  11 
0.016707
3   6   4   1  11   0 
0.001929
3   6   5   1  11   0 
0.003859
3   6   5   2   8  11 
0.003859
4   1  11 
0.010047
5   1  11   0 
0.011233
5   2   8  11 
0.011233
6   4   1  11   0 
0.001015
6   5   1  11   0 
0.002030
6   5   2   8  11 
0.002030
7   4   1  11 
0.022030
8  11 
0.041282
9   3   6   4   1  11   0 
0.000489
9   3   6   5   1  11   0 
0.000489
9   3   6   5   2   8  11 
0.000489
9   7   4   1  11   0   0 
0.000163
10   3   6   4   1  11   0   0 
0.001665
10   3   6   5   1  11   0   0 
0.001665
10   3   6   5   2   8  11   0 
0.001665
10   9   3   6   4   1  11   0 
0.002065
10   9   3   6   5   1  11   0 
0.002065
10   9   3   6   5   2   8  11 
0.002065
10   9   7   4   1  11   0   0 
0.000688
