2 1 2 0.005043 * 2  5  1 
3 1 3 0.000973 * 3  6  4  1 
3 1 3 0.000973 * 3  6  5  1 
4 1 1 0.000777 * 4  1 
5 1 1 0.006745 * 5  1 
6 1 2 0.000464 * 6  4  1 
6 1 2 0.000464 * 6  5  1 
7 1 2 0.005808 * 7  4  1 
8 1 2 0.005261 * 8  11   1 
9 1 3 0.000975 * 9  7  4  1 
10 1 4 0.001265 * 10   3   6   4   1 
10 1 4 0.001265 * 10   3   6   5   1 
10 1 4 0.001265 * 10   9   7   4   1 
11 1 1 0.031681 * 11   1 
1 2 2 0.005129 * 1  5  2 
3 2 3 0.004400 * 3  6  5  2 
4 2 3 0.001050 * 4  1  5  2 
4 2 3 0.001050 * 4  6  5  2 
5 2 1 0.007596 * 5  2 
6 2 2 0.002570 * 6  5  2 
7 2 4 0.004903 * 7  4  1  5  2 
7 2 4 0.004903 * 7  4  6  5  2 
8 2 1 0.001962 * 8  2 
9 2 4 0.000921 * 9  3  6  5  2 
10 2 4 0.003452 * 10   3   6   5   2 
11 2 2 0.002605 * 11   8   2 
1 3 3 0.000795 * 1  4  6  3 
1 3 3 0.000795 * 1  5  6  3 
2 3 3 0.016863 * 2  5  6  3 
4 3 2 0.001967 * 4  6  3 
5 3 2 0.002538 * 5  6  3 
6 3 1 0.001686 * 6  3 
7 3 2 0.001707 * 7  9  3 
8 3 4 0.003226 * 8  2  5  6  3 
9 3 1 0.002296 * 9  3 
10 3 1 0.002880 * 10   3 
11 3 4 0.001215 * 11   1   4   6   3 
11 3 4 0.001215 * 11   1   5   6   3 
1 4 1 0.002347 * 1  4 
2 4 3 0.005294 * 2  5  1  4 
2 4 3 0.005294 * 2  5  6  4 
3 4 2 0.000438 * 3  6  4 
5 4 2 0.001179 * 5  1  4 
5 4 2 0.001179 * 5  6  4 
6 4 1 0.003608 * 6  4 
7 4 1 0.006949 * 7  4 
8 4 3 0.002381 * 8  11   1   4 
9 4 2 0.000367 * 9  7  4 
10 4 3 0.000900 * 10   3   6   4 
10 4 3 0.000900 * 10   9   7   4 
11 4 2 0.001305 * 11   1   4 
1 5 1 0.005600 * 1  5 
2 5 1 0.038682 * 2  5 
3 5 2 0.002954 * 3  6  5 
4 5 2 0.001037 * 4  1  5 
4 5 2 0.001037 * 4  6  5 
6 5 1 0.004796 * 6  5 
7 5 3 0.004083 * 7  4  1  5 
7 5 3 0.004083 * 7  4  6  5 
8 5 2 0.008344 * 8  2  5 
9 5 3 0.001722 * 9  3  6  5 
10 5 3 0.003138 * 10   3   6   5 
11 5 2 0.011219 * 11   1   5 
1 6 2 0.000706 * 1  4  6 
1 6 2 0.000706 * 1  5  6 
2 6 2 0.013670 * 2  5  6 
3 6 1 0.001433 * 3  6 
4 6 1 0.001493 * 4  6 
5 6 1 0.004663 * 5  6 
7 6 2 0.002342 * 7  4  6 
8 6 3 0.004217 * 8  2  5  6 
9 6 2 0.000355 * 9  3  6 
10 6 2 0.002017 * 10   3   6 
11 6 3 0.001692 * 11   1   4   6 
11 6 3 0.001692 * 11   1   5   6 
1 7 2 0.004495 * 1  4  7 
2 7 4 0.026768 * 2  5  1  4  7 
2 7 4 0.026768 * 2  5  6  4  7 
3 7 2 0.003723 * 3  9  7 
4 7 1 0.003274 * 4  7 
5 7 3 0.005474 * 5  1  4  7 
5 7 3 0.005474 * 5  6  4  7 
6 7 2 0.003104 * 6  4  7 
8 7 4 0.018732 * 8  11   1   4   7 
9 7 1 0.002376 * 9  7 
10 7 2 0.009262 * 10   9   7 
11 7 3 0.018668 * 11   1   4   7 
1 8 2 0.015721 * 1  11   8 
2 8 1 0.025170 * 2  8 
3 8 4 0.006005 * 3  6  5  2  8 
4 8 3 0.011278 * 4   1  11   8 
5 8 2 0.021147 * 5  2  8 
6 8 3 0.006250 * 6  5  2  8 
7 8 4 0.022198 * 7   4   1  11   8 
9 8 5 0.000977 * 9  3  6  5  2  8 
9 8 5 0.000977 * 9   7   4   1  11   8 
10 8 5 0.010489 * 10   3   6   5   2   8 
11 8 1 0.018539 * 11   8 
1 9 3 0.000321 * 1  4  7  9 
2 9 4 0.002560 * 2  5  6  3  9 
3 9 1 0.001920 * 3  9 
4 9 2 0.000319 * 4  7  9 
5 9 3 0.000816 * 5  6  3  9 
6 9 2 0.000226 * 6  3  9 
7 9 1 0.002376 * 7  9 
8 9 5 0.000347 * 8  2  5  6  3  9 
8 9 5 0.000347 * 8  11   1   4   7   9 
10 9 1 0.001195 * 10   9 
11 9 4 0.000440 * 11   1   4   7   9 
1 10 4 0.001564 * 1   4   6   3  10 
1 10 4 0.001564 * 1   4   7   9  10 
1 10 4 0.002674 * 1   5   6   3  10 
2 10 4 0.027565 * 2   5   6   3  10 
3 10 1 0.001634 * 3  10 
4 10 3 0.000347 * 4   6   3  10 
4 10 3 0.000347 * 4   7   9  10 
5 10 3 0.001992 * 5   6   3  10 
6 10 2 0.000990 * 6   3  10 
7 10 2 0.009672 * 7   9  10 
8 10 5 0.006945 * 8   2   5   6   3  10 
9 10 1 0.000789 * 9  10 
11 10 5 0.000790 * 11   1   4   6   3  10 
11 10 5 0.000790 * 11   1   4   7   9  10 
11 10 5 0.000790 * 11   1   5   6   3  10 
1 11 1 0.038299 * 1  11 
2 11 2 0.022771 * 2   8  11 
3 11 4 0.007160 * 3   6   4   1  11 
3 11 4 0.007160 * 3   6   5   1  11 
4 11 2 0.008745 * 4   1  11 
5 11 2 0.018315 * 5   1  11 
6 11 3 0.001857 * 6   4   1  11 
6 11 3 0.001857 * 6   5   1  11 
7 11 3 0.021781 * 7   4   1  11 
8 11 1 0.045298 * 8  11 
9 11 4 0.001922 * 9   7   4   1  11 
10 11 5 0.004354 * 10   3   6   4   1  11 
10 11 5 0.004354 * 10   3   6   5   1  11 
10 11 5 0.004354 * 10   9   7   4   1  11 
