2  5  1 
0.004618
3  6  4  1 
0.000741
3  6  5  1 
0.000741
4  1 
0.001367
5  1 
0.006371
6  4  1 
0.000683
6  5  1 
0.000683
7  4  1 
0.006616
8  11   1 
0.005015
9  7  4  1 
0.001224
10   3   6   4   1 
0.001261
10   3   6   5   1 
0.001261
10   9   7   4   1 
0.001261
11   1 
0.027847
1  5  2 
0.004521
3  6  5  2 
0.006403
4  1  5  2 
0.001681
4  6  5  2 
0.001681
5  2 
0.011599
6  5  2 
0.003458
7  4  1  5  2 
0.002716
7  4  6  5  2 
0.002716
8  2 
0.001693
9  3  6  5  2 
0.000572
10   3   6   5   2 
0.002615
11   8   2 
0.005293
1  4  6  3 
0.001238
1  5  6  3 
0.001238
2  5  6  3 
0.016647
4  6  3 
0.001774
5  6  3 
0.002127
6  3 
0.006429
7  9  3 
0.002682
8  2  5  6  3 
0.004751
9  3 
0.004856
10   3 
0.009670
11   1   4   6   3 
0.002260
11   1   5   6   3 
0.002260
1  4 
0.001745
2  5  1  4 
0.003814
2  5  6  4 
0.003814
3  6  4 
0.001180
5  1  4 
0.001407
5  6  4 
0.001407
6  4 
0.000651
7  4 
0.005928
8  11   1   4 
0.001986
9  7  4 
0.000731
10   3   6   4 
0.000743
10   9   7   4 
0.000743
11   1   4 
0.001736
1  5 
0.005584
2  5 
0.034714
3  6  5 
0.003749
4  1  5 
0.001682
4  6  5 
0.001682
6  5 
0.003177
7  4  1  5 
0.003103
7  4  6  5 
0.003103
8  2  5 
0.008212
9  3  6  5 
0.002387
10   3   6   5 
0.005408
11   1   5 
0.014373
1  4  6 
0.001084
1  5  6 
0.001084
2  5  6 
0.013082
3  6 
0.001889
4  6 
0.001136
5  6 
0.004833
7  4  6 
0.002442
8  2  5  6 
0.003738
9  3  6 
0.000290
10   3   6 
0.001562
11   1   4   6 
0.001532
11   1   5   6 
0.001532
1  4  7 
0.005956
2  5  1  4  7 
0.026955
2  5  6  4  7 
0.026955
3  9  7 
0.002895
4  7 
0.003948
5  1  4  7 
0.007728
5  6  4  7 
0.007728
6  4  7 
0.005020
8  11   1   4   7 
0.020133
9  7 
0.004112
10   9   7 
0.011861
11   1   4   7 
0.021778
1  11   8 
0.010452
2  8 
0.024435
3  6  5  2  8 
0.007200
4   1  11   8 
0.010995
5  2  8 
0.016400
6  5  2  8 
0.006668
7   4   1  11   8 
0.024588
9  3  6  5  2  8 
0.001818
9   7   4   1  11   8 
0.001818
10   3   6   5   2   8 
0.008951
11   8 
0.022358
1  4  7  9 
0.000218
2  5  6  3  9 
0.002429
3  9 
0.006651
4  7  9 
0.000359
5  6  3  9 
0.000847
6  3  9 
0.000245
7  9 
0.002917
8  2  5  6  3  9 
0.000379
8  11   1   4   7   9 
0.000379
10   9 
0.001015
11   1   4   7   9 
0.000918
1   4   6   3  10 
0.000810
1   4   7   9  10 
0.000810
1   5   6   3  10 
0.001372
2   5   6   3  10 
0.027299
3  10 
0.001699
4   6   3  10 
0.000297
4   7   9  10 
0.000297
5   6   3  10 
0.001738
6   3  10 
0.001153
7   9  10 
0.008627
8   2   5   6   3  10 
0.007156
9  10 
0.000823
11   1   4   6   3  10 
0.000961
11   1   4   7   9  10 
0.000961
11   1   5   6   3  10 
0.001627
1  11 
0.037739
2   8  11 
0.028846
3   6   4   1  11 
0.006235
3   6   5   1  11 
0.006235
4   1  11 
0.006568
5   1  11 
0.014706
6   4   1  11 
0.002587
6   5   1  11 
0.002587
7   4   1  11 
0.024545
8  11 
0.050339
9   7   4   1  11 
0.001279
10   3   6   4   1  11 
0.004222
10   3   6   5   1  11 
0.004222
10   9   7   4   1  11 
0.004222
