2  5  1 
0.005999
3  6  4  1 
0.001365
3  6  5  1 
0.001365
4  1 
0.001230
5  1 
0.006462
6  4  1 
0.000679
6  5  1 
0.000679
7  4  1 
0.006708
8  2  5  1 
0.002645
8  11   1   0 
0.002645
9  3  6  4  1 
0.000736
9  3  6  5  1 
0.000736
9  7  4  1  0 
0.000368
10   3   6   4   1   0 
0.000644
10   3   6   5   1   0 
0.000644
10   9   3   6   4   1 
0.000967
10   9   3   6   5   1 
0.000967
10   9   7   4   1   0 
0.000582
11   1 
0.026059
1  5  2  0 
0.002300
1  11   8   2 
0.002300
3  6  5  2 
0.006228
4  1  5  2  0 
0.000718
4   1  11   8   2 
0.000718
4  6  5  2  0 
0.000359
5  2 
0.009412
6  5  2 
0.003709
7  4  1  5  2  0 
0.001922
7   4   1  11   8   2 
0.001922
7  4  6  5  2  0 
0.000961
7  9  3  6  5  2 
0.000669
8  2 
0.002290
9  3  6  5  2 
0.001339
10   3   6   5   2   0 
0.001442
10   9   3   6   5   2 
0.001442
11   8   2 
0.002237
1  4  6  3  0 
0.000931
1  4  7  9  3 
0.000931
1  5  6  3  0 
0.000704
2  5  6  3 
0.018210
4  6  3  0 
0.001117
4  7  9  3 
0.001117
5  6  3 
0.002677
6  3 
0.005739
7  9  3 
0.008309
8  2  5  6  3  0  0 
0.000335
8  11   1   4   6   3   0 
0.001006
8  11   1   4   7   9   3 
0.001006
8  11   1   5   6   3   0 
0.001006
9  3 
0.005668
10   9   3 
0.005054
10   3   0 
0.005054
11   1   4   6   3   0 
0.001939
11   1   4   7   9   3 
0.001939
11   1   5   6   3   0 
0.001468
1  4 
0.002221
2  5  1  4 
0.004349
2  5  6  4 
0.004349
3  6  4  0 
0.000460
3  9  7  4 
0.000460
5  1  4 
0.001365
5  6  4 
0.001365
6  4 
0.000842
7  4 
0.032325
8  2  5  1  4 
0.000728
8  2  5  6  4 
0.000728
8  11   1   4   0 
0.000364
9  7  4 
0.000924
10   3   6   4   0 
0.000839
10   3   9   7   4 
0.000839
10   9   7   4   0 
0.000515
11   1   4 
0.002261
1  5 
0.002835
2  5 
0.034807
3  6  5 
0.004054
4  1  5 
0.001388
4  6  5 
0.001388
6  5 
0.008581
7  4  1  5  0 
0.002286
7  4  6  5  0 
0.002286
7  9  3  6  5 
0.001342
8  2  5  0 
0.003777
8  11   1   5 
0.003777
9  3  6  5 
0.002799
10   3   6   5   0 
0.001576
10   9   3   6   5 
0.001576
11   1   5 
0.011629
1  4  6 
0.000662
1  5  6 
0.000662
2  5  6 
0.013967
3  6 
0.003255
4  6 
0.001295
5  6 
0.004123
7  4  6  0 
0.001449
7  9  3  6 
0.001449
8  2  5  6  0 
0.000754
8  11   1   4   6 
0.001507
8  11   1   5   6 
0.001507
9  3  6 
0.000381
10   3   6   0 
0.000912
10   9   3   6 
0.000912
11   1   4   6 
0.002324
11   1   5   6 
0.002324
1  4  7 
0.003939
2  5  1  4  7  0 
0.014581
2  5  6  3  9  7 
0.015888
2  5  6  4  7  0 
0.015888
3  9  7 
0.004141
4  7 
0.003197
5  1  4  7  0 
0.004673
5  6  3  9  7 
0.005092
5  6  4  7  0 
0.005092
6  3  9  7 
0.002306
6  4  7  0 
0.002306
8  2  5  1  4  7  0 
0.006385
8  2  5  6  3  9  7 
0.006385
8  2  5  6  4  7  0 
0.006385
8  11   1   4   7   0   0 
0.002128
9  7 
0.001894
10   3   9   7 
0.006095
10   9   7   0 
0.006095
11   1   4   7 
0.021383
1  5  2  8 
0.005459
1  11   8   0 
0.005459
2  8 
0.024238
3  6  5  2  8 
0.008929
4  1  5  2  8 
0.004713
4   1  11   8   0 
0.004713
4  6  5  2  8 
0.003508
5  2  8 
0.017651
6  5  2  8 
0.009497
7  4  1  5  2  8 
0.009765
7   4   1  11   8   0 
0.009765
7  4  6  5  2  8 
0.007267
9  3  6  5  2  8  0 
0.000300
9  7  4  1  5  2  8 
0.000901
9   7   4   1  11   8   0 
0.000901
9  7  4  6  5  2  8 
0.000901
10   3   6   5   2   8   0   0 
0.000656
10   9   3   6   5   2   8   0 
0.000917
10   9   7   4   1   5   2   8 
0.002624
10   9   7   4   1  11   8   0 
0.002624
10   9   7   4   6   5   2   8 
0.002624
11   8 
0.025048
1  4  6  3  9 
0.000180
1  4  7  9  0 
0.000180
2  5  1  4  6  3  9 
0.000969
2  5  1  4  7  9  0 
0.000969
2  5  6  3  9  0  0 
0.000520
3  9 
0.004841
4  6  3  9 
0.000243
4  7  9  0 
0.000243
5  1  4  6  3  9 
0.000421
5  1  4  7  9  0 
0.000421
5  6  3  9  0  0 
0.000226
6  3  9 
0.000141
7  9 
0.003879
8  2  5  1  4  6  3  9 
0.000212
8  2  5  1  4  7  9  0 
0.000212
8  2  5  6  3  9  0  0 
0.000212
8  11   1   4   6   3   9   0 
0.000141
8  11   1   4   7   9   0   0 
0.000141
10   3   9 
0.001041
10   9   0 
0.001041
11   1   4   6   3   9 
0.000568
11   1   4   7   9   0 
0.000568
1   4   6   3   9  10 
0.001286
1   4   6   3  10   0 
0.001286
1   4   7   9  10   0 
0.000643
1   5   6   3   9  10 
0.001167
1   5   6   3  10   0 
0.001167
2   5   6   3   9  10 
0.011416
2   5   6   3  10   0 
0.011416
3   9  10 
0.001182
3  10   0 
0.001182
4   6   3   9  10 
0.000330
4   6   3  10   0 
0.000330
4   7   9  10   0 
0.000165
5   6   3   9  10 
0.001112
5   6   3  10   0 
0.001112
6   3   9  10 
0.000486
6   3  10   0 
0.000486
7   9  10 
0.008044
8   2   5   6   3   9  10   0 
0.000439
8   2   5   6   3  10   0   0 
0.000439
8  11   1   4   6   3   9  10 
0.001098
8  11   1   4   6   3  10   0 
0.001098
8  11   1   4   7   9  10   0 
0.000759
8  11   1   5   6   3   9  10 
0.001098
8  11   1   5   6   3  10   0 
0.001098
9  10 
0.001602
11   1   4   6   3   9  10 
0.000849
11   1   4   6   3  10   0 
0.000849
11   1   4   7   9  10   0 
0.000424
11   1   5   6   3   9  10 
0.000771
11   1   5   6   3  10   0 
0.000771
1  11 
0.034585
2   8  11 
0.026020
3   6   4   1  11   0 
0.003310
3   6   5   1  11   0 
0.005721
3   6   5   2   8  11 
0.005721
4   1  11 
0.009081
5   1  11   0 
0.008251
5   2   8  11 
0.008251
6   4   1  11   0 
0.001673
6   5   1  11   0 
0.002892
6   5   2   8  11 
0.002892
7   4   1  11 
0.024252
8  11 
0.049963
9   3   6   4   1  11   0 
0.000406
9   3   6   5   1  11   0 
0.000406
9   3   6   5   2   8  11 
0.000406
9   7   4   1  11   0   0 
0.000135
10   3   6   4   1  11   0   0 
0.001803
10   3   6   5   1  11   0   0 
0.001803
10   3   6   5   2   8  11   0 
0.001803
10   9   3   6   4   1  11   0 
0.002143
10   9   3   6   5   1  11   0 
0.002143
10   9   3   6   5   2   8  11 
0.002143
10   9   7   4   1  11   0   0 
0.000714
