2 1 0.202243 0.002008 * 2  5  1  0 
2 1 0.303124 0.002008 * 2   8  11   1 
3 1 0.303188 0.000496 * 3  6  4  1 
3 1 0.301577 0.000496 * 3  6  5  1 
4 1 0.101304 0.005964 * 4  1 
5 1 0.100276 0.005125 * 5  1 
6 1 0.202516 0.000678 * 6  4  1 
6 1 0.200906 0.000678 * 6  5  1 
7 1 0.202219 0.005644 * 7  4  1 
8 1 0.202155 0.005053 * 8  11   1 
9 1 0.403330 0.000521 * 9  3  6  4  1 
9 1 0.401719 0.000521 * 9  3  6  5  1 
9 1 0.302510 0.000260 * 9  7  4  1  0 
10 1 0.403522 0.000744 * 10   3   6   4   1   0 
10 1 0.401911 0.000744 * 10   3   6   5   1   0 
10 1 0.503528 0.001115 * 10   9   3   6   4   1 
10 1 0.501917 0.001115 * 10   9   3   6   5   1 
10 1 0.402708 0.000560 * 10   9   7   4   1   0 
11 1 0.101128 0.030446 * 11   1 
1 2 0.201171 0.001810 * 1  5  2  0 
1 2 0.302982 0.001810 * 1  11   8   2 
3 2 0.302072 0.004622 * 3  6  5  2 
4 2 0.302476 0.000670 * 4  1  5  2  0 
4 2 0.404287 0.000670 * 4   1  11   8   2 
4 2 0.301635 0.000359 * 4  6  5  2  0 
5 2 0.100771 0.009286 * 5  2 
6 2 0.201401 0.002959 * 6  5  2 
7 2 0.403390 0.002084 * 7  4  1  5  2  0 
7 2 0.505202 0.002084 * 7   4   1  11   8   2 
7 2 0.402550 0.001117 * 7  4  6  5  2  0 
7 2 0.502452 0.000814 * 7  9  3  6  5  2 
8 2 0.100361 0.005387 * 8  2 
9 2 0.402214 0.001133 * 9  3  6  5  2 
10 2 0.402406 0.001568 * 10   3   6   5   2   0 
10 2 0.502412 0.001568 * 10   9   3   6   5   2 
11 2 0.201138 0.003470 * 11   8   2 
1 3 0.301763 0.000533 * 1  4  6  3  0 
1 3 0.402516 0.000533 * 1  4  7  9  3 
1 3 0.302968 0.000446 * 1  5  6  3  0 
2 3 0.304534 0.015365 * 2  5  6  3 
4 3 0.201019 0.000592 * 4  6  3  0 
4 3 0.301772 0.000592 * 4  7  9  3 
5 3 0.202567 0.002204 * 5  6  3 
6 3 0.100785 0.003483 * 6  3 
7 3 0.200380 0.003394 * 7  9  3 
8 3 0.404895 0.000502 * 8  2  5  6  3  0  0 
8 3 0.503918 0.001506 * 8  11   1   4   6   3   0 
8 3 0.604671 0.001506 * 8  11   1   4   7   9   3 
8 3 0.505123 0.001274 * 8  11   1   5   6   3   0 
9 3 0.100142 0.004909 * 9  3 
10 3 0.200340 0.002095 * 10   9   3 
10 3 0.100334 0.002095 * 10   3   0 
11 3 0.402891 0.001412 * 11   1   4   6   3   0 
11 3 0.503644 0.001412 * 11   1   4   7   9   3 
11 3 0.404095 0.001182 * 11   1   5   6   3   0 
1 4 0.100744 0.002360 * 1  4 
2 4 0.302987 0.003970 * 2  5  1  4  0 
2 4 0.304962 0.003970 * 2  5  6  4  0 
2 4 0.403868 0.003004 * 2   8  11   1   4 
3 4 0.201883 0.000274 * 3  6  4  0 
3 4 0.301310 0.000274 * 3  9  7  4 
5 4 0.201020 0.001173 * 5  1  4 
5 4 0.202994 0.001173 * 5  6  4 
6 4 0.101212 0.000869 * 6  4 
7 4 0.100915 0.005127 * 7  4 
8 4 0.302899 0.002739 * 8  11   1   4 
9 4 0.201205 0.000238 * 9  7  4 
10 4 0.302217 0.001043 * 10   3   6   4   0 
10 4 0.401644 0.001043 * 10   3   9   7   4 
10 4 0.301403 0.000813 * 10   9   7   4   0 
11 4 0.201872 0.001458 * 11   1   4 
1 5 0.100400 0.005548 * 1  5 
2 5 0.101967 0.035861 * 2  5 
3 5 0.201301 0.004435 * 3  6  5 
4 5 0.201705 0.001139 * 4  1  5 
4 5 0.200864 0.001139 * 4  6  5 
6 5 0.100630 0.004153 * 6  5 
7 5 0.302620 0.003293 * 7  4  1  5  0 
7 5 0.301779 0.003293 * 7  4  6  5  0 
7 5 0.401681 0.002385 * 7  9  3  6  5 
8 5 0.202328 0.004043 * 8  2  5  0 
8 5 0.302556 0.004043 * 8  11   1   5 
9 5 0.301444 0.002324 * 9  3  6  5 
10 5 0.301636 0.001599 * 10   3   6   5   0 
10 5 0.401642 0.001599 * 10   9   3   6   5 
11 5 0.201528 0.016033 * 11   1   5 
1 6 0.200978 0.000519 * 1  4  6 
1 6 0.202183 0.000519 * 1  5  6 
2 6 0.203750 0.012269 * 2  5  6 
3 6 0.100671 0.001775 * 3  6 
4 6 0.100234 0.001467 * 4  6 
5 6 0.101782 0.007999 * 5  6 
7 6 0.201149 0.001117 * 7  4  6  0 
7 6 0.301051 0.001117 * 7  9  3  6 
8 6 0.304111 0.000871 * 8  2  5  6  0 
8 6 0.403134 0.001743 * 8  11   1   4   6 
8 6 0.404338 0.001743 * 8  11   1   5   6 
9 6 0.200814 0.000386 * 9  3  6 
10 6 0.201006 0.000916 * 10   3   6   0 
10 6 0.301012 0.000916 * 10   9   3   6 
11 6 0.302106 0.001652 * 11   1   4   6 
11 6 0.303311 0.001652 * 11   1   5   6 
1 7 0.202137 0.005698 * 1  4  7 
2 7 0.404380 0.014898 * 2  5  1  4  7  0 
2 7 0.504930 0.016584 * 2  5  6  3  9  7 
2 7 0.406354 0.016584 * 2  5  6  4  7  0 
2 7 0.505261 0.011559 * 2   8  11   1   4   7 
3 7 0.200395 0.003074 * 3  9  7 
4 7 0.101393 0.003344 * 4  7 
5 7 0.302412 0.004003 * 5  1  4  7  0 
5 7 0.402962 0.004456 * 5  6  3  9  7 
5 7 0.304387 0.004456 * 5  6  4  7  0 
6 7 0.301180 0.002174 * 6  3  9  7 
6 7 0.202604 0.002174 * 6  4  7  0 
8 7 0.404292 0.023100 * 8  11   1   4   7 
9 7 0.100291 0.002223 * 9  7 
10 7 0.300729 0.005145 * 10   3   9   7 
10 7 0.200488 0.005145 * 10   9   7   0 
11 7 0.303264 0.019649 * 11   1   4   7 
1 8 0.302140 0.006689 * 1  5  2  8 
1 8 0.202621 0.006689 * 1  11   8   0 
2 8 0.100969 0.027706 * 2  8 
3 8 0.403041 0.006914 * 3  6  5  2  8 
4 8 0.403444 0.004671 * 4  1  5  2  8 
4 8 0.303926 0.004671 * 4   1  11   8   0 
4 8 0.402604 0.003285 * 4  6  5  2  8 
5 8 0.201740 0.017146 * 5  2  8 
6 8 0.302369 0.007807 * 6  5  2  8 
7 8 0.504359 0.009767 * 7  4  1  5  2  8 
7 8 0.404841 0.009767 * 7   4   1  11   8   0 
7 8 0.503519 0.006869 * 7  4  6  5  2  8 
9 8 0.503183 0.000354 * 9  3  6  5  2  8  0 
9 8 0.604650 0.001061 * 9  7  4  1  5  2  8 
9 8 0.505131 0.001061 * 9   7   4   1  11   8   0 
9 8 0.603809 0.001061 * 9  7  4  6  5  2  8 
10 8 0.503375 0.000679 * 10   3   6   5   2   8   0   0 
10 8 0.603381 0.000985 * 10   9   3   6   5   2   8   0 
10 8 0.704848 0.002716 * 10   9   7   4   1   5   2   8 
10 8 0.605329 0.002716 * 10   9   7   4   1  11   8   0 
10 8 0.704007 0.002716 * 10   9   7   4   6   5   2   8 
11 8 0.100777 0.019782 * 11   8 
1 9 0.401868 0.000085 * 1  4  6  3  9 
1 9 0.302374 0.000085 * 1  4  7  9  0 
2 9 0.604111 0.000935 * 2  5  1  4  6  3  9 
2 9 0.504617 0.000935 * 2  5  1  4  7  9  0 
2 9 0.404639 0.000511 * 2  5  6  3  9  0  0 
3 9 0.100105 0.002362 * 3  9 
4 9 0.301124 0.000133 * 4  6  3  9 
4 9 0.201630 0.000133 * 4  7  9  0 
5 9 0.502143 0.000203 * 5  1  4  6  3  9 
5 9 0.402649 0.000203 * 5  1  4  7  9  0 
5 9 0.302672 0.000111 * 5  6  3  9  0  0 
6 9 0.200889 0.000292 * 6  3  9 
7 9 0.100237 0.002344 * 7  9 
8 9 0.704471 0.001014 * 8  2  5  1  4  6  3  9 
8 9 0.604978 0.001014 * 8  2  5  1  4  7  9  0 
8 9 0.505000 0.000735 * 8  2  5  6  3  9  0  0 
8 9 0.604023 0.000676 * 8  11   1   4   6   3   9   0 
8 9 0.504529 0.000676 * 8  11   1   4   7   9   0   0 
10 9 0.200439 0.000468 * 10   3   9 
10 9 0.100198 0.000468 * 10   9   0 
11 9 0.502995 0.000445 * 11   1   4   6   3   9 
11 9 0.403501 0.000445 * 11   1   4   7   9   0 
1 10 0.502023 0.001382 * 1   4   6   3   9  10 
1 10 0.402190 0.001382 * 1   4   6   3  10   0 
1 10 0.402529 0.000691 * 1   4   7   9  10   0 
1 10 0.503228 0.001285 * 1   5   6   3   9  10 
1 10 0.403395 0.001285 * 1   5   6   3  10   0 
2 10 0.504795 0.012715 * 2   5   6   3   9  10 
2 10 0.404962 0.012715 * 2   5   6   3  10   0 
3 10 0.200260 0.001103 * 3   9  10 
3 10 0.100427 0.001103 * 3  10   0 
4 10 0.401279 0.000257 * 4   6   3   9  10 
4 10 0.301446 0.000257 * 4   6   3  10   0 
4 10 0.301785 0.000128 * 4   7   9  10   0 
5 10 0.402827 0.000796 * 5   6   3   9  10 
5 10 0.302994 0.000796 * 5   6   3  10   0 
6 10 0.301045 0.000572 * 6   3   9  10 
6 10 0.201212 0.000572 * 6   3  10   0 
7 10 0.200393 0.009329 * 7   9  10 
8 10 0.605155 0.000599 * 8   2   5   6   3   9  10   0 
8 10 0.505322 0.000599 * 8   2   5   6   3  10   0   0 
8 10 0.704178 0.001498 * 8  11   1   4   6   3   9  10 
8 10 0.604345 0.001498 * 8  11   1   4   6   3  10   0 
8 10 0.604685 0.000799 * 8  11   1   4   7   9  10   0 
8 10 0.705383 0.001486 * 8  11   1   5   6   3   9  10 
8 10 0.605550 0.001486 * 8  11   1   5   6   3  10   0 
9 10 0.100156 0.001163 * 9  10 
11 10 0.603151 0.000550 * 11   1   4   6   3   9  10 
11 10 0.503318 0.000550 * 11   1   4   6   3  10   0 
11 10 0.503657 0.000275 * 11   1   4   7   9  10   0 
11 10 0.604355 0.000511 * 11   1   5   6   3   9  10 
11 10 0.504522 0.000511 * 11   1   5   6   3  10   0 
1 11 0.101844 0.051179 * 1  11 
2 11 0.201996 0.024291 * 2   8  11 
3 11 0.405032 0.002620 * 3   6   4   1  11   0 
3 11 0.403421 0.004871 * 3   6   5   1  11   0 
3 11 0.504068 0.004871 * 3   6   5   2   8  11 
4 11 0.203149 0.006494 * 4   1  11 
5 11 0.202120 0.008112 * 5   1  11   0 
5 11 0.302767 0.008112 * 5   2   8  11 
6 11 0.304361 0.000836 * 6   4   1  11   0 
6 11 0.302750 0.001555 * 6   5   1  11   0 
6 11 0.403397 0.001555 * 6   5   2   8  11 
7 11 0.304064 0.022768 * 7   4   1  11 
8 11 0.101027 0.044112 * 8  11 
9 11 0.505174 0.000587 * 9   3   6   4   1  11   0 
9 11 0.503564 0.000587 * 9   3   6   5   1  11   0 
9 11 0.604211 0.000587 * 9   3   6   5   2   8  11 
9 11 0.404354 0.000196 * 9   7   4   1  11   0   0 
10 11 0.505366 0.001694 * 10   3   6   4   1  11   0   0 
10 11 0.503756 0.001694 * 10   3   6   5   1  11   0   0 
10 11 0.604403 0.001694 * 10   3   6   5   2   8  11   0 
10 11 0.605372 0.002166 * 10   9   3   6   4   1  11   0 
10 11 0.603762 0.002166 * 10   9   3   6   5   1  11   0 
10 11 0.704409 0.002166 * 10   9   3   6   5   2   8  11 
10 11 0.504552 0.000722 * 10   9   7   4   1  11   0   0 
