2 1 0.202416 0.002489 * 2  5  1  0 
2 1 0.303116 0.002489 * 2   8  11   1 
3 1 0.302438 0.000313 * 3  6  4  1 
3 1 0.301629 0.000313 * 3  6  5  1 
4 1 0.101016 0.000463 * 4  1 
5 1 0.100433 0.005228 * 5  1 
6 1 0.201898 0.000576 * 6  4  1 
6 1 0.201090 0.000576 * 6  5  1 
7 1 0.202457 0.006902 * 7  4  1 
8 1 0.202209 0.005837 * 8  11   1 
9 1 0.402526 0.000902 * 9  3  6  4  1 
9 1 0.401717 0.000902 * 9  3  6  5  1 
9 1 0.302674 0.000451 * 9  7  4  1  0 
10 1 0.402711 0.000469 * 10   3   6   4   1   0 
10 1 0.401902 0.000469 * 10   3   6   5   1   0 
10 1 0.502685 0.000703 * 10   9   3   6   4   1 
10 1 0.501876 0.000703 * 10   9   3   6   5   1 
10 1 0.402832 0.000540 * 10   9   7   4   1   0 
11 1 0.101206 0.053707 * 11   1 
1 2 0.201029 0.002269 * 1  5  2  0 
1 2 0.302537 0.002269 * 1  11   8   2 
3 2 0.301927 0.004535 * 3  6  5  2 
4 2 0.302045 0.002451 * 4  1  5  2  0 
4 2 0.403554 0.002451 * 4   1  11   8   2 
4 2 0.301649 0.001548 * 4  6  5  2  0 
5 2 0.100731 0.005020 * 5  2 
6 2 0.201388 0.001794 * 6  5  2 
7 2 0.403486 0.002259 * 7  4  1  5  2  0 
7 2 0.504994 0.002259 * 7   4   1  11   8   2 
7 2 0.403089 0.001684 * 7  4  6  5  2  0 
7 2 0.502204 0.000753 * 7  9  3  6  5  2 
8 2 0.100288 0.001508 * 8  2 
9 2 0.402015 0.000564 * 9  3  6  5  2 
10 2 0.402200 0.001433 * 10   3   6   5   2   0 
10 2 0.502174 0.001433 * 10   9   3   6   5   2 
11 2 0.200977 0.003667 * 11   8   2 
1 3 0.301839 0.000694 * 1  4  6  3  0 
1 3 0.402269 0.000694 * 1  4  7  9  3 
1 3 0.302855 0.000536 * 1  5  6  3  0 
2 3 0.304540 0.018079 * 2  5  6  3 
4 3 0.201098 0.000799 * 4  6  3  0 
4 3 0.301529 0.000799 * 4  7  9  3 
5 3 0.202557 0.002016 * 5  6  3 
6 3 0.100837 0.001223 * 6  3 
7 3 0.200276 0.002230 * 7  9  3 
8 3 0.404829 0.000535 * 8  2  5  6  3  0  0 
8 3 0.504047 0.001549 * 8  11   1   4   6   3   0 
8 3 0.604478 0.001549 * 8  11   1   4   7   9   3 
8 3 0.505064 0.001195 * 8  11   1   5   6   3   0 
9 3 0.100088 0.002338 * 9  3 
10 3 0.200247 0.002287 * 10   9   3 
10 3 0.100273 0.002287 * 10   3   0 
11 3 0.403045 0.000920 * 11   1   4   6   3   0 
11 3 0.503475 0.000920 * 11   1   4   7   9   3 
11 3 0.404061 0.000710 * 11   1   5   6   3   0 
1 4 0.100741 0.001431 * 1  4 
2 4 0.303157 0.003601 * 2  5  1  4  0 
2 4 0.304585 0.003601 * 2  5  6  4  0 
2 4 0.403857 0.002179 * 2   8  11   1   4 
3 4 0.201422 0.000600 * 3  6  4 
5 4 0.201173 0.002040 * 5  1  4 
5 4 0.202602 0.002040 * 5  6  4 
6 4 0.100882 0.000494 * 6  4 
7 4 0.101441 0.070104 * 7  4 
8 4 0.302949 0.001751 * 8  11   1   4 
9 4 0.301510 0.000121 * 9  3  6  4 
9 4 0.201657 0.000121 * 9  7  4  0 
10 4 0.301695 0.000187 * 10   3   6   4   0 
10 4 0.401668 0.000278 * 10   9   3   6   4 
10 4 0.301816 0.000278 * 10   9   7   4   0 
11 4 0.201947 0.001483 * 11   1   4 
1 5 0.100298 0.003311 * 1  5 
2 5 0.101984 0.041943 * 2  5 
3 5 0.201197 0.002079 * 3  6  5 
4 5 0.201315 0.000872 * 4  1  5 
4 5 0.200918 0.000872 * 4  6  5 
6 5 0.100657 0.003185 * 6  5 
7 5 0.302755 0.001853 * 7  4  1  5  0 
7 5 0.302359 0.001853 * 7  4  6  5  0 
7 5 0.401473 0.001210 * 7  9  3  6  5 
8 5 0.202272 0.004025 * 8  2  5  0 
8 5 0.302507 0.004025 * 8  11   1   5 
9 5 0.301285 0.002544 * 9  3  6  5 
10 5 0.301470 0.001300 * 10   3   6   5   0 
10 5 0.401443 0.001300 * 10   9   3   6   5 
11 5 0.201505 0.007209 * 11   1   5 
1 6 0.201002 0.001375 * 1  4  6 
1 6 0.202018 0.001375 * 1  5  6 
2 6 0.203703 0.015082 * 2  5  6 
3 6 0.100540 0.001056 * 3  6 
4 6 0.100261 0.001208 * 4  6 
5 6 0.101720 0.003344 * 5  6 
7 6 0.201702 0.000788 * 7  4  6  0 
7 6 0.300816 0.000788 * 7  9  3  6 
8 6 0.303992 0.000589 * 8  2  5  6  0 
8 6 0.403211 0.001179 * 8  11   1   4   6 
8 6 0.404227 0.001179 * 8  11   1   5   6 
9 6 0.200628 0.000197 * 9  3  6 
10 6 0.200813 0.000843 * 10   3   6   0 
10 6 0.300786 0.000843 * 10   9   3   6 
11 6 0.302208 0.002593 * 11   1   4   6 
11 6 0.303224 0.002593 * 11   1   5   6 
1 7 0.201993 0.012973 * 1  4  7 
2 7 0.404409 0.012307 * 2  5  1  4  7  0 
2 7 0.504819 0.013266 * 2  5  6  3  9  7 
2 7 0.405838 0.013266 * 2  5  6  4  7  0 
2 7 0.505109 0.009349 * 2   8  11   1   4   7 
3 7 0.200279 0.001161 * 3  9  7 
4 7 0.101252 0.003695 * 4  7 
5 7 0.302425 0.003624 * 5  1  4  7  0 
5 7 0.402836 0.003906 * 5  6  3  9  7 
5 7 0.303854 0.003906 * 5  6  4  7  0 
6 7 0.301116 0.001235 * 6  3  9  7 
6 7 0.202134 0.001235 * 6  4  7  0 
8 7 0.404202 0.017238 * 8  11   1   4   7 
9 7 0.100217 0.001248 * 9  7 
10 7 0.300552 0.004496 * 10   3   9   7 
10 7 0.200376 0.004496 * 10   9   7   0 
11 7 0.303199 0.020206 * 11   1   4   7 
1 8 0.301936 0.006790 * 1  5  2  8 
1 8 0.202249 0.006790 * 1  11   8   0 
2 8 0.100907 0.020829 * 2  8 
3 8 0.402835 0.005998 * 3  6  5  2  8 
4 8 0.402953 0.005031 * 4  1  5  2  8 
4 8 0.303265 0.005031 * 4   1  11   8   0 
4 8 0.402556 0.003242 * 4  6  5  2  8 
5 8 0.201638 0.019156 * 5  2  8 
6 8 0.302295 0.005759 * 6  5  2  8 
7 8 0.504393 0.006696 * 7  4  1  5  2  8 
7 8 0.404706 0.006696 * 7   4   1  11   8   0 
7 8 0.503997 0.004315 * 7  4  6  5  2  8 
9 8 0.502923 0.000147 * 9  3  6  5  2  8  0 
9 8 0.604610 0.000440 * 9  7  4  1  5  2  8 
9 8 0.504923 0.000440 * 9   7   4   1  11   8   0 
9 8 0.604214 0.000440 * 9  7  4  6  5  2  8 
10 8 0.503108 0.000602 * 10   3   6   5   2   8   0   0 
10 8 0.603082 0.000739 * 10   9   3   6   5   2   8   0 
10 8 0.704769 0.002218 * 10   9   7   4   1   5   2   8 
10 8 0.605081 0.002218 * 10   9   7   4   1  11   8   0 
10 8 0.704372 0.002218 * 10   9   7   4   6   5   2   8 
11 8 0.100688 0.019363 * 11   8 
1 9 0.401901 0.000145 * 1  4  6  3  9 
1 9 0.302181 0.000145 * 1  4  7  9  0 
2 9 0.604317 0.000985 * 2  5  1  4  6  3  9 
2 9 0.504598 0.000985 * 2  5  1  4  7  9  0 
2 9 0.404603 0.000680 * 2  5  6  3  9  0  0 
3 9 0.100062 0.000923 * 3  9 
4 9 0.301160 0.000097 * 4  6  3  9 
4 9 0.201441 0.000097 * 4  7  9  0 
5 9 0.502333 0.000420 * 5  1  4  6  3  9 
5 9 0.402614 0.000420 * 5  1  4  7  9  0 
5 9 0.302619 0.000290 * 5  6  3  9  0  0 
6 9 0.200899 0.000126 * 6  3  9 
7 9 0.100188 0.002297 * 7  9 
8 9 0.704606 0.000222 * 8  2  5  1  4  6  3  9 
8 9 0.604886 0.000222 * 8  2  5  1  4  7  9  0 
8 9 0.504891 0.000222 * 8  2  5  6  3  9  0  0 
8 9 0.604110 0.000148 * 8  11   1   4   6   3   9   0 
8 9 0.504390 0.000148 * 8  11   1   4   7   9   0   0 
10 9 0.200335 0.000353 * 10   3   9 
10 9 0.100159 0.000353 * 10   9   0 
11 9 0.503107 0.000217 * 11   1   4   6   3   9 
11 9 0.403387 0.000217 * 11   1   4   7   9   0 
1 10 0.502036 0.001366 * 1   4   6   3   9  10 
1 10 0.402321 0.001366 * 1   4   6   3  10   0 
1 10 0.402317 0.000683 * 1   4   7   9  10   0 
1 10 0.503053 0.001247 * 1   5   6   3   9  10 
1 10 0.403338 0.001247 * 1   5   6   3  10   0 
2 10 0.504738 0.015315 * 2   5   6   3   9  10 
2 10 0.405023 0.015315 * 2   5   6   3  10   0 
3 10 0.200198 0.000659 * 3   9  10 
3 10 0.100483 0.000659 * 3  10   0 
4 10 0.401296 0.000320 * 4   6   3   9  10 
4 10 0.301581 0.000320 * 4   6   3  10   0 
4 10 0.301576 0.000160 * 4   7   9  10   0 
5 10 0.402754 0.001833 * 5   6   3   9  10 
5 10 0.303039 0.001833 * 5   6   3  10   0 
6 10 0.301035 0.000527 * 6   3   9  10 
6 10 0.201320 0.000527 * 6   3  10   0 
7 10 0.200324 0.006853 * 7   9  10 
8 10 0.605027 0.000560 * 8   2   5   6   3   9  10   0 
8 10 0.505312 0.000560 * 8   2   5   6   3  10   0   0 
8 10 0.704245 0.001399 * 8  11   1   4   6   3   9  10 
8 10 0.604530 0.001399 * 8  11   1   4   6   3  10   0 
8 10 0.604526 0.000801 * 8  11   1   4   7   9  10   0 
8 10 0.705262 0.001399 * 8  11   1   5   6   3   9  10 
8 10 0.605547 0.001399 * 8  11   1   5   6   3  10   0 
9 10 0.100136 0.000909 * 9  10 
11 10 0.603243 0.000636 * 11   1   4   6   3   9  10 
11 10 0.503528 0.000636 * 11   1   4   6   3  10   0 
11 10 0.503523 0.000318 * 11   1   4   7   9  10   0 
11 10 0.604259 0.000581 * 11   1   5   6   3   9  10 
11 10 0.504544 0.000581 * 11   1   5   6   3  10   0 
1 11 0.101561 0.030942 * 1  11 
2 11 0.201910 0.029301 * 2   8  11 
3 11 0.403999 0.002397 * 3   6   4   1  11   0 
3 11 0.403190 0.004794 * 3   6   5   1  11   0 
3 11 0.503837 0.004794 * 3   6   5   2   8  11 
4 11 0.202577 0.009093 * 4   1  11 
5 11 0.201993 0.009218 * 5   1  11   0 
5 11 0.302641 0.009218 * 5   2   8  11 
6 11 0.303459 0.000696 * 6   4   1  11   0 
6 11 0.302650 0.001391 * 6   5   1  11   0 
6 11 0.403298 0.001391 * 6   5   2   8  11 
7 11 0.304018 0.023593 * 7   4   1  11 
8 11 0.101003 0.044268 * 8  11 
9 11 0.504087 0.000312 * 9   3   6   4   1  11   0 
9 11 0.503278 0.000312 * 9   3   6   5   1  11   0 
9 11 0.603925 0.000312 * 9   3   6   5   2   8  11 
9 11 0.404235 0.000104 * 9   7   4   1  11   0   0 
10 11 0.504272 0.001417 * 10   3   6   4   1  11   0   0 
10 11 0.503463 0.001417 * 10   3   6   5   1  11   0   0 
10 11 0.604110 0.001417 * 10   3   6   5   2   8  11   0 
10 11 0.604246 0.001679 * 10   9   3   6   4   1  11   0 
10 11 0.603437 0.001679 * 10   9   3   6   5   1  11   0 
10 11 0.704084 0.001679 * 10   9   3   6   5   2   8  11 
10 11 0.504393 0.000560 * 10   9   7   4   1  11   0   0 
