1  5  2  0  0  0  0  0  0  0 
3.769606e-003
1  11   8   2   0   0   0   0   0   0 
7.292974e-016
1  4  6  5  2  0  0  0  0  0 
3.653376e-016
1  4  6  3  0  0  0  0  0  0 
1.221682e-003
1  5  6  3  0  0  0  0  0  0 
1.165634e-003
1  4  7  9  3  0  0  0  0  0 
7.236288e-016
1  4  0  0  0  0  0  0  0  0 
1.016618e-003
1  5  6  4  0  0  0  0  0  0 
3.626712e-016
1  5  0  0  0  0  0  0  0  0 
6.062412e-003
1  4  6  5  0  0  0  0  0  0 
3.658445e-016
1  11   8   2   5   0   0   0   0   0 
2.441003e-016
1  4  6  0  0  0  0  0  0  0 
1.931762e-003
1  5  6  0  0  0  0  0  0  0 
1.884891e-003
1  4  7  0  0  0  0  0  0  0 
6.614936e-003
1  5  6  4  7  0  0  0  0  0 
3.659630e-016
1  11   8   0   0   0   0   0   0   0 
1.424827e-002
1  5  2  8  0  0  0  0  0  0 
7.319197e-016
1  4  6  5  2  8  0  0  0  0 
2.442130e-016
1  4  7  9  0  0  0  0  0  0 
2.009410e-004
1  4  6  3  9  0  0  0  0  0 
6.117803e-016
1  5  6  3  9  0  0  0  0  0 
6.146460e-016
1   4   6   3  10   0   0   0   0   0 
1.657064e-003
1   5   6   3  10   0   0   0   0   0 
1.628204e-003
1   4   7   9  10   0   0   0   0   0 
2.783548e-003
1  11   0   0   0   0   0   0   0   0 
5.110027e-002
1   5   2   8  11   0   0   0   0   0 
2.443467e-016
2  5  1  0  0  0  0  0  0  0 
4.952661e-003
2   8  11   1   0   0   0   0   0   0 
7.299946e-016
2  5  6  4  1  0  0  0  0  0 
3.656524e-016
2  5  6  3  0  0  0  0  0  0 
1.468583e-002
2  5  1  4  6  3  0  0  0  0 
3.662945e-016
2  5  1  4  0  0  0  0  0  0 
5.354454e-003
2  5  6  4  0  0  0  0  0  0 
5.658764e-003
2   8  11   1   4   0   0   0   0   0 
7.305018e-016
2  5  0  0  0  0  0  0  0  0 
4.183668e-002
2   8  11   1   5   0   0   0   0   0 
2.443463e-016
2   8  11   1   4   6   5   0   0   0 
1.466077e-016
2  5  6  0  0  0  0  0  0  0 
1.293673e-002
2  5  1  4  6  0  0  0  0  0 
3.662579e-016
2  5  1  4  7  0  0  0  0  0 
2.662538e-002
2  5  6  4  7  0  0  0  0  0 
2.913348e-002
2   8  11   1   4   7   0   0   0   0 
7.326740e-016
2  8  0  0  0  0  0  0  0  0 
2.380170e-002
2   5   1  11   8   0   0   0   0   0 
2.442548e-016
2  5  6  3  9  0  0  0  0  0 
2.562061e-003
2   5   6   3  10   9   0   0   0   0 
7.253306e-016
2  5  1  4  7  9  0  0  0  0 
7.251531e-016
2   5   6   3  10   0   0   0   0   0 
3.125532e-002
2   5   6   3   9  10   0   0   0   0 
7.363405e-016
2   8  11   0   0   0   0   0   0   0 
1.670700e-002
2   5   1  11   0   0   0   0   0   0 
7.317585e-016
3  6  4  1  0  0  0  0  0  0 
5.022473e-004
3  6  5  1  0  0  0  0  0  0 
5.074937e-004
3  9  7  4  1  0  0  0  0  0 
7.135017e-016
3  6  5  2  0  0  0  0  0  0 
3.335671e-003
3  6  4  1  5  2  0  0  0  0 
3.653974e-016
3  6  4  0  0  0  0  0  0  0 
9.822490e-004
3  9  7  4  0  0  0  0  0  0 
7.184955e-016
3  6  5  0  0  0  0  0  0  0 
2.507182e-003
3  6  4  1  5  0  0  0  0  0 
3.650166e-016
3  6  0  0  0  0  0  0  0  0 
8.302950e-004
3  9  7  4  6  0  0  0  0  0 
2.419477e-016
3  10   9   7   4   6   0   0   0   0 
1.818539e-016
3  9  7  0  0  0  0  0  0  0 
1.438616e-003
3  10   9   7   0   0   0   0   0   0 
7.176871e-016
3  6  4  7  0  0  0  0  0  0 
7.167577e-016
3  6  5  2  8  0  0  0  0  0 
4.487142e-003
3   6   4   1  11   8   0   0   0   0 
7.292651e-016
3   6   5   1  11   8   0   0   0   0 
7.291969e-016
3  9  0  0  0  0  0  0  0  0 
3.648853e-003
3  10   9   0   0   0   0   0   0   0 
7.288459e-016
3  6  4  7  9  0  0  0  0  0 
2.438246e-016
3  10   0   0   0   0   0   0   0   0 
9.771340e-004
3   9  10   0   0   0   0   0   0   0 
7.182927e-016
3   6   4   1  11   0   0   0   0   0 
4.846660e-003
3   6   5   1  11   0   0   0   0   0 
4.800235e-003
3   9   7   4   1  11   0   0   0   0 
7.319844e-016
4  1  0  0  0  0  0  0  0  0 
8.314960e-004
4  6  5  1  0  0  0  0  0  0 
3.618124e-016
4  1  5  2  0  0  0  0  0  0 
5.200330e-003
4  6  5  2  0  0  0  0  0  0 
5.268405e-003
4   1  11   8   2   0   0   0   0   0 
7.308689e-016
4  6  3  0  0  0  0  0  0  0 
2.267788e-003
4  7  9  3  0  0  0  0  0  0 
7.273486e-016
4  1  5  6  3  0  0  0  0  0 
3.642775e-016
4  1  5  0  0  0  0  0  0  0 
9.229795e-004
4  6  5  0  0  0  0  0  0  0 
1.047984e-003
4  6  0  0  0  0  0  0  0  0 
2.320970e-003
4  1  5  6  0  0  0  0  0  0 
3.647038e-016
4  7  9  3  6  0  0  0  0  0 
2.438814e-016
4  7  0  0  0  0  0  0  0  0 
4.295320e-003
4  6  3  9  7  0  0  0  0  0 
2.442495e-016
4   6   3  10   9   7   0   0   0   0 
1.831882e-016
4   1  11   8   0   0   0   0   0   0 
1.268920e-002
4  1  5  2  8  0  0  0  0  0 
7.317569e-016
4  6  5  2  8  0  0  0  0  0 
7.318054e-016
4  7  9  0  0  0  0  0  0  0 
3.116540e-004
4  6  3  9  0  0  0  0  0  0 
6.787299e-016
4   6   3  10   9   0   0   0   0   0 
3.465619e-016
4   7   9  10   0   0   0   0   0   0 
4.252494e-004
4   6   3  10   0   0   0   0   0   0 
4.135926e-004
4   6   3   9  10   0   0   0   0   0 
7.117325e-016
4   1  11   0   0   0   0   0   0   0 
1.004698e-002
4   6   5   1  11   0   0   0   0   0 
3.661639e-016
5  1  0  0  0  0  0  0  0  0 
5.448535e-003
5  6  4  1  0  0  0  0  0  0 
3.657715e-016
5   2   8  11   1   0   0   0   0   0 
2.440044e-016
5  2  0  0  0  0  0  0  0  0 
7.289778e-003
5   1  11   8   2   0   0   0   0   0 
2.442048e-016
5  6  3  0  0  0  0  0  0  0 
3.855984e-003
5  1  4  6  3  0  0  0  0  0 
3.655507e-016
5  1  4  0  0  0  0  0  0  0 
1.677186e-003
5  6  4  0  0  0  0  0  0  0 
1.785622e-003
5  6  0  0  0  0  0  0  0  0 
4.491406e-003
5  1  4  6  0  0  0  0  0  0 
3.656910e-016
5  1  4  7  0  0  0  0  0  0 
5.289266e-003
5  6  4  7  0  0  0  0  0  0 
5.551926e-003
5  6  3  9  7  0  0  0  0  0 
7.328846e-016
5  2  8  0  0  0  0  0  0  0 
1.733927e-002
5   1  11   8   0   0   0   0   0   0 
7.322283e-016
5  6  3  9  0  0  0  0  0  0 
9.949560e-004
5  1  4  7  9  0  0  0  0  0 
7.135508e-016
5  6  4  7  9  0  0  0  0  0 
7.134466e-016
5   6   3  10   0   0   0   0   0   0 
1.340435e-003
5   6   3   9  10   0   0   0   0   0 
7.224405e-016
5   1  11   0   0   0   0   0   0   0 
2.246607e-002
5   2   8  11   0   0   0   0   0   0 
7.324196e-016
6  4  1  0  0  0  0  0  0  0 
4.431801e-004
6  5  1  0  0  0  0  0  0  0 
4.482919e-004
6  5  2  0  0  0  0  0  0  0 
2.923145e-003
6  4  1  5  2  0  0  0  0  0 
3.652355e-016
6  3  0  0  0  0  0  0  0  0 
1.142428e-003
6  4  7  9  3  0  0  0  0  0 
2.429028e-016
6   4   7   9  10   3   0   0   0   0 
1.824397e-016
6  4  0  0  0  0  0  0  0  0 
5.999660e-004
6  5  1  4  0  0  0  0  0  0 
3.568983e-016
6  3  9  7  4  0  0  0  0  0 
2.395004e-016
6  5  0  0  0  0  0  0  0  0 
5.642961e-003
6  4  1  5  0  0  0  0  0  0 
3.658677e-016
6  4  7  0  0  0  0  0  0  0 
2.997822e-003
6  3  9  7  0  0  0  0  0  0 
7.298645e-016
6  5  2  8  0  0  0  0  0  0 
6.655496e-003
6   4   1  11   8   0   0   0   0   0 
7.307044e-016
6   5   1  11   8   0   0   0   0   0 
7.306317e-016
6  3  9  0  0  0  0  0  0  0 
1.164800e-004
6   3  10   9   0   0   0   0   0   0 
6.574620e-016
6  4  7  9  0  0  0  0  0  0 
6.477688e-016
6   3  10   0   0   0   0   0   0   0 
1.258341e-003
6   3   9  10   0   0   0   0   0   0 
7.182105e-016
6   4   7   9  10   0   0   0   0   0 
3.623501e-016
6   4   1  11   0   0   0   0   0   0 
2.508131e-003
6   5   1  11   0   0   0   0   0   0 
2.565672e-003
6   5   2   8  11   0   0   0   0   0 
7.274134e-016
7  4  1  0  0  0  0  0  0  0 
6.761792e-003
7  4  6  5  1  0  0  0  0  0 
3.659743e-016
7  4  6  5  2  0  0  0  0  0 
5.418811e-002
7  4  1  5  2  0  0  0  0  0 
4.915763e-002
7  9  3  6  5  2  0  0  0  0 
7.374804e-016
7  9  3  0  0  0  0  0  0  0 
1.291112e-003
7  4  6  3  0  0  0  0  0  0 
7.152152e-016
7   9  10   3   0   0   0   0   0   0 
7.164745e-016
7  4  0  0  0  0  0  0  0  0 
3.024347e-002
7  9  3  6  4  0  0  0  0  0 
2.447693e-016
7   9  10   3   6   4   0   0   0   0 
1.835085e-016
7  4  6  5  0  0  0  0  0  0 
2.623800e-003
7  4  1  5  0  0  0  0  0  0 
2.384012e-003
7  9  3  6  5  0  0  0  0  0 
7.302853e-016
7  4  6  0  0  0  0  0  0  0 
1.634959e-003
7  9  3  6  0  0  0  0  0  0 
7.255651e-016
7   4   1  11   8   0   0   0   0   0 
2.053099e-002
7  4  6  5  2  8  0  0  0  0 
7.323026e-016
7  4  1  5  2  8  0  0  0  0 
7.322510e-016
7  9  0  0  0  0  0  0  0  0 
2.791794e-003
7  4  6  3  9  0  0  0  0  0 
2.437552e-016
7   4   6   3  10   9   0   0   0   0 
1.829041e-016
7   9  10   0   0   0   0   0   0   0 
7.179883e-003
7   9   3  10   0   0   0   0   0   0 
7.315881e-016
7   4   6   3  10   0   0   0   0   0 
3.653485e-016
7   4   1  11   0   0   0   0   0   0 
2.202973e-002
8  11   1   0   0   0   0   0   0   0 
5.744566e-003
8  2  5  1  0  0  0  0  0  0 
7.308746e-016
8  2  0  0  0  0  0  0  0  0 
1.544997e-003
8  11   1   5   2   0   0   0   0   0 
2.431738e-016
8  11   1   4   6   5   2   0   0   0 
1.461665e-016
8  2  5  6  3  0  0  0  0  0 
3.374880e-003
8  11   1   5   6   3   0   0   0   0 
7.272211e-016
8  11   1   4   6   3   0   0   0   0 
7.272551e-016
8  11   1   4   0   0   0   0   0   0 
2.463494e-003
8  2  5  1  4  0  0  0  0  0 
7.249564e-016
8  2  5  6  4  0  0  0  0  0 
7.249525e-016
8  2  5  0  0  0  0  0  0  0 
8.811344e-003
8  11   1   5   0   0   0   0   0   0 
7.308361e-016
8  2  5  6  0  0  0  0  0  0 
3.266624e-003
8  11   1   5   6   0   0   0   0   0 
7.270079e-016
8  11   1   4   6   0   0   0   0   0 
7.270401e-016
8  11   1   4   7   0   0   0   0   0 
1.838211e-002
8  2  5  1  4  7  0  0  0  0 
7.327147e-016
8  2  5  6  4  7  0  0  0  0 
7.327753e-016
8  11   1   4   7   9   0   0   0   0 
4.181821e-004
8  2  5  6  3  9  0  0  0  0 
5.414139e-004
8  11   1   5   6   3   9   0   0   0 
7.138627e-016
8   2   5   6   3  10   0   0   0   0 
6.390404e-003
8   2   5   6   3   9  10   0   0   0 
7.333988e-016
8  11   1   4   7   9  10   0   0   0 
7.321784e-016
8  11   0   0   0   0   0   0   0   0 
4.128230e-002
8   2   5   1  11   0   0   0   0   0 
2.443635e-016
9  7  4  1  0  0  0  0  0  0 
1.030744e-003
9  3  6  4  1  0  0  0  0  0 
7.141937e-016
9  3  6  5  1  0  0  0  0  0 
7.141698e-016
9  3  6  5  2  0  0  0  0  0 
7.607000e-004
9  10   3   6   5   2   0   0   0   0 
7.075563e-016
9  7  4  6  5  2  0  0  0  0 
7.079590e-016
9  3  0  0  0  0  0  0  0  0 
3.323272e-003
9  10   3   0   0   0   0   0   0   0 
7.285492e-016
9  7  4  6  3  0  0  0  0  0 
2.436530e-016
9  7  4  0  0  0  0  0  0  0 
2.769320e-004
9  3  6  4  0  0  0  0  0  0 
6.733918e-016
9  10   3   6   4   0   0   0   0   0 
3.433366e-016
9  3  6  5  0  0  0  0  0  0 
2.280261e-003
9  10   3   6   5   0   0   0   0   0 
7.242999e-016
9  7  4  6  5  0  0  0  0  0 
7.233575e-016
9  3  6  0  0  0  0  0  0  0 
1.685060e-004
9  10   3   6   0   0   0   0   0   0 
6.163825e-016
9  7  4  6  0  0  0  0  0  0 
6.119655e-016
9  7  0  0  0  0  0  0  0  0 
2.890473e-003
9  3  6  4  7  0  0  0  0  0 
2.438924e-016
9  10   3   6   4   7   0   0   0   0 
1.830099e-016
9   7   4   1  11   8   0   0   0   0 
8.611244e-004
9  3  6  5  2  8  0  0  0  0 
1.618301e-003
9  10   3   6   5   2   8   0   0   0 
7.228140e-016
9  10   0   0   0   0   0   0   0   0 
6.513830e-004
9   3  10   0   0   0   0   0   0   0 
7.124900e-016
9   7   4   1  11   0   0   0   0   0 
1.630782e-003
9   3   6   4   1  11   0   0   0   0 
7.206110e-016
9   3   6   5   1  11   0   0   0   0 
7.205651e-016
10   3   6   4   1   0   0   0   0   0 
9.096545e-004
10   9   7   4   1   0   0   0   0   0 
1.001161e-003
10   3   6   5   1   0   0   0   0   0 
9.221352e-004
10   3   6   5   2   0   0   0   0   0 
2.673671e-003
10   9   3   6   5   2   0   0   0   0 
7.290062e-016
10   3   0   0   0   0   0   0   0   0 
2.774746e-003
10   9   3   0   0   0   0   0   0   0 
7.292708e-016
10   3   6   4   0   0   0   0   0   0 
4.929509e-004
10   9   7   4   0   0   0   0   0   0 
5.226131e-004
10   3   9   7   4   0   0   0   0   0 
7.136456e-016
10   3   6   5   0   0   0   0   0   0 
2.593178e-003
10   9   3   6   5   0   0   0   0   0 
7.287815e-016
10   3   6   0   0   0   0   0   0   0 
1.576730e-003
10   9   3   6   0   0   0   0   0   0 
7.243003e-016
10   9   7   0   0   0   0   0   0   0 
8.909617e-003
10   3   9   7   0   0   0   0   0   0 
7.325597e-016
10   3   6   5   2   8   0   0   0   0 
9.383574e-003
10   9   3   6   5   2   8   0   0   0 
7.338164e-016
10   3   6   5   1  11   8   0   0   0 
7.314113e-016
10   9   0   0   0   0   0   0   0   0 
9.563810e-004
10   3   9   0   0   0   0   0   0   0 
7.178990e-016
10   3   6   4   1  11   0   0   0   0 
3.496708e-003
10   3   6   5   1  11   0   0   0   0 
3.477643e-003
10   9   7   4   1  11   0   0   0   0 
4.902783e-003
11   1   0   0   0   0   0   0   0   0 
3.080099e-002
11   8   2   5   1   0   0   0   0   0 
2.443778e-016
11   8   2   0   0   0   0   0   0   0 
4.180042e-003
11   1   5   2   0   0   0   0   0   0 
7.285897e-016
11   1   4   6   3   0   0   0   0   0 
1.138977e-003
11   1   5   6   3   0   0   0   0   0 
1.038238e-003
11   8   2   5   6   3   0   0   0   0 
7.213356e-016
11   1   4   0   0   0   0   0   0   0 
1.593473e-003
11   1   5   6   4   0   0   0   0   0 
3.641078e-016
11   1   5   0   0   0   0   0   0   0 
9.204590e-003
11   8   2   5   0   0   0   0   0   0 
7.319135e-016
11   1   4   6   5   0   0   0   0   0 
3.660545e-016
11   1   4   6   0   0   0   0   0   0 
2.633658e-003
11   1   5   6   0   0   0   0   0   0 
2.492357e-003
11   8   2   5   6   0   0   0   0   0 
7.279024e-016
11   1   4   7   0   0   0   0   0   0 
1.971592e-002
11   8   0   0   0   0   0   0   0   0 
1.582855e-002
11   1   5   2   8   0   0   0   0   0 
2.442217e-016
11   1   4   7   9   0   0   0   0   0 
4.085450e-004
11   1   4   6   3   9   0   0   0   0 
6.760519e-016
11   1   5   6   3   9   0   0   0   0 
6.766079e-016
11   1   4   7   9  10   0   0   0   0 
8.038322e-004
11   1   5   6   3  10   0   0   0   0 
6.768809e-004
11   1   4   6   3  10   0   0   0   0 
7.020459e-004
