1  5  2  0  0  0  0  0  0  0 
7.586893e-003
1  11   8   2   0   0   0   0   0   0 
1.311636e-017
1  4  6  5  2  0  0  0  0  0 
6.557943e-018
1  4  6  3  0  0  0  0  0  0 
1.104692e-003
1  5  6  3  0  0  0  0  0  0 
1.136732e-003
1  4  7  9  3  0  0  0  0  0 
1.322651e-017
1  4  0  0  0  0  0  0  0  0 
1.302270e-003
1  5  6  4  0  0  0  0  0  0 
6.548394e-018
1  5  0  0  0  0  0  0  0  0 
5.077807e-003
1  4  6  5  0  0  0  0  0  0 
6.557273e-018
1  11   8   2   5   0   0   0   0   0 
4.374409e-018
1  4  6  0  0  0  0  0  0  0 
7.401351e-004
1  5  6  0  0  0  0  0  0  0 
8.191069e-004
1  4  7  0  0  0  0  0  0  0 
5.623552e-003
1  5  6  4  7  0  0  0  0  0 
6.560319e-018
1  11   8   0   0   0   0   0   0   0 
1.179143e-002
1  5  2  8  0  0  0  0  0  0 
1.311790e-017
1  4  6  5  2  8  0  0  0  0 
4.374432e-018
1  4  7  9  0  0  0  0  0  0 
2.783650e-004
1  4  6  3  9  0  0  0  0  0 
1.013987e-017
1  5  6  3  9  0  0  0  0  0 
1.037305e-017
1   4   6   3  10   0   0   0   0   0 
1.963152e-003
1   5   6   3  10   0   0   0   0   0 
1.954480e-003
1   4   7   9  10   0   0   0   0   0 
2.470774e-003
1  11   0   0   0   0   0   0   0   0 
3.712111e-002
1   5   2   8  11   0   0   0   0   0 
4.376488e-018
2  5  1  0  0  0  0  0  0  0 
6.076982e-003
2   8  11   1   0   0   0   0   0   0 
1.311289e-017
2  5  6  4  1  0  0  0  0  0 
6.558527e-018
2  5  6  3  0  0  0  0  0  0 
1.271680e-002
2  5  1  4  6  3  0  0  0  0 
6.560228e-018
2  5  1  4  0  0  0  0  0  0 
4.438824e-003
2  5  6  4  0  0  0  0  0  0 
4.801579e-003
2   8  11   1   4   0   0   0   0   0 
1.313305e-017
2  5  0  0  0  0  0  0  0  0 
3.991943e-002
2   8  11   1   5   0   0   0   0   0 
4.376444e-018
2   8  11   1   4   6   5   0   0   0 
2.625667e-018
2  5  6  0  0  0  0  0  0  0 
1.330976e-002
2  5  1  4  6  0  0  0  0  0 
6.560318e-018
2  5  1  4  7  0  0  0  0  0 
1.875038e-002
2  5  6  4  7  0  0  0  0  0 
2.228904e-002
2   8  11   1   4   7   0   0   0   0 
1.313013e-017
2  8  0  0  0  0  0  0  0  0 
2.402601e-002
2   5   1  11   8   0   0   0   0   0 
4.376648e-018
2  5  6  3  9  0  0  0  0  0 
1.805414e-003
2   5   6   3  10   9   0   0   0   0 
1.313829e-017
2  5  1  4  7  9  0  0  0  0 
1.320350e-017
2   5   6   3  10   0   0   0   0   0 
2.039964e-002
2   5   6   3   9  10   0   0   0   0 
1.292922e-017
2   8  11   0   0   0   0   0   0   0 
2.567006e-002
2   5   1  11   0   0   0   0   0   0 
1.312793e-017
3  6  4  1  0  0  0  0  0  0 
1.008858e-003
3  6  5  1  0  0  0  0  0  0 
1.059954e-003
3  9  7  4  1  0  0  0  0  0 
1.297661e-017
3  6  5  2  0  0  0  0  0  0 
5.413958e-003
3  6  4  1  5  2  0  0  0  0 
6.560274e-018
3  6  4  0  0  0  0  0  0  0 
1.035362e-003
3  9  7  4  0  0  0  0  0  0 
1.270783e-017
3  6  5  0  0  0  0  0  0  0 
2.669728e-003
3  6  4  1  5  0  0  0  0  0 
6.556242e-018
3  6  0  0  0  0  0  0  0  0 
3.400305e-003
3  9  7  4  6  0  0  0  0  0 
4.350703e-018
3  10   9   7   4   6   0   0   0   0 
3.277956e-018
3  9  7  0  0  0  0  0  0  0 
2.624847e-003
3  10   9   7   0   0   0   0   0   0 
1.322180e-017
3  6  4  7  0  0  0  0  0  0 
1.332608e-017
3  6  5  2  8  0  0  0  0  0 
7.801426e-003
3   6   4   1  11   8   0   0   0   0 
1.311047e-017
3   6   5   1  11   8   0   0   0   0 
1.311090e-017
3  9  0  0  0  0  0  0  0  0 
2.419733e-003
3  10   9   0   0   0   0   0   0   0 
1.327621e-017
3  6  4  7  9  0  0  0  0  0 
4.383752e-018
3  10   0   0   0   0   0   0   0   0 
1.799010e-003
3   9  10   0   0   0   0   0   0   0 
1.272961e-017
3   6   4   1  11   0   0   0   0   0 
7.386515e-003
3   6   5   1  11   0   0   0   0   0 
7.156406e-003
3   9   7   4   1  11   0   0   0   0 
1.294801e-017
4  1  0  0  0  0  0  0  0  0 
5.426009e-003
4  6  5  1  0  0  0  0  0  0 
6.557451e-018
4  1  5  2  0  0  0  0  0  0 
9.582547e-004
4  6  5  2  0  0  0  0  0  0 
9.638123e-004
4   1  11   8   2   0   0   0   0   0 
1.341774e-017
4  6  3  0  0  0  0  0  0  0 
1.946197e-003
4  7  9  3  0  0  0  0  0  0 
1.297043e-017
4  1  5  6  3  0  0  0  0  0 
6.521397e-018
4  1  5  0  0  0  0  0  0  0 
1.374787e-003
4  6  5  0  0  0  0  0  0  0 
1.360356e-003
4  6  0  0  0  0  0  0  0  0 
1.373938e-003
4  1  5  6  0  0  0  0  0  0 
6.533026e-018
4  7  9  3  6  0  0  0  0  0 
4.349570e-018
4  7  0  0  0  0  0  0  0  0 
7.755069e-003
4  6  3  9  7  0  0  0  0  0 
4.355348e-018
4   6   3  10   9   7   0   0   0   0 
3.280192e-018
4   1  11   8   0   0   0   0   0   0 
1.434913e-002
4  1  5  2  8  0  0  0  0  0 
1.311801e-017
4  6  5  2  8  0  0  0  0  0 
1.310780e-017
4  7  9  0  0  0  0  0  0  0 
4.375600e-004
4  6  3  9  0  0  0  0  0  0 
1.139245e-017
4   6   3  10   9   0   0   0   0   0 
5.760493e-018
4   7   9  10   0   0   0   0   0   0 
4.843374e-004
4   6   3  10   0   0   0   0   0   0 
5.072086e-004
4   6   3   9  10   0   0   0   0   0 
1.364235e-017
4   1  11   0   0   0   0   0   0   0 
8.125828e-003
4   6   5   1  11   0   0   0   0   0 
6.559059e-018
5  1  0  0  0  0  0  0  0  0 
7.009797e-003
5  6  4  1  0  0  0  0  0  0 
6.562051e-018
5   2   8  11   1   0   0   0   0   0 
4.375491e-018
5  2  0  0  0  0  0  0  0  0 
9.606915e-003
5   1  11   8   2   0   0   0   0   0 
4.375790e-018
5  6  3  0  0  0  0  0  0  0 
2.943774e-003
5  1  4  6  3  0  0  0  0  0 
6.553692e-018
5  1  4  0  0  0  0  0  0  0 
1.499579e-003
5  6  4  0  0  0  0  0  0  0 
1.497467e-003
5  6  0  0  0  0  0  0  0  0 
4.244472e-003
5  1  4  6  0  0  0  0  0  0 
6.556256e-018
5  1  4  7  0  0  0  0  0  0 
9.595263e-003
5  6  4  7  0  0  0  0  0  0 
1.094803e-002
5  6  3  9  7  0  0  0  0  0 
1.296232e-017
5  2  8  0  0  0  0  0  0  0 
2.096813e-002
5   1  11   8   0   0   0   0   0   0 
1.312633e-017
5  6  3  9  0  0  0  0  0  0 
8.164540e-004
5  1  4  7  9  0  0  0  0  0 
1.272581e-017
5  6  4  7  9  0  0  0  0  0 
1.271484e-017
5   6   3  10   0   0   0   0   0   0 
2.810494e-003
5   6   3   9  10   0   0   0   0   0 
1.280589e-017
5   1  11   0   0   0   0   0   0   0 
1.802379e-002
5   2   8  11   0   0   0   0   0   0 
1.312872e-017
6  4  1  0  0  0  0  0  0  0 
1.407882e-003
6  5  1  0  0  0  0  0  0  0 
1.463367e-003
6  5  2  0  0  0  0  0  0  0 
3.240035e-003
6  4  1  5  2  0  0  0  0  0 
6.557614e-018
6  3  0  0  0  0  0  0  0  0 
4.235400e-003
6  4  7  9  3  0  0  0  0  0 
4.370420e-018
6   4   7   9  10   3   0   0   0   0 
3.276901e-018
6  4  0  0  0  0  0  0  0  0 
1.065174e-003
6  5  1  4  0  0  0  0  0  0 
6.508351e-018
6  3  9  7  4  0  0  0  0  0 
4.312452e-018
6  5  0  0  0  0  0  0  0  0 
4.234386e-003
6  4  1  5  0  0  0  0  0  0 
6.559159e-018
6  4  7  0  0  0  0  0  0  0 
4.872244e-003
6  3  9  7  0  0  0  0  0  0 
1.291998e-017
6  5  2  8  0  0  0  0  0  0 
1.123741e-002
6   4   1  11   8   0   0   0   0   0 
1.311823e-017
6   5   1  11   8   0   0   0   0   0 
1.311868e-017
6  3  9  0  0  0  0  0  0  0 
3.509730e-004
6   3  10   9   0   0   0   0   0   0 
1.431404e-017
6  4  7  9  0  0  0  0  0  0 
1.456323e-017
6   3  10   0   0   0   0   0   0   0 
1.711840e-003
6   3   9  10   0   0   0   0   0   0 
1.261260e-017
6   4   7   9  10   0   0   0   0   0 
6.477698e-018
6   4   1  11   0   0   0   0   0   0 
2.312422e-003
6   5   1  11   0   0   0   0   0   0 
2.339394e-003
6   5   2   8  11   0   0   0   0   0 
1.316022e-017
7  4  1  0  0  0  0  0  0  0 
6.996805e-003
7  4  6  5  1  0  0  0  0  0 
6.558536e-018
7  4  6  5  2  0  0  0  0  0 
5.855573e-003
7  4  1  5  2  0  0  0  0  0 
4.633192e-003
7  9  3  6  5  2  0  0  0  0 
1.309576e-017
7  9  3  0  0  0  0  0  0  0 
9.553135e-003
7  4  6  3  0  0  0  0  0  0 
1.314299e-017
7   9  10   3   0   0   0   0   0   0 
1.307855e-017
7  4  0  0  0  0  0  0  0  0 
3.517790e-002
7  9  3  6  4  0  0  0  0  0 
4.374306e-018
7   9  10   3   6   4   0   0   0   0 
3.279405e-018
7  4  6  5  0  0  0  0  0  0 
4.632190e-003
7  4  1  5  0  0  0  0  0  0 
3.844193e-003
7  9  3  6  5  0  0  0  0  0 
1.309230e-017
7  4  6  0  0  0  0  0  0  0 
4.387736e-003
7  9  3  6  0  0  0  0  0  0 
1.308267e-017
7   4   1  11   8   0   0   0   0   0 
2.792789e-002
7  4  6  5  2  8  0  0  0  0 
1.311493e-017
7  4  1  5  2  8  0  0  0  0 
1.312397e-017
7  9  0  0  0  0  0  0  0  0 
2.740034e-003
7  4  6  3  9  0  0  0  0  0 
4.349232e-018
7   4   6   3  10   9   0   0   0   0 
3.277254e-018
7   9  10   0   0   0   0   0   0   0 
8.741495e-003
7   9   3  10   0   0   0   0   0   0 
1.315168e-017
7   4   6   3  10   0   0   0   0   0 
6.574467e-018
7   4   1  11   0   0   0   0   0   0 
2.629298e-002
8  11   1   0   0   0   0   0   0   0 
6.921975e-003
8  2  5  1  0  0  0  0  0  0 
1.311175e-017
8  2  0  0  0  0  0  0  0  0 
1.188205e-003
8  11   1   5   2   0   0   0   0   0 
4.362234e-018
8  11   1   4   6   5   2   0   0   0 
2.617718e-018
8  2  5  6  3  0  0  0  0  0 
3.174215e-003
8  11   1   5   6   3   0   0   0   0 
1.305624e-017
8  11   1   4   6   3   0   0   0   0 
1.303792e-017
8  11   1   4   0   0   0   0   0   0 
3.518956e-003
8  2  5  1  4  0  0  0  0  0 
1.304522e-017
8  2  5  6  4  0  0  0  0  0 
1.304319e-017
8  2  5  0  0  0  0  0  0  0 
7.674058e-003
8  11   1   5   0   0   0   0   0   0 
1.312285e-017
8  2  5  6  0  0  0  0  0  0 
4.772494e-003
8  11   1   5   6   0   0   0   0   0 
1.309293e-017
8  11   1   4   6   0   0   0   0   0 
1.307755e-017
8  11   1   4   7   0   0   0   0   0 
2.116799e-002
8  2  5  1  4  7  0  0  0  0 
1.312298e-017
8  2  5  6  4  7  0  0  0  0 
1.312263e-017
8  11   1   4   7   9   0   0   0   0 
4.429959e-004
8  2  5  6  3  9  0  0  0  0 
5.343671e-004
8  11   1   5   6   3   9   0   0   0 
1.416268e-017
8   2   5   6   3  10   0   0   0   0 
6.088023e-003
8   2   5   6   3   9  10   0   0   0 
1.286541e-017
8  11   1   4   7   9  10   0   0   0 
1.303584e-017
8  11   0   0   0   0   0   0   0   0 
6.910656e-002
8   2   5   1  11   0   0   0   0   0 
4.376758e-018
9  7  4  1  0  0  0  0  0  0 
1.520573e-003
9  3  6  4  1  0  0  0  0  0 
1.276813e-017
9  3  6  5  1  0  0  0  0  0 
1.276838e-017
9  3  6  5  2  0  0  0  0  0 
8.096960e-004
9  10   3   6   5   2   0   0   0   0 
1.215868e-017
9  7  4  6  5  2  0  0  0  0 
1.231360e-017
9  3  0  0  0  0  0  0  0  0 
6.085783e-003
9  10   3   0   0   0   0   0   0   0 
1.307038e-017
9  7  4  6  3  0  0  0  0  0 
4.374865e-018
9  7  4  0  0  0  0  0  0  0 
1.612373e-003
9  3  6  4  0  0  0  0  0  0 
1.291789e-017
9  10   3   6   4   0   0   0   0   0 
6.470725e-018
9  3  6  5  0  0  0  0  0  0 
2.182231e-003
9  10   3   6   5   0   0   0   0   0 
1.290559e-017
9  7  4  6  5  0  0  0  0  0 
1.298737e-017
9  3  6  0  0  0  0  0  0  0 
2.892910e-004
9  10   3   6   0   0   0   0   0   0 
1.740542e-017
9  7  4  6  0  0  0  0  0  0 
1.838764e-017
9  7  0  0  0  0  0  0  0  0 
3.576991e-003
9  3  6  4  7  0  0  0  0  0 
4.370363e-018
9  10   3   6   4   7   0   0   0   0 
3.276558e-018
9   7   4   1  11   8   0   0   0   0 
1.319534e-003
9  3  6  5  2  8  0  0  0  0 
1.777064e-003
9  10   3   6   5   2   8   0   0   0 
1.310609e-017
9  10   0   0   0   0   0   0   0   0 
2.208160e-003
9   3  10   0   0   0   0   0   0   0 
1.313784e-017
9   7   4   1  11   0   0   0   0   0 
2.323609e-003
9   3   6   4   1  11   0   0   0   0 
1.293929e-017
9   3   6   5   1  11   0   0   0   0 
1.293963e-017
10   3   6   4   1   0   0   0   0   0 
9.722967e-004
10   9   7   4   1   0   0   0   0   0 
1.063065e-003
10   3   6   5   1   0   0   0   0   0 
1.025317e-003
10   3   6   5   2   0   0   0   0   0 
2.714924e-003
10   9   3   6   5   2   0   0   0   0 
1.302645e-017
10   3   0   0   0   0   0   0   0   0 
5.542835e-003
10   9   3   0   0   0   0   0   0   0 
1.306438e-017
10   3   6   4   0   0   0   0   0   0 
1.000365e-003
10   9   7   4   0   0   0   0   0   0 
1.096840e-003
10   3   9   7   4   0   0   0   0   0 
1.300769e-017
10   3   6   5   0   0   0   0   0   0 
4.389793e-003
10   9   3   6   5   0   0   0   0   0 
1.305453e-017
10   3   6   0   0   0   0   0   0   0 
1.623685e-003
10   9   3   6   0   0   0   0   0   0 
1.298268e-017
10   9   7   0   0   0   0   0   0   0 
1.233481e-002
10   3   9   7   0   0   0   0   0   0 
1.296637e-017
10   3   6   5   2   8   0   0   0   0 
9.541411e-003
10   9   3   6   5   2   8   0   0   0 
1.307352e-017
10   3   6   5   1  11   8   0   0   0 
1.311571e-017
10   9   0   0   0   0   0   0   0   0 
7.289450e-004
10   3   9   0   0   0   0   0   0   0 
1.274909e-017
10   3   6   4   1  11   0   0   0   0 
3.427242e-003
10   3   6   5   1  11   0   0   0   0 
3.428849e-003
10   9   7   4   1  11   0   0   0   0 
4.402438e-003
11   1   0   0   0   0   0   0   0   0 
2.365897e-002
11   8   2   5   1   0   0   0   0   0 
4.376457e-018
11   8   2   0   0   0   0   0   0   0 
6.420430e-003
11   1   5   2   0   0   0   0   0   0 
1.312360e-017
11   1   4   6   3   0   0   0   0   0 
3.129544e-003
11   1   5   6   3   0   0   0   0   0 
2.898701e-003
11   8   2   5   6   3   0   0   0   0 
1.314706e-017
11   1   4   0   0   0   0   0   0   0 
1.874304e-003
11   1   5   6   4   0   0   0   0   0 
6.552677e-018
11   1   5   0   0   0   0   0   0   0 
1.176360e-002
11   8   2   5   0   0   0   0   0   0 
1.312377e-017
11   1   4   6   5   0   0   0   0   0 
6.560507e-018
11   1   4   6   0   0   0   0   0   0 
1.857886e-003
11   1   5   6   0   0   0   0   0   0 
1.842010e-003
11   8   2   5   6   0   0   0   0   0 
1.318871e-017
11   1   4   7   0   0   0   0   0   0 
2.427707e-002
11   8   0   0   0   0   0   0   0   0 
2.590167e-002
11   1   5   2   8   0   0   0   0   0 
4.376415e-018
11   1   4   7   9   0   0   0   0   0 
1.107776e-003
11   1   4   6   3   9   0   0   0   0 
1.222969e-017
11   1   5   6   3   9   0   0   0   0 
1.225887e-017
11   1   4   7   9  10   0   0   0   0 
1.029607e-003
11   1   5   6   3  10   0   0   0   0 
1.003347e-003
11   1   4   6   3  10   0   0   0   0 
9.362906e-004
