2 1 0.202352 0.002229 * 2  5  1  0 
2 1 0.302911 0.002229 * 2   8  11   1 
3 1 0.303233 0.000844 * 3  6  4  1 
3 1 0.301646 0.000844 * 3  6  5  1 
4 1 0.101360 0.000741 * 4  1 
5 1 0.100330 0.007326 * 5  1 
6 1 0.202535 0.000457 * 6  4  1 
6 1 0.200948 0.000457 * 6  5  1 
7 1 0.202545 0.006530 * 7  4  1 
8 1 0.201979 0.005115 * 8  11   1 
9 1 0.403344 0.000484 * 9  3  6  4  1 
9 1 0.401756 0.000484 * 9  3  6  5  1 
9 1 0.302806 0.000242 * 9  7  4  1  0 
10 1 0.403565 0.000543 * 10   3   6   4   1   0 
10 1 0.401978 0.000543 * 10   3   6   5   1   0 
10 1 0.503510 0.000815 * 10   9   3   6   4   1 
10 1 0.501923 0.000815 * 10   9   3   6   5   1 
10 1 0.402972 0.000445 * 10   9   7   4   1   0 
11 1 0.101036 0.031513 * 11   1 
1 2 0.201150 0.001542 * 1  5  2  0 
1 2 0.303069 0.001542 * 1  11   8   2 
3 2 0.302099 0.004383 * 3  6  5  2 
4 2 0.302510 0.001545 * 4  1  5  2  0 
4 2 0.404429 0.001545 * 4   1  11   8   2 
4 2 0.301631 0.001038 * 4  6  5  2  0 
5 2 0.100783 0.007644 * 5  2 
6 2 0.201401 0.003949 * 6  5  2 
7 2 0.403694 0.002339 * 7  4  1  5  2  0 
7 2 0.505613 0.002339 * 7   4   1  11   8   2 
7 2 0.402815 0.001572 * 7  4  6  5  2  0 
7 2 0.502400 0.000888 * 7  9  3  6  5  2 
8 2 0.100302 0.003069 * 8  2 
9 2 0.402210 0.001086 * 9  3  6  5  2 
10 2 0.402431 0.001784 * 10   3   6   5   2   0 
10 2 0.502376 0.001784 * 10   9   3   6   5   2 
11 2 0.201124 0.004025 * 11   8   2 
1 3 0.301779 0.000848 * 1  4  6  3  0 
1 3 0.402247 0.000848 * 1  4  7  9  3 
1 3 0.303000 0.000635 * 1  5  6  3  0 
2 3 0.304656 0.019000 * 2  5  6  3 
4 3 0.201089 0.000947 * 4  6  3  0 
4 3 0.301557 0.000947 * 4  7  9  3 
5 3 0.202633 0.002453 * 5  6  3 
6 3 0.100859 0.004220 * 6  3 
7 3 0.200300 0.001902 * 7  9  3 
8 3 0.404958 0.000366 * 8  2  5  6  3  0  0 
8 3 0.503758 0.001099 * 8  11   1   4   6   3   0 
8 3 0.604226 0.001099 * 8  11   1   4   7   9   3 
8 3 0.504979 0.001099 * 8  11   1   5   6   3   0 
9 3 0.100111 0.003748 * 9  3 
10 3 0.200277 0.002066 * 10   9   3 
10 3 0.100332 0.002066 * 10   3   0 
11 3 0.402815 0.001236 * 11   1   4   6   3   0 
11 3 0.503283 0.001236 * 11   1   4   7   9   3 
11 3 0.404035 0.000926 * 11   1   5   6   3   0 
1 4 0.100690 0.001338 * 1  4 
2 4 0.303043 0.004465 * 2  5  1  4  0 
2 4 0.304972 0.004465 * 2  5  6  4  0 
2 4 0.403601 0.003525 * 2   8  11   1   4 
3 4 0.201873 0.000438 * 3  6  4  0 
3 4 0.301607 0.000438 * 3  9  7  4 
5 4 0.201020 0.001107 * 5  1  4 
5 4 0.202949 0.001107 * 5  6  4 
6 4 0.101175 0.000529 * 6  4 
7 4 0.101184 0.035703 * 7  4 
8 4 0.302669 0.002756 * 8  11   1   4 
9 4 0.201446 0.000276 * 9  7  4 
10 4 0.302205 0.000279 * 10   3   6   4   0 
10 4 0.401939 0.000279 * 10   3   9   7   4 
10 4 0.301612 0.000139 * 10   9   7   4   0 
11 4 0.201726 0.001710 * 11   1   4 
1 5 0.100367 0.004810 * 1  5 
2 5 0.102023 0.044807 * 2  5 
3 5 0.201316 0.003198 * 3  6  5 
4 5 0.201727 0.000883 * 4  1  5 
4 5 0.200847 0.000883 * 4  6  5 
6 5 0.100618 0.006354 * 6  5 
7 5 0.302911 0.002464 * 7  4  1  5  0 
7 5 0.302032 0.002464 * 7  4  6  5  0 
7 5 0.401616 0.001766 * 7  9  3  6  5 
8 5 0.202325 0.003980 * 8  2  5  0 
8 5 0.302346 0.003980 * 8  11   1   5 
9 5 0.301427 0.002689 * 9  3  6  5 
10 5 0.301648 0.001795 * 10   3   6   5   0 
10 5 0.401593 0.001795 * 10   9   3   6   5 
11 5 0.201402 0.010846 * 11   1   5 
1 6 0.200919 0.001351 * 1  4  6 
1 6 0.202140 0.001351 * 1  5  6 
2 6 0.203797 0.012589 * 2  5  6 
3 6 0.100698 0.001116 * 3  6 
4 6 0.100229 0.001323 * 4  6 
5 6 0.101774 0.005914 * 5  6 
7 6 0.201414 0.001181 * 7  4  6  0 
7 6 0.300998 0.001181 * 7  9  3  6 
8 6 0.304099 0.000826 * 8  2  5  6  0 
8 6 0.402899 0.001652 * 8  11   1   4   6 
8 6 0.404120 0.001652 * 8  11   1   5   6 
9 6 0.200809 0.000258 * 9  3  6 
10 6 0.201030 0.000793 * 10   3   6   0 
10 6 0.300975 0.000793 * 10   9   3   6 
11 6 0.301955 0.001731 * 11   1   4   6 
11 6 0.303176 0.001731 * 11   1   5   6 
1 7 0.201946 0.005511 * 1  4  7 
2 7 0.404299 0.013279 * 2  5  1  4  7  0 
2 7 0.505078 0.014392 * 2  5  6  3  9  7 
2 7 0.406228 0.014392 * 2  5  6  4  7  0 
2 7 0.504857 0.010002 * 2   8  11   1   4   7 
3 7 0.200422 0.002299 * 3  9  7 
4 7 0.101256 0.003695 * 4  7 
5 7 0.302276 0.004040 * 5  1  4  7  0 
5 7 0.403056 0.004378 * 5  6  3  9  7 
5 7 0.304205 0.004378 * 5  6  4  7  0 
6 7 0.301282 0.001448 * 6  3  9  7 
6 7 0.202431 0.001448 * 6  4  7  0 
8 7 0.403926 0.017703 * 8  11   1   4   7 
9 7 0.100261 0.003497 * 9  7 
10 7 0.300754 0.004201 * 10   3   9   7 
10 7 0.200428 0.004201 * 10   9   7   0 
11 7 0.302982 0.022564 * 11   1   4   7 
1 8 0.302081 0.006660 * 1  5  2  8 
1 8 0.202767 0.006660 * 1  11   8   0 
2 8 0.100931 0.023981 * 2  8 
3 8 0.403031 0.005174 * 3  6  5  2  8 
4 8 0.403441 0.004727 * 4  1  5  2  8 
4 8 0.304127 0.004727 * 4   1  11   8   0 
4 8 0.402562 0.003301 * 4  6  5  2  8 
5 8 0.201714 0.019188 * 5  2  8 
6 8 0.302333 0.006090 * 6  5  2  8 
7 8 0.504626 0.009365 * 7  4  1  5  2  8 
7 8 0.405311 0.009365 * 7   4   1  11   8   0 
7 8 0.503746 0.006540 * 7  4  6  5  2  8 
9 8 0.503141 0.000233 * 9  3  6  5  2  8  0 
9 8 0.604887 0.000698 * 9  7  4  1  5  2  8 
9 8 0.505572 0.000698 * 9   7   4   1  11   8   0 
9 8 0.604008 0.000698 * 9  7  4  6  5  2  8 
10 8 0.503363 0.000788 * 10   3   6   5   2   8   0   0 
10 8 0.603308 0.001001 * 10   9   3   6   5   2   8   0 
10 8 0.705053 0.003002 * 10   9   7   4   1   5   2   8 
10 8 0.605739 0.003002 * 10   9   7   4   1  11   8   0 
10 8 0.704174 0.003002 * 10   9   7   4   6   5   2   8 
11 8 0.100822 0.025178 * 11   8 
1 9 0.401940 0.000162 * 1  4  6  3  9 
1 9 0.302136 0.000162 * 1  4  7  9  0 
2 9 0.604292 0.000918 * 2  5  1  4  6  3  9 
2 9 0.504488 0.000918 * 2  5  1  4  7  9  0 
2 9 0.404817 0.000770 * 2  5  6  3  9  0  0 
3 9 0.100161 0.006158 * 3  9 
4 9 0.301250 0.000212 * 4  6  3  9 
4 9 0.201446 0.000212 * 4  7  9  0 
5 9 0.502269 0.001662 * 5  1  4  6  3  9 
5 9 0.402466 0.001662 * 5  1  4  7  9  0 
5 9 0.302794 0.001259 * 5  6  3  9  0  0 
6 9 0.201020 0.000229 * 6  3  9 
7 9 0.100190 0.002922 * 7  9 
8 9 0.704595 0.000161 * 8  2  5  1  4  6  3  9 
8 9 0.604791 0.000161 * 8  2  5  1  4  7  9  0 
8 9 0.505119 0.000161 * 8  2  5  6  3  9  0  0 
8 9 0.603919 0.000108 * 8  11   1   4   6   3   9   0 
8 9 0.504115 0.000108 * 8  11   1   4   7   9   0   0 
10 9 0.200493 0.000529 * 10   3   9 
10 9 0.100166 0.000529 * 10   9   0 
11 9 0.502976 0.000298 * 11   1   4   6   3   9 
11 9 0.403172 0.000298 * 11   1   4   7   9   0 
1 10 0.502071 0.001220 * 1   4   6   3   9  10 
1 10 0.402204 0.001220 * 1   4   6   3  10   0 
1 10 0.402267 0.000610 * 1   4   7   9  10   0 
1 10 0.503292 0.001121 * 1   5   6   3   9  10 
1 10 0.403425 0.001121 * 1   5   6   3  10   0 
2 10 0.504949 0.013637 * 2   5   6   3   9  10 
2 10 0.405081 0.013637 * 2   5   6   3  10   0 
3 10 0.200293 0.000828 * 3   9  10 
3 10 0.100425 0.000828 * 3  10   0 
4 10 0.401381 0.000264 * 4   6   3   9  10 
4 10 0.301513 0.000264 * 4   6   3  10   0 
4 10 0.301577 0.000132 * 4   7   9  10   0 
5 10 0.402926 0.000864 * 5   6   3   9  10 
5 10 0.303058 0.000864 * 5   6   3  10   0 
6 10 0.301152 0.000611 * 6   3   9  10 
6 10 0.201284 0.000611 * 6   3  10   0 
7 10 0.200321 0.007289 * 7   9  10 
8 10 0.605251 0.000533 * 8   2   5   6   3   9  10   0 
8 10 0.505383 0.000533 * 8   2   5   6   3  10   0   0 
8 10 0.704051 0.001332 * 8  11   1   4   6   3   9  10 
8 10 0.604183 0.001332 * 8  11   1   4   6   3  10   0 
8 10 0.604247 0.000719 * 8  11   1   4   7   9  10   0 
8 10 0.705272 0.001322 * 8  11   1   5   6   3   9  10 
8 10 0.605404 0.001322 * 8  11   1   5   6   3  10   0 
9 10 0.100131 0.000869 * 9  10 
11 10 0.603107 0.000510 * 11   1   4   6   3   9  10 
11 10 0.503239 0.000510 * 11   1   4   6   3  10   0 
11 10 0.503303 0.000255 * 11   1   4   7   9  10   0 
11 10 0.604328 0.000469 * 11   1   5   6   3   9  10 
11 10 0.504460 0.000469 * 11   1   5   6   3  10   0 
1 11 0.101944 0.049576 * 1  11 
2 11 0.201875 0.025554 * 2   8  11 
3 11 0.405178 0.004060 * 3   6   4   1  11   0 
3 11 0.403590 0.007245 * 3   6   5   1  11   0 
3 11 0.503974 0.007245 * 3   6   5   2   8  11 
4 11 0.203305 0.011760 * 4   1  11 
5 11 0.202274 0.009137 * 5   1  11   0 
5 11 0.302658 0.009137 * 5   2   8  11 
6 11 0.304480 0.000860 * 6   4   1  11   0 
6 11 0.302892 0.001535 * 6   5   1  11   0 
6 11 0.403276 0.001535 * 6   5   2   8  11 
7 11 0.304489 0.021519 * 7   4   1  11 
8 11 0.100943 0.041680 * 8  11 
9 11 0.505288 0.000678 * 9   3   6   4   1  11   0 
9 11 0.503701 0.000678 * 9   3   6   5   1  11   0 
9 11 0.604085 0.000678 * 9   3   6   5   2   8  11 
9 11 0.404750 0.000226 * 9   7   4   1  11   0   0 
10 11 0.505510 0.001702 * 10   3   6   4   1  11   0   0 
10 11 0.503922 0.001702 * 10   3   6   5   1  11   0   0 
10 11 0.604306 0.001702 * 10   3   6   5   2   8  11   0 
10 11 0.605455 0.002237 * 10   9   3   6   4   1  11   0 
10 11 0.603867 0.002237 * 10   9   3   6   5   1  11   0 
10 11 0.704251 0.002237 * 10   9   3   6   5   2   8  11 
10 11 0.504917 0.000746 * 10   9   7   4   1  11   0   0 
