2 1 2 0.004457 * 2  5  1 
3 1 3 0.000844 * 3  6  4  1 
3 1 3 0.000844 * 3  6  5  1 
4 1 1 0.000741 * 4  1 
5 1 1 0.007326 * 5  1 
6 1 2 0.000457 * 6  4  1 
6 1 2 0.000457 * 6  5  1 
7 1 2 0.006530 * 7  4  1 
8 1 2 0.005115 * 8  11   1 
9 1 3 0.001209 * 9  7  4  1 
10 1 4 0.001054 * 10   3   6   4   1 
10 1 4 0.001054 * 10   3   6   5   1 
10 1 4 0.001054 * 10   9   7   4   1 
11 1 1 0.031513 * 11   1 
1 2 2 0.003084 * 1  5  2 
3 2 3 0.004383 * 3  6  5  2 
4 2 3 0.002064 * 4  1  5  2 
4 2 3 0.002064 * 4  6  5  2 
5 2 1 0.007644 * 5  2 
6 2 2 0.003949 * 6  5  2 
7 2 4 0.003570 * 7  4  1  5  2 
7 2 4 0.003570 * 7  4  6  5  2 
8 2 1 0.003069 * 8  2 
9 2 4 0.001086 * 9  3  6  5  2 
10 2 4 0.003568 * 10   3   6   5   2 
11 2 2 0.004025 * 11   8   2 
1 3 3 0.001165 * 1  4  6  3 
1 3 3 0.001165 * 1  5  6  3 
2 3 3 0.019000 * 2  5  6  3 
4 3 2 0.001894 * 4  6  3 
5 3 2 0.002453 * 5  6  3 
6 3 1 0.004220 * 6  3 
7 3 2 0.001902 * 7  9  3 
8 3 4 0.003662 * 8  2  5  6  3 
9 3 1 0.003748 * 9  3 
10 3 1 0.004132 * 10   3 
11 3 4 0.001699 * 11   1   4   6   3 
11 3 4 0.001699 * 11   1   5   6   3 
1 4 1 0.001338 * 1  4 
2 4 3 0.006228 * 2  5  1  4 
2 4 3 0.006228 * 2  5  6  4 
3 4 2 0.000877 * 3  6  4 
5 4 2 0.001107 * 5  1  4 
5 4 2 0.001107 * 5  6  4 
6 4 1 0.000529 * 6  4 
7 4 1 0.035703 * 7  4 
8 4 3 0.002756 * 8  11   1   4 
9 4 2 0.000276 * 9  7  4 
10 4 3 0.000348 * 10   3   6   4 
10 4 3 0.000348 * 10   9   7   4 
11 4 2 0.001710 * 11   1   4 
1 5 1 0.004810 * 1  5 
2 5 1 0.044807 * 2  5 
3 5 2 0.003198 * 3  6  5 
4 5 2 0.000883 * 4  1  5 
4 5 2 0.000883 * 4  6  5 
6 5 1 0.006354 * 6  5 
7 5 3 0.003347 * 7  4  1  5 
7 5 3 0.003347 * 7  4  6  5 
8 5 2 0.007960 * 8  2  5 
9 5 3 0.002689 * 9  3  6  5 
10 5 3 0.003591 * 10   3   6   5 
11 5 2 0.010846 * 11   1   5 
1 6 2 0.001351 * 1  4  6 
1 6 2 0.001351 * 1  5  6 
2 6 2 0.012589 * 2  5  6 
3 6 1 0.001116 * 3  6 
4 6 1 0.001323 * 4  6 
5 6 1 0.005914 * 5  6 
7 6 2 0.002361 * 7  4  6 
8 6 3 0.004129 * 8  2  5  6 
9 6 2 0.000258 * 9  3  6 
10 6 2 0.001586 * 10   3   6 
11 6 3 0.001731 * 11   1   4   6 
11 6 3 0.001731 * 11   1   5   6 
1 7 2 0.005511 * 1  4  7 
2 7 4 0.026032 * 2  5  1  4  7 
2 7 4 0.026032 * 2  5  6  4  7 
3 7 2 0.002299 * 3  9  7 
4 7 1 0.003695 * 4  7 
5 7 3 0.006398 * 5  1  4  7 
5 7 3 0.006398 * 5  6  4  7 
6 7 2 0.002896 * 6  4  7 
8 7 4 0.017703 * 8  11   1   4   7 
9 7 1 0.003497 * 9  7 
10 7 2 0.008401 * 10   9   7 
11 7 3 0.022564 * 11   1   4   7 
1 8 2 0.013319 * 1  11   8 
2 8 1 0.023981 * 2  8 
3 8 4 0.005174 * 3  6  5  2  8 
4 8 3 0.012754 * 4   1  11   8 
5 8 2 0.019188 * 5  2  8 
6 8 3 0.006090 * 6  5  2  8 
7 8 4 0.025270 * 7   4   1  11   8 
9 8 5 0.001164 * 9  3  6  5  2  8 
9 8 5 0.001164 * 9   7   4   1  11   8 
10 8 5 0.010794 * 10   3   6   5   2   8 
11 8 1 0.025178 * 11   8 
1 9 3 0.000324 * 1  4  7  9 
2 9 4 0.002606 * 2  5  6  3  9 
3 9 1 0.006158 * 3  9 
4 9 2 0.000425 * 4  7  9 
5 9 3 0.004584 * 5  6  3  9 
6 9 2 0.000229 * 6  3  9 
7 9 1 0.002922 * 7  9 
8 9 5 0.000350 * 8  2  5  6  3  9 
8 9 5 0.000350 * 8  11   1   4   7   9 
10 9 1 0.001059 * 10   9 
11 9 4 0.000596 * 11   1   4   7   9 
1 10 4 0.001430 * 1   4   6   3  10 
1 10 4 0.001430 * 1   4   7   9  10 
1 10 4 0.002432 * 1   5   6   3  10 
2 10 4 0.027275 * 2   5   6   3  10 
3 10 1 0.001655 * 3  10 
4 10 3 0.000330 * 4   6   3  10 
4 10 3 0.000330 * 4   7   9  10 
5 10 3 0.001728 * 5   6   3  10 
6 10 2 0.001223 * 6   3  10 
7 10 2 0.007289 * 7   9  10 
8 10 5 0.007091 * 8   2   5   6   3  10 
9 10 1 0.000869 * 9  10 
11 10 5 0.000737 * 11   1   4   6   3  10 
11 10 5 0.000737 * 11   1   4   7   9  10 
11 10 5 0.000739 * 11   1   5   6   3  10 
1 11 1 0.049576 * 1  11 
2 11 2 0.025554 * 2   8  11 
3 11 4 0.009275 * 3   6   4   1  11 
3 11 4 0.009275 * 3   6   5   1  11 
4 11 2 0.011760 * 4   1  11 
5 11 2 0.018275 * 5   1  11 
6 11 3 0.001965 * 6   4   1  11 
6 11 3 0.001965 * 6   5   1  11 
7 11 3 0.021519 * 7   4   1  11 
8 11 1 0.041680 * 8  11 
9 11 4 0.002259 * 9   7   4   1  11 
10 11 5 0.004188 * 10   3   6   4   1  11 
10 11 5 0.004188 * 10   3   6   5   1  11 
10 11 5 0.004188 * 10   9   7   4   1  11 
