2  5  1 
0.008089
3  6  4  1 
0.000810
3  6  5  1 
0.000810
4  1 
0.005223
5  1 
0.006964
6  4  1 
0.001267
6  5  1 
0.001267
7  4  1 
0.006356
8  2  5  1 
0.003742
8  11   1   0 
0.003742
9  3  6  4  1 
0.000419
9  3  6  5  1 
0.000419
9  7  4  1  0 
0.000210
10   3   6   4   1   0 
0.000496
10   3   6   5   1   0 
0.000496
10   9   3   6   4   1 
0.000744
10   9   3   6   5   1 
0.000744
10   9   7   4   1   0 
0.000398
11   1 
0.023432
1  5  2  0 
0.003646
1  11   8   2 
0.003646
3  6  5  2 
0.005892
4  1  5  2  0 
0.000926
4   1  11   8   2 
0.000926
4  6  5  2  0 
0.000463
5  2 
0.013749
6  5  2 
0.003805
7  4  1  5  2  0 
0.003829
7   4   1  11   8   2 
0.003829
7  4  6  5  2  0 
0.001915
7  9  3  6  5  2 
0.001497
8  2 
0.002659
9  3  6  5  2 
0.000736
10   3   6   5   2   0 
0.001030
10   9   3   6   5   2 
0.001030
11   8   2 
0.004632
1  4  6  3  0 
0.000569
1  4  7  9  3 
0.000569
1  5  6  3  0 
0.000433
2  5  6  3 
0.015693
4  6  3  0 
0.001137
4  7  9  3 
0.001137
5  6  3 
0.003208
6  3 
0.004516
7  9  3 
0.008941
8  2  5  6  3  0  0 
0.000537
8  11   1   4   6   3   0 
0.001610
8  11   1   4   7   9   3 
0.001610
8  11   1   5   6   3   0 
0.001480
9  3 
0.004428
10   9   3 
0.002369
10   3   0 
0.002369
11   1   4   6   3   0 
0.001931
11   1   4   7   9   3 
0.001931
11   1   5   6   3   0 
0.001468
1  4 
0.001076
2  5  1  4 
0.004101
2  5  6  4 
0.004101
3  6  4  0 
0.000489
3  9  7  4 
0.000489
5  1  4 
0.001841
5  6  4 
0.001841
6  4 
0.001219
7  4 
0.022113
8  2  5  1  4 
0.000563
8  2  5  6  4 
0.000563
8  11   1   4   0 
0.000281
9  7  4 
0.001066
10   3   6   4   0 
0.000721
10   3   9   7   4 
0.000721
10   9   7   4   0 
0.000402
11   1   4 
0.002442
1  5 
0.006562
2  5 
0.037328
3  6  5 
0.002970
4  1  5 
0.001694
4  6  5 
0.001694
6  5 
0.004702
7  4  1  5  0 
0.002560
7  4  6  5  0 
0.002560
7  9  3  6  5 
0.001443
8  2  5  0 
0.004109
8  11   1   5 
0.004109
9  3  6  5 
0.002529
10   3   6   5   0 
0.001910
10   9   3   6   5 
0.001910
11   1   5 
0.014351
1  4  6 
0.001037
1  5  6 
0.001037
2  5  6 
0.014686
3  6 
0.003279
4  6 
0.001692
5  6 
0.004082
7  4  6  0 
0.001921
7  9  3  6 
0.001921
8  2  5  6  0 
0.000745
8  11   1   4   6 
0.001490
8  11   1   5   6 
0.001490
9  3  6 
0.000276
10   3   6   0 
0.000659
10   9   3   6 
0.000659
11   1   4   6 
0.001908
11   1   5   6 
0.001908
1  4  7 
0.006896
2  5  1  4  7  0 
0.013164
2  5  6  3  9  7 
0.014232
2  5  6  4  7  0 
0.014232
3  9  7 
0.003460
4  7 
0.003807
5  1  4  7  0 
0.005600
5  6  3  9  7 
0.006054
5  6  4  7  0 
0.006054
6  3  9  7 
0.002008
6  4  7  0 
0.002008
8  2  5  1  4  7  0 
0.005952
8  2  5  6  3  9  7 
0.005952
8  2  5  6  4  7  0 
0.005952
8  11   1   4   7   0   0 
0.001984
9  7 
0.001942
10   3   9   7 
0.005622
10   9   7   0 
0.005622
11   1   4   7 
0.023950
1  5  2  8 
0.006271
1  11   8   0 
0.006271
2  8 
0.024292
3  6  5  2  8 
0.007778
4  1  5  2  8 
0.005567
4   1  11   8   0 
0.005567
4  6  5  2  8 
0.004029
5  2  8 
0.020735
6  5  2  8 
0.011679
7  4  1  5  2  8 
0.009569
7   4   1  11   8   0 
0.009569
7  4  6  5  2  8 
0.006926
9  3  6  5  2  8  0 
0.000255
9  7  4  1  5  2  8 
0.000766
9   7   4   1  11   8   0 
0.000766
9  7  4  6  5  2  8 
0.000766
10   3   6   5   2   8   0   0 
0.000725
10   9   3   6   5   2   8   0 
0.000951
10   9   7   4   1   5   2   8 
0.002853
10   9   7   4   1  11   8   0 
0.002853
10   9   7   4   6   5   2   8 
0.002853
11   8 
0.029718
1  4  6  3  9 
0.000183
1  4  7  9  0 
0.000183
2  5  1  4  6  3  9 
0.000881
2  5  1  4  7  9  0 
0.000881
2  5  6  3  9  0  0 
0.000483
3  9 
0.005959
4  6  3  9 
0.000208
4  7  9  0 
0.000208
5  1  4  6  3  9 
0.000508
5  1  4  7  9  0 
0.000508
5  6  3  9  0  0 
0.000279
6  3  9 
0.000671
7  9 
0.001136
8  2  5  1  4  6  3  9 
0.000268
8  2  5  1  4  7  9  0 
0.000268
8  2  5  6  3  9  0  0 
0.000268
8  11   1   4   6   3   9   0 
0.000179
8  11   1   4   7   9   0   0 
0.000179
10   3   9 
0.000730
10   9   0 
0.000730
11   1   4   6   3   9 
0.000541
11   1   4   7   9   0 
0.000541
1   4   6   3   9  10 
0.001513
1   4   6   3  10   0 
0.001513
1   4   7   9  10   0 
0.000756
1   5   6   3   9  10 
0.001322
1   5   6   3  10   0 
0.001322
2   5   6   3   9  10 
0.009188
2   5   6   3  10   0 
0.009188
3   9  10 
0.000893
3  10   0 
0.000893
4   6   3   9  10 
0.000477
4   6   3  10   0 
0.000477
4   7   9  10   0 
0.000238
5   6   3   9  10 
0.001547
5   6   3  10   0 
0.001547
6   3   9  10 
0.000728
6   3  10   0 
0.000728
7   9  10 
0.008981
8   2   5   6   3   9  10   0 
0.000426
8   2   5   6   3  10   0   0 
0.000426
8  11   1   4   6   3   9  10 
0.001064
8  11   1   4   6   3  10   0 
0.001064
8  11   1   4   7   9  10   0 
0.000797
8  11   1   5   6   3   9  10 
0.001064
8  11   1   5   6   3  10   0 
0.001064
9  10 
0.001941
11   1   4   6   3   9  10 
0.000744
11   1   4   6   3  10   0 
0.000744
11   1   4   7   9  10   0 
0.000372
11   1   5   6   3   9  10 
0.000650
11   1   5   6   3  10   0 
0.000650
1  11 
0.031859
2   5   1  11 
0.014885
2   8  11   0 
0.014885
3   6   4   1  11 
0.008135
3   6   5   1  11 
0.008135
4   1  11 
0.004776
5   1  11 
0.018294
6   4   1  11 
0.002933
6   5   1  11 
0.002933
7   4   1  11 
0.024090
8  11 
0.068150
9   3   6   4   1  11 
0.000506
9   3   6   5   1  11 
0.000506
9   7   4   1  11   0 
0.000253
10   3   6   4   1  11   0 
0.002583
10   3   6   5   1  11   0 
0.002583
10   9   3   6   4   1  11 
0.003012
10   9   3   6   5   1  11 
0.003012
10   9   7   4   1  11   0 
0.001506
