2  5  1  0 
0.004288
2   8  11   1 
0.004288
3  6  4  1 
0.001159
3  6  5  1 
0.001159
4  1 
0.004996
5  1 
0.009797
6  4  1 
0.001112
6  5  1 
0.001112
7  4  1 
0.006386
8  11   1 
0.006557
9  3  6  4  1 
0.000607
9  3  6  5  1 
0.000607
9  7  4  1  0 
0.000303
10   3   6   4   1   0 
0.000511
10   3   6   5   1   0 
0.000511
10   9   3   6   4   1 
0.000766
10   9   3   6   5   1 
0.000766
10   9   7   4   1   0 
0.000469
11   1 
0.021528
1  5  2  0 
0.003926
1  11   8   2 
0.003926
3  6  5  2 
0.005897
4  1  5  2  0 
0.001517
4   1  11   8   2 
0.001517
4  6  5  2  0 
0.000759
5  2 
0.014398
6  5  2 
0.004014
7  4  1  5  2  0 
0.002906
7   4   1  11   8   2 
0.002906
7  4  6  5  2  0 
0.001556
7  9  3  6  5  2 
0.000969
8  2 
0.003069
9  3  6  5  2 
0.000651
10   3   6   5   2   0 
0.001177
10   9   3   6   5   2 
0.001177
11   8   2 
0.004609
1  4  6  3  0 
0.000613
1  4  7  9  3 
0.000613
1  5  6  3  0 
0.000446
2  5  6  3 
0.014959
4  6  3  0 
0.001468
4  7  9  3 
0.001468
5  6  3 
0.002761
6  3 
0.006499
7  9  3 
0.008624
8  2  5  6  3  0  0 
0.000499
8  11   1   4   6   3   0 
0.001497
8  11   1   4   7   9   3 
0.001497
8  11   1   5   6   3   0 
0.001497
9  3 
0.004814
10   9   3 
0.002814
10   3   0 
0.002814
11   1   4   6   3   0 
0.002325
11   1   4   7   9   3 
0.002325
11   1   5   6   3   0 
0.001691
1  4 
0.002696
2  5  1  4  0 
0.003307
2  5  6  4  0 
0.003307
2   8  11   1   4 
0.001874
3  6  4  0 
0.000517
3  9  7  4 
0.000517
5  1  4 
0.002166
5  6  4 
0.002166
6  4 
0.002063
7  4 
0.024890
8  11   1   4 
0.001588
9  7  4 
0.000997
10   3   6   4   0 
0.000721
10   3   9   7   4 
0.000721
10   9   7   4   0 
0.000390
11   1   4 
0.003225
1  5 
0.006996
2  5 
0.036487
3  6  5 
0.004292
4  1  5 
0.001537
4  6  5 
0.001537
6  5 
0.005671
7  4  1  5  0 
0.003250
7  4  6  5  0 
0.003250
7  9  3  6  5 
0.002117
8  2  5  0 
0.006063
8  11   1   5 
0.006063
9  3  6  5 
0.002870
10   3   6   5   0 
0.003053
10   9   3   6   5 
0.003053
11   1   5 
0.015370
1  4  6 
0.001892
1  5  6 
0.001892
2  5  6 
0.013690
3  6 
0.005510
4  6 
0.001782
5  6 
0.005003
7  4  6  0 
0.001994
7  9  3  6 
0.001994
8  2  5  6  0 
0.000505
8  11   1   4   6 
0.001010
8  11   1   5   6 
0.001010
9  3  6 
0.000421
10   3   6   0 
0.000756
10   9   3   6 
0.000756
11   1   4   6 
0.002526
11   1   5   6 
0.002526
1  4  7 
0.005123
2  5  1  4  7  0 
0.009911
2  5  6  3  9  7 
0.011346
2  5  6  4  7  0 
0.011346
2   8  11   1   4   7 
0.006226
3  9  7 
0.004523
4  7 
0.006996
5  1  4  7  0 
0.005240
5  6  3  9  7 
0.005999
5  6  4  7  0 
0.005999
6  3  9  7 
0.002238
6  4  7  0 
0.002238
8  11   1   4   7 
0.019559
9  7 
0.000852
10   3   9   7 
0.006152
10   9   7   0 
0.006152
11   1   4   7 
0.022690
1  5  2  8 
0.005853
1  11   8   0 
0.005853
2  8 
0.023384
3  6  5  2  8 
0.006759
4  1  5  2  8 
0.005429
4   1  11   8   0 
0.005429
4  6  5  2  8 
0.004031
5  2  8 
0.023142
6  5  2  8 
0.009859
7  4  1  5  2  8 
0.010165
7   4   1  11   8   0 
0.010165
7  4  6  5  2  8 
0.007547
9  3  6  5  2  8  0 
0.000286
9  7  4  1  5  2  8 
0.000857
9   7   4   1  11   8   0 
0.000857
9  7  4  6  5  2  8 
0.000857
10   3   6   5   2   8   0   0 
0.000663
10   9   3   6   5   2   8   0 
0.000911
10   9   7   4   1   5   2   8 
0.002652
10   9   7   4   1  11   8   0 
0.002652
10   9   7   4   6   5   2   8 
0.002652
11   8 
0.024642
1  4  6  3  9 
0.000179
1  4  7  9  0 
0.000179
2  5  1  4  6  3  9 
0.001080
2  5  1  4  7  9  0 
0.001080
2  5  6  3  9  0  0 
0.000627
3  9 
0.004635
4  6  3  9 
0.000289
4  7  9  0 
0.000289
5  1  4  6  3  9 
0.000583
5  1  4  7  9  0 
0.000583
5  6  3  9  0  0 
0.000338
6  3  9 
0.000435
7  9 
0.000689
8  2  5  1  4  6  3  9 
0.000380
8  2  5  1  4  7  9  0 
0.000380
8  2  5  6  3  9  0  0 
0.000380
8  11   1   4   6   3   9   0 
0.000253
8  11   1   4   7   9   0   0 
0.000253
10   3   9 
0.000629
10   9   0 
0.000629
11   1   4   6   3   9 
0.000473
11   1   4   7   9   0 
0.000473
1   4   6   3   9  10 
0.001363
1   4   6   3  10   0 
0.001363
1   4   7   9  10   0 
0.000682
1   5   6   3   9  10 
0.001207
1   5   6   3  10   0 
0.001207
2   5   6   3   9  10 
0.008188
2   5   6   3  10   0 
0.008188
3   9  10 
0.001144
3  10   0 
0.001144
4   6   3   9  10 
0.000429
4   6   3  10   0 
0.000429
4   7   9  10   0 
0.000214
5   6   3   9  10 
0.001827
5   6   3  10   0 
0.001827
6   3   9  10 
0.000665
6   3  10   0 
0.000665
7   9  10 
0.009049
8   2   5   6   3   9  10   0 
0.000461
8   2   5   6   3  10   0   0 
0.000461
8  11   1   4   6   3   9  10 
0.001151
8  11   1   4   6   3  10   0 
0.001151
8  11   1   4   7   9  10   0 
0.000794
8  11   1   5   6   3   9  10 
0.001151
8  11   1   5   6   3  10   0 
0.001151
9  10 
0.002513
11   1   4   6   3   9  10 
0.000808
11   1   4   6   3  10   0 
0.000808
11   1   4   7   9  10   0 
0.000404
11   1   5   6   3   9  10 
0.000715
11   1   5   6   3  10   0 
0.000715
1  11 
0.037319
2   8  11 
0.031654
3   6   4   1  11   0 
0.003147
3   6   5   1  11   0 
0.006111
3   6   5   2   8  11 
0.006111
4   1  11 
0.005228
5   1  11   0 
0.010852
5   2   8  11 
0.010852
6   4   1  11   0 
0.001232
6   5   1  11   0 
0.002391
6   5   2   8  11 
0.002391
7   4   1  11 
0.028722
8  11 
0.056252
9   3   6   4   1  11   0 
0.000495
9   3   6   5   1  11   0 
0.000495
9   3   6   5   2   8  11 
0.000495
9   7   4   1  11   0   0 
0.000165
10   3   6   4   1  11   0   0 
0.001986
10   3   6   5   1  11   0   0 
0.001986
10   3   6   5   2   8  11   0 
0.001986
10   9   3   6   4   1  11   0 
0.002397
10   9   3   6   5   1  11   0 
0.002397
10   9   3   6   5   2   8  11 
0.002397
10   9   7   4   1  11   0   0 
0.000799
