1  5  2  0  0  0  0  0  0  0 
4.113978e-003
1  11   8   2   0   0   0   0   0   0 
3.508639e-011
1  4  6  5  2  0  0  0  0  0 
1.755274e-011
1  4  6  3  0  0  0  0  0  0 
1.027849e-003
1  5  6  3  0  0  0  0  0  0 
1.090162e-003
1  4  7  9  3  0  0  0  0  0 
3.497653e-011
1  4  0  0  0  0  0  0  0  0 
8.403470e-004
1  5  6  4  0  0  0  0  0  0 
1.752539e-011
1  5  0  0  0  0  0  0  0  0 
4.904975e-003
1  4  6  5  0  0  0  0  0  0 
1.755774e-011
1  11   8   2   5   0   0   0   0   0 
1.170697e-011
1  4  6  0  0  0  0  0  0  0 
1.248803e-003
1  5  6  0  0  0  0  0  0  0 
1.428002e-003
1  4  7  0  0  0  0  0  0  0 
5.760978e-003
1  5  6  4  7  0  0  0  0  0 
1.755974e-011
1  11   8   0   0   0   0   0   0   0 
1.252094e-002
1  5  2  8  0  0  0  0  0  0 
3.511966e-011
1  4  6  5  2  8  0  0  0  0 
1.170903e-011
1  4  7  9  0  0  0  0  0  0 
3.992629e-004
1  4  6  3  9  0  0  0  0  0 
3.319468e-011
1  5  6  3  9  0  0  0  0  0 
3.320401e-011
1   4   6   3  10   0   0   0   0   0 
1.469049e-003
1   5   6   3  10   0   0   0   0   0 
1.694667e-003
1   4   7   9  10   0   0   0   0   0 
2.450657e-003
1  11   0   0   0   0   0   0   0   0 
3.579183e-002
1   5   2   8  11   0   0   0   0   0 
1.171018e-011
2  5  1  0  0  0  0  0  0  0 
4.518566e-003
2   8  11   1   0   0   0   0   0   0 
3.509383e-011
2  5  6  4  1  0  0  0  0  0 
1.755425e-011
2  5  6  3  0  0  0  0  0  0 
1.641394e-002
2  5  1  4  6  3  0  0  0  0 
1.756377e-011
2  5  1  4  0  0  0  0  0  0 
5.586845e-003
2  5  6  4  0  0  0  0  0  0 
5.419348e-003
2   8  11   1   4   0   0   0   0   0 
3.511311e-011
2  5  0  0  0  0  0  0  0  0 
3.842179e-002
2   8  11   1   5   0   0   0   0   0 
1.171031e-011
2   8  11   1   4   6   5   0   0   0 
7.026232e-012
2  5  6  0  0  0  0  0  0  0 
1.270743e-002
2  5  1  4  6  0  0  0  0  0 
1.756315e-011
2  5  1  4  7  0  0  0  0  0 
2.547972e-002
2  5  6  4  7  0  0  0  0  0 
2.778112e-002
2   8  11   1   4   7   0   0   0   0 
3.512828e-011
2  8  0  0  0  0  0  0  0  0 
2.070718e-002
2   5   1  11   8   0   0   0   0   0 
1.170970e-011
2  5  6  3  9  0  0  0  0  0 
4.235797e-003
2   5   6   3  10   9   0   0   0   0 
3.511701e-011
2  5  1  4  7  9  0  0  0  0 
3.512549e-011
2   5   6   3  10   0   0   0   0   0 
3.155193e-002
2   5   6   3   9  10   0   0   0   0 
3.508193e-011
2   8  11   0   0   0   0   0   0   0 
2.116159e-002
2   5   1  11   0   0   0   0   0   0 
3.512361e-011
3  6  4  1  0  0  0  0  0  0 
5.775985e-004
3  6  5  1  0  0  0  0  0  0 
6.179735e-004
3  9  7  4  1  0  0  0  0  0 
3.516559e-011
3  6  5  2  0  0  0  0  0  0 
4.697481e-003
3  6  4  1  5  2  0  0  0  0 
1.755838e-011
3  6  4  0  0  0  0  0  0  0 
9.001000e-004
3  9  7  4  0  0  0  0  0  0 
3.486957e-011
3  6  5  0  0  0  0  0  0  0 
2.210267e-003
3  6  4  1  5  0  0  0  0  0 
1.754999e-011
3  6  0  0  0  0  0  0  0  0 
1.211125e-003
3  9  7  4  6  0  0  0  0  0 
1.168560e-011
3  10   9   7   4   6   0   0   0   0 
8.770297e-012
3  9  7  0  0  0  0  0  0  0 
1.341365e-003
3  10   9   7   0   0   0   0   0   0 
3.491309e-011
3  6  4  7  0  0  0  0  0  0 
3.499094e-011
3  6  5  2  8  0  0  0  0  0 
4.987422e-003
3   6   4   1  11   8   0   0   0   0 
3.508958e-011
3   6   5   1  11   8   0   0   0   0 
3.509028e-011
3  9  0  0  0  0  0  0  0  0 
4.292120e-003
3  10   9   0   0   0   0   0   0   0 
3.512962e-011
3  6  4  7  9  0  0  0  0  0 
1.170954e-011
3  10   0   0   0   0   0   0   0   0 
1.070516e-003
3   9  10   0   0   0   0   0   0   0 
3.481440e-011
3   6   4   1  11   0   0   0   0   0 
4.475769e-003
3   6   5   1  11   0   0   0   0   0 
4.767918e-003
3   9   7   4   1  11   0   0   0   0 
3.506742e-011
4  1  0  0  0  0  0  0  0  0 
6.130650e-004
4  6  5  1  0  0  0  0  0  0 
1.751324e-011
4  1  5  2  0  0  0  0  0  0 
3.183689e-003
4  6  5  2  0  0  0  0  0  0 
3.030148e-003
4   1  11   8   2   0   0   0   0   0 
3.509934e-011
4  6  3  0  0  0  0  0  0  0 
1.498377e-003
4  7  9  3  0  0  0  0  0  0 
3.484467e-011
4  1  5  6  3  0  0  0  0  0 
1.750750e-011
4  1  5  0  0  0  0  0  0  0 
9.049756e-004
4  6  5  0  0  0  0  0  0  0 
8.427664e-004
4  6  0  0  0  0  0  0  0  0 
2.192614e-003
4  1  5  6  0  0  0  0  0  0 
1.754515e-011
4  7  9  3  6  0  0  0  0  0 
1.169450e-011
4  7  0  0  0  0  0  0  0  0 
2.717848e-003
4  6  3  9  7  0  0  0  0  0 
1.169965e-011
4   6   3  10   9   7   0   0   0   0 
8.778724e-012
4   1  11   8   0   0   0   0   0   0 
1.220986e-002
4  1  5  2  8  0  0  0  0  0 
3.511790e-011
4  6  5  2  8  0  0  0  0  0 
3.511788e-011
4  7  9  0  0  0  0  0  0  0 
3.357449e-004
4  6  3  9  0  0  0  0  0  0 
3.374192e-011
4   6   3  10   9   0   0   0   0   0 
1.685476e-011
4   7   9  10   0   0   0   0   0   0 
4.142892e-004
4   6   3  10   0   0   0   0   0   0 
3.183778e-004
4   6   3   9  10   0   0   0   0   0 
3.568136e-011
4   1  11   0   0   0   0   0   0   0 
1.175333e-002
4   6   5   1  11   0   0   0   0   0 
1.756289e-011
5  1  0  0  0  0  0  0  0  0 
6.875649e-003
5  6  4  1  0  0  0  0  0  0 
1.756017e-011
5   2   8  11   1   0   0   0   0   0 
1.170796e-011
5  2  0  0  0  0  0  0  0  0 
6.012540e-003
5   1  11   8   2   0   0   0   0   0 
1.170844e-011
5  6  3  0  0  0  0  0  0  0 
1.691490e-003
5  1  4  6  3  0  0  0  0  0 
1.754524e-011
5  1  4  0  0  0  0  0  0  0 
1.368215e-003
5  6  4  0  0  0  0  0  0  0 
1.285734e-003
5  6  0  0  0  0  0  0  0  0 
4.361421e-003
5  1  4  6  0  0  0  0  0  0 
1.755787e-011
5  1  4  7  0  0  0  0  0  0 
5.944241e-003
5  6  4  7  0  0  0  0  0  0 
5.660968e-003
5  6  3  9  7  0  0  0  0  0 
3.507872e-011
5  2  8  0  0  0  0  0  0  0 
1.765556e-002
5   1  11   8   0   0   0   0   0   0 
3.512411e-011
5  6  3  9  0  0  0  0  0  0 
1.119547e-003
5  1  4  7  9  0  0  0  0  0 
3.485018e-011
5  6  4  7  9  0  0  0  0  0 
3.484780e-011
5   6   3  10   0   0   0   0   0   0 
6.254972e-003
5   6   3   9  10   0   0   0   0   0 
3.504173e-011
5   1  11   0   0   0   0   0   0   0 
1.915663e-002
5   2   8  11   0   0   0   0   0   0 
3.512519e-011
6  4  1  0  0  0  0  0  0  0 
3.455554e-004
6  5  1  0  0  0  0  0  0  0 
3.775746e-004
6  5  2  0  0  0  0  0  0  0 
2.526390e-003
6  4  1  5  2  0  0  0  0  0 
1.755198e-011
6  3  0  0  0  0  0  0  0  0 
1.227207e-003
6  4  7  9  3  0  0  0  0  0 
1.168407e-011
6   4   7   9  10   3   0   0   0   0 
8.768072e-012
6  4  0  0  0  0  0  0  0  0 
4.172140e-004
6  5  1  4  0  0  0  0  0  0 
1.736364e-011
6  3  9  7  4  0  0  0  0  0 
1.157062e-011
6  5  0  0  0  0  0  0  0  0 
4.442653e-003
6  4  1  5  0  0  0  0  0  0 
1.755795e-011
6  4  7  0  0  0  0  0  0  0 
2.282669e-003
6  3  9  7  0  0  0  0  0  0 
3.500288e-011
6  5  2  8  0  0  0  0  0  0 
6.558371e-003
6   4   1  11   8   0   0   0   0   0 
3.510237e-011
6   5   1  11   8   0   0   0   0   0 
3.510286e-011
6  3  9  0  0  0  0  0  0  0 
1.233729e-004
6   3  10   9   0   0   0   0   0   0 
2.973464e-011
6  4  7  9  0  0  0  0  0  0 
2.981430e-011
6   3  10   0   0   0   0   0   0   0 
9.833639e-004
6   3   9  10   0   0   0   0   0   0 
3.462842e-011
6   4   7   9  10   0   0   0   0   0 
1.742737e-011
6   4   1  11   0   0   0   0   0   0 
1.331181e-003
6   5   1  11   0   0   0   0   0   0 
1.725459e-003
6   5   2   8  11   0   0   0   0   0 
3.511210e-011
7  4  1  0  0  0  0  0  0  0 
7.754806e-003
7  4  6  5  1  0  0  0  0  0 
1.756136e-011
7  4  6  5  2  0  0  0  0  0 
5.740233e-002
7  4  1  5  2  0  0  0  0  0 
4.873470e-002
7  9  3  6  5  2  0  0  0  0 
3.512711e-011
7  9  3  0  0  0  0  0  0  0 
1.747413e-003
7  4  6  3  0  0  0  0  0  0 
3.511008e-011
7   9  10   3   0   0   0   0   0   0 
3.495126e-011
7  4  0  0  0  0  0  0  0  0 
3.711320e-002
7  9  3  6  4  0  0  0  0  0 
1.170798e-011
7   9  10   3   6   4   0   0   0   0 
8.781999e-012
7  4  6  5  0  0  0  0  0  0 
2.339123e-003
7  4  1  5  0  0  0  0  0  0 
2.461663e-003
7  9  3  6  5  0  0  0  0  0 
3.502276e-011
7  4  6  0  0  0  0  0  0  0 
1.544538e-003
7  9  3  6  0  0  0  0  0  0 
3.492056e-011
7   4   1  11   8   0   0   0   0   0 
1.798547e-002
7  4  6  5  2  8  0  0  0  0 
3.512264e-011
7  4  1  5  2  8  0  0  0  0 
3.512261e-011
7  9  0  0  0  0  0  0  0  0 
3.098858e-003
7  4  6  3  9  0  0  0  0  0 
1.170025e-011
7   4   6   3  10   9   0   0   0   0 
8.779007e-012
7   9  10   0   0   0   0   0   0   0 
6.500514e-003
7   9   3  10   0   0   0   0   0   0 
3.509852e-011
7   4   6   3  10   0   0   0   0   0 
1.757047e-011
7   4   1  11   0   0   0   0   0   0 
2.457697e-002
8  11   1   0   0   0   0   0   0   0 
3.624605e-003
8  2  5  1  0  0  0  0  0  0 
3.509011e-011
8  2  0  0  0  0  0  0  0  0 
1.287952e-003
8  11   1   5   2   0   0   0   0   0 
1.169495e-011
8  11   1   4   6   5   2   0   0   0 
7.019533e-012
8  2  5  6  3  0  0  0  0  0 
4.514003e-003
8  11   1   5   6   3   0   0   0   0 
3.508790e-011
8  11   1   4   6   3   0   0   0   0 
3.508718e-011
8  11   1   4   0   0   0   0   0   0 
2.011344e-003
8  2  5  1  4  0  0  0  0  0 
3.497041e-011
8  2  5  6  4  0  0  0  0  0 
3.496911e-011
8  2  5  0  0  0  0  0  0  0 
8.391366e-003
8  11   1   5   0   0   0   0   0   0 
3.511538e-011
8  2  5  6  0  0  0  0  0  0 
2.155250e-003
8  11   1   5   6   0   0   0   0   0 
3.500737e-011
8  11   1   4   6   0   0   0   0   0 
3.500546e-011
8  11   1   4   7   0   0   0   0   0 
1.873081e-002
8  2  5  1  4  7  0  0  0  0 
3.512598e-011
8  2  5  6  4  7  0  0  0  0 
3.512588e-011
8  11   1   4   7   9   0   0   0   0 
4.282838e-004
8  2  5  6  3  9  0  0  0  0 
4.737321e-004
8  11   1   5   6   3   9   0   0   0 
3.560588e-011
8   2   5   6   3  10   0   0   0   0 
6.785134e-003
8   2   5   6   3   9  10   0   0   0 
3.503833e-011
8  11   1   4   7   9  10   0   0   0 
3.506682e-011
8  11   0   0   0   0   0   0   0   0 
4.503049e-002
8   2   5   1  11   0   0   0   0   0 
1.171050e-011
9  7  4  1  0  0  0  0  0  0 
1.419817e-003
9  3  6  4  1  0  0  0  0  0 
3.478196e-011
9  3  6  5  1  0  0  0  0  0 
3.478432e-011
9  3  6  5  2  0  0  0  0  0 
6.128079e-004
9  10   3   6   5   2   0   0   0   0 
3.421727e-011
9  7  4  6  5  2  0  0  0  0 
3.442732e-011
9  3  0  0  0  0  0  0  0  0 
3.289609e-003
9  10   3   0   0   0   0   0   0   0 
3.508752e-011
9  7  4  6  3  0  0  0  0  0 
1.170860e-011
9  7  4  0  0  0  0  0  0  0 
1.825450e-004
9  3  6  4  0  0  0  0  0  0 
3.205474e-011
9  10   3   6   4   0   0   0   0   0 
1.540862e-011
9  3  6  5  0  0  0  0  0  0 
2.324638e-003
9  10   3   6   5   0   0   0   0   0 
3.501636e-011
9  7  4  6  5  0  0  0  0  0 
3.509907e-011
9  3  6  0  0  0  0  0  0  0 
1.681479e-004
9  10   3   6   0   0   0   0   0   0 
3.375226e-011
9  7  4  6  0  0  0  0  0  0 
3.444541e-011
9  7  0  0  0  0  0  0  0  0 
2.221252e-003
9  3  6  4  7  0  0  0  0  0 
1.169602e-011
9  10   3   6   4   7   0   0   0   0 
8.775160e-012
9   7   4   1  11   8   0   0   0   0 
8.007487e-004
9  3  6  5  2  8  0  0  0  0 
1.003930e-003
9  10   3   6   5   2   8   0   0   0 
3.511654e-011
9  10   0   0   0   0   0   0   0   0 
8.105790e-004
9   3  10   0   0   0   0   0   0   0 
3.495146e-011
9   7   4   1  11   0   0   0   0   0 
1.356788e-003
9   3   6   4   1  11   0   0   0   0 
3.476228e-011
9   3   6   5   1  11   0   0   0   0 
3.476478e-011
10   3   6   4   1   0   0   0   0   0 
9.379128e-004
10   9   7   4   1   0   0   0   0   0 
1.077646e-003
10   3   6   5   1   0   0   0   0   0 
1.055965e-003
10   3   6   5   2   0   0   0   0   0 
2.851534e-003
10   9   3   6   5   2   0   0   0   0 
3.500567e-011
10   3   0   0   0   0   0   0   0   0 
2.571449e-003
10   9   3   0   0   0   0   0   0   0 
3.499496e-011
10   3   6   4   0   0   0   0   0   0 
3.717751e-004
10   9   7   4   0   0   0   0   0   0 
3.601918e-004
10   3   9   7   4   0   0   0   0   0 
3.574405e-011
10   3   6   5   0   0   0   0   0   0 
2.407397e-003
10   9   3   6   5   0   0   0   0   0 
3.498759e-011
10   3   6   0   0   0   0   0   0   0 
1.538920e-003
10   9   3   6   0   0   0   0   0   0 
3.492524e-011
10   9   7   0   0   0   0   0   0   0 
1.047528e-002
10   3   9   7   0   0   0   0   0   0 
3.509083e-011
10   3   6   5   2   8   0   0   0   0 
8.536989e-003
10   9   3   6   5   2   8   0   0   0 
3.506712e-011
10   3   6   5   1  11   8   0   0   0 
3.511099e-011
10   9   0   0   0   0   0   0   0   0 
8.477660e-004
10   3   9   0   0   0   0   0   0   0 
3.490320e-011
10   3   6   4   1  11   0   0   0   0 
2.651356e-003
10   3   6   5   1  11   0   0   0   0 
2.924362e-003
10   9   7   4   1  11   0   0   0   0 
3.855656e-003
11   1   0   0   0   0   0   0   0   0 
4.868815e-002
11   8   2   5   1   0   0   0   0   0 
1.171075e-011
11   8   2   0   0   0   0   0   0   0 
3.528711e-003
11   1   5   2   0   0   0   0   0   0 
3.510060e-011
11   1   4   6   3   0   0   0   0   0 
1.086788e-003
11   1   5   6   3   0   0   0   0   0 
1.341491e-003
11   8   2   5   6   3   0   0   0   0 
3.510874e-011
11   1   4   0   0   0   0   0   0   0 
1.098554e-003
11   1   5   6   4   0   0   0   0   0 
1.753433e-011
11   1   5   0   0   0   0   0   0   0 
8.239839e-003
11   8   2   5   0   0   0   0   0   0 
3.511428e-011
11   1   4   6   5   0   0   0   0   0 
1.756048e-011
11   1   4   6   0   0   0   0   0   0 
2.281076e-003
11   1   5   6   0   0   0   0   0   0 
2.759940e-003
11   8   2   5   6   0   0   0   0   0 
3.509605e-011
11   1   4   7   0   0   0   0   0   0 
1.691106e-002
11   8   0   0   0   0   0   0   0   0 
1.751287e-002
11   1   5   2   8   0   0   0   0   0 
1.170956e-011
11   1   4   7   9   0   0   0   0   0 
5.259429e-004
11   1   4   6   3   9   0   0   0   0 
3.385286e-011
11   1   5   6   3   9   0   0   0   0 
3.386101e-011
11   1   4   7   9  10   0   0   0   0 
9.427294e-004
11   1   5   6   3  10   0   0   0   0 
7.771402e-004
11   1   4   6   3  10   0   0   0   0 
6.774845e-004
