2 1 2 0.005516 * 2  5  1 
3 1 3 0.000346 * 3  6  4  1 
3 1 3 0.000346 * 3  6  5  1 
4 1 1 0.000556 * 4  1 
5 1 1 0.008290 * 5  1 
6 1 2 0.000743 * 6  4  1 
6 1 2 0.000743 * 6  5  1 
7 1 2 0.006303 * 7  4  1 
8 1 2 0.004886 * 8  11   1 
9 1 3 0.000402 * 9  7  4  1 
10 1 4 0.000957 * 10   3   6   4   1 
10 1 4 0.000957 * 10   3   6   5   1 
10 1 4 0.000957 * 10   9   7   4   1 
11 1 1 0.033844 * 11   1 
1 2 2 0.003984 * 1  5  2 
3 2 3 0.002170 * 3  6  5  2 
4 2 3 0.001484 * 4  1  5  2 
4 2 3 0.001484 * 4  6  5  2 
5 2 1 0.006973 * 5  2 
6 2 2 0.004154 * 6  5  2 
7 2 4 0.003565 * 7  4  1  5  2 
7 2 4 0.003565 * 7  4  6  5  2 
8 2 1 0.002734 * 8  2 
9 2 4 0.000486 * 9  3  6  5  2 
10 2 4 0.002838 * 10   3   6   5   2 
11 2 2 0.003749 * 11   8   2 
1 3 3 0.001126 * 1  4  6  3 
1 3 3 0.001126 * 1  5  6  3 
2 3 3 0.017705 * 2  5  6  3 
4 3 2 0.001987 * 4  6  3 
5 3 2 0.001844 * 5  6  3 
6 3 1 0.004011 * 6  3 
7 3 2 0.001501 * 7  9  3 
8 3 4 0.004152 * 8  2  5  6  3 
9 3 1 0.003302 * 9  3 
10 3 1 0.003436 * 10   3 
11 3 4 0.002153 * 11   1   4   6   3 
11 3 4 0.002153 * 11   1   5   6   3 
1 4 1 0.002038 * 1  4 
2 4 3 0.005044 * 2  5  1  4 
2 4 3 0.005044 * 2  5  6  4 
3 4 2 0.000470 * 3  6  4 
5 4 2 0.001626 * 5  1  4 
5 4 2 0.001626 * 5  6  4 
6 4 1 0.001634 * 6  4 
7 4 1 0.035434 * 7  4 
8 4 3 0.002030 * 8  11   1   4 
9 4 2 0.000497 * 9  7  4 
10 4 3 0.000412 * 10   3   6   4 
10 4 3 0.000412 * 10   9   7   4 
11 4 2 0.003628 * 11   1   4 
1 5 1 0.004969 * 1  5 
2 5 1 0.044430 * 2  5 
3 5 2 0.002578 * 3  6  5 
4 5 2 0.001377 * 4  1  5 
4 5 2 0.001377 * 4  6  5 
6 5 1 0.002984 * 6  5 
7 5 3 0.003974 * 7  4  1  5 
7 5 3 0.003974 * 7  4  6  5 
8 5 2 0.010282 * 8  2  5 
9 5 3 0.000773 * 9  3  6  5 
10 5 3 0.002676 * 10   3   6   5 
11 5 2 0.012128 * 11   1   5 
1 6 2 0.001030 * 1  4  6 
1 6 2 0.001030 * 1  5  6 
2 6 2 0.014378 * 2  5  6 
3 6 1 0.001206 * 3  6 
4 6 1 0.001132 * 4  6 
5 6 1 0.004242 * 5  6 
7 6 2 0.000881 * 7  4  6 
8 6 3 0.002594 * 8  2  5  6 
9 6 2 0.000461 * 9  3  6 
10 6 2 0.001797 * 10   3   6 
11 6 3 0.003099 * 11   1   4   6 
11 6 3 0.003099 * 11   1   5   6 
1 7 2 0.006748 * 1  4  7 
2 7 4 0.024746 * 2  5  1  4  7 
2 7 4 0.024746 * 2  5  6  4  7 
3 7 2 0.001258 * 3  9  7 
4 7 1 0.002647 * 4  7 
5 7 3 0.006862 * 5  1  4  7 
5 7 3 0.006862 * 5  6  4  7 
6 7 2 0.001635 * 6  4  7 
8 7 4 0.020505 * 8  11   1   4   7 
9 7 1 0.001318 * 9  7 
10 7 2 0.007599 * 10   9   7 
11 7 3 0.018110 * 11   1   4   7 
1 8 2 0.018758 * 1  11   8 
2 8 1 0.022008 * 2  8 
3 8 4 0.005892 * 3  6  5  2  8 
4 8 3 0.012856 * 4   1  11   8 
5 8 2 0.026324 * 5  2  8 
6 8 3 0.005622 * 6  5  2  8 
7 8 4 0.017654 * 7   4   1  11   8 
9 8 5 0.001235 * 9  3  6  5  2  8 
9 8 5 0.001235 * 9   7   4   1  11   8 
10 8 5 0.007657 * 10   3   6   5   2   8 
11 8 1 0.024397 * 11   8 
1 9 3 0.000306 * 1  4  7  9 
2 9 4 0.002049 * 2  5  6  3  9 
3 9 1 0.000973 * 3  9 
4 9 2 0.000190 * 4  7  9 
5 9 3 0.004223 * 5  6  3  9 
6 9 2 0.000191 * 6  3  9 
7 9 1 0.001752 * 7  9 
8 9 5 0.000314 * 8  2  5  6  3  9 
8 9 5 0.000314 * 8  11   1   4   7   9 
10 9 1 0.000641 * 10   9 
11 9 4 0.000767 * 11   1   4   7   9 
1 10 4 0.001754 * 1   4   6   3  10 
1 10 4 0.001754 * 1   4   7   9  10 
1 10 4 0.003148 * 1   5   6   3  10 
2 10 4 0.031587 * 2   5   6   3  10 
3 10 1 0.001632 * 3  10 
4 10 3 0.000300 * 4   6   3  10 
4 10 3 0.000300 * 4   7   9  10 
5 10 3 0.003529 * 5   6   3  10 
6 10 2 0.001423 * 6   3  10 
7 10 2 0.006697 * 7   9  10 
8 10 5 0.009725 * 8   2   5   6   3  10 
9 10 1 0.001119 * 9  10 
11 10 5 0.001149 * 11   1   4   6   3  10 
11 10 5 0.001149 * 11   1   4   7   9  10 
11 10 5 0.001497 * 11   1   5   6   3  10 
1 11 1 0.033946 * 1  11 
2 11 2 0.024886 * 2   8  11 
3 11 4 0.005605 * 3   6   4   1  11 
3 11 4 0.005605 * 3   6   5   1  11 
4 11 2 0.003512 * 4   1  11 
5 11 2 0.018097 * 5   1  11 
6 11 3 0.002696 * 6   4   1  11 
6 11 3 0.002696 * 6   5   1  11 
7 11 3 0.019108 * 7   4   1  11 
8 11 1 0.047225 * 8  11 
9 11 4 0.000812 * 9   7   4   1  11 
10 11 5 0.003232 * 10   3   6   4   1  11 
10 11 5 0.003232 * 10   3   6   5   1  11 
10 11 5 0.003232 * 10   9   7   4   1  11 
