2  5  1  0 
0.002121
2   8  11   1 
0.002121
3  6  4  1 
0.000360
3  6  5  1 
0.000360
4  1 
0.000511
5  1 
0.005646
6  4  1 
0.000438
6  5  1 
0.000438
7  4  1 
0.006562
8  11   1 
0.005536
9  3  6  4  1 
0.000838
9  3  6  5  1 
0.000838
9  7  4  1  0 
0.000419
10   3   6   4   1   0 
0.000487
10   3   6   5   1   0 
0.000487
10   9   3   6   4   1 
0.000731
10   9   3   6   5   1 
0.000731
10   9   7   4   1   0 
0.000531
11   1 
0.031726
1  5  2  0 
0.001910
1  11   8   2 
0.001910
3  6  5  2 
0.004755
4  1  5  2  0 
0.001517
4   1  11   8   2 
0.001517
4  6  5  2  0 
0.000919
5  2 
0.006239
6  5  2 
0.002864
7  4  1  5  2  0 
0.002202
7   4   1  11   8   2 
0.002202
7  4  6  5  2  0 
0.001334
7  9  3  6  5  2 
0.000735
8  2 
0.001980
9  3  6  5  2 
0.000462
10   3   6   5   2   0 
0.001159
10   9   3   6   5   2 
0.001159
11   8   2 
0.002473
1  4  6  3  0 
0.000995
1  4  7  9  3 
0.000995
1  5  6  3  0 
0.000750
2  5  6  3 
0.017781
4  6  3  0 
0.000864
4  7  9  3 
0.000864
5  6  3 
0.001290
6  3 
0.001356
7  9  3 
0.002296
8  2  5  6  3  0  0 
0.000334
8  11   1   4   6   3   0 
0.001001
8  11   1   4   7   9   3 
0.001001
8  11   1   5   6   3   0 
0.001001
9  3 
0.002314
10   9   3 
0.001368
10   3   0 
0.001368
11   1   4   6   3   0 
0.000971
11   1   4   7   9   3 
0.000971
11   1   5   6   3   0 
0.000731
1  4 
0.002078
2  5  1  4  0 
0.004159
2  5  6  4  0 
0.004159
2   8  11   1   4 
0.002879
3  6  4  0 
0.000165
3  9  7  4 
0.000165
5  1  4 
0.001659
5  6  4 
0.001659
6  4 
0.000659
7  4 
0.006678
8  11   1   4 
0.001711
9  7  4 
0.000580
10   3   6   4   0 
0.000206
10   3   9   7   4 
0.000206
10   9   7   4   0 
0.000105
11   1   4 
0.001299
1  5 
0.003222
2  5 
0.041680
3  6  5 
0.002306
4  1  5 
0.000825
4  6  5 
0.000825
6  5 
0.002004
7  4  1  5  0 
0.002046
7  4  6  5  0 
0.002046
7  9  3  6  5 
0.001411
8  2  5  0 
0.004389
8  11   1   5 
0.004389
9  3  6  5 
0.002024
10   3   6   5   0 
0.001450
10   9   3   6   5 
0.001450
11   1   5 
0.008774
1  4  6 
0.001416
1  5  6 
0.001416
2  5  6 
0.016534
3  6 
0.001027
4  6 
0.001035
5  6 
0.002968
7  4  6  0 
0.000799
7  9  3  6 
0.000799
8  2  5  6  0 
0.000455
8  11   1   4   6 
0.000911
8  11   1   5   6 
0.000911
9  3  6 
0.000284
10   3   6   0 
0.000942
10   9   3   6 
0.000942
11   1   4   6 
0.002512
11   1   5   6 
0.002512
1  4  7 
0.004760
2  5  1  4  7  0 
0.012545
2  5  6  3  9  7 
0.013290
2  5  6  4  7  0 
0.013290
2   8  11   1   4   7 
0.009686
3  9  7 
0.001018
4  7 
0.002247
5  1  4  7  0 
0.003465
5  6  3  9  7 
0.003670
5  6  4  7  0 
0.003670
6  3  9  7 
0.000939
6  4  7  0 
0.000939
8  11   1   4   7 
0.017448
9  7 
0.001087
10   3   9   7 
0.003768
10   9   7   0 
0.003768
11   1   4   7 
0.017247
1  5  2  8 
0.007000
1  11   8   0 
0.007000
2  8 
0.019928
3  6  5  2  8 
0.005699
4  1  5  2  8 
0.004787
4   1  11   8   0 
0.004787
4  6  5  2  8 
0.002926
5  2  8 
0.019928
6  5  2  8 
0.006154
7  4  1  5  2  8 
0.005718
7   4   1  11   8   0 
0.005718
7  4  6  5  2  8 
0.003495
9  3  6  5  2  8  0 
0.000152
9  7  4  1  5  2  8 
0.000455
9   7   4   1  11   8   0 
0.000455
9  7  4  6  5  2  8 
0.000455
10   3   6   5   2   8   0   0 
0.000546
10   9   3   6   5   2   8   0 
0.000686
10   9   7   4   1   5   2   8 
0.002059
10   9   7   4   1  11   8   0 
0.002059
10   9   7   4   6   5   2   8 
0.002059
11   8 
0.020782
1  4  6  3  9 
0.000123
1  4  7  9  0 
0.000123
2  5  1  4  6  3  9 
0.001163
2  5  1  4  7  9  0 
0.001163
2  5  6  3  9  0  0 
0.000801
3  9 
0.002883
4  6  3  9 
0.000101
4  7  9  0 
0.000101
5  1  4  6  3  9 
0.000381
5  1  4  7  9  0 
0.000381
5  6  3  9  0  0 
0.000263
6  3  9 
0.000175
7  9 
0.001953
8  2  5  1  4  6  3  9 
0.000373
8  2  5  1  4  7  9  0 
0.000373
8  2  5  6  3  9  0  0 
0.000373
8  11   1   4   6   3   9   0 
0.000248
8  11   1   4   7   9   0   0 
0.000248
10   3   9 
0.000395
10   9   0 
0.000395
11   1   4   6   3   9 
0.000223
11   1   4   7   9   0 
0.000223
1   4   6   3   9  10 
0.001267
1   4   6   3  10   0 
0.001267
1   4   7   9  10   0 
0.000633
1   5   6   3   9  10 
0.001194
1   5   6   3  10   0 
0.001194
2   5   6   3   9  10 
0.016128
2   5   6   3  10   0 
0.016128
3   9  10 
0.000603
3  10   0 
0.000603
4   6   3   9  10 
0.000208
4   6   3  10   0 
0.000208
4   7   9  10   0 
0.000104
5   6   3   9  10 
0.001651
5   6   3  10   0 
0.001651
6   3   9  10 
0.000638
6   3  10   0 
0.000638
7   9  10 
0.006592
8   2   5   6   3   9  10   0 
0.000591
8   2   5   6   3  10   0   0 
0.000591
8  11   1   4   6   3   9  10 
0.001478
8  11   1   4   6   3  10   0 
0.001478
8  11   1   4   7   9  10   0 
0.000791
8  11   1   5   6   3   9  10 
0.001478
8  11   1   5   6   3  10   0 
0.001478
9  10 
0.001155
11   1   4   6   3   9  10 
0.000688
11   1   4   6   3  10   0 
0.000688
11   1   4   7   9  10   0 
0.000344
11   1   5   6   3   9  10 
0.000649
11   1   5   6   3  10   0 
0.000649
1  11 
0.036445
2   8  11 
0.019456
3   6   4   1  11   0 
0.002080
3   6   5   1  11   0 
0.004161
3   6   5   2   8  11 
0.004161
4   1  11 
0.006905
5   1  11   0 
0.008684
5   2   8  11 
0.008684
6   4   1  11   0 
0.000720
6   5   1  11   0 
0.001439
6   5   2   8  11 
0.001439
7   4   1  11 
0.022148
8  11 
0.041407
9   3   6   4   1  11   0 
0.000355
9   3   6   5   1  11   0 
0.000355
9   3   6   5   2   8  11 
0.000355
9   7   4   1  11   0   0 
0.000118
10   3   6   4   1  11   0   0 
0.001534
10   3   6   5   1  11   0   0 
0.001534
10   3   6   5   2   8  11   0 
0.001534
10   9   3   6   4   1  11   0 
0.001831
10   9   3   6   5   1  11   0 
0.001831
10   9   3   6   5   2   8  11 
0.001831
10   9   7   4   1  11   0   0 
0.000610
