2  5  1 
0.005043
3  6  4  1 
0.000973
3  6  5  1 
0.000973
4  1 
0.000777
5  1 
0.006745
6  4  1 
0.000464
6  5  1 
0.000464
7  4  1 
0.005808
8  11   1 
0.005261
9  7  4  1 
0.000975
10   3   6   4   1 
0.001265
10   3   6   5   1 
0.001265
10   9   7   4   1 
0.001265
11   1 
0.031681
1  5  2 
0.005129
3  6  5  2 
0.004400
4  1  5  2 
0.001050
4  6  5  2 
0.001050
5  2 
0.007596
6  5  2 
0.002570
7  4  1  5  2 
0.004903
7  4  6  5  2 
0.004903
8  2 
0.001962
9  3  6  5  2 
0.000921
10   3   6   5   2 
0.003452
11   8   2 
0.002605
1  4  6  3 
0.000795
1  5  6  3 
0.000795
2  5  6  3 
0.016863
4  6  3 
0.001967
5  6  3 
0.002538
6  3 
0.001686
7  9  3 
0.001707
8  2  5  6  3 
0.003226
9  3 
0.002296
10   3 
0.002880
11   1   4   6   3 
0.001215
11   1   5   6   3 
0.001215
1  4 
0.002347
2  5  1  4 
0.005294
2  5  6  4 
0.005294
3  6  4 
0.000438
5  1  4 
0.001179
5  6  4 
0.001179
6  4 
0.003608
7  4 
0.006949
8  11   1   4 
0.002381
9  7  4 
0.000367
10   3   6   4 
0.000900
10   9   7   4 
0.000900
11   1   4 
0.001305
1  5 
0.005600
2  5 
0.038682
3  6  5 
0.002954
4  1  5 
0.001037
4  6  5 
0.001037
6  5 
0.004796
7  4  1  5 
0.004083
7  4  6  5 
0.004083
8  2  5 
0.008344
9  3  6  5 
0.001722
10   3   6   5 
0.003138
11   1   5 
0.011219
1  4  6 
0.000706
1  5  6 
0.000706
2  5  6 
0.013670
3  6 
0.001433
4  6 
0.001493
5  6 
0.004663
7  4  6 
0.002342
8  2  5  6 
0.004217
9  3  6 
0.000355
10   3   6 
0.002017
11   1   4   6 
0.001692
11   1   5   6 
0.001692
1  4  7 
0.004495
2  5  1  4  7 
0.026768
2  5  6  4  7 
0.026768
3  9  7 
0.003723
4  7 
0.003274
5  1  4  7 
0.005474
5  6  4  7 
0.005474
6  4  7 
0.003104
8  11   1   4   7 
0.018732
9  7 
0.002376
10   9   7 
0.009262
11   1   4   7 
0.018668
1  11   8 
0.015721
2  8 
0.025170
3  6  5  2  8 
0.006005
4   1  11   8 
0.011278
5  2  8 
0.021147
6  5  2  8 
0.006250
7   4   1  11   8 
0.022198
9  3  6  5  2  8 
0.000977
9   7   4   1  11   8 
0.000977
10   3   6   5   2   8 
0.010489
11   8 
0.018539
1  4  7  9 
0.000321
2  5  6  3  9 
0.002560
3  9 
0.001920
4  7  9 
0.000319
5  6  3  9 
0.000816
6  3  9 
0.000226
7  9 
0.002376
8  2  5  6  3  9 
0.000347
8  11   1   4   7   9 
0.000347
10   9 
0.001195
11   1   4   7   9 
0.000440
1   4   6   3  10 
0.001564
1   4   7   9  10 
0.001564
1   5   6   3  10 
0.002674
2   5   6   3  10 
0.027565
3  10 
0.001634
4   6   3  10 
0.000347
4   7   9  10 
0.000347
5   6   3  10 
0.001992
6   3  10 
0.000990
7   9  10 
0.009672
8   2   5   6   3  10 
0.006945
9  10 
0.000789
11   1   4   6   3  10 
0.000790
11   1   4   7   9  10 
0.000790
11   1   5   6   3  10 
0.000790
1  11 
0.038299
2   8  11 
0.022771
3   6   4   1  11 
0.007160
3   6   5   1  11 
0.007160
4   1  11 
0.008745
5   1  11 
0.018315
6   4   1  11 
0.001857
6   5   1  11 
0.001857
7   4   1  11 
0.021781
8  11 
0.045298
9   7   4   1  11 
0.001922
10   3   6   4   1  11 
0.004354
10   3   6   5   1  11 
0.004354
10   9   7   4   1  11 
0.004354
