1  5  2  0  0  0  0  0  0  0 
4.101002e-003
1  11   8   2   0   0   0   0   0   0 
1.015788e-015
1  4  6  5  2  0  0  0  0  0 
5.098234e-016
1  4  6  3  0  0  0  0  0  0 
8.829347e-004
1  5  6  3  0  0  0  0  0  0 
9.845953e-004
1  4  7  9  3  0  0  0  0  0 
1.001915e-015
1  4  0  0  0  0  0  0  0  0 
2.452676e-003
1  5  6  4  0  0  0  0  0  0 
5.091267e-016
1  5  0  0  0  0  0  0  0  0 
4.369865e-003
1  4  6  5  0  0  0  0  0  0 
5.102332e-016
1  11   8   2   5   0   0   0   0   0 
3.404533e-016
1  4  6  0  0  0  0  0  0  0 
1.017483e-003
1  5  6  0  0  0  0  0  0  0 
1.140837e-003
1  4  7  0  0  0  0  0  0  0 
3.514052e-003
1  5  6  4  7  0  0  0  0  0 
5.100315e-016
1  11   8   0   0   0   0   0   0   0 
1.144421e-002
1  5  2  8  0  0  0  0  0  0 
1.022139e-015
1  4  6  5  2  8  0  0  0  0 
3.410994e-016
1  4  7  9  0  0  0  0  0  0 
1.384470e-004
1  4  6  3  9  0  0  0  0  0 
6.953686e-016
1  5  6  3  9  0  0  0  0  0 
6.988948e-016
1   4   6   3  10   0   0   0   0   0 
1.703162e-003
1   5   6   3  10   0   0   0   0   0 
1.813327e-003
1   4   7   9  10   0   0   0   0   0 
2.135012e-003
1  11   0   0   0   0   0   0   0   0 
3.618079e-002
1   5   2   8  11   0   0   0   0   0 
3.412617e-016
2  5  1  0  0  0  0  0  0  0 
5.172717e-003
2   8  11   1   0   0   0   0   0   0 
1.017848e-015
2  5  6  4  1  0  0  0  0  0 
5.102569e-016
2  5  6  3  0  0  0  0  0  0 
1.499502e-002
2  5  1  4  6  3  0  0  0  0 
5.116791e-016
2  5  1  4  0  0  0  0  0  0 
5.337056e-003
2  5  6  4  0  0  0  0  0  0 
5.389572e-003
2   8  11   1   4   0   0   0   0   0 
1.018938e-015
2  5  0  0  0  0  0  0  0  0 
4.404020e-002
2   8  11   1   5   0   0   0   0   0 
3.412565e-016
2   8  11   1   4   6   5   0   0   0 
2.047638e-016
2  5  6  0  0  0  0  0  0  0 
1.462279e-002
2  5  1  4  6  0  0  0  0  0 
5.116672e-016
2  5  1  4  7  0  0  0  0  0 
2.469217e-002
2  5  6  4  7  0  0  0  0  0 
2.652473e-002
2   8  11   1   4   7   0   0   0   0 
1.022791e-015
2  8  0  0  0  0  0  0  0  0 
2.513466e-002
2   5   1  11   8   0   0   0   0   0 
3.410564e-016
2  5  6  3  9  0  0  0  0  0 
2.843271e-003
2   5   6   3  10   9   0   0   0   0 
1.011106e-015
2  5  1  4  7  9  0  0  0  0 
1.010777e-015
2   5   6   3  10   0   0   0   0   0 
2.668414e-002
2   5   6   3   9  10   0   0   0   0 
1.026884e-015
2   8  11   0   0   0   0   0   0   0 
2.032835e-002
2   5   1  11   0   0   0   0   0   0 
1.021840e-015
3  6  4  1  0  0  0  0  0  0 
5.829906e-004
3  6  5  1  0  0  0  0  0  0 
6.731704e-004
3  9  7  4  1  0  0  0  0  0 
9.941674e-016
3  6  5  2  0  0  0  0  0  0 
5.096922e-003
3  6  4  1  5  2  0  0  0  0 
5.106437e-016
3  6  4  0  0  0  0  0  0  0 
5.852270e-004
3  9  7  4  0  0  0  0  0  0 
9.821562e-016
3  6  5  0  0  0  0  0  0  0 
3.694233e-003
3  6  4  1  5  0  0  0  0  0 
5.101088e-016
3  6  0  0  0  0  0  0  0  0 
1.301968e-003
3  9  7  4  6  0  0  0  0  0 
3.387091e-016
3  10   9   7   4   6   0   0   0   0 
2.545037e-016
3  9  7  0  0  0  0  0  0  0 
4.358162e-003
3  10   9   7   0   0   0   0   0   0 
1.015482e-015
3  6  4  7  0  0  0  0  0  0 
1.013378e-015
3  6  5  2  8  0  0  0  0  0 
6.117410e-003
3   6   4   1  11   8   0   0   0   0 
1.018103e-015
3   6   5   1  11   8   0   0   0   0 
1.018128e-015
3  9  0  0  0  0  0  0  0  0 
1.386290e-003
3  10   9   0   0   0   0   0   0   0 
1.002308e-015
3  6  4  7  9  0  0  0  0  0 
3.382347e-016
3  10   0   0   0   0   0   0   0   0 
1.759425e-003
3   9  10   0   0   0   0   0   0   0 
1.008780e-015
3   6   4   1  11   0   0   0   0   0 
6.395715e-003
3   6   5   1  11   0   0   0   0   0 
6.636810e-003
3   9   7   4   1  11   0   0   0   0 
1.022364e-015
4  1  0  0  0  0  0  0  0  0 
1.343789e-003
4  6  5  1  0  0  0  0  0  0 
5.067334e-016
4  1  5  2  0  0  0  0  0  0 
1.064635e-003
4  6  5  2  0  0  0  0  0  0 
9.937008e-004
4   1  11   8   2   0   0   0   0   0 
1.003953e-015
4  6  3  0  0  0  0  0  0  0 
1.820265e-003
4  7  9  3  0  0  0  0  0  0 
1.005796e-015
4  1  5  6  3  0  0  0  0  0 
5.063954e-016
4  1  5  0  0  0  0  0  0  0 
1.263337e-003
4  6  5  0  0  0  0  0  0  0 
1.214848e-003
4  6  0  0  0  0  0  0  0  0 
2.058392e-003
4  1  5  6  0  0  0  0  0  0 
5.074158e-016
4  7  9  3  6  0  0  0  0  0 
3.395851e-016
4  7  0  0  0  0  0  0  0  0 
2.276255e-003
4  6  3  9  7  0  0  0  0  0 
3.401653e-016
4   6   3  10   9   7   0   0   0   0 
2.553356e-016
4   1  11   8   0   0   0   0   0   0 
1.205180e-002
4  1  5  2  8  0  0  0  0  0 
1.022169e-015
4  6  5  2  8  0  0  0  0  0 
1.022731e-015
4  7  9  0  0  0  0  0  0  0 
3.069000e-004
4  6  3  9  0  0  0  0  0  0 
9.029324e-016
4   6   3  10   9   0   0   0   0   0 
4.709073e-016
4   7   9  10   0   0   0   0   0   0 
3.045399e-004
4   6   3  10   0   0   0   0   0   0 
3.057571e-004
4   6   3   9  10   0   0   0   0   0 
9.888313e-016
4   1  11   0   0   0   0   0   0   0 
8.365143e-003
4   6   5   1  11   0   0   0   0   0 
5.113308e-016
5  1  0  0  0  0  0  0  0  0 
5.606590e-003
5  6  4  1  0  0  0  0  0  0 
5.105198e-016
5   2   8  11   1   0   0   0   0   0 
3.406432e-016
5  2  0  0  0  0  0  0  0  0 
7.264774e-003
5   1  11   8   2   0   0   0   0   0 
3.408970e-016
5  6  3  0  0  0  0  0  0  0 
2.115664e-003
5  1  4  6  3  0  0  0  0  0 
5.087080e-016
5  1  4  0  0  0  0  0  0  0 
1.008489e-003
5  6  4  0  0  0  0  0  0  0 
9.589248e-004
5  6  0  0  0  0  0  0  0  0 
4.949961e-003
5  1  4  6  0  0  0  0  0  0 
5.107165e-016
5  1  4  7  0  0  0  0  0  0 
5.298877e-003
5  6  4  7  0  0  0  0  0  0 
5.604558e-003
5  6  3  9  7  0  0  0  0  0 
1.021901e-015
5  2  8  0  0  0  0  0  0  0 
1.549943e-002
5   1  11   8   0   0   0   0   0   0 
1.021650e-015
5  6  3  9  0  0  0  0  0  0 
7.177570e-004
5  1  4  7  9  0  0  0  0  0 
9.727163e-016
5  6  4  7  9  0  0  0  0  0 
9.724889e-016
5   6   3  10   0   0   0   0   0   0 
2.056320e-003
5   6   3   9  10   0   0   0   0   0 
1.011083e-015
5   1  11   0   0   0   0   0   0   0 
2.000863e-002
5   2   8  11   0   0   0   0   0   0 
1.022678e-015
6  4  1  0  0  0  0  0  0  0 
4.872141e-004
6  5  1  0  0  0  0  0  0  0 
5.586199e-004
6  5  2  0  0  0  0  0  0  0 
2.680846e-003
6  4  1  5  2  0  0  0  0  0 
5.093605e-016
6  3  0  0  0  0  0  0  0  0 
3.960790e-003
6  4  7  9  3  0  0  0  0  0 
3.409153e-016
6   4   7   9  10   3   0   0   0   0 
2.557440e-016
6  4  0  0  0  0  0  0  0  0 
3.926996e-003
6  5  1  4  0  0  0  0  0  0 
5.099225e-016
6  3  9  7  4  0  0  0  0  0 
3.407070e-016
6  5  0  0  0  0  0  0  0  0 
4.184857e-003
6  4  1  5  0  0  0  0  0  0 
5.103378e-016
6  4  7  0  0  0  0  0  0  0 
2.700944e-003
6  3  9  7  0  0  0  0  0  0 
1.014242e-015
6  5  2  8  0  0  0  0  0  0 
6.907102e-003
6   4   1  11   8   0   0   0   0   0 
1.018856e-015
6   5   1  11   8   0   0   0   0   0 
1.018882e-015
6  3  9  0  0  0  0  0  0  0 
2.306610e-004
6   3  10   9   0   0   0   0   0   0 
8.424690e-016
6  4  7  9  0  0  0  0  0  0 
8.425533e-016
6   3  10   0   0   0   0   0   0   0 
1.149035e-003
6   3   9  10   0   0   0   0   0   0 
9.963824e-016
6   4   7   9  10   0   0   0   0   0 
5.042701e-016
6   4   1  11   0   0   0   0   0   0 
1.592993e-003
6   5   1  11   0   0   0   0   0   0 
1.736646e-003
6   5   2   8  11   0   0   0   0   0 
1.009819e-015
7  4  1  0  0  0  0  0  0  0 
6.578638e-003
7  4  6  5  1  0  0  0  0  0 
5.110998e-016
7  4  6  5  2  0  0  0  0  0 
3.239694e-003
7  4  1  5  2  0  0  0  0  0 
3.073482e-003
7  9  3  6  5  2  0  0  0  0 
1.018606e-015
7  9  3  0  0  0  0  0  0  0 
1.359243e-003
7  4  6  3  0  0  0  0  0  0 
9.987295e-016
7   9  10   3   0   0   0   0   0   0 
9.988666e-016
7  4  0  0  0  0  0  0  0  0 
6.865717e-003
7  9  3  6  4  0  0  0  0  0 
3.413469e-016
7   9  10   3   6   4   0   0   0   0 
2.559846e-016
7  4  6  5  0  0  0  0  0  0 
4.282160e-003
7  4  1  5  0  0  0  0  0  0 
3.913450e-003
7  9  3  6  5  0  0  0  0  0 
1.020811e-015
7  4  6  0  0  0  0  0  0  0 
2.038701e-003
7  9  3  6  0  0  0  0  0  0 
1.011323e-015
7   4   1  11   8   0   0   0   0   0 
2.533024e-002
7  4  6  5  2  8  0  0  0  0 
1.024152e-015
7  4  1  5  2  8  0  0  0  0 
1.023553e-015
7  9  0  0  0  0  0  0  0  0 
2.122873e-003
7  4  6  3  9  0  0  0  0  0 
3.397196e-016
7   4   6   3  10   9   0   0   0   0 
2.550820e-016
7   9  10   0   0   0   0   0   0   0 
9.620124e-003
7   9   3  10   0   0   0   0   0   0 
1.021958e-015
7   4   6   3  10   0   0   0   0   0 
5.105656e-016
7   4   1  11   0   0   0   0   0   0 
2.192619e-002
8  11   1   0   0   0   0   0   0   0 
4.964068e-003
8  2  5  1  0  0  0  0  0  0 
1.018721e-015
8  2  0  0  0  0  0  0  0  0 
2.513313e-003
8  11   1   5   2   0   0   0   0   0 
3.398489e-016
8  11   1   4   6   5   2   0   0   0 
2.042426e-016
8  2  5  6  3  0  0  0  0  0 
4.391792e-003
8  11   1   5   6   3   0   0   0   0 
1.015111e-015
8  11   1   4   6   3   0   0   0   0 
1.015437e-015
8  11   1   4   0   0   0   0   0   0 
2.607266e-003
8  2  5  1  4  0  0  0  0  0 
1.010268e-015
8  2  5  6  4  0  0  0  0  0 
1.010310e-015
8  2  5  0  0  0  0  0  0  0 
8.092831e-003
8  11   1   5   0   0   0   0   0   0 
1.020083e-015
8  2  5  6  0  0  0  0  0  0 
3.880661e-003
8  11   1   5   6   0   0   0   0   0 
1.013545e-015
8  11   1   4   6   0   0   0   0   0 
1.013846e-015
8  11   1   4   7   0   0   0   0   0 
2.059718e-002
8  2  5  1  4  7  0  0  0  0 
1.023197e-015
8  2  5  6  4  7  0  0  0  0 
1.023261e-015
8  11   1   4   7   9   0   0   0   0 
3.700696e-004
8  2  5  6  3  9  0  0  0  0 
3.058724e-004
8  11   1   5   6   3   9   0   0   0 
9.937054e-016
8   2   5   6   3  10   0   0   0   0 
7.183753e-003
8   2   5   6   3   9  10   0   0   0 
1.022698e-015
8  11   1   4   7   9  10   0   0   0 
1.021326e-015
8  11   0   0   0   0   0   0   0   0 
4.419268e-002
8   2   5   1  11   0   0   0   0   0 
3.412204e-016
9  7  4  1  0  0  0  0  0  0 
6.429100e-004
9  3  6  4  1  0  0  0  0  0 
9.590885e-016
9  3  6  5  1  0  0  0  0  0 
9.592122e-016
9  3  6  5  2  0  0  0  0  0 
1.135179e-003
9  10   3   6   5   2   0   0   0   0 
9.943006e-016
9  7  4  6  5  2  0  0  0  0 
9.948211e-016
9  3  0  0  0  0  0  0  0  0 
3.090668e-003
9  10   3   0   0   0   0   0   0   0 
1.013736e-015
9  7  4  6  3  0  0  0  0  0 
3.399507e-016
9  7  4  0  0  0  0  0  0  0 
2.354040e-004
9  3  6  4  0  0  0  0  0  0 
8.387965e-016
9  10   3   6   4   0   0   0   0   0 
4.512990e-016
9  3  6  5  0  0  0  0  0  0 
1.859795e-003
9  10   3   6   5   0   0   0   0   0 
1.005139e-015
9  7  4  6  5  0  0  0  0  0 
1.005055e-015
9  3  6  0  0  0  0  0  0  0 
5.943830e-004
9  10   3   6   0   0   0   0   0   0 
9.589224e-016
9  7  4  6  0  0  0  0  0  0 
9.603351e-016
9  7  0  0  0  0  0  0  0  0 
2.291321e-003
9  3  6  4  7  0  0  0  0  0 
3.399106e-016
9  10   3   6   4   7   0   0   0   0 
2.551750e-016
9   7   4   1  11   8   0   0   0   0 
1.164825e-003
9  3  6  5  2  8  0  0  0  0 
1.273027e-003
9  10   3   6   5   2   8   0   0   0 
1.006044e-015
9  10   0   0   0   0   0   0   0   0 
6.828160e-004
9   3  10   0   0   0   0   0   0   0 
9.893177e-016
9   7   4   1  11   0   0   0   0   0 
2.057395e-003
9   3   6   4   1  11   0   0   0   0 
1.007205e-015
9   3   6   5   1  11   0   0   0   0 
1.007225e-015
10   3   6   4   1   0   0   0   0   0 
1.133996e-003
10   9   7   4   1   0   0   0   0   0 
1.482783e-003
10   3   6   5   1   0   0   0   0   0 
1.274632e-003
10   3   6   5   2   0   0   0   0   0 
3.559572e-003
10   9   3   6   5   2   0   0   0   0 
1.018272e-015
10   3   0   0   0   0   0   0   0   0 
7.839906e-003
10   9   3   0   0   0   0   0   0   0 
1.023916e-015
10   3   6   4   0   0   0   0   0   0 
1.109092e-003
10   9   7   4   0   0   0   0   0   0 
1.451403e-003
10   3   9   7   4   0   0   0   0   0 
1.006047e-015
10   3   6   5   0   0   0   0   0   0 
3.029133e-003
10   9   3   6   5   0   0   0   0   0 
1.016492e-015
10   3   6   0   0   0   0   0   0   0 
1.781382e-003
10   9   3   6   0   0   0   0   0   0 
1.009352e-015
10   9   7   0   0   0   0   0   0   0 
9.398654e-003
10   3   9   7   0   0   0   0   0   0 
1.021839e-015
10   3   6   5   2   8   0   0   0   0 
9.618040e-003
10   9   3   6   5   2   8   0   0   0 
1.024447e-015
10   3   6   5   1  11   8   0   0   0 
1.020286e-015
10   9   0   0   0   0   0   0   0   0 
1.014745e-003
10   3   9   0   0   0   0   0   0   0 
9.976279e-016
10   3   6   4   1  11   0   0   0   0 
3.456433e-003
10   3   6   5   1  11   0   0   0   0 
3.631227e-003
10   9   7   4   1  11   0   0   0   0 
5.016352e-003
11   1   0   0   0   0   0   0   0   0 
3.285605e-002
11   8   2   5   1   0   0   0   0   0 
3.412438e-016
11   8   2   0   0   0   0   0   0   0 
3.625760e-003
11   1   5   2   0   0   0   0   0   0 
1.015314e-015
11   1   4   6   3   0   0   0   0   0 
2.014681e-003
11   1   5   6   3   0   0   0   0   0 
2.176248e-003
11   8   2   5   6   3   0   0   0   0 
1.012139e-015
11   1   4   0   0   0   0   0   0   0 
1.553110e-003
11   1   5   6   4   0   0   0   0   0 
5.073845e-016
11   1   5   0   0   0   0   0   0   0 
1.115514e-002
11   8   2   5   0   0   0   0   0   0 
1.021387e-015
11   1   4   6   5   0   0   0   0   0 
5.112872e-016
11   1   4   6   0   0   0   0   0   0 
1.661418e-003
11   1   5   6   0   0   0   0   0   0 
1.823723e-003
11   8   2   5   6   0   0   0   0   0 
1.010213e-015
11   1   4   7   0   0   0   0   0   0 
1.754609e-002
11   8   0   0   0   0   0   0   0   0 
2.008310e-002
11   1   5   2   8   0   0   0   0   0 
3.411478e-016
11   1   4   7   9   0   0   0   0   0 
5.195490e-004
11   1   4   6   3   9   0   0   0   0 
9.423132e-016
11   1   5   6   3   9   0   0   0   0 
9.431545e-016
11   1   4   7   9  10   0   0   0   0 
8.568101e-004
11   1   5   6   3  10   0   0   0   0 
8.955956e-004
11   1   4   6   3  10   0   0   0   0 
7.924483e-004
