2 1 0.202442 0.002344 * 2  5  1  0 
2 1 0.302746 0.002344 * 2   8  11   1 
3 1 0.302368 0.000331 * 3  6  4  1 
3 1 0.301569 0.000331 * 3  6  5  1 
4 1 0.100937 0.000540 * 4  1 
5 1 0.100407 0.005728 * 5  1 
6 1 0.201843 0.000608 * 6  4  1 
6 1 0.201044 0.000608 * 6  5  1 
7 1 0.201696 0.007264 * 7  4  1 
8 1 0.201923 0.004817 * 8  11   1 
9 1 0.402453 0.000552 * 9  3  6  4  1 
9 1 0.401654 0.000552 * 9  3  6  5  1 
9 1 0.301908 0.000276 * 9  7  4  1  0 
10 1 0.402629 0.000517 * 10   3   6   4   1   0 
10 1 0.401830 0.000517 * 10   3   6   5   1   0 
10 1 0.502610 0.000775 * 10   9   3   6   4   1 
10 1 0.501812 0.000775 * 10   9   3   6   5   1 
10 1 0.402065 0.000454 * 10   9   7   4   1   0 
11 1 0.101041 0.037402 * 11   1 
1 2 0.201017 0.002106 * 1  5  2  0 
1 2 0.302571 0.002106 * 1  11   8   2 
3 2 0.301874 0.004351 * 3  6  5  2 
4 2 0.301954 0.001108 * 4  1  5  2  0 
4 2 0.403508 0.001108 * 4   1  11   8   2 
4 2 0.301588 0.000602 * 4  6  5  2  0 
5 2 0.100711 0.006109 * 5  2 
6 2 0.201349 0.002069 * 6  5  2 
7 2 0.402713 0.002179 * 7  4  1  5  2  0 
7 2 0.504267 0.002179 * 7   4   1  11   8   2 
7 2 0.402347 0.001185 * 7  4  6  5  2  0 
7 2 0.502165 0.000741 * 7  9  3  6  5  2 
8 2 0.100314 0.002001 * 8  2 
9 2 0.401959 0.000388 * 9  3  6  5  2 
10 2 0.402135 0.001459 * 10   3   6   5   2   0 
10 2 0.502116 0.001459 * 10   9   3   6   5   2 
11 2 0.200983 0.004158 * 11   8   2 
1 3 0.301807 0.000969 * 1  4  6  3  0 
1 3 0.402218 0.000969 * 1  4  7  9  3 
1 3 0.302944 0.000770 * 1  5  6  3  0 
2 3 0.304673 0.017521 * 2  5  6  3 
4 3 0.201096 0.000692 * 4  6  3  0 
4 3 0.301507 0.000692 * 4  7  9  3 
5 3 0.202638 0.001597 * 5  6  3 
6 3 0.100857 0.000979 * 6  3 
7 3 0.200291 0.001712 * 7  9  3 
8 3 0.404987 0.000408 * 8  2  5  6  3  0  0 
8 3 0.503730 0.001223 * 8  11   1   4   6   3   0 
8 3 0.604141 0.001223 * 8  11   1   4   7   9   3 
8 3 0.504867 0.001100 * 8  11   1   5   6   3   0 
9 3 0.100085 0.002645 * 9  3 
10 3 0.200242 0.001379 * 10   9   3 
10 3 0.100261 0.001379 * 10   3   0 
11 3 0.402848 0.000833 * 11   1   4   6   3   0 
11 3 0.503259 0.000833 * 11   1   4   7   9   3 
11 3 0.403985 0.000661 * 11   1   5   6   3   0 
1 4 0.100710 0.002285 * 1  4 
2 4 0.303152 0.003973 * 2  5  1  4  0 
2 4 0.304722 0.003973 * 2  5  6  4  0 
2 4 0.403457 0.002702 * 2   8  11   1   4 
3 4 0.201431 0.000265 * 3  6  4  0 
3 4 0.301050 0.000265 * 3  9  7  4 
5 4 0.201117 0.001669 * 5  1  4 
5 4 0.202687 0.001669 * 5  6  4 
6 4 0.100906 0.000852 * 6  4 
7 4 0.100759 0.006564 * 7  4 
8 4 0.302634 0.002071 * 8  11   1   4 
9 4 0.200971 0.000650 * 9  7  4 
10 4 0.301692 0.000269 * 10   3   6   4   0 
10 4 0.401311 0.000269 * 10   3   9   7   4 
10 4 0.301129 0.000135 * 10   9   7   4   0 
11 4 0.201751 0.001464 * 11   1   4 
1 5 0.100306 0.003687 * 1  5 
2 5 0.102035 0.041540 * 2  5 
3 5 0.201162 0.002488 * 3  6  5 
4 5 0.201242 0.000902 * 4  1  5 
4 5 0.200877 0.000902 * 4  6  5 
6 5 0.100637 0.003080 * 6  5 
7 5 0.302001 0.002288 * 7  4  1  5  0 
7 5 0.301636 0.002288 * 7  4  6  5  0 
7 5 0.401453 0.001590 * 7  9  3  6  5 
8 5 0.202349 0.004477 * 8  2  5  0 
8 5 0.302229 0.004477 * 8  11   1   5 
9 5 0.301247 0.002454 * 9  3  6  5 
10 5 0.301423 0.001472 * 10   3   6   5   0 
10 5 0.401405 0.001472 * 10   9   3   6   5 
11 5 0.201347 0.008243 * 11   1   5 
1 6 0.200950 0.001445 * 1  4  6 
1 6 0.202086 0.001445 * 1  5  6 
2 6 0.203815 0.016223 * 2  5  6 
3 6 0.100525 0.001387 * 3  6 
4 6 0.100239 0.001174 * 4  6 
5 6 0.101781 0.003099 * 5  6 
7 6 0.200998 0.000845 * 7  4  6  0 
7 6 0.300816 0.000845 * 7  9  3  6 
8 6 0.304129 0.000552 * 8  2  5  6  0 
8 6 0.402873 0.001105 * 8  11   1   4   6 
8 6 0.404009 0.001105 * 8  11   1   5   6 
9 6 0.200610 0.000326 * 9  3  6 
10 6 0.200786 0.000828 * 10   3   6   0 
10 6 0.300767 0.000828 * 10   9   3   6 
11 6 0.301991 0.002550 * 11   1   4   6 
11 6 0.303127 0.002550 * 11   1   5   6 
1 7 0.201926 0.008739 * 1  4  7 
2 7 0.404368 0.012525 * 2  5  1  4  7  0 
2 7 0.504963 0.013368 * 2  5  6  3  9  7 
2 7 0.405938 0.013368 * 2  5  6  4  7  0 
2 7 0.504673 0.009162 * 2   8  11   1   4   7 
3 7 0.200291 0.000914 * 3  9  7 
4 7 0.101216 0.002534 * 4  7 
5 7 0.302333 0.004253 * 5  1  4  7  0 
5 7 0.402929 0.004539 * 5  6  3  9  7 
5 7 0.303903 0.004539 * 5  6  4  7  0 
6 7 0.301148 0.001113 * 6  3  9  7 
6 7 0.202122 0.001113 * 6  4  7  0 
8 7 0.403850 0.017328 * 8  11   1   4   7 
9 7 0.100212 0.001577 * 9  7 
10 7 0.300552 0.004116 * 10   3   9   7 
10 7 0.200370 0.004116 * 10   9   7   0 
11 7 0.302967 0.017402 * 11   1   4   7 
1 8 0.301840 0.006998 * 1  5  2  8 
1 8 0.202257 0.006998 * 1  11   8   0 
2 8 0.100823 0.020083 * 2  8 
3 8 0.402697 0.006248 * 3  6  5  2  8 
4 8 0.402777 0.004685 * 4  1  5  2  8 
4 8 0.303194 0.004685 * 4   1  11   8   0 
4 8 0.402411 0.002906 * 4  6  5  2  8 
5 8 0.201534 0.020372 * 5  2  8 
6 8 0.302172 0.006314 * 6  5  2  8 
7 8 0.503536 0.006194 * 7  4  1  5  2  8 
7 8 0.403953 0.006194 * 7   4   1  11   8   0 
7 8 0.503170 0.003843 * 7  4  6  5  2  8 
9 8 0.502782 0.000171 * 9  3  6  5  2  8  0 
9 8 0.603748 0.000514 * 9  7  4  1  5  2  8 
9 8 0.504165 0.000514 * 9   7   4   1  11   8   0 
9 8 0.603382 0.000514 * 9  7  4  6  5  2  8 
10 8 0.502958 0.000545 * 10   3   6   5   2   8   0   0 
10 8 0.602939 0.000700 * 10   9   3   6   5   2   8   0 
10 8 0.703905 0.002099 * 10   9   7   4   1   5   2   8 
10 8 0.604322 0.002099 * 10   9   7   4   1  11   8   0 
10 8 0.703540 0.002099 * 10   9   7   4   6   5   2   8 
11 8 0.100669 0.018962 * 11   8 
1 9 0.401886 0.000193 * 1  4  6  3  9 
1 9 0.302133 0.000193 * 1  4  7  9  0 
2 9 0.604327 0.001087 * 2  5  1  4  6  3  9 
2 9 0.504575 0.001087 * 2  5  1  4  7  9  0 
2 9 0.404751 0.000645 * 2  5  6  3  9  0  0 
3 9 0.100079 0.001079 * 3  9 
4 9 0.301175 0.000094 * 4  6  3  9 
4 9 0.201422 0.000094 * 4  7  9  0 
5 9 0.502293 0.000413 * 5  1  4  6  3  9 
5 9 0.402540 0.000413 * 5  1  4  7  9  0 
5 9 0.302717 0.000245 * 5  6  3  9  0  0 
6 9 0.200936 0.000134 * 6  3  9 
7 9 0.100206 0.001974 * 7  9 
8 9 0.704641 0.001212 * 8  2  5  1  4  6  3  9 
8 9 0.604888 0.001212 * 8  2  5  1  4  7  9  0 
8 9 0.505065 0.000931 * 8  2  5  6  3  9  0  0 
8 9 0.603809 0.000808 * 8  11   1   4   6   3   9   0 
8 9 0.504056 0.000808 * 8  11   1   4   7   9   0   0 
10 9 0.200340 0.000369 * 10   3   9 
10 9 0.100158 0.000369 * 10   9   0 
11 9 0.502927 0.000288 * 11   1   4   6   3   9 
11 9 0.403174 0.000288 * 11   1   4   7   9   0 
1 10 0.502021 0.001312 * 1   4   6   3   9  10 
1 10 0.402308 0.001312 * 1   4   6   3  10   0 
1 10 0.402268 0.000656 * 1   4   7   9  10   0 
1 10 0.503157 0.001208 * 1   5   6   3   9  10 
1 10 0.403445 0.001208 * 1   5   6   3  10   0 
2 10 0.504887 0.016215 * 2   5   6   3   9  10 
2 10 0.405174 0.016215 * 2   5   6   3  10   0 
3 10 0.200214 0.000563 * 3   9  10 
3 10 0.100501 0.000563 * 3  10   0 
4 10 0.401310 0.000291 * 4   6   3   9  10 
4 10 0.301597 0.000291 * 4   6   3  10   0 
4 10 0.301557 0.000146 * 4   7   9  10   0 
5 10 0.402852 0.002004 * 5   6   3   9  10 
5 10 0.303139 0.002004 * 5   6   3  10   0 
6 10 0.301071 0.000450 * 6   3   9  10 
6 10 0.201358 0.000450 * 6   3  10   0 
7 10 0.200341 0.006801 * 7   9  10 
8 10 0.605201 0.000565 * 8   2   5   6   3   9  10   0 
8 10 0.505488 0.000565 * 8   2   5   6   3  10   0   0 
8 10 0.703944 0.001413 * 8  11   1   4   6   3   9  10 
8 10 0.604231 0.001413 * 8  11   1   4   6   3  10   0 
8 10 0.604191 0.000804 * 8  11   1   4   7   9  10   0 
8 10 0.705081 0.001413 * 8  11   1   5   6   3   9  10 
8 10 0.605368 0.001413 * 8  11   1   5   6   3  10   0 
9 10 0.100135 0.000812 * 9  10 
11 10 0.603062 0.000710 * 11   1   4   6   3   9  10 
11 10 0.503349 0.000710 * 11   1   4   6   3  10   0 
11 10 0.503309 0.000355 * 11   1   4   7   9  10   0 
11 10 0.604198 0.000654 * 11   1   5   6   3   9  10 
11 10 0.504486 0.000654 * 11   1   5   6   3  10   0 
1 11 0.101588 0.042650 * 1  11 
2 11 0.201705 0.020049 * 2   8  11 
3 11 0.403956 0.001846 * 3   6   4   1  11   0 
3 11 0.403157 0.003693 * 3   6   5   1  11   0 
3 11 0.503579 0.003693 * 3   6   5   2   8  11 
4 11 0.202525 0.007584 * 4   1  11 
5 11 0.201995 0.008240 * 5   1  11   0 
5 11 0.302417 0.008240 * 5   2   8  11 
6 11 0.303431 0.000881 * 6   4   1  11   0 
6 11 0.302632 0.001762 * 6   5   1  11   0 
6 11 0.403054 0.001762 * 6   5   2   8  11 
7 11 0.303284 0.020667 * 7   4   1  11 
8 11 0.100882 0.039963 * 8  11 
9 11 0.504041 0.000269 * 9   3   6   4   1  11   0 
9 11 0.503242 0.000269 * 9   3   6   5   1  11   0 
9 11 0.603664 0.000269 * 9   3   6   5   2   8  11 
9 11 0.403496 0.000090 * 9   7   4   1  11   0   0 
10 11 0.504217 0.001630 * 10   3   6   4   1  11   0   0 
10 11 0.503418 0.001630 * 10   3   6   5   1  11   0   0 
10 11 0.603840 0.001630 * 10   3   6   5   2   8  11   0 
10 11 0.604199 0.001861 * 10   9   3   6   4   1  11   0 
10 11 0.603400 0.001861 * 10   9   3   6   5   1  11   0 
10 11 0.703821 0.001861 * 10   9   3   6   5   2   8  11 
10 11 0.503653 0.000620 * 10   9   7   4   1  11   0   0 
