2  5  1 
0.010705
3  6  4  1 
0.001871
3  6  5  1 
0.001871
4  1 
0.002464
5  1 
0.011734
6  4  1 
0.001684
6  5  1 
0.001684
7  4  1 
0.007578
8  2  5  1 
0.003249
8  11   1   0 
0.003249
9  3  6  4  1 
0.000563
9  3  6  5  1 
0.000563
9  7  4  1  0 
0.000281
10   3   6   4   1   0 
0.000681
10   3   6   5   1   0 
0.000681
10   9   3   6   4   1 
0.001022
10   9   3   6   5   1 
0.001022
10   9   7   4   1   0 
0.000543
11   1 
0.024440
1  5  2  0 
0.004243
1  11   8   2 
0.004243
3  6  5  2 
0.005667
4  1  5  2  0 
0.001948
4   1  11   8   2 
0.001948
4  6  5  2  0 
0.000984
5  2 
0.011234
6  5  2 
0.003970
7  4  1  5  2  0 
0.003771
7   4   1  11   8   2 
0.003771
7  4  6  5  2  0 
0.002013
7  9  3  6  5  2 
0.001257
8  2 
0.002686
9  3  6  5  2 
0.001296
10   3   6   5   2   0 
0.001305
10   9   3   6   5   2 
0.001305
11   8   2 
0.006869
1  4  6  3  0 
0.000898
1  4  7  9  3 
0.000898
1  5  6  3  0 
0.000679
2  5  6  3 
0.011960
4  6  3  0 
0.001375
4  7  9  3 
0.001375
5  6  3 
0.003857
6  3 
0.004605
7  9  3 
0.009290
8  2  5  6  3  0  0 
0.000497
8  11   1   4   6   3   0 
0.001491
8  11   1   4   7   9   3 
0.001491
8  11   1   5   6   3   0 
0.001491
9  3 
0.004162
10   9   3 
0.002731
10   3   0 
0.002731
11   1   4   6   3   0 
0.002399
11   1   4   7   9   3 
0.002399
11   1   5   6   3   0 
0.001815
1  4 
0.002885
2  5  1  4 
0.004959
2  5  6  4 
0.004959
3  6  4  0 
0.001019
3  9  7  4 
0.001019
5  1  4 
0.001823
5  6  4 
0.001823
6  4 
0.001559
7  4 
0.002679
8  2  5  1  4 
0.000955
8  2  5  6  4 
0.000955
8  11   1   4   0 
0.000478
9  7  4 
0.001495
10   3   6   4   0 
0.000708
10   3   9   7   4 
0.000708
10   9   7   4   0 
0.000354
11   1   4 
0.002695
1  5 
0.007560
2  5 
0.038163
3  6  5 
0.002763
4  1  5 
0.001313
4  6  5 
0.001313
6  5 
0.006047
7  4  1  5  0 
0.002791
7  4  6  5  0 
0.002791
7  9  3  6  5 
0.001821
8  2  5  0 
0.007141
8  11   1   5 
0.007141
9  3  6  5 
0.001642
10   3   6   5   0 
0.001868
10   9   3   6   5 
0.001868
11   1   5 
0.012269
1  4  6 
0.001664
1  5  6 
0.001664
2  5  6 
0.014868
3  6 
0.003873
4  6 
0.001967
5  6 
0.006017
7  4  6  0 
0.001380
7  9  3  6 
0.001380
8  2  5  6  0 
0.000818
8  11   1   4   6 
0.001637
8  11   1   5   6 
0.001637
9  3  6 
0.000580
10   3   6   0 
0.000441
10   9   3   6 
0.000441
11   1   4   6 
0.002230
11   1   5   6 
0.002230
1  4  7 
0.006294
2  5  1  4  7  0 
0.012603
2  5  6  3  9  7 
0.013856
2  5  6  4  7  0 
0.013856
3  9  7 
0.003498
4  7 
0.004320
5  1  4  7  0 
0.005750
5  6  3  9  7 
0.006322
5  6  4  7  0 
0.006322
6  3  9  7 
0.002486
6  4  7  0 
0.002486
8  2  5  1  4  7  0 
0.006506
8  2  5  6  3  9  7 
0.006506
8  2  5  6  4  7  0 
0.006506
8  11   1   4   7   0   0 
0.002169
9  7 
0.001344
10   3   9   7 
0.005243
10   9   7   0 
0.005243
11   1   4   7 
0.022634
1  5  2  8 
0.006914
1  11   8   0 
0.006914
2  8 
0.031662
3  6  5  2  8 
0.006581
4  1  5  2  8 
0.005711
4   1  11   8   0 
0.005711
4  6  5  2  8 
0.004032
5  2  8 
0.022040
6  5  2  8 
0.010016
7  4  1  5  2  8 
0.009938
7   4   1  11   8   0 
0.009938
7  4  6  5  2  8 
0.007018
9  3  6  5  2  8  0 
0.000280
9  7  4  1  5  2  8 
0.000839
9   7   4   1  11   8   0 
0.000839
9  7  4  6  5  2  8 
0.000839
10   3   6   5   2   8   0   0 
0.000625
10   9   3   6   5   2   8   0 
0.000868
10   9   7   4   1   5   2   8 
0.002500
10   9   7   4   1  11   8   0 
0.002500
10   9   7   4   6   5   2   8 
0.002500
11   8 
0.029443
1  4  6  3  9 
0.000224
1  4  7  9  0 
0.000224
2  5  1  4  6  3  9 
0.000853
2  5  1  4  7  9  0 
0.000853
2  5  6  3  9  0  0 
0.000430
3  9 
0.005488
4  6  3  9 
0.000319
4  7  9  0 
0.000319
5  1  4  6  3  9 
0.000496
5  1  4  7  9  0 
0.000496
5  6  3  9  0  0 
0.000250
6  3  9 
0.000630
7  9 
0.000722
8  2  5  1  4  6  3  9 
0.000246
8  2  5  1  4  7  9  0 
0.000246
8  2  5  6  3  9  0  0 
0.000246
8  11   1   4   6   3   9   0 
0.000164
8  11   1   4   7   9   0   0 
0.000164
10   3   9 
0.000972
10   9   0 
0.000972
11   1   4   6   3   9 
0.000562
11   1   4   7   9   0 
0.000562
1   4   6   3   9  10 
0.001428
1   4   6   3  10   0 
0.001428
1   4   7   9  10   0 
0.000714
1   5   6   3   9  10 
0.001222
1   5   6   3  10   0 
0.001222
2   5   6   3   9  10 
0.007277
2   5   6   3  10   0 
0.007277
3   9  10 
0.000953
3  10   0 
0.000953
4   6   3   9  10 
0.000602
4   6   3  10   0 
0.000602
4   7   9  10   0 
0.000301
5   6   3   9  10 
0.002169
5   6   3  10   0 
0.002169
6   3   9  10 
0.000887
6   3  10   0 
0.000887
7   9  10 
0.008848
8   2   5   6   3   9  10   0 
0.000460
8   2   5   6   3  10   0   0 
0.000460
8  11   1   4   6   3   9  10 
0.001151
8  11   1   4   6   3  10   0 
0.001151
8  11   1   4   7   9  10   0 
0.000876
8  11   1   5   6   3   9  10 
0.001151
8  11   1   5   6   3  10   0 
0.001151
9  10 
0.002855
11   1   4   6   3   9  10 
0.001023
11   1   4   6   3  10   0 
0.001023
11   1   4   7   9  10   0 
0.000512
11   1   5   6   3   9  10 
0.000876
11   1   5   6   3  10   0 
0.000876
1  11 
0.046938
2   8  11 
0.032110
3   6   4   1  11   0 
0.002582
3   6   5   1  11   0 
0.004830
3   6   5   2   8  11 
0.004830
4   1  11 
0.006730
5   1  11   0 
0.010640
5   2   8  11 
0.010640
6   4   1  11   0 
0.002875
6   5   1  11   0 
0.005379
6   5   2   8  11 
0.005379
7   4   1  11 
0.030983
8  11 
0.059051
9   3   6   4   1  11   0 
0.000515
9   3   6   5   1  11   0 
0.000515
9   3   6   5   2   8  11 
0.000515
9   7   4   1  11   0   0 
0.000172
10   3   6   4   1  11   0   0 
0.001529
10   3   6   5   1  11   0   0 
0.001529
10   3   6   5   2   8  11   0 
0.001529
10   9   3   6   4   1  11   0 
0.001944
10   9   3   6   5   1  11   0 
0.001944
10   9   3   6   5   2   8  11 
0.001944
10   9   7   4   1  11   0   0 
0.000648
