1  5  2  0  0  0  0  0  0  0 
3.858190e-003
1  11   8   2   0   0   0   0   0   0 
1.777281e-011
1  4  6  5  2  0  0  0  0  0 
8.907278e-012
1  4  6  3  0  0  0  0  0  0 
1.298338e-003
1  5  6  3  0  0  0  0  0  0 
1.295397e-003
1  4  7  9  3  0  0  0  0  0 
1.767363e-011
1  4  0  0  0  0  0  0  0  0 
2.342547e-003
1  5  6  4  0  0  0  0  0  0 
8.900362e-012
1  5  0  0  0  0  0  0  0  0 
5.646329e-003
1  4  6  5  0  0  0  0  0  0 
8.921416e-012
1  11   8   2   5   0   0   0   0   0 
5.952052e-012
1  4  6  0  0  0  0  0  0  0 
8.947382e-004
1  5  6  0  0  0  0  0  0  0 
9.591378e-004
1  4  7  0  0  0  0  0  0  0 
4.565780e-003
1  5  6  4  7  0  0  0  0  0 
8.920808e-012
1  11   8   0   0   0   0   0   0   0 
1.314204e-002
1  5  2  8  0  0  0  0  0  0 
1.785832e-011
1  4  6  5  2  8  0  0  0  0 
5.957889e-012
1  4  7  9  0  0  0  0  0  0 
2.936200e-004
1  4  6  3  9  0  0  0  0  0 
2.199529e-011
1  5  6  3  9  0  0  0  0  0 
2.185280e-011
1   4   6   3  10   0   0   0   0   0 
9.403518e-004
1   5   6   3  10   0   0   0   0   0 
1.046095e-003
1   4   7   9  10   0   0   0   0   0 
1.290435e-003
1  11   0   0   0   0   0   0   0   0 
4.006866e-002
1   5   2   8  11   0   0   0   0   0 
5.960585e-012
2  5  1  0  0  0  0  0  0  0 
4.259659e-003
2   8  11   1   0   0   0   0   0   0 
1.778148e-011
2  5  6  4  1  0  0  0  0  0 
8.911250e-012
2  5  6  3  0  0  0  0  0  0 
1.815835e-002
2  5  1  4  6  3  0  0  0  0 
8.937039e-012
2  5  1  4  0  0  0  0  0  0 
3.939598e-003
2  5  6  4  0  0  0  0  0  0 
3.724545e-003
2   8  11   1   4   0   0   0   0   0 
1.779911e-011
2  5  0  0  0  0  0  0  0  0 
3.821130e-002
2   8  11   1   5   0   0   0   0   0 
5.960254e-012
2   8  11   1   4   6   5   0   0   0 
3.576225e-012
2  5  6  0  0  0  0  0  0  0 
1.262925e-002
2  5  1  4  6  0  0  0  0  0 
8.934624e-012
2  5  1  4  7  0  0  0  0  0 
2.635422e-002
2  5  6  4  7  0  0  0  0  0 
2.769732e-002
2   8  11   1   4   7   0   0   0   0 
1.786910e-011
2  8  0  0  0  0  0  0  0  0 
2.647366e-002
2   5   1  11   8   0   0   0   0   0 
5.958601e-012
2  5  6  3  9  0  0  0  0  0 
2.974688e-003
2   5   6   3  10   9   0   0   0   0 
1.773496e-011
2  5  1  4  7  9  0  0  0  0 
1.773348e-011
2   5   6   3  10   0   0   0   0   0 
2.487629e-002
2   5   6   3   9  10   0   0   0   0 
1.785912e-011
2   8  11   0   0   0   0   0   0   0 
2.683072e-002
2   5   1  11   0   0   0   0   0   0 
1.786409e-011
3  6  4  1  0  0  0  0  0  0 
4.163861e-004
3  6  5  1  0  0  0  0  0  0 
4.436659e-004
3  9  7  4  1  0  0  0  0  0 
1.805779e-011
3  6  5  2  0  0  0  0  0  0 
5.245978e-003
3  6  4  1  5  2  0  0  0  0 
8.923396e-012
3  6  4  0  0  0  0  0  0  0 
6.026800e-004
3  9  7  4  0  0  0  0  0  0 
1.763884e-011
3  6  5  0  0  0  0  0  0  0 
4.137408e-003
3  6  4  1  5  0  0  0  0  0 
8.918346e-012
3  6  0  0  0  0  0  0  0  0 
2.102052e-003
3  9  7  4  6  0  0  0  0  0 
5.935980e-012
3  10   9   7   4   6   0   0   0   0 
4.457863e-012
3  9  7  0  0  0  0  0  0  0 
2.683946e-003
3  10   9   7   0   0   0   0   0   0 
1.771582e-011
3  6  4  7  0  0  0  0  0  0 
1.773685e-011
3  6  5  2  8  0  0  0  0  0 
6.853816e-003
3   6   4   1  11   8   0   0   0   0 
1.781303e-011
3   6   5   1  11   8   0   0   0   0 
1.781349e-011
3  9  0  0  0  0  0  0  0  0 
4.688872e-003
3  10   9   0   0   0   0   0   0   0 
1.782477e-011
3  6  4  7  9  0  0  0  0  0 
5.951165e-012
3  10   0   0   0   0   0   0   0   0 
2.049341e-003
3   9  10   0   0   0   0   0   0   0 
1.761611e-011
3   6   4   1  11   0   0   0   0   0 
6.159759e-003
3   6   5   1  11   0   0   0   0   0 
6.479059e-003
3   9   7   4   1  11   0   0   0   0 
1.782246e-011
4  1  0  0  0  0  0  0  0  0 
5.555100e-003
4  6  5  1  0  0  0  0  0  0 
8.924275e-012
4  1  5  2  0  0  0  0  0  0 
6.459329e-004
4  6  5  2  0  0  0  0  0  0 
5.908381e-004
4   1  11   8   2   0   0   0   0   0 
1.789730e-011
4  6  3  0  0  0  0  0  0  0 
1.790069e-003
4  7  9  3  0  0  0  0  0  0 
1.759527e-011
4  1  5  6  3  0  0  0  0  0 
8.850440e-012
4  1  5  0  0  0  0  0  0  0 
9.700673e-004
4  6  5  0  0  0  0  0  0  0 
8.935047e-004
4  6  0  0  0  0  0  0  0  0 
1.280101e-003
4  1  5  6  0  0  0  0  0  0 
8.847511e-012
4  7  9  3  6  0  0  0  0  0 
5.908655e-012
4  7  0  0  0  0  0  0  0  0 
7.260103e-003
4  6  3  9  7  0  0  0  0  0 
5.956166e-012
4   6   3  10   9   7   0   0   0   0 
4.469616e-012
4   1  11   8   0   0   0   0   0   0 
1.210179e-002
4  1  5  2  8  0  0  0  0  0 
1.785313e-011
4  6  5  2  8  0  0  0  0  0 
1.785289e-011
4  7  9  0  0  0  0  0  0  0 
3.704470e-004
4  6  3  9  0  0  0  0  0  0 
1.681252e-011
4   6   3  10   9   0   0   0   0   0 
9.366913e-012
4   7   9  10   0   0   0   0   0   0 
3.586729e-004
4   6   3  10   0   0   0   0   0   0 
2.488221e-004
4   6   3   9  10   0   0   0   0   0 
1.877226e-011
4   1  11   0   0   0   0   0   0   0 
6.013332e-003
4   6   5   1  11   0   0   0   0   0 
8.925706e-012
5  1  0  0  0  0  0  0  0  0 
5.760713e-003
5  6  4  1  0  0  0  0  0  0 
8.922718e-012
5   2   8  11   1   0   0   0   0   0 
5.952188e-012
5  2  0  0  0  0  0  0  0  0 
8.984117e-003
5   1  11   8   2   0   0   0   0   0 
5.957079e-012
5  6  3  0  0  0  0  0  0  0 
2.193004e-003
5  1  4  6  3  0  0  0  0  0 
8.895904e-012
5  1  4  0  0  0  0  0  0  0 
1.397454e-003
5  6  4  0  0  0  0  0  0  0 
1.299398e-003
5  6  0  0  0  0  0  0  0  0 
6.017395e-003
5  1  4  6  0  0  0  0  0  0 
8.925433e-012
5  1  4  7  0  0  0  0  0  0 
5.439011e-003
5  6  4  7  0  0  0  0  0  0 
5.312650e-003
5  6  3  9  7  0  0  0  0  0 
1.781740e-011
5  2  8  0  0  0  0  0  0  0 
1.710461e-002
5   1  11   8   0   0   0   0   0   0 
1.785747e-011
5  6  3  9  0  0  0  0  0  0 
1.146289e-003
5  1  4  7  9  0  0  0  0  0 
1.745087e-011
5  6  4  7  9  0  0  0  0  0 
1.745071e-011
5   6   3  10   0   0   0   0   0   0 
1.626569e-003
5   6   3   9  10   0   0   0   0   0 
1.756409e-011
5   1  11   0   0   0   0   0   0   0 
1.708497e-002
5   2   8  11   0   0   0   0   0   0 
1.786277e-011
6  4  1  0  0  0  0  0  0  0 
7.307665e-004
6  5  1  0  0  0  0  0  0  0 
7.824155e-004
6  5  2  0  0  0  0  0  0  0 
3.389726e-003
6  4  1  5  2  0  0  0  0  0 
8.913135e-012
6  3  0  0  0  0  0  0  0  0 
5.200258e-003
6  4  7  9  3  0  0  0  0  0 
5.953012e-012
6   4   7   9  10   3   0   0   0   0 
4.465614e-012
6  4  0  0  0  0  0  0  0  0 
6.699960e-004
6  5  1  4  0  0  0  0  0  0 
8.805423e-012
6  3  9  7  4  0  0  0  0  0 
5.861179e-012
6  5  0  0  0  0  0  0  0  0 
3.223763e-003
6  4  1  5  0  0  0  0  0  0 
8.911651e-012
6  4  7  0  0  0  0  0  0  0 
4.400462e-003
6  3  9  7  0  0  0  0  0  0 
1.778646e-011
6  5  2  8  0  0  0  0  0  0 
7.706235e-003
6   4   1  11   8   0   0   0   0   0 
1.782138e-011
6   5   1  11   8   0   0   0   0   0 
1.782188e-011
6  3  9  0  0  0  0  0  0  0 
2.772060e-004
6   3  10   9   0   0   0   0   0   0 
1.687789e-011
6  4  7  9  0  0  0  0  0  0 
1.694159e-011
6   3  10   0   0   0   0   0   0   0 
1.288223e-003
6   3   9  10   0   0   0   0   0   0 
1.743443e-011
6   4   7   9  10   0   0   0   0   0 
8.799713e-012
6   4   1  11   0   0   0   0   0   0 
3.686789e-003
6   5   1  11   0   0   0   0   0   0 
4.124208e-003
6   5   2   8  11   0   0   0   0   0 
1.780152e-011
7  4  1  0  0  0  0  0  0  0 
6.372369e-003
7  4  6  5  1  0  0  0  0  0 
8.926690e-012
7  4  6  5  2  0  0  0  0  0 
4.143735e-003
7  4  1  5  2  0  0  0  0  0 
3.642078e-003
7  9  3  6  5  2  0  0  0  0 
1.779525e-011
7  9  3  0  0  0  0  0  0  0 
4.010389e-003
7  4  6  3  0  0  0  0  0  0 
1.777259e-011
7   9  10   3   0   0   0   0   0   0 
1.773691e-011
7  4  0  0  0  0  0  0  0  0 
3.627434e-002
7  9  3  6  4  0  0  0  0  0 
5.962551e-012
7   9  10   3   6   4   0   0   0   0 
4.471142e-012
7  4  6  5  0  0  0  0  0  0 
3.307126e-003
7  4  1  5  0  0  0  0  0  0 
3.029273e-003
7  9  3  6  5  0  0  0  0  0 
1.777314e-011
7  4  6  0  0  0  0  0  0  0 
2.339108e-003
7  9  3  6  0  0  0  0  0  0 
1.770097e-011
7   4   1  11   8   0   0   0   0   0 
2.670268e-002
7  4  6  5  2  8  0  0  0  0 
1.787643e-011
7  4  1  5  2  8  0  0  0  0 
1.787520e-011
7  9  0  0  0  0  0  0  0  0 
1.848781e-003
7  4  6  3  9  0  0  0  0  0 
5.931111e-012
7   4   6   3  10   9   0   0   0   0 
4.454714e-012
7   9  10   0   0   0   0   0   0   0 
8.535636e-003
7   9   3  10   0   0   0   0   0   0 
1.786035e-011
7   4   6   3  10   0   0   0   0   0 
8.933715e-012
7   4   1  11   0   0   0   0   0   0 
2.161440e-002
8  11   1   0   0   0   0   0   0   0 
5.039013e-003
8  2  5  1  0  0  0  0  0  0 
1.781180e-011
8  2  0  0  0  0  0  0  0  0 
1.731468e-003
8  11   1   5   2   0   0   0   0   0 
5.935266e-012
8  11   1   4   6   5   2   0   0   0 
3.566264e-012
8  2  5  6  3  0  0  0  0  0 
4.723918e-003
8  11   1   5   6   3   0   0   0   0 
1.777412e-011
8  11   1   4   6   3   0   0   0   0 
1.776775e-011
8  11   1   4   0   0   0   0   0   0 
4.244336e-003
8  2  5  1  4  0  0  0  0  0 
1.776336e-011
8  2  5  6  4  0  0  0  0  0 
1.776404e-011
8  2  5  0  0  0  0  0  0  0 
7.725958e-003
8  11   1   5   0   0   0   0   0   0 
1.782763e-011
8  2  5  6  0  0  0  0  0  0 
4.234691e-003
8  11   1   5   6   0   0   0   0   0 
1.775967e-011
8  11   1   4   6   0   0   0   0   0 
1.775261e-011
8  11   1   4   7   0   0   0   0   0 
2.119595e-002
8  2  5  1  4  7  0  0  0  0 
1.787436e-011
8  2  5  6  4  7  0  0  0  0 
1.787484e-011
8  11   1   4   7   9   0   0   0   0 
3.475592e-004
8  2  5  6  3  9  0  0  0  0 
4.002028e-004
8  11   1   5   6   3   9   0   0   0 
1.849852e-011
8   2   5   6   3  10   0   0   0   0 
7.704858e-003
8   2   5   6   3   9  10   0   0   0 
1.780552e-011
8  11   1   4   7   9  10   0   0   0 
1.779798e-011
8  11   0   0   0   0   0   0   0   0 
5.753837e-002
8   2   5   1  11   0   0   0   0   0 
5.960916e-012
9  7  4  1  0  0  0  0  0  0 
7.628750e-004
9  3  6  4  1  0  0  0  0  0 
1.799952e-011
9  3  6  5  1  0  0  0  0  0 
1.798929e-011
9  3  6  5  2  0  0  0  0  0 
6.506140e-004
9  10   3   6   5   2   0   0   0   0 
1.838480e-011
9  7  4  6  5  2  0  0  0  0 
1.868518e-011
9  3  0  0  0  0  0  0  0  0 
4.804163e-003
9  10   3   0   0   0   0   0   0   0 
1.778439e-011
9  7  4  6  3  0  0  0  0  0 
5.950671e-012
9  7  4  0  0  0  0  0  0  0 
8.485470e-004
9  3  6  4  0  0  0  0  0  0 
1.729753e-011
9  10   3   6   4   0   0   0   0   0 
8.693223e-012
9  3  6  5  0  0  0  0  0  0 
2.904513e-003
9  10   3   6   5   0   0   0   0   0 
1.767212e-011
9  7  4  6  5  0  0  0  0  0 
1.770841e-011
9  3  6  0  0  0  0  0  0  0 
2.431400e-004
9  10   3   6   0   0   0   0   0   0 
7.606979e-012
9  7  4  6  0  0  0  0  0  0 
7.979432e-012
9  7  0  0  0  0  0  0  0  0 
2.999967e-003
9  3  6  4  7  0  0  0  0  0 
5.943784e-012
9  10   3   6   4   7   0   0   0   0 
4.459892e-012
9   7   4   1  11   8   0   0   0   0 
1.535417e-003
9  3  6  5  2  8  0  0  0  0 
2.140200e-003
9  10   3   6   5   2   8   0   0   0 
1.770165e-011
9  10   0   0   0   0   0   0   0   0 
1.155964e-003
9   3  10   0   0   0   0   0   0   0 
1.764100e-011
9   7   4   1  11   0   0   0   0   0 
1.649275e-003
9   3   6   4   1  11   0   0   0   0 
1.750462e-011
9   3   6   5   1  11   0   0   0   0 
1.750452e-011
10   3   6   4   1   0   0   0   0   0 
1.245431e-003
10   9   7   4   1   0   0   0   0   0 
1.491394e-003
10   3   6   5   1   0   0   0   0   0 
1.321423e-003
10   3   6   5   2   0   0   0   0   0 
2.475263e-003
10   9   3   6   5   2   0   0   0   0 
1.770016e-011
10   3   0   0   0   0   0   0   0   0 
5.736510e-003
10   9   3   0   0   0   0   0   0   0 
1.781170e-011
10   3   6   4   0   0   0   0   0   0 
7.917067e-004
10   9   7   4   0   0   0   0   0   0 
9.383273e-004
10   3   9   7   4   0   0   0   0   0 
1.766437e-011
10   3   6   5   0   0   0   0   0   0 
4.448079e-003
10   9   3   6   5   0   0   0   0   0 
1.778550e-011
10   3   6   0   0   0   0   0   0   0 
1.767921e-003
10   9   3   6   0   0   0   0   0   0 
1.763775e-011
10   9   7   0   0   0   0   0   0   0 
1.095037e-002
10   3   9   7   0   0   0   0   0   0 
1.783766e-011
10   3   6   5   2   8   0   0   0   0 
9.865484e-003
10   9   3   6   5   2   8   0   0   0 
1.784302e-011
10   3   6   5   1  11   8   0   0   0 
1.783591e-011
10   9   0   0   0   0   0   0   0   0 
1.224932e-003
10   3   9   0   0   0   0   0   0   0 
1.756759e-011
10   3   6   4   1  11   0   0   0   0 
3.446258e-003
10   3   6   5   1  11   0   0   0   0 
3.633310e-003
10   9   7   4   1  11   0   0   0   0 
5.332120e-003
11   1   0   0   0   0   0   0   0   0 
2.828356e-002
11   8   2   5   1   0   0   0   0   0 
5.960585e-012
11   8   2   0   0   0   0   0   0   0 
1.484603e-003
11   1   5   2   0   0   0   0   0   0 
1.765440e-011
11   1   4   6   3   0   0   0   0   0 
2.937230e-003
11   1   5   6   3   0   0   0   0   0 
2.804596e-003
11   8   2   5   6   3   0   0   0   0 
1.778411e-011
11   1   4   0   0   0   0   0   0   0 
1.848911e-003
11   1   5   6   4   0   0   0   0   0 
8.889184e-012
11   1   5   0   0   0   0   0   0   0 
1.503425e-002
11   8   2   5   0   0   0   0   0   0 
1.786146e-011
11   1   4   6   5   0   0   0   0   0 
8.933715e-012
11   1   4   6   0   0   0   0   0   0 
1.804699e-003
11   1   5   6   0   0   0   0   0   0 
1.815722e-003
11   8   2   5   6   0   0   0   0   0 
1.774855e-011
11   1   4   7   0   0   0   0   0   0 
2.003233e-002
11   8   0   0   0   0   0   0   0   0 
2.208963e-002
11   1   5   2   8   0   0   0   0   0 
5.959289e-012
11   1   4   7   9   0   0   0   0   0 
7.658170e-004
11   1   4   6   3   9   0   0   0   0 
1.799108e-011
11   1   5   6   3   9   0   0   0   0 
1.800102e-011
11   1   4   7   9  10   0   0   0   0 
1.279099e-003
11   1   5   6   3  10   0   0   0   0 
1.038477e-003
11   1   4   6   3  10   0   0   0   0 
9.328772e-004
