2  5  1 
0.004368
3  6  4  1 
0.000793
3  6  5  1 
0.000793
4  1 
0.000823
5  1 
0.007296
6  4  1 
0.000518
6  5  1 
0.000518
7  4  1 
0.005685
8  11   1 
0.005324
9  7  4  1 
0.001748
10   3   6   4   1 
0.000910
10   3   6   5   1 
0.000910
10   9   7   4   1 
0.000910
11   1 
0.027852
1  5  2 
0.004305
3  6  5  2 
0.005114
4  1  5  2 
0.005047
4  6  5  2 
0.005047
5  2 
0.007705
6  5  2 
0.003264
7  4  1  5  2 
0.003924
7  4  6  5  2 
0.003924
8  2 
0.001860
9  3  6  5  2 
0.001062
10   3   6   5   2 
0.003070
11   8   2 
0.003123
1  4  6  3 
0.000912
1  5  6  3 
0.000912
2  5  6  3 
0.018896
4  6  3 
0.001799
5  6  3 
0.003663
6  3 
0.006045
7  9  3 
0.002053
8  2  5  6  3 
0.005093
9  3 
0.004746
10   3 
0.006539
11   1   4   6   3 
0.002122
11   1   5   6   3 
0.002122
1  4 
0.001283
2  5  1  4 
0.005431
2  5  6  4 
0.005431
3  6  4 
0.000785
5  1  4 
0.001502
5  6  4 
0.001502
6  4 
0.000492
7  4 
0.067005
8  11   1   4 
0.001739
9  7  4 
0.000446
10   3   6   4 
0.001250
10   9   7   4 
0.001250
11   1   4 
0.001688
1  5 
0.004968
2  5 
0.041926
3  6  5 
0.002665
4  1  5 
0.000984
4  6  5 
0.000984
6  5 
0.005780
7  4  1  5 
0.002778
7  4  6  5 
0.002778
8  2  5 
0.009629
9  3  6  5 
0.001848
10   3   6   5 
0.002768
11   1   5 
0.010605
1  4  6 
0.002044
1  5  6 
0.002044
2  5  6 
0.012015
3  6 
0.001332
4  6 
0.001174
5  6 
0.005464
7  4  6 
0.001698
8  2  5  6 
0.004276
9  3  6 
0.000294
10   3   6 
0.001377
11   1   4   6 
0.001820
11   1   5   6 
0.001820
1  4  7 
0.006315
2  5  1  4  7 
0.027106
2  5  6  4  7 
0.027106
3  9  7 
0.001855
4  7 
0.003315
5  1  4  7 
0.006302
5  6  4  7 
0.006302
6  4  7 
0.002578
8  11   1   4   7 
0.018323
9  7 
0.003133
10   9   7 
0.009010
11   1   4   7 
0.030325
1  11   8 
0.012299
2  8 
0.023462
3  6  5  2  8 
0.004835
4   1  11   8 
0.012157
5  2  8 
0.018661
6  5  2  8 
0.007244
7   4   1  11   8 
0.023681
9  3  6  5  2  8 
0.001163
9   7   4   1  11   8 
0.001163
10   3   6   5   2   8 
0.010329
11   8 
0.018272
1  4  7  9 
0.000250
2  5  6  3  9 
0.004439
3  9 
0.001857
4  7  9 
0.000290
5  6  3  9 
0.000877
6  3  9 
0.000171
7  9 
0.003031
8  2  5  6  3  9 
0.000496
8  11   1   4   7   9 
0.000496
10   9 
0.001106
11   1   4   7   9 
0.000354
1   4   6   3  10 
0.001510
1   4   7   9  10 
0.001510
1   5   6   3  10 
0.002567
2   5   6   3  10 
0.026049
3  10 
0.001580
4   6   3  10 
0.000374
4   7   9  10 
0.000374
5   6   3  10 
0.001572
6   3  10 
0.000951
7   9  10 
0.007486
8   2   5   6   3  10 
0.007134
9  10 
0.001044
11   1   4   6   3  10 
0.000916
11   1   4   7   9  10 
0.000916
11   1   5   6   3  10 
0.001062
1  11 
0.039534
2   8  11 
0.023663
3   6   4   1  11 
0.010470
3   6   5   1  11 
0.010470
4   1  11 
0.015349
5   1  11 
0.024800
6   4   1  11 
0.001907
6   5   1  11 
0.001907
7   4   1  11 
0.021654
8  11 
0.046209
9   7   4   1  11 
0.001506
10   3   6   4   1  11 
0.003667
10   3   6   5   1  11 
0.003667
10   9   7   4   1  11 
0.003667
