2  5  1  0 
0.002715
2   8  11   1 
0.002715
3  6  4  1 
0.001159
3  6  5  1 
0.001159
4  1 
0.001780
5  1 
0.004879
6  4  1 
0.000681
6  5  1 
0.000681
7  4  1 
0.007058
8  11   1 
0.003740
9  3  6  4  1 
0.000429
9  3  6  5  1 
0.000429
9  7  4  1  0 
0.000214
10   3   6   4   1   0 
0.000557
10   3   6   5   1   0 
0.000557
10   9   3   6   4   1 
0.000836
10   9   3   6   5   1 
0.000836
10   9   7   4   1   0 
0.000433
11   1 
0.025621
1  5  2  0 
0.002394
1  11   8   2 
0.002394
3  6  5  2 
0.006441
4  1  5  2  0 
0.000737
4   1  11   8   2 
0.000737
4  6  5  2  0 
0.000369
5  2 
0.009685
6  5  2 
0.003575
7  4  1  5  2  0 
0.002155
7   4   1  11   8   2 
0.002155
7  4  6  5  2  0 
0.001077
7  9  3  6  5  2 
0.000770
8  2 
0.002237
9  3  6  5  2 
0.000794
10   3   6   5   2   0 
0.001328
10   9   3   6   5   2 
0.001328
11   8   2 
0.001913
1  4  6  3  0 
0.000838
1  4  7  9  3 
0.000838
1  5  6  3  0 
0.000574
2  5  6  3 
0.018904
4  6  3  0 
0.001317
4  7  9  3 
0.001317
5  6  3 
0.002598
6  3 
0.007319
7  9  3 
0.007411
8  2  5  6  3  0  0 
0.000187
8  11   1   4   6   3   0 
0.000560
8  11   1   4   7   9   3 
0.000560
8  11   1   5   6   3   0 
0.000560
9  3 
0.005472
10   9   3 
0.002516
10   3   0 
0.002516
11   1   4   6   3   0 
0.001835
11   1   4   7   9   3 
0.001835
11   1   5   6   3   0 
0.001257
1  4 
0.001067
2  5  1  4  0 
0.005064
2  5  6  4  0 
0.005064
2   8  11   1   4 
0.003979
3  6  4  0 
0.000877
3  9  7  4 
0.000877
5  1  4 
0.001282
5  6  4 
0.001282
6  4 
0.001187
7  4 
0.038216
8  11   1   4 
0.001951
9  7  4 
0.001026
10   3   6   4   0 
0.000836
10   3   9   7   4 
0.000836
10   9   7   4   0 
0.000418
11   1   4 
0.001683
1  5 
0.003759
2  5 
0.034561
3  6  5 
0.007883
4  1  5 
0.001263
4  6  5 
0.001263
6  5 
0.003382
7  4  1  5  0 
0.002128
7  4  6  5  0 
0.002128
7  9  3  6  5 
0.001262
8  2  5  0 
0.003506
8  11   1   5 
0.003506
9  3  6  5 
0.002559
10   3   6   5   0 
0.002281
10   9   3   6   5 
0.002281
11   1   5 
0.011721
1  4  6 
0.000642
1  5  6 
0.000642
2  5  6 
0.013259
3  6 
0.002479
4  6 
0.001286
5  6 
0.004317
7  4  6  0 
0.001263
7  9  3  6 
0.001263
8  2  5  6  0 
0.000789
8  11   1   4   6 
0.001578
8  11   1   5   6 
0.001578
9  3  6 
0.000536
10   3   6   0 
0.000959
10   9   3   6 
0.000959
11   1   4   6 
0.002126
11   1   5   6 
0.002126
1  4  7 
0.004303
2  5  1  4  7  0 
0.011739
2  5  6  3  9  7 
0.013193
2  5  6  4  7  0 
0.013193
2   8  11   1   4   7 
0.008113
3  9  7 
0.003409
4  7 
0.003736
5  1  4  7  0 
0.004771
5  6  3  9  7 
0.005362
5  6  4  7  0 
0.005362
6  3  9  7 
0.002073
6  4  7  0 
0.002073
8  11   1   4   7 
0.022377
9  7 
0.002856
10   3   9   7 
0.005089
10   9   7   0 
0.005089
11   1   4   7 
0.020828
1  5  2  8 
0.006060
1  11   8   0 
0.006060
2  8 
0.024695
3  6  5  2  8 
0.009013
4  1  5  2  8 
0.004730
4   1  11   8   0 
0.004730
4  6  5  2  8 
0.003454
5  2  8 
0.019183
6  5  2  8 
0.008370
7  4  1  5  2  8 
0.010180
7   4   1  11   8   0 
0.010180
7  4  6  5  2  8 
0.007433
9  3  6  5  2  8  0 
0.000293
9  7  4  1  5  2  8 
0.000879
9   7   4   1  11   8   0 
0.000879
9  7  4  6  5  2  8 
0.000879
10   3   6   5   2   8   0   0 
0.000730
10   9   3   6   5   2   8   0 
0.000985
10   9   7   4   1   5   2   8 
0.002919
10   9   7   4   1  11   8   0 
0.002919
10   9   7   4   6   5   2   8 
0.002919
11   8 
0.023817
1  4  6  3  9 
0.000161
1  4  7  9  0 
0.000161
2  5  1  4  6  3  9 
0.000981
2  5  1  4  7  9  0 
0.000981
2  5  6  3  9  0  0 
0.000536
3  9 
0.004521
4  6  3  9 
0.000233
4  7  9  0 
0.000233
5  1  4  6  3  9 
0.000335
5  1  4  7  9  0 
0.000335
5  6  3  9  0  0 
0.000183
6  3  9 
0.000161
7  9 
0.004031
8  2  5  1  4  6  3  9 
0.000208
8  2  5  1  4  7  9  0 
0.000208
8  2  5  6  3  9  0  0 
0.000208
8  11   1   4   6   3   9   0 
0.000139
8  11   1   4   7   9   0   0 
0.000139
10   3   9 
0.000927
10   9   0 
0.000927
11   1   4   6   3   9 
0.000502
11   1   4   7   9   0 
0.000502
1   4   6   3   9  10 
0.000619
1   4   6   3  10   0 
0.000619
1   4   7   9  10   0 
0.000309
1   5   6   3   9  10 
0.000556
1   5   6   3  10   0 
0.000556
2   5   6   3   9  10 
0.012410
2   5   6   3  10   0 
0.012410
3   9  10 
0.000825
3  10   0 
0.000825
4   6   3   9  10 
0.000307
4   6   3  10   0 
0.000307
4   7   9  10   0 
0.000153
5   6   3   9  10 
0.000918
5   6   3  10   0 
0.000918
6   3   9  10 
0.000598
6   3  10   0 
0.000598
7   9  10 
0.008221
8   2   5   6   3   9  10   0 
0.000546
8   2   5   6   3  10   0   0 
0.000546
8  11   1   4   6   3   9  10 
0.001364
8  11   1   4   6   3  10   0 
0.001364
8  11   1   4   7   9  10   0 
0.000686
8  11   1   5   6   3   9  10 
0.001232
8  11   1   5   6   3  10   0 
0.001232
9  10 
0.001368
11   1   4   6   3   9  10 
0.000839
11   1   4   6   3  10   0 
0.000839
11   1   4   7   9  10   0 
0.000420
11   1   5   6   3   9  10 
0.000753
11   1   5   6   3  10   0 
0.000753
1  11 
0.049768
2   8  11 
0.025306
3   6   4   1  11   0 
0.003340
3   6   5   1  11   0 
0.005681
3   6   5   2   8  11 
0.005681
4   1  11 
0.005487
5   1  11   0 
0.007183
5   2   8  11 
0.007183
6   4   1  11   0 
0.001221
6   5   1  11   0 
0.002077
6   5   2   8  11 
0.002077
7   4   1  11 
0.023181
8  11 
0.053170
9   3   6   4   1  11   0 
0.000436
9   3   6   5   1  11   0 
0.000436
9   3   6   5   2   8  11 
0.000436
9   7   4   1  11   0   0 
0.000145
10   3   6   4   1  11   0   0 
0.001577
10   3   6   5   1  11   0   0 
0.001577
10   3   6   5   2   8  11   0 
0.001577
10   9   3   6   4   1  11   0 
0.001936
10   9   3   6   5   1  11   0 
0.001936
10   9   3   6   5   2   8  11 
0.001936
10   9   7   4   1  11   0   0 
0.000645
