2 1 0.202410 0.002655 * 2  5  1  0 
2 1 0.303143 0.002655 * 2   8  11   1 
3 1 0.302674 0.000320 * 3  6  4  1 
3 1 0.301423 0.000320 * 3  6  5  1 
4 1 0.101070 0.000696 * 4  1 
5 1 0.100359 0.008487 * 5  1 
6 1 0.202145 0.001774 * 6  4  1 
6 1 0.200893 0.001774 * 6  5  1 
7 1 0.202067 0.005097 * 7  4  1 
8 1 0.202234 0.005247 * 8  11   1 
9 1 0.402774 0.000158 * 9  3  6  4  1 
9 1 0.401522 0.000158 * 9  3  6  5  1 
9 1 0.302253 0.000079 * 9  7  4  1  0 
10 1 0.402937 0.000553 * 10   3   6   4   1   0 
10 1 0.401686 0.000553 * 10   3   6   5   1   0 
10 1 0.502912 0.000682 * 10   9   3   6   4   1 
10 1 0.501660 0.000682 * 10   9   3   6   5   1 
10 1 0.402392 0.000341 * 10   9   7   4   1   0 
11 1 0.101227 0.034611 * 11   1 
1 2 0.201256 0.002306 * 1  5  2  0 
1 2 0.302820 0.002306 * 1  11   8   2 
3 2 0.301836 0.003044 * 3  6  5  2 
4 2 0.302326 0.000935 * 4  1  5  2  0 
4 2 0.403889 0.000935 * 4   1  11   8   2 
4 2 0.301557 0.000475 * 4  6  5  2  0 
5 2 0.100773 0.006881 * 5  2 
6 2 0.201306 0.005016 * 6  5  2 
7 2 0.403323 0.002251 * 7  4  1  5  2  0 
7 2 0.504887 0.002251 * 7   4   1  11   8   2 
7 2 0.402554 0.001145 * 7  4  6  5  2  0 
7 2 0.502140 0.000770 * 7  9  3  6  5  2 
8 2 0.100344 0.001830 * 8  2 
9 2 0.401935 0.000448 * 9  3  6  5  2 
10 2 0.402099 0.001162 * 10   3   6   5   2   0 
10 2 0.502074 0.001162 * 10   9   3   6   5   2 
11 2 0.201146 0.005630 * 11   8   2 
1 3 0.301986 0.000866 * 1  4  6  3  0 
1 3 0.402362 0.000866 * 1  4  7  9  3 
1 3 0.303244 0.000717 * 1  5  6  3  0 
2 3 0.304812 0.017561 * 2  5  6  3 
4 3 0.201212 0.000865 * 4  6  3  0 
4 3 0.301588 0.000865 * 4  7  9  3 
5 3 0.202761 0.002436 * 5  6  3 
6 3 0.100961 0.006396 * 6  3 
7 3 0.200304 0.003286 * 7  9  3 
8 3 0.405155 0.000505 * 8  2  5  6  3  0  0 
8 3 0.504220 0.001515 * 8  11   1   4   6   3   0 
8 3 0.604596 0.001515 * 8  11   1   4   7   9   3 
8 3 0.505478 0.001515 * 8  11   1   5   6   3   0 
9 3 0.100099 0.003886 * 9  3 
10 3 0.200237 0.002342 * 10   9   3 
10 3 0.100263 0.002342 * 10   3   0 
11 3 0.403213 0.002192 * 11   1   4   6   3   0 
11 3 0.503589 0.002192 * 11   1   4   7   9   3 
11 3 0.404471 0.001813 * 11   1   5   6   3   0 
1 4 0.100775 0.002692 * 1  4 
2 4 0.303185 0.003110 * 2  5  1  4  0 
2 4 0.304925 0.003110 * 2  5  6  4  0 
2 4 0.403917 0.002022 * 2   8  11   1   4 
3 4 0.201605 0.000212 * 3  6  4  0 
3 4 0.301256 0.000212 * 3  9  7  4 
5 4 0.201134 0.001478 * 5  1  4 
5 4 0.202874 0.001478 * 5  6  4 
6 4 0.101075 0.001250 * 6  4 
7 4 0.100998 0.032377 * 7  4 
8 4 0.303008 0.002522 * 8  11   1   4 
9 4 0.201184 0.000531 * 9  7  4 
10 4 0.301868 0.000323 * 10   3   6   4   0 
10 4 0.401518 0.000323 * 10   3   9   7   4 
10 4 0.301322 0.000182 * 10   9   7   4   0 
11 4 0.202002 0.004578 * 11   1   4 
1 5 0.100483 0.005675 * 1  5 
2 5 0.102051 0.044292 * 2  5 
3 5 0.201064 0.002985 * 3  6  5 
4 5 0.201553 0.002390 * 4  1  5 
4 5 0.200784 0.002390 * 4  6  5 
6 5 0.100534 0.003137 * 6  5 
7 5 0.302551 0.002404 * 7  4  1  5  0 
7 5 0.301782 0.002404 * 7  4  6  5  0 
7 5 0.401367 0.001202 * 7  9  3  6  5 
8 5 0.202394 0.004680 * 8  2  5  0 
8 5 0.302717 0.004680 * 8  11   1   5 
9 5 0.301163 0.000708 * 9  3  6  5 
10 5 0.301326 0.001186 * 10   3   6   5   0 
10 5 0.401301 0.001186 * 10   9   3   6   5 
11 5 0.201710 0.017769 * 11   1   5 
1 6 0.201025 0.001132 * 1  4  6 
1 6 0.202283 0.001132 * 1  5  6 
2 6 0.203850 0.014274 * 2  5  6 
3 6 0.100530 0.001298 * 3  6 
4 6 0.100250 0.001041 * 4  6 
5 6 0.101799 0.003961 * 5  6 
7 6 0.201248 0.000598 * 7  4  6  0 
7 6 0.300834 0.000598 * 7  9  3  6 
8 6 0.304194 0.000527 * 8  2  5  6  0 
8 6 0.403258 0.001053 * 8  11   1   4   6 
8 6 0.404516 0.001053 * 8  11   1   5   6 
9 6 0.200629 0.000209 * 9  3  6 
10 6 0.200793 0.000784 * 10   3   6   0 
10 6 0.300767 0.000784 * 10   9   3   6 
11 6 0.302252 0.003134 * 11   1   4   6 
11 6 0.303510 0.003134 * 11   1   5   6 
1 7 0.202059 0.006043 * 1  4  7 
2 7 0.404469 0.013317 * 2  5  1  4  7  0 
2 7 0.505070 0.013961 * 2  5  6  3  9  7 
2 7 0.406209 0.013961 * 2  5  6  4  7  0 
2 7 0.505201 0.009736 * 2   8  11   1   4   7 
3 7 0.200258 0.001103 * 3  9  7 
4 7 0.101284 0.006299 * 4  7 
5 7 0.302418 0.004542 * 5  1  4  7  0 
5 7 0.403019 0.004761 * 5  6  3  9  7 
5 7 0.304158 0.004761 * 5  6  4  7  0 
6 7 0.301219 0.000843 * 6  3  9  7 
6 7 0.202359 0.000843 * 6  4  7  0 
8 7 0.404292 0.020004 * 8  11   1   4   7 
9 7 0.100186 0.001725 * 9  7 
10 7 0.300521 0.003567 * 10   3   9   7 
10 7 0.200324 0.003567 * 10   9   7   0 
11 7 0.303286 0.018758 * 11   1   4   7 
1 8 0.302165 0.008674 * 1  5  2  8 
1 8 0.202476 0.008674 * 1  11   8   0 
2 8 0.100909 0.022174 * 2  8 
3 8 0.402745 0.006133 * 3  6  5  2  8 
4 8 0.403235 0.004717 * 4  1  5  2  8 
4 8 0.303546 0.004717 * 4   1  11   8   0 
4 8 0.402466 0.002767 * 4  6  5  2  8 
5 8 0.201682 0.024017 * 5  2  8 
6 8 0.302216 0.006195 * 6  5  2  8 
7 8 0.504232 0.007059 * 7  4  1  5  2  8 
7 8 0.404544 0.007059 * 7   4   1  11   8   0 
7 8 0.503464 0.004141 * 7  4  6  5  2  8 
9 8 0.502844 0.000235 * 9  3  6  5  2  8  0 
9 8 0.604418 0.000706 * 9  7  4  1  5  2  8 
9 8 0.504730 0.000706 * 9   7   4   1  11   8   0 
9 8 0.603650 0.000706 * 9  7  4  6  5  2  8 
10 8 0.503008 0.000546 * 10   3   6   5   2   8   0   0 
10 8 0.602983 0.000751 * 10   9   3   6   5   2   8   0 
10 8 0.704557 0.002183 * 10   9   7   4   1   5   2   8 
10 8 0.604868 0.002183 * 10   9   7   4   1  11   8   0 
10 8 0.703788 0.002183 * 10   9   7   4   6   5   2   8 
11 8 0.100802 0.025079 * 11   8 
1 9 0.402058 0.000268 * 1  4  6  3  9 
1 9 0.302263 0.000268 * 1  4  7  9  0 
2 9 0.604468 0.000768 * 2  5  1  4  6  3  9 
2 9 0.504673 0.000768 * 2  5  1  4  7  9  0 
2 9 0.404883 0.000431 * 2  5  6  3  9  0  0 
3 9 0.100072 0.002971 * 3  9 
4 9 0.301284 0.000086 * 4  6  3  9 
4 9 0.201489 0.000086 * 4  7  9  0 
5 9 0.502418 0.000310 * 5  1  4  6  3  9 
5 9 0.402622 0.000310 * 5  1  4  7  9  0 
5 9 0.302833 0.000174 * 5  6  3  9  0  0 
6 9 0.201033 0.000159 * 6  3  9 
7 9 0.100205 0.002062 * 7  9 
8 9 0.704812 0.000155 * 8  2  5  1  4  6  3  9 
8 9 0.605017 0.000155 * 8  2  5  1  4  7  9  0 
8 9 0.505227 0.000155 * 8  2  5  6  3  9  0  0 
8 9 0.604292 0.000103 * 8  11   1   4   6   3   9   0 
8 9 0.504497 0.000103 * 8  11   1   4   7   9   0   0 
10 9 0.200335 0.000385 * 10   3   9 
10 9 0.100138 0.000385 * 10   9   0 
11 9 0.503285 0.000337 * 11   1   4   6   3   9 
11 9 0.403490 0.000337 * 11   1   4   7   9   0 
1 10 0.502207 0.001536 * 1   4   6   3   9  10 
1 10 0.402504 0.001536 * 1   4   6   3  10   0 
1 10 0.402412 0.000768 * 1   4   7   9  10   0 
1 10 0.503465 0.001477 * 1   5   6   3   9  10 
1 10 0.403761 0.001477 * 1   5   6   3  10   0 
2 10 0.505032 0.015801 * 2   5   6   3   9  10 
2 10 0.405329 0.015801 * 2   5   6   3  10   0 
3 10 0.200220 0.000554 * 3   9  10 
3 10 0.100517 0.000554 * 3  10   0 
4 10 0.401432 0.000168 * 4   6   3   9  10 
4 10 0.301729 0.000168 * 4   6   3  10   0 
4 10 0.301637 0.000084 * 4   7   9  10   0 
5 10 0.402981 0.001691 * 5   6   3   9  10 
5 10 0.303278 0.001691 * 5   6   3  10   0 
6 10 0.301182 0.000764 * 6   3   9  10 
6 10 0.201479 0.000764 * 6   3  10   0 
7 10 0.200353 0.006183 * 7   9  10 
8 10 0.605375 0.000710 * 8   2   5   6   3   9  10   0 
8 10 0.505672 0.000710 * 8   2   5   6   3  10   0   0 
8 10 0.704440 0.001776 * 8  11   1   4   6   3   9  10 
8 10 0.604737 0.001776 * 8  11   1   4   6   3  10   0 
8 10 0.604645 0.000960 * 8  11   1   4   7   9  10   0 
8 10 0.705698 0.001776 * 8  11   1   5   6   3   9  10 
8 10 0.605995 0.001776 * 8  11   1   5   6   3  10   0 
9 10 0.100148 0.001591 * 9  10 
11 10 0.603434 0.000915 * 11   1   4   6   3   9  10 
11 10 0.503731 0.000915 * 11   1   4   6   3  10   0 
11 10 0.503639 0.000458 * 11   1   4   7   9  10   0 
11 10 0.604691 0.000880 * 11   1   5   6   3   9  10 
11 10 0.504988 0.000880 * 11   1   5   6   3  10   0 
1 11 0.101674 0.044600 * 1  11 
2 11 0.201916 0.022310 * 2   8  11 
3 11 0.404349 0.002819 * 3   6   4   1  11   0 
3 11 0.403097 0.005589 * 3   6   5   1  11   0 
3 11 0.503752 0.005589 * 3   6   5   2   8  11 
4 11 0.202744 0.003463 * 4   1  11 
5 11 0.202033 0.008984 * 5   1  11   0 
5 11 0.302688 0.008984 * 5   2   8  11 
6 11 0.303819 0.000939 * 6   4   1  11   0 
6 11 0.302567 0.001862 * 6   5   1  11   0 
6 11 0.403222 0.001862 * 6   5   2   8  11 
7 11 0.303741 0.020780 * 7   4   1  11 
8 11 0.101007 0.049018 * 8  11 
9 11 0.504448 0.000238 * 9   3   6   4   1  11   0 
9 11 0.503196 0.000238 * 9   3   6   5   1  11   0 
9 11 0.603851 0.000238 * 9   3   6   5   2   8  11 
9 11 0.403928 0.000079 * 9   7   4   1  11   0   0 
10 11 0.504611 0.001399 * 10   3   6   4   1  11   0   0 
10 11 0.503360 0.001399 * 10   3   6   5   1  11   0   0 
10 11 0.604015 0.001399 * 10   3   6   5   2   8  11   0 
10 11 0.604586 0.001603 * 10   9   3   6   4   1  11   0 
10 11 0.603334 0.001603 * 10   9   3   6   5   1  11   0 
10 11 0.703989 0.001603 * 10   9   3   6   5   2   8  11 
10 11 0.504066 0.000534 * 10   9   7   4   1  11   0   0 
