2 1 0.202409 0.002758 * 2  5  1  0 
2 1 0.303079 0.002758 * 2   8  11   1 
3 1 0.302617 0.000346 * 3  6  4  1 
3 1 0.301351 0.000346 * 3  6  5  1 
4 1 0.101050 0.000556 * 4  1 
5 1 0.100346 0.008290 * 5  1 
6 1 0.202112 0.000743 * 6  4  1 
6 1 0.200845 0.000743 * 6  5  1 
7 1 0.202088 0.006303 * 7  4  1 
8 1 0.202132 0.004886 * 8  11   1 
9 1 0.402697 0.000161 * 9  3  6  4  1 
9 1 0.401430 0.000161 * 9  3  6  5  1 
9 1 0.302272 0.000080 * 9  7  4  1  0 
10 1 0.402882 0.000565 * 10   3   6   4   1   0 
10 1 0.401615 0.000565 * 10   3   6   5   1   0 
10 1 0.502835 0.000697 * 10   9   3   6   4   1 
10 1 0.501568 0.000697 * 10   9   3   6   5   1 
10 1 0.402410 0.000348 * 10   9   7   4   1   0 
11 1 0.101120 0.033844 * 11   1 
1 2 0.201191 0.001992 * 1  5  2  0 
1 2 0.302671 0.001992 * 1  11   8   2 
3 2 0.301787 0.002170 * 3  6  5  2 
4 2 0.302241 0.001150 * 4  1  5  2  0 
4 2 0.403721 0.001150 * 4   1  11   8   2 
4 2 0.301524 0.000669 * 4  6  5  2  0 
5 2 0.100783 0.006973 * 5  2 
6 2 0.201281 0.004154 * 6  5  2 
7 2 0.403279 0.002412 * 7  4  1  5  2  0 
7 2 0.504758 0.002412 * 7   4   1  11   8   2 
7 2 0.402562 0.001404 * 7  4  6  5  2  0 
7 2 0.502053 0.000903 * 7  9  3  6  5  2 
8 2 0.100335 0.002734 * 8  2 
9 2 0.401866 0.000486 * 9  3  6  5  2 
10 2 0.402051 0.001419 * 10   3   6   5   2   0 
10 2 0.502004 0.001419 * 10   9   3   6   5   2 
11 2 0.201126 0.003749 * 11   8   2 
1 3 0.301928 0.000814 * 1  4  6  3  0 
1 3 0.402241 0.000814 * 1  4  7  9  3 
1 3 0.303167 0.000623 * 1  5  6  3  0 
2 3 0.304821 0.017705 * 2  5  6  3 
4 3 0.201185 0.000993 * 4  6  3  0 
4 3 0.301497 0.000993 * 4  7  9  3 
5 3 0.202758 0.001844 * 5  6  3 
6 3 0.100942 0.004011 * 6  3 
7 3 0.200266 0.001501 * 7  9  3 
8 3 0.405155 0.000415 * 8  2  5  6  3  0  0 
8 3 0.504060 0.001246 * 8  11   1   4   6   3   0 
8 3 0.604373 0.001246 * 8  11   1   4   7   9   3 
8 3 0.505298 0.001246 * 8  11   1   5   6   3   0 
9 3 0.100080 0.003302 * 9  3 
10 3 0.200217 0.001718 * 10   9   3 
10 3 0.100264 0.001718 * 10   3   0 
11 3 0.403049 0.001558 * 11   1   4   6   3   0 
11 3 0.503361 0.001558 * 11   1   4   7   9   3 
11 3 0.404287 0.001191 * 11   1   5   6   3   0 
1 4 0.100744 0.002038 * 1  4 
2 4 0.303153 0.003772 * 2  5  1  4  0 
2 4 0.304941 0.003772 * 2  5  6  4  0 
2 4 0.403823 0.002543 * 2   8  11   1   4 
3 4 0.201567 0.000235 * 3  6  4  0 
3 4 0.301310 0.000235 * 3  9  7  4 
5 4 0.201090 0.001626 * 5  1  4 
5 4 0.202878 0.001626 * 5  6  4 
6 4 0.101062 0.001634 * 6  4 
7 4 0.101038 0.035434 * 7  4 
8 4 0.302876 0.002030 * 8  11   1   4 
9 4 0.201222 0.000497 * 9  7  4 
10 4 0.301832 0.000325 * 10   3   6   4   0 
10 4 0.401574 0.000325 * 10   3   9   7   4 
10 4 0.301360 0.000175 * 10   9   7   4   0 
11 4 0.201864 0.003628 * 11   1   4 
1 5 0.100409 0.004969 * 1  5 
2 5 0.102063 0.044430 * 2  5 
3 5 0.201004 0.002578 * 3  6  5 
4 5 0.201459 0.001377 * 4  1  5 
4 5 0.200742 0.001377 * 4  6  5 
6 5 0.100499 0.002984 * 6  5 
7 5 0.302497 0.002990 * 7  4  1  5  0 
7 5 0.301779 0.002990 * 7  4  6  5  0 
7 5 0.401271 0.001968 * 7  9  3  6  5 
8 5 0.202397 0.005141 * 8  2  5  0 
8 5 0.302540 0.005141 * 8  11   1   5 
9 5 0.301084 0.000773 * 9  3  6  5 
10 5 0.301269 0.001338 * 10   3   6   5   0 
10 5 0.401222 0.001338 * 10   9   3   6   5 
11 5 0.201529 0.012128 * 11   1   5 
1 6 0.200987 0.001030 * 1  4  6 
1 6 0.202225 0.001030 * 1  5  6 
2 6 0.203879 0.014378 * 2  5  6 
3 6 0.100506 0.001206 * 3  6 
4 6 0.100243 0.001132 * 4  6 
5 6 0.101816 0.004242 * 5  6 
7 6 0.201281 0.000441 * 7  4  6  0 
7 6 0.300772 0.000441 * 7  9  3  6 
8 6 0.304214 0.000519 * 8  2  5  6  0 
8 6 0.403119 0.001038 * 8  11   1   4   6 
8 6 0.404357 0.001038 * 8  11   1   5   6 
9 6 0.200585 0.000461 * 9  3  6 
10 6 0.200770 0.000898 * 10   3   6   0 
10 6 0.300723 0.000898 * 10   9   3   6 
11 6 0.302107 0.003099 * 11   1   4   6 
11 6 0.303345 0.003099 * 11   1   5   6 
1 7 0.201975 0.006748 * 1  4  7 
2 7 0.404384 0.012934 * 2  5  1  4  7  0 
2 7 0.505093 0.013558 * 2  5  6  3  9  7 
2 7 0.406171 0.013558 * 2  5  6  4  7  0 
2 7 0.505054 0.009443 * 2   8  11   1   4   7 
3 7 0.200272 0.001258 * 3  9  7 
4 7 0.101231 0.002647 * 4  7 
5 7 0.302321 0.004432 * 5  1  4  7  0 
5 7 0.403030 0.004646 * 5  6  3  9  7 
5 7 0.304109 0.004646 * 5  6  4  7  0 
6 7 0.301214 0.000818 * 6  3  9  7 
6 7 0.202292 0.000818 * 6  4  7  0 
8 7 0.404106 0.020505 * 8  11   1   4   7 
9 7 0.100184 0.001318 * 9  7 
10 7 0.300537 0.003799 * 10   3   9   7 
10 7 0.200322 0.003799 * 10   9   7   0 
11 7 0.303095 0.018110 * 11   1   4   7 
1 8 0.302139 0.009379 * 1  5  2  8 
1 8 0.202336 0.009379 * 1  11   8   0 
2 8 0.100947 0.022008 * 2  8 
3 8 0.402734 0.005892 * 3  6  5  2  8 
4 8 0.403189 0.005007 * 4  1  5  2  8 
4 8 0.303386 0.005007 * 4   1  11   8   0 
4 8 0.402472 0.002843 * 4  6  5  2  8 
5 8 0.201730 0.026324 * 5  2  8 
6 8 0.302229 0.005622 * 6  5  2  8 
7 8 0.504227 0.006875 * 7  4  1  5  2  8 
7 8 0.404424 0.006875 * 7   4   1  11   8   0 
7 8 0.503509 0.003903 * 7  4  6  5  2  8 
9 8 0.502814 0.000247 * 9  3  6  5  2  8  0 
9 8 0.604411 0.000741 * 9  7  4  1  5  2  8 
9 8 0.504608 0.000741 * 9   7   4   1  11   8   0 
9 8 0.603694 0.000741 * 9  7  4  6  5  2  8 
10 8 0.502999 0.000532 * 10   3   6   5   2   8   0   0 
10 8 0.602952 0.000746 * 10   9   3   6   5   2   8   0 
10 8 0.704549 0.002126 * 10   9   7   4   1   5   2   8 
10 8 0.604746 0.002126 * 10   9   7   4   1  11   8   0 
10 8 0.703832 0.002126 * 10   9   7   4   6   5   2   8 
11 8 0.100791 0.024397 * 11   8 
1 9 0.402016 0.000153 * 1  4  6  3  9 
1 9 0.302162 0.000153 * 1  4  7  9  0 
2 9 0.604425 0.000703 * 2  5  1  4  6  3  9 
2 9 0.504570 0.000703 * 2  5  1  4  7  9  0 
2 9 0.404908 0.000643 * 2  5  6  3  9  0  0 
3 9 0.100088 0.000973 * 3  9 
4 9 0.301272 0.000095 * 4  6  3  9 
4 9 0.201418 0.000095 * 4  7  9  0 
5 9 0.502362 0.001538 * 5  1  4  6  3  9 
5 9 0.402508 0.001538 * 5  1  4  7  9  0 
5 9 0.302846 0.001147 * 5  6  3  9  0  0 
6 9 0.201029 0.000191 * 6  3  9 
7 9 0.100187 0.001752 * 7  9 
8 9 0.704760 0.000145 * 8  2  5  1  4  6  3  9 
8 9 0.604905 0.000145 * 8  2  5  1  4  7  9  0 
8 9 0.505243 0.000145 * 8  2  5  6  3  9  0  0 
8 9 0.604148 0.000097 * 8  11   1   4   6   3   9   0 
8 9 0.504293 0.000097 * 8  11   1   4   7   9   0   0 
10 9 0.200352 0.000320 * 10   3   9 
10 9 0.100138 0.000320 * 10   9   0 
11 9 0.503136 0.000384 * 11   1   4   6   3   9 
11 9 0.403282 0.000384 * 11   1   4   7   9   0 
1 10 0.502163 0.001516 * 1   4   6   3   9  10 
1 10 0.402453 0.001516 * 1   4   6   3  10   0 
1 10 0.402309 0.000758 * 1   4   7   9  10   0 
1 10 0.503402 0.001434 * 1   5   6   3   9  10 
1 10 0.403691 0.001434 * 1   5   6   3  10   0 
2 10 0.505055 0.015794 * 2   5   6   3   9  10 
2 10 0.405345 0.015794 * 2   5   6   3  10   0 
3 10 0.200235 0.000816 * 3   9  10 
3 10 0.100524 0.000816 * 3  10   0 
4 10 0.401419 0.000240 * 4   6   3   9  10 
4 10 0.301709 0.000240 * 4   6   3  10   0 
4 10 0.301565 0.000120 * 4   7   9  10   0 
5 10 0.402993 0.001765 * 5   6   3   9  10 
5 10 0.303282 0.001765 * 5   6   3  10   0 
6 10 0.301176 0.000711 * 6   3   9  10 
6 10 0.201466 0.000711 * 6   3  10   0 
7 10 0.200334 0.006697 * 7   9  10 
8 10 0.605390 0.000730 * 8   2   5   6   3   9  10   0 
8 10 0.505679 0.000730 * 8   2   5   6   3  10   0   0 
8 10 0.704295 0.001825 * 8  11   1   4   6   3   9  10 
8 10 0.604584 0.001825 * 8  11   1   4   6   3  10   0 
8 10 0.604440 0.000966 * 8  11   1   4   7   9  10   0 
8 10 0.705533 0.001825 * 8  11   1   5   6   3   9  10 
8 10 0.605823 0.001825 * 8  11   1   5   6   3  10   0 
9 10 0.100147 0.001119 * 9  10 
11 10 0.603284 0.000864 * 11   1   4   6   3   9  10 
11 10 0.503573 0.000864 * 11   1   4   6   3  10   0 
11 10 0.503429 0.000432 * 11   1   4   7   9  10   0 
11 10 0.604522 0.000817 * 11   1   5   6   3   9  10 
11 10 0.504811 0.000817 * 11   1   5   6   3  10   0 
1 11 0.101545 0.033946 * 1  11 
2 11 0.303954 0.012443 * 2   5   1  11 
2 11 0.201959 0.012443 * 2   8  11   0 
3 11 0.404162 0.005605 * 3   6   4   1  11 
3 11 0.402895 0.005605 * 3   6   5   1  11 
4 11 0.202595 0.003512 * 4   1  11 
5 11 0.201891 0.018097 * 5   1  11 
6 11 0.303656 0.002696 * 6   4   1  11 
6 11 0.302390 0.002696 * 6   5   1  11 
7 11 0.303633 0.019108 * 7   4   1  11 
8 11 0.101011 0.047225 * 8  11 
9 11 0.504242 0.000325 * 9   3   6   4   1  11 
9 11 0.502975 0.000325 * 9   3   6   5   1  11 
9 11 0.403817 0.000162 * 9   7   4   1  11   0 
10 11 0.504426 0.002000 * 10   3   6   4   1  11   0 
10 11 0.503160 0.002000 * 10   3   6   5   1  11   0 
10 11 0.604379 0.002279 * 10   9   3   6   4   1  11 
10 11 0.603113 0.002279 * 10   9   3   6   5   1  11 
10 11 0.503955 0.001139 * 10   9   7   4   1  11   0 
