2 1 0.202228 0.002545 * 2  5  1  0 
2 1 0.303009 0.002545 * 2   8  11   1 
3 1 0.302864 0.000627 * 3  6  4  1 
3 1 0.301450 0.000627 * 3  6  5  1 
4 1 0.101286 0.000699 * 4  1 
5 1 0.100321 0.005734 * 5  1 
6 1 0.202305 0.000477 * 6  4  1 
6 1 0.200892 0.000477 * 6  5  1 
7 1 0.202584 0.007204 * 7  4  1 
8 1 0.202142 0.006156 * 8  11   1 
9 1 0.402953 0.001056 * 9  3  6  4  1 
9 1 0.401539 0.001056 * 9  3  6  5  1 
9 1 0.302799 0.000528 * 9  7  4  1  0 
10 1 0.403142 0.000442 * 10   3   6   4   1   0 
10 1 0.401728 0.000442 * 10   3   6   5   1   0 
10 1 0.503100 0.000663 * 10   9   3   6   4   1 
10 1 0.501686 0.000663 * 10   9   3   6   5   1 
10 1 0.402946 0.000571 * 10   9   7   4   1   0 
11 1 0.101178 0.049984 * 11   1 
1 2 0.201440 0.002224 * 1  5  2  0 
1 2 0.302478 0.002224 * 1  11   8   2 
3 2 0.302057 0.004497 * 3  6  5  2 
4 2 0.302726 0.002517 * 4  1  5  2  0 
4 2 0.403765 0.002517 * 4   1  11   8   2 
4 2 0.301760 0.002009 * 4  6  5  2  0 
5 2 0.100927 0.005961 * 5  2 
6 2 0.201498 0.002313 * 6  5  2 
7 2 0.404024 0.007641 * 7  4  1  5  2  0 
7 2 0.505063 0.007641 * 7   4   1  11   8   2 
7 2 0.403058 0.006102 * 7  4  6  5  2  0 
7 2 0.502321 0.004476 * 7  9  3  6  5  2 
8 2 0.100270 0.001226 * 8  2 
9 2 0.402146 0.000441 * 9  3  6  5  2 
10 2 0.402334 0.001427 * 10   3   6   5   2   0 
10 2 0.502293 0.001427 * 10   9   3   6   5   2 
11 2 0.200940 0.002683 * 11   8   2 
1 3 0.301760 0.000702 * 1  4  6  3  0 
1 3 0.402107 0.000702 * 1  4  7  9  3 
1 3 0.303033 0.000533 * 1  5  6  3  0 
2 3 0.304427 0.015325 * 2  5  6  3 
4 3 0.201092 0.000936 * 4  6  3  0 
4 3 0.301438 0.000936 * 4  7  9  3 
5 3 0.202520 0.001529 * 5  6  3 
6 3 0.100830 0.002348 * 6  3 
7 3 0.200264 0.001231 * 7  9  3 
8 3 0.404697 0.000586 * 8  2  5  6  3  0  0 
8 3 0.503902 0.001715 * 8  11   1   4   6   3   0 
8 3 0.604249 0.001715 * 8  11   1   4   7   9   3 
8 3 0.505175 0.001303 * 8  11   1   5   6   3   0 
9 3 0.100089 0.003502 * 9  3 
10 3 0.200236 0.001825 * 10   9   3 
10 3 0.100278 0.001825 * 10   3   0 
11 3 0.402938 0.001065 * 11   1   4   6   3   0 
11 3 0.503285 0.001065 * 11   1   4   7   9   3 
11 3 0.404211 0.000809 * 11   1   5   6   3   0 
1 4 0.100668 0.002523 * 1  4 
2 4 0.302896 0.003970 * 2  5  1  4  0 
2 4 0.304616 0.003970 * 2  5  6  4  0 
2 4 0.403677 0.002614 * 2   8  11   1   4 
3 4 0.201577 0.000224 * 3  6  4  0 
3 4 0.301595 0.000224 * 3  9  7  4 
5 4 0.200989 0.001826 * 5  1  4 
5 4 0.202709 0.001826 * 5  6  4 
6 4 0.101019 0.000384 * 6  4 
7 4 0.101298 0.039659 * 7  4 
8 4 0.302810 0.001898 * 8  11   1   4 
9 4 0.201512 0.000422 * 9  7  4 
10 4 0.301855 0.000303 * 10   3   6   4   0 
10 4 0.401873 0.000303 * 10   3   9   7   4 
10 4 0.301659 0.000162 * 10   9   7   4   0 
11 4 0.201846 0.001115 * 11   1   4 
1 5 0.100513 0.003935 * 1  5 
2 5 0.101907 0.039313 * 2  5 
3 5 0.201130 0.001929 * 3  6  5 
4 5 0.201800 0.000868 * 4  1  5 
4 5 0.200833 0.000868 * 4  6  5 
6 5 0.100571 0.003915 * 6  5 
7 5 0.303098 0.002023 * 7  4  1  5  0 
7 5 0.302131 0.002023 * 7  4  6  5  0 
7 5 0.401394 0.001366 * 7  9  3  6  5 
8 5 0.202177 0.003512 * 8  2  5  0 
8 5 0.302655 0.003512 * 8  11   1   5 
9 5 0.301219 0.002566 * 9  3  6  5 
10 5 0.301408 0.001431 * 10   3   6   5   0 
10 5 0.401366 0.001431 * 10   9   3   6   5 
11 5 0.201691 0.007642 * 11   1   5 
1 6 0.200930 0.001375 * 1  4  6 
1 6 0.202203 0.001375 * 1  5  6 
2 6 0.203597 0.012479 * 2  5  6 
3 6 0.100559 0.001208 * 3  6 
4 6 0.100262 0.001093 * 4  6 
5 6 0.101690 0.003123 * 5  6 
7 6 0.201560 0.000824 * 7  4  6  0 
7 6 0.300823 0.000824 * 7  9  3  6 
8 6 0.303867 0.000558 * 8  2  5  6  0 
8 6 0.403072 0.001115 * 8  11   1   4   6 
8 6 0.404345 0.001115 * 8  11   1   5   6 
9 6 0.200648 0.000216 * 9  3  6 
10 6 0.200836 0.000858 * 10   3   6   0 
10 6 0.300795 0.000858 * 10   9   3   6 
11 6 0.302108 0.002651 * 11   1   4   6 
11 6 0.303381 0.002651 * 11   1   5   6 
1 7 0.201842 0.006153 * 1  4  7 
2 7 0.404070 0.012401 * 2  5  1  4  7  0 
2 7 0.504725 0.013375 * 2  5  6  3  9  7 
2 7 0.405790 0.013375 * 2  5  6  4  7  0 
2 7 0.504851 0.009593 * 2   8  11   1   4   7 
3 7 0.200297 0.001296 * 3  9  7 
4 7 0.101174 0.003198 * 4  7 
5 7 0.302163 0.003390 * 5  1  4  7  0 
5 7 0.402817 0.003656 * 5  6  3  9  7 
5 7 0.303883 0.003656 * 5  6  4  7  0 
6 7 0.301127 0.001238 * 6  3  9  7 
6 7 0.202193 0.001238 * 6  4  7  0 
8 7 0.403984 0.017895 * 8  11   1   4   7 
9 7 0.100214 0.001539 * 9  7 
10 7 0.300575 0.004696 * 10   3   9   7 
10 7 0.200361 0.004696 * 10   9   7   0 
11 7 0.303020 0.019563 * 11   1   4   7 
1 8 0.302307 0.006427 * 1  5  2  8 
1 8 0.202208 0.006427 * 1  11   8   0 
2 8 0.100867 0.019946 * 2  8 
3 8 0.402923 0.005208 * 3  6  5  2  8 
4 8 0.403593 0.004776 * 4  1  5  2  8 
4 8 0.303495 0.004776 * 4   1  11   8   0 
4 8 0.402627 0.003110 * 4  6  5  2  8 
5 8 0.201794 0.017673 * 5  2  8 
6 8 0.302365 0.006518 * 6  5  2  8 
7 8 0.504891 0.006505 * 7  4  1  5  2  8 
7 8 0.404793 0.006505 * 7   4   1  11   8   0 
7 8 0.503925 0.004237 * 7  4  6  5  2  8 
9 8 0.503012 0.000173 * 9  3  6  5  2  8  0 
9 8 0.605105 0.000519 * 9  7  4  1  5  2  8 
9 8 0.505007 0.000519 * 9   7   4   1  11   8   0 
9 8 0.604139 0.000519 * 9  7  4  6  5  2  8 
10 8 0.503201 0.000583 * 10   3   6   5   2   8   0   0 
10 8 0.603159 0.000741 * 10   9   3   6   5   2   8   0 
10 8 0.705252 0.002223 * 10   9   7   4   1   5   2   8 
10 8 0.605154 0.002223 * 10   9   7   4   1  11   8   0 
10 8 0.704286 0.002223 * 10   9   7   4   6   5   2   8 
11 8 0.100670 0.020275 * 11   8 
1 9 0.401843 0.000159 * 1  4  6  3  9 
1 9 0.302018 0.000159 * 1  4  7  9  0 
2 9 0.604071 0.001213 * 2  5  1  4  6  3  9 
2 9 0.504246 0.001213 * 2  5  1  4  7  9  0 
2 9 0.404510 0.000854 * 2  5  6  3  9  0  0 
3 9 0.100083 0.002435 * 3  9 
4 9 0.301175 0.000112 * 4  6  3  9 
4 9 0.201350 0.000112 * 4  7  9  0 
5 9 0.502164 0.000378 * 5  1  4  6  3  9 
5 9 0.402338 0.000378 * 5  1  4  7  9  0 
5 9 0.302603 0.000266 * 5  6  3  9  0  0 
6 9 0.200913 0.000091 * 6  3  9 
7 9 0.100176 0.002278 * 7  9 
8 9 0.704341 0.000204 * 8  2  5  1  4  6  3  9 
8 9 0.604516 0.000204 * 8  2  5  1  4  7  9  0 
8 9 0.504780 0.000204 * 8  2  5  6  3  9  0  0 
8 9 0.603985 0.000136 * 8  11   1   4   6   3   9   0 
8 9 0.504160 0.000136 * 8  11   1   4   7   9   0   0 
10 9 0.200361 0.000368 * 10   3   9 
10 9 0.100147 0.000368 * 10   9   0 
11 9 0.503021 0.000228 * 11   1   4   6   3   9 
11 9 0.403196 0.000228 * 11   1   4   7   9   0 
1 10 0.501976 0.001312 * 1   4   6   3   9  10 
1 10 0.402240 0.001312 * 1   4   6   3  10   0 
1 10 0.402151 0.000656 * 1   4   7   9  10   0 
1 10 0.503249 0.001233 * 1   5   6   3   9  10 
1 10 0.403513 0.001233 * 1   5   6   3  10   0 
2 10 0.504643 0.014679 * 2   5   6   3   9  10 
2 10 0.404907 0.014679 * 2   5   6   3  10   0 
3 10 0.200216 0.000615 * 3   9  10 
3 10 0.100480 0.000615 * 3  10   0 
4 10 0.401308 0.000216 * 4   6   3   9  10 
4 10 0.301572 0.000216 * 4   6   3  10   0 
4 10 0.301482 0.000108 * 4   7   9  10   0 
5 10 0.402736 0.002583 * 5   6   3   9  10 
5 10 0.303000 0.002583 * 5   6   3  10   0 
6 10 0.301046 0.000396 * 6   3   9  10 
6 10 0.201310 0.000396 * 6   3  10   0 
7 10 0.200308 0.006751 * 7   9  10 
8 10 0.604913 0.000577 * 8   2   5   6   3   9  10   0 
8 10 0.505177 0.000577 * 8   2   5   6   3  10   0   0 
8 10 0.704118 0.001443 * 8  11   1   4   6   3   9  10 
8 10 0.604382 0.001443 * 8  11   1   4   6   3  10   0 
8 10 0.604293 0.000777 * 8  11   1   4   7   9  10   0 
8 10 0.705391 0.001443 * 8  11   1   5   6   3   9  10 
8 10 0.605655 0.001443 * 8  11   1   5   6   3  10   0 
9 10 0.100133 0.000947 * 9  10 
11 10 0.603154 0.000611 * 11   1   4   6   3   9  10 
11 10 0.503418 0.000611 * 11   1   4   6   3  10   0 
11 10 0.503329 0.000305 * 11   1   4   7   9  10   0 
11 10 0.604427 0.000574 * 11   1   5   6   3   9  10 
11 10 0.504691 0.000574 * 11   1   5   6   3  10   0 
1 11 0.101539 0.034666 * 1  11 
2 11 0.201831 0.027564 * 2   8  11 
3 11 0.404402 0.002569 * 3   6   4   1  11   0 
3 11 0.402989 0.005138 * 3   6   5   1  11   0 
3 11 0.503887 0.005138 * 3   6   5   2   8  11 
4 11 0.202825 0.007396 * 4   1  11 
5 11 0.201859 0.008838 * 5   1  11   0 
5 11 0.302758 0.008838 * 5   2   8  11 
6 11 0.303844 0.000637 * 6   4   1  11   0 
6 11 0.302430 0.001273 * 6   5   1  11   0 
6 11 0.403329 0.001273 * 6   5   2   8  11 
7 11 0.304123 0.021957 * 7   4   1  11 
8 11 0.100964 0.041161 * 8  11 
9 11 0.504491 0.000230 * 9   3   6   4   1  11   0 
9 11 0.503078 0.000230 * 9   3   6   5   1  11   0 
9 11 0.603976 0.000230 * 9   3   6   5   2   8  11 
9 11 0.404337 0.000077 * 9   7   4   1  11   0   0 
10 11 0.504680 0.001396 * 10   3   6   4   1  11   0   0 
10 11 0.503267 0.001396 * 10   3   6   5   1  11   0   0 
10 11 0.604165 0.001396 * 10   3   6   5   2   8  11   0 
10 11 0.604638 0.001593 * 10   9   3   6   4   1  11   0 
10 11 0.603225 0.001593 * 10   9   3   6   5   1  11   0 
10 11 0.704123 0.001593 * 10   9   3   6   5   2   8  11 
10 11 0.504484 0.000531 * 10   9   7   4   1  11   0   0 
