2 1 0.202513 0.003457 * 2  5  1  0 
2 1 0.303176 0.003457 * 2   8  11   1 
3 1 0.303280 0.000785 * 3  6  4  1 
3 1 0.301330 0.000785 * 3  6  5  1 
4 1 0.101709 0.001015 * 4  1 
5 1 0.100400 0.007562 * 5  1 
6 1 0.202784 0.000689 * 6  4  1 
6 1 0.200834 0.000689 * 6  5  1 
7 1 0.203021 0.005499 * 7  4  1 
8 1 0.202244 0.005575 * 8  11   1 
9 1 0.403351 0.000174 * 9  3  6  4  1 
9 1 0.401401 0.000174 * 9  3  6  5  1 
9 1 0.303192 0.000087 * 9  7  4  1  0 
10 1 0.403527 0.000444 * 10   3   6   4   1   0 
10 1 0.401577 0.000444 * 10   3   6   5   1   0 
10 1 0.503482 0.000582 * 10   9   3   6   4   1 
10 1 0.501532 0.000582 * 10   9   3   6   5   1 
10 1 0.403323 0.000291 * 10   9   7   4   1   0 
11 1 0.101238 0.032466 * 11   1 
1 2 0.202711 0.002218 * 1  5  2  0 
1 2 0.302732 0.002218 * 1  11   8   2 
3 2 0.302339 0.002668 * 3  6  5  2 
4 2 0.304420 0.001058 * 4  1  5  2  0 
4 2 0.404442 0.001058 * 4   1  11   8   2 
4 2 0.301945 0.000938 * 4  6  5  2  0 
5 2 0.101409 0.009126 * 5  2 
6 2 0.201844 0.004490 * 6  5  2 
7 2 0.405732 0.017519 * 7  4  1  5  2  0 
7 2 0.505753 0.017519 * 7   4   1  11   8   2 
7 2 0.403257 0.015530 * 7  4  6  5  2  0 
7 2 0.502612 0.014617 * 7  9  3  6  5  2 
8 2 0.100359 0.003725 * 8  2 
9 2 0.402410 0.000392 * 9  3  6  5  2 
10 2 0.402586 0.001106 * 10   3   6   5   2   0 
10 2 0.502542 0.001106 * 10   9   3   6   5   2 
11 2 0.201121 0.005213 * 11   8   2 
1 3 0.301767 0.001010 * 1  4  6  3  0 
1 3 0.402283 0.001010 * 1  4  7  9  3 
1 3 0.304196 0.000813 * 1  5  6  3  0 
2 3 0.305008 0.020290 * 2  5  6  3 
4 3 0.201047 0.001217 * 4  6  3  0 
4 3 0.301563 0.001217 * 4  7  9  3 
5 3 0.202895 0.002306 * 5  6  3 
6 3 0.100946 0.003283 * 6  3 
7 3 0.200272 0.001702 * 7  9  3 
8 3 0.405367 0.000293 * 8  2  5  6  3  0  0 
8 3 0.504011 0.000878 * 8  11   1   4   6   3   0 
8 3 0.604527 0.000878 * 8  11   1   4   7   9   3 
8 3 0.506440 0.000878 * 8  11   1   5   6   3   0 
9 3 0.100071 0.003300 * 9  3 
10 3 0.200202 0.001825 * 10   9   3 
10 3 0.100247 0.001825 * 10   3   0 
11 3 0.403005 0.003597 * 11   1   4   6   3   0 
11 3 0.503521 0.003597 * 11   1   4   7   9   3 
11 3 0.405434 0.002897 * 11   1   5   6   3   0 
1 4 0.100720 0.003000 * 1  4 
2 4 0.303234 0.003588 * 2  5  1  4  0 
2 4 0.305137 0.003588 * 2  5  6  4  0 
2 4 0.403896 0.002474 * 2   8  11   1   4 
3 4 0.201570 0.000896 * 3  6  4  0 
3 4 0.301560 0.000896 * 3  9  7  4 
5 4 0.201120 0.001448 * 5  1  4 
5 4 0.203023 0.001448 * 5  6  4 
6 4 0.101075 0.001623 * 6  4 
7 4 0.101312 0.003761 * 7  4 
8 4 0.302964 0.002267 * 8  11   1   4 
9 4 0.201483 0.000547 * 9  7  4 
10 4 0.301817 0.000310 * 10   3   6   4   0 
10 4 0.401807 0.000310 * 10   3   9   7   4 
10 4 0.301614 0.000155 * 10   9   7   4   0 
11 4 0.201958 0.004615 * 11   1   4 
1 5 0.101302 0.005486 * 1  5 
2 5 0.102114 0.046099 * 2  5 
3 5 0.200930 0.002512 * 3  6  5 
4 5 0.203011 0.001350 * 4  1  5 
4 5 0.200536 0.001350 * 4  6  5 
6 5 0.100434 0.003563 * 6  5 
7 5 0.304323 0.002828 * 7  4  1  5  0 
7 5 0.301847 0.002828 * 7  4  6  5  0 
7 5 0.401202 0.001836 * 7  9  3  6  5 
8 5 0.202473 0.011799 * 8  2  5 
9 5 0.301001 0.000681 * 9  3  6  5 
10 5 0.301177 0.001133 * 10   3   6   5   0 
10 5 0.401132 0.001133 * 10   9   3   6   5 
11 5 0.202539 0.007709 * 11   1   5   0 
11 5 0.303235 0.007709 * 11   8   2   5 
1 6 0.200821 0.003289 * 1  4  6 
1 6 0.203250 0.003289 * 1  5  6 
2 6 0.204062 0.015060 * 2  5  6 
3 6 0.100496 0.001273 * 3  6 
4 6 0.100101 0.001153 * 4  6 
5 6 0.101949 0.003550 * 5  6 
7 6 0.201413 0.000638 * 7  4  6  0 
7 6 0.300768 0.000638 * 7  9  3  6 
8 6 0.304421 0.000574 * 8  2  5  6  0 
8 6 0.403065 0.001148 * 8  11   1   4   6 
8 6 0.405494 0.001148 * 8  11   1   5   6 
9 6 0.200567 0.000278 * 9  3  6 
10 6 0.200743 0.000699 * 10   3   6   0 
10 6 0.300698 0.000699 * 10   9   3   6 
11 6 0.302059 0.003499 * 11   1   4   6 
11 6 0.304488 0.003499 * 11   1   5   6 
1 7 0.202011 0.006819 * 1  4  7 
2 7 0.404524 0.013245 * 2  5  1  4  7  0 
2 7 0.505256 0.014116 * 2  5  6  3  9  7 
2 7 0.406428 0.014116 * 2  5  6  4  7  0 
2 7 0.505187 0.009980 * 2   8  11   1   4   7 
3 7 0.200248 0.001100 * 3  9  7 
4 7 0.101291 0.005528 * 4  7 
5 7 0.302411 0.004031 * 5  1  4  7  0 
5 7 0.403143 0.004296 * 5  6  3  9  7 
5 7 0.304314 0.004296 * 5  6  4  7  0 
6 7 0.301194 0.001122 * 6  3  9  7 
6 7 0.202366 0.001122 * 6  4  7  0 
8 7 0.404255 0.018878 * 8  11   1   4   7 
9 7 0.100171 0.000890 * 9  7 
10 7 0.300495 0.003363 * 10   3   9   7 
10 7 0.200302 0.003363 * 10   9   7   0 
11 7 0.303249 0.018572 * 11   1   4   7 
1 8 0.303643 0.008553 * 1  5  2  8 
1 8 0.202373 0.008553 * 1  11   8   0 
2 8 0.100932 0.022305 * 2  8 
3 8 0.403272 0.005416 * 3  6  5  2  8 
4 8 0.405353 0.004379 * 4  1  5  2  8 
4 8 0.304083 0.004379 * 4   1  11   8   0 
4 8 0.402877 0.002475 * 4  6  5  2  8 
5 8 0.202342 0.026437 * 5  2  8 
6 8 0.302776 0.006905 * 6  5  2  8 
7 8 0.506664 0.006364 * 7  4  1  5  2  8 
7 8 0.405394 0.006364 * 7   4   1  11   8   0 
7 8 0.504189 0.003597 * 7  4  6  5  2  8 
9 8 0.503343 0.000146 * 9  3  6  5  2  8  0 
9 8 0.606835 0.000438 * 9  7  4  1  5  2  8 
9 8 0.505566 0.000438 * 9   7   4   1  11   8   0 
9 8 0.604360 0.000438 * 9  7  4  6  5  2  8 
10 8 0.503519 0.000587 * 10   3   6   5   2   8   0   0 
10 8 0.603474 0.000724 * 10   9   3   6   5   2   8   0 
10 8 0.706967 0.002173 * 10   9   7   4   1   5   2   8 
10 8 0.605697 0.002173 * 10   9   7   4   1  11   8   0 
10 8 0.704491 0.002173 * 10   9   7   4   6   5   2   8 
11 8 0.100762 0.024954 * 11   8 
1 9 0.401844 0.000291 * 1  4  6  3  9 
1 9 0.302212 0.000291 * 1  4  7  9  0 
2 9 0.604358 0.000852 * 2  5  1  4  6  3  9 
2 9 0.504725 0.000852 * 2  5  1  4  7  9  0 
2 9 0.405085 0.000490 * 2  5  6  3  9  0  0 
3 9 0.100077 0.001199 * 3  9 
4 9 0.301124 0.000094 * 4  6  3  9 
4 9 0.201492 0.000094 * 4  7  9  0 
5 9 0.502244 0.000514 * 5  1  4  6  3  9 
5 9 0.402612 0.000514 * 5  1  4  7  9  0 
5 9 0.302972 0.000296 * 5  6  3  9  0  0 
6 9 0.201023 0.000175 * 6  3  9 
7 9 0.100201 0.002048 * 7  9 
8 9 0.704716 0.001005 * 8  2  5  1  4  6  3  9 
8 9 0.605084 0.001005 * 8  2  5  1  4  7  9  0 
8 9 0.505444 0.000808 * 8  2  5  6  3  9  0  0 
8 9 0.604088 0.000670 * 8  11   1   4   6   3   9   0 
8 9 0.504456 0.000670 * 8  11   1   4   7   9   0   0 
10 9 0.200324 0.000450 * 10   3   9 
10 9 0.100131 0.000450 * 10   9   0 
11 9 0.503082 0.000263 * 11   1   4   6   3   9 
11 9 0.403450 0.000263 * 11   1   4   7   9   0 
1 10 0.501985 0.001414 * 1   4   6   3   9  10 
1 10 0.402224 0.001414 * 1   4   6   3  10   0 
1 10 0.402353 0.000707 * 1   4   7   9  10   0 
1 10 0.504414 0.001334 * 1   5   6   3   9  10 
1 10 0.404653 0.001334 * 1   5   6   3  10   0 
2 10 0.505226 0.014271 * 2   5   6   3   9  10 
2 10 0.405465 0.014271 * 2   5   6   3  10   0 
3 10 0.200217 0.000568 * 3   9  10 
3 10 0.100456 0.000568 * 3  10   0 
4 10 0.401265 0.000227 * 4   6   3   9  10 
4 10 0.301503 0.000227 * 4   6   3  10   0 
4 10 0.301633 0.000113 * 4   7   9  10   0 
5 10 0.403112 0.001720 * 5   6   3   9  10 
5 10 0.303351 0.001720 * 5   6   3  10   0 
6 10 0.301164 0.000553 * 6   3   9  10 
6 10 0.201402 0.000553 * 6   3  10   0 
7 10 0.200342 0.005067 * 7   9  10 
8 10 0.605585 0.000552 * 8   2   5   6   3   9  10   0 
8 10 0.505824 0.000552 * 8   2   5   6   3  10   0   0 
8 10 0.704229 0.001380 * 8  11   1   4   6   3   9  10 
8 10 0.604467 0.001380 * 8  11   1   4   6   3  10   0 
8 10 0.604597 0.000863 * 8  11   1   4   7   9  10   0 
8 10 0.706657 0.001380 * 8  11   1   5   6   3   9  10 
8 10 0.606896 0.001380 * 8  11   1   5   6   3  10   0 
9 10 0.100141 0.001462 * 9  10 
11 10 0.603222 0.000962 * 11   1   4   6   3   9  10 
11 10 0.503461 0.000962 * 11   1   4   6   3  10   0 
11 10 0.503590 0.000481 * 11   1   4   7   9  10   0 
11 10 0.605651 0.000908 * 11   1   5   6   3   9  10 
11 10 0.505890 0.000908 * 11   1   5   6   3  10   0 
1 11 0.101612 0.038833 * 1  11 
2 11 0.201938 0.022610 * 2   8  11 
3 11 0.404891 0.002215 * 3   6   4   1  11   0 
3 11 0.402941 0.004429 * 3   6   5   1  11   0 
3 11 0.504278 0.004429 * 3   6   5   2   8  11 
4 11 0.203321 0.003647 * 4   1  11 
5 11 0.202011 0.010620 * 5   1  11   0 
5 11 0.303348 0.010620 * 5   2   8  11 
6 11 0.304396 0.001230 * 6   4   1  11   0 
6 11 0.302446 0.002460 * 6   5   1  11   0 
6 11 0.403782 0.002460 * 6   5   2   8  11 
7 11 0.304633 0.021561 * 7   4   1  11 
8 11 0.101006 0.047673 * 8  11 
9 11 0.504962 0.000366 * 9   3   6   4   1  11   0 
9 11 0.503012 0.000366 * 9   3   6   5   1  11   0 
9 11 0.604349 0.000366 * 9   3   6   5   2   8  11 
9 11 0.404804 0.000122 * 9   7   4   1  11   0   0 
10 11 0.505138 0.001328 * 10   3   6   4   1  11   0   0 
10 11 0.503188 0.001328 * 10   3   6   5   1  11   0   0 
10 11 0.604525 0.001328 * 10   3   6   5   2   8  11   0 
10 11 0.605093 0.001629 * 10   9   3   6   4   1  11   0 
10 11 0.603143 0.001629 * 10   9   3   6   5   1  11   0 
10 11 0.704480 0.001629 * 10   9   3   6   5   2   8  11 
10 11 0.504935 0.000543 * 10   9   7   4   1  11   0   0 
