2  5  1  0 
0.002184
2   8  11   1 
0.002184
3  6  4  1 
0.000793
3  6  5  1 
0.000793
4  1 
0.000823
5  1 
0.007296
6  4  1 
0.000518
6  5  1 
0.000518
7  4  1 
0.005685
8  11   1 
0.005324
9  3  6  4  1 
0.000699
9  3  6  5  1 
0.000699
9  7  4  1  0 
0.000350
10   3   6   4   1   0 
0.000453
10   3   6   5   1   0 
0.000453
10   9   3   6   4   1 
0.000679
10   9   3   6   5   1 
0.000679
10   9   7   4   1   0 
0.000468
11   1 
0.027852
1  5  2  0 
0.002152
1  11   8   2 
0.002152
3  6  5  2 
0.005114
4  1  5  2  0 
0.003721
4   1  11   8   2 
0.003721
4  6  5  2  0 
0.002650
5  2 
0.007705
6  5  2 
0.003264
7  4  1  5  2  0 
0.002424
7   4   1  11   8   2 
0.002424
7  4  6  5  2  0 
0.002193
7  9  3  6  5  2 
0.000808
8  2 
0.001860
9  3  6  5  2 
0.001062
10   3   6   5   2   0 
0.001535
10   9   3   6   5   2 
0.001535
11   8   2 
0.003123
1  4  6  3  0 
0.000655
1  4  7  9  3 
0.000655
1  5  6  3  0 
0.000514
2  5  6  3 
0.018896
4  6  3  0 
0.000899
4  7  9  3 
0.000899
5  6  3 
0.003663
6  3 
0.006045
7  9  3 
0.002053
8  2  5  6  3  0  0 
0.000531
8  11   1   4   6   3   0 
0.001594
8  11   1   4   7   9   3 
0.001594
8  11   1   5   6   3   0 
0.001375
9  3 
0.004746
10   9   3 
0.003270
10   3   0 
0.003270
11   1   4   6   3   0 
0.001524
11   1   4   7   9   3 
0.001524
11   1   5   6   3   0 
0.001197
1  4 
0.001283
2  5  1  4  0 
0.004013
2  5  6  4  0 
0.004013
2   8  11   1   4 
0.002836
3  6  4  0 
0.000393
3  9  7  4 
0.000393
5  1  4 
0.001502
5  6  4 
0.001502
6  4 
0.000492
7  4 
0.067005
8  11   1   4 
0.001739
9  7  4 
0.000446
10   3   6   4   0 
0.000933
10   3   9   7   4 
0.000933
10   9   7   4   0 
0.000634
11   1   4 
0.001688
1  5 
0.004968
2  5 
0.041926
3  6  5 
0.002665
4  1  5 
0.000984
4  6  5 
0.000984
6  5 
0.005780
7  4  1  5  0 
0.002094
7  4  6  5  0 
0.002094
7  9  3  6  5 
0.001368
8  2  5  0 
0.004815
8  11   1   5 
0.004815
9  3  6  5 
0.001848
10   3   6   5   0 
0.001384
10   9   3   6   5 
0.001384
11   1   5 
0.010605
1  4  6 
0.002044
1  5  6 
0.002044
2  5  6 
0.012015
3  6 
0.001332
4  6 
0.001174
5  6 
0.005464
7  4  6  0 
0.000849
7  9  3  6 
0.000849
8  2  5  6  0 
0.000855
8  11   1   4   6 
0.001710
8  11   1   5   6 
0.001710
9  3  6 
0.000294
10   3   6   0 
0.000688
10   9   3   6 
0.000688
11   1   4   6 
0.001820
11   1   5   6 
0.001820
1  4  7 
0.006315
2  5  1  4  7  0 
0.013870
2  5  6  3  9  7 
0.014877
2  5  6  4  7  0 
0.014877
2   8  11   1   4   7 
0.010588
3  9  7 
0.001855
4  7 
0.003315
5  1  4  7  0 
0.004007
5  6  3  9  7 
0.004298
5  6  4  7  0 
0.004298
6  3  9  7 
0.001289
6  4  7  0 
0.001289
8  11   1   4   7 
0.018323
9  7 
0.003133
10   3   9   7 
0.004505
10   9   7   0 
0.004505
11   1   4   7 
0.030325
1  5  2  8 
0.006149
1  11   8   0 
0.006149
2  8 
0.023462
3  6  5  2  8 
0.004835
4  1  5  2  8 
0.004497
4   1  11   8   0 
0.004497
4  6  5  2  8 
0.003164
5  2  8 
0.018661
6  5  2  8 
0.007244
7  4  1  5  2  8 
0.008759
7   4   1  11   8   0 
0.008759
7  4  6  5  2  8 
0.006162
9  3  6  5  2  8  0 
0.000233
9  7  4  1  5  2  8 
0.000698
9   7   4   1  11   8   0 
0.000698
9  7  4  6  5  2  8 
0.000698
10   3   6   5   2   8   0   0 
0.000748
10   9   3   6   5   2   8   0 
0.000958
10   9   7   4   1   5   2   8 
0.002874
10   9   7   4   1  11   8   0 
0.002874
10   9   7   4   6   5   2   8 
0.002874
11   8 
0.018272
1  4  6  3  9 
0.000125
1  4  7  9  0 
0.000125
2  5  1  4  6  3  9 
0.001612
2  5  1  4  7  9  0 
0.001612
2  5  6  3  9  0  0 
0.001215
3  9 
0.001857
4  6  3  9 
0.000145
4  7  9  0 
0.000145
5  1  4  6  3  9 
0.000319
5  1  4  7  9  0 
0.000319
5  6  3  9  0  0 
0.000240
6  3  9 
0.000171
7  9 
0.003031
8  2  5  1  4  6  3  9 
0.000229
8  2  5  1  4  7  9  0 
0.000229
8  2  5  6  3  9  0  0 
0.000229
8  11   1   4   6   3   9   0 
0.000152
8  11   1   4   7   9   0   0 
0.000152
10   3   9 
0.000553
10   9   0 
0.000553
11   1   4   6   3   9 
0.000177
11   1   4   7   9   0 
0.000177
1   4   6   3   9  10 
0.001290
1   4   6   3  10   0 
0.001290
1   4   7   9  10   0 
0.000645
1   5   6   3   9  10 
0.001181
1   5   6   3  10   0 
0.001181
2   5   6   3   9  10 
0.013025
2   5   6   3  10   0 
0.013025
3   9  10 
0.000790
3  10   0 
0.000790
4   6   3   9  10 
0.000299
4   6   3  10   0 
0.000299
4   7   9  10   0 
0.000150
5   6   3   9  10 
0.000786
5   6   3  10   0 
0.000786
6   3   9  10 
0.000475
6   3  10   0 
0.000475
7   9  10 
0.007486
8   2   5   6   3   9  10   0 
0.000530
8   2   5   6   3  10   0   0 
0.000530
8  11   1   4   6   3   9  10 
0.001326
8  11   1   4   6   3  10   0 
0.001326
8  11   1   4   7   9  10   0 
0.000771
8  11   1   5   6   3   9  10 
0.001326
8  11   1   5   6   3  10   0 
0.001326
9  10 
0.001044
11   1   4   6   3   9  10 
0.000668
11   1   4   6   3  10   0 
0.000668
11   1   4   7   9  10   0 
0.000334
11   1   5   6   3   9  10 
0.000612
11   1   5   6   3  10   0 
0.000612
1  11 
0.039534
2   8  11 
0.023663
3   6   4   1  11   0 
0.004188
3   6   5   1  11   0 
0.008376
3   6   5   2   8  11 
0.008376
4   1  11 
0.015349
5   1  11   0 
0.012400
5   2   8  11 
0.012400
6   4   1  11   0 
0.000763
6   5   1  11   0 
0.001526
6   5   2   8  11 
0.001526
7   4   1  11 
0.021654
8  11 
0.046209
9   3   6   4   1  11   0 
0.000452
9   3   6   5   1  11   0 
0.000452
9   3   6   5   2   8  11 
0.000452
9   7   4   1  11   0   0 
0.000151
10   3   6   4   1  11   0   0 
0.001543
10   3   6   5   1  11   0   0 
0.001543
10   3   6   5   2   8  11   0 
0.001543
10   9   3   6   4   1  11   0 
0.001912
10   9   3   6   5   1  11   0 
0.001912
10   9   3   6   5   2   8  11 
0.001912
10   9   7   4   1  11   0   0 
0.000637
