2 1 0.202320 0.002833 * 2  5  1  0 
2 1 0.303071 0.002833 * 2   8  11   1 
3 1 0.303157 0.000586 * 3  6  4  1 
3 1 0.301778 0.000586 * 3  6  5  1 
4 1 0.101247 0.001610 * 4  1 
5 1 0.100344 0.007631 * 5  1 
6 1 0.202420 0.001059 * 6  4  1 
6 1 0.201040 0.001059 * 6  5  1 
7 1 0.202429 0.008027 * 7  4  1 
8 1 0.202089 0.003886 * 8  11   1 
9 1 0.403305 0.000530 * 9  3  6  4  1 
9 1 0.401925 0.000530 * 9  3  6  5  1 
9 1 0.302735 0.000265 * 9  7  4  1  0 
10 1 0.403515 0.000674 * 10   3   6   4   1   0 
10 1 0.402135 0.000674 * 10   3   6   5   1   0 
10 1 0.503505 0.001011 * 10   9   3   6   4   1 
10 1 0.502125 0.001011 * 10   9   3   6   5   1 
10 1 0.402936 0.000528 * 10   9   7   4   1   0 
11 1 0.101040 0.027079 * 11   1 
1 2 0.201148 0.004535 * 1  5  2 
3 2 0.302222 0.005756 * 3  6  5  2 
4 2 0.302396 0.000990 * 4  1  5  2 
4 2 0.301682 0.000990 * 4  6  5  2 
5 2 0.100789 0.009087 * 5  2 
6 2 0.201485 0.003318 * 6  5  2 
7 2 0.403577 0.002027 * 7  4  1  5  2  0 
7 2 0.402864 0.002027 * 7  4  6  5  2  0 
7 2 0.502565 0.001304 * 7  9  3  6  5  2 
8 2 0.100340 0.002385 * 8  2 
9 2 0.402370 0.000768 * 9  3  6  5  2 
10 2 0.402580 0.001345 * 10   3   6   5   2   0 
10 2 0.502570 0.001345 * 10   9   3   6   5   2 
11 2 0.302189 0.001824 * 11   1   5   2 
11 2 0.201154 0.001824 * 11   8   2   0 
1 3 0.301757 0.000755 * 1  4  6  3  0 
1 3 0.402424 0.000755 * 1  4  7  9  3 
1 3 0.302968 0.000566 * 1  5  6  3  0 
2 3 0.304585 0.016896 * 2  5  6  3 
4 3 0.201053 0.001031 * 4  6  3  0 
4 3 0.301720 0.001031 * 4  7  9  3 
5 3 0.202608 0.004185 * 5  6  3 
6 3 0.100855 0.005258 * 6  3 
7 3 0.200343 0.002780 * 7  9  3 
8 3 0.404925 0.000352 * 8  2  5  6  3  0  0 
8 3 0.503846 0.001055 * 8  11   1   4   6   3   0 
8 3 0.604513 0.001055 * 8  11   1   4   7   9   3 
8 3 0.505057 0.001055 * 8  11   1   5   6   3   0 
9 3 0.100147 0.004991 * 9  3 
10 3 0.200348 0.002137 * 10   9   3 
10 3 0.100358 0.002137 * 10   3   0 
11 3 0.402797 0.001662 * 11   1   4   6   3   0 
11 3 0.503464 0.001662 * 11   1   4   7   9   3 
11 3 0.404009 0.001247 * 11   1   5   6   3   0 
1 4 0.100704 0.000788 * 1  4 
2 4 0.303024 0.003221 * 2  5  1  4  0 
2 4 0.304902 0.003221 * 2  5  6  4  0 
2 4 0.403775 0.002392 * 2   8  11   1   4 
3 4 0.201910 0.000794 * 3  6  4  0 
3 4 0.301620 0.000794 * 3  9  7  4 
5 4 0.201048 0.001021 * 5  1  4 
5 4 0.202926 0.001021 * 5  6  4 
6 4 0.101173 0.000932 * 6  4 
7 4 0.101181 0.035075 * 7  4 
8 4 0.302793 0.002046 * 8  11   1   4 
9 4 0.201488 0.001116 * 9  7  4 
10 4 0.302268 0.000581 * 10   3   6   4   0 
10 4 0.401978 0.000581 * 10   3   9   7   4 
10 4 0.301688 0.000290 * 10   9   7   4   0 
11 4 0.201744 0.001708 * 11   1   4 
1 5 0.100360 0.005052 * 1  5 
2 5 0.101976 0.037664 * 2  5 
3 5 0.201434 0.004295 * 3  6  5 
4 5 0.201607 0.001579 * 4  1  5 
4 5 0.200894 0.001579 * 4  6  5 
6 5 0.100696 0.004264 * 6  5 
7 5 0.302789 0.002261 * 7  4  1  5  0 
7 5 0.302075 0.002261 * 7  4  6  5  0 
7 5 0.401777 0.001241 * 7  9  3  6  5 
8 5 0.202317 0.006044 * 8  2  5  0 
8 5 0.302449 0.006044 * 8  11   1   5 
9 5 0.301581 0.003225 * 9  3  6  5 
10 5 0.301791 0.002556 * 10   3   6   5   0 
10 5 0.401781 0.002556 * 10   9   3   6   5 
11 5 0.201400 0.009415 * 11   1   5 
1 6 0.200901 0.000903 * 1  4  6 
1 6 0.202113 0.000903 * 1  5  6 
2 6 0.203729 0.011790 * 2  5  6 
3 6 0.100737 0.001282 * 3  6 
4 6 0.100197 0.001060 * 4  6 
5 6 0.101753 0.004685 * 5  6 
7 6 0.201379 0.001047 * 7  4  6  0 
7 6 0.301080 0.001047 * 7  9  3  6 
8 6 0.304070 0.000728 * 8  2  5  6  0 
8 6 0.402990 0.001455 * 8  11   1   4   6 
8 6 0.404202 0.001455 * 8  11   1   5   6 
9 6 0.200885 0.000286 * 9  3  6 
10 6 0.201095 0.001047 * 10   3   6   0 
10 6 0.301085 0.001047 * 10   9   3   6 
11 6 0.301942 0.001854 * 11   1   4   6 
11 6 0.303153 0.001854 * 11   1   5   6 
1 7 0.202081 0.005053 * 1  4  7 
2 7 0.404401 0.013808 * 2  5  1  4  7  0 
2 7 0.505024 0.015470 * 2  5  6  3  9  7 
2 7 0.406279 0.015470 * 2  5  6  4  7  0 
2 7 0.505152 0.010141 * 2   8  11   1   4   7 
3 7 0.200439 0.002471 * 3  9  7 
4 7 0.101377 0.004691 * 4  7 
5 7 0.302425 0.004594 * 5  1  4  7  0 
5 7 0.403047 0.005147 * 5  6  3  9  7 
5 7 0.304303 0.005147 * 5  6  4  7  0 
6 7 0.301294 0.002249 * 6  3  9  7 
6 7 0.202550 0.002249 * 6  4  7  0 
8 7 0.404170 0.022270 * 8  11   1   4   7 
9 7 0.100307 0.005119 * 9  7 
10 7 0.300796 0.005330 * 10   3   9   7 
10 7 0.200507 0.005330 * 10   9   7   0 
11 7 0.303122 0.023330 * 11   1   4   7 
1 8 0.302131 0.005919 * 1  5  2  8 
1 8 0.202491 0.005919 * 1  11   8   0 
2 8 0.100982 0.024118 * 2  8 
3 8 0.403205 0.007682 * 3  6  5  2  8 
4 8 0.403378 0.004460 * 4  1  5  2  8 
4 8 0.303738 0.004460 * 4   1  11   8   0 
4 8 0.402664 0.003258 * 4  6  5  2  8 
5 8 0.201771 0.014735 * 5  2  8 
6 8 0.302467 0.008131 * 6  5  2  8 
7 8 0.504559 0.009490 * 7  4  1  5  2  8 
7 8 0.404920 0.009490 * 7   4   1  11   8   0 
7 8 0.503846 0.006932 * 7  4  6  5  2  8 
9 8 0.503352 0.000420 * 9  3  6  5  2  8  0 
9 8 0.604866 0.001260 * 9  7  4  1  5  2  8 
9 8 0.505226 0.001260 * 9   7   4   1  11   8   0 
9 8 0.604153 0.001260 * 9  7  4  6  5  2  8 
10 8 0.503562 0.000794 * 10   3   6   5   2   8   0   0 
10 8 0.603552 0.001157 * 10   9   3   6   5   2   8   0 
10 8 0.705066 0.003175 * 10   9   7   4   1   5   2   8 
10 8 0.605427 0.003175 * 10   9   7   4   1  11   8   0 
10 8 0.704353 0.003175 * 10   9   7   4   6   5   2   8 
11 8 0.100814 0.025486 * 11   8 
1 9 0.401889 0.000142 * 1  4  6  3  9 
1 9 0.302277 0.000142 * 1  4  7  9  0 
2 9 0.604209 0.000829 * 2  5  1  4  6  3  9 
2 9 0.504597 0.000829 * 2  5  1  4  7  9  0 
2 9 0.404717 0.000448 * 2  5  6  3  9  0  0 
3 9 0.100132 0.007080 * 3  9 
4 9 0.301185 0.000239 * 4  6  3  9 
4 9 0.201573 0.000239 * 4  7  9  0 
5 9 0.502233 0.000355 * 5  1  4  6  3  9 
5 9 0.402620 0.000355 * 5  1  4  7  9  0 
5 9 0.302741 0.000192 * 5  6  3  9  0  0 
6 9 0.200988 0.000272 * 6  3  9 
7 9 0.100196 0.002576 * 7  9 
8 9 0.704549 0.000188 * 8  2  5  1  4  6  3  9 
8 9 0.604937 0.000188 * 8  2  5  1  4  7  9  0 
8 9 0.505057 0.000188 * 8  2  5  6  3  9  0  0 
8 9 0.603978 0.000125 * 8  11   1   4   6   3   9   0 
8 9 0.504366 0.000125 * 8  11   1   4   7   9   0   0 
10 9 0.200490 0.001142 * 10   3   9 
10 9 0.100200 0.001142 * 10   9   0 
11 9 0.502929 0.000445 * 11   1   4   6   3   9 
11 9 0.403317 0.000445 * 11   1   4   7   9   0 
1 10 0.502023 0.000621 * 1   4   6   3   9  10 
1 10 0.402203 0.000621 * 1   4   6   3  10   0 
1 10 0.402411 0.000311 * 1   4   7   9  10   0 
1 10 0.503235 0.000574 * 1   5   6   3   9  10 
1 10 0.403415 0.000574 * 1   5   6   3  10   0 
2 10 0.504851 0.014054 * 2   5   6   3   9  10 
2 10 0.405032 0.014054 * 2   5   6   3  10   0 
3 10 0.200267 0.000875 * 3   9  10 
3 10 0.100447 0.000875 * 3  10   0 
4 10 0.401319 0.000241 * 4   6   3   9  10 
4 10 0.301500 0.000241 * 4   6   3  10   0 
4 10 0.301707 0.000120 * 4   7   9  10   0 
5 10 0.402875 0.001061 * 5   6   3   9  10 
5 10 0.303055 0.001061 * 5   6   3  10   0 
6 10 0.301122 0.000662 * 6   3   9  10 
6 10 0.201302 0.000662 * 6   3  10   0 
7 10 0.200330 0.007950 * 7   9  10 
8 10 0.605192 0.000720 * 8   2   5   6   3   9  10   0 
8 10 0.505372 0.000720 * 8   2   5   6   3  10   0   0 
8 10 0.704112 0.001583 * 8  11   1   4   6   3   9  10 
8 10 0.604292 0.001583 * 8  11   1   4   6   3  10   0 
8 10 0.604500 0.000792 * 8  11   1   4   7   9  10   0 
8 10 0.705324 0.001461 * 8  11   1   5   6   3   9  10 
8 10 0.605504 0.001461 * 8  11   1   5   6   3  10   0 
9 10 0.100135 0.001458 * 9  10 
11 10 0.603064 0.000785 * 11   1   4   6   3   9  10 
11 10 0.503244 0.000785 * 11   1   4   6   3  10   0 
11 10 0.503452 0.000392 * 11   1   4   7   9  10   0 
11 10 0.604275 0.000725 * 11   1   5   6   3   9  10 
11 10 0.504455 0.000725 * 11   1   5   6   3  10   0 
1 11 0.101677 0.037892 * 1  11 
2 11 0.303997 0.014180 * 2   5   1  11 
2 11 0.202031 0.014180 * 2   8  11   0 
3 11 0.404835 0.006607 * 3   6   4   1  11 
3 11 0.403455 0.006607 * 3   6   5   1  11 
4 11 0.202924 0.005046 * 4   1  11 
5 11 0.202021 0.016565 * 5   1  11 
6 11 0.304097 0.002853 * 6   4   1  11 
6 11 0.302717 0.002853 * 6   5   1  11 
7 11 0.304106 0.022223 * 7   4   1  11 
8 11 0.101049 0.046506 * 8  11 
9 11 0.504982 0.000484 * 9   3   6   4   1  11 
9 11 0.503602 0.000484 * 9   3   6   5   1  11 
9 11 0.404413 0.000242 * 9   7   4   1  11   0 
10 11 0.505192 0.002339 * 10   3   6   4   1  11   0 
10 11 0.503812 0.002339 * 10   3   6   5   1  11   0 
10 11 0.605182 0.002748 * 10   9   3   6   4   1  11 
10 11 0.603802 0.002748 * 10   9   3   6   5   1  11 
10 11 0.504613 0.001374 * 10   9   7   4   1  11   0 
