2 1 0.202369 0.002361 * 2  5  1  0 
2 1 0.302865 0.002361 * 2   8  11   1 
3 1 0.303411 0.000398 * 3  6  4  1 
3 1 0.301382 0.000398 * 3  6  5  1 
4 1 0.101837 0.000826 * 4  1 
5 1 0.100347 0.005766 * 5  1 
6 1 0.202845 0.000744 * 6  4  1 
6 1 0.200816 0.000744 * 6  5  1 
7 1 0.203556 0.006002 * 7  4  1 
8 1 0.202020 0.003560 * 8  11   1 
9 1 0.403507 0.000946 * 9  3  6  4  1 
9 1 0.401478 0.000946 * 9  3  6  5  1 
9 1 0.303761 0.000473 * 9  7  4  1  0 
10 1 0.403729 0.000485 * 10   3   6   4   1   0 
10 1 0.401700 0.000485 * 10   3   6   5   1   0 
10 1 0.503644 0.000728 * 10   9   3   6   4   1 
10 1 0.501615 0.000728 * 10   9   3   6   5   1 
10 1 0.403899 0.000562 * 10   9   7   4   1   0 
11 1 0.101178 0.037168 * 11   1 
1 2 0.202623 0.002224 * 1  5  2  0 
1 2 0.302532 0.002224 * 1  11   8   2 
3 2 0.302475 0.003903 * 3  6  5  2 
4 2 0.304460 0.000713 * 4  1  5  2  0 
4 2 0.404369 0.000713 * 4   1  11   8   2 
4 2 0.302021 0.000638 * 4  6  5  2  0 
5 2 0.101439 0.009856 * 5  2 
6 2 0.201909 0.003263 * 6  5  2 
7 2 0.406179 0.019403 * 7  4  1  5  2  0 
7 2 0.506089 0.019403 * 7   4   1  11   8   2 
7 2 0.403740 0.017362 * 7  4  6  5  2  0 
7 2 0.502773 0.016730 * 7  9  3  6  5  2 
8 2 0.100323 0.002249 * 8  2 
9 2 0.402571 0.000373 * 9  3  6  5  2 
10 2 0.402793 0.001608 * 10   3   6   5   2   0 
10 2 0.502708 0.001608 * 10   9   3   6   5   2 
11 2 0.201040 0.002915 * 11   8   2 
1 3 0.301820 0.000749 * 1  4  6  3  0 
1 3 0.402423 0.000749 * 1  4  7  9  3 
1 3 0.304001 0.000607 * 1  5  6  3  0 
2 3 0.304840 0.017513 * 2  5  6  3 
4 3 0.201113 0.001199 * 4  6  3  0 
4 3 0.301715 0.001199 * 4  7  9  3 
5 3 0.202818 0.001738 * 5  6  3 
6 3 0.101001 0.006136 * 6  3 
7 3 0.200298 0.001598 * 7  9  3 
8 3 0.405163 0.000616 * 8  2  5  6  3  0  0 
8 3 0.503840 0.001849 * 8  11   1   4   6   3   0 
8 3 0.604442 0.001849 * 8  11   1   4   7   9   3 
8 3 0.506021 0.001849 * 8  11   1   5   6   3   0 
9 3 0.100096 0.004633 * 9  3 
10 3 0.200233 0.002240 * 10   9   3 
10 3 0.100318 0.002240 * 10   3   0 
11 3 0.402999 0.003061 * 11   1   4   6   3   0 
11 3 0.503601 0.003061 * 11   1   4   7   9   3 
11 3 0.405180 0.002479 * 11   1   5   6   3   0 
1 4 0.100707 0.002038 * 1  4 
2 4 0.303076 0.003172 * 2  5  1  4  0 
2 4 0.304847 0.003172 * 2  5  6  4  0 
2 4 0.403573 0.002084 * 2   8  11   1   4 
3 4 0.201574 0.000442 * 3  6  4 
5 4 0.201054 0.001467 * 5  1  4 
5 4 0.202825 0.001467 * 5  6  4 
6 4 0.101008 0.001225 * 6  4 
7 4 0.101720 0.035186 * 7  4 
8 4 0.302727 0.001920 * 8  11   1   4 
9 4 0.301670 0.000340 * 9  3  6  4 
9 4 0.201924 0.000340 * 9  7  4  0 
10 4 0.301892 0.000163 * 10   3   6   4   0 
10 4 0.401807 0.000325 * 10   9   3   6   4 
10 4 0.302062 0.000325 * 10   9   7   4   0 
11 4 0.201886 0.001517 * 11   1   4 
1 5 0.101183 0.003816 * 1  5 
2 5 0.102022 0.042900 * 2  5 
3 5 0.201035 0.002411 * 3  6  5 
4 5 0.203020 0.001447 * 4  1  5 
4 5 0.200581 0.001447 * 4  6  5 
6 5 0.100469 0.003335 * 6  5 
7 5 0.304740 0.002418 * 7  4  1  5  0 
7 5 0.302301 0.002418 * 7  4  6  5  0 
7 5 0.401334 0.001428 * 7  9  3  6  5 
8 5 0.202345 0.010233 * 8  2  5 
9 5 0.301131 0.001984 * 9  3  6  5 
10 5 0.301353 0.001468 * 10   3   6   5   0 
10 5 0.401269 0.001468 * 10   9   3   6   5 
11 5 0.202362 0.004230 * 11   1   5   0 
11 5 0.303062 0.004230 * 11   8   2   5 
1 6 0.200820 0.000923 * 1  4  6 
1 6 0.203001 0.000923 * 1  5  6 
2 6 0.203839 0.015086 * 2  5  6 
3 6 0.100566 0.001125 * 3  6 
4 6 0.100112 0.001106 * 4  6 
5 6 0.101817 0.003160 * 5  6 
7 6 0.201832 0.000661 * 7  4  6  0 
7 6 0.300864 0.000661 * 7  9  3  6 
8 6 0.304162 0.000498 * 8  2  5  6  0 
8 6 0.402839 0.000996 * 8  11   1   4   6 
8 6 0.405020 0.000996 * 8  11   1   5   6 
9 6 0.200662 0.000169 * 9  3  6 
10 6 0.200884 0.000882 * 10   3   6   0 
10 6 0.300799 0.000882 * 10   9   3   6 
11 6 0.301998 0.002852 * 11   1   4   6 
11 6 0.304179 0.002852 * 11   1   5   6 
1 7 0.202124 0.005238 * 1  4  7 
2 7 0.404493 0.012119 * 2  5  1  4  7  0 
2 7 0.505148 0.012911 * 2  5  6  3  9  7 
2 7 0.406264 0.012911 * 2  5  6  4  7  0 
2 7 0.504990 0.009200 * 2   8  11   1   4   7 
3 7 0.200308 0.001126 * 3  9  7 
4 7 0.101417 0.021453 * 4  7 
5 7 0.302471 0.003583 * 5  1  4  7  0 
5 7 0.403126 0.003817 * 5  6  3  9  7 
5 7 0.304242 0.003817 * 5  6  4  7  0 
6 7 0.301309 0.001014 * 6  3  9  7 
6 7 0.202425 0.001014 * 6  4  7  0 
8 7 0.404144 0.015933 * 8  11   1   4   7 
9 7 0.100205 0.001617 * 9  7 
10 7 0.300625 0.003674 * 10   3   9   7 
10 7 0.200342 0.003674 * 10   9   7   0 
11 7 0.303303 0.025984 * 11   1   4   7 
1 8 0.202209 0.014039 * 1  11   8 
2 8 0.100845 0.020896 * 2  8 
3 8 0.503591 0.003014 * 3   6   5   1  11   8 
3 8 0.403320 0.003014 * 3  6  5  2  8  0 
4 8 0.304046 0.002454 * 4   1  11   8   0   0 
4 8 0.503137 0.004909 * 4   6   5   1  11   8 
4 8 0.402866 0.004909 * 4  6  5  2  8  0 
5 8 0.302556 0.010036 * 5   1  11   8 
5 8 0.202285 0.010036 * 5  2  8  0 
6 8 0.403025 0.003393 * 6   5   1  11   8 
6 8 0.302754 0.003393 * 6  5  2  8  0 
7 8 0.405765 0.003301 * 7   4   1  11   8   0   0 
7 8 0.604857 0.006140 * 7   4   6   5   1  11   8 
7 8 0.504586 0.006140 * 7  4  6  5  2  8  0 
9 8 0.603687 0.000241 * 9   3   6   5   1  11   8   0 
9 8 0.503416 0.000241 * 9  3  6  5  2  8  0  0 
9 8 0.505970 0.000361 * 9   7   4   1  11   8   0   0 
9 8 0.705061 0.000361 * 9   7   4   6   5   1  11   8 
9 8 0.604791 0.000361 * 9  7  4  6  5  2  8  0 
10 8 0.603909 0.000796 * 10   3   6   5   1  11   8   0   0 
10 8 0.503638 0.000796 * 10   3   6   5   2   8   0   0   0 
10 8 0.703824 0.001009 * 10   9   3   6   5   1  11   8   0 
10 8 0.603554 0.001009 * 10   9   3   6   5   2   8   0   0 
10 8 0.606107 0.001514 * 10   9   7   4   1  11   8   0   0 
10 8 0.805199 0.001514 * 10   9   7   4   6   5   1  11   8 
10 8 0.704928 0.001514 * 10   9   7   4   6   5   2   8   0 
11 8 0.100717 0.025590 * 11   8 
1 9 0.401924 0.000199 * 1  4  6  3  9 
1 9 0.302327 0.000199 * 1  4  7  9  0 
2 9 0.604292 0.000938 * 2  5  1  4  6  3  9 
2 9 0.504695 0.000938 * 2  5  1  4  7  9  0 
2 9 0.404943 0.000587 * 2  5  6  3  9  0  0 
3 9 0.100103 0.005154 * 3  9 
4 9 0.301216 0.000122 * 4  6  3  9 
4 9 0.201620 0.000122 * 4  7  9  0 
5 9 0.502270 0.000445 * 5  1  4  6  3  9 
5 9 0.402674 0.000445 * 5  1  4  7  9  0 
5 9 0.302921 0.000278 * 5  6  3  9  0  0 
6 9 0.201104 0.000143 * 6  3  9 
7 9 0.100202 0.001941 * 7  9 
8 9 0.704616 0.000268 * 8  2  5  1  4  6  3  9 
8 9 0.605019 0.000268 * 8  2  5  1  4  7  9  0 
8 9 0.505266 0.000268 * 8  2  5  6  3  9  0  0 
8 9 0.603943 0.000178 * 8  11   1   4   6   3   9   0 
8 9 0.504347 0.000178 * 8  11   1   4   7   9   0   0 
10 9 0.200421 0.000373 * 10   3   9 
10 9 0.100138 0.000373 * 10   9   0 
11 9 0.503102 0.000309 * 11   1   4   6   3   9 
11 9 0.403505 0.000309 * 11   1   4   7   9   0 
1 10 0.502078 0.001371 * 1   4   6   3   9  10 
1 10 0.402339 0.001371 * 1   4   6   3  10   0 
1 10 0.402482 0.000685 * 1   4   7   9  10   0 
1 10 0.504259 0.001273 * 1   5   6   3   9  10 
1 10 0.404521 0.001273 * 1   5   6   3  10   0 
2 10 0.505098 0.016424 * 2   5   6   3   9  10 
2 10 0.405359 0.016424 * 2   5   6   3  10   0 
3 10 0.200258 0.000603 * 3   9  10 
3 10 0.100519 0.000603 * 3  10   0 
4 10 0.401371 0.000327 * 4   6   3   9  10 
4 10 0.301632 0.000327 * 4   6   3  10   0 
4 10 0.301774 0.000164 * 4   7   9  10   0 
5 10 0.403076 0.001890 * 5   6   3   9  10 
5 10 0.303337 0.001890 * 5   6   3  10   0 
6 10 0.301259 0.000764 * 6   3   9  10 
6 10 0.201520 0.000764 * 6   3  10   0 
7 10 0.200357 0.005970 * 7   9  10 
8 10 0.605421 0.000578 * 8   2   5   6   3   9  10   0 
8 10 0.505682 0.000578 * 8   2   5   6   3  10   0   0 
8 10 0.704098 0.001445 * 8  11   1   4   6   3   9  10 
8 10 0.604359 0.001445 * 8  11   1   4   6   3  10   0 
8 10 0.604501 0.000974 * 8  11   1   4   7   9  10   0 
8 10 0.706279 0.001445 * 8  11   1   5   6   3   9  10 
8 10 0.606540 0.001445 * 8  11   1   5   6   3  10   0 
9 10 0.100155 0.000900 * 9  10 
11 10 0.603256 0.001387 * 11   1   4   6   3   9  10 
11 10 0.503518 0.001387 * 11   1   4   6   3  10   0 
11 10 0.503660 0.000694 * 11   1   4   7   9  10   0 
11 10 0.605438 0.001288 * 11   1   5   6   3   9  10 
11 10 0.505699 0.001288 * 11   1   5   6   3  10   0 
1 11 0.101492 0.026899 * 1  11 
2 11 0.201687 0.021047 * 2   8  11 
3 11 0.404903 0.002214 * 3   6   4   1  11   0 
3 11 0.402874 0.004427 * 3   6   5   1  11   0 
3 11 0.504162 0.004427 * 3   6   5   2   8  11 
4 11 0.203329 0.005642 * 4   1  11 
5 11 0.201839 0.010117 * 5   1  11   0 
5 11 0.303126 0.010117 * 5   2   8  11 
6 11 0.304337 0.001035 * 6   4   1  11   0 
6 11 0.302308 0.002070 * 6   5   1  11   0 
6 11 0.403596 0.002070 * 6   5   2   8  11 
7 11 0.305048 0.021513 * 7   4   1  11 
8 11 0.100842 0.040028 * 8  11 
9 11 0.504998 0.000283 * 9   3   6   4   1  11   0 
9 11 0.502970 0.000283 * 9   3   6   5   1  11   0 
9 11 0.604258 0.000283 * 9   3   6   5   2   8  11 
9 11 0.405253 0.000094 * 9   7   4   1  11   0   0 
10 11 0.505220 0.001900 * 10   3   6   4   1  11   0   0 
10 11 0.503192 0.001900 * 10   3   6   5   1  11   0   0 
10 11 0.604480 0.001900 * 10   3   6   5   2   8  11   0 
10 11 0.605136 0.002144 * 10   9   3   6   4   1  11   0 
10 11 0.603107 0.002144 * 10   9   3   6   5   1  11   0 
10 11 0.704395 0.002144 * 10   9   3   6   5   2   8  11 
10 11 0.505390 0.000715 * 10   9   7   4   1  11   0   0 
