2 1 2 0.006077 * 2  5  1 
3 1 3 0.001034 * 3  6  4  1 
3 1 3 0.001034 * 3  6  5  1 
4 1 1 0.005426 * 4  1 
5 1 1 0.007010 * 5  1 
6 1 2 0.001436 * 6  4  1 
6 1 2 0.001436 * 6  5  1 
7 1 2 0.006997 * 7  4  1 
8 1 2 0.006922 * 8  11   1 
9 1 3 0.001521 * 9  7  4  1 
10 1 4 0.001020 * 10   3   6   4   1 
10 1 4 0.001020 * 10   3   6   5   1 
10 1 4 0.001020 * 10   9   7   4   1 
11 1 1 0.023659 * 11   1 
1 2 2 0.007587 * 1  5  2 
3 2 3 0.005414 * 3  6  5  2 
4 2 3 0.000961 * 4  1  5  2 
4 2 3 0.000961 * 4  6  5  2 
5 2 1 0.009607 * 5  2 
6 2 2 0.003240 * 6  5  2 
7 2 4 0.005244 * 7  4  1  5  2 
7 2 4 0.005244 * 7  4  6  5  2 
8 2 1 0.001188 * 8  2 
9 2 4 0.000810 * 9  3  6  5  2 
10 2 4 0.002715 * 10   3   6   5   2 
11 2 2 0.006420 * 11   8   2 
1 3 3 0.001121 * 1  4  6  3 
1 3 3 0.001121 * 1  5  6  3 
2 3 3 0.012717 * 2  5  6  3 
4 3 2 0.001946 * 4  6  3 
5 3 2 0.002944 * 5  6  3 
6 3 1 0.004235 * 6  3 
7 3 2 0.009553 * 7  9  3 
8 3 4 0.003174 * 8  2  5  6  3 
9 3 1 0.006086 * 9  3 
10 3 1 0.005543 * 10   3 
11 3 4 0.003014 * 11   1   4   6   3 
11 3 4 0.003014 * 11   1   5   6   3 
1 4 1 0.001302 * 1  4 
2 4 3 0.004620 * 2  5  1  4 
2 4 3 0.004620 * 2  5  6  4 
3 4 2 0.001035 * 3  6  4 
5 4 2 0.001499 * 5  1  4 
5 4 2 0.001499 * 5  6  4 
6 4 1 0.001065 * 6  4 
7 4 1 0.035178 * 7  4 
8 4 3 0.003519 * 8  11   1   4 
9 4 2 0.001612 * 9  7  4 
10 4 3 0.001049 * 10   3   6   4 
10 4 3 0.001049 * 10   9   7   4 
11 4 2 0.001874 * 11   1   4 
1 5 1 0.005078 * 1  5 
2 5 1 0.039919 * 2  5 
3 5 2 0.002670 * 3  6  5 
4 5 2 0.001368 * 4  1  5 
4 5 2 0.001368 * 4  6  5 
6 5 1 0.004234 * 6  5 
7 5 3 0.004238 * 7  4  1  5 
7 5 3 0.004238 * 7  4  6  5 
8 5 2 0.007674 * 8  2  5 
9 5 3 0.002182 * 9  3  6  5 
10 5 3 0.004390 * 10   3   6   5 
11 5 2 0.011764 * 11   1   5 
1 6 2 0.000780 * 1  4  6 
1 6 2 0.000780 * 1  5  6 
2 6 2 0.013310 * 2  5  6 
3 6 1 0.003400 * 3  6 
4 6 1 0.001374 * 4  6 
5 6 1 0.004244 * 5  6 
7 6 2 0.004388 * 7  4  6 
8 6 3 0.004772 * 8  2  5  6 
9 6 2 0.000289 * 9  3  6 
10 6 2 0.001624 * 10   3   6 
11 6 3 0.001850 * 11   1   4   6 
11 6 3 0.001850 * 11   1   5   6 
1 7 2 0.005624 * 1  4  7 
2 7 4 0.020520 * 2  5  1  4  7 
2 7 4 0.020520 * 2  5  6  4  7 
3 7 2 0.002625 * 3  9  7 
4 7 1 0.007755 * 4  7 
5 7 3 0.010272 * 5  1  4  7 
5 7 3 0.010272 * 5  6  4  7 
6 7 2 0.004872 * 6  4  7 
8 7 4 0.021168 * 8  11   1   4   7 
9 7 1 0.003577 * 9  7 
10 7 2 0.012335 * 10   9   7 
11 7 3 0.024277 * 11   1   4   7 
1 8 2 0.011791 * 1  11   8 
2 8 1 0.024026 * 2  8 
3 8 4 0.007801 * 3  6  5  2  8 
4 8 3 0.014349 * 4   1  11   8 
5 8 2 0.020968 * 5  2  8 
6 8 3 0.011237 * 6  5  2  8 
7 8 4 0.027928 * 7   4   1  11   8 
9 8 5 0.001548 * 9  3  6  5  2  8 
9 8 5 0.001548 * 9   7   4   1  11   8 
10 8 5 0.009541 * 10   3   6   5   2   8 
11 8 1 0.025902 * 11   8 
1 9 3 0.000278 * 1  4  7  9 
2 9 4 0.001805 * 2  5  6  3  9 
3 9 1 0.002420 * 3  9 
4 9 2 0.000438 * 4  7  9 
5 9 3 0.000816 * 5  6  3  9 
6 9 2 0.000351 * 6  3  9 
7 9 1 0.002740 * 7  9 
8 9 5 0.000489 * 8  2  5  6  3  9 
8 9 5 0.000489 * 8  11   1   4   7   9 
10 9 1 0.000729 * 10   9 
11 9 4 0.001108 * 11   1   4   7   9 
1 10 4 0.001750 * 1   4   6   3  10 
1 10 4 0.001750 * 1   4   7   9  10 
1 10 4 0.002888 * 1   5   6   3  10 
2 10 4 0.020400 * 2   5   6   3  10 
3 10 1 0.001799 * 3  10 
4 10 3 0.000496 * 4   6   3  10 
4 10 3 0.000496 * 4   7   9  10 
5 10 3 0.002810 * 5   6   3  10 
6 10 2 0.001712 * 6   3  10 
7 10 2 0.008741 * 7   9  10 
8 10 5 0.006088 * 8   2   5   6   3  10 
9 10 1 0.002208 * 9  10 
11 10 5 0.000974 * 11   1   4   6   3  10 
11 10 5 0.000974 * 11   1   4   7   9  10 
11 10 5 0.001020 * 11   1   5   6   3  10 
1 11 1 0.037121 * 1  11 
2 11 2 0.025670 * 2   8  11 
3 11 4 0.007271 * 3   6   4   1  11 
3 11 4 0.007271 * 3   6   5   1  11 
4 11 2 0.008126 * 4   1  11 
5 11 2 0.018024 * 5   1  11 
6 11 3 0.002326 * 6   4   1  11 
6 11 3 0.002326 * 6   5   1  11 
7 11 3 0.026293 * 7   4   1  11 
8 11 1 0.069107 * 8  11 
9 11 4 0.002324 * 9   7   4   1  11 
10 11 5 0.003753 * 10   3   6   4   1  11 
10 11 5 0.003753 * 10   3   6   5   1  11 
10 11 5 0.003753 * 10   9   7   4   1  11 
