2 1 2 0.005999 * 2  5  1 
3 1 3 0.001365 * 3  6  4  1 
3 1 3 0.001365 * 3  6  5  1 
4 1 1 0.001230 * 4  1 
5 1 1 0.006462 * 5  1 
6 1 2 0.000679 * 6  4  1 
6 1 2 0.000679 * 6  5  1 
7 1 2 0.006708 * 7  4  1 
8 1 2 0.005290 * 8  11   1 
9 1 3 0.001840 * 9  7  4  1 
10 1 4 0.001268 * 10   3   6   4   1 
10 1 4 0.001268 * 10   3   6   5   1 
10 1 4 0.001268 * 10   9   7   4   1 
11 1 1 0.026059 * 11   1 
1 2 2 0.004601 * 1  5  2 
3 2 3 0.006228 * 3  6  5  2 
4 2 3 0.000897 * 4  1  5  2 
4 2 3 0.000897 * 4  6  5  2 
5 2 1 0.009412 * 5  2 
6 2 2 0.003709 * 6  5  2 
7 2 4 0.002737 * 7  4  1  5  2 
7 2 4 0.002737 * 7  4  6  5  2 
8 2 1 0.002290 * 8  2 
9 2 4 0.001339 * 9  3  6  5  2 
10 2 4 0.002883 * 10   3   6   5   2 
11 2 2 0.002237 * 11   8   2 
1 3 3 0.001283 * 1  4  6  3 
1 3 3 0.001283 * 1  5  6  3 
2 3 3 0.018210 * 2  5  6  3 
4 3 2 0.002234 * 4  6  3 
5 3 2 0.002677 * 5  6  3 
6 3 1 0.005739 * 6  3 
7 3 2 0.008309 * 7  9  3 
8 3 4 0.003355 * 8  2  5  6  3 
9 3 1 0.005668 * 9  3 
10 3 1 0.010109 * 10   3 
11 3 4 0.002673 * 11   1   4   6   3 
11 3 4 0.002673 * 11   1   5   6   3 
1 4 1 0.002221 * 1  4 
2 4 3 0.004349 * 2  5  1  4 
2 4 3 0.004349 * 2  5  6  4 
3 4 2 0.000921 * 3  6  4 
5 4 2 0.001365 * 5  1  4 
5 4 2 0.001365 * 5  6  4 
6 4 1 0.000842 * 6  4 
7 4 1 0.032325 * 7  4 
8 4 3 0.001820 * 8  11   1   4 
9 4 2 0.000924 * 9  7  4 
10 4 3 0.001096 * 10   3   6   4 
10 4 3 0.001096 * 10   9   7   4 
11 4 2 0.002261 * 11   1   4 
1 5 1 0.002835 * 1  5 
2 5 1 0.034807 * 2  5 
3 5 2 0.004054 * 3  6  5 
4 5 2 0.001388 * 4  1  5 
4 5 2 0.001388 * 4  6  5 
6 5 1 0.008581 * 6  5 
7 5 3 0.002958 * 7  4  1  5 
7 5 3 0.002958 * 7  4  6  5 
8 5 2 0.007554 * 8  2  5 
9 5 3 0.002799 * 9  3  6  5 
10 5 3 0.003152 * 10   3   6   5 
11 5 2 0.011629 * 11   1   5 
1 6 2 0.000662 * 1  4  6 
1 6 2 0.000662 * 1  5  6 
2 6 2 0.013967 * 2  5  6 
3 6 1 0.003255 * 3  6 
4 6 1 0.001295 * 4  6 
5 6 1 0.004123 * 5  6 
7 6 2 0.002898 * 7  4  6 
8 6 3 0.003769 * 8  2  5  6 
9 6 2 0.000381 * 9  3  6 
10 6 2 0.001824 * 10   3   6 
11 6 3 0.002324 * 11   1   4   6 
11 6 3 0.002324 * 11   1   5   6 
1 7 2 0.003939 * 1  4  7 
2 7 4 0.023178 * 2  5  1  4  7 
2 7 4 0.023178 * 2  5  6  4  7 
3 7 2 0.004141 * 3  9  7 
4 7 1 0.003197 * 4  7 
5 7 3 0.007429 * 5  1  4  7 
5 7 3 0.007429 * 5  6  4  7 
6 7 2 0.004612 * 6  4  7 
8 7 4 0.021284 * 8  11   1   4   7 
9 7 1 0.001894 * 9  7 
10 7 2 0.012190 * 10   9   7 
11 7 3 0.021383 * 11   1   4   7 
1 8 2 0.010917 * 1  11   8 
2 8 1 0.024238 * 2  8 
3 8 4 0.008929 * 3  6  5  2  8 
4 8 3 0.012934 * 4   1  11   8 
5 8 2 0.017651 * 5  2  8 
6 8 3 0.009497 * 6  5  2  8 
7 8 4 0.026797 * 7   4   1  11   8 
9 8 5 0.001501 * 9  3  6  5  2  8 
9 8 5 0.001501 * 9   7   4   1  11   8 
10 8 5 0.009444 * 10   3   6   5   2   8 
11 8 1 0.025048 * 11   8 
1 9 3 0.000360 * 1  4  7  9 
2 9 4 0.002459 * 2  5  6  3  9 
3 9 1 0.004841 * 3  9 
4 9 2 0.000486 * 4  7  9 
5 9 3 0.001069 * 5  6  3  9 
6 9 2 0.000141 * 6  3  9 
7 9 1 0.003879 * 7  9 
8 9 5 0.000458 * 8  2  5  6  3  9 
8 9 5 0.000458 * 8  11   1   4   7   9 
10 9 1 0.002083 * 10   9 
11 9 4 0.001135 * 11   1   4   7   9 
1 10 4 0.001501 * 1   4   6   3  10 
1 10 4 0.001501 * 1   4   7   9  10 
1 10 4 0.002547 * 1   5   6   3  10 
2 10 4 0.022832 * 2   5   6   3  10 
3 10 1 0.002364 * 3  10 
4 10 3 0.000412 * 4   6   3  10 
4 10 3 0.000412 * 4   7   9  10 
5 10 3 0.002224 * 5   6   3  10 
6 10 2 0.000973 * 6   3  10 
7 10 2 0.008044 * 7   9  10 
8 10 5 0.006031 * 8   2   5   6   3  10 
9 10 1 0.001602 * 9  10 
11 10 5 0.001094 * 11   1   4   6   3  10 
11 10 5 0.001094 * 11   1   4   7   9  10 
11 10 5 0.001476 * 11   1   5   6   3  10 
1 11 1 0.034585 * 1  11 
2 11 2 0.026020 * 2   8  11 
3 11 4 0.007376 * 3   6   4   1  11 
3 11 4 0.007376 * 3   6   5   1  11 
4 11 2 0.009081 * 4   1  11 
5 11 2 0.016503 * 5   1  11 
6 11 3 0.003729 * 6   4   1  11 
6 11 3 0.003729 * 6   5   1  11 
7 11 3 0.024252 * 7   4   1  11 
8 11 1 0.049963 * 8  11 
9 11 4 0.001352 * 9   7   4   1  11 
10 11 5 0.004184 * 10   3   6   4   1  11 
10 11 5 0.004184 * 10   3   6   5   1  11 
10 11 5 0.004184 * 10   9   7   4   1  11 
