2  5  1 
0.004945
3  6  4  1 
0.000550
3  6  5  1 
0.000550
4  1 
0.001058
5  1 
0.007068
6  4  1 
0.001050
6  5  1 
0.001050
7  4  1 
0.005791
8  11   1 
0.004712
9  7  4  1 
0.002884
10   3   6   4   1 
0.001019
10   3   6   5   1 
0.001019
10   9   7   4   1 
0.001019
11   1 
0.033150
1  5  2 
0.004396
3  6  5  2 
0.002677
4  1  5  2 
0.001031
4  6  5  2 
0.001031
5  2 
0.009125
6  5  2 
0.002922
7  4  1  5  2 
0.041844
7  4  6  5  2 
0.041844
8  2 
0.002161
9  3  6  5  2 
0.000315
10   3   6   5   2 
0.002382
11   8   2 
0.003246
1  4  6  3 
0.001219
1  5  6  3 
0.001219
2  5  6  3 
0.018326
4  6  3 
0.002234
5  6  3 
0.001655
6  3 
0.003460
7  9  3 
0.001697
8  2  5  6  3 
0.003967
9  3 
0.003350
10   3 
0.005347
11   1   4   6   3 
0.001880
11   1   5   6   3 
0.001880
1  4 
0.002713
2  5  1  4 
0.005035
2  5  6  4 
0.005035
3  6  4 
0.000589
5  1  4 
0.001435
5  6  4 
0.001435
6  4 
0.001551
7  4 
0.007041
8  11   1   4 
0.001680
9  7  4 
0.000673
10   3   6   4 
0.000329
10   9   7   4 
0.000329
11   1   4 
0.001946
1  5 
0.004138
2  5 
0.044677
3  6  5 
0.002460
4  1  5 
0.001264
4  6  5 
0.001264
6  5 
0.003347
7  4  1  5 
0.002711
7  4  6  5 
0.002711
8  2  5 
0.013278
9  3  6  5 
0.002810
10   3   6   5 
0.002839
11   1   5 
0.006691
1  4  6 
0.000999
1  5  6 
0.000999
2  5  6 
0.014947
3  6 
0.001081
4  6 
0.001024
5  6 
0.003573
7  4  6 
0.001243
8  2  5  6 
0.002470
9  3  6 
0.000233
10   3   6 
0.001657
11   1   4   6 
0.002828
11   1   5   6 
0.002828
1  4  7 
0.004301
2  5  1  4  7 
0.024220
2  5  6  4  7 
0.024220
3  9  7 
0.001127
4  7 
0.004763
5  1  4  7 
0.005744
5  6  4  7 
0.005744
6  4  7 
0.001970
8  11   1   4   7 
0.017201
9  7 
0.001392
10   9   7 
0.008315
11   1   4   7 
0.017820
1  11   8 
0.014458
2  8 
0.021713
3  6  5  2  8 
0.005699
4   1  11   8 
0.012622
5  2  8 
0.021463
6  5  2  8 
0.007044
7   4   1  11   8 
0.016619
9  3  6  5  2  8 
0.000612
9   7   4   1  11   8 
0.000612
10   3   6   5   2   8 
0.008079
11   8 
0.022576
1  4  7  9 
0.000273
2  5  6  3  9 
0.002899
3  9 
0.004603
4  7  9 
0.000193
5  6  3  9 
0.000964
6  3  9 
0.000170
7  9 
0.002486
8  2  5  6  3  9 
0.000680
8  11   1   4   7   9 
0.000680
10   9 
0.000787
11   1   4   7   9 
0.000557
1   4   6   3  10 
0.001594
1   4   7   9  10 
0.001594
1   5   6   3  10 
0.002902
2   5   6   3  10 
0.032752
3  10 
0.001213
4   6   3  10 
0.000294
4   7   9  10 
0.000294
5   6   3  10 
0.003270
6   3  10 
0.001194
7   9  10 
0.006636
8   2   5   6   3  10 
0.007556
9  10 
0.000964
11   1   4   6   3  10 
0.001537
11   1   4   7   9  10 
0.001537
11   1   5   6   3  10 
0.002730
1  11 
0.036314
2   8  11 
0.020890
3   6   4   1  11 
0.004096
3   6   5   1  11 
0.004096
4   1  11 
0.005139
5   1  11 
0.016121
6   4   1  11 
0.002369
6   5   1  11 
0.002369
7   4   1  11 
0.021214
8  11 
0.041236
9   7   4   1  11 
0.000639
10   3   6   4   1  11 
0.003165
10   3   6   5   1  11 
0.003165
10   9   7   4   1  11 
0.003165
