2  5  1  0 
0.002447
2   8  11   1 
0.002447
3  6  4  1 
0.000763
3  6  5  1 
0.000763
4  1 
0.005391
5  1 
0.006432
6  4  1 
0.000587
6  5  1 
0.000587
7  4  1 
0.006107
8  11   1 
0.004435
9  3  6  4  1 
0.000453
9  3  6  5  1 
0.000453
9  7  4  1  0 
0.000226
10   3   6   4   1   0 
0.000753
10   3   6   5   1   0 
0.000753
10   9   3   6   4   1 
0.001089
10   9   3   6   5   1 
0.001089
10   9   7   4   1   0 
0.000544
11   1 
0.026421
1  5  2  0 
0.002403
1  11   8   2 
0.002403
3  6  5  2 
0.005981
4  1  5  2  0 
0.000486
4   1  11   8   2 
0.000486
4  6  5  2  0 
0.000243
5  2 
0.012025
6  5  2 
0.003798
7  4  1  5  2  0 
0.002160
7   4   1  11   8   2 
0.002160
7  4  6  5  2  0 
0.001080
7  9  3  6  5  2 
0.000858
8  2 
0.001711
9  3  6  5  2 
0.000873
10   3   6   5   2   0 
0.001515
10   9   3   6   5   2 
0.001515
11   8   2 
0.005337
1  4  6  3  0 
0.001021
1  4  7  9  3 
0.001021
1  5  6  3  0 
0.000792
2  5  6  3 
0.015381
4  6  3  0 
0.001116
4  7  9  3 
0.001116
5  6  3 
0.002214
6  3 
0.006805
7  9  3 
0.003994
8  2  5  6  3  0  0 
0.000518
8  11   1   4   6   3   0 
0.001555
8  11   1   4   7   9   3 
0.001555
8  11   1   5   6   3   0 
0.001552
9  3 
0.006615
10   9   3 
0.002717
10   3   0 
0.002717
11   1   4   6   3   0 
0.001769
11   1   4   7   9   3 
0.001769
11   1   5   6   3   0 
0.001374
1  4 
0.001370
2  5  1  4  0 
0.002918
2  5  6  4  0 
0.002918
2   8  11   1   4 
0.001731
3  6  4  0 
0.000715
3  9  7  4 
0.000715
5  1  4 
0.001729
5  6  4 
0.001729
6  4 
0.000548
7  4 
0.028333
8  11   1   4 
0.004077
9  7  4 
0.000726
10   3   6   4   0 
0.000619
10   3   9   7   4 
0.000619
10   9   7   4   0 
0.000310
11   1   4 
0.001848
1  5 
0.005636
2  5 
0.040111
3  6  5 
0.004959
4  1  5 
0.001401
4  6  5 
0.001401
6  5 
0.003502
7  4  1  5  0 
0.002295
7  4  6  5  0 
0.002295
7  9  3  6  5 
0.001343
8  2  5  0 
0.004281
8  11   1   5 
0.004281
9  3  6  5 
0.003045
10   3   6   5   0 
0.002920
10   9   3   6   5 
0.002920
11   1   5 
0.015909
1  4  6 
0.000923
1  5  6 
0.000923
2  5  6 
0.014158
3  6 
0.002583
4  6 
0.001289
5  6 
0.005017
7  4  6  0 
0.001020
7  9  3  6 
0.001020
8  2  5  6  0 
0.000843
8  11   1   4   6 
0.001686
8  11   1   5   6 
0.001686
9  3  6 
0.000283
10   3   6   0 
0.001014
10   9   3   6 
0.001014
11   1   4   6 
0.001803
11   1   5   6 
0.001803
1  4  7 
0.004483
2  5  1  4  7  0 
0.014207
2  5  6  3  9  7 
0.015995
2  5  6  4  7  0 
0.015995
2   8  11   1   4   7 
0.010512
3  9  7 
0.002946
4  7 
0.003512
5  1  4  7  0 
0.004598
5  6  3  9  7 
0.005176
5  6  4  7  0 
0.005176
6  3  9  7 
0.002411
6  4  7  0 
0.002411
8  11   1   4   7 
0.020731
9  7 
0.003936
10   3   9   7 
0.006738
10   9   7   0 
0.006738
11   1   4   7 
0.021575
1  5  2  8 
0.004982
1  11   8   0 
0.004982
2  8 
0.026759
3  6  5  2  8 
0.006887
4  1  5  2  8 
0.003990
4   1  11   8   0 
0.003990
4  6  5  2  8 
0.002974
5  2  8 
0.017253
6  5  2  8 
0.006715
7  4  1  5  2  8 
0.009325
7   4   1  11   8   0 
0.009325
7  4  6  5  2  8 
0.006951
9  3  6  5  2  8  0 
0.000237
9  7  4  1  5  2  8 
0.000712
9   7   4   1  11   8   0 
0.000712
9  7  4  6  5  2  8 
0.000712
10   3   6   5   2   8   0   0 
0.000632
10   9   3   6   5   2   8   0 
0.000840
10   9   7   4   1   5   2   8 
0.002519
10   9   7   4   1  11   8   0 
0.002519
10   9   7   4   6   5   2   8 
0.002519
11   8 
0.022231
1  4  6  3  9 
0.000112
1  4  7  9  0 
0.000112
2  5  1  4  6  3  9 
0.000953
2  5  1  4  7  9  0 
0.000953
2  5  6  3  9  0  0 
0.000653
3  9 
0.002989
4  6  3  9 
0.000213
4  7  9  0 
0.000213
5  1  4  6  3  9 
0.000909
5  1  4  7  9  0 
0.000909
5  6  3  9  0  0 
0.000623
6  3  9 
0.000274
7  9 
0.002343
8  2  5  1  4  6  3  9 
0.000171
8  2  5  1  4  7  9  0 
0.000171
8  2  5  6  3  9  0  0 
0.000171
8  11   1   4   6   3   9   0 
0.000114
8  11   1   4   7   9   0   0 
0.000114
10   3   9 
0.000430
10   9   0 
0.000430
11   1   4   6   3   9 
0.000358
11   1   4   7   9   0 
0.000358
1   4   6   3   9  10 
0.000773
1   4   6   3  10   0 
0.000773
1   4   7   9  10   0 
0.000386
1   5   6   3   9  10 
0.000711
1   5   6   3  10   0 
0.000711
2   5   6   3   9  10 
0.014299
2   5   6   3  10   0 
0.014299
3   9  10 
0.001053
3  10   0 
0.001053
4   6   3   9  10 
0.000271
4   6   3  10   0 
0.000271
4   7   9  10   0 
0.000136
5   6   3   9  10 
0.000963
5   6   3  10   0 
0.000963
6   3   9  10 
0.000854
6   3  10   0 
0.000854
7   9  10 
0.008118
8   2   5   6   3   9  10   0 
0.000706
8   2   5   6   3  10   0   0 
0.000706
8  11   1   4   6   3   9  10 
0.001637
8  11   1   4   6   3  10   0 
0.001637
8  11   1   4   7   9  10   0 
0.000818
8  11   1   5   6   3   9  10 
0.001506
8  11   1   5   6   3  10   0 
0.001506
9  10 
0.001084
11   1   4   6   3   9  10 
0.000817
11   1   4   6   3  10   0 
0.000817
11   1   4   7   9  10   0 
0.000408
11   1   5   6   3   9  10 
0.000751
11   1   5   6   3  10   0 
0.000751
1  11 
0.048018
2   8  11 
0.026679
3   6   4   1  11   0 
0.002209
3   6   5   1  11   0 
0.004114
3   6   5   2   8  11 
0.004114
4   1  11 
0.007761
5   1  11   0 
0.008430
5   2   8  11 
0.008430
6   4   1  11   0 
0.001602
6   5   1  11   0 
0.002983
6   5   2   8  11 
0.002983
7   4   1  11 
0.023107
8  11 
0.048739
9   3   6   4   1  11   0 
0.000485
9   3   6   5   1  11   0 
0.000485
9   3   6   5   2   8  11 
0.000485
9   7   4   1  11   0   0 
0.000162
10   3   6   4   1  11   0   0 
0.001653
10   3   6   5   1  11   0   0 
0.001653
10   3   6   5   2   8  11   0 
0.001653
10   9   3   6   4   1  11   0 
0.002050
10   9   3   6   5   1  11   0 
0.002050
10   9   3   6   5   2   8  11 
0.002050
10   9   7   4   1  11   0   0 
0.000683
