2 5 1 0 
0.002833
2 8 11 1 
0.002833
3 6 4 1 
0.000586
3 6 5 1 
0.000586
4 1 
0.001610
5 1 
0.007631
6 4 1 
0.001059
6 5 1 
0.001059
7 4 1 
0.008027
8 11 1 
0.003886
9 3 6 4 1 
0.000530
9 3 6 5 1 
0.000530
9 7 4 1 0 
0.000265
10 3 6 4 1 0 
0.000674
10 3 6 5 1 0 
0.000674
10 9 3 6 4 1 
0.001011
10 9 3 6 5 1 
0.001011
10 9 7 4 1 0 
0.000528
11 1 
0.027079
1 5 2 
0.004535
3 6 5 2 
0.005756
4 1 5 2 
0.000990
4 6 5 2 
0.000990
5 2 
0.009087
6 5 2 
0.003318
7 4 1 5 2 0 
0.002027
7 4 6 5 2 0 
0.002027
7 9 3 6 5 2 
0.001304
8 2 
0.002385
9 3 6 5 2 
0.000768
10 3 6 5 2 0 
0.001345
10 9 3 6 5 2 
0.001345
11 1 5 2 
0.001824
11 8 2 0 
0.001824
1 4 6 3 0 
0.000755
1 4 7 9 3 
0.000755
1 5 6 3 0 
0.000566
2 5 6 3 
0.016896
4 6 3 0 
0.001031
4 7 9 3 
0.001031
5 6 3 
0.004185
6 3 
0.005258
7 9 3 
0.002780
8 2 5 6 3 0 0 
0.000352
8 11 1 4 6 3 0 
0.001055
8 11 1 4 7 9 3 
0.001055
8 11 1 5 6 3 0 
0.001055
9 3 
0.004991
10 9 3 
0.002137
10 3 0 
0.002137
11 1 4 6 3 0 
0.001662
11 1 4 7 9 3 
0.001662
11 1 5 6 3 0 
0.001247
1 4 
0.000788
2 5 1 4 0 
0.003221
2 5 6 4 0 
0.003221
2 8 11 1 4 
0.002392
3 6 4 0 
0.000794
3 9 7 4 
0.000794
5 1 4 
0.001021
5 6 4 
0.001021
6 4 
0.000932
7 4 
0.035075
8 11 1 4 
0.002046
9 7 4 
0.001116
10 3 6 4 0 
0.000581
10 3 9 7 4 
0.000581
10 9 7 4 0 
0.000290
11 1 4 
0.001708
1 5 
0.005052
2 5 
0.037664
3 6 5 
0.004295
4 1 5 
0.001579
4 6 5 
0.001579
6 5 
0.004264
7 4 1 5 0 
0.002261
7 4 6 5 0 
0.002261
7 9 3 6 5 
0.001241
8 2 5 0 
0.006044
8 11 1 5 
0.006044
9 3 6 5 
0.003225
10 3 6 5 0 
0.002556
10 9 3 6 5 
0.002556
11 1 5 
0.009415
1 4 6 
0.000903
1 5 6 
0.000903
2 5 6 
0.011790
3 6 
0.001282
4 6 
0.001060
5 6 
0.004685
7 4 6 0 
0.001047
7 9 3 6 
0.001047
8 2 5 6 0 
0.000728
8 11 1 4 6 
0.001455
8 11 1 5 6 
0.001455
9 3 6 
0.000286
10 3 6 0 
0.001047
10 9 3 6 
0.001047
11 1 4 6 
0.001854
11 1 5 6 
0.001854
1 4 7 
0.005053
2 5 1 4 7 0 
0.013808
2 5 6 3 9 7 
0.015470
2 5 6 4 7 0 
0.015470
2 8 11 1 4 7 
0.010141
3 9 7 
0.002471
4 7 
0.004691
5 1 4 7 0 
0.004594
5 6 3 9 7 
0.005147
5 6 4 7 0 
0.005147
6 3 9 7 
0.002249
6 4 7 0 
0.002249
8 11 1 4 7 
0.022270
9 7 
0.005119
10 3 9 7 
0.005330
10 9 7 0 
0.005330
11 1 4 7 
0.023330
1 5 2 8 
0.005919
1 11 8 0 
0.005919
2 8 
0.024118
3 6 5 2 8 
0.007682
4 1 5 2 8 
0.004460
4 1 11 8 0 
0.004460
4 6 5 2 8 
0.003258
5 2 8 
0.014735
6 5 2 8 
0.008131
7 4 1 5 2 8 
0.009490
7 4 1 11 8 0 
0.009490
7 4 6 5 2 8 
0.006932
9 3 6 5 2 8 0 
0.000420
9 7 4 1 5 2 8 
0.001260
9 7 4 1 11 8 0 
0.001260
9 7 4 6 5 2 8 
0.001260
10 3 6 5 2 8 0 0 
0.000794
10 9 3 6 5 2 8 0 
0.001157
10 9 7 4 1 5 2 8 
0.003175
10 9 7 4 1 11 8 0 
0.003175
10 9 7 4 6 5 2 8 
0.003175
11 8 
0.025486
1 4 6 3 9 
0.000142
1 4 7 9 0 
0.000142
2 5 1 4 6 3 9 
0.000829
2 5 1 4 7 9 0 
0.000829
2 5 6 3 9 0 0 
0.000448
3 9 
0.007080
4 6 3 9 
0.000239
4 7 9 0 
0.000239
5 1 4 6 3 9 
0.000355
5 1 4 7 9 0 
0.000355
5 6 3 9 0 0 
0.000192
6 3 9 
0.000272
7 9 
0.002576
8 2 5 1 4 6 3 9 
0.000188
8 2 5 1 4 7 9 0 
0.000188
8 2 5 6 3 9 0 0 
0.000188
8 11 1 4 6 3 9 0 
0.000125
8 11 1 4 7 9 0 0 
0.000125
10 3 9 
0.001142
10 9 0 
0.001142
11 1 4 6 3 9 
0.000445
11 1 4 7 9 0 
0.000445
1 4 6 3 9 10 
0.000621
1 4 6 3 10 0 
0.000621
1 4 7 9 10 0 
0.000311
1 5 6 3 9 10 
0.000574
1 5 6 3 10 0 
0.000574
2 5 6 3 9 10 
0.014054
2 5 6 3 10 0 
0.014054
3 9 10 
0.000875
3 10 0 
0.000875
4 6 3 9 10 
0.000241
4 6 3 10 0 
0.000241
4 7 9 10 0 
0.000120
5 6 3 9 10 
0.001061
5 6 3 10 0 
0.001061
6 3 9 10 
0.000662
6 3 10 0 
0.000662
7 9 10 
0.007950
8 2 5 6 3 9 10 0 
0.000720
8 2 5 6 3 10 0 0 
0.000720
8 11 1 4 6 3 9 10 
0.001583
8 11 1 4 6 3 10 0 
0.001583
8 11 1 4 7 9 10 0 
0.000792
8 11 1 5 6 3 9 10 
0.001461
8 11 1 5 6 3 10 0 
0.001461
9 10 
0.001458
11 1 4 6 3 9 10 
0.000785
11 1 4 6 3 10 0 
0.000785
11 1 4 7 9 10 0 
0.000392
11 1 5 6 3 9 10 
0.000725
11 1 5 6 3 10 0 
0.000725
1 11 
0.037892
2 5 1 11 
0.014180
2 8 11 0 
0.014180
3 6 4 1 11 
0.006607
3 6 5 1 11 
0.006607
4 1 11 
0.005046
5 1 11 
0.016565
6 4 1 11 
0.002853
6 5 1 11 
0.002853
7 4 1 11 
0.022223
8 11 
0.046506
9 3 6 4 1 11 
0.000484
9 3 6 5 1 11 
0.000484
9 7 4 1 11 0 
0.000242
10 3 6 4 1 11 0 
0.002339
10 3 6 5 1 11 0 
0.002339
10 9 3 6 4 1 11 
0.002748
10 9 3 6 5 1 11 
0.002748
10 9 7 4 1 11 0 
0.001374
