2 1 0.202515 0.004398 * 2  5  1  0 
2 1 0.302820 0.004398 * 2   8  11   1 
3 1 0.302763 0.000366 * 3  6  4  1 
3 1 0.301466 0.000366 * 3  6  5  1 
4 1 0.101111 0.000652 * 4  1 
5 1 0.100368 0.006234 * 5  1 
6 1 0.202193 0.000416 * 6  4  1 
6 1 0.200896 0.000416 * 6  5  1 
7 1 0.202187 0.006572 * 7  4  1 
8 1 0.201906 0.005952 * 8  11   1 
9 1 0.402845 0.000209 * 9  3  6  4  1 
9 1 0.401549 0.000209 * 9  3  6  5  1 
9 1 0.302388 0.000105 * 9  7  4  1  0 
10 1 0.403041 0.000539 * 10   3   6   4   1   0 
10 1 0.401744 0.000539 * 10   3   6   5   1   0 
10 1 0.502995 0.000704 * 10   9   3   6   4   1 
10 1 0.501699 0.000704 * 10   9   3   6   5   1 
10 1 0.402538 0.000352 * 10   9   7   4   1   0 
11 1 0.101032 0.031083 * 11   1 
1 2 0.201253 0.004318 * 1  5  2  0 
1 2 0.302784 0.004318 * 1  11   8   2 
3 2 0.301940 0.002999 * 3  6  5  2 
4 2 0.302364 0.001039 * 4  1  5  2  0 
4 2 0.403894 0.001039 * 4   1  11   8   2 
4 2 0.301620 0.000520 * 4  6  5  2  0 
5 2 0.100842 0.007775 * 5  2 
6 2 0.201370 0.002901 * 6  5  2 
7 2 0.403440 0.002269 * 7  4  1  5  2  0 
7 2 0.504970 0.002269 * 7   4   1  11   8   2 
7 2 0.402696 0.001162 * 7  4  6  5  2  0 
7 2 0.502217 0.000756 * 7  9  3  6  5  2 
8 2 0.100319 0.002078 * 8  2 
9 2 0.402022 0.000459 * 9  3  6  5  2 
10 2 0.402218 0.001323 * 10   3   6   5   2   0 
10 2 0.502172 0.001323 * 10   9   3   6   5   2 
11 2 0.201084 0.004410 * 11   8   2 
1 3 0.301848 0.000890 * 1  4  6  3  0 
1 3 0.402130 0.000890 * 1  4  7  9  3 
1 3 0.303111 0.000704 * 1  5  6  3  0 
2 3 0.304847 0.016711 * 2  5  6  3 
4 3 0.201177 0.000931 * 4  6  3  0 
4 3 0.301459 0.000931 * 4  7  9  3 
5 3 0.202700 0.002924 * 5  6  3 
6 3 0.100926 0.005123 * 6  3 
7 3 0.200277 0.001619 * 7  9  3 
8 3 0.405166 0.000386 * 8  2  5  6  3  0  0 
8 3 0.503754 0.001157 * 8  11   1   4   6   3   0 
8 3 0.604036 0.001157 * 8  11   1   4   7   9   3 
8 3 0.505018 0.001157 * 8  11   1   5   6   3   0 
9 3 0.100082 0.003523 * 9  3 
10 3 0.200233 0.002049 * 10   9   3 
10 3 0.100278 0.002049 * 10   3   0 
11 3 0.402880 0.001857 * 11   1   4   6   3   0 
11 3 0.503162 0.001857 * 11   1   4   7   9   3 
11 3 0.404144 0.001468 * 11   1   5   6   3   0 
1 4 0.100671 0.001530 * 1  4 
2 4 0.303187 0.004119 * 2  5  1  4  0 
2 4 0.305002 0.004119 * 2  5  6  4  0 
2 4 0.403492 0.002939 * 2   8  11   1   4 
3 4 0.201652 0.000332 * 3  6  4  0 
3 4 0.301334 0.000332 * 3  9  7  4 
5 4 0.201040 0.001495 * 5  1  4 
5 4 0.202855 0.001495 * 5  6  4 
6 4 0.101082 0.001538 * 6  4 
7 4 0.101076 0.037225 * 7  4 
8 4 0.302577 0.001668 * 8  11   1   4 
9 4 0.201277 0.000538 * 9  7  4 
10 4 0.301930 0.000311 * 10   3   6   4   0 
10 4 0.401612 0.000311 * 10   3   9   7   4 
10 4 0.301427 0.000156 * 10   9   7   4   0 
11 4 0.201703 0.001436 * 11   1   4 
1 5 0.100411 0.004395 * 1  5 
2 5 0.102147 0.049893 * 2  5 
3 5 0.201098 0.004928 * 3  6  5 
4 5 0.201522 0.001296 * 4  1  5 
4 5 0.200778 0.001296 * 4  6  5 
6 5 0.100528 0.003009 * 6  5 
7 5 0.302598 0.002988 * 7  4  1  5  0 
7 5 0.301854 0.002988 * 7  4  6  5  0 
7 5 0.401375 0.002010 * 7  9  3  6  5 
8 5 0.202466 0.004989 * 8  2  5  0 
8 5 0.302318 0.004989 * 8  11   1   5 
9 5 0.301180 0.000813 * 9  3  6  5 
10 5 0.301376 0.001577 * 10   3   6   5   0 
10 5 0.401331 0.001577 * 10   9   3   6   5 
11 5 0.201444 0.009873 * 11   1   5 
1 6 0.200921 0.000731 * 1  4  6 
1 6 0.202185 0.000731 * 1  5  6 
2 6 0.203921 0.014985 * 2  5  6 
3 6 0.100570 0.001329 * 3  6 
4 6 0.100250 0.001018 * 4  6 
5 6 0.101774 0.003360 * 5  6 
7 6 0.201326 0.000468 * 7  4  6  0 
7 6 0.300848 0.000468 * 7  9  3  6 
8 6 0.304240 0.000512 * 8  2  5  6  0 
8 6 0.402828 0.001023 * 8  11   1   4   6 
8 6 0.404091 0.001023 * 8  11   1   5   6 
9 6 0.200653 0.000198 * 9  3  6 
10 6 0.200848 0.000993 * 10   3   6   0 
10 6 0.300803 0.000993 * 10   9   3   6 
11 6 0.301954 0.002927 * 11   1   4   6 
11 6 0.303217 0.002927 * 11   1   5   6 
1 7 0.201853 0.005250 * 1  4  7 
2 7 0.404368 0.012748 * 2  5  1  4  7  0 
2 7 0.505105 0.013511 * 2  5  6  3  9  7 
2 7 0.406184 0.013511 * 2  5  6  4  7  0 
2 7 0.504673 0.009418 * 2   8  11   1   4   7 
3 7 0.200258 0.001028 * 3  9  7 
4 7 0.101182 0.003021 * 4  7 
5 7 0.302221 0.004180 * 5  1  4  7  0 
5 7 0.402958 0.004430 * 5  6  3  9  7 
5 7 0.304037 0.004430 * 5  6  4  7  0 
6 7 0.301184 0.000997 * 6  3  9  7 
6 7 0.202263 0.000997 * 6  4  7  0 
8 7 0.403759 0.017964 * 8  11   1   4   7 
9 7 0.100201 0.001525 * 9  7 
10 7 0.300536 0.004348 * 10   3   9   7 
10 7 0.200351 0.004348 * 10   9   7   0 
11 7 0.302885 0.017156 * 11   1   4   7 
1 8 0.302167 0.008211 * 1  5  2  8 
1 8 0.202464 0.008211 * 1  11   8   0 
2 8 0.100914 0.022229 * 2  8 
3 8 0.402854 0.005850 * 3  6  5  2  8 
4 8 0.403278 0.004854 * 4  1  5  2  8 
4 8 0.303575 0.004854 * 4   1  11   8   0 
4 8 0.402534 0.002921 * 4  6  5  2  8 
5 8 0.201756 0.028048 * 5  2  8 
6 8 0.302284 0.005638 * 6  5  2  8 
7 8 0.504354 0.006858 * 7  4  1  5  2  8 
7 8 0.404651 0.006858 * 7   4   1  11   8   0 
7 8 0.503610 0.004128 * 7  4  6  5  2  8 
9 8 0.502936 0.000275 * 9  3  6  5  2  8  0 
9 8 0.604555 0.000825 * 9  7  4  1  5  2  8 
9 8 0.504852 0.000825 * 9   7   4   1  11   8   0 
9 8 0.603811 0.000825 * 9  7  4  6  5  2  8 
10 8 0.503132 0.000543 * 10   3   6   5   2   8   0   0 
10 8 0.603087 0.000781 * 10   9   3   6   5   2   8   0 
10 8 0.704705 0.002170 * 10   9   7   4   1   5   2   8 
10 8 0.605002 0.002170 * 10   9   7   4   1  11   8   0 
10 8 0.703961 0.002170 * 10   9   7   4   6   5   2   8 
11 8 0.100765 0.023382 * 11   8 
1 9 0.401905 0.000104 * 1  4  6  3  9 
1 9 0.302048 0.000104 * 1  4  7  9  0 
2 9 0.604420 0.000879 * 2  5  1  4  6  3  9 
2 9 0.504563 0.000879 * 2  5  1  4  7  9  0 
2 9 0.404904 0.000585 * 2  5  6  3  9  0  0 
3 9 0.100057 0.001174 * 3  9 
4 9 0.301234 0.000099 * 4  6  3  9 
4 9 0.201377 0.000099 * 4  7  9  0 
5 9 0.502273 0.000333 * 5  1  4  6  3  9 
5 9 0.402416 0.000333 * 5  1  4  7  9  0 
5 9 0.302757 0.000222 * 5  6  3  9  0  0 
6 9 0.200984 0.000161 * 6  3  9 
7 9 0.100195 0.002112 * 7  9 
8 9 0.704740 0.000158 * 8  2  5  1  4  6  3  9 
8 9 0.604882 0.000158 * 8  2  5  1  4  7  9  0 
8 9 0.505223 0.000158 * 8  2  5  6  3  9  0  0 
8 9 0.603811 0.000105 * 8  11   1   4   6   3   9   0 
8 9 0.503954 0.000105 * 8  11   1   4   7   9   0   0 
10 9 0.200335 0.000363 * 10   3   9 
10 9 0.100150 0.000363 * 10   9   0 
11 9 0.502937 0.000269 * 11   1   4   6   3   9 
11 9 0.403080 0.000269 * 11   1   4   7   9   0 
1 10 0.502058 0.001488 * 1   4   6   3   9  10 
1 10 0.402362 0.001488 * 1   4   6   3  10   0 
1 10 0.402200 0.000744 * 1   4   7   9  10   0 
1 10 0.503321 0.001392 * 1   5   6   3   9  10 
1 10 0.403626 0.001392 * 1   5   6   3  10   0 
2 10 0.505057 0.015900 * 2   5   6   3   9  10 
2 10 0.405361 0.015900 * 2   5   6   3  10   0 
3 10 0.200210 0.000511 * 3   9  10 
3 10 0.100514 0.000511 * 3  10   0 
4 10 0.401386 0.000294 * 4   6   3   9  10 
4 10 0.301691 0.000294 * 4   6   3  10   0 
4 10 0.301529 0.000147 * 4   7   9  10   0 
5 10 0.402910 0.001982 * 5   6   3   9  10 
5 10 0.303214 0.001982 * 5   6   3  10   0 
6 10 0.301136 0.000532 * 6   3   9  10 
6 10 0.201441 0.000532 * 6   3  10   0 
7 10 0.200348 0.006619 * 7   9  10 
8 10 0.605376 0.000647 * 8   2   5   6   3   9  10   0 
8 10 0.505681 0.000647 * 8   2   5   6   3  10   0   0 
8 10 0.703964 0.001617 * 8  11   1   4   6   3   9  10 
8 10 0.604268 0.001617 * 8  11   1   4   6   3  10   0 
8 10 0.604107 0.000977 * 8  11   1   4   7   9  10   0 
8 10 0.705227 0.001617 * 8  11   1   5   6   3   9  10 
8 10 0.605532 0.001617 * 8  11   1   5   6   3  10   0 
9 10 0.100153 0.000977 * 9  10 
11 10 0.603090 0.001120 * 11   1   4   6   3   9  10 
11 10 0.503394 0.001120 * 11   1   4   6   3  10   0 
11 10 0.503233 0.000560 * 11   1   4   7   9  10   0 
11 10 0.604353 0.001047 * 11   1   5   6   3   9  10 
11 10 0.504658 0.001047 * 11   1   5   6   3  10   0 
1 11 0.101700 0.042942 * 1  11 
2 11 0.201788 0.019323 * 2   8  11 
3 11 0.404463 0.002699 * 3   6   4   1  11   0 
3 11 0.403166 0.005397 * 3   6   5   1  11   0 
3 11 0.503728 0.005397 * 3   6   5   2   8  11 
4 11 0.202811 0.006722 * 4   1  11 
5 11 0.202068 0.009448 * 5   1  11   0 
5 11 0.302630 0.009448 * 5   2   8  11 
6 11 0.303892 0.001098 * 6   4   1  11   0 
6 11 0.302596 0.002195 * 6   5   1  11   0 
6 11 0.403158 0.002195 * 6   5   2   8  11 
7 11 0.303887 0.020625 * 7   4   1  11 
8 11 0.100874 0.041151 * 8  11 
9 11 0.504545 0.000308 * 9   3   6   4   1  11   0 
9 11 0.503248 0.000308 * 9   3   6   5   1  11   0 
9 11 0.603810 0.000308 * 9   3   6   5   2   8  11 
9 11 0.404088 0.000103 * 9   7   4   1  11   0   0 
10 11 0.504741 0.001424 * 10   3   6   4   1  11   0   0 
10 11 0.503444 0.001424 * 10   3   6   5   1  11   0   0 
10 11 0.604006 0.001424 * 10   3   6   5   2   8  11   0 
10 11 0.604695 0.001683 * 10   9   3   6   4   1  11   0 
10 11 0.603399 0.001683 * 10   9   3   6   5   1  11   0 
10 11 0.703961 0.001683 * 10   9   3   6   5   2   8  11 
10 11 0.504238 0.000561 * 10   9   7   4   1  11   0   0 
