2 1 2 0.005090 * 2  5  1 
3 1 3 0.000627 * 3  6  4  1 
3 1 3 0.000627 * 3  6  5  1 
4 1 1 0.000699 * 4  1 
5 1 1 0.005734 * 5  1 
6 1 2 0.000477 * 6  4  1 
6 1 2 0.000477 * 6  5  1 
7 1 2 0.007204 * 7  4  1 
8 1 2 0.006156 * 8  11   1 
9 1 3 0.002639 * 9  7  4  1 
10 1 4 0.000927 * 10   3   6   4   1 
10 1 4 0.000927 * 10   3   6   5   1 
10 1 4 0.000927 * 10   9   7   4   1 
11 1 1 0.049984 * 11   1 
1 2 2 0.004448 * 1  5  2 
3 2 3 0.004497 * 3  6  5  2 
4 2 3 0.003521 * 4  1  5  2 
4 2 3 0.003521 * 4  6  5  2 
5 2 1 0.005961 * 5  2 
6 2 2 0.002313 * 6  5  2 
7 2 4 0.012930 * 7  4  1  5  2 
7 2 4 0.012930 * 7  4  6  5  2 
8 2 1 0.001226 * 8  2 
9 2 4 0.000441 * 9  3  6  5  2 
10 2 4 0.002853 * 10   3   6   5   2 
11 2 2 0.002683 * 11   8   2 
1 3 3 0.000968 * 1  4  6  3 
1 3 3 0.000968 * 1  5  6  3 
2 3 3 0.015325 * 2  5  6  3 
4 3 2 0.001871 * 4  6  3 
5 3 2 0.001529 * 5  6  3 
6 3 1 0.002348 * 6  3 
7 3 2 0.001231 * 7  9  3 
8 3 4 0.005319 * 8  2  5  6  3 
9 3 1 0.003502 * 9  3 
10 3 1 0.003649 * 10   3 
11 3 4 0.001470 * 11   1   4   6   3 
11 3 4 0.001470 * 11   1   5   6   3 
1 4 1 0.002523 * 1  4 
2 4 3 0.005277 * 2  5  1  4 
2 4 3 0.005277 * 2  5  6  4 
3 4 2 0.000448 * 3  6  4 
5 4 2 0.001826 * 5  1  4 
5 4 2 0.001826 * 5  6  4 
6 4 1 0.000384 * 6  4 
7 4 1 0.039659 * 7  4 
8 4 3 0.001898 * 8  11   1   4 
9 4 2 0.000422 * 9  7  4 
10 4 3 0.000384 * 10   3   6   4 
10 4 3 0.000384 * 10   9   7   4 
11 4 2 0.001115 * 11   1   4 
1 5 1 0.003935 * 1  5 
2 5 1 0.039313 * 2  5 
3 5 2 0.001929 * 3  6  5 
4 5 2 0.000868 * 4  1  5 
4 5 2 0.000868 * 4  6  5 
6 5 1 0.003915 * 6  5 
7 5 3 0.002706 * 7  4  1  5 
7 5 3 0.002706 * 7  4  6  5 
8 5 2 0.007024 * 8  2  5 
9 5 3 0.002566 * 9  3  6  5 
10 5 3 0.002863 * 10   3   6   5 
11 5 2 0.007642 * 11   1   5 
1 6 2 0.001375 * 1  4  6 
1 6 2 0.001375 * 1  5  6 
2 6 2 0.012479 * 2  5  6 
3 6 1 0.001208 * 3  6 
4 6 1 0.001093 * 4  6 
5 6 1 0.003123 * 5  6 
7 6 2 0.001648 * 7  4  6 
8 6 3 0.002788 * 8  2  5  6 
9 6 2 0.000216 * 9  3  6 
10 6 2 0.001716 * 10   3   6 
11 6 3 0.002651 * 11   1   4   6 
11 6 3 0.002651 * 11   1   5   6 
1 7 2 0.006153 * 1  4  7 
2 7 4 0.024372 * 2  5  1  4  7 
2 7 4 0.024372 * 2  5  6  4  7 
3 7 2 0.001296 * 3  9  7 
4 7 1 0.003198 * 4  7 
5 7 3 0.005351 * 5  1  4  7 
5 7 3 0.005351 * 5  6  4  7 
6 7 2 0.002476 * 6  4  7 
8 7 4 0.017895 * 8  11   1   4   7 
9 7 1 0.001539 * 9  7 
10 7 2 0.009392 * 10   9   7 
11 7 3 0.019563 * 11   1   4   7 
1 8 2 0.012853 * 1  11   8 
2 8 1 0.019946 * 2  8 
3 8 4 0.005208 * 3  6  5  2  8 
4 8 3 0.012662 * 4   1  11   8 
5 8 2 0.017673 * 5  2  8 
6 8 3 0.006518 * 6  5  2  8 
7 8 4 0.017247 * 7   4   1  11   8 
9 8 5 0.000866 * 9  3  6  5  2  8 
9 8 5 0.000866 * 9   7   4   1  11   8 
10 8 5 0.007992 * 10   3   6   5   2   8 
11 8 1 0.020275 * 11   8 
1 9 3 0.000318 * 1  4  7  9 
2 9 4 0.003280 * 2  5  6  3  9 
3 9 1 0.002435 * 3  9 
4 9 2 0.000224 * 4  7  9 
5 9 3 0.001021 * 5  6  3  9 
6 9 2 0.000091 * 6  3  9 
7 9 1 0.002278 * 7  9 
8 9 5 0.000443 * 8  2  5  6  3  9 
8 9 5 0.000443 * 8  11   1   4   7   9 
10 9 1 0.000735 * 10   9 
11 9 4 0.000456 * 11   1   4   7   9 
1 10 4 0.001523 * 1   4   6   3  10 
1 10 4 0.001523 * 1   4   7   9  10 
1 10 4 0.002700 * 1   5   6   3  10 
2 10 4 0.029357 * 2   5   6   3  10 
3 10 1 0.001230 * 3  10 
4 10 3 0.000269 * 4   6   3  10 
4 10 3 0.000269 * 4   7   9  10 
5 10 3 0.005166 * 5   6   3  10 
6 10 2 0.000793 * 6   3  10 
7 10 2 0.006751 * 7   9  10 
8 10 5 0.007705 * 8   2   5   6   3  10 
9 10 1 0.000947 * 9  10 
11 10 5 0.000855 * 11   1   4   6   3  10 
11 10 5 0.000855 * 11   1   4   7   9  10 
11 10 5 0.000964 * 11   1   5   6   3  10 
1 11 1 0.034666 * 1  11 
2 11 2 0.027564 * 2   8  11 
3 11 4 0.006422 * 3   6   4   1  11 
3 11 4 0.006422 * 3   6   5   1  11 
4 11 2 0.007396 * 4   1  11 
5 11 2 0.017676 * 5   1  11 
6 11 3 0.001591 * 6   4   1  11 
6 11 3 0.001591 * 6   5   1  11 
7 11 3 0.021957 * 7   4   1  11 
8 11 1 0.041161 * 8  11 
9 11 4 0.000768 * 9   7   4   1  11 
10 11 5 0.003166 * 10   3   6   4   1  11 
10 11 5 0.003166 * 10   3   6   5   1  11 
10 11 5 0.003166 * 10   9   7   4   1  11 
