1  5  2  0  0  0  0  0  0  0 
4.441476e-003
1  11   8   2   0   0   0   0   0   0 
3.523905e-016
1  4  6  5  2  0  0  0  0  0 
1.766838e-016
1  4  6  3  0  0  0  0  0  0 
1.139345e-003
1  5  6  3  0  0  0  0  0  0 
1.205234e-003
1  4  7  9  3  0  0  0  0  0 
3.483777e-016
1  4  0  0  0  0  0  0  0  0 
2.526818e-003
1  5  6  4  0  0  0  0  0  0 
1.763752e-016
1  5  0  0  0  0  0  0  0  0 
5.443167e-003
1  4  6  5  0  0  0  0  0  0 
1.769637e-016
1  11   8   2   5   0   0   0   0   0 
1.180600e-016
1  4  6  0  0  0  0  0  0  0 
1.399160e-003
1  5  6  0  0  0  0  0  0  0 
1.520035e-003
1  4  7  0  0  0  0  0  0  0 
5.840969e-003
1  5  6  4  7  0  0  0  0  0 
1.770854e-016
1  11   8   0   0   0   0   0   0   0 
1.339251e-002
1  5  2  8  0  0  0  0  0  0 
3.544685e-016
1  4  6  5  2  8  0  0  0  0 
1.183037e-016
1  4  7  9  0  0  0  0  0  0 
1.568760e-004
1  4  6  3  9  0  0  0  0  0 
2.895571e-016
1  5  6  3  9  0  0  0  0  0 
2.895633e-016
1   4   6   3  10   0   0   0   0   0 
1.391136e-003
1   5   6   3  10   0   0   0   0   0 
1.598698e-003
1   4   7   9  10   0   0   0   0   0 
2.775755e-003
1  11   0   0   0   0   0   0   0   0 
6.307471e-002
1   5   2   8  11   0   0   0   0   0 
1.183768e-016
2  5  1  0  0  0  0  0  0  0 
5.277343e-003
2   8  11   1   0   0   0   0   0   0 
3.526739e-016
2  5  6  4  1  0  0  0  0  0 
1.768001e-016
2  5  6  3  0  0  0  0  0  0 
1.580888e-002
2  5  1  4  6  3  0  0  0  0 
1.774533e-016
2  5  1  4  0  0  0  0  0  0 
6.064193e-003
2  5  6  4  0  0  0  0  0  0 
5.891908e-003
2   8  11   1   4   0   0   0   0   0 
3.531272e-016
2  5  0  0  0  0  0  0  0  0 
3.995183e-002
2   8  11   1   5   0   0   0   0   0 
1.183571e-016
2   8  11   1   4   6   5   0   0   0 
7.102064e-017
2  5  6  0  0  0  0  0  0  0 
1.286026e-002
2  5  1  4  6  0  0  0  0  0 
1.774169e-016
2  5  1  4  7  0  0  0  0  0 
2.716861e-002
2  5  6  4  7  0  0  0  0  0 
2.820638e-002
2   8  11   1   4   7   0   0   0   0 
3.547496e-016
2  8  0  0  0  0  0  0  0  0 
2.334453e-002
2   5   1  11   8   0   0   0   0   0 
1.182762e-016
2  5  6  3  9  0  0  0  0  0 
2.673729e-003
2   5   6   3  10   9   0   0   0   0 
3.494362e-016
2  5  1  4  7  9  0  0  0  0 
3.492598e-016
2   5   6   3  10   0   0   0   0   0 
2.988196e-002
2   5   6   3   9  10   0   0   0   0 
3.577260e-016
2   8  11   0   0   0   0   0   0   0 
1.776917e-002
2   5   1  11   0   0   0   0   0   0 
3.541459e-016
3  6  4  1  0  0  0  0  0  0 
5.898029e-004
3  6  5  1  0  0  0  0  0  0 
6.375711e-004
3  9  7  4  1  0  0  0  0  0 
3.431445e-016
3  6  5  2  0  0  0  0  0  0 
4.042492e-003
3  6  4  1  5  2  0  0  0  0 
1.768166e-016
3  6  4  0  0  0  0  0  0  0 
5.800650e-004
3  9  7  4  0  0  0  0  0  0 
3.410406e-016
3  6  5  0  0  0  0  0  0  0 
2.774682e-003
3  6  4  1  5  0  0  0  0  0 
1.764623e-016
3  6  0  0  0  0  0  0  0  0 
1.503115e-003
3  9  7  4  6  0  0  0  0  0 
1.176330e-016
3  10   9   7   4   6   0   0   0   0 
8.829536e-017
3  9  7  0  0  0  0  0  0  0 
1.353480e-003
3  10   9   7   0   0   0   0   0   0 
3.452171e-016
3  6  4  7  0  0  0  0  0  0 
3.443224e-016
3  6  5  2  8  0  0  0  0  0 
4.104735e-003
3   6   4   1  11   8   0   0   0   0 
3.516508e-016
3   6   5   1  11   8   0   0   0   0 
3.516020e-016
3  9  0  0  0  0  0  0  0  0 
2.472414e-003
3  10   9   0   0   0   0   0   0   0 
3.498907e-016
3  6  4  7  9  0  0  0  0  0 
1.175543e-016
3  10   0   0   0   0   0   0   0   0 
9.538640e-004
3   9  10   0   0   0   0   0   0   0 
3.457761e-016
3   6   4   1  11   0   0   0   0   0 
3.077862e-003
3   6   5   1  11   0   0   0   0   0 
3.282465e-003
3   9   7   4   1  11   0   0   0   0 
3.534788e-016
4  1  0  0  0  0  0  0  0  0 
9.245700e-004
4  6  5  1  0  0  0  0  0  0 
1.746697e-016
4  1  5  2  0  0  0  0  0  0 
7.332525e-003
4  6  5  2  0  0  0  0  0  0 
8.271738e-003
4   1  11   8   2   0   0   0   0   0 
3.535990e-016
4  6  3  0  0  0  0  0  0  0 
2.201962e-003
4  7  9  3  0  0  0  0  0  0 
3.501725e-016
4  1  5  6  3  0  0  0  0  0 
1.754698e-016
4  1  5  0  0  0  0  0  0  0 
1.160308e-003
4  6  5  0  0  0  0  0  0  0 
1.045972e-003
4  6  0  0  0  0  0  0  0  0 
2.233281e-003
4  1  5  6  0  0  0  0  0  0 
1.759011e-016
4  7  9  3  6  0  0  0  0  0 
1.178789e-016
4  7  0  0  0  0  0  0  0  0 
6.030513e-003
4  6  3  9  7  0  0  0  0  0 
1.184802e-016
4   6   3  10   9   7   0   0   0   0 
8.877939e-017
4   1  11   8   0   0   0   0   0   0 
1.233540e-002
4  1  5  2  8  0  0  0  0  0 
3.542569e-016
4  6  5  2  8  0  0  0  0  0 
3.545103e-016
4  7  9  0  0  0  0  0  0  0 
2.584200e-004
4  6  3  9  0  0  0  0  0  0 
3.304684e-016
4   6   3  10   9   0   0   0   0   0 
1.674413e-016
4   7   9  10   0   0   0   0   0   0 
4.962292e-004
4   6   3  10   0   0   0   0   0   0 
3.930278e-004
4   6   3   9  10   0   0   0   0   0 
3.398080e-016
4   1  11   0   0   0   0   0   0   0 
9.806719e-003
4   6   5   1  11   0   0   0   0   0 
1.773592e-016
5  1  0  0  0  0  0  0  0  0 
5.092284e-003
5  6  4  1  0  0  0  0  0  0 
1.768719e-016
5   2   8  11   1   0   0   0   0   0 
1.180472e-016
5  2  0  0  0  0  0  0  0  0 
7.114594e-003
5   1  11   8   2   0   0   0   0   0 
1.182262e-016
5  6  3  0  0  0  0  0  0  0 
3.856572e-003
5  1  4  6  3  0  0  0  0  0 
1.768317e-016
5  1  4  0  0  0  0  0  0  0 
1.884416e-003
5  6  4  0  0  0  0  0  0  0 
1.759265e-003
5  6  0  0  0  0  0  0  0  0 
4.019301e-003
5  1  4  6  0  0  0  0  0  0 
1.768653e-016
5  1  4  7  0  0  0  0  0  0 
4.683720e-003
5  6  4  7  0  0  0  0  0  0 
4.526205e-003
5  6  3  9  7  0  0  0  0  0 
3.549181e-016
5  2  8  0  0  0  0  0  0  0 
1.839827e-002
5   1  11   8   0   0   0   0   0   0 
3.543983e-016
5  6  3  9  0  0  0  0  0  0 
1.017657e-003
5  1  4  7  9  0  0  0  0  0 
3.429419e-016
5  6  4  7  9  0  0  0  0  0 
3.430731e-016
5   6   3  10   0   0   0   0   0   0 
1.197280e-003
5   6   3   9  10   0   0   0   0   0 
3.475660e-016
5   1  11   0   0   0   0   0   0   0 
1.946044e-002
5   2   8  11   0   0   0   0   0   0 
3.546279e-016
6  4  1  0  0  0  0  0  0  0 
4.504507e-004
6  5  1  0  0  0  0  0  0  0 
4.892753e-004
6  5  2  0  0  0  0  0  0  0 
2.958937e-003
6  4  1  5  2  0  0  0  0  0 
1.765305e-016
6  3  0  0  0  0  0  0  0  0 
9.657580e-004
6  4  7  9  3  0  0  0  0  0 
1.170347e-016
6   4   7   9  10   3   0   0   0   0 
8.796359e-017
6  4  0  0  0  0  0  0  0  0 
7.552490e-004
6  5  1  4  0  0  0  0  0  0 
1.729983e-016
6  3  9  7  4  0  0  0  0  0 
1.161963e-016
6  5  0  0  0  0  0  0  0  0 
5.007612e-003
6  4  1  5  0  0  0  0  0  0 
1.769764e-016
6  4  7  0  0  0  0  0  0  0 
2.727513e-003
6  3  9  7  0  0  0  0  0  0 
3.525612e-016
6  5  2  8  0  0  0  0  0  0 
6.702675e-003
6   4   1  11   8   0   0   0   0   0 
3.529614e-016
6   5   1  11   8   0   0   0   0   0 
3.529251e-016
6  3  9  0  0  0  0  0  0  0 
1.498900e-004
6   3  10   9   0   0   0   0   0   0 
2.777670e-016
6  4  7  9  0  0  0  0  0  0 
2.777997e-016
6   3  10   0   0   0   0   0   0   0 
1.182958e-003
6   3   9  10   0   0   0   0   0   0 
3.454130e-016
6   4   7   9  10   0   0   0   0   0 
1.743328e-016
6   4   1  11   0   0   0   0   0   0 
1.487342e-003
6   5   1  11   0   0   0   0   0   0 
1.802306e-003
6   5   2   8  11   0   0   0   0   0 
3.484663e-016
7  4  1  0  0  0  0  0  0  0 
6.390225e-003
7  4  6  5  1  0  0  0  0  0 
1.771847e-016
7  4  6  5  2  0  0  0  0  0 
3.606801e-003
7  4  1  5  2  0  0  0  0  0 
3.581843e-003
7  9  3  6  5  2  0  0  0  0 
3.540413e-016
7  9  3  0  0  0  0  0  0  0 
1.300421e-003
7  4  6  3  0  0  0  0  0  0 
3.437824e-016
7   9  10   3   0   0   0   0   0   0 
3.447180e-016
7  4  0  0  0  0  0  0  0  0 
5.335912e-003
7  9  3  6  4  0  0  0  0  0 
1.184230e-016
7   9  10   3   6   4   0   0   0   0 
8.882250e-017
7  4  6  5  0  0  0  0  0  0 
2.914437e-003
7  4  1  5  0  0  0  0  0  0 
2.964661e-003
7  9  3  6  5  0  0  0  0  0 
3.533079e-016
7  4  6  0  0  0  0  0  0  0 
1.831230e-003
7  9  3  6  0  0  0  0  0  0 
3.503628e-016
7   4   1  11   8   0   0   0   0   0 
1.953016e-002
7  4  6  5  2  8  0  0  0  0 
3.550099e-016
7  4  1  5  2  8  0  0  0  0 
3.547596e-016
7  9  0  0  0  0  0  0  0  0 
2.734458e-003
7  4  6  3  9  0  0  0  0  0 
1.179647e-016
7   4   6   3  10   9   0   0   0   0 
8.848324e-017
7   9  10   0   0   0   0   0   0   0 
7.750414e-003
7   9   3  10   0   0   0   0   0   0 
3.538867e-016
7   4   6   3  10   0   0   0   0   0 
1.766791e-016
7   4   1  11   0   0   0   0   0   0 
2.303995e-002
8  11   1   0   0   0   0   0   0   0 
6.494378e-003
8  2  5  1  0  0  0  0  0  0 
3.535072e-016
8  2  0  0  0  0  0  0  0  0 
1.266332e-003
8  11   1   5   2   0   0   0   0   0 
1.175534e-016
8  11   1   4   6   5   2   0   0   0 
7.063260e-017
8  2  5  6  3  0  0  0  0  0 
2.826149e-003
8  11   1   5   6   3   0   0   0   0 
3.498684e-016
8  11   1   4   6   3   0   0   0   0 
3.500509e-016
8  11   1   4   0   0   0   0   0   0 
1.916438e-003
8  2  5  1  4  0  0  0  0  0 
3.480183e-016
8  2  5  6  4  0  0  0  0  0 
3.481070e-016
8  2  5  0  0  0  0  0  0  0 
8.817404e-003
8  11   1   5   0   0   0   0   0   0 
3.534892e-016
8  2  5  6  0  0  0  0  0  0 
3.473019e-003
8  11   1   5   6   0   0   0   0   0 
3.508030e-016
8  11   1   4   6   0   0   0   0   0 
3.509964e-016
8  11   1   4   7   0   0   0   0   0 
1.733859e-002
8  2  5  1  4  7  0  0  0  0 
3.547352e-016
8  2  5  6  4  7  0  0  0  0 
3.547830e-016
8  11   1   4   7   9   0   0   0   0 
4.486027e-004
8  2  5  6  3  9  0  0  0  0 
5.391333e-004
8  11   1   5   6   3   9   0   0   0 
3.404136e-016
8   2   5   6   3  10   0   0   0   0 
7.474088e-003
8   2   5   6   3   9  10   0   0   0 
3.562810e-016
8  11   1   4   7   9  10   0   0   0 
3.548191e-016
8  11   0   0   0   0   0   0   0   0 
4.167989e-002
8   2   5   1  11   0   0   0   0   0 
1.183462e-016
9  7  4  1  0  0  0  0  0  0 
1.044034e-003
9  3  6  4  1  0  0  0  0  0 
3.438573e-016
9  3  6  5  1  0  0  0  0  0 
3.438179e-016
9  3  6  5  2  0  0  0  0  0 
1.008013e-003
9  10   3   6   5   2   0   0   0   0 
3.429940e-016
9  7  4  6  5  2  0  0  0  0 
3.428557e-016
9  3  0  0  0  0  0  0  0  0 
4.241536e-003
9  10   3   0   0   0   0   0   0   0 
3.523108e-016
9  7  4  6  3  0  0  0  0  0 
1.178862e-016
9  7  4  0  0  0  0  0  0  0 
3.888030e-004
9  3  6  4  0  0  0  0  0  0 
3.343434e-016
9  10   3   6   4   0   0   0   0   0 
1.703655e-016
9  3  6  5  0  0  0  0  0  0 
2.549746e-003
9  10   3   6   5   0   0   0   0   0 
3.495981e-016
9  7  4  6  5  0  0  0  0  0 
3.491419e-016
9  3  6  0  0  0  0  0  0  0 
1.681740e-004
9  10   3   6   0   0   0   0   0   0 
2.569673e-016
9  7  4  6  0  0  0  0  0  0 
2.574822e-016
9  7  0  0  0  0  0  0  0  0 
2.140832e-003
9  3  6  4  7  0  0  0  0  0 
1.177922e-016
9  10   3   6   4   7   0   0   0   0 
8.842776e-017
9   7   4   1  11   8   0   0   0   0 
8.777663e-004
9  3  6  5  2  8  0  0  0  0 
1.546360e-003
9  10   3   6   5   2   8   0   0   0 
3.475158e-016
9  10   0   0   0   0   0   0   0   0 
6.940470e-004
9   3  10   0   0   0   0   0   0   0 
3.425161e-016
9   7   4   1  11   0   0   0   0   0 
1.902011e-003
9   3   6   4   1  11   0   0   0   0 
3.482545e-016
9   3   6   5   1  11   0   0   0   0 
3.482348e-016
10   3   6   4   1   0   0   0   0   0 
7.171504e-004
10   9   7   4   1   0   0   0   0   0 
8.884050e-004
10   3   6   5   1   0   0   0   0   0 
7.844916e-004
10   3   6   5   2   0   0   0   0   0 
2.784089e-003
10   9   3   6   5   2   0   0   0   0 
3.521843e-016
10   3   0   0   0   0   0   0   0   0 
2.793126e-003
10   9   3   0   0   0   0   0   0   0 
3.521993e-016
10   3   6   4   0   0   0   0   0   0 
4.359546e-004
10   9   7   4   0   0   0   0   0   0 
5.235264e-004
10   3   9   7   4   0   0   0   0   0 
3.406183e-016
10   3   6   5   0   0   0   0   0   0 
2.395173e-003
10   9   3   6   5   0   0   0   0   0 
3.514552e-016
10   3   6   0   0   0   0   0   0   0 
1.719808e-003
10   9   3   6   0   0   0   0   0   0 
3.496285e-016
10   9   7   0   0   0   0   0   0   0 
9.868014e-003
10   3   9   7   0   0   0   0   0   0 
3.553591e-016
10   3   6   5   2   8   0   0   0   0 
8.473843e-003
10   9   3   6   5   2   8   0   0   0 
3.553743e-016
10   3   6   5   1  11   8   0   0   0 
3.533450e-016
10   9   0   0   0   0   0   0   0   0 
8.265100e-004
10   3   9   0   0   0   0   0   0   0 
3.443630e-016
10   3   6   4   1  11   0   0   0   0 
3.331065e-003
10   3   6   5   1  11   0   0   0   0 
3.550985e-003
10   9   7   4   1  11   0   0   0   0 
5.554790e-003
11   1   0   0   0   0   0   0   0   0 
3.373347e-002
11   8   2   5   1   0   0   0   0   0 
1.183646e-016
11   8   2   0   0   0   0   0   0   0 
3.873600e-003
11   1   5   2   0   0   0   0   0   0 
3.515946e-016
11   1   4   6   3   0   0   0   0   0 
1.234969e-003
11   1   5   6   3   0   0   0   0   0 
1.370421e-003
11   8   2   5   6   3   0   0   0   0 
3.473709e-016
11   1   4   0   0   0   0   0   0   0 
1.230090e-003
11   1   5   6   4   0   0   0   0   0 
1.752112e-016
11   1   5   0   0   0   0   0   0   0 
9.449989e-003
11   8   2   5   0   0   0   0   0   0 
3.538593e-016
11   1   4   6   5   0   0   0   0   0 
1.772107e-016
11   1   4   6   0   0   0   0   0   0 
2.289470e-003
11   1   5   6   0   0   0   0   0   0 
2.445995e-003
11   8   2   5   6   0   0   0   0   0 
3.503923e-016
11   1   4   7   0   0   0   0   0   0 
1.935075e-002
11   8   0   0   0   0   0   0   0   0 
1.815822e-002
11   1   5   2   8   0   0   0   0   0 
1.182987e-016
11   1   4   7   9   0   0   0   0   0 
3.714050e-004
11   1   4   6   3   9   0   0   0   0 
3.233223e-016
11   1   5   6   3   9   0   0   0   0 
3.223466e-016
11   1   4   7   9  10   0   0   0   0 
1.021105e-003
11   1   5   6   3  10   0   0   0   0 
7.433517e-004
11   1   4   6   3  10   0   0   0   0 
5.947021e-004
