2 1 0.202162 0.006421 * 2  5  1 
3 1 0.302840 0.000828 * 3  6  4  1 
3 1 0.302125 0.000828 * 3  6  5  1 
4 1 0.101262 0.003724 * 4  1 
5 1 0.100544 0.008828 * 5  1 
6 1 0.202142 0.001270 * 6  4  1 
6 1 0.201427 0.001270 * 6  5  1 
7 1 0.202333 0.006438 * 7  4  1 
8 1 0.302531 0.002822 * 8  2  5  1 
8 1 0.202293 0.002822 * 8  11   1   0 
9 1 0.403029 0.000673 * 9  3  6  4  1 
9 1 0.402315 0.000673 * 9  3  6  5  1 
9 1 0.302661 0.000337 * 9  7  4  1  0 
10 1 0.403162 0.000731 * 10   3   6   4   1   0 
10 1 0.402448 0.000731 * 10   3   6   5   1   0 
10 1 0.503261 0.001096 * 10   9   3   6   4   1 
10 1 0.502547 0.001096 * 10   9   3   6   5   1 
10 1 0.402893 0.000606 * 10   9   7   4   1   0 
11 1 0.101097 0.026067 * 11   1 
1 2 0.201414 0.004209 * 1  5  2  0 
1 2 0.303130 0.004209 * 1  11   8   2 
3 2 0.302518 0.006217 * 3  6  5  2 
4 2 0.302676 0.001020 * 4  1  5  2  0 
4 2 0.404392 0.001020 * 4   1  11   8   2 
4 2 0.302175 0.000510 * 4  6  5  2  0 
5 2 0.100936 0.009776 * 5  2 
6 2 0.201820 0.003220 * 6  5  2 
7 2 0.403747 0.002585 * 7  4  1  5  2  0 
7 2 0.505463 0.002585 * 7   4   1  11   8   2 
7 2 0.403245 0.001293 * 7  4  6  5  2  0 
7 2 0.502973 0.000884 * 7  9  3  6  5  2 
8 2 0.100369 0.004646 * 8  2 
9 2 0.402707 0.001119 * 9  3  6  5  2 
10 2 0.402840 0.001051 * 10   3   6   5   2   0 
10 2 0.502939 0.001051 * 10   9   3   6   5   2 
11 2 0.201316 0.005823 * 11   8   2 
1 3 0.301823 0.000572 * 1  4  6  3  0 
1 3 0.402388 0.000572 * 1  4  7  9  3 
1 3 0.302606 0.000399 * 1  5  6  3  0 
2 3 0.303747 0.013124 * 2  5  6  3 
4 3 0.201070 0.001383 * 4  6  3  0 
4 3 0.301636 0.001383 * 4  7  9  3 
5 3 0.202129 0.002888 * 5  6  3 
6 3 0.100715 0.004668 * 6  3 
7 3 0.200456 0.007958 * 7  9  3 
8 3 0.404115 0.000323 * 8  2  5  6  3  0  0 
8 3 0.504116 0.000970 * 8  11   1   4   6   3   0 
8 3 0.604682 0.000970 * 8  11   1   4   7   9   3 
8 3 0.504900 0.000970 * 8  11   1   5   6   3   0 
9 3 0.100189 0.004251 * 9  3 
10 3 0.200422 0.002434 * 10   9   3 
10 3 0.100322 0.002434 * 10   3   0 
11 3 0.402920 0.002090 * 11   1   4   6   3   0 
11 3 0.503486 0.002090 * 11   1   4   7   9   3 
11 3 0.403704 0.001460 * 11   1   5   6   3   0 
1 4 0.100752 0.001064 * 1  4 
2 4 0.302914 0.003855 * 2  5  1  4 
2 4 0.303912 0.003855 * 2  5  6  4 
3 4 0.201577 0.000717 * 3  6  4  0 
3 4 0.301515 0.000717 * 3  9  7  4 
5 4 0.201297 0.001779 * 5  1  4 
5 4 0.202294 0.001779 * 5  6  4 
6 4 0.100880 0.001553 * 6  4 
7 4 0.101070 0.009367 * 7  4 
8 4 0.403283 0.000552 * 8  2  5  1  4 
8 4 0.404280 0.000552 * 8  2  5  6  4 
8 4 0.303045 0.000276 * 8  11   1   4   0 
9 4 0.201398 0.001085 * 9  7  4 
10 4 0.301900 0.000660 * 10   3   6   4   0 
10 4 0.401838 0.000660 * 10   3   9   7   4 
10 4 0.301630 0.000330 * 10   9   7   4   0 
11 4 0.201850 0.003274 * 11   1   4 
1 5 0.100478 0.008270 * 1  5 
2 5 0.101618 0.035122 * 2  5 
3 5 0.201581 0.003288 * 3  6  5 
4 5 0.201740 0.001459 * 4  1  5 
4 5 0.201239 0.001459 * 4  6  5 
6 5 0.100883 0.005999 * 6  5 
7 5 0.302810 0.003568 * 7  4  1  5  0 
7 5 0.302309 0.003568 * 7  4  6  5  0 
7 5 0.402037 0.002449 * 7  9  3  6  5 
8 5 0.201987 0.007024 * 8  2  5  0 
8 5 0.302771 0.007024 * 8  11   1   5 
9 5 0.301771 0.003006 * 9  3  6  5 
10 5 0.301903 0.002157 * 10   3   6   5   0 
10 5 0.402003 0.002157 * 10   9   3   6   5 
11 5 0.201575 0.013816 * 11   1   5 
1 6 0.201108 0.001775 * 1  4  6 
1 6 0.201892 0.001775 * 1  5  6 
2 6 0.203032 0.013532 * 2  5  6 
3 6 0.100698 0.004705 * 3  6 
4 6 0.100355 0.001848 * 4  6 
5 6 0.101414 0.004039 * 5  6 
7 6 0.201426 0.001673 * 7  4  6  0 
7 6 0.301154 0.001673 * 7  9  3  6 
8 6 0.303401 0.000552 * 8  2  5  6  0 
8 6 0.403401 0.001105 * 8  11   1   4   6 
8 6 0.404185 0.001105 * 8  11   1   5   6 
9 6 0.200887 0.000693 * 9  3  6 
10 6 0.201020 0.000807 * 10   3   6   0 
10 6 0.301120 0.000807 * 10   9   3   6 
11 6 0.302205 0.002601 * 11   1   4   6 
11 6 0.302989 0.002601 * 11   1   5   6 
1 7 0.201933 0.004918 * 1  4  7 
2 7 0.404095 0.012491 * 2  5  1  4  7  0 
2 7 0.504192 0.013570 * 2  5  6  3  9  7 
2 7 0.405092 0.013570 * 2  5  6  4  7  0 
3 7 0.200445 0.004198 * 3  9  7 
4 7 0.101180 0.003430 * 4  7 
5 7 0.302477 0.004722 * 5  1  4  7  0 
5 7 0.402574 0.005130 * 5  6  3  9  7 
5 7 0.303474 0.005130 * 5  6  4  7  0 
6 7 0.301160 0.002003 * 6  3  9  7 
6 7 0.202060 0.002003 * 6  4  7  0 
8 7 0.504463 0.005989 * 8  2  5  1  4  7  0 
8 7 0.604561 0.005989 * 8  2  5  6  3  9  7 
8 7 0.505461 0.005989 * 8  2  5  6  4  7  0 
8 7 0.404226 0.001996 * 8  11   1   4   7   0   0 
9 7 0.100328 0.001351 * 9  7 
10 7 0.300767 0.006424 * 10   3   9   7 
10 7 0.200560 0.006424 * 10   9   7   0 
11 7 0.303030 0.021731 * 11   1   4   7 
1 8 0.302506 0.007653 * 1  5  2  8 
1 8 0.202762 0.007653 * 1  11   8   0 
2 8 0.101092 0.025645 * 2  8 
3 8 0.403610 0.006548 * 3  6  5  2  8 
4 8 0.403769 0.005510 * 4  1  5  2  8 
4 8 0.304024 0.005510 * 4   1  11   8   0 
4 8 0.403267 0.003781 * 4  6  5  2  8 
5 8 0.202029 0.024937 * 5  2  8 
6 8 0.302912 0.009793 * 6  5  2  8 
7 8 0.504839 0.010375 * 7  4  1  5  2  8 
7 8 0.405094 0.010375 * 7   4   1  11   8   0 
7 8 0.504338 0.007121 * 7  4  6  5  2  8 
9 8 0.503799 0.000308 * 9  3  6  5  2  8  0 
9 8 0.605167 0.000924 * 9  7  4  1  5  2  8 
9 8 0.505422 0.000924 * 9   7   4   1  11   8   0 
9 8 0.604666 0.000924 * 9  7  4  6  5  2  8 
10 8 0.503932 0.000607 * 10   3   6   5   2   8   0   0 
10 8 0.604032 0.000873 * 10   9   3   6   5   2   8   0 
10 8 0.705399 0.002426 * 10   9   7   4   1   5   2   8 
10 8 0.605654 0.002426 * 10   9   7   4   1  11   8   0 
10 8 0.704898 0.002426 * 10   9   7   4   6   5   2   8 
11 8 0.100947 0.028698 * 11   8 
1 9 0.401940 0.000164 * 1  4  6  3  9 
1 9 0.302199 0.000164 * 1  4  7  9  0 
2 9 0.604102 0.000749 * 2  5  1  4  6  3  9 
2 9 0.504361 0.000749 * 2  5  1  4  7  9  0 
2 9 0.403864 0.000401 * 2  5  6  3  9  0  0 
3 9 0.100117 0.003088 * 3  9 
4 9 0.301187 0.000359 * 4  6  3  9 
4 9 0.201447 0.000359 * 4  7  9  0 
5 9 0.502484 0.000653 * 5  1  4  6  3  9 
5 9 0.402743 0.000653 * 5  1  4  7  9  0 
5 9 0.302246 0.000349 * 5  6  3  9  0  0 
6 9 0.200832 0.000219 * 6  3  9 
7 9 0.100266 0.000903 * 7  9 
8 9 0.704470 0.000382 * 8  2  5  1  4  6  3  9 
8 9 0.604730 0.000382 * 8  2  5  1  4  7  9  0 
8 9 0.504233 0.000382 * 8  2  5  6  3  9  0  0 
8 9 0.604233 0.000255 * 8  11   1   4   6   3   9   0 
8 9 0.504492 0.000255 * 8  11   1   4   7   9   0   0 
10 9 0.200439 0.000697 * 10   3   9 
10 9 0.100232 0.000697 * 10   9   0 
11 9 0.503037 0.000464 * 11   1   4   6   3   9 
11 9 0.403296 0.000464 * 11   1   4   7   9   0 
1 10 0.502112 0.001344 * 1   4   6   3   9  10 
1 10 0.402174 0.001344 * 1   4   6   3  10   0 
1 10 0.402371 0.000672 * 1   4   7   9  10   0 
1 10 0.502896 0.001147 * 1   5   6   3   9  10 
1 10 0.402958 0.001147 * 1   5   6   3  10   0 
2 10 0.504036 0.007770 * 2   5   6   3   9  10 
2 10 0.404098 0.007770 * 2   5   6   3  10   0 
3 10 0.200289 0.001115 * 3   9  10 
3 10 0.100351 0.001115 * 3  10   0 
4 10 0.401360 0.000548 * 4   6   3   9  10 
4 10 0.301421 0.000548 * 4   6   3  10   0 
4 10 0.301619 0.000274 * 4   7   9  10   0 
5 10 0.402418 0.001689 * 5   6   3   9  10 
5 10 0.302480 0.001689 * 5   6   3  10   0 
6 10 0.301004 0.001154 * 6   3   9  10 
6 10 0.201066 0.001154 * 6   3  10   0 
7 10 0.200439 0.009773 * 7   9  10 
8 10 0.604405 0.000397 * 8   2   5   6   3   9  10   0 
8 10 0.504467 0.000397 * 8   2   5   6   3  10   0   0 
8 10 0.704405 0.000992 * 8  11   1   4   6   3   9  10 
8 10 0.604467 0.000992 * 8  11   1   4   6   3  10   0 
8 10 0.604664 0.000782 * 8  11   1   4   7   9  10   0 
8 10 0.705189 0.000992 * 8  11   1   5   6   3   9  10 
8 10 0.605251 0.000992 * 8  11   1   5   6   3  10   0 
9 10 0.100172 0.002475 * 9  10 
11 10 0.603209 0.000880 * 11   1   4   6   3   9  10 
11 10 0.503271 0.000880 * 11   1   4   6   3  10   0 
11 10 0.503468 0.000440 * 11   1   4   7   9  10   0 
11 10 0.603993 0.000752 * 11   1   5   6   3   9  10 
11 10 0.504055 0.000752 * 11   1   5   6   3  10   0 
1 11 0.101815 0.031046 * 1  11 
2 11 0.202288 0.030365 * 2   8  11 
3 11 0.404654 0.002427 * 3   6   4   1  11   0 
3 11 0.403940 0.004559 * 3   6   5   1  11   0 
3 11 0.504806 0.004559 * 3   6   5   2   8  11 
4 11 0.203077 0.007536 * 4   1  11 
5 11 0.202359 0.009342 * 5   1  11   0 
5 11 0.303225 0.009342 * 5   2   8  11 
6 11 0.303956 0.001660 * 6   4   1  11   0 
6 11 0.303242 0.003119 * 6   5   1  11   0 
6 11 0.404108 0.003119 * 6   5   2   8  11 
7 11 0.304147 0.027573 * 7   4   1  11 
8 11 0.101196 0.059601 * 8  11 
9 11 0.504844 0.000434 * 9   3   6   4   1  11   0 
9 11 0.504129 0.000434 * 9   3   6   5   1  11   0 
9 11 0.604995 0.000434 * 9   3   6   5   2   8  11 
9 11 0.404475 0.000145 * 9   7   4   1  11   0   0 
10 11 0.504977 0.001903 * 10   3   6   4   1  11   0   0 
10 11 0.504262 0.001903 * 10   3   6   5   1  11   0   0 
10 11 0.605128 0.001903 * 10   3   6   5   2   8  11   0 
10 11 0.605076 0.002266 * 10   9   3   6   4   1  11   0 
10 11 0.604362 0.002266 * 10   9   3   6   5   1  11   0 
10 11 0.705228 0.002266 * 10   9   3   6   5   2   8  11 
10 11 0.504707 0.000755 * 10   9   7   4   1  11   0   0 
