1  5  2  0  0  0  0  0  0  0 
4.600788e-003
1  11   8   2   0   0   0   0   0   0 
3.682059e-018
1  4  6  5  2  0  0  0  0  0 
1.843759e-018
1  4  6  3  0  0  0  0  0  0 
1.298324e-003
1  5  6  3  0  0  0  0  0  0 
1.267815e-003
1  4  7  9  3  0  0  0  0  0 
3.660192e-018
1  4  0  0  0  0  0  0  0  0 
2.220543e-003
1  5  6  4  0  0  0  0  0  0 
1.841121e-018
1  5  0  0  0  0  0  0  0  0 
2.834892e-003
1  4  6  5  0  0  0  0  0  0 
1.841975e-018
1  11   8   2   5   0   0   0   0   0 
1.228964e-018
1  4  6  0  0  0  0  0  0  0 
6.323103e-004
1  5  6  0  0  0  0  0  0  0 
6.920317e-004
1  4  7  0  0  0  0  0  0  0 
3.939317e-003
1  5  6  4  7  0  0  0  0  0 
1.843768e-018
1  11   8   0   0   0   0   0   0   0 
1.091713e-002
1  5  2  8  0  0  0  0  0  0 
3.690386e-018
1  4  6  5  2  8  0  0  0  0 
1.230902e-018
1  4  7  9  0  0  0  0  0  0 
3.601340e-004
1  4  6  3  9  0  0  0  0  0 
3.679680e-018
1  5  6  3  9  0  0  0  0  0 
3.654117e-018
1   4   6   3  10   0   0   0   0   0 
1.822339e-003
1   5   6   3  10   0   0   0   0   0 
1.707280e-003
1   4   7   9  10   0   0   0   0   0 
2.019262e-003
1  11   0   0   0   0   0   0   0   0 
3.458545e-002
1   5   2   8  11   0   0   0   0   0 
1.231223e-018
2  5  1  0  0  0  0  0  0  0 
5.998868e-003
2   8  11   1   0   0   0   0   0   0 
3.684398e-018
2  5  6  4  1  0  0  0  0  0 
1.844336e-018
2  5  6  3  0  0  0  0  0  0 
1.820966e-002
2  5  1  4  6  3  0  0  0  0 
1.846673e-018
2  5  1  4  0  0  0  0  0  0 
4.225476e-003
2  5  6  4  0  0  0  0  0  0 
4.472883e-003
2   8  11   1   4   0   0   0   0   0 
3.681827e-018
2  5  0  0  0  0  0  0  0  0 
3.480718e-002
2   8  11   1   5   0   0   0   0   0 
1.231193e-018
2   8  11   1   4   6   5   0   0   0 
7.387415e-019
2  5  6  0  0  0  0  0  0  0 
1.396689e-002
2  5  1  4  6  0  0  0  0  0 
1.846445e-018
2  5  1  4  7  0  0  0  0  0 
2.258538e-002
2  5  6  4  7  0  0  0  0  0 
2.377075e-002
2   8  11   1   4   7   0   0   0   0 
3.691244e-018
2  8  0  0  0  0  0  0  0  0 
2.423839e-002
2   5   1  11   8   0   0   0   0   0 
1.230851e-018
2  5  6  3  9  0  0  0  0  0 
2.458591e-003
2   5   6   3  10   9   0   0   0   0 
3.668720e-018
2  5  1  4  7  9  0  0  0  0 
3.667429e-018
2   5   6   3  10   0   0   0   0   0 
2.283207e-002
2   5   6   3   9  10   0   0   0   0 
3.699549e-018
2   8  11   0   0   0   0   0   0   0 
2.602008e-002
2   5   1  11   0   0   0   0   0   0 
3.690748e-018
3  6  4  1  0  0  0  0  0  0 
1.359047e-003
3  6  5  1  0  0  0  0  0  0 
1.370860e-003
3  9  7  4  1  0  0  0  0  0 
3.663041e-018
3  6  5  2  0  0  0  0  0  0 
6.228252e-003
3  6  4  1  5  2  0  0  0  0 
1.845009e-018
3  6  4  0  0  0  0  0  0  0 
9.205780e-004
3  9  7  4  0  0  0  0  0  0 
3.641166e-018
3  6  5  0  0  0  0  0  0  0 
4.054042e-003
3  6  4  1  5  0  0  0  0  0 
1.843844e-018
3  6  0  0  0  0  0  0  0  0 
3.255139e-003
3  9  7  4  6  0  0  0  0  0 
1.230211e-018
3  10   9   7   4   6   0   0   0   0 
9.228210e-019
3  9  7  0  0  0  0  0  0  0 
4.141052e-003
3  10   9   7   0   0   0   0   0   0 
3.679336e-018
3  6  4  7  0  0  0  0  0  0 
3.674750e-018
3  6  5  2  8  0  0  0  0  0 
8.929153e-003
3   6   4   1  11   8   0   0   0   0 
3.687016e-018
3   6   5   1  11   8   0   0   0   0 
3.686951e-018
3  9  0  0  0  0  0  0  0  0 
4.840858e-003
3  10   9   0   0   0   0   0   0   0 
3.682079e-018
3  6  4  7  9  0  0  0  0  0 
1.229654e-018
3  10   0   0   0   0   0   0   0   0 
2.364000e-003
3   9  10   0   0   0   0   0   0   0 
3.676295e-018
3   6   4   1  11   0   0   0   0   0 
7.497244e-003
3   6   5   1  11   0   0   0   0   0 
7.254939e-003
3   9   7   4   1  11   0   0   0   0 
3.692231e-018
4  1  0  0  0  0  0  0  0  0 
1.230431e-003
4  6  5  1  0  0  0  0  0  0 
1.836462e-018
4  1  5  2  0  0  0  0  0  0 
8.958289e-004
4  6  5  2  0  0  0  0  0  0 
8.981791e-004
4   1  11   8   2   0   0   0   0   0 
3.649011e-018
4  6  3  0  0  0  0  0  0  0 
2.234046e-003
4  7  9  3  0  0  0  0  0  0 
3.669738e-018
4  1  5  6  3  0  0  0  0  0 
1.839468e-018
4  1  5  0  0  0  0  0  0  0 
1.425072e-003
4  6  5  0  0  0  0  0  0  0 
1.349989e-003
4  6  0  0  0  0  0  0  0  0 
1.295252e-003
4  1  5  6  0  0  0  0  0  0 
1.835307e-018
4  7  9  3  6  0  0  0  0  0 
1.226199e-018
4  7  0  0  0  0  0  0  0  0 
3.196801e-003
4  6  3  9  7  0  0  0  0  0 
1.230268e-018
4   6   3  10   9   7   0   0   0   0 
9.228530e-019
4   1  11   8   0   0   0   0   0   0 
1.293378e-002
4  1  5  2  8  0  0  0  0  0 
3.691100e-018
4  6  5  2  8  0  0  0  0  0 
3.692163e-018
4  7  9  0  0  0  0  0  0  0 
4.859040e-004
4  6  3  9  0  0  0  0  0  0 
3.586477e-018
4   6   3  10   9   0   0   0   0   0 
1.803460e-018
4   7   9  10   0   0   0   0   0   0 
4.079681e-004
4   6   3  10   0   0   0   0   0   0 
4.157969e-004
4   6   3   9  10   0   0   0   0   0 
3.634119e-018
4   1  11   0   0   0   0   0   0   0 
9.081234e-003
4   6   5   1  11   0   0   0   0   0 
1.845941e-018
5  1  0  0  0  0  0  0  0  0 
6.462205e-003
5  6  4  1  0  0  0  0  0  0 
1.844604e-018
5   2   8  11   1   0   0   0   0   0 
1.230194e-018
5  2  0  0  0  0  0  0  0  0 
9.412154e-003
5   1  11   8   2   0   0   0   0   0 
1.230802e-018
5  6  3  0  0  0  0  0  0  0 
2.677372e-003
5  1  4  6  3  0  0  0  0  0 
1.842324e-018
5  1  4  0  0  0  0  0  0  0 
1.408671e-003
5  6  4  0  0  0  0  0  0  0 
1.320451e-003
5  6  0  0  0  0  0  0  0  0 
4.122995e-003
5  1  4  6  0  0  0  0  0  0 
1.844107e-018
5  1  4  7  0  0  0  0  0  0 
7.255608e-003
5  6  4  7  0  0  0  0  0  0 
7.602381e-003
5  6  3  9  7  0  0  0  0  0 
3.693212e-018
5  2  8  0  0  0  0  0  0  0 
1.765053e-002
5   1  11   8   0   0   0   0   0   0 
3.690173e-018
5  6  3  9  0  0  0  0  0  0 
1.068754e-003
5  1  4  7  9  0  0  0  0  0 
3.633134e-018
5  6  4  7  9  0  0  0  0  0 
3.632691e-018
5   6   3  10   0   0   0   0   0   0 
2.224347e-003
5   6   3   9  10   0   0   0   0   0 
3.674712e-018
5   1  11   0   0   0   0   0   0   0 
1.650274e-002
5   2   8  11   0   0   0   0   0   0 
3.690633e-018
6  4  1  0  0  0  0  0  0  0 
6.667488e-004
6  5  1  0  0  0  0  0  0  0 
6.921072e-004
6  5  2  0  0  0  0  0  0  0 
3.709070e-003
6  4  1  5  2  0  0  0  0  0 
1.843534e-018
6  3  0  0  0  0  0  0  0  0 
5.738619e-003
6  4  7  9  3  0  0  0  0  0 
1.230749e-018
6   4   7   9  10   3   0   0   0   0 
9.233122e-019
6  4  0  0  0  0  0  0  0  0 
8.418930e-004
6  5  1  4  0  0  0  0  0  0 
1.829004e-018
6  3  9  7  4  0  0  0  0  0 
1.223026e-018
6  5  0  0  0  0  0  0  0  0 
8.580517e-003
6  4  1  5  0  0  0  0  0  0 
1.845607e-018
6  4  7  0  0  0  0  0  0  0 
4.611666e-003
6  3  9  7  0  0  0  0  0  0 
3.688000e-018
6  5  2  8  0  0  0  0  0  0 
9.497170e-003
6   4   1  11   8   0   0   0   0   0 
3.687404e-018
6   5   1  11   8   0   0   0   0   0 
3.687339e-018
6  3  9  0  0  0  0  0  0  0 
1.410480e-004
6   3  10   9   0   0   0   0   0   0 
1.991945e-018
6  4  7  9  0  0  0  0  0  0 
1.969134e-018
6   3  10   0   0   0   0   0   0   0 
9.729470e-004
6   3   9  10   0   0   0   0   0   0 
3.634020e-018
6   4   7   9  10   0   0   0   0   0 
1.828578e-018
6   4   1  11   0   0   0   0   0   0 
3.815656e-003
6   5   1  11   0   0   0   0   0   0 
3.642457e-003
6   5   2   8  11   0   0   0   0   0 
3.680254e-018
7  4  1  0  0  0  0  0  0  0 
6.708320e-003
7  4  6  5  1  0  0  0  0  0 
1.845407e-018
7  4  6  5  2  0  0  0  0  0 
2.870616e-003
7  4  1  5  2  0  0  0  0  0 
2.604367e-003
7  9  3  6  5  2  0  0  0  0 
3.678716e-018
7  9  3  0  0  0  0  0  0  0 
8.309294e-003
7  4  6  3  0  0  0  0  0  0 
3.683703e-018
7   9  10   3   0   0   0   0   0   0 
3.689254e-018
7  4  0  0  0  0  0  0  0  0 
3.232504e-002
7  9  3  6  4  0  0  0  0  0 
1.231750e-018
7   9  10   3   6   4   0   0   0   0 
9.238823e-019
7  4  6  5  0  0  0  0  0  0 
3.124486e-003
7  4  1  5  0  0  0  0  0  0 
2.790548e-003
7  9  3  6  5  0  0  0  0  0 
3.680055e-018
7  4  6  0  0  0  0  0  0  0 
2.898414e-003
7  9  3  6  0  0  0  0  0  0 
3.678105e-018
7   4   1  11   8   0   0   0   0   0 
2.679668e-002
7  4  6  5  2  8  0  0  0  0 
3.694528e-018
7  4  1  5  2  8  0  0  0  0 
3.693417e-018
7  9  0  0  0  0  0  0  0  0 
3.879133e-003
7  4  6  3  9  0  0  0  0  0 
1.230068e-018
7   4   6   3  10   9   0   0   0   0 
9.227402e-019
7   9  10   0   0   0   0   0   0   0 
8.044068e-003
7   9   3  10   0   0   0   0   0   0 
3.686980e-018
7   4   6   3  10   0   0   0   0   0 
1.844250e-018
7   4   1  11   0   0   0   0   0   0 
2.425212e-002
8  11   1   0   0   0   0   0   0   0 
5.289942e-003
8  2  5  1  0  0  0  0  0  0 
3.685693e-018
8  2  0  0  0  0  0  0  0  0 
2.289725e-003
8  11   1   5   2   0   0   0   0   0 
1.228352e-018
8  11   1   4   6   5   2   0   0   0 
7.376889e-019
8  2  5  6  3  0  0  0  0  0 
3.354540e-003
8  11   1   5   6   3   0   0   0   0 
3.675036e-018
8  11   1   4   6   3   0   0   0   0 
3.675707e-018
8  11   1   4   0   0   0   0   0   0 
1.820285e-003
8  2  5  1  4  0  0  0  0  0 
3.660205e-018
8  2  5  6  4  0  0  0  0  0 
3.660291e-018
8  2  5  0  0  0  0  0  0  0 
7.554435e-003
8  11   1   5   0   0   0   0   0   0 
3.685549e-018
8  2  5  6  0  0  0  0  0  0 
3.768644e-003
8  11   1   5   6   0   0   0   0   0 
3.677108e-018
8  11   1   4   6   0   0   0   0   0 
3.677813e-018
8  11   1   4   7   0   0   0   0   0 
2.128404e-002
8  2  5  1  4  7  0  0  0  0 
3.693539e-018
8  2  5  6  4  7  0  0  0  0 
3.693709e-018
8  11   1   4   7   9   0   0   0   0 
4.608372e-004
8  2  5  6  3  9  0  0  0  0 
4.557958e-004
8  11   1   5   6   3   9   0   0   0 
3.637745e-018
8   2   5   6   3  10   0   0   0   0 
6.030856e-003
8   2   5   6   3   9  10   0   0   0 
3.691297e-018
8  11   1   4   7   9  10   0   0   0 
3.686440e-018
8  11   0   0   0   0   0   0   0   0 
4.996347e-002
8   2   5   1  11   0   0   0   0   0 
1.231276e-018
9  7  4  1  0  0  0  0  0  0 
1.839709e-003
9  3  6  4  1  0  0  0  0  0 
3.660036e-018
9  3  6  5  1  0  0  0  0  0 
3.660002e-018
9  3  6  5  2  0  0  0  0  0 
1.338826e-003
9  10   3   6   5   2   0   0   0   0 
3.645388e-018
9  7  4  6  5  2  0  0  0  0 
3.645152e-018
9  3  0  0  0  0  0  0  0  0 
5.667951e-003
9  10   3   0   0   0   0   0   0   0 
3.686194e-018
9  7  4  6  3  0  0  0  0  0 
1.230173e-018
9  7  4  0  0  0  0  0  0  0 
9.237460e-004
9  3  6  4  0  0  0  0  0  0 
3.631595e-018
9  10   3   6   4   0   0   0   0   0 
1.827263e-018
9  3  6  5  0  0  0  0  0  0 
2.799279e-003
9  10   3   6   5   0   0   0   0   0 
3.673669e-018
9  7  4  6  5  0  0  0  0  0 
3.672521e-018
9  3  6  0  0  0  0  0  0  0 
3.814150e-004
9  10   3   6   0   0   0   0   0   0 
3.658386e-018
9  7  4  6  0  0  0  0  0  0 
3.670974e-018
9  7  0  0  0  0  0  0  0  0 
1.893572e-003
9  3  6  4  7  0  0  0  0  0 
1.228005e-018
9  10   3   6   4   7   0   0   0   0 
9.217179e-019
9   7   4   1  11   8   0   0   0   0 
1.314877e-003
9  3  6  5  2  8  0  0  0  0 
1.687584e-003
9  10   3   6   5   2   8   0   0   0 
3.664550e-018
9  10   0   0   0   0   0   0   0   0 
1.602185e-003
9   3  10   0   0   0   0   0   0   0 
3.661635e-018
9   7   4   1  11   0   0   0   0   0 
1.351820e-003
9   3   6   4   1  11   0   0   0   0 
3.645565e-018
9   3   6   5   1  11   0   0   0   0 
3.645556e-018
10   3   6   4   1   0   0   0   0   0 
1.211877e-003
10   9   7   4   1   0   0   0   0   0 
1.363853e-003
10   3   6   5   1   0   0   0   0   0 
1.228463e-003
10   3   6   5   2   0   0   0   0   0 
2.883343e-003
10   9   3   6   5   2   0   0   0   0 
3.678615e-018
10   3   0   0   0   0   0   0   0   0 
1.010868e-002
10   9   3   0   0   0   0   0   0   0 
3.692886e-018
10   3   6   4   0   0   0   0   0   0 
1.052114e-003
10   9   7   4   0   0   0   0   0   0 
1.140522e-003
10   3   9   7   4   0   0   0   0   0 
3.655621e-018
10   3   6   5   0   0   0   0   0   0 
3.152242e-003
10   9   3   6   5   0   0   0   0   0 
3.680294e-018
10   3   6   0   0   0   0   0   0   0 
1.823557e-003
10   9   3   6   0   0   0   0   0   0 
3.667401e-018
10   9   7   0   0   0   0   0   0   0 
1.219011e-002
10   3   9   7   0   0   0   0   0   0 
3.692233e-018
10   3   6   5   2   8   0   0   0   0 
9.443722e-003
10   9   3   6   5   2   8   0   0   0 
3.692218e-018
10   3   6   5   1  11   8   0   0   0 
3.687300e-018
10   9   0   0   0   0   0   0   0   0 
2.082849e-003
10   3   9   0   0   0   0   0   0   0 
3.670116e-018
10   3   6   4   1  11   0   0   0   0 
3.763399e-003
10   3   6   5   1  11   0   0   0   0 
3.662432e-003
10   9   7   4   1  11   0   0   0   0 
5.125053e-003
11   1   0   0   0   0   0   0   0   0 
2.605886e-002
11   8   2   5   1   0   0   0   0   0 
1.231242e-018
11   8   2   0   0   0   0   0   0   0 
2.236983e-003
11   1   5   2   0   0   0   0   0   0 
3.669086e-018
11   1   4   6   3   0   0   0   0   0 
2.890338e-003
11   1   5   6   3   0   0   0   0   0 
2.455962e-003
11   8   2   5   6   3   0   0   0   0 
3.675540e-018
11   1   4   0   0   0   0   0   0   0 
2.261311e-003
11   1   5   6   4   0   0   0   0   0 
1.841230e-018
11   1   5   0   0   0   0   0   0   0 
1.162929e-002
11   8   2   5   0   0   0   0   0   0 
3.689820e-018
11   1   4   6   5   0   0   0   0   0 
1.845747e-018
11   1   4   6   0   0   0   0   0   0 
2.494091e-003
11   1   5   6   0   0   0   0   0   0 
2.153666e-003
11   8   2   5   6   0   0   0   0   0 
3.673040e-018
11   1   4   7   0   0   0   0   0   0 
2.138334e-002
11   8   0   0   0   0   0   0   0   0 
2.504790e-002
11   1   5   2   8   0   0   0   0   0 
1.231081e-018
11   1   4   7   9   0   0   0   0   0 
1.135169e-003
11   1   4   6   3   9   0   0   0   0 
3.635859e-018
11   1   5   6   3   9   0   0   0   0 
3.636058e-018
11   1   4   7   9  10   0   0   0   0 
1.295677e-003
11   1   5   6   3  10   0   0   0   0 
1.176823e-003
11   1   4   6   3  10   0   0   0   0 
1.191288e-003
