2  5  1  0 
0.002394
2   8  11   1 
0.002394
3  6  4  1 
0.000385
3  6  5  1 
0.000385
4  1 
0.000367
5  1 
0.005827
6  4  1 
0.000540
6  5  1 
0.000540
7  4  1 
0.006786
8  11   1 
0.005190
9  3  6  4  1 
0.001238
9  3  6  5  1 
0.001238
9  7  4  1  0 
0.000643
10   3   6   4   1   0 
0.000386
10   3   6   5   1   0 
0.000386
10   9   3   6   4   1 
0.000578
10   9   3   6   5   1 
0.000578
10   9   7   4   1   0 
0.000578
11   1 
0.048324
1  5  2  0 
0.002267
1  11   8   2 
0.002267
3  6  5  2 
0.004188
4  1  5  2  0 
0.003713
4   1  11   8   2 
0.003713
4  6  5  2  0 
0.002578
5  2 
0.005265
6  5  2 
0.001748
7  4  1  5  2  0 
0.002211
7   4   1  11   8   2 
0.002211
7  4  6  5  2  0 
0.002093
7  9  3  6  5  2 
0.000737
8  2 
0.001859
9  3  6  5  2 
0.000663
10   3   6   5   2   0 
0.001255
10   9   3   6   5   2 
0.001255
11   8   2 
0.002992
1  4  6  3  0 
0.000740
1  4  7  9  3 
0.000740
1  5  6  3  0 
0.000598
2  5  6  3 
0.017335
4  6  3  0 
0.000617
4  7  9  3 
0.000617
5  6  3 
0.002058
6  3 
0.001283
7  9  3 
0.002039
8  2  5  6  3  0  0 
0.000470
8  11   1   4   6   3   0 
0.001386
8  11   1   4   7   9   3 
0.001386
8  11   1   5   6   3   0 
0.001120
9  3 
0.002279
10   9   3 
0.003189
10   3   0 
0.003189
11   1   4   6   3   0 
0.000871
11   1   4   7   9   3 
0.000871
11   1   5   6   3   0 
0.000704
1  4 
0.001115
2  5  1  4  0 
0.003849
2  5  6  4  0 
0.003849
2   8  11   1   4 
0.002579
3  6  4  0 
0.000311
3  9  7  4 
0.000311
5  1  4 
0.001687
5  6  4 
0.001687
6  4 
0.000494
7  4 
0.037804
8  11   1   4 
0.001993
9  7  4 
0.000422
10   3   6   4   0 
0.000261
10   3   9   7   4 
0.000261
10   9   7   4   0 
0.000131
11   1   4 
0.001500
1  5 
0.004106
2  5 
0.040319
3  6  5 
0.002502
4  1  5 
0.000864
4  6  5 
0.000864
6  5 
0.003114
7  4  1  5  0 
0.002138
7  4  6  5  0 
0.002138
7  9  3  6  5 
0.001474
8  2  5  0 
0.004269
8  11   1   5 
0.004269
9  3  6  5 
0.002260
10   3   6   5   0 
0.001108
10   9   3   6   5 
0.001108
11   1   5 
0.008958
1  4  6 
0.001383
1  5  6 
0.001383
2  5  6 
0.014381
3  6 
0.001278
4  6 
0.000988
5  6 
0.003072
7  4  6  0 
0.000921
7  9  3  6 
0.000921
8  2  5  6  0 
0.000626
8  11   1   4   6 
0.001252
8  11   1   5   6 
0.001252
9  3  6 
0.000188
10   3   6   0 
0.000861
10   9   3   6 
0.000861
11   1   4   6 
0.002718
11   1   5   6 
0.002718
1  4  7 
0.005433
2  5  1  4  7  0 
0.012389
2  5  6  3  9  7 
0.013268
2  5  6  4  7  0 
0.013268
2   8  11   1   4   7 
0.009582
3  9  7 
0.001166
4  7 
0.003059
5  1  4  7  0 
0.003393
5  6  3  9  7 
0.003634
5  6  4  7  0 
0.003634
6  3  9  7 
0.001112
6  4  7  0 
0.001112
8  11   1   4   7 
0.017492
9  7 
0.002189
10   3   9   7 
0.004424
10   9   7   0 
0.004424
11   1   4   7 
0.019204
1  5  2  8 
0.006958
1  11   8   0 
0.006958
2  8 
0.020882
3  6  5  2  8 
0.005945
4  1  5  2  8 
0.004791
4   1  11   8   0 
0.004791
4  6  5  2  8 
0.002998
5  2  8 
0.019442
6  5  2  8 
0.006308
7  4  1  5  2  8 
0.006261
7   4   1  11   8   0 
0.006261
7  4  6  5  2  8 
0.003919
9  3  6  5  2  8  0 
0.000159
9  7  4  1  5  2  8 
0.000477
9   7   4   1  11   8   0 
0.000477
9  7  4  6  5  2  8 
0.000477
10   3   6   5   2   8   0   0 
0.000579
10   9   3   6   5   2   8   0 
0.000726
10   9   7   4   1   5   2   8 
0.002179
10   9   7   4   1  11   8   0 
0.002179
10   9   7   4   6   5   2   8 
0.002179
11   8 
0.018593
1  4  6  3  9 
0.000157
1  4  7  9  0 
0.000157
2  5  1  4  6  3  9 
0.000950
2  5  1  4  7  9  0 
0.000950
2  5  6  3  9  0  0 
0.000621
3  9 
0.000986
4  6  3  9 
0.000095
4  7  9  0 
0.000095
5  1  4  6  3  9 
0.000413
5  1  4  7  9  0 
0.000413
5  6  3  9  0  0 
0.000270
6  3  9 
0.000148
7  9 
0.002363
8  2  5  1  4  6  3  9 
0.000390
8  2  5  1  4  7  9  0 
0.000390
8  2  5  6  3  9  0  0 
0.000390
8  11   1   4   6   3   9   0 
0.000260
8  11   1   4   7   9   0   0 
0.000260
10   3   9 
0.000384
10   9   0 
0.000384
11   1   4   6   3   9 
0.000230
11   1   4   7   9   0 
0.000230
1   4   6   3   9  10 
0.001290
1   4   6   3  10   0 
0.001290
1   4   7   9  10   0 
0.000645
1   5   6   3   9  10 
0.001210
1   5   6   3  10   0 
0.001210
2   5   6   3   9  10 
0.014526
2   5   6   3  10   0 
0.014526
3   9  10 
0.000586
3  10   0 
0.000586
4   6   3   9  10 
0.000233
4   6   3  10   0 
0.000233
4   7   9  10   0 
0.000116
5   6   3   9  10 
0.001921
5   6   3  10   0 
0.001921
6   3   9  10 
0.000459
6   3  10   0 
0.000459
7   9  10 
0.006383
8   2   5   6   3   9  10   0 
0.000651
8   2   5   6   3  10   0   0 
0.000651
8  11   1   4   6   3   9  10 
0.001627
8  11   1   4   6   3  10   0 
0.001627
8  11   1   4   7   9  10   0 
0.000837
8  11   1   5   6   3   9  10 
0.001570
8  11   1   5   6   3  10   0 
0.001570
9  10 
0.000898
11   1   4   6   3   9  10 
0.000678
11   1   4   6   3  10   0 
0.000678
11   1   4   7   9  10   0 
0.000339
11   1   5   6   3   9  10 
0.000636
11   1   5   6   3  10   0 
0.000636
1  11 
0.045000
2   8  11 
0.020853
3   6   4   1  11   0 
0.001667
3   6   5   1  11   0 
0.003334
3   6   5   2   8  11 
0.003334
4   1  11 
0.007472
5   1  11   0 
0.008518
5   2   8  11 
0.008518
6   4   1  11   0 
0.000675
6   5   1  11   0 
0.001350
6   5   2   8  11 
0.001350
7   4   1  11 
0.023433
8  11 
0.048301
9   3   6   4   1  11   0 
0.000567
9   3   6   5   1  11   0 
0.000567
9   3   6   5   2   8  11 
0.000567
9   7   4   1  11   0   0 
0.000189
10   3   6   4   1  11   0   0 
0.001420
10   3   6   5   1  11   0   0 
0.001420
10   3   6   5   2   8  11   0 
0.001420
10   9   3   6   4   1  11   0 
0.001868
10   9   3   6   5   1  11   0 
0.001868
10   9   3   6   5   2   8  11 
0.001868
10   9   7   4   1  11   0   0 
0.000623
