2 1 2 0.008087 * 2  5  1 
3 1 3 0.000609 * 3  6  4  1 
3 1 3 0.000609 * 3  6  5  1 
4 1 1 0.005187 * 4  1 
5 1 1 0.007018 * 5  1 
6 1 2 0.001283 * 6  4  1 
6 1 2 0.001283 * 6  5  1 
7 1 2 0.008988 * 7  4  1 
8 1 2 0.007344 * 8  11   1 
9 1 3 0.001258 * 9  7  4  1 
10 1 4 0.001145 * 10   3   6   4   1 
10 1 4 0.001145 * 10   3   6   5   1 
10 1 4 0.001145 * 10   9   7   4   1 
11 1 1 0.020965 * 11   1 
1 2 2 0.007699 * 1  5  2 
3 2 3 0.006346 * 3  6  5  2 
4 2 3 0.001968 * 4  1  5  2 
4 2 3 0.001968 * 4  6  5  2 
5 2 1 0.014305 * 5  2 
6 2 2 0.003697 * 6  5  2 
7 2 4 0.004413 * 7  4  1  5  2 
7 2 4 0.004413 * 7  4  6  5  2 
8 2 1 0.002872 * 8  2 
9 2 4 0.000703 * 9  3  6  5  2 
10 2 4 0.002417 * 10   3   6   5   2 
11 2 2 0.004939 * 11   8   2 
1 3 3 0.000803 * 1  4  6  3 
1 3 3 0.000803 * 1  5  6  3 
2 3 3 0.014136 * 2  5  6  3 
4 3 2 0.002271 * 4  6  3 
5 3 2 0.002619 * 5  6  3 
6 3 1 0.006319 * 6  3 
7 3 2 0.007977 * 7  9  3 
8 3 4 0.004431 * 8  2  5  6  3 
9 3 1 0.004762 * 9  3 
10 3 1 0.006985 * 10   3 
11 3 4 0.002974 * 11   1   4   6   3 
11 3 4 0.002974 * 11   1   5   6   3 
1 4 1 0.001563 * 1  4 
2 4 3 0.003403 * 2  5  1  4 
2 4 3 0.003403 * 2  5  6  4 
3 4 2 0.001101 * 3  6  4 
5 4 2 0.002088 * 5  1  4 
5 4 2 0.002088 * 5  6  4 
6 4 1 0.001617 * 6  4 
7 4 1 0.037164 * 7  4 
8 4 3 0.001344 * 8  11   1   4 
9 4 2 0.001187 * 9  7  4 
10 4 3 0.000978 * 10   3   6   4 
10 4 3 0.000978 * 10   9   7   4 
11 4 2 0.002966 * 11   1   4 
1 5 1 0.006055 * 1  5 
2 5 1 0.037003 * 2  5 
3 5 2 0.003684 * 3  6  5 
4 5 2 0.001638 * 4  1  5 
4 5 2 0.001638 * 4  6  5 
6 5 1 0.005259 * 6  5 
7 5 3 0.003358 * 7  4  1  5 
7 5 3 0.003358 * 7  4  6  5 
8 5 2 0.011030 * 8  2  5 
9 5 3 0.003101 * 9  3  6  5 
10 5 3 0.004657 * 10   3   6   5 
11 5 2 0.014632 * 11   1   5 
1 6 2 0.001204 * 1  4  6 
1 6 2 0.001204 * 1  5  6 
2 6 2 0.014132 * 2  5  6 
3 6 1 0.004145 * 3  6 
4 6 1 0.001616 * 4  6 
5 6 1 0.005407 * 5  6 
7 6 2 0.003333 * 7  4  6 
8 6 3 0.002819 * 8  2  5  6 
9 6 2 0.000306 * 9  3  6 
10 6 2 0.001170 * 10   3   6 
11 6 3 0.002317 * 11   1   4   6 
11 6 3 0.002317 * 11   1   5   6 
1 7 2 0.005523 * 1  4  7 
2 7 4 0.019780 * 2  5  1  4  7 
2 7 4 0.019780 * 2  5  6  4  7 
3 7 2 0.003987 * 3  9  7 
4 7 1 0.004191 * 4  7 
5 7 3 0.008431 * 5  1  4  7 
5 7 3 0.008431 * 5  6  4  7 
6 7 2 0.004188 * 6  4  7 
8 7 4 0.019557 * 8  11   1   4   7 
9 7 1 0.001236 * 9  7 
10 7 2 0.010615 * 10   9   7 
11 7 3 0.032067 * 11   1   4   7 
1 8 2 0.011848 * 1  11   8 
2 8 1 0.024376 * 2  8 
3 8 4 0.006625 * 3  6  5  2  8 
4 8 3 0.014637 * 4   1  11   8 
5 8 2 0.021375 * 5  2  8 
6 8 3 0.010512 * 6  5  2  8 
7 8 4 0.026216 * 7   4   1  11   8 
9 8 5 0.001325 * 9  3  6  5  2  8 
9 8 5 0.001325 * 9   7   4   1  11   8 
10 8 5 0.010010 * 10   3   6   5   2   8 
11 8 1 0.028844 * 11   8 
1 9 3 0.000398 * 1  4  7  9 
2 9 4 0.002577 * 2  5  6  3  9 
3 9 1 0.003741 * 3  9 
4 9 2 0.000570 * 4  7  9 
5 9 3 0.001635 * 5  6  3  9 
6 9 2 0.000632 * 6  3  9 
7 9 1 0.000650 * 7  9 
8 9 5 0.000744 * 8  2  5  6  3  9 
8 9 5 0.000744 * 8  11   1   4   7   9 
10 9 1 0.001397 * 10   9 
11 9 4 0.001182 * 11   1   4   7   9 
1 10 4 0.001684 * 1   4   6   3  10 
1 10 4 0.001684 * 1   4   7   9  10 
1 10 4 0.002686 * 1   5   6   3  10 
2 10 4 0.018810 * 2   5   6   3  10 
3 10 1 0.001990 * 3  10 
4 10 3 0.000579 * 4   6   3  10 
4 10 3 0.000579 * 4   7   9  10 
5 10 3 0.003348 * 5   6   3  10 
6 10 2 0.001203 * 6   3  10 
7 10 2 0.008801 * 7   9  10 
8 10 5 0.005732 * 8   2   5   6   3  10 
9 10 1 0.002214 * 9  10 
11 10 5 0.000998 * 11   1   4   6   3  10 
11 10 5 0.000998 * 11   1   4   7   9  10 
11 10 5 0.001070 * 11   1   5   6   3  10 
1 11 1 0.032030 * 1  11 
2 11 2 0.031664 * 2   8  11 
3 11 4 0.007169 * 3   6   4   1  11 
3 11 4 0.007169 * 3   6   5   1  11 
4 11 2 0.004840 * 4   1  11 
5 11 2 0.019780 * 5   1  11 
6 11 3 0.003049 * 6   4   1  11 
6 11 3 0.003049 * 6   5   1  11 
7 11 3 0.025418 * 7   4   1  11 
8 11 1 0.057600 * 8  11 
9 11 4 0.001330 * 9   7   4   1  11 
10 11 5 0.004252 * 10   3   6   4   1  11 
10 11 5 0.004252 * 10   3   6   5   1  11 
10 11 5 0.004252 * 10   9   7   4   1  11 
