2 1 2 0.006976 * 2  5  1 
3 1 3 0.000802 * 3  6  4  1 
3 1 3 0.000802 * 3  6  5  1 
4 1 1 0.001123 * 4  1 
5 1 1 0.007787 * 5  1 
6 1 2 0.000813 * 6  4  1 
6 1 2 0.000813 * 6  5  1 
7 1 2 0.005600 * 7  4  1 
8 1 2 0.005226 * 8  11   1 
9 1 3 0.000468 * 9  7  4  1 
10 1 4 0.000858 * 10   3   6   4   1 
10 1 4 0.000858 * 10   3   6   5   1 
10 1 4 0.000858 * 10   9   7   4   1 
11 1 1 0.034559 * 11   1 
1 2 2 0.004921 * 1  5  2 
3 2 3 0.002428 * 3  6  5  2 
4 2 3 0.000889 * 4  1  5  2 
4 2 3 0.000889 * 4  6  5  2 
5 2 1 0.006624 * 5  2 
6 2 2 0.005510 * 6  5  2 
7 2 4 0.016939 * 7  4  1  5  2 
7 2 4 0.016939 * 7  4  6  5  2 
8 2 1 0.002525 * 8  2 
9 2 4 0.000366 * 9  3  6  5  2 
10 2 4 0.002423 * 10   3   6   5   2 
11 2 2 0.004911 * 11   8   2 
1 3 3 0.001518 * 1  4  6  3 
1 3 3 0.001518 * 1  5  6  3 
2 3 3 0.016391 * 2  5  6  3 
4 3 2 0.002420 * 4  6  3 
5 3 2 0.002909 * 5  6  3 
6 3 1 0.003313 * 6  3 
7 3 2 0.002100 * 7  9  3 
8 3 4 0.002839 * 8  2  5  6  3 
9 3 1 0.003812 * 9  3 
10 3 1 0.003585 * 10   3 
11 3 4 0.003189 * 11   1   4   6   3 
11 3 4 0.003189 * 11   1   5   6   3 
1 4 1 0.002222 * 1  4 
2 4 3 0.005509 * 2  5  1  4 
2 4 3 0.005509 * 2  5  6  4 
3 4 2 0.004612 * 3  6  4 
5 4 2 0.001046 * 5  1  4 
5 4 2 0.001046 * 5  6  4 
6 4 1 0.001960 * 6  4 
7 4 1 0.003043 * 7  4 
8 4 3 0.002475 * 8  11   1   4 
9 4 2 0.000365 * 9  7  4 
10 4 3 0.000311 * 10   3   6   4 
10 4 3 0.000311 * 10   9   7   4 
11 4 2 0.003916 * 11   1   4 
1 5 1 0.005864 * 1  5 
2 5 1 0.046284 * 2  5 
3 5 2 0.003239 * 3  6  5 
4 5 2 0.001070 * 4  1  5 
4 5 2 0.001070 * 4  6  5 
6 5 1 0.004315 * 6  5 
7 5 3 0.003716 * 7  4  1  5 
7 5 3 0.003716 * 7  4  6  5 
8 5 2 0.012876 * 8  2  5 
9 5 3 0.000891 * 9  3  6  5 
10 5 3 0.002081 * 10   3   6   5 
11 5 2 0.015286 * 11   1   5 
1 6 2 0.001654 * 1  4  6 
1 6 2 0.001654 * 1  5  6 
2 6 2 0.016290 * 2  5  6 
3 6 1 0.001268 * 3  6 
4 6 1 0.001283 * 4  6 
5 6 1 0.003884 * 5  6 
7 6 2 0.001524 * 7  4  6 
8 6 3 0.003367 * 8  2  5  6 
9 6 2 0.000250 * 9  3  6 
10 6 2 0.001696 * 10   3   6 
11 6 3 0.002211 * 11   1   4   6 
11 6 3 0.002211 * 11   1   5   6 
1 7 2 0.006378 * 1  4  7 
2 7 4 0.025146 * 2  5  1  4  7 
2 7 4 0.025146 * 2  5  6  4  7 
3 7 2 0.001159 * 3  9  7 
4 7 1 0.010694 * 4  7 
5 7 3 0.005915 * 5  1  4  7 
5 7 3 0.005915 * 5  6  4  7 
6 7 2 0.002013 * 6  4  7 
8 7 4 0.018211 * 8  11   1   4   7 
9 7 1 0.001227 * 9  7 
10 7 2 0.006424 * 10   9   7 
11 7 3 0.017356 * 11   1   4   7 
1 8 2 0.018742 * 1  11   8 
2 8 1 0.024404 * 2  8 
3 8 4 0.005793 * 3  6  5  2  8 
4 8 3 0.011959 * 4   1  11   8 
5 8 2 0.024227 * 5  2  8 
6 8 3 0.006709 * 6  5  2  8 
7 8 4 0.016502 * 7   4   1  11   8 
9 8 5 0.000758 * 9  3  6  5  2  8 
9 8 5 0.000758 * 9   7   4   1  11   8 
10 8 5 0.008198 * 10   3   6   5   2   8 
11 8 1 0.024265 * 11   8 
1 9 3 0.000478 * 1  4  7  9 
2 9 4 0.002097 * 2  5  6  3  9 
3 9 1 0.001188 * 3  9 
4 9 2 0.000163 * 4  7  9 
5 9 3 0.001181 * 5  6  3  9 
6 9 2 0.000205 * 6  3  9 
7 9 1 0.002050 * 7  9 
8 9 5 0.000455 * 8  2  5  6  3  9 
8 9 5 0.000455 * 8  11   1   4   7   9 
10 9 1 0.000669 * 10   9 
11 9 4 0.000769 * 11   1   4   7   9 
1 10 4 0.001758 * 1   4   6   3  10 
1 10 4 0.001758 * 1   4   7   9  10 
1 10 4 0.003182 * 1   5   6   3  10 
2 10 4 0.027580 * 2   5   6   3  10 
3 10 1 0.001027 * 3  10 
4 10 3 0.000287 * 4   6   3  10 
4 10 3 0.000287 * 4   7   9  10 
5 10 3 0.003312 * 5   6   3  10 
6 10 2 0.001411 * 6   3  10 
7 10 2 0.004889 * 7   9  10 
8 10 5 0.008554 * 8   2   5   6   3  10 
9 10 1 0.001397 * 9  10 
11 10 5 0.001252 * 11   1   4   6   3  10 
11 10 5 0.001252 * 11   1   4   7   9  10 
11 10 5 0.001766 * 11   1   5   6   3  10 
1 11 1 0.035459 * 1  11 
2 11 2 0.019377 * 2   8  11 
3 11 4 0.006077 * 3   6   4   1  11 
3 11 4 0.006077 * 3   6   5   1  11 
4 11 2 0.004196 * 4   1  11 
5 11 2 0.020766 * 5   1  11 
6 11 3 0.004057 * 6   4   1  11 
6 11 3 0.004057 * 6   5   1  11 
7 11 3 0.017386 * 7   4   1  11 
8 11 1 0.048704 * 8  11 
9 11 4 0.001183 * 9   7   4   1  11 
10 11 5 0.003662 * 10   3   6   4   1  11 
10 11 5 0.003662 * 10   3   6   5   1  11 
10 11 5 0.003662 * 10   9   7   4   1  11 
