1  5  2  0  0  0  0  0  0  0 
4.891386e-003
1  11   8   2   0   0   0   0   0   0 
5.547743e-018
1  4  6  5  2  0  0  0  0  0 
2.779720e-018
1  4  6  3  0  0  0  0  0  0 
1.259327e-003
1  5  6  3  0  0  0  0  0  0 
1.288301e-003
1  4  7  9  3  0  0  0  0  0 
5.506369e-018
1  4  0  0  0  0  0  0  0  0 
1.834781e-003
1  5  6  4  0  0  0  0  0  0 
2.771535e-018
1  5  0  0  0  0  0  0  0  0 
4.774545e-003
1  4  6  5  0  0  0  0  0  0 
2.779934e-018
1  11   8   2   5   0   0   0   0   0 
1.854141e-018
1  4  6  0  0  0  0  0  0  0 
5.329587e-004
1  5  6  0  0  0  0  0  0  0 
5.867923e-004
1  4  7  0  0  0  0  0  0  0 
3.689062e-003
1  5  6  4  7  0  0  0  0  0 
2.778812e-018
1  11   8   0   0   0   0   0   0   0 
1.290400e-002
1  5  2  8  0  0  0  0  0  0 
5.565806e-018
1  4  6  5  2  8  0  0  0  0 
1.856524e-018
1  4  7  9  0  0  0  0  0  0 
2.849310e-004
1  4  6  3  9  0  0  0  0  0 
5.672989e-018
1  5  6  3  9  0  0  0  0  0 
5.660134e-018
1   4   6   3  10   0   0   0   0   0 
7.377647e-004
1   5   6   3  10   0   0   0   0   0 
8.556315e-004
1   4   7   9  10   0   0   0   0   0 
1.098070e-003
1  11   0   0   0   0   0   0   0   0 
3.748171e-002
1   5   2   8  11   0   0   0   0   0 
1.856967e-018
2  5  1  0  0  0  0  0  0  0 
5.418147e-003
2   8  11   1   0   0   0   0   0   0 
5.550494e-018
2  5  6  4  1  0  0  0  0  0 
2.779871e-018
2  5  6  3  0  0  0  0  0  0 
1.545402e-002
2  5  1  4  6  3  0  0  0  0 
2.784929e-018
2  5  1  4  0  0  0  0  0  0 
4.638737e-003
2  5  6  4  0  0  0  0  0  0 
4.262767e-003
2   8  11   1   4   0   0   0   0   0 
5.548260e-018
2  5  0  0  0  0  0  0  0  0 
3.821864e-002
2   8  11   1   5   0   0   0   0   0 
1.856936e-018
2   8  11   1   4   6   5   0   0   0 
1.114217e-018
2  5  6  0  0  0  0  0  0  0 
1.217485e-002
2  5  1  4  6  0  0  0  0  0 
2.784452e-018
2  5  1  4  7  0  0  0  0  0 
2.485874e-002
2  5  6  4  7  0  0  0  0  0 
2.408345e-002
2   8  11   1   4   7   0   0   0   0 
5.566547e-018
2  8  0  0  0  0  0  0  0  0 
2.448040e-002
2   5   1  11   8   0   0   0   0   0 
1.856198e-018
2  5  6  3  9  0  0  0  0  0 
2.197750e-003
2   5   6   3  10   9   0   0   0   0 
5.513824e-018
2  5  1  4  7  9  0  0  0  0 
5.512492e-018
2   5   6   3  10   0   0   0   0   0 
2.709387e-002
2   5   6   3   9  10   0   0   0   0 
5.586070e-018
2   8  11   0   0   0   0   0   0   0 
2.523495e-002
2   5   1  11   0   0   0   0   0   0 
5.564797e-018
3  6  4  1  0  0  0  0  0  0 
6.638782e-004
3  6  5  1  0  0  0  0  0  0 
7.109418e-004
3  9  7  4  1  0  0  0  0  0 
5.471151e-018
3  6  5  2  0  0  0  0  0  0 
6.371832e-003
3  6  4  1  5  2  0  0  0  0 
2.781898e-018
3  6  4  0  0  0  0  0  0  0 
1.151589e-003
3  9  7  4  0  0  0  0  0  0 
5.487625e-018
3  6  5  0  0  0  0  0  0  0 
5.148608e-003
3  6  4  1  5  0  0  0  0  0 
2.780893e-018
3  6  0  0  0  0  0  0  0  0 
2.376061e-003
3  9  7  4  6  0  0  0  0  0 
1.853599e-018
3  10   9   7   4   6   0   0   0   0 
1.390694e-018
3  9  7  0  0  0  0  0  0  0 
3.016811e-003
3  10   9   7   0   0   0   0   0   0 
5.530048e-018
3  6  4  7  0  0  0  0  0  0 
5.522732e-018
3  6  5  2  8  0  0  0  0  0 
7.784389e-003
3   6   4   1  11   8   0   0   0   0 
5.555705e-018
3   6   5   1  11   8   0   0   0   0 
5.555482e-018
3  9  0  0  0  0  0  0  0  0 
5.239550e-003
3  10   9   0   0   0   0   0   0   0 
5.548642e-018
3  6  4  7  9  0  0  0  0  0 
1.854006e-018
3  10   0   0   0   0   0   0   0   0 
1.708846e-003
3   9  10   0   0   0   0   0   0   0 
5.517137e-018
3   6   4   1  11   0   0   0   0   0 
7.304008e-003
3   6   5   1  11   0   0   0   0   0 
7.480761e-003
3   9   7   4   1  11   0   0   0   0 
5.570267e-018
4  1  0  0  0  0  0  0  0  0 
1.267012e-003
4  6  5  1  0  0  0  0  0  0 
2.765496e-018
4  1  5  2  0  0  0  0  0  0 
9.097540e-004
4  6  5  2  0  0  0  0  0  0 
7.775750e-004
4   1  11   8   2   0   0   0   0   0 
5.483163e-018
4  6  3  0  0  0  0  0  0  0 
2.251443e-003
4  7  9  3  0  0  0  0  0  0 
5.524178e-018
4  1  5  6  3  0  0  0  0  0 
2.770581e-018
4  1  5  0  0  0  0  0  0  0 
1.483024e-003
4  6  5  0  0  0  0  0  0  0 
1.408178e-003
4  6  0  0  0  0  0  0  0  0 
1.067251e-003
4  1  5  6  0  0  0  0  0  0 
2.757426e-018
4  7  9  3  6  0  0  0  0  0 
1.844168e-018
4  7  0  0  0  0  0  0  0  0 
5.163258e-003
4  6  3  9  7  0  0  0  0  0 
1.856778e-018
4   6   3  10   9   7   0   0   0   0 
1.392482e-018
4   1  11   8   0   0   0   0   0   0 
1.337938e-002
4  1  5  2  8  0  0  0  0  0 
5.565915e-018
4  6  5  2  8  0  0  0  0  0 
5.568226e-018
4  7  9  0  0  0  0  0  0  0 
4.763240e-004
4  6  3  9  0  0  0  0  0  0 
5.443604e-018
4   6   3  10   9   0   0   0   0   0 
2.742358e-018
4   7   9  10   0   0   0   0   0   0 
4.187198e-004
4   6   3  10   0   0   0   0   0   0 
3.547152e-004
4   6   3   9  10   0   0   0   0   0 
5.470752e-018
4   1  11   0   0   0   0   0   0   0 
2.758140e-003
4   6   5   1  11   0   0   0   0   0 
2.776796e-018
5  1  0  0  0  0  0  0  0  0 
5.611994e-003
5  6  4  1  0  0  0  0  0  0 
2.780340e-018
5   2   8  11   1   0   0   0   0   0 
1.854606e-018
5  2  0  0  0  0  0  0  0  0 
9.201039e-003
5   1  11   8   2   0   0   0   0   0 
1.855884e-018
5  6  3  0  0  0  0  0  0  0 
3.903305e-003
5  1  4  6  3  0  0  0  0  0 
2.779696e-018
5  1  4  0  0  0  0  0  0  0 
1.116332e-003
5  6  4  0  0  0  0  0  0  0 
1.026727e-003
5  6  0  0  0  0  0  0  0  0 
4.940279e-003
5  1  4  6  0  0  0  0  0  0 
2.781162e-018
5  1  4  7  0  0  0  0  0  0 
7.260600e-003
5  6  4  7  0  0  0  0  0  0 
6.947964e-003
5  6  3  9  7  0  0  0  0  0 
5.570499e-018
5  2  8  0  0  0  0  0  0  0 
1.598747e-002
5   1  11   8   0   0   0   0   0   0 
5.563270e-018
5  6  3  9  0  0  0  0  0  0 
8.398150e-004
5  1  4  7  9  0  0  0  0  0 
5.453165e-018
5  6  4  7  9  0  0  0  0  0 
5.452811e-018
5   6   3  10   0   0   0   0   0   0 
1.788043e-003
5   6   3   9  10   0   0   0   0   0 
5.520203e-018
5   1  11   0   0   0   0   0   0   0 
1.547983e-002
5   2   8  11   0   0   0   0   0   0 
5.564379e-018
6  4  1  0  0  0  0  0  0  0 
6.434346e-004
6  5  1  0  0  0  0  0  0  0 
6.934354e-004
6  5  2  0  0  0  0  0  0  0 
3.598802e-003
6  4  1  5  2  0  0  0  0  0 
2.778644e-018
6  3  0  0  0  0  0  0  0  0 
6.333838e-003
6  4  7  9  3  0  0  0  0  0 
1.856426e-018
6   4   7   9  10   3   0   0   0   0 
1.392707e-018
6  4  0  0  0  0  0  0  0  0 
1.046955e-003
6  5  1  4  0  0  0  0  0  0 
2.756916e-018
6  3  9  7  4  0  0  0  0  0 
1.844374e-018
6  5  0  0  0  0  0  0  0  0 
4.951038e-003
6  4  1  5  0  0  0  0  0  0 
2.780684e-018
6  4  7  0  0  0  0  0  0  0 
4.549398e-003
6  3  9  7  0  0  0  0  0  0 
5.560151e-018
6  5  2  8  0  0  0  0  0  0 
7.355904e-003
6   4   1  11   8   0   0   0   0   0 
5.554817e-018
6   5   1  11   8   0   0   0   0   0 
5.554596e-018
6  3  9  0  0  0  0  0  0  0 
2.090710e-004
6   3  10   9   0   0   0   0   0   0 
5.094386e-018
6  4  7  9  0  0  0  0  0  0 
5.089444e-018
6   3  10   0   0   0   0   0   0   0 
1.145002e-003
6   3   9  10   0   0   0   0   0   0 
5.470602e-018
6   4   7   9  10   0   0   0   0   0 
2.755046e-018
6   4   1  11   0   0   0   0   0   0 
2.175787e-003
6   5   1  11   0   0   0   0   0   0 
2.572392e-003
6   5   2   8  11   0   0   0   0   0 
5.530935e-018
7  4  1  0  0  0  0  0  0  0 
7.982451e-003
7  4  6  5  1  0  0  0  0  0 
2.783255e-018
7  4  6  5  2  0  0  0  0  0 
3.222871e-003
7  4  1  5  2  0  0  0  0  0 
3.176792e-003
7  9  3  6  5  2  0  0  0  0 
5.547138e-018
7  9  3  0  0  0  0  0  0  0 
5.496497e-003
7  4  6  3  0  0  0  0  0  0 
5.543363e-018
7   9  10   3   0   0   0   0   0   0 
5.553357e-018
7  4  0  0  0  0  0  0  0  0 
2.736852e-003
7  9  3  6  4  0  0  0  0  0 
1.853790e-018
7   9  10   3   6   4   0   0   0   0 
1.391185e-018
7  4  6  5  0  0  0  0  0  0 
3.213740e-003
7  4  1  5  0  0  0  0  0  0 
3.168964e-003
7  9  3  6  5  0  0  0  0  0 
5.547056e-018
7  4  6  0  0  0  0  0  0  0 
2.014631e-003
7  9  3  6  0  0  0  0  0  0 
5.523951e-018
7   4   1  11   8   0   0   0   0   0 
2.321392e-002
7  4  6  5  2  8  0  0  0  0 
5.572021e-018
7  4  1  5  2  8  0  0  0  0 
5.569605e-018
7  9  0  0  0  0  0  0  0  0 
4.077953e-003
7  4  6  3  9  0  0  0  0  0 
1.854881e-018
7   4   6   3  10   9   0   0   0   0 
1.391419e-018
7   9  10   0   0   0   0   0   0   0 
7.375797e-003
7   9   3  10   0   0   0   0   0   0 
5.556648e-018
7   4   6   3  10   0   0   0   0   0 
2.779797e-018
7   4   1  11   0   0   0   0   0   0 
2.133547e-002
8  11   1   0   0   0   0   0   0   0 
4.280243e-003
8  2  5  1  0  0  0  0  0  0 
5.548394e-018
8  2  0  0  0  0  0  0  0  0 
2.146656e-003
8  11   1   5   2   0   0   0   0   0 
1.851028e-018
8  11   1   4   6   5   2   0   0   0 
1.112014e-018
8  2  5  6  3  0  0  0  0  0 
2.934295e-003
8  11   1   5   6   3   0   0   0   0 
5.529138e-018
8  11   1   4   6   3   0   0   0   0 
5.530521e-018
8  11   1   4   0   0   0   0   0   0 
1.942455e-003
8  2  5  1  4  0  0  0  0  0 
5.507158e-018
8  2  5  6  4  0  0  0  0  0 
5.507180e-018
8  2  5  0  0  0  0  0  0  0 
1.198607e-002
8  11   1   5   0   0   0   0   0   0 
5.561624e-018
8  2  5  6  0  0  0  0  0  0 
3.631315e-003
8  11   1   5   6   0   0   0   0   0 
5.537710e-018
8  11   1   4   6   0   0   0   0   0 
5.539305e-018
8  11   1   4   7   0   0   0   0   0 
2.041141e-002
8  2  5  1  4  7  0  0  0  0 
5.568318e-018
8  2  5  6  4  7  0  0  0  0 
5.568515e-018
8  11   1   4   7   9   0   0   0   0 
3.831520e-004
8  2  5  6  3  9  0  0  0  0 
4.266960e-004
8  11   1   5   6   3   9   0   0   0 
5.479544e-018
8   2   5   6   3  10   0   0   0   0 
7.950381e-003
8   2   5   6   3   9  10   0   0   0 
5.573456e-018
8  11   1   4   7   9  10   0   0   0 
5.565115e-018
8  11   0   0   0   0   0   0   0   0 
4.556008e-002
8   2   5   1  11   0   0   0   0   0 
1.856814e-018
9  7  4  1  0  0  0  0  0  0 
1.114749e-003
9  3  6  4  1  0  0  0  0  0 
5.455569e-018
9  3  6  5  1  0  0  0  0  0 
5.455688e-018
9  3  6  5  2  0  0  0  0  0 
8.888170e-004
9  10   3   6   5   2   0   0   0   0 
5.447898e-018
9  7  4  6  5  2  0  0  0  0 
5.450028e-018
9  3  0  0  0  0  0  0  0  0 
5.424494e-003
9  10   3   0   0   0   0   0   0   0 
5.554191e-018
9  7  4  6  3  0  0  0  0  0 
1.854749e-018
9  7  4  0  0  0  0  0  0  0 
1.017648e-003
9  3  6  4  0  0  0  0  0  0 
5.455256e-018
9  10   3   6   4   0   0   0   0   0 
2.749904e-018
9  3  6  5  0  0  0  0  0  0 
2.439161e-003
9  10   3   6   5   0   0   0   0   0 
5.521862e-018
9  7  4  6  5  0  0  0  0  0 
5.521210e-018
9  3  6  0  0  0  0  0  0  0 
2.521670e-004
9  10   3   6   0   0   0   0   0   0 
4.896309e-018
9  7  4  6  0  0  0  0  0  0 
4.908896e-018
9  7  0  0  0  0  0  0  0  0 
2.186161e-003
9  3  6  4  7  0  0  0  0  0 
1.851467e-018
9  10   3   6   4   7   0   0   0   0 
1.389818e-018
9   7   4   1  11   8   0   0   0   0 
1.599722e-003
9  3  6  5  2  8  0  0  0  0 
2.325788e-003
9  10   3   6   5   2   8   0   0   0 
5.526119e-018
9  10   0   0   0   0   0   0   0   0 
1.505912e-003
9   3  10   0   0   0   0   0   0   0 
5.505550e-018
9   7   4   1  11   0   0   0   0   0 
1.328655e-003
9   3   6   4   1  11   0   0   0   0 
5.472010e-018
9   3   6   5   1  11   0   0   0   0 
5.471954e-018
10   3   6   4   1   0   0   0   0   0 
1.046363e-003
10   9   7   4   1   0   0   0   0   0 
1.277453e-003
10   3   6   5   1   0   0   0   0   0 
1.121305e-003
10   3   6   5   2   0   0   0   0   0 
3.392415e-003
10   9   3   6   5   2   0   0   0   0 
5.547397e-018
10   3   0   0   0   0   0   0   0   0 
4.951119e-003
10   9   3   0   0   0   0   0   0   0 
5.558183e-018
10   3   6   4   0   0   0   0   0   0 
6.931415e-004
10   9   7   4   0   0   0   0   0   0 
8.368735e-004
10   3   9   7   4   0   0   0   0   0 
5.477040e-018
10   3   6   5   0   0   0   0   0   0 
6.067221e-003
10   9   3   6   5   0   0   0   0   0 
5.562555e-018
10   3   6   0   0   0   0   0   0   0 
2.035378e-003
10   9   3   6   0   0   0   0   0   0 
5.525294e-018
10   9   7   0   0   0   0   0   0   0 
1.166272e-002
10   3   9   7   0   0   0   0   0   0 
5.568394e-018
10   3   6   5   2   8   0   0   0   0 
1.108370e-002
10   9   3   6   5   2   8   0   0   0 
5.570950e-018
10   3   6   5   1  11   8   0   0   0 
5.559918e-018
10   9   0   0   0   0   0   0   0   0 
2.075393e-003
10   3   9   0   0   0   0   0   0   0 
5.524292e-018
10   3   6   4   1  11   0   0   0   0 
3.223491e-003
10   3   6   5   1  11   0   0   0   0 
3.337872e-003
10   9   7   4   1  11   0   0   0   0 
4.933779e-003
11   1   0   0   0   0   0   0   0   0 
2.567376e-002
11   8   2   5   1   0   0   0   0   0 
1.856751e-018
11   8   2   0   0   0   0   0   0   0 
4.339129e-003
11   1   5   2   0   0   0   0   0   0 
5.545425e-018
11   1   4   6   3   0   0   0   0   0 
2.473087e-003
11   1   5   6   3   0   0   0   0   0 
2.528864e-003
11   8   2   5   6   3   0   0   0   0 
5.531835e-018
11   1   4   0   0   0   0   0   0   0 
1.779829e-003
11   1   5   6   4   0   0   0   0   0 
2.771094e-018
11   1   5   0   0   0   0   0   0   0 
1.048032e-002
11   8   2   5   0   0   0   0   0   0 
5.560302e-018
11   1   4   6   5   0   0   0   0   0 
2.783066e-018
11   1   4   6   0   0   0   0   0   0 
1.843937e-003
11   1   5   6   0   0   0   0   0   0 
1.946623e-003
11   8   2   5   6   0   0   0   0   0 
5.521645e-018
11   1   4   7   0   0   0   0   0   0 
2.092140e-002
11   8   0   0   0   0   0   0   0   0 
2.421507e-002
11   1   5   2   8   0   0   0   0   0 
1.856652e-018
11   1   4   7   9   0   0   0   0   0 
8.824640e-004
11   1   4   6   3   9   0   0   0   0 
5.447280e-018
11   1   5   6   3   9   0   0   0   0 
5.449264e-018
11   1   4   7   9  10   0   0   0   0 
1.439915e-003
11   1   5   6   3  10   0   0   0   0 
1.078009e-003
11   1   4   6   3  10   0   0   0   0 
9.494741e-004
