1  5  2  0  0  0  0  0  0  0 
4.548991e-003
1  11   8   2   0   0   0   0   0   0 
1.213089e-017
1  4  6  5  2  0  0  0  0  0 
6.080700e-018
1  4  6  3  0  0  0  0  0  0 
1.206376e-003
1  5  6  3  0  0  0  0  0  0 
1.204705e-003
1  4  7  9  3  0  0  0  0  0 
1.199606e-017
1  4  0  0  0  0  0  0  0  0 
1.784047e-003
1  5  6  4  0  0  0  0  0  0 
6.059160e-018
1  5  0  0  0  0  0  0  0  0 
3.043665e-003
1  4  6  5  0  0  0  0  0  0 
6.074359e-018
1  11   8   2   5   0   0   0   0   0 
4.054082e-018
1  4  6  0  0  0  0  0  0  0 
6.177362e-004
1  5  6  0  0  0  0  0  0  0 
6.603028e-004
1  4  7  0  0  0  0  0  0  0 
9.727607e-003
1  5  6  4  7  0  0  0  0  0 
6.091865e-018
1  11   8   0   0   0   0   0   0   0 
1.085218e-002
1  5  2  8  0  0  0  0  0  0 
1.217657e-017
1  4  6  5  2  8  0  0  0  0 
4.063095e-018
1  4  7  9  0  0  0  0  0  0 
3.040150e-004
1  4  6  3  9  0  0  0  0  0 
1.089701e-017
1  5  6  3  9  0  0  0  0  0 
1.088104e-017
1   4   6   3  10   0   0   0   0   0 
1.444078e-003
1   5   6   3  10   0   0   0   0   0 
1.410530e-003
1   4   7   9  10   0   0   0   0   0 
1.556095e-003
1  11   0   0   0   0   0   0   0   0 
3.557356e-002
1   5   2   8  11   0   0   0   0   0 
4.064785e-018
2  5  1  0  0  0  0  0  0  0 
6.265137e-003
2   8  11   1   0   0   0   0   0   0 
1.214670e-017
2  5  6  4  1  0  0  0  0  0 
6.084382e-018
2  5  6  3  0  0  0  0  0  0 
1.690791e-002
2  5  1  4  6  3  0  0  0  0 
6.096234e-018
2  5  1  4  0  0  0  0  0  0 
3.910201e-003
2  5  6  4  0  0  0  0  0  0 
4.109261e-003
2   8  11   1   4   0   0   0   0   0 
1.212415e-017
2  5  0  0  0  0  0  0  0  0 
3.461542e-002
2   8  11   1   5   0   0   0   0   0 
4.064611e-018
2   8  11   1   4   6   5   0   0   0 
2.438935e-018
2  5  6  0  0  0  0  0  0  0 
1.353793e-002
2  5  1  4  6  0  0  0  0  0 
6.095170e-018
2  5  1  4  7  0  0  0  0  0 
2.172713e-002
2  5  6  4  7  0  0  0  0  0 
2.454851e-002
2   8  11   1   4   7   0   0   0   0 
1.218065e-017
2  8  0  0  0  0  0  0  0  0 
2.505843e-002
2   5   1  11   8   0   0   0   0   0 
4.062857e-018
2  5  6  3  9  0  0  0  0  0 
2.489097e-003
2   5   6   3  10   9   0   0   0   0 
1.207850e-017
2  5  1  4  7  9  0  0  0  0 
1.207073e-017
2   5   6   3  10   0   0   0   0   0 
2.369169e-002
2   5   6   3   9  10   0   0   0   0 
1.223280e-017
2   8  11   0   0   0   0   0   0   0 
3.027230e-002
2   5   1  11   0   0   0   0   0   0 
1.218075e-017
3  6  4  1  0  0  0  0  0  0 
1.486082e-003
3  6  5  1  0  0  0  0  0  0 
1.458785e-003
3  9  7  4  1  0  0  0  0  0 
1.204490e-017
3  6  5  2  0  0  0  0  0  0 
6.360308e-003
3  6  4  1  5  2  0  0  0  0 
6.087700e-018
3  6  4  0  0  0  0  0  0  0 
8.622940e-004
3  9  7  4  0  0  0  0  0  0 
1.186056e-017
3  6  5  0  0  0  0  0  0  0 
6.230357e-003
3  6  4  1  5  0  0  0  0  0 
6.087461e-018
3  6  0  0  0  0  0  0  0  0 
2.215831e-003
3  9  7  4  6  0  0  0  0  0 
4.054975e-018
3  10   9   7   4   6   0   0   0   0 
3.042827e-018
3  9  7  0  0  0  0  0  0  0 
4.007221e-003
3  10   9   7   0   0   0   0   0   0 
1.211679e-017
3  6  4  7  0  0  0  0  0  0 
1.208696e-017
3  6  5  2  8  0  0  0  0  0 
1.089608e-002
3   6   4   1  11   8   0   0   0   0 
1.216552e-017
3   6   5   1  11   8   0   0   0   0 
1.216511e-017
3  9  0  0  0  0  0  0  0  0 
3.651069e-003
3  10   9   0   0   0   0   0   0   0 
1.211135e-017
3  6  4  7  9  0  0  0  0  0 
4.053493e-018
3  10   0   0   0   0   0   0   0   0 
2.033023e-003
3   9  10   0   0   0   0   0   0   0 
1.209419e-017
3   6   4   1  11   0   0   0   0   0 
8.795791e-003
3   6   5   1  11   0   0   0   0   0 
8.389096e-003
3   9   7   4   1  11   0   0   0   0 
1.219698e-017
4  1  0  0  0  0  0  0  0  0 
1.483444e-003
4  6  5  1  0  0  0  0  0  0 
6.052438e-018
4  1  5  2  0  0  0  0  0  0 
9.268666e-004
4  6  5  2  0  0  0  0  0  0 
9.069734e-004
4   1  11   8   2   0   0   0   0   0 
1.192580e-017
4  6  3  0  0  0  0  0  0  0 
2.146606e-003
4  7  9  3  0  0  0  0  0  0 
1.207770e-017
4  1  5  6  3  0  0  0  0  0 
6.059240e-018
4  1  5  0  0  0  0  0  0  0 
1.368800e-003
4  6  5  0  0  0  0  0  0  0 
1.314815e-003
4  6  0  0  0  0  0  0  0  0 
1.230792e-003
4  1  5  6  0  0  0  0  0  0 
6.040354e-018
4  7  9  3  6  0  0  0  0  0 
4.039093e-018
4  7  0  0  0  0  0  0  0  0 
3.937178e-003
4  6  3  9  7  0  0  0  0  0 
4.062487e-018
4   6   3  10   9   7   0   0   0   0 
3.047090e-018
4   1  11   8   0   0   0   0   0   0 
1.278720e-002
4  1  5  2  8  0  0  0  0  0 
1.218036e-017
4  6  5  2  8  0  0  0  0  0 
1.218679e-017
4  7  9  0  0  0  0  0  0  0 
4.839110e-004
4  6  3  9  0  0  0  0  0  0 
1.137523e-017
4   6   3  10   9   0   0   0   0   0 
5.797598e-018
4   7   9  10   0   0   0   0   0   0 
4.326577e-004
4   6   3  10   0   0   0   0   0   0 
4.357843e-004
4   6   3   9  10   0   0   0   0   0 
1.174807e-017
4   1  11   0   0   0   0   0   0   0 
9.924701e-003
4   6   5   1  11   0   0   0   0   0 
6.093357e-018
5  1  0  0  0  0  0  0  0  0 
6.662704e-003
5  6  4  1  0  0  0  0  0  0 
6.085431e-018
5   2   8  11   1   0   0   0   0   0 
4.059299e-018
5  2  0  0  0  0  0  0  0  0 
8.049919e-003
5   1  11   8   2   0   0   0   0   0 
4.061775e-018
5  6  3  0  0  0  0  0  0  0 
2.532979e-003
5  1  4  6  3  0  0  0  0  0 
6.071862e-018
5  1  4  0  0  0  0  0  0  0 
1.427471e-003
5  6  4  0  0  0  0  0  0  0 
1.400935e-003
5  6  0  0  0  0  0  0  0  0 
4.534134e-003
5  1  4  6  0  0  0  0  0  0 
6.084395e-018
5  1  4  7  0  0  0  0  0  0 
6.621404e-003
5  6  4  7  0  0  0  0  0  0 
6.967502e-003
5  6  3  9  7  0  0  0  0  0 
1.219346e-017
5  2  8  0  0  0  0  0  0  0 
1.802076e-002
5   1  11   8   0   0   0   0   0   0 
1.217631e-017
5  6  3  9  0  0  0  0  0  0 
1.061633e-003
5  1  4  7  9  0  0  0  0  0 
1.179447e-017
5  6  4  7  9  0  0  0  0  0 
1.180018e-017
5   6   3  10   0   0   0   0   0   0 
1.877546e-003
5   6   3   9  10   0   0   0   0   0 
1.208169e-017
5   1  11   0   0   0   0   0   0   0 
1.626922e-002
5   2   8  11   0   0   0   0   0   0 
1.217696e-017
6  4  1  0  0  0  0  0  0  0 
6.882783e-004
6  5  1  0  0  0  0  0  0  0 
6.859377e-004
6  5  2  0  0  0  0  0  0  0 
4.054775e-003
6  4  1  5  2  0  0  0  0  0 
6.081243e-018
6  3  0  0  0  0  0  0  0  0 
6.969885e-003
6  4  7  9  3  0  0  0  0  0 
4.063513e-018
6   4   7   9  10   3   0   0   0   0 
3.048864e-018
6  4  0  0  0  0  0  0  0  0 
1.005020e-003
6  5  1  4  0  0  0  0  0  0 
6.032096e-018
6  3  9  7  4  0  0  0  0  0 
4.035378e-018
6  5  0  0  0  0  0  0  0  0 
4.243259e-003
6  4  1  5  0  0  0  0  0  0 
6.082030e-018
6  4  7  0  0  0  0  0  0  0 
3.943504e-003
6  3  9  7  0  0  0  0  0  0 
1.215883e-017
6  5  2  8  0  0  0  0  0  0 
8.436840e-003
6   4   1  11   8   0   0   0   0   0 
1.215739e-017
6   5   1  11   8   0   0   0   0   0 
1.215700e-017
6  3  9  0  0  0  0  0  0  0 
1.660230e-004
6   3  10   9   0   0   0   0   0   0 
1.003831e-017
6  4  7  9  0  0  0  0  0  0 
1.012211e-017
6   3  10   0   0   0   0   0   0   0 
1.133206e-003
6   3   9  10   0   0   0   0   0   0 
1.192288e-017
6   4   7   9  10   0   0   0   0   0 
6.021856e-018
6   4   1  11   0   0   0   0   0   0 
3.174884e-003
6   5   1  11   0   0   0   0   0   0 
3.044502e-003
6   5   2   8  11   0   0   0   0   0 
1.210658e-017
7  4  1  0  0  0  0  0  0  0 
7.680776e-003
7  4  6  5  1  0  0  0  0  0 
6.091170e-018
7  4  6  5  2  0  0  0  0  0 
2.847067e-003
7  4  1  5  2  0  0  0  0  0 
2.639983e-003
7  9  3  6  5  2  0  0  0  0 
1.211637e-017
7  9  3  0  0  0  0  0  0  0 
7.757369e-003
7  4  6  3  0  0  0  0  0  0 
1.213577e-017
7   9  10   3   0   0   0   0   0   0 
1.217022e-017
7  4  0  0  0  0  0  0  0  0 
6.855386e-002
7  9  3  6  4  0  0  0  0  0 
4.068599e-018
7   9  10   3   6   4   0   0   0   0 
3.051794e-018
7  4  6  5  0  0  0  0  0  0 
2.937433e-003
7  4  1  5  0  0  0  0  0  0 
2.709608e-003
7  9  3  6  5  0  0  0  0  0 
1.211909e-017
7  4  6  0  0  0  0  0  0  0 
2.585025e-003
7  9  3  6  0  0  0  0  0  0 
1.210390e-017
7   4   1  11   8   0   0   0   0   0 
2.806247e-002
7  4  6  5  2  8  0  0  0  0 
1.220029e-017
7  4  1  5  2  8  0  0  0  0 
1.219354e-017
7  9  0  0  0  0  0  0  0  0 
4.040277e-003
7  4  6  3  9  0  0  0  0  0 
4.059287e-018
7   4   6   3  10   9   0   0   0   0 
3.045283e-018
7   9  10   0   0   0   0   0   0   0 
8.151944e-003
7   9   3  10   0   0   0   0   0   0 
1.215810e-017
7   4   6   3  10   0   0   0   0   0 
6.082561e-018
7   4   1  11   0   0   0   0   0   0 
2.441057e-002
8  11   1   0   0   0   0   0   0   0 
4.433170e-003
8  2  5  1  0  0  0  0  0  0 
1.213995e-017
8  2  0  0  0  0  0  0  0  0 
2.414651e-003
8  11   1   5   2   0   0   0   0   0 
4.050461e-018
8  11   1   4   6   5   2   0   0   0 
2.433630e-018
8  2  5  6  3  0  0  0  0  0 
3.139871e-003
8  11   1   5   6   3   0   0   0   0 
1.209763e-017
8  11   1   4   6   3   0   0   0   0 
1.210215e-017
8  11   1   4   0   0   0   0   0   0 
1.815238e-003
8  2  5  1  4  0  0  0  0  0 
1.203436e-017
8  2  5  6  4  0  0  0  0  0 
1.203480e-017
8  2  5  0  0  0  0  0  0  0 
8.105960e-003
8  11   1   5   0   0   0   0   0   0 
1.215484e-017
8  2  5  6  0  0  0  0  0  0 
4.096875e-003
8  11   1   5   6   0   0   0   0   0 
1.211774e-017
8  11   1   4   6   0   0   0   0   0 
1.212276e-017
8  11   1   4   7   0   0   0   0   0 
2.213684e-002
8  2  5  1  4  7  0  0  0  0 
1.219280e-017
8  2  5  6  4  7  0  0  0  0 
1.219395e-017
8  11   1   4   7   9   0   0   0   0 
4.349329e-004
8  2  5  6  3  9  0  0  0  0 
4.460531e-004
8  11   1   5   6   3   9   0   0   0 
1.175850e-017
8   2   5   6   3  10   0   0   0   0 
7.148301e-003
8   2   5   6   3   9  10   0   0   0 
1.219773e-017
8  11   1   4   7   9  10   0   0   0 
1.216938e-017
8  11   0   0   0   0   0   0   0   0 
5.058087e-002
8   2   5   1  11   0   0   0   0   0 
4.064933e-018
9  7  4  1  0  0  0  0  0  0 
1.155957e-003
9  3  6  4  1  0  0  0  0  0 
1.184508e-017
9  3  6  5  1  0  0  0  0  0 
1.184305e-017
9  3  6  5  2  0  0  0  0  0 
9.846850e-004
9  10   3   6   5   2   0   0   0   0 
1.173797e-017
9  7  4  6  5  2  0  0  0  0 
1.174675e-017
9  3  0  0  0  0  0  0  0  0 
5.544324e-003
9  10   3   0   0   0   0   0   0   0 
1.215565e-017
9  7  4  6  3  0  0  0  0  0 
4.059004e-018
9  7  4  0  0  0  0  0  0  0 
1.065533e-003
9  3  6  4  0  0  0  0  0  0 
1.188151e-017
9  10   3   6   4   0   0   0   0   0 
6.013563e-018
9  3  6  5  0  0  0  0  0  0 
2.758111e-003
9  10   3   6   5   0   0   0   0   0 
1.210193e-017
9  7  4  6  5  0  0  0  0  0 
1.209255e-017
9  3  6  0  0  0  0  0  0  0 
2.253460e-004
9  10   3   6   0   0   0   0   0   0 
1.161672e-017
9  7  4  6  0  0  0  0  0  0 
1.165784e-017
9  7  0  0  0  0  0  0  0  0 
2.695843e-003
9  3  6  4  7  0  0  0  0  0 
4.053028e-018
9  10   3   6   4   7   0   0   0   0 
3.042837e-018
9   7   4   1  11   8   0   0   0   0 
1.509784e-003
9  3  6  5  2  8  0  0  0  0 
1.831577e-003
9  10   3   6   5   2   8   0   0   0 
1.205353e-017
9  10   0   0   0   0   0   0   0   0 
1.400030e-003
9   3  10   0   0   0   0   0   0   0 
1.199585e-017
9   7   4   1  11   0   0   0   0   0 
1.357692e-003
9   3   6   4   1  11   0   0   0   0 
1.193094e-017
9   3   6   5   1  11   0   0   0   0 
1.192971e-017
10   3   6   4   1   0   0   0   0   0 
1.082671e-003
10   9   7   4   1   0   0   0   0   0 
1.168337e-003
10   3   6   5   1   0   0   0   0   0 
1.066253e-003
10   3   6   5   2   0   0   0   0   0 
2.987328e-003
10   9   3   6   5   2   0   0   0   0 
1.212384e-017
10   3   0   0   0   0   0   0   0   0 
6.759727e-003
10   9   3   0   0   0   0   0   0   0 
1.217847e-017
10   3   6   4   0   0   0   0   0   0 
1.021435e-003
10   9   7   4   0   0   0   0   0   0 
1.091199e-003
10   3   9   7   4   0   0   0   0   0 
1.197092e-017
10   3   6   5   0   0   0   0   0   0 
3.980351e-003
10   9   3   6   5   0   0   0   0   0 
1.214754e-017
10   3   6   0   0   0   0   0   0   0 
1.929541e-003
10   9   3   6   0   0   0   0   0   0 
1.207251e-017
10   9   7   0   0   0   0   0   0   0 
1.039057e-002
10   3   9   7   0   0   0   0   0   0 
1.218410e-017
10   3   6   5   2   8   0   0   0   0 
1.021208e-002
10   9   3   6   5   2   8   0   0   0 
1.219271e-017
10   3   6   5   1  11   8   0   0   0 
1.216332e-017
10   9   0   0   0   0   0   0   0   0 
1.920573e-003
10   3   9   0   0   0   0   0   0   0 
1.206575e-017
10   3   6   4   1  11   0   0   0   0 
3.272541e-003
10   3   6   5   1  11   0   0   0   0 
3.182739e-003
10   9   7   4   1  11   0   0   0   0 
4.564895e-003
11   1   0   0   0   0   0   0   0   0 
2.502070e-002
11   8   2   5   1   0   0   0   0   0 
4.064632e-018
11   8   2   0   0   0   0   0   0   0 
2.454954e-003
11   1   5   2   0   0   0   0   0   0 
1.207758e-017
11   1   4   6   3   0   0   0   0   0 
2.598685e-003
11   1   5   6   3   0   0   0   0   0 
2.310098e-003
11   8   2   5   6   3   0   0   0   0 
1.208522e-017
11   1   4   0   0   0   0   0   0   0 
1.930155e-003
11   1   5   6   4   0   0   0   0   0 
6.062116e-018
11   1   5   0   0   0   0   0   0   0 
1.161287e-002
11   8   2   5   0   0   0   0   0   0 
1.217142e-017
11   1   4   6   5   0   0   0   0   0 
6.091429e-018
11   1   4   6   0   0   0   0   0   0 
2.253845e-003
11   1   5   6   0   0   0   0   0   0 
2.035515e-003
11   8   2   5   6   0   0   0   0   0 
1.207076e-017
11   1   4   7   0   0   0   0   0   0 
1.981363e-002
11   8   0   0   0   0   0   0   0   0 
2.351264e-002
11   1   5   2   8   0   0   0   0   0 
4.063937e-018
11   1   4   7   9   0   0   0   0   0 
1.144679e-003
11   1   4   6   3   9   0   0   0   0 
1.184354e-017
11   1   5   6   3   9   0   0   0   0 
1.183694e-017
11   1   4   7   9  10   0   0   0   0 
1.151242e-003
11   1   5   6   3  10   0   0   0   0 
1.095889e-003
11   1   4   6   3  10   0   0   0   0 
1.093713e-003
