1  5  2  0  0  0  0  0  0  0 
6.711462e-003
1  11   8   2   0   0   0   0   0   0 
1.373306e-015
1  4  6  5  2  0  0  0  0  0 
6.887232e-016
1  4  6  3  0  0  0  0  0  0 
1.106928e-003
1  5  6  3  0  0  0  0  0  0 
1.068868e-003
1  4  7  9  3  0  0  0  0  0 
1.346573e-015
1  4  0  0  0  0  0  0  0  0 
1.220151e-003
1  5  6  4  0  0  0  0  0  0 
6.803405e-016
1  5  0  0  0  0  0  0  0  0 
5.248873e-003
1  4  6  5  0  0  0  0  0  0 
6.882959e-016
1  11   8   2   5   0   0   0   0   0 
4.592905e-016
1  4  6  0  0  0  0  0  0  0 
1.139941e-003
1  5  6  0  0  0  0  0  0  0 
1.093384e-003
1  4  7  0  0  0  0  0  0  0 
4.972947e-003
1  5  6  4  7  0  0  0  0  0 
6.883907e-016
1  11   8   0   0   0   0   0   0   0 
1.291078e-002
1  5  2  8  0  0  0  0  0  0 
1.378814e-015
1  4  6  5  2  8  0  0  0  0 
4.603083e-016
1  4  7  9  0  0  0  0  0  0 
2.462850e-004
1  4  6  3  9  0  0  0  0  0 
1.116933e-015
1  5  6  3  9  0  0  0  0  0 
1.138285e-015
1   4   6   3  10   0   0   0   0   0 
1.651487e-003
1   5   6   3  10   0   0   0   0   0 
1.580436e-003
1   4   7   9  10   0   0   0   0   0 
2.465806e-003
1  11   0   0   0   0   0   0   0   0 
4.281668e-002
1   5   2   8  11   0   0   0   0   0 
4.605784e-016
2  5  1  0  0  0  0  0  0  0 
8.214162e-003
2   8  11   1   0   0   0   0   0   0 
1.375187e-015
2  5  6  4  1  0  0  0  0  0 
6.889486e-016
2  5  6  3  0  0  0  0  0  0 
1.903921e-002
2  5  1  4  6  3  0  0  0  0 
6.906220e-016
2  5  1  4  0  0  0  0  0  0 
7.164360e-003
2  5  6  4  0  0  0  0  0  0 
6.894912e-003
2   8  11   1   4   0   0   0   0   0 
1.374907e-015
2  5  0  0  0  0  0  0  0  0 
4.882793e-002
2   8  11   1   5   0   0   0   0   0 
4.605793e-016
2   8  11   1   4   6   5   0   0   0 
2.763706e-016
2  5  6  0  0  0  0  0  0  0 
1.240184e-002
2  5  1  4  6  0  0  0  0  0 
6.902369e-016
2  5  1  4  7  0  0  0  0  0 
2.539206e-002
2  5  6  4  7  0  0  0  0  0 
2.689371e-002
2   8  11   1   4   7   0   0   0   0 
1.380053e-015
2  8  0  0  0  0  0  0  0  0 
2.369204e-002
2   5   1  11   8   0   0   0   0   0 
4.601572e-016
2  5  6  3  9  0  0  0  0  0 
2.529267e-003
2   5   6   3  10   9   0   0   0   0 
1.359053e-015
2  5  1  4  7  9  0  0  0  0 
1.358923e-015
2   5   6   3  10   0   0   0   0   0 
2.882510e-002
2   5   6   3   9  10   0   0   0   0 
1.386976e-015
2   8  11   0   0   0   0   0   0   0 
1.927506e-002
2   5   1  11   0   0   0   0   0   0 
1.377751e-015
3  6  4  1  0  0  0  0  0  0 
9.170645e-004
3  6  5  1  0  0  0  0  0  0 
8.918175e-004
3  9  7  4  1  0  0  0  0  0 
1.340772e-015
3  6  5  2  0  0  0  0  0  0 
2.944289e-003
3  6  4  1  5  2  0  0  0  0 
6.864904e-016
3  6  4  0  0  0  0  0  0  0 
7.686640e-004
3  9  7  4  0  0  0  0  0  0 
1.319768e-015
3  6  5  0  0  0  0  0  0  0 
2.836127e-003
3  6  4  1  5  0  0  0  0  0 
6.863152e-016
3  6  0  0  0  0  0  0  0  0 
1.522193e-003
3  9  7  4  6  0  0  0  0  0 
4.563080e-016
3  10   9   7   4   6   0   0   0   0 
3.430928e-016
3  9  7  0  0  0  0  0  0  0 
3.641654e-003
3  10   9   7   0   0   0   0   0   0 
1.365784e-015
3  6  4  7  0  0  0  0  0  0 
1.363288e-015
3  6  5  2  8  0  0  0  0  0 
5.619364e-003
3   6   4   1  11   8   0   0   0   0 
1.369792e-015
3   6   5   1  11   8   0   0   0   0 
1.369812e-015
3  9  0  0  0  0  0  0  0  0 
2.286912e-003
3  10   9   0   0   0   0   0   0   0 
1.358685e-015
3  6  4  7  9  0  0  0  0  0 
4.573146e-016
3  10   0   0   0   0   0   0   0   0 
1.825756e-003
3   9  10   0   0   0   0   0   0   0 
1.352867e-015
3   6   4   1  11   0   0   0   0   0 
6.574583e-003
3   6   5   1  11   0   0   0   0   0 
6.962951e-003
3   9   7   4   1  11   0   0   0   0 
1.377786e-015
4  1  0  0  0  0  0  0  0  0 
8.168800e-004
4  6  5  1  0  0  0  0  0  0 
6.758703e-016
4  1  5  2  0  0  0  0  0  0 
1.358115e-003
4  6  5  2  0  0  0  0  0  0 
1.430831e-003
4   1  11   8   2   0   0   0   0   0 
1.354134e-015
4  6  3  0  0  0  0  0  0  0 
1.670070e-003
4  7  9  3  0  0  0  0  0  0 
1.347211e-015
4  1  5  6  3  0  0  0  0  0 
6.802463e-016
4  1  5  0  0  0  0  0  0  0 
9.408047e-004
4  6  5  0  0  0  0  0  0  0 
9.862093e-004
4  6  0  0  0  0  0  0  0  0 
1.070238e-003
4  1  5  6  0  0  0  0  0  0 
6.765616e-016
4  7  9  3  6  0  0  0  0  0 
4.539101e-016
4  7  0  0  0  0  0  0  0  0 
2.983415e-003
4  6  3  9  7  0  0  0  0  0 
4.590679e-016
4   6   3  10   9   7   0   0   0   0 
3.446748e-016
4   1  11   8   0   0   0   0   0   0 
1.236460e-002
4  1  5  2  8  0  0  0  0  0 
1.378397e-015
4  6  5  2  8  0  0  0  0  0 
1.379575e-015
4  7  9  0  0  0  0  0  0  0 
4.325480e-004
4  6  3  9  0  0  0  0  0  0 
1.243089e-015
4   6   3  10   9   0   0   0   0   0 
6.351287e-016
4   7   9  10   0   0   0   0   0   0 
2.988934e-004
4   6   3  10   0   0   0   0   0   0 
4.544636e-004
4   6   3   9  10   0   0   0   0   0 
1.336800e-015
4   1  11   0   0   0   0   0   0   0 
1.090287e-002
4   6   5   1  11   0   0   0   0   0 
6.901237e-016
5  1  0  0  0  0  0  0  0  0 
6.799077e-003
5  6  4  1  0  0  0  0  0  0 
6.887019e-016
5   2   8  11   1   0   0   0   0   0 
4.596048e-016
5  2  0  0  0  0  0  0  0  0 
7.742895e-003
5   1  11   8   2   0   0   0   0   0 
4.599115e-016
5  6  3  0  0  0  0  0  0  0 
2.473626e-003
5  1  4  6  3  0  0  0  0  0 
6.857807e-016
5  1  4  0  0  0  0  0  0  0 
1.182216e-003
5  6  4  0  0  0  0  0  0  0 
1.181486e-003
5  6  0  0  0  0  0  0  0  0 
4.269596e-003
5  1  4  6  0  0  0  0  0  0 
6.881321e-016
5  1  4  7  0  0  0  0  0  0 
6.640359e-003
5  6  4  7  0  0  0  0  0  0 
6.338076e-003
5  6  3  9  7  0  0  0  0  0 
1.378542e-015
5  2  8  0  0  0  0  0  0  0 
2.030695e-002
5   1  11   8   0   0   0   0   0   0 
1.378451e-015
5  6  3  9  0  0  0  0  0  0 
8.768690e-004
5  1  4  7  9  0  0  0  0  0 
1.295772e-015
5  6  4  7  9  0  0  0  0  0 
1.295126e-015
5   6   3  10   0   0   0   0   0   0 
1.700289e-003
5   6   3   9  10   0   0   0   0   0 
1.350614e-015
5   1  11   0   0   0   0   0   0   0 
1.601782e-002
5   2   8  11   0   0   0   0   0   0 
1.378918e-015
6  4  1  0  0  0  0  0  0  0 
3.930170e-004
6  5  1  0  0  0  0  0  0  0 
3.608790e-004
6  5  2  0  0  0  0  0  0  0 
3.149101e-003
6  4  1  5  2  0  0  0  0  0 
6.867891e-016
6  3  0  0  0  0  0  0  0  0 
1.477643e-003
6  4  7  9  3  0  0  0  0  0 
4.564010e-016
6   4   7   9  10   3   0   0   0   0 
3.430561e-016
6  4  0  0  0  0  0  0  0  0 
6.260100e-004
6  5  1  4  0  0  0  0  0  0 
6.672297e-016
6  3  9  7  4  0  0  0  0  0 
4.478955e-016
6  5  0  0  0  0  0  0  0  0 
4.720267e-003
6  4  1  5  0  0  0  0  0  0 
6.882126e-016
6  4  7  0  0  0  0  0  0  0 
2.946280e-003
6  3  9  7  0  0  0  0  0  0 
1.365723e-015
6  5  2  8  0  0  0  0  0  0 
6.529512e-003
6   4   1  11   8   0   0   0   0   0 
1.371634e-015
6   5   1  11   8   0   0   0   0   0 
1.371653e-015
6  3  9  0  0  0  0  0  0  0 
2.008100e-004
6   3  10   9   0   0   0   0   0   0 
1.467176e-015
6  4  7  9  0  0  0  0  0  0 
1.186756e-015
6   3  10   0   0   0   0   0   0   0 
1.072375e-003
6   3   9  10   0   0   0   0   0   0 
1.320992e-015
6   4   7   9  10   0   0   0   0   0 
6.737045e-016
6   4   1  11   0   0   0   0   0   0 
2.012129e-003
6   5   1  11   0   0   0   0   0   0 
2.031089e-003
6   5   2   8  11   0   0   0   0   0 
1.360563e-015
7  4  1  0  0  0  0  0  0  0 
6.335040e-003
7  4  6  5  1  0  0  0  0  0 
6.892155e-016
7  4  6  5  2  0  0  0  0  0 
3.365817e-003
7  4  1  5  2  0  0  0  0  0 
3.015058e-003
7  9  3  6  5  2  0  0  0  0 
1.371799e-015
7  9  3  0  0  0  0  0  0  0 
1.961161e-003
7  4  6  3  0  0  0  0  0  0 
1.350145e-015
7   9  10   3   0   0   0   0   0   0 
1.349249e-015
7  4  0  0  0  0  0  0  0  0 
3.684908e-002
7  9  3  6  4  0  0  0  0  0 
4.615170e-016
7   9  10   3   6   4   0   0   0   0 
3.459751e-016
7  4  6  5  0  0  0  0  0  0 
4.518715e-003
7  4  1  5  0  0  0  0  0  0 
3.851601e-003
7  9  3  6  5  0  0  0  0  0 
1.375996e-015
7  4  6  0  0  0  0  0  0  0 
2.358139e-003
7  9  3  6  0  0  0  0  0  0 
1.362725e-015
7   4   1  11   8   0   0   0   0   0 
2.331962e-002
7  4  6  5  2  8  0  0  0  0 
1.382037e-015
7  4  1  5  2  8  0  0  0  0 
1.380742e-015
7  9  0  0  0  0  0  0  0  0 
2.667816e-003
7  4  6  3  9  0  0  0  0  0 
4.580897e-016
7   4   6   3  10   9   0   0   0   0 
3.441192e-016
7   9  10   0   0   0   0   0   0   0 
7.057258e-003
7   9   3  10   0   0   0   0   0   0 
1.375454e-015
7   4   6   3  10   0   0   0   0   0 
6.878340e-016
7   4   1  11   0   0   0   0   0   0 
2.277379e-002
8  11   1   0   0   0   0   0   0   0 
4.788121e-003
8  2  5  1  0  0  0  0  0  0 
1.371406e-015
8  2  0  0  0  0  0  0  0  0 
2.052513e-003
8  11   1   5   2   0   0   0   0   0 
4.572631e-016
8  11   1   4   6   5   2   0   0   0 
2.751103e-016
8  2  5  6  3  0  0  0  0  0 
4.084264e-003
8  11   1   5   6   3   0   0   0   0 
1.364857e-015
8  11   1   4   6   3   0   0   0   0 
1.365352e-015
8  11   1   4   0   0   0   0   0   0 
2.500754e-003
8  2  5  1  4  0  0  0  0  0 
1.356658e-015
8  2  5  6  4  0  0  0  0  0 
1.356718e-015
8  2  5  0  0  0  0  0  0  0 
9.501312e-003
8  11   1   5   0   0   0   0   0   0 
1.375742e-015
8  2  5  6  0  0  0  0  0  0 
4.388188e-003
8  11   1   5   6   0   0   0   0   0 
1.366055e-015
8  11   1   4   6   0   0   0   0   0 
1.366587e-015
8  11   1   4   7   0   0   0   0   0 
1.762338e-002
8  2  5  1  4  7  0  0  0  0 
1.379673e-015
8  2  5  6  4  7  0  0  0  0 
1.379812e-015
8  11   1   4   7   9   0   0   0   0 
2.998205e-004
8  2  5  6  3  9  0  0  0  0 
2.732285e-004
8  11   1   5   6   3   9   0   0   0 
1.382877e-015
8   2   5   6   3  10   0   0   0   0 
6.849691e-003
8   2   5   6   3   9  10   0   0   0 
1.377569e-015
8  11   1   4   7   9  10   0   0   0 
1.376640e-015
8  11   0   0   0   0   0   0   0   0 
4.270444e-002
8   2   5   1  11   0   0   0   0   0 
4.604667e-016
9  7  4  1  0  0  0  0  0  0 
1.086065e-003
9  3  6  4  1  0  0  0  0  0 
1.311967e-015
9  3  6  5  1  0  0  0  0  0 
1.311491e-015
9  3  6  5  2  0  0  0  0  0 
1.097585e-003
9  10   3   6   5   2   0   0   0   0 
1.319509e-015
9  7  4  6  5  2  0  0  0  0 
1.324034e-015
9  3  0  0  0  0  0  0  0  0 
2.659949e-003
9  10   3   0   0   0   0   0   0   0 
1.358954e-015
9  7  4  6  3  0  0  0  0  0 
4.575250e-016
9  7  4  0  0  0  0  0  0  0 
4.389030e-004
9  3  6  4  0  0  0  0  0  0 
1.245005e-015
9  10   3   6   4   0   0   0   0   0 
6.346924e-016
9  3  6  5  0  0  0  0  0  0 
2.538175e-003
9  10   3   6   5   0   0   0   0   0 
1.356235e-015
9  7  4  6  5  0  0  0  0  0 
1.357025e-015
9  3  6  0  0  0  0  0  0  0 
2.891860e-004
9  10   3   6   0   0   0   0   0   0 
1.159576e-015
9  7  4  6  0  0  0  0  0  0 
1.139158e-015
9  7  0  0  0  0  0  0  0  0 
3.581555e-003
9  3  6  4  7  0  0  0  0  0 
4.590124e-016
9  10   3   6   4   7   0   0   0   0 
3.445665e-016
9   7   4   1  11   8   0   0   0   0 
1.071328e-003
9  3  6  5  2  8  0  0  0  0 
1.132870e-003
9  10   3   6   5   2   8   0   0   0 
1.348137e-015
9  10   0   0   0   0   0   0   0   0 
7.114230e-004
9   3  10   0   0   0   0   0   0   0 
1.322399e-015
9   7   4   1  11   0   0   0   0   0 
1.759409e-003
9   3   6   4   1  11   0   0   0   0 
1.343897e-015
9   3   6   5   1  11   0   0   0   0 
1.343795e-015
10   3   6   4   1   0   0   0   0   0 
1.048235e-003
10   9   7   4   1   0   0   0   0   0 
1.098631e-003
10   3   6   5   1   0   0   0   0   0 
1.035626e-003
10   3   6   5   2   0   0   0   0   0 
3.162395e-003
10   9   3   6   5   2   0   0   0   0 
1.368186e-015
10   3   0   0   0   0   0   0   0   0 
2.792752e-003
10   9   3   0   0   0   0   0   0   0 
1.365675e-015
10   3   6   4   0   0   0   0   0   0 
3.553402e-004
10   9   7   4   0   0   0   0   0   0 
3.402798e-004
10   3   9   7   4   0   0   0   0   0 
1.349564e-015
10   3   6   5   0   0   0   0   0   0 
3.310879e-003
10   9   3   6   5   0   0   0   0   0 
1.369052e-015
10   3   6   0   0   0   0   0   0   0 
1.799320e-003
10   9   3   6   0   0   0   0   0   0 
1.354369e-015
10   9   7   0   0   0   0   0   0   0 
8.962077e-003
10   3   9   7   0   0   0   0   0   0 
1.376528e-015
10   3   6   5   2   8   0   0   0   0 
1.116320e-002
10   9   3   6   5   2   8   0   0   0 
1.382832e-015
10   3   6   5   1  11   8   0   0   0 
1.375899e-015
10   9   0   0   0   0   0   0   0   0 
1.057368e-003
10   3   9   0   0   0   0   0   0   0 
1.335056e-015
10   3   6   4   1  11   0   0   0   0 
3.941790e-003
10   3   6   5   1  11   0   0   0   0 
4.243846e-003
10   9   7   4   1  11   0   0   0   0 
5.596404e-003
11   1   0   0   0   0   0   0   0   0 
2.914248e-002
11   8   2   5   1   0   0   0   0   0 
4.604871e-016
11   8   2   0   0   0   0   0   0   0 
3.075542e-003
11   1   5   2   0   0   0   0   0   0 
1.363956e-015
11   1   4   6   3   0   0   0   0   0 
1.310144e-003
11   1   5   6   3   0   0   0   0   0 
1.222437e-003
11   8   2   5   6   3   0   0   0   0 
1.352405e-015
11   1   4   0   0   0   0   0   0   0 
1.354054e-003
11   1   5   6   4   0   0   0   0   0 
6.813125e-016
11   1   5   0   0   0   0   0   0   0 
1.132399e-002
11   8   2   5   0   0   0   0   0   0 
1.377095e-015
11   1   4   6   5   0   0   0   0   0 
6.897301e-016
11   1   4   6   0   0   0   0   0   0 
1.944956e-003
11   1   5   6   0   0   0   0   0   0 
1.813541e-003
11   8   2   5   6   0   0   0   0   0 
1.359294e-015
11   1   4   7   0   0   0   0   0   0 
1.956693e-002
11   8   0   0   0   0   0   0   0   0 
2.513771e-002
11   1   5   2   8   0   0   0   0   0 
4.603964e-016
11   1   4   7   9   0   0   0   0   0 
5.742170e-004
11   1   4   6   3   9   0   0   0   0 
1.229106e-015
11   1   5   6   3   9   0   0   0   0 
1.235660e-015
11   1   4   7   9  10   0   0   0   0 
8.778760e-004
11   1   5   6   3  10   0   0   0   0 
6.991267e-004
11   1   4   6   3  10   0   0   0   0 
7.416234e-004
