2  5  1 
0.006497
3  6  4  1 
0.001361
3  6  5  1 
0.001361
4  1 
0.002349
5  1 
0.008322
6  4  1 
0.000734
6  5  1 
0.000734
7  4  1 
0.006380
8  11   1 
0.005213
9  7  4  1 
0.002082
10   3   6   4   1 
0.001262
10   3   6   5   1 
0.001262
10   9   7   4   1 
0.001262
11   1 
0.026681
1  5  2 
0.004684
3  6  5  2 
0.005798
4  1  5  2 
0.000880
4  6  5  2 
0.000880
5  2 
0.010661
6  5  2 
0.003593
7  4  1  5  2 
0.002973
7  4  6  5  2 
0.002973
8  2 
0.002254
9  3  6  5  2 
0.001102
10   3   6   5   2 
0.002535
11   8   2 
0.007152
1  4  6  3 
0.001284
1  5  6  3 
0.001284
2  5  6  3 
0.019987
4  6  3 
0.002004
5  6  3 
0.002965
6  3 
0.004575
7  9  3 
0.008104
8  2  5  6  3 
0.001656
9  3 
0.005812
10   3 
0.005696
11   1   4   6   3 
0.002432
11   1   5   6   3 
0.002432
1  4 
0.001729
2  5  1  4 
0.004625
2  5  6  4 
0.004625
3  6  4 
0.001314
5  1  4 
0.001814
5  6  4 
0.001814
6  4 
0.001276
7  4 
0.038815
8  11   1   4 
0.001989
9  7  4 
0.001221
10   3   6   4 
0.001260
10   9   7   4 
0.001260
11   1   4 
0.001901
1  5 
0.002925
2  5 
0.034951
3  6  5 
0.003722
4  1  5 
0.001395
4  6  5 
0.001395
6  5 
0.004559
7  4  1  5 
0.003146
7  4  6  5 
0.003146
8  2  5 
0.006884
9  3  6  5 
0.002690
10   3   6   5 
0.003548
11   1   5 
0.011760
1  4  6 
0.000676
1  5  6 
0.000676
2  5  6 
0.014543
3  6 
0.003398
4  6 
0.001404
5  6 
0.004067
7  4  6 
0.003513
8  2  5  6 
0.004159
9  3  6 
0.000318
10   3   6 
0.002297
11   1   4   6 
0.002151
11   1   5   6 
0.002151
1  4  7 
0.003930
2  5  1  4  7 
0.022780
2  5  6  4  7 
0.022780
3  9  7 
0.003165
4  7 
0.003321
5  1  4  7 
0.008111
5  6  4  7 
0.008111
6  4  7 
0.004491
8  11   1   4   7 
0.019704
9  7 
0.001913
10   9   7 
0.011165
11   1   4   7 
0.021896
1  11   8 
0.011658
2  8 
0.025550
3  6  5  2  8 
0.008875
4   1  11   8 
0.013606
5  2  8 
0.018474
6  5  2  8 
0.008814
7   4   1  11   8 
0.028305
9  3  6  5  2  8 
0.001350
9   7   4   1  11   8 
0.001350
10   3   6   5   2   8 
0.009780
11   8 
0.025425
1  4  7  9 
0.000256
2  5  6  3  9 
0.002276
3  9 
0.002813
4  7  9 
0.000624
5  6  3  9 
0.004648
6  3  9 
0.000173
7  9 
0.004380
8  2  5  6  3  9 
0.000421
8  11   1   4   7   9 
0.000421
10   9 
0.002071
11   1   4   7   9 
0.001158
1   4   6   3  10 
0.001536
1   4   7   9  10 
0.001536
1   5   6   3  10 
0.002692
2   5   6   3  10 
0.023950
3  10 
0.002287
4   6   3  10 
0.000343
4   7   9  10 
0.000343
5   6   3  10 
0.002286
6   3  10 
0.001279
7   9  10 
0.007560
8   2   5   6   3  10 
0.006048
9  10 
0.001309
11   1   4   6   3  10 
0.001148
11   1   4   7   9  10 
0.001148
11   1   5   6   3  10 
0.001630
1  11 
0.043781
2   8  11 
0.034153
3   6   4   1  11 
0.007419
3   6   5   1  11 
0.007419
4   1  11 
0.006611
5   1  11 
0.016952
6   4   1  11 
0.003674
6   5   1  11 
0.003674
7   4   1  11 
0.027531
8  11 
0.047245
9   7   4   1  11 
0.001479
10   3   6   4   1  11 
0.004521
10   3   6   5   1  11 
0.004521
10   9   7   4   1  11 
0.004521
