138 86 20 4 0
138 86 20 4 0
138 86 20 4 0
138 86 20 4 0
138 86 20 4 0
138 86 20 4 0
138 86 20 4 0
138 86 20 4 0
138 86 20 4 0
138 86 20 4 0
138 86 20 4 0
138 86 20 4 0
138 86 20 4 0
138 86 20 4 0
138 86 20 4 0
138 86 20 4 0
138 86 20 4 0
138 86 20 4 0
138 86 20 4 0
138 86 20 4 0
138 86 20 4 0
138 86 20 4 0
138 86 20 4 0
138 86 20 4 0
138 86 20 4 0
138 86 20 4 0
138 86 20 4 0
138 86 20 4 0
138 86 20 4 0
138 86 20 4 0
138 86 20 4 0
138 86 20 4 0
138 86 20 4 0
138 86 20 4 0
138 86 20 4 0
138 86 20 4 0
138 86 20 4 0
138 86 20 4 0
138 86 20 4 0
138 86 20 4 0
138 86 20 4 0
138 86 20 4 0
138 86 20 4 0
138 86 20 4 0
138 86 20 4 0
138 86 20 4 0
138 86 20 4 0
138 86 20 4 0
138 86 20 4 0
138 86 20 4 0
138 86 20 4 0
138 86 20 4 0
138 86 20 4 0
138 86 20 4 0
138 86 20 4 0
138 86 20 4 0
138 86 20 4 0
138 86 20 4 0
138 86 20 4 0
138 86 20 4 0
138 86 20 4 0
138 86 20 4 0
138 86 20 4 0
138 86 20 4 0
138 86 20 4 0
138 86 20 4 0
138 86 20 4 0
138 86 20 4 0
138 86 20 4 0
138 86 20 4 0
138 86 20 4 0
138 86 20 4 0
